5 1.000000 5
9 -1.000000 4
13 1.000000 4
17 -1.000000 4
22 -1.000000 5
26 -1.000000 4
31 -1.000000 5
36 1.000000 5
40 1.000000 4
45 -1.000000 5
49 -1.000000 4
53 1.000000 4
58 -1.000000 5
62 -1.000000 4
66 -1.000000 4
70 1.000000 4
74 1.000000 4
79 -1.000000 5
83 1.000000 4
87 -1.000000 4
92 -1.000000 5
97 1.000000 5
102 1.000000 5
107 1.000000 5
112 1.000000 5
117 -1.000000 5
122 -1.000000 5
126 1.000000 4
130 1.000000 4
134 1.000000 4
138 -1.000000 4
142 1.000000 4
146 1.000000 4
150 1.000000 4
155 1.000000 5
159 -1.000000 4
164 -1.000000 5
168 -1.000000 4
172 -1.000000 4
177 1.000000 5
182 -1.000000 5
187 -1.000000 5
191 1.000000 4
196 -1.000000 5
200 -1.000000 4
204 -1.000000 4
208 1.000000 4
212 1.000000 4
216 -1.000000 4
221 -1.000000 5
225 1.000000 4
230 -1.000000 5
234 1.000000 4
239 -1.000000 5
244 -1.000000 5
249 -1.000000 5
253 1.000000 4
258 1.000000 5
262 1.000000 4
266 1.000000 4
270 1.000000 4
275 1.000000 5
279 -1.000000 4
283 1.000000 4
287 1.000000 4
291 1.000000 4
295 -1.000000 4
300 -1.000000 5
304 -1.000000 4
308 1.000000 4
312 1.000000 4
316 -1.000000 4
320 1.000000 4
324 1.000000 4
329 -1.000000 5
333 -1.000000 4
337 1.000000 4
342 1.000000 5
347 1.000000 5
352 -1.000000 5
356 1.000000 4
361 1.000000 5
366 1.000000 5
370 1.000000 4
375 -1.000000 5
379 1.000000 4
383 1.000000 4
388 -1.000000 5
393 1.000000 5
397 -1.000000 4
401 -1.000000 4
406 -1.000000 5
410 1.000000 4
414 1.000000 4
418 -1.000000 4
423 -1.000000 5
428 -1.000000 5
432 1.000000 4
437 -1.000000 5
441 1.000000 4
446 -1.000000 5
451 -1.000000 5
456 -1.000000 5
461 -1.000000 5
466 1.000000 5
470 1.000000 4
475 1.000000 5
480 1.000000 5
485 -1.000000 5
490 -1.000000 5
495 1.000000 5
499 1.000000 4
504 1.000000 5
