4 1.000000 4
9 0.000000 5
14 0.000000 5
17 1.000000 3
20 1.000000 3
25 -1.000000 5
28 1.000000 3
33 1.000000 5
38 0.000000 5
42 1.000000 4
47 -1.000000 5
52 -1.000000 5
57 0.000000 5
62 -1.000000 5
67 1.000000 5
70 1.000000 3
75 1.000000 5
80 -1.000000 5
85 0.000000 5
90 -1.000000 5
95 0.000000 5
100 1.000000 5
105 0.000000 5
108 1.000000 3
112 1.000000 4
117 1.000000 5
122 0.000000 5
126 1.000000 4
131 1.000000 5
136 1.000000 5
140 1.000000 4
145 1.000000 5
148 1.000000 3
153 1.000000 5
156 1.000000 3
160 1.000000 4
165 0.000000 5
170 1.000000 5
175 0.000000 5
179 -1.000000 4
184 1.000000 5
188 1.000000 4
192 1.000000 4
196 1.000000 4
200 1.000000 4
205 -1.000000 5
209 -1.000000 4
214 0.000000 5
219 -1.000000 5
224 1.000000 5
227 1.000000 3
230 1.000000 3
235 -1.000000 5
240 1.000000 5
244 -1.000000 4
249 -1.000000 5
253 1.000000 4
257 1.000000 4
260 1.000000 3
264 1.000000 4
268 -1.000000 4
272 1.000000 4
276 1.000000 4
281 1.000000 5
285 -1.000000 4
290 1.000000 5
295 -1.000000 5
299 -1.000000 4
304 -1.000000 5
308 -1.000000 4
313 -1.000000 5
317 1.000000 4
320 1.000000 3
325 0.000000 5
330 0.000000 5
335 1.000000 5
339 -1.000000 4
343 1.000000 4
348 1.000000 5
353 -1.000000 5
358 -1.000000 5
363 1.000000 5
368 -1.000000 5
372 1.000000 4
375 1.000000 3
378 1.000000 3
383 1.000000 5
386 1.000000 3
390 -1.000000 4
395 1.000000 5
400 -1.000000 5
405 1.000000 5
410 -1.000000 5
414 1.000000 4
419 -1.000000 5
423 1.000000 4
428 1.000000 5
432 -1.000000 4
437 1.000000 5
441 1.000000 4
445 1.000000 4
449 1.000000 4
454 1.000000 5
459 -1.000000 5
463 1.000000 4
468 -1.000000 5
472 1.000000 4
476 1.000000 4
480 -1.000000 4
485 1.000000 5
489 1.000000 4
494 0.000000 5
498 -1.000000 4
502 -1.000000 4
506 -1.000000 4
511 -1.000000 5
515 -1.000000 4
520 -1.000000 5
525 0.000000 5
530 -1.000000 5
534 -1.000000 4
539 1.000000 5
543 1.000000 4
546 1.000000 3
550 1.000000 4
555 -1.000000 5
559 1.000000 4
562 1.000000 3
567 1.000000 5
572 -1.000000 5
577 -1.000000 5
582 -1.000000 5
587 1.000000 5
592 1.000000 5
596 1.000000 4
600 1.000000 4
605 -1.000000 5
610 1.000000 5
614 1.000000 4
619 -1.000000 5
624 -1.000000 5
628 -1.000000 4
633 -1.000000 5
638 0.000000 5
643 0.000000 5
647 1.000000 4
652 -1.000000 5
655 1.000000 3
659 1.000000 4
663 1.000000 4
668 -1.000000 5
673 1.000000 5
677 1.000000 4
682 1.000000 5
687 1.000000 5
690 1.000000 3
694 1.000000 4
699 1.000000 5
704 1.000000 5
708 -1.000000 4
713 1.000000 5
718 1.000000 5
722 1.000000 4
727 -1.000000 5
732 0.000000 5
736 -1.000000 4
741 1.000000 5
746 -1.000000 5
751 -1.000000 5
754 1.000000 3
759 -1.000000 5
764 1.000000 5
767 1.000000 3
772 -1.000000 5
777 1.000000 5
782 1.000000 5
787 1.000000 5
792 0.000000 5
797 -1.000000 5
801 1.000000 4
806 -1.000000 5
810 -1.000000 4
815 -1.000000 5
819 1.000000 4
824 -1.000000 5
829 -1.000000 5
834 -1.000000 5
837 1.000000 3
841 1.000000 4
846 -1.000000 5
849 1.000000 3
854 -1.000000 5
859 -1.000000 5
864 0.000000 5
869 1.000000 5
874 -1.000000 5
879 -1.000000 5
882 1.000000 3
887 -1.000000 5
892 1.000000 5
896 -1.000000 4
901 0.000000 5
905 -1.000000 4
910 0.000000 5
915 1.000000 5
919 1.000000 4
924 0.000000 5
929 -1.000000 5
933 1.000000 4
936 1.000000 3
940 1.000000 4
945 -1.000000 5
950 1.000000 5
955 1.000000 5
958 1.000000 3
963 1.000000 5
968 0.000000 5
972 1.000000 4
977 -1.000000 5
981 1.000000 4
985 1.000000 4
990 1.000000 5
995 -1.000000 5
1000 0.000000 5
1005 1.000000 5
1010 0.000000 5
1015 -1.000000 5
1019 1.000000 4
1022 1.000000 3
1027 1.000000 5
1032 1.000000 5
1036 1.000000 4
1041 0.000000 5
1045 -1.000000 4
1050 -1.000000 5
1054 -1.000000 4
1059 -1.000000 5
1063 -1.000000 4
1067 -1.000000 4
1071 -1.000000 4
1076 -1.000000 5
1081 0.000000 5
1085 1.000000 4
1090 1.000000 5
1095 -1.000000 5
1099 1.000000 4
1104 -1.000000 5
1109 -1.000000 5
1113 1.000000 4
1118 -1.000000 5
1123 0.000000 5
1127 -1.000000 4
1132 1.000000 5
1137 1.000000 5
1142 -1.000000 5
1147 -1.000000 5
1151 -1.000000 4
1156 0.000000 5
1161 1.000000 5
1165 1.000000 4
1170 1.000000 5
1174 1.000000 4
1178 1.000000 4
1182 1.000000 4
1187 -1.000000 5
1190 1.000000 3
1194 -1.000000 4
1199 -1.000000 5
1202 1.000000 3
1207 0.000000 5
1212 0.000000 5
1216 1.000000 4
1221 0.000000 5
1225 1.000000 4
1230 0.000000 5
1234 1.000000 4
1239 -1.000000 5
1244 1.000000 5
1249 -1.000000 5
1253 1.000000 4
1258 0.000000 5
1263 1.000000 5
1267 -1.000000 4
1271 1.000000 4
1275 1.000000 4
1280 -1.000000 5
1284 1.000000 4
1289 1.000000 5
1294 1.000000 5
1297 1.000000 3
1300 1.000000 3
1304 1.000000 4
1309 -1.000000 5
1313 1.000000 4
1318 1.000000 5
1321 1.000000 3
1325 1.000000 4
1330 -1.000000 5
1334 -1.000000 4
1339 1.000000 5
1344 0.000000 5
1348 -1.000000 4
1353 1.000000 5
1358 -1.000000 5
1363 -1.000000 5
1368 1.000000 5
1373 1.000000 5
1378 -1.000000 5
1382 1.000000 4
1385 1.000000 3
1389 1.000000 4
1394 0.000000 5
1399 1.000000 5
1404 1.000000 5
1409 1.000000 5
1414 0.000000 5
1418 1.000000 4
1422 1.000000 4
1426 1.000000 4
1431 -1.000000 5
1435 -1.000000 4
1440 1.000000 5
1443 1.000000 3
1448 1.000000 5
1452 -1.000000 4
1457 1.000000 5
1462 -1.000000 5
1467 -1.000000 5
1470 1.000000 3
1474 1.000000 4
1479 -1.000000 5
1484 0.000000 5
1489 0.000000 5
1494 0.000000 5
1497 1.000000 3
1502 -1.000000 5
1506 1.000000 4
1511 -1.000000 5
1516 1.000000 5
1521 1.000000 5
1526 1.000000 5
1530 1.000000 4
1535 1.000000 5
1540 -1.000000 5
1545 -1.000000 5
1550 1.000000 5
1554 1.000000 4
1559 -1.000000 5
1564 -1.000000 5
1568 1.000000 4
1573 0.000000 5
1578 1.000000 5
1582 -1.000000 4
1587 -1.000000 5
1592 0.000000 5
1596 -1.000000 4
1600 -1.000000 4
1605 -1.000000 5
1609 -1.000000 4
1613 1.000000 4
1618 -1.000000 5
1623 -1.000000 5
1627 -1.000000 4
1632 -1.000000 5
1636 1.000000 4
1639 1.000000 3
1644 1.000000 5
1649 1.000000 5
1654 1.000000 5
1659 -1.000000 5
1663 1.000000 4
1668 -1.000000 5
1673 -1.000000 5
1678 1.000000 5
1683 1.000000 5
1686 1.000000 3
1690 1.000000 4
1695 -1.000000 5
1699 1.000000 4
1703 1.000000 4
1708 0.000000 5
1712 -1.000000 4
1717 -1.000000 5
1722 0.000000 5
1727 -1.000000 5
1732 1.000000 5
1736 1.000000 4
1741 0.000000 5
1746 -1.000000 5
1751 -1.000000 5
1756 0.000000 5
1760 1.000000 4
1764 -1.000000 4
1769 -1.000000 5
1773 1.000000 4
1778 0.000000 5
1782 1.000000 4
1787 1.000000 5
1792 1.000000 5
1797 0.000000 5
1801 1.000000 4
1806 -1.000000 5
1811 -1.000000 5
1816 -1.000000 5
1820 1.000000 4
1823 1.000000 3
1827 -1.000000 4
1830 1.000000 3
1835 -1.000000 5
1840 1.000000 5
1845 0.000000 5
1850 -1.000000 5
1854 1.000000 4
1857 1.000000 3
1862 1.000000 5
1867 -1.000000 5
1871 1.000000 4
1876 1.000000 5
1881 1.000000 5
1885 1.000000 4
1889 1.000000 4
1894 1.000000 5
1899 -1.000000 5
1904 -1.000000 5
1909 -1.000000 5
1914 -1.000000 5
1918 -1.000000 4
1923 -1.000000 5
1928 -1.000000 5
1933 1.000000 5
1937 1.000000 4
1940 1.000000 3
1945 -1.000000 5
1950 -1.000000 5
1954 1.000000 4
1957 1.000000 3
1961 -1.000000 4
1966 0.000000 5
1971 1.000000 5
1976 1.000000 5
1980 1.000000 4
1984 1.000000 4
1988 1.000000 4
1992 1.000000 4
1997 0.000000 5
2001 1.000000 4
2006 0.000000 5
2011 1.000000 5
2016 0.000000 5
2020 1.000000 4
2025 1.000000 5
2029 -1.000000 4
2032 1.000000 3
2036 -1.000000 4
2041 0.000000 5
2045 1.000000 4
2050 1.000000 5
2055 -1.000000 5
2059 1.000000 4
2064 0.000000 5
2069 -1.000000 5
2073 1.000000 4
2076 1.000000 3
2081 1.000000 5
2086 1.000000 5
2090 1.000000 4
2095 0.000000 5
2100 -1.000000 5
2105 -1.000000 5
2110 1.000000 5
2115 0.000000 5
2119 -1.000000 4
2123 1.000000 4
2127 -1.000000 4
2131 -1.000000 4
2136 0.000000 5
2141 -1.000000 5
2146 1.000000 5
2151 1.000000 5
2155 -1.000000 4
2158 1.000000 3
2163 0.000000 5
2167 1.000000 4
2171 1.000000 4
2176 -1.000000 5
2181 1.000000 5
2186 -1.000000 5
2190 1.000000 4
2194 1.000000 4
2198 1.000000 4
2203 1.000000 5
2208 -1.000000 5
2213 0.000000 5
2218 0.000000 5
2223 1.000000 5
2228 0.000000 5
2232 1.000000 4
2237 1.000000 5
2241 1.000000 4
2245 1.000000 4
2249 1.000000 4
2254 -1.000000 5
2259 -1.000000 5
2264 1.000000 5
2269 0.000000 5
2273 1.000000 4
2277 1.000000 4
2281 1.000000 4
2286 -1.000000 5
2291 1.000000 5
2295 1.000000 4
2300 -1.000000 5
2305 0.000000 5
2310 1.000000 5
2313 1.000000 3
2317 -1.000000 4
2322 0.000000 5
2326 -1.000000 4
2329 1.000000 3
2334 1.000000 5
2339 1.000000 5
2344 1.000000 5
2348 1.000000 4
2351 1.000000 3
2355 1.000000 4
2359 -1.000000 4
2363 -1.000000 4
2368 1.000000 5
2372 1.000000 4
2377 0.000000 5
2382 0.000000 5
2387 0.000000 5
2392 0.000000 5
2396 1.000000 4
2400 1.000000 4
2405 -1.000000 5
2410 1.000000 5
2414 1.000000 4
2419 -1.000000 5
2424 -1.000000 5
2428 -1.000000 4
2432 1.000000 4
2437 0.000000 5
2442 -1.000000 5
2447 1.000000 5
2452 1.000000 5
2457 0.000000 5
2462 -1.000000 5
2466 1.000000 4
2471 -1.000000 5
2476 -1.000000 5
2480 1.000000 4
2485 1.000000 5
2490 1.000000 5
2494 1.000000 4
2499 -1.000000 5
2503 1.000000 4
2508 1.000000 5
2513 1.000000 5
2518 -1.000000 5
2523 -1.000000 5
2528 1.000000 5
2533 -1.000000 5
2538 1.000000 5
2543 -1.000000 5
2548 0.000000 5
2552 1.000000 4
2557 0.000000 5
2562 0.000000 5
2567 -1.000000 5
2572 1.000000 5
2577 0.000000 5
2580 1.000000 3
2585 1.000000 5
2590 0.000000 5
2594 1.000000 4
2599 1.000000 5
2603 -1.000000 4
2607 1.000000 4
2612 1.000000 5
2616 1.000000 4
2620 1.000000 4
2625 0.000000 5
2630 1.000000 5
2634 -1.000000 4
2638 1.000000 4
2642 -1.000000 4
2646 -1.000000 4
2650 -1.000000 4
2655 -1.000000 5
2660 1.000000 5
2664 -1.000000 4
2669 1.000000 5
2674 -1.000000 5
2679 1.000000 5
2683 1.000000 4
2688 0.000000 5
2693 0.000000 5
2698 -1.000000 5
2702 1.000000 4
2705 1.000000 3
2709 1.000000 4
2713 1.000000 4
2717 -1.000000 4
2722 1.000000 5
2726 -1.000000 4
2731 0.000000 5
2736 1.000000 5
2741 -1.000000 5
2746 0.000000 5
2750 1.000000 4
2754 1.000000 4
2758 1.000000 4
2763 1.000000 5
2768 0.000000 5
2773 1.000000 5
2777 1.000000 4
2782 1.000000 5
2787 1.000000 5
2791 1.000000 4
2796 -1.000000 5
2800 1.000000 4
2804 1.000000 4
2809 -1.000000 5
2814 1.000000 5
2819 1.000000 5
2823 1.000000 4
2828 -1.000000 5
2831 1.000000 3
2835 1.000000 4
2839 1.000000 4
2843 1.000000 4
2847 1.000000 4
2851 1.000000 4
2855 1.000000 4
2860 1.000000 5
2865 0.000000 5
2869 1.000000 4
2874 0.000000 5
2879 0.000000 5
2883 -1.000000 4
2888 1.000000 5
2893 0.000000 5
2898 1.000000 5
2903 0.000000 5
2908 -1.000000 5
2912 1.000000 4
2916 1.000000 4
2920 1.000000 4
2924 1.000000 4
2929 0.000000 5
2934 -1.000000 5
2939 1.000000 5
2942 1.000000 3
2946 1.000000 4
2951 -1.000000 5
2954 1.000000 3
2959 0.000000 5
2963 1.000000 4
2968 1.000000 5
2972 -1.000000 4
2977 -1.000000 5
2980 1.000000 3
2984 -1.000000 4
2989 1.000000 5
2994 0.000000 5
2998 -1.000000 4
3003 -1.000000 5
3007 -1.000000 4
3012 1.000000 5
3016 1.000000 4
3021 0.000000 5
3025 1.000000 4
3030 -1.000000 5
3035 0.000000 5
3040 1.000000 5
3045 -1.000000 5
3049 -1.000000 4
3053 -1.000000 4
3058 1.000000 5
3063 1.000000 5
3068 -1.000000 5
3072 -1.000000 4
3077 -1.000000 5
3082 1.000000 5
3086 1.000000 4
3090 -1.000000 4
3095 1.000000 5
3098 1.000000 3
3102 1.000000 4
3105 1.000000 3
3110 -1.000000 5
3114 -1.000000 4
3119 1.000000 5
3122 1.000000 3
3125 1.000000 3
3130 -1.000000 5
3134 -1.000000 4
3137 1.000000 3
3141 1.000000 4
3146 1.000000 5
3151 1.000000 5
3154 1.000000 3
3159 0.000000 5
3162 1.000000 3
3167 -1.000000 5
3172 -1.000000 5
3176 -1.000000 4
3180 -1.000000 4
3184 -1.000000 4
3189 -1.000000 5
3194 1.000000 5
3199 -1.000000 5
3203 1.000000 4
3207 1.000000 4
3210 1.000000 3
3214 1.000000 4
3217 1.000000 3
3221 -1.000000 4
3226 -1.000000 5
3230 1.000000 4
3233 1.000000 3
3238 1.000000 5
3242 1.000000 4
3247 -1.000000 5
3251 1.000000 4
3256 1.000000 5
3260 -1.000000 4
3265 -1.000000 5
3270 0.000000 5
3274 1.000000 4
3277 1.000000 3
3281 1.000000 4
3285 -1.000000 4
3289 -1.000000 4
3294 0.000000 5
3299 0.000000 5
3304 1.000000 5
3309 1.000000 5
3314 1.000000 5
3319 -1.000000 5
3324 -1.000000 5
3329 1.000000 5
3334 -1.000000 5
3338 1.000000 4
3343 -1.000000 5
3347 1.000000 4
3351 1.000000 4
3355 1.000000 4
3360 1.000000 5
3365 1.000000 5
3370 -1.000000 5
3375 1.000000 5
3379 1.000000 4
3383 1.000000 4
3387 1.000000 4
3391 1.000000 4
3396 0.000000 5
3400 1.000000 4
3405 1.000000 5
3410 1.000000 5
3415 -1.000000 5
3420 -1.000000 5
3425 0.000000 5
3429 1.000000 4
3434 0.000000 5
3439 1.000000 5
3443 1.000000 4
3448 0.000000 5
3452 1.000000 4
3457 0.000000 5
3461 -1.000000 4
3465 1.000000 4
3469 1.000000 4
3474 -1.000000 5
3478 1.000000 4
3482 1.000000 4
3486 -1.000000 4
3491 -1.000000 5
3496 1.000000 5
3500 1.000000 4
3505 -1.000000 5
3509 -1.000000 4
3513 -1.000000 4
3516 1.000000 3
3520 1.000000 4
3525 -1.000000 5
3529 1.000000 4
3534 -1.000000 5
3539 1.000000 5
3544 1.000000 5
3549 0.000000 5
3554 0.000000 5
3559 -1.000000 5
3563 1.000000 4
3567 1.000000 4
3570 1.000000 3
3575 -1.000000 5
3579 1.000000 4
3583 1.000000 4
3586 1.000000 3
3591 1.000000 5
3595 1.000000 4
3600 1.000000 5
3604 1.000000 4
3607 1.000000 3
3611 1.000000 4
3615 -1.000000 4
3620 1.000000 5
3624 1.000000 4
3628 1.000000 4
3633 -1.000000 5
3636 1.000000 3
3639 1.000000 3
3644 1.000000 5
3649 -1.000000 5
3654 1.000000 5
3658 1.000000 4
3663 1.000000 5
3668 1.000000 5
3671 1.000000 3
3676 0.000000 5
3680 -1.000000 4
3684 1.000000 4
3689 0.000000 5
3692 1.000000 3
3697 1.000000 5
3701 1.000000 4
3706 -1.000000 5
3710 -1.000000 4
3714 -1.000000 4
3719 0.000000 5
3724 1.000000 5
3729 -1.000000 5
3734 -1.000000 5
3739 1.000000 5
3744 0.000000 5
3749 -1.000000 5
3754 1.000000 5
3758 1.000000 4
3763 1.000000 5
3768 1.000000 5
3773 1.000000 5
3778 0.000000 5
3782 1.000000 4
3786 -1.000000 4
3791 1.000000 5
3795 -1.000000 4
3799 1.000000 4
3804 -1.000000 5
3808 -1.000000 4
3813 0.000000 5
3816 1.000000 3
3821 1.000000 5
3825 1.000000 4
3829 1.000000 4
3834 -1.000000 5
3838 1.000000 4
3843 0.000000 5
3847 1.000000 4
3851 1.000000 4
3856 0.000000 5
3861 1.000000 5
3866 0.000000 5
3871 1.000000 5
3875 1.000000 4
3879 -1.000000 4
3884 -1.000000 5
3889 -1.000000 5
3893 -1.000000 4
3898 -1.000000 5
3902 1.000000 4
3907 1.000000 5
3911 1.000000 4
3916 -1.000000 5
3921 1.000000 5
3926 1.000000 5
3931 -1.000000 5
3936 1.000000 5
3941 1.000000 5
3945 1.000000 4
3950 -1.000000 5
3955 1.000000 5
3958 1.000000 3
3963 0.000000 5
3968 -1.000000 5
3972 -1.000000 4
3977 1.000000 5
3982 1.000000 5
3987 1.000000 5
3991 1.000000 4
3996 1.000000 5
4001 1.000000 5
4005 1.000000 4
4009 -1.000000 4
4014 -1.000000 5
4019 0.000000 5
4024 0.000000 5
4028 1.000000 4
4033 1.000000 5
4038 1.000000 5
4042 1.000000 4
4047 0.000000 5
4052 -1.000000 5
4057 0.000000 5
4062 1.000000 5
4065 1.000000 3
4069 1.000000 4
4073 1.000000 4
4078 1.000000 5
4082 1.000000 4
4086 1.000000 4
4091 1.000000 5
4095 1.000000 4
4099 1.000000 4
4103 1.000000 4
4108 0.000000 5
4113 -1.000000 5
4118 0.000000 5
4123 -1.000000 5
4128 1.000000 5
4133 0.000000 5
4137 1.000000 4
4142 1.000000 5
4145 1.000000 3
4149 -1.000000 4
4154 1.000000 5
4158 1.000000 4
4162 1.000000 4
4167 -1.000000 5
4172 1.000000 5
4177 -1.000000 5
4182 -1.000000 5
4187 1.000000 5
4192 0.000000 5
4197 1.000000 5
4202 0.000000 5
4207 1.000000 5
4211 1.000000 4
4216 -1.000000 5
4221 -1.000000 5
4226 0.000000 5
4231 -1.000000 5
4236 1.000000 5
4240 -1.000000 4
4244 -1.000000 4
4249 -1.000000 5
4254 1.000000 5
4259 1.000000 5
4263 -1.000000 4
4268 1.000000 5
4273 -1.000000 5
4277 -1.000000 4
4282 -1.000000 5
4286 1.000000 4
4290 1.000000 4
4295 1.000000 5
4298 1.000000 3
4303 0.000000 5
4308 -1.000000 5
4313 -1.000000 5
4318 0.000000 5
4322 1.000000 4
4326 -1.000000 4
4331 1.000000 5
4336 -1.000000 5
4341 -1.000000 5
4346 1.000000 5
4350 -1.000000 4
4355 0.000000 5
4359 1.000000 4
4364 -1.000000 5
4369 0.000000 5
4374 0.000000 5
4379 -1.000000 5
4384 -1.000000 5
4389 -1.000000 5
4392 1.000000 3
4397 -1.000000 5
4402 1.000000 5
4407 0.000000 5
4411 1.000000 4
4416 1.000000 5
4419 1.000000 3
4423 -1.000000 4
4428 -1.000000 5
4433 1.000000 5
4438 -1.000000 5
4443 1.000000 5
4447 -1.000000 4
4452 0.000000 5
4456 1.000000 4
4460 1.000000 4
4464 -1.000000 4
4469 -1.000000 5
4474 1.000000 5
4477 1.000000 3
4482 -1.000000 5
4486 -1.000000 4
4491 -1.000000 5
4495 1.000000 4
4498 1.000000 3
4503 1.000000 5
4506 1.000000 3
4511 -1.000000 5
4516 -1.000000 5
4520 1.000000 4
4524 -1.000000 4
4529 -1.000000 5
4534 1.000000 5
4538 1.000000 4
4542 1.000000 4
4546 -1.000000 4
4551 1.000000 5
4554 1.000000 3
4558 1.000000 4
4563 1.000000 5
4567 1.000000 4
4572 0.000000 5
4577 0.000000 5
4581 1.000000 4
4586 1.000000 5
4591 1.000000 5
4595 1.000000 4
4599 1.000000 4
4603 -1.000000 4
4608 0.000000 5
4612 1.000000 4
4616 1.000000 4
4621 -1.000000 5
4626 1.000000 5
4631 0.000000 5
4636 1.000000 5
4641 1.000000 5
4646 1.000000 5
4651 1.000000 5
4655 1.000000 4
4659 1.000000 4
4663 -1.000000 4
4667 1.000000 4
4671 1.000000 4
4675 -1.000000 4
4678 1.000000 3
4683 -1.000000 5
4686 1.000000 3
4690 1.000000 4
4695 -1.000000 5
4700 0.000000 5
4704 1.000000 4
4707 1.000000 3
4712 1.000000 5
4717 1.000000 5
4722 1.000000 5
4727 1.000000 5
4730 1.000000 3
4734 1.000000 4
4738 -1.000000 4
4743 0.000000 5
4746 1.000000 3
4751 1.000000 5
4756 1.000000 5
4760 1.000000 4
4765 -1.000000 5
4770 1.000000 5
4774 -1.000000 4
4779 -1.000000 5
4784 1.000000 5
4789 1.000000 5
4793 -1.000000 4
4798 0.000000 5
4803 1.000000 5
4807 -1.000000 4
4810 1.000000 3
4814 -1.000000 4
4818 -1.000000 4
4822 1.000000 4
4827 -1.000000 5
4832 0.000000 5
4836 1.000000 4
4840 1.000000 4
4844 1.000000 4
4849 1.000000 5
4854 -1.000000 5
4859 1.000000 5
4864 -1.000000 5
4869 0.000000 5
4872 1.000000 3
4876 -1.000000 4
4881 1.000000 5
4886 -1.000000 5
4891 0.000000 5
4896 1.000000 5
4901 1.000000 5
4904 1.000000 3
4909 0.000000 5
4912 1.000000 3
4917 1.000000 5
4922 -1.000000 5
4927 0.000000 5
4931 1.000000 4
4936 1.000000 5
4940 -1.000000 4
4945 1.000000 5
4950 -1.000000 5
4955 1.000000 5
4960 1.000000 5
4964 1.000000 4
4969 0.000000 5
4974 1.000000 5
4978 1.000000 4
4983 1.000000 5
4988 1.000000 5
4993 0.000000 5
4998 1.000000 5
5003 -1.000000 5
5007 1.000000 4
5011 1.000000 4
5014 1.000000 3
5018 1.000000 4
5023 0.000000 5
5028 1.000000 5
5033 1.000000 5
5038 -1.000000 5
5042 1.000000 4
5047 0.000000 5
5052 -1.000000 5
5056 1.000000 4
5061 1.000000 5
5064 1.000000 3
5068 -1.000000 4
5073 0.000000 5
5077 -1.000000 4
5081 1.000000 4
5086 -1.000000 5
5090 -1.000000 4
5093 1.000000 3
5098 1.000000 5
5103 -1.000000 5
5108 -1.000000 5
5111 1.000000 3
5115 1.000000 4
5119 1.000000 4
5124 1.000000 5
5129 -1.000000 5
5134 -1.000000 5
5138 1.000000 4
5142 1.000000 4
5147 1.000000 5
5151 1.000000 4
5154 1.000000 3
5159 -1.000000 5
5164 1.000000 5
5169 -1.000000 5
5174 1.000000 5
5179 -1.000000 5
5184 -1.000000 5
5189 -1.000000 5
5194 1.000000 5
5199 -1.000000 5
5202 1.000000 3
5207 1.000000 5
5211 -1.000000 4
5214 1.000000 3
5217 1.000000 3
5221 1.000000 4
5226 1.000000 5
5230 1.000000 4
5234 1.000000 4
5239 -1.000000 5
5243 1.000000 4
5247 -1.000000 4
5252 0.000000 5
5257 1.000000 5
5262 1.000000 5
5267 1.000000 5
5272 0.000000 5
5277 1.000000 5
5282 -1.000000 5
5287 0.000000 5
5292 -1.000000 5
5296 1.000000 4
5299 1.000000 3
5302 1.000000 3
5307 -1.000000 5
5312 0.000000 5
5316 -1.000000 4
5321 -1.000000 5
5325 -1.000000 4
5329 -1.000000 4
5334 0.000000 5
5339 1.000000 5
5343 -1.000000 4
5347 1.000000 4
5351 1.000000 4
5356 1.000000 5
5360 1.000000 4
5365 1.000000 5
5370 1.000000 5
5375 0.000000 5
5379 1.000000 4
5384 0.000000 5
5389 0.000000 5
5393 1.000000 4
5396 1.000000 3
5401 -1.000000 5
5404 1.000000 3
5408 1.000000 4
5413 -1.000000 5
5418 0.000000 5
5422 1.000000 4
5426 1.000000 4
5430 -1.000000 4
5435 -1.000000 5
5439 1.000000 4
5443 -1.000000 4
5448 1.000000 5
5452 1.000000 4
5457 1.000000 5
5462 1.000000 5
5467 1.000000 5
5472 -1.000000 5
5477 -1.000000 5
5482 1.000000 5
5486 1.000000 4
5490 1.000000 4
5495 -1.000000 5
5498 1.000000 3
5502 1.000000 4
5507 -1.000000 5
5512 1.000000 5
5515 1.000000 3
5520 0.000000 5
5524 -1.000000 4
5529 -1.000000 5
5534 0.000000 5
5539 -1.000000 5
5544 0.000000 5
5547 1.000000 3
5552 0.000000 5
5557 0.000000 5
5562 1.000000 5
5567 -1.000000 5
5570 1.000000 3
5574 -1.000000 4
5579 -1.000000 5
5583 -1.000000 4
5588 1.000000 5
5593 1.000000 5
5598 0.000000 5
5603 1.000000 5
5608 0.000000 5
5613 0.000000 5
5617 1.000000 4
5622 1.000000 5
5627 0.000000 5
5632 1.000000 5
5635 1.000000 3
5640 1.000000 5
5645 1.000000 5
5649 1.000000 4
5654 -1.000000 5
5659 -1.000000 5
5663 1.000000 4
5667 1.000000 4
5671 1.000000 4
5676 -1.000000 5
5681 0.000000 5
5685 -1.000000 4
5690 0.000000 5
5695 1.000000 5
5700 1.000000 5
5704 -1.000000 4
5708 1.000000 4
5713 1.000000 5
5718 0.000000 5
5722 1.000000 4
5725 1.000000 3
5729 -1.000000 4
5734 -1.000000 5
5739 -1.000000 5
5743 -1.000000 4
5747 1.000000 4
5751 1.000000 4
5756 0.000000 5
5760 -1.000000 4
5765 1.000000 5
5770 -1.000000 5
5774 1.000000 4
5779 1.000000 5
5784 -1.000000 5
5789 -1.000000 5
5794 0.000000 5
5799 -1.000000 5
5804 0.000000 5
5809 -1.000000 5
5814 0.000000 5
5819 0.000000 5
5824 -1.000000 5
5829 -1.000000 5
5834 -1.000000 5
5838 -1.000000 4
5843 1.000000 5
5847 -1.000000 4
5851 -1.000000 4
5855 -1.000000 4
5860 -1.000000 5
5865 -1.000000 5
5869 -1.000000 4
5873 -1.000000 4
5877 1.000000 4
5881 -1.000000 4
5885 1.000000 4
5890 0.000000 5
5895 1.000000 5
5900 0.000000 5
5904 1.000000 4
5908 1.000000 4
5912 -1.000000 4
5917 -1.000000 5
5921 -1.000000 4
5925 -1.000000 4
5929 1.000000 4
5933 -1.000000 4
5937 -1.000000 4
5942 1.000000 5
5947 1.000000 5
5952 -1.000000 5
5957 1.000000 5
5962 -1.000000 5
5967 -1.000000 5
5972 1.000000 5
5975 1.000000 3
5980 -1.000000 5
5985 -1.000000 5
5990 1.000000 5
5995 1.000000 5
5998 1.000000 3
6001 1.000000 3
6006 1.000000 5
6011 0.000000 5
6016 0.000000 5
6021 -1.000000 5
6026 1.000000 5
6031 1.000000 5
6035 1.000000 4
6040 1.000000 5
6045 -1.000000 5
6050 1.000000 5
6055 -1.000000 5
6058 1.000000 3
6062 1.000000 4
6067 -1.000000 5
6072 1.000000 5
6077 1.000000 5
6081 -1.000000 4
6086 -1.000000 5
6090 -1.000000 4
6095 1.000000 5
6100 1.000000 5
6104 1.000000 4
6107 1.000000 3
6111 1.000000 4
6116 -1.000000 5
6121 1.000000 5
6125 1.000000 4
6129 1.000000 4
6134 1.000000 5
6138 1.000000 4
6142 1.000000 4
6145 1.000000 3
6150 -1.000000 5
6154 1.000000 4
6157 1.000000 3
6162 1.000000 5
6166 -1.000000 4
6170 -1.000000 4
6175 -1.000000 5
6180 1.000000 5
6185 -1.000000 5
6189 1.000000 4
6193 1.000000 4
6197 1.000000 4
6200 1.000000 3
6205 -1.000000 5
6210 1.000000 5
6214 1.000000 4
6219 0.000000 5
6223 1.000000 4
6228 1.000000 5
6233 1.000000 5
6237 1.000000 4
6242 -1.000000 5
6247 1.000000 5
6252 1.000000 5
6257 1.000000 5
6261 1.000000 4
6265 1.000000 4
6270 -1.000000 5
6275 1.000000 5
6280 1.000000 5
6285 1.000000 5
6290 1.000000 5
6295 0.000000 5
6300 0.000000 5
6305 1.000000 5
6308 1.000000 3
6313 1.000000 5
6318 0.000000 5
6323 0.000000 5
6327 1.000000 4
6331 1.000000 4
6335 -1.000000 4
6340 1.000000 5
6344 1.000000 4
6347 1.000000 3
6351 -1.000000 4
6356 1.000000 5
6361 0.000000 5
6366 0.000000 5
6369 1.000000 3
6374 -1.000000 5
6378 -1.000000 4
6382 -1.000000 4
6387 1.000000 5
6391 -1.000000 4
6395 -1.000000 4
6399 -1.000000 4
6403 1.000000 4
6407 -1.000000 4
6411 1.000000 4
6414 1.000000 3
6419 1.000000 5
6423 1.000000 4
6426 1.000000 3
6431 1.000000 5
6435 1.000000 4
6440 -1.000000 5
6445 -1.000000 5
6450 -1.000000 5
6455 -1.000000 5
6459 1.000000 4
6463 1.000000 4
6468 1.000000 5
6473 -1.000000 5
6477 1.000000 4
6481 1.000000 4
6486 1.000000 5
6491 1.000000 5
6496 -1.000000 5
6500 1.000000 4
6504 1.000000 4
6509 0.000000 5
6512 1.000000 3
6516 1.000000 4
6521 0.000000 5
6526 0.000000 5
6531 1.000000 5
6535 1.000000 4
6539 -1.000000 4
6544 1.000000 5
6549 -1.000000 5
6554 -1.000000 5
6558 1.000000 4
6563 -1.000000 5
6568 1.000000 5
6572 1.000000 4
6576 -1.000000 4
6581 1.000000 5
6586 1.000000 5
6591 0.000000 5
6595 1.000000 4
6600 -1.000000 5
6603 1.000000 3
6608 0.000000 5
6613 0.000000 5
6618 -1.000000 5
6623 0.000000 5
6627 -1.000000 4
6631 1.000000 4
6636 1.000000 5
6640 1.000000 4
6643 1.000000 3
6647 -1.000000 4
6652 1.000000 5
6657 1.000000 5
6662 1.000000 5
6667 -1.000000 5
6672 0.000000 5
6677 -1.000000 5
6681 1.000000 4
6686 -1.000000 5
6691 -1.000000 5
6695 -1.000000 4
6700 1.000000 5
6704 1.000000 4
6708 1.000000 4
6713 0.000000 5
6717 1.000000 4
6722 -1.000000 5
6727 -1.000000 5
6731 1.000000 4
6736 1.000000 5
6740 1.000000 4
6745 -1.000000 5
6750 0.000000 5
6753 1.000000 3
6758 0.000000 5
6762 1.000000 4
6766 1.000000 4
6771 0.000000 5
6775 -1.000000 4
6778 1.000000 3
6783 0.000000 5
6788 0.000000 5
6792 1.000000 4
6797 -1.000000 5
6801 1.000000 4
6806 0.000000 5
6811 -1.000000 5
6816 1.000000 5
6819 1.000000 3
6823 1.000000 4
6827 1.000000 4
6832 0.000000 5
6836 1.000000 4
6840 1.000000 4
6844 1.000000 4
6848 1.000000 4
6853 -1.000000 5
6857 1.000000 4
6861 1.000000 4
6866 -1.000000 5
6871 1.000000 5
6876 1.000000 5
6880 1.000000 4
6885 1.000000 5
6889 1.000000 4
6893 1.000000 4
6898 0.000000 5
6902 1.000000 4
6907 1.000000 5
6912 1.000000 5
6916 -1.000000 4
6921 -1.000000 5
6925 -1.000000 4
6929 -1.000000 4
6933 -1.000000 4
6938 -1.000000 5
6942 1.000000 4
6947 1.000000 5
6951 -1.000000 4
6956 -1.000000 5
6961 -1.000000 5
6966 1.000000 5
6970 1.000000 4
6975 1.000000 5
6980 1.000000 5
6985 -1.000000 5
6990 -1.000000 5
6994 -1.000000 4
6999 1.000000 5
7002 1.000000 3
7006 -1.000000 4
7009 1.000000 3
7014 -1.000000 5
7018 1.000000 4
7023 1.000000 5
7026 1.000000 3
7030 1.000000 4
7035 1.000000 5
7040 1.000000 5
7044 1.000000 4
7048 -1.000000 4
7052 1.000000 4
7055 1.000000 3
7060 -1.000000 5
7065 0.000000 5
7070 0.000000 5
7075 1.000000 5
7080 1.000000 5
7084 1.000000 4
7088 1.000000 4
7093 1.000000 5
7097 1.000000 4
7102 1.000000 5
7106 1.000000 4
7111 0.000000 5
7116 1.000000 5
7121 1.000000 5
7126 0.000000 5
7130 1.000000 4
7135 1.000000 5
7140 0.000000 5
7145 1.000000 5
7148 1.000000 3
7152 1.000000 4
7156 1.000000 4
7161 1.000000 5
7166 -1.000000 5
7171 1.000000 5
7176 1.000000 5
7181 1.000000 5
7185 1.000000 4
7190 -1.000000 5
7193 1.000000 3
7197 1.000000 4
7200 1.000000 3
7205 0.000000 5
7210 -1.000000 5
7215 -1.000000 5
7220 -1.000000 5
7223 1.000000 3
7228 -1.000000 5
7233 -1.000000 5
7237 1.000000 4
7241 1.000000 4
7245 1.000000 4
7249 1.000000 4
7253 1.000000 4
7257 1.000000 4
7262 -1.000000 5
7267 1.000000 5
7272 -1.000000 5
7277 1.000000 5
7282 1.000000 5
7285 1.000000 3
7290 1.000000 5
7294 1.000000 4
7299 -1.000000 5
7304 -1.000000 5
7308 1.000000 4
7312 -1.000000 4
7317 0.000000 5
7322 -1.000000 5
7326 1.000000 4
7331 0.000000 5
7334 1.000000 3
7339 -1.000000 5
7343 1.000000 4
7348 1.000000 5
7353 1.000000 5
7358 0.000000 5
7362 1.000000 4
7367 1.000000 5
7372 -1.000000 5
7376 1.000000 4
7381 1.000000 5
7386 1.000000 5
7391 -1.000000 5
7396 0.000000 5
7401 -1.000000 5
7406 1.000000 5
7411 -1.000000 5
7416 -1.000000 5
7421 -1.000000 5
7425 1.000000 4
7429 -1.000000 4
7433 1.000000 4
7438 1.000000 5
7443 1.000000 5
7447 -1.000000 4
7451 -1.000000 4
7456 0.000000 5
7460 -1.000000 4
7465 -1.000000 5
7470 -1.000000 5
7475 -1.000000 5
7480 1.000000 5
7485 -1.000000 5
7490 1.000000 5
7494 -1.000000 4
7498 -1.000000 4
7502 1.000000 4
7506 1.000000 4
7510 1.000000 4
7514 -1.000000 4
7519 -1.000000 5
7524 1.000000 5
7529 -1.000000 5
7532 1.000000 3
7537 1.000000 5
7542 -1.000000 5
7547 -1.000000 5
7550 1.000000 3
7555 -1.000000 5
7560 1.000000 5
7564 1.000000 4
7568 1.000000 4
7573 1.000000 5
7578 -1.000000 5
7583 0.000000 5
7588 1.000000 5
7593 1.000000 5
7598 0.000000 5
7603 1.000000 5
7607 -1.000000 4
7611 1.000000 4
7614 1.000000 3
7618 1.000000 4
7622 1.000000 4
7627 1.000000 5
7632 0.000000 5
7637 1.000000 5
7641 -1.000000 4
7645 1.000000 4
7650 -1.000000 5
7655 1.000000 5
7659 1.000000 4
7663 -1.000000 4
7667 1.000000 4
7672 -1.000000 5
7676 1.000000 4
7681 0.000000 5
7685 1.000000 4
7690 0.000000 5
7694 -1.000000 4
7698 1.000000 4
7702 -1.000000 4
7705 1.000000 3
7710 1.000000 5
7715 1.000000 5
7719 -1.000000 4
7724 1.000000 5
7729 1.000000 5
7734 -1.000000 5
7738 1.000000 4
7742 -1.000000 4
7746 1.000000 4
7750 1.000000 4
7755 -1.000000 5
7760 1.000000 5
7764 1.000000 4
7768 1.000000 4
7772 1.000000 4
7777 0.000000 5
7780 1.000000 3
7785 -1.000000 5
7789 -1.000000 4
7793 1.000000 4
7798 1.000000 5
7802 1.000000 4
7807 1.000000 5
7810 1.000000 3
7815 1.000000 5
7820 0.000000 5
7825 0.000000 5
7828 1.000000 3
7831 1.000000 3
7836 -1.000000 5
7841 -1.000000 5
7846 -1.000000 5
7851 -1.000000 5
7856 0.000000 5
7860 1.000000 4
7865 0.000000 5
7869 1.000000 4
7873 1.000000 4
7877 1.000000 4
7881 1.000000 4
7886 -1.000000 5
7890 1.000000 4
7895 1.000000 5
7900 1.000000 5
7904 1.000000 4
7907 1.000000 3
7911 1.000000 4
7915 -1.000000 4
7920 1.000000 5
7924 1.000000 4
7928 1.000000 4
7932 1.000000 4
7937 -1.000000 5
7942 -1.000000 5
7947 1.000000 5
7950 1.000000 3
7955 1.000000 5
7959 1.000000 4
7964 -1.000000 5
7969 -1.000000 5
7973 1.000000 4
7978 -1.000000 5
7982 -1.000000 4
7987 -1.000000 5
7992 -1.000000 5
7997 1.000000 5
8001 -1.000000 4
8005 1.000000 4
8010 0.000000 5
8015 1.000000 5
8020 -1.000000 5
8024 1.000000 4
8029 -1.000000 5
8034 -1.000000 5
8039 -1.000000 5
8044 1.000000 5
8049 -1.000000 5
8054 -1.000000 5
8058 1.000000 4
8062 -1.000000 4
8067 -1.000000 5
8070 1.000000 3
8075 -1.000000 5
8080 -1.000000 5
8084 1.000000 4
8089 1.000000 5
8094 -1.000000 5
8098 1.000000 4
8103 -1.000000 5
8108 1.000000 5
8112 1.000000 4
8117 -1.000000 5
8122 0.000000 5
8127 1.000000 5
8131 -1.000000 4
8134 1.000000 3
8137 1.000000 3
8141 1.000000 4
8145 1.000000 4
8150 -1.000000 5
8154 1.000000 4
8159 1.000000 5
8164 1.000000 5
8168 -1.000000 4
8172 1.000000 4
8176 1.000000 4
8181 0.000000 5
8185 -1.000000 4
8190 0.000000 5
8195 -1.000000 5
8199 1.000000 4
8204 1.000000 5
8207 1.000000 3
8212 0.000000 5
8217 1.000000 5
8222 -1.000000 5
8226 1.000000 4
8231 1.000000 5
8236 -1.000000 5
8241 1.000000 5
8246 1.000000 5
8251 -1.000000 5
8256 -1.000000 5
8261 1.000000 5
8266 -1.000000 5
8271 -1.000000 5
8276 -1.000000 5
8281 1.000000 5
8285 1.000000 4
8290 0.000000 5
8295 1.000000 5
8299 -1.000000 4
8302 1.000000 3
8307 0.000000 5
8310 1.000000 3
8314 1.000000 4
8319 -1.000000 5
8324 -1.000000 5
8328 1.000000 4
8333 -1.000000 5
8337 1.000000 4
8341 1.000000 4
8345 1.000000 4
8350 1.000000 5
8354 1.000000 4
8359 0.000000 5
8364 -1.000000 5
8369 0.000000 5
8374 0.000000 5
8379 1.000000 5
8384 1.000000 5
8388 1.000000 4
8391 1.000000 3
8394 1.000000 3
8398 1.000000 4
8401 1.000000 3
8406 0.000000 5
8410 1.000000 4
8415 0.000000 5
8420 0.000000 5
8425 -1.000000 5
8429 1.000000 4
8434 1.000000 5
8438 1.000000 4
8442 1.000000 4
8447 0.000000 5
8451 1.000000 4
8456 1.000000 5
8461 -1.000000 5
8466 -1.000000 5
8471 -1.000000 5
8476 1.000000 5
8480 1.000000 4
8485 -1.000000 5
8490 -1.000000 5
8494 1.000000 4
8499 -1.000000 5
8504 -1.000000 5
8509 1.000000 5
8513 -1.000000 4
8518 0.000000 5
8522 -1.000000 4
8526 -1.000000 4
8531 0.000000 5
8535 -1.000000 4
8539 -1.000000 4
8544 0.000000 5
8548 1.000000 4
8553 1.000000 5
8557 -1.000000 4
8562 -1.000000 5
8567 -1.000000 5
8572 -1.000000 5
8577 -1.000000 5
8582 -1.000000 5
8587 -1.000000 5
8591 1.000000 4
8596 0.000000 5
8600 1.000000 4
8604 1.000000 4
8609 1.000000 5
8613 1.000000 4
8617 1.000000 4
8622 1.000000 5
8626 1.000000 4
8631 1.000000 5
8636 -1.000000 5
8640 1.000000 4
8645 1.000000 5
8650 -1.000000 5
8655 1.000000 5
8659 1.000000 4
8663 1.000000 4
8668 0.000000 5
8672 1.000000 4
8675 1.000000 3
8679 -1.000000 4
8684 1.000000 5
8689 -1.000000 5
8694 0.000000 5
8698 1.000000 4
8702 1.000000 4
8706 -1.000000 4
8711 1.000000 5
8714 1.000000 3
8719 0.000000 5
8722 1.000000 3
8726 1.000000 4
8730 1.000000 4
8735 1.000000 5
8740 -1.000000 5
8744 -1.000000 4
8749 1.000000 5
8754 -1.000000 5
8759 0.000000 5
8763 -1.000000 4
8768 1.000000 5
8772 -1.000000 4
8776 -1.000000 4
8781 -1.000000 5
8786 -1.000000 5
8791 0.000000 5
8796 0.000000 5
8799 1.000000 3
8804 1.000000 5
8808 -1.000000 4
8813 -1.000000 5
8818 -1.000000 5
8822 1.000000 4
8827 1.000000 5
8831 1.000000 4
8836 0.000000 5
8840 -1.000000 4
8844 -1.000000 4
8848 -1.000000 4
8853 1.000000 5
8858 1.000000 5
8863 0.000000 5
8868 1.000000 5
8872 1.000000 4
8877 1.000000 5
8882 0.000000 5
8887 -1.000000 5
8891 1.000000 4
8896 -1.000000 5
8901 1.000000 5
8906 1.000000 5
8910 1.000000 4
8914 1.000000 4
8919 1.000000 5
8923 -1.000000 4
8928 -1.000000 5
8933 -1.000000 5
8938 0.000000 5
8943 1.000000 5
8948 1.000000 5
8953 1.000000 5
8958 -1.000000 5
8963 -1.000000 5
8968 -1.000000 5
8972 1.000000 4
8977 1.000000 5
8982 -1.000000 5
8987 1.000000 5
8992 0.000000 5
8995 1.000000 3
9000 0.000000 5
9005 1.000000 5
9009 1.000000 4
9014 1.000000 5
9018 1.000000 4
9023 1.000000 5
9028 1.000000 5
9032 1.000000 4
9037 -1.000000 5
9042 0.000000 5
9046 -1.000000 4
9051 -1.000000 5
9056 1.000000 5
9060 -1.000000 4
9065 -1.000000 5
9069 -1.000000 4
9074 0.000000 5
9079 1.000000 5
9083 1.000000 4
9088 0.000000 5
9093 -1.000000 5
9098 1.000000 5
9102 1.000000 4
9107 -1.000000 5
9112 -1.000000 5
9117 -1.000000 5
9121 1.000000 4
9126 0.000000 5
9130 1.000000 4
9135 0.000000 5
9140 -1.000000 5
9144 1.000000 4
9148 -1.000000 4
9152 1.000000 4
9156 -1.000000 4
9160 1.000000 4
9164 1.000000 4
9169 0.000000 5
9174 1.000000 5
9179 1.000000 5
9182 1.000000 3
9186 1.000000 4
9189 1.000000 3
9193 1.000000 4
9198 1.000000 5
9203 1.000000 5
9208 1.000000 5
9212 1.000000 4
9217 1.000000 5
9222 1.000000 5
9227 1.000000 5
9230 1.000000 3
9233 1.000000 3
9238 1.000000 5
9243 -1.000000 5
9247 1.000000 4
9252 1.000000 5
9256 1.000000 4
9261 0.000000 5
9265 1.000000 4
9270 -1.000000 5
9274 1.000000 4
9279 1.000000 5
9284 1.000000 5
9289 -1.000000 5
9292 1.000000 3
9296 -1.000000 4
9300 -1.000000 4
9305 -1.000000 5
9310 0.000000 5
9314 1.000000 4
9319 1.000000 5
9324 0.000000 5
9329 1.000000 5
9333 1.000000 4
9337 1.000000 4
9342 1.000000 5
9346 1.000000 4
9350 1.000000 4
9355 0.000000 5
9360 -1.000000 5
9364 1.000000 4
9369 -1.000000 5
9374 0.000000 5
9379 -1.000000 5
9383 1.000000 4
9387 -1.000000 4
9392 0.000000 5
9397 1.000000 5
9401 1.000000 4
9405 -1.000000 4
9408 1.000000 3
9413 0.000000 5
9417 1.000000 4
9421 1.000000 4
9426 -1.000000 5
9431 -1.000000 5
9435 1.000000 4
9440 0.000000 5
9445 0.000000 5
9450 -1.000000 5
9455 0.000000 5
9459 1.000000 4
9463 -1.000000 4
9466 1.000000 3
9470 1.000000 4
9475 1.000000 5
9479 1.000000 4
9484 0.000000 5
9488 -1.000000 4
9492 1.000000 4
9496 -1.000000 4
9500 1.000000 4
9505 0.000000 5
9509 1.000000 4
9513 1.000000 4
9517 1.000000 4
9522 0.000000 5
9526 1.000000 4
9531 1.000000 5
9534 1.000000 3
9538 1.000000 4
9541 1.000000 3
9545 -1.000000 4
9550 1.000000 5
9555 -1.000000 5
9559 1.000000 4
9563 -1.000000 4
9566 1.000000 3
9571 1.000000 5
9576 0.000000 5
9580 -1.000000 4
9585 0.000000 5
9589 -1.000000 4
9593 -1.000000 4
9598 -1.000000 5
9602 -1.000000 4
9606 -1.000000 4
9610 -1.000000 4
9614 1.000000 4
9619 1.000000 5
9622 1.000000 3
9627 1.000000 5
9631 1.000000 4
9635 1.000000 4
9640 -1.000000 5
9645 1.000000 5
9650 1.000000 5
9655 -1.000000 5
9658 1.000000 3
9663 -1.000000 5
9667 1.000000 4
9671 1.000000 4
9674 1.000000 3
9678 1.000000 4
9682 1.000000 4
9685 1.000000 3
9689 -1.000000 4
9694 1.000000 5
9699 0.000000 5
9704 0.000000 5
9709 1.000000 5
9714 1.000000 5
9718 -1.000000 4
9723 1.000000 5
9727 1.000000 4
9731 1.000000 4
9736 1.000000 5
9741 -1.000000 5
9746 -1.000000 5
9749 1.000000 3
9754 -1.000000 5
9758 -1.000000 4
9763 1.000000 5
9768 0.000000 5
9773 -1.000000 5
9778 -1.000000 5
9783 -1.000000 5
9787 1.000000 4
9790 1.000000 3
9795 1.000000 5
9800 -1.000000 5
9805 1.000000 5
9810 1.000000 5
9814 1.000000 4
9819 1.000000 5
9824 -1.000000 5
9829 -1.000000 5
9834 1.000000 5
9838 -1.000000 4
9843 0.000000 5
9848 1.000000 5
9853 1.000000 5
9856 1.000000 3
9860 -1.000000 4
9865 1.000000 5
9870 -1.000000 5
9875 -1.000000 5
9879 1.000000 4
9883 -1.000000 4
9888 1.000000 5
9892 -1.000000 4
9897 0.000000 5
9901 1.000000 4
9905 1.000000 4
9908 1.000000 3
9913 0.000000 5
9917 1.000000 4
9922 -1.000000 5
9926 1.000000 4
9930 -1.000000 4
9935 0.000000 5
9940 1.000000 5
9945 0.000000 5
9949 -1.000000 4
9953 1.000000 4
9958 0.000000 5
9963 0.000000 5
9967 1.000000 4
9972 1.000000 5
9976 -1.000000 4
9979 1.000000 3
9983 1.000000 4
9988 0.000000 5
9992 1.000000 4
9996 1.000000 4
9999 1.000000 3
10004 0.000000 5
10008 1.000000 4
10013 1.000000 5
10018 -1.000000 5
10023 -1.000000 5
10027 1.000000 4
10032 0.000000 5
10037 -1.000000 5
10042 -1.000000 5
10047 1.000000 5
10051 1.000000 4
10056 -1.000000 5
10060 1.000000 4
10065 0.000000 5
10069 -1.000000 4
10073 1.000000 4
10077 1.000000 4
10082 0.000000 5
10085 1.000000 3
10090 0.000000 5
10095 1.000000 5
10099 1.000000 4
10104 1.000000 5
10109 1.000000 5
10114 -1.000000 5
10118 -1.000000 4
10123 1.000000 5
10127 -1.000000 4
10132 0.000000 5
10136 -1.000000 4
10140 -1.000000 4
10144 1.000000 4
10148 1.000000 4
10152 1.000000 4
10156 1.000000 4
10161 -1.000000 5
10164 1.000000 3
10168 1.000000 4
10172 1.000000 4
10177 1.000000 5
10182 -1.000000 5
10187 -1.000000 5
10192 0.000000 5
10197 -1.000000 5
10202 -1.000000 5
10207 -1.000000 5
10212 1.000000 5
10217 -1.000000 5
10222 0.000000 5
10227 1.000000 5
10231 1.000000 4
10236 0.000000 5
10241 -1.000000 5
10244 1.000000 3
10249 -1.000000 5
10254 -1.000000 5
10259 1.000000 5
10264 1.000000 5
10267 1.000000 3
10272 1.000000 5
10277 0.000000 5
10281 -1.000000 4
10285 -1.000000 4
10289 1.000000 4
10293 1.000000 4
10298 1.000000 5
10303 1.000000 5
10307 -1.000000 4
10312 -1.000000 5
10317 1.000000 5
10321 1.000000 4
10326 0.000000 5
10331 1.000000 5
10335 1.000000 4
10338 1.000000 3
10342 1.000000 4
10347 1.000000 5
10352 0.000000 5
10357 -1.000000 5
10361 1.000000 4
10364 1.000000 3
10368 1.000000 4
10373 1.000000 5
10378 -1.000000 5
10383 1.000000 5
10387 1.000000 4
10392 1.000000 5
10397 1.000000 5
10402 -1.000000 5
10407 1.000000 5
10411 -1.000000 4
10415 1.000000 4
10420 0.000000 5
10425 1.000000 5
10429 1.000000 4
10433 1.000000 4
10438 -1.000000 5
10442 1.000000 4
10446 -1.000000 4
10451 -1.000000 5
10454 1.000000 3
10458 1.000000 4
10462 1.000000 4
10467 -1.000000 5
10472 0.000000 5
10475 1.000000 3
10480 1.000000 5
10485 1.000000 5
10490 -1.000000 5
10495 -1.000000 5
10500 0.000000 5
10504 1.000000 4
10508 1.000000 4
10513 -1.000000 5
10517 1.000000 4
10521 -1.000000 4
10526 1.000000 5
10531 0.000000 5
10536 -1.000000 5
10540 -1.000000 4
10545 1.000000 5
10550 -1.000000 5
10555 0.000000 5
10559 1.000000 4
10563 1.000000 4
10568 1.000000 5
10572 -1.000000 4
10577 1.000000 5
10582 1.000000 5
10587 -1.000000 5
10592 1.000000 5
10597 1.000000 5
10600 1.000000 3
10605 -1.000000 5
10610 1.000000 5
10614 1.000000 4
10619 0.000000 5
10624 0.000000 5
10627 1.000000 3
10631 1.000000 4
10636 1.000000 5
10640 1.000000 4
10645 -1.000000 5
10649 -1.000000 4
10653 -1.000000 4
10658 -1.000000 5
10662 -1.000000 4
10667 0.000000 5
10671 -1.000000 4
10676 1.000000 5
10680 1.000000 4
10684 1.000000 4
10689 0.000000 5
10694 0.000000 5
10699 1.000000 5
10702 1.000000 3
10706 1.000000 4
10710 1.000000 4
10714 1.000000 4
10717 1.000000 3
10722 -1.000000 5
10726 1.000000 4
10731 -1.000000 5
10736 1.000000 5
10741 0.000000 5
10746 -1.000000 5
10751 -1.000000 5
10756 -1.000000 5
10760 1.000000 4
10764 1.000000 4
10768 1.000000 4
10771 1.000000 3
10775 1.000000 4
10779 -1.000000 4
10784 1.000000 5
10789 -1.000000 5
10794 0.000000 5
10799 -1.000000 5
10804 -1.000000 5
10809 1.000000 5
10814 -1.000000 5
10819 0.000000 5
10824 1.000000 5
10829 -1.000000 5
10832 1.000000 3
10837 0.000000 5
10841 1.000000 4
10846 -1.000000 5
10851 0.000000 5
10856 1.000000 5
10861 1.000000 5
10866 1.000000 5
10871 -1.000000 5
10876 0.000000 5
10881 1.000000 5
10884 1.000000 3
10889 -1.000000 5
10894 -1.000000 5
10898 1.000000 4
10903 1.000000 5
10907 1.000000 4
10911 1.000000 4
10916 1.000000 5
10921 0.000000 5
10926 -1.000000 5
10931 1.000000 5
10936 1.000000 5
10941 1.000000 5
10945 1.000000 4
10949 1.000000 4
10953 1.000000 4
10958 0.000000 5
10962 1.000000 4
10965 1.000000 3
10970 1.000000 5
10974 1.000000 4
10979 1.000000 5
10984 -1.000000 5
10989 0.000000 5
10994 -1.000000 5
10998 1.000000 4
11003 0.000000 5
11007 -1.000000 4
11012 1.000000 5
11016 1.000000 4
11021 -1.000000 5
11026 -1.000000 5
11030 1.000000 4
11035 -1.000000 5
11039 1.000000 4
11044 0.000000 5
11048 -1.000000 4
11052 1.000000 4
11057 1.000000 5
11061 1.000000 4
11065 1.000000 4
11069 1.000000 4
11073 1.000000 4
11077 -1.000000 4
11081 1.000000 4
11085 -1.000000 4
11089 1.000000 4
11094 -1.000000 5
11099 1.000000 5
11102 1.000000 3
11107 -1.000000 5
11112 -1.000000 5
11117 1.000000 5
11121 -1.000000 4
11125 1.000000 4
11130 0.000000 5
11134 1.000000 4
11139 1.000000 5
11144 1.000000 5
11149 -1.000000 5
11154 -1.000000 5
11159 -1.000000 5
11163 1.000000 4
11167 1.000000 4
11172 0.000000 5
11176 -1.000000 4
11180 -1.000000 4
11185 -1.000000 5
11189 -1.000000 4
11193 -1.000000 4
11197 -1.000000 4
11202 -1.000000 5
11207 0.000000 5
11212 -1.000000 5
11216 -1.000000 4
11220 1.000000 4
11224 -1.000000 4
11228 1.000000 4
11233 -1.000000 5
11238 -1.000000 5
11243 -1.000000 5
11248 -1.000000 5
11252 1.000000 4
11255 1.000000 3
11260 0.000000 5
11265 1.000000 5
11269 1.000000 4
11273 1.000000 4
11276 1.000000 3
11281 1.000000 5
11286 -1.000000 5
11291 0.000000 5
11296 -1.000000 5
11300 1.000000 4
11303 1.000000 3
11308 0.000000 5
11313 1.000000 5
11318 1.000000 5
11323 0.000000 5
11327 1.000000 4
11332 -1.000000 5
11337 1.000000 5
11341 1.000000 4
11345 1.000000 4
11350 -1.000000 5
11354 1.000000 4
11359 1.000000 5
11363 1.000000 4
11368 1.000000 5
11373 -1.000000 5
11377 1.000000 4
11382 0.000000 5
11386 -1.000000 4
11391 -1.000000 5
11395 1.000000 4
11400 1.000000 5
11405 0.000000 5
11410 -1.000000 5
11415 0.000000 5
11420 -1.000000 5
11424 1.000000 4
11429 -1.000000 5
11433 -1.000000 4
11438 1.000000 5
11441 1.000000 3
11445 1.000000 4
11449 1.000000 4
11454 -1.000000 5
11459 0.000000 5
11463 1.000000 4
11468 -1.000000 5
11473 0.000000 5
11478 1.000000 5
11483 -1.000000 5
11486 1.000000 3
11491 1.000000 5
11495 1.000000 4
11500 -1.000000 5
11505 -1.000000 5
11509 1.000000 4
11514 -1.000000 5
11518 1.000000 4
11522 1.000000 4
11526 1.000000 4
11531 -1.000000 5
11536 -1.000000 5
11540 -1.000000 4
11545 -1.000000 5
11549 1.000000 4
11553 -1.000000 4
11558 1.000000 5
11562 1.000000 4
11567 1.000000 5
11571 1.000000 4
11576 -1.000000 5
11581 0.000000 5
11585 1.000000 4
11590 1.000000 5
11595 -1.000000 5
11599 -1.000000 4
11603 1.000000 4
11606 1.000000 3
11609 1.000000 3
11614 0.000000 5
11618 1.000000 4
11623 1.000000 5
11628 1.000000 5
11632 1.000000 4
11637 1.000000 5
11640 1.000000 3
11645 -1.000000 5
11650 -1.000000 5
11653 1.000000 3
11657 1.000000 4
11661 1.000000 4
11666 1.000000 5
11670 1.000000 4
11675 1.000000 5
11680 0.000000 5
11684 1.000000 4
11688 1.000000 4
11693 0.000000 5
11697 -1.000000 4
11702 1.000000 5
11706 -1.000000 4
11710 -1.000000 4
11715 -1.000000 5
11719 -1.000000 4
11723 -1.000000 4
11727 -1.000000 4
11732 1.000000 5
11737 0.000000 5
11741 1.000000 4
11745 -1.000000 4
11750 1.000000 5
11755 -1.000000 5
11759 1.000000 4
11764 0.000000 5
11768 -1.000000 4
11772 1.000000 4
11776 -1.000000 4
11780 -1.000000 4
11785 1.000000 5
11790 1.000000 5
11795 1.000000 5
11799 1.000000 4
11804 -1.000000 5
11809 0.000000 5
11814 1.000000 5
11818 1.000000 4
11822 1.000000 4
11827 -1.000000 5
11831 1.000000 4
11836 1.000000 5
11841 0.000000 5
11846 1.000000 5
11851 0.000000 5
11855 1.000000 4
11860 0.000000 5
11865 0.000000 5
11869 1.000000 4
11874 1.000000 5
11879 1.000000 5
11882 1.000000 3
11886 1.000000 4
11891 0.000000 5
11895 1.000000 4
11900 1.000000 5
11904 -1.000000 4
11907 1.000000 3
11912 1.000000 5
11916 -1.000000 4
11921 -1.000000 5
11924 1.000000 3
11929 1.000000 5
11932 1.000000 3
11936 1.000000 4
11941 1.000000 5
11945 -1.000000 4
11948 1.000000 3
11953 1.000000 5
11957 1.000000 4
11961 1.000000 4
11966 -1.000000 5
11971 -1.000000 5
11976 1.000000 5
11981 0.000000 5
11984 1.000000 3
11988 1.000000 4
11993 0.000000 5
11998 1.000000 5
12001 1.000000 3
12006 0.000000 5
12011 1.000000 5
12015 1.000000 4
12020 -1.000000 5
12025 -1.000000 5
12030 1.000000 5
12035 1.000000 5
12040 -1.000000 5
12045 1.000000 5
12050 1.000000 5
12054 1.000000 4
12057 1.000000 3
12062 1.000000 5
12067 1.000000 5
12072 1.000000 5
12076 1.000000 4
12081 -1.000000 5
12086 0.000000 5
12091 0.000000 5
12096 1.000000 5
12101 1.000000 5
12106 1.000000 5
12111 -1.000000 5
12116 1.000000 5
12119 1.000000 3
12124 -1.000000 5
12128 -1.000000 4
12132 1.000000 4
12136 1.000000 4
12141 0.000000 5
12146 1.000000 5
12151 1.000000 5
12155 -1.000000 4
12160 0.000000 5
12165 0.000000 5
12170 0.000000 5
12173 1.000000 3
12177 1.000000 4
12182 -1.000000 5
12187 -1.000000 5
12190 1.000000 3
12195 -1.000000 5
12200 0.000000 5
12203 1.000000 3
12208 1.000000 5
12212 1.000000 4
12217 1.000000 5
12220 1.000000 3
12224 -1.000000 4
12229 1.000000 5
12234 1.000000 5
12238 -1.000000 4
12242 -1.000000 4
12246 -1.000000 4
12250 -1.000000 4
12255 -1.000000 5
12260 1.000000 5
12264 -1.000000 4
12269 -1.000000 5
12274 1.000000 5
12279 -1.000000 5
12284 -1.000000 5
12288 1.000000 4
12293 1.000000 5
12298 1.000000 5
12302 1.000000 4
12307 0.000000 5
12312 0.000000 5
12315 1.000000 3
12319 1.000000 4
12324 1.000000 5
12329 1.000000 5
12334 1.000000 5
12339 -1.000000 5
12344 -1.000000 5
12348 1.000000 4
12351 1.000000 3
12356 -1.000000 5
12360 1.000000 4
12365 1.000000 5
12369 1.000000 4
12374 -1.000000 5
12378 -1.000000 4
12383 1.000000 5
12388 -1.000000 5
12392 1.000000 4
12397 1.000000 5
12402 0.000000 5
12405 1.000000 3
12410 1.000000 5
12415 1.000000 5
12419 1.000000 4
12422 1.000000 3
12426 1.000000 4
12431 0.000000 5
12436 -1.000000 5
12440 -1.000000 4
12444 1.000000 4
12449 1.000000 5
12453 1.000000 4
12458 0.000000 5
12462 1.000000 4
12465 1.000000 3
12469 1.000000 4
12474 0.000000 5
12479 -1.000000 5
12484 1.000000 5
12489 -1.000000 5
12493 1.000000 4
12497 1.000000 4
12500 1.000000 3
12504 1.000000 4
12509 0.000000 5
12514 1.000000 5
12518 1.000000 4
12523 -1.000000 5
12527 1.000000 4
12532 -1.000000 5
12536 1.000000 4
12540 -1.000000 4
12545 -1.000000 5
12550 1.000000 5
12554 1.000000 4
12559 -1.000000 5
12564 1.000000 5
12568 1.000000 4
12572 -1.000000 4
12576 1.000000 4
12580 -1.000000 4
12584 1.000000 4
12588 1.000000 4
12591 1.000000 3
12596 -1.000000 5
12600 1.000000 4
12604 1.000000 4
12609 0.000000 5
12613 1.000000 4
12617 -1.000000 4
12622 1.000000 5
12627 0.000000 5
12632 -1.000000 5
12637 1.000000 5
12641 1.000000 4
12646 0.000000 5
12651 0.000000 5
12656 1.000000 5
12659 1.000000 3
12663 1.000000 4
12668 0.000000 5
12672 1.000000 4
12677 -1.000000 5
12682 1.000000 5
12687 -1.000000 5
12692 0.000000 5
12696 1.000000 4
12700 1.000000 4
12704 -1.000000 4
12709 -1.000000 5
12714 1.000000 5
12718 1.000000 4
12723 -1.000000 5
12727 1.000000 4
12731 -1.000000 4
12735 1.000000 4
12739 1.000000 4
12744 0.000000 5
12749 0.000000 5
12754 -1.000000 5
12759 1.000000 5
12764 -1.000000 5
12768 -1.000000 4
12772 -1.000000 4
12776 -1.000000 4
12780 -1.000000 4
12784 -1.000000 4
12789 0.000000 5
12793 -1.000000 4
12797 -1.000000 4
12802 0.000000 5
12807 -1.000000 5
12812 1.000000 5
12817 1.000000 5
12822 1.000000 5
12827 -1.000000 5
12832 1.000000 5
12836 1.000000 4
12840 -1.000000 4
12845 1.000000 5
12850 -1.000000 5
12855 -1.000000 5
12859 -1.000000 4
12863 1.000000 4
12868 0.000000 5
12873 -1.000000 5
12878 -1.000000 5
12882 1.000000 4
12887 1.000000 5
12891 1.000000 4
12896 -1.000000 5
12900 1.000000 4
12903 1.000000 3
12908 -1.000000 5
12912 1.000000 4
12916 1.000000 4
12919 1.000000 3
12923 1.000000 4
12927 -1.000000 4
12931 1.000000 4
12936 0.000000 5
12941 -1.000000 5
12946 0.000000 5
12951 1.000000 5
12956 0.000000 5
12960 -1.000000 4
12964 1.000000 4
12969 -1.000000 5
12972 1.000000 3
12976 1.000000 4
12979 1.000000 3
12984 0.000000 5
12989 -1.000000 5
12993 1.000000 4
12998 0.000000 5
13001 1.000000 3
13005 1.000000 4
13010 -1.000000 5
13013 1.000000 3
13018 -1.000000 5
13022 -1.000000 4
13026 1.000000 4
13031 -1.000000 5
13036 1.000000 5
13040 -1.000000 4
13044 1.000000 4
13049 0.000000 5
13053 1.000000 4
13056 1.000000 3
13061 -1.000000 5
13066 0.000000 5
13071 0.000000 5
13075 -1.000000 4
13080 1.000000 5
13085 0.000000 5
13090 1.000000 5
13094 1.000000 4
13099 1.000000 5
13104 0.000000 5
13109 -1.000000 5
13113 1.000000 4
13118 1.000000 5
13122 -1.000000 4
13127 1.000000 5
13132 -1.000000 5
13137 -1.000000 5
13142 0.000000 5
13147 1.000000 5
13152 -1.000000 5
13157 -1.000000 5
13162 -1.000000 5
13166 -1.000000 4
13170 1.000000 4
13174 1.000000 4
13178 1.000000 4
13182 1.000000 4
13187 0.000000 5
13192 0.000000 5
13196 1.000000 4
13201 -1.000000 5
13204 1.000000 3
13209 -1.000000 5
13214 1.000000 5
13219 1.000000 5
13224 1.000000 5
13229 -1.000000 5
13233 1.000000 4
13237 -1.000000 4
13241 1.000000 4
13244 1.000000 3
13248 -1.000000 4
13252 1.000000 4
13257 0.000000 5
13261 1.000000 4
13266 -1.000000 5
13271 1.000000 5
13276 -1.000000 5
13281 -1.000000 5
13285 -1.000000 4
13290 -1.000000 5
13294 1.000000 4
13299 1.000000 5
13304 0.000000 5
13309 0.000000 5
13314 0.000000 5
13319 -1.000000 5
13324 1.000000 5
13329 0.000000 5
13332 1.000000 3
13336 1.000000 4
13339 1.000000 3
13344 0.000000 5
13349 1.000000 5
13353 -1.000000 4
13358 1.000000 5
13363 -1.000000 5
13368 0.000000 5
13373 -1.000000 5
13378 0.000000 5
13382 -1.000000 4
13386 -1.000000 4
13390 1.000000 4
13394 1.000000 4
13397 1.000000 3
13402 -1.000000 5
13407 1.000000 5
13410 1.000000 3
13414 1.000000 4
13419 0.000000 5
13424 1.000000 5
13428 1.000000 4
13432 1.000000 4
13437 -1.000000 5
13442 -1.000000 5
13446 1.000000 4
13451 1.000000 5
13455 1.000000 4
13460 -1.000000 5
13464 1.000000 4
13468 1.000000 4
13472 1.000000 4
13476 1.000000 4
13481 -1.000000 5
13486 1.000000 5
13489 1.000000 3
13494 0.000000 5
13499 1.000000 5
13504 0.000000 5
13509 -1.000000 5
13514 1.000000 5
13519 -1.000000 5
13524 0.000000 5
13528 1.000000 4
13533 -1.000000 5
13538 1.000000 5
13543 1.000000 5
13546 1.000000 3
13550 1.000000 4
13554 -1.000000 4
13559 -1.000000 5
13564 1.000000 5
13569 1.000000 5
13574 1.000000 5
13578 1.000000 4
13582 1.000000 4
13587 -1.000000 5
13592 1.000000 5
13596 1.000000 4
13601 0.000000 5
13606 1.000000 5
13610 -1.000000 4
13615 -1.000000 5
13620 1.000000 5
13625 -1.000000 5
13628 1.000000 3
13633 1.000000 5
13637 1.000000 4
13641 1.000000 4
13646 1.000000 5
13651 -1.000000 5
13655 -1.000000 4
13660 1.000000 5
13663 1.000000 3
13668 0.000000 5
13673 1.000000 5
13677 1.000000 4
13682 1.000000 5
13687 -1.000000 5
13692 1.000000 5
13697 -1.000000 5
13701 1.000000 4
13706 1.000000 5
13711 1.000000 5
13716 1.000000 5
13721 -1.000000 5
13725 1.000000 4
13730 -1.000000 5
13734 1.000000 4
13738 1.000000 4
13743 1.000000 5
13748 0.000000 5
13752 1.000000 4
13756 -1.000000 4
13760 1.000000 4
13765 1.000000 5
13768 1.000000 3
13773 -1.000000 5
13778 1.000000 5
13781 1.000000 3
13786 1.000000 5
13790 1.000000 4
13795 1.000000 5
13799 1.000000 4
13804 1.000000 5
13808 -1.000000 4
13812 1.000000 4
13817 -1.000000 5
13820 1.000000 3
13825 0.000000 5
13830 1.000000 5
13834 -1.000000 4
13838 -1.000000 4
13842 -1.000000 4
13846 -1.000000 4
13851 -1.000000 5
13855 -1.000000 4
13860 0.000000 5
13864 1.000000 4
13869 -1.000000 5
13873 -1.000000 4
13876 1.000000 3
13881 0.000000 5
13886 -1.000000 5
13889 1.000000 3
13893 1.000000 4
13897 1.000000 4
13902 1.000000 5
13907 0.000000 5
13912 -1.000000 5
13915 1.000000 3
13918 1.000000 3
13921 1.000000 3
13926 0.000000 5
13931 1.000000 5
13935 1.000000 4
13940 1.000000 5
13945 0.000000 5
13950 0.000000 5
13954 1.000000 4
13959 -1.000000 5
13963 -1.000000 4
13968 -1.000000 5
13973 0.000000 5
13978 -1.000000 5
13983 -1.000000 5
13988 -1.000000 5
13993 -1.000000 5
13998 1.000000 5
14001 1.000000 3
14005 -1.000000 4
14009 1.000000 4
14014 1.000000 5
14018 -1.000000 4
14023 0.000000 5
14027 1.000000 4
14031 1.000000 4
14035 1.000000 4
14039 1.000000 4
14044 -1.000000 5
14048 -1.000000 4
14051 1.000000 3
14056 0.000000 5
14059 1.000000 3
14064 -1.000000 5
14069 1.000000 5
14074 1.000000 5
14078 1.000000 4
14083 1.000000 5
14087 1.000000 4
14092 1.000000 5
14097 1.000000 5
14102 1.000000 5
14107 -1.000000 5
14112 0.000000 5
14116 1.000000 4
14121 1.000000 5
14126 0.000000 5
14131 0.000000 5
14136 -1.000000 5
14140 1.000000 4
14144 1.000000 4
14149 1.000000 5
14153 -1.000000 4
14157 -1.000000 4
14161 -1.000000 4
14164 1.000000 3
14169 -1.000000 5
14173 1.000000 4
14177 1.000000 4
14182 1.000000 5
14187 1.000000 5
14192 -1.000000 5
14196 1.000000 4
14201 0.000000 5
14205 -1.000000 4
14210 0.000000 5
14215 0.000000 5
14220 0.000000 5
14225 1.000000 5
14230 0.000000 5
14234 1.000000 4
14239 1.000000 5
14243 -1.000000 4
14247 1.000000 4
14250 1.000000 3
14255 -1.000000 5
14260 -1.000000 5
14264 -1.000000 4
14268 1.000000 4
14271 1.000000 3
14276 1.000000 5
14281 0.000000 5
14286 -1.000000 5
14291 -1.000000 5
14295 1.000000 4
14300 0.000000 5
14305 -1.000000 5
14310 1.000000 5
14314 1.000000 4
14319 1.000000 5
14323 1.000000 4
14327 -1.000000 4
14330 1.000000 3
14335 1.000000 5
14340 1.000000 5
14345 1.000000 5
14350 1.000000 5
14355 1.000000 5
14359 -1.000000 4
14364 -1.000000 5
14369 1.000000 5
14374 -1.000000 5
14378 -1.000000 4
14383 -1.000000 5
14388 -1.000000 5
14392 -1.000000 4
14396 -1.000000 4
14400 1.000000 4
14404 1.000000 4
14409 0.000000 5
14414 -1.000000 5
14419 1.000000 5
14423 1.000000 4
14428 0.000000 5
14432 -1.000000 4
14436 1.000000 4
14441 0.000000 5
14444 1.000000 3
14449 -1.000000 5
14454 1.000000 5
14458 1.000000 4
14462 1.000000 4
14467 1.000000 5
14470 1.000000 3
14475 -1.000000 5
14480 1.000000 5
14484 1.000000 4
14488 -1.000000 4
14491 1.000000 3
14494 1.000000 3
14497 1.000000 3
14501 1.000000 4
14504 1.000000 3
14509 -1.000000 5
14513 1.000000 4
14518 0.000000 5
14523 1.000000 5
14528 0.000000 5
14533 0.000000 5
14538 -1.000000 5
14543 -1.000000 5
14547 1.000000 4
14552 1.000000 5
14556 1.000000 4
14559 1.000000 3
14563 1.000000 4
14568 1.000000 5
14573 1.000000 5
14577 -1.000000 4
14581 1.000000 4
14586 1.000000 5
14591 0.000000 5
14596 0.000000 5
14601 1.000000 5
14605 1.000000 4
14609 1.000000 4
14614 -1.000000 5
14619 1.000000 5
14624 0.000000 5
14629 0.000000 5
14634 -1.000000 5
14638 -1.000000 4
14643 0.000000 5
14647 -1.000000 4
14652 0.000000 5
14656 -1.000000 4
14659 1.000000 3
14664 -1.000000 5
14669 -1.000000 5
14674 1.000000 5
14678 1.000000 4
14683 1.000000 5
14688 1.000000 5
14692 -1.000000 4
14697 0.000000 5
14702 -1.000000 5
14706 1.000000 4
14710 1.000000 4
14714 -1.000000 4
14717 1.000000 3
14722 0.000000 5
14726 -1.000000 4
14731 1.000000 5
14735 1.000000 4
14740 -1.000000 5
14744 -1.000000 4
14748 1.000000 4
14751 1.000000 3
14756 1.000000 5
14761 0.000000 5
14766 -1.000000 5
14769 1.000000 3
14774 0.000000 5
14777 1.000000 3
14782 1.000000 5
14787 -1.000000 5
14792 -1.000000 5
14795 1.000000 3
14799 1.000000 4
14804 -1.000000 5
14808 1.000000 4
14812 1.000000 4
14816 1.000000 4
14820 1.000000 4
14825 1.000000 5
14829 1.000000 4
14833 1.000000 4
14838 -1.000000 5
14843 -1.000000 5
14847 1.000000 4
14852 1.000000 5
14857 0.000000 5
14861 1.000000 4
14866 -1.000000 5
14871 -1.000000 5
14876 -1.000000 5
14881 -1.000000 5
14886 1.000000 5
14890 1.000000 4
14894 1.000000 4
14898 -1.000000 4
14902 1.000000 4
14906 -1.000000 4
14911 0.000000 5
14916 -1.000000 5
14920 -1.000000 4
14924 -1.000000 4
14929 1.000000 5
14934 -1.000000 5
14938 1.000000 4
14943 0.000000 5
14947 1.000000 4
14950 1.000000 3
14955 -1.000000 5
14959 -1.000000 4
14963 1.000000 4
14968 1.000000 5
14972 -1.000000 4
14976 1.000000 4
14981 1.000000 5
14986 1.000000 5
14991 1.000000 5
14996 1.000000 5
15000 1.000000 4
15005 1.000000 5
15010 -1.000000 5
15015 1.000000 5
15020 -1.000000 5
15023 1.000000 3
15028 0.000000 5
15033 -1.000000 5
15037 1.000000 4
15042 -1.000000 5
15046 1.000000 4
15049 1.000000 3
15054 -1.000000 5
15058 -1.000000 4
15062 1.000000 4
15066 1.000000 4
15071 1.000000 5
15076 -1.000000 5
15080 -1.000000 4
15084 -1.000000 4
15089 -1.000000 5
15094 1.000000 5
15099 -1.000000 5
15104 -1.000000 5
15109 1.000000 5
15114 1.000000 5
15119 0.000000 5
15123 1.000000 4
15128 0.000000 5
15133 -1.000000 5
15137 1.000000 4
15142 1.000000 5
15147 1.000000 5
15152 -1.000000 5
15157 1.000000 5
15161 -1.000000 4
15165 1.000000 4
15170 0.000000 5
15175 1.000000 5
15179 1.000000 4
15183 -1.000000 4
15186 1.000000 3
15191 0.000000 5
15195 -1.000000 4
15199 1.000000 4
15202 1.000000 3
15206 -1.000000 4
15210 1.000000 4
15214 -1.000000 4
15219 1.000000 5
15223 1.000000 4
15228 -1.000000 5
15233 -1.000000 5
15238 -1.000000 5
15243 1.000000 5
15248 -1.000000 5
15253 1.000000 5
15258 -1.000000 5
15263 -1.000000 5
15266 1.000000 3
15271 -1.000000 5
15276 -1.000000 5
15279 1.000000 3
15284 1.000000 5
15289 -1.000000 5
15294 1.000000 5
15299 1.000000 5
15304 1.000000 5
15308 1.000000 4
15313 -1.000000 5
15317 1.000000 4
15321 1.000000 4
15326 0.000000 5
15330 1.000000 4
15333 1.000000 3
15337 -1.000000 4
15342 -1.000000 5
15346 1.000000 4
15351 -1.000000 5
15355 1.000000 4
15360 0.000000 5
15364 -1.000000 4
15367 1.000000 3
15371 1.000000 4
15376 0.000000 5
15381 0.000000 5
15385 -1.000000 4
15389 1.000000 4
15393 1.000000 4
15398 1.000000 5
15402 1.000000 4
15407 -1.000000 5
15411 -1.000000 4
15416 1.000000 5
15420 1.000000 4
15425 0.000000 5
15430 -1.000000 5
15434 -1.000000 4
15438 -1.000000 4
15442 -1.000000 4
15446 -1.000000 4
15451 -1.000000 5
15456 1.000000 5
15461 0.000000 5
15465 1.000000 4
15469 -1.000000 4
15472 1.000000 3
15476 1.000000 4
15479 1.000000 3
15483 1.000000 4
15488 1.000000 5
15492 1.000000 4
15496 1.000000 4
15501 -1.000000 5
15506 -1.000000 5
15509 1.000000 3
15514 -1.000000 5
15519 1.000000 5
15524 -1.000000 5
15529 1.000000 5
15534 1.000000 5
15537 1.000000 3
15542 -1.000000 5
15545 1.000000 3
15550 1.000000 5
15555 1.000000 5
15559 1.000000 4
15564 1.000000 5
15569 1.000000 5
15574 1.000000 5
15579 -1.000000 5
15583 -1.000000 4
15588 1.000000 5
15593 -1.000000 5
15597 1.000000 4
15601 1.000000 4
15605 -1.000000 4
15610 1.000000 5
15614 1.000000 4
15618 1.000000 4
15623 1.000000 5
15628 -1.000000 5
15632 1.000000 4
15637 1.000000 5
15642 0.000000 5
15647 -1.000000 5
15651 1.000000 4
15655 1.000000 4
15659 -1.000000 4
15664 1.000000 5
15669 1.000000 5
15673 1.000000 4
15678 -1.000000 5
15683 1.000000 5
15688 1.000000 5
15693 1.000000 5
15697 -1.000000 4
15702 0.000000 5
15706 1.000000 4
15711 -1.000000 5
15716 -1.000000 5
15720 1.000000 4
15724 -1.000000 4
15729 1.000000 5
15734 0.000000 5
15738 1.000000 4
15743 1.000000 5
15748 -1.000000 5
15751 1.000000 3
15756 -1.000000 5
15760 -1.000000 4
15764 1.000000 4
15769 0.000000 5
15774 1.000000 5
15779 0.000000 5
15784 1.000000 5
15789 1.000000 5
15794 1.000000 5
15799 1.000000 5
15804 -1.000000 5
15809 0.000000 5
15813 1.000000 4
15816 1.000000 3
15821 -1.000000 5
15826 -1.000000 5
15831 -1.000000 5
15836 0.000000 5
15841 1.000000 5
15845 -1.000000 4
15849 1.000000 4
15854 1.000000 5
15859 1.000000 5
15864 0.000000 5
15869 1.000000 5
15874 0.000000 5
15879 -1.000000 5
15883 1.000000 4
15887 1.000000 4
15891 1.000000 4
15896 1.000000 5
15900 1.000000 4
15905 -1.000000 5
15909 1.000000 4
15914 0.000000 5
15919 1.000000 5
15924 -1.000000 5
15929 -1.000000 5
15934 1.000000 5
15938 1.000000 4
15943 1.000000 5
15948 -1.000000 5
15953 1.000000 5
15956 1.000000 3
15961 1.000000 5
15966 0.000000 5
15970 -1.000000 4
15975 1.000000 5
15980 -1.000000 5
15984 -1.000000 4
15989 -1.000000 5
15994 -1.000000 5
15999 -1.000000 5
16003 1.000000 4
16007 -1.000000 4
16012 1.000000 5
16016 -1.000000 4
16021 1.000000 5
16026 -1.000000 5
16030 1.000000 4
16034 1.000000 4
16039 1.000000 5
16044 1.000000 5
16049 0.000000 5
16054 0.000000 5
16059 0.000000 5
16063 1.000000 4
16067 1.000000 4
16071 1.000000 4
16076 0.000000 5
16080 -1.000000 4
16085 0.000000 5
16090 1.000000 5
16095 0.000000 5
16100 1.000000 5
16105 1.000000 5
16110 -1.000000 5
16115 -1.000000 5
16120 1.000000 5
16125 0.000000 5
16130 -1.000000 5
16135 0.000000 5
16140 0.000000 5
16144 -1.000000 4
16149 1.000000 5
16153 1.000000 4
16158 -1.000000 5
16162 1.000000 4
16166 1.000000 4
16171 1.000000 5
16176 1.000000 5
16181 1.000000 5
16185 1.000000 4
16190 -1.000000 5
16195 -1.000000 5
16199 1.000000 4
16204 1.000000 5
16209 1.000000 5
16214 1.000000 5
16219 0.000000 5
16223 1.000000 4
16228 1.000000 5
16233 -1.000000 5
16238 1.000000 5
16242 1.000000 4
16246 1.000000 4
16251 -1.000000 5
16255 1.000000 4
16260 1.000000 5
16265 0.000000 5
16270 1.000000 5
16275 1.000000 5
16279 1.000000 4
16283 1.000000 4
16287 1.000000 4
16292 1.000000 5
16297 1.000000 5
16302 -1.000000 5
16307 1.000000 5
16311 1.000000 4
16316 0.000000 5
16319 1.000000 3
16324 0.000000 5
16329 0.000000 5
16334 1.000000 5
16338 1.000000 4
16343 1.000000 5
16348 -1.000000 5
16353 0.000000 5
16357 1.000000 4
16362 1.000000 5
16367 1.000000 5
16372 1.000000 5
16377 -1.000000 5
16381 1.000000 4
16385 -1.000000 4
16389 1.000000 4
16394 1.000000 5
16399 1.000000 5
16403 1.000000 4
16408 0.000000 5
16413 1.000000 5
16417 1.000000 4
16422 1.000000 5
16427 1.000000 5
16431 1.000000 4
16435 1.000000 4
16440 -1.000000 5
16445 -1.000000 5
16449 1.000000 4
16454 0.000000 5
16459 1.000000 5
16464 -1.000000 5
16469 1.000000 5
16474 0.000000 5
16478 1.000000 4
16483 1.000000 5
16488 1.000000 5
16493 -1.000000 5
16496 1.000000 3
16501 -1.000000 5
16506 -1.000000 5
16511 0.000000 5
16516 0.000000 5
16520 -1.000000 4
16525 0.000000 5
16530 -1.000000 5
16535 -1.000000 5
16540 1.000000 5
16544 1.000000 4
16549 1.000000 5
16553 1.000000 4
16558 0.000000 5
16563 -1.000000 5
16568 1.000000 5
16573 -1.000000 5
16578 1.000000 5
16583 0.000000 5
16588 0.000000 5
16593 1.000000 5
16598 1.000000 5
16601 1.000000 3
16605 -1.000000 4
16609 1.000000 4
16614 1.000000 5
16618 1.000000 4
16622 1.000000 4
16627 0.000000 5
16631 1.000000 4
16635 -1.000000 4
16640 -1.000000 5
16644 1.000000 4
16649 -1.000000 5
16654 1.000000 5
16659 1.000000 5
16664 1.000000 5
16669 -1.000000 5
16674 1.000000 5
16678 -1.000000 4
16682 1.000000 4
16686 -1.000000 4
16690 1.000000 4
16694 1.000000 4
16697 1.000000 3
16702 1.000000 5
16707 -1.000000 5
16711 1.000000 4
16715 1.000000 4
16720 -1.000000 5
16725 1.000000 5
16730 1.000000 5
16734 1.000000 4
16739 1.000000 5
16743 1.000000 4
16747 -1.000000 4
16751 1.000000 4
16756 -1.000000 5
16760 1.000000 4
16764 1.000000 4
16768 -1.000000 4
16773 1.000000 5
16777 -1.000000 4
16782 -1.000000 5
16785 1.000000 3
16790 1.000000 5
16794 1.000000 4
16799 1.000000 5
16803 -1.000000 4
16808 -1.000000 5
16813 1.000000 5
16818 1.000000 5
16822 -1.000000 4
16827 1.000000 5
16832 0.000000 5
16837 -1.000000 5
16842 1.000000 5
16845 1.000000 3
16849 -1.000000 4
16854 -1.000000 5
16859 -1.000000 5
16864 -1.000000 5
16868 1.000000 4
16873 1.000000 5
16878 1.000000 5
16883 1.000000 5
16888 1.000000 5
16892 1.000000 4
16897 1.000000 5
16902 1.000000 5
16907 -1.000000 5
16912 1.000000 5
16917 1.000000 5
16922 0.000000 5
16926 1.000000 4
16931 1.000000 5
16935 -1.000000 4
16939 1.000000 4
16944 -1.000000 5
16949 -1.000000 5
16954 0.000000 5
16959 1.000000 5
16963 -1.000000 4
16967 1.000000 4
16971 1.000000 4
16974 1.000000 3
16979 1.000000 5
16984 -1.000000 5
16989 -1.000000 5
16993 -1.000000 4
16998 1.000000 5
17003 1.000000 5
17006 1.000000 3
17011 1.000000 5
17014 1.000000 3
17019 1.000000 5
17023 1.000000 4
17028 1.000000 5
17033 -1.000000 5
17037 -1.000000 4
17041 -1.000000 4
17045 -1.000000 4
17050 -1.000000 5
17055 1.000000 5
17059 -1.000000 4
17063 -1.000000 4
17068 -1.000000 5
17073 1.000000 5
17078 -1.000000 5
17083 1.000000 5
17088 1.000000 5
17092 1.000000 4
17097 1.000000 5
17102 0.000000 5
17107 1.000000 5
17112 1.000000 5
17115 1.000000 3
17119 1.000000 4
17124 1.000000 5
17129 0.000000 5
17134 0.000000 5
17139 -1.000000 5
17142 1.000000 3
17147 0.000000 5
17150 1.000000 3
17155 1.000000 5
17159 1.000000 4
17164 -1.000000 5
17169 0.000000 5
17174 0.000000 5
17178 1.000000 4
17183 0.000000 5
17187 1.000000 4
17191 -1.000000 4
17195 1.000000 4
17198 1.000000 3
17201 1.000000 3
17204 1.000000 3
17209 0.000000 5
17213 1.000000 4
17218 0.000000 5
17223 -1.000000 5
17226 1.000000 3
17231 -1.000000 5
17236 -1.000000 5
17240 1.000000 4
17244 1.000000 4
17249 1.000000 5
17254 1.000000 5
17259 0.000000 5
17263 1.000000 4
17267 1.000000 4
17270 1.000000 3
17274 -1.000000 4
17277 1.000000 3
17282 0.000000 5
17286 1.000000 4
17290 1.000000 4
17295 1.000000 5
17300 1.000000 5
17305 -1.000000 5
17309 1.000000 4
17313 1.000000 4
17317 1.000000 4
17320 1.000000 3
17325 1.000000 5
17330 -1.000000 5
17334 1.000000 4
17338 -1.000000 4
17343 -1.000000 5
17347 -1.000000 4
17352 0.000000 5
17357 1.000000 5
17362 -1.000000 5
17366 -1.000000 4
17370 1.000000 4
17375 1.000000 5
17379 -1.000000 4
17384 0.000000 5
17389 1.000000 5
17393 1.000000 4
17397 1.000000 4
17401 -1.000000 4
17406 0.000000 5
17411 1.000000 5
17416 1.000000 5
17421 0.000000 5
17425 1.000000 4
17429 -1.000000 4
17433 1.000000 4
17438 0.000000 5
17443 -1.000000 5
17448 1.000000 5
17453 1.000000 5
17457 1.000000 4
17461 1.000000 4
17466 1.000000 5
17471 1.000000 5
17476 1.000000 5
17479 1.000000 3
17484 -1.000000 5
17489 1.000000 5
17494 0.000000 5
17499 -1.000000 5
17503 1.000000 4
17508 1.000000 5
17512 1.000000 4
17516 -1.000000 4
17521 0.000000 5
17525 1.000000 4
17529 1.000000 4
17534 0.000000 5
17538 1.000000 4
17543 1.000000 5
17547 1.000000 4
17552 0.000000 5
17557 1.000000 5
17562 -1.000000 5
17567 1.000000 5
17572 -1.000000 5
17577 -1.000000 5
17581 -1.000000 4
17586 0.000000 5
17590 -1.000000 4
17595 0.000000 5
17599 -1.000000 4
17604 -1.000000 5
17608 1.000000 4
17612 1.000000 4
17617 -1.000000 5
17621 1.000000 4
17625 -1.000000 4
17630 0.000000 5
17635 -1.000000 5
17640 0.000000 5
17644 1.000000 4
17649 1.000000 5
17652 1.000000 3
17657 0.000000 5
17661 -1.000000 4
17666 -1.000000 5
17670 -1.000000 4
17675 0.000000 5
17680 0.000000 5
17685 -1.000000 5
17690 -1.000000 5
17694 1.000000 4
17697 1.000000 3
17701 1.000000 4
17706 1.000000 5
17710 1.000000 4
17714 -1.000000 4
17718 1.000000 4
17722 1.000000 4
17727 1.000000 5
17730 1.000000 3
17735 -1.000000 5
17740 1.000000 5
17744 1.000000 4
17747 1.000000 3
17752 1.000000 5
17757 1.000000 5
17761 1.000000 4
17766 1.000000 5
17769 1.000000 3
17774 1.000000 5
17777 1.000000 3
17780 1.000000 3
17785 -1.000000 5
17789 -1.000000 4
17793 1.000000 4
17797 1.000000 4
17802 -1.000000 5
17807 1.000000 5
17811 1.000000 4
17816 1.000000 5
17819 1.000000 3
17824 1.000000 5
17829 -1.000000 5
17834 0.000000 5
17839 1.000000 5
17844 1.000000 5
17849 -1.000000 5
17854 1.000000 5
17859 1.000000 5
17863 1.000000 4
17868 1.000000 5
17873 1.000000 5
17877 1.000000 4
17881 -1.000000 4
17886 1.000000 5
17891 0.000000 5
17896 1.000000 5
17901 1.000000 5
17905 1.000000 4
17910 1.000000 5
17914 1.000000 4
17919 1.000000 5
17924 -1.000000 5
17928 1.000000 4
17932 1.000000 4
17937 1.000000 5
17942 1.000000 5
17946 -1.000000 4
17951 -1.000000 5
17954 1.000000 3
17959 0.000000 5
17963 1.000000 4
17968 1.000000 5
17973 -1.000000 5
17977 1.000000 4
17982 -1.000000 5
17986 1.000000 4
17990 -1.000000 4
17995 -1.000000 5
18000 0.000000 5
18005 1.000000 5
18010 0.000000 5
18013 1.000000 3
18017 1.000000 4
18022 -1.000000 5
18027 1.000000 5
18031 1.000000 4
18035 1.000000 4
18039 1.000000 4
18043 -1.000000 4
18048 1.000000 5
18052 1.000000 4
18055 1.000000 3
18059 1.000000 4
18062 1.000000 3
18067 1.000000 5
18070 1.000000 3
18073 1.000000 3
18077 1.000000 4
18082 -1.000000 5
18087 1.000000 5
18092 -1.000000 5
18097 -1.000000 5
18100 1.000000 3
18105 1.000000 5
18109 -1.000000 4
18114 -1.000000 5
18118 -1.000000 4
18123 -1.000000 5
18127 -1.000000 4
18131 -1.000000 4
18134 1.000000 3
18139 0.000000 5
18143 1.000000 4
18146 1.000000 3
18149 1.000000 3
18154 1.000000 5
18157 1.000000 3
18161 -1.000000 4
18166 0.000000 5
18171 -1.000000 5
18175 -1.000000 4
18179 1.000000 4
18183 1.000000 4
18188 -1.000000 5
18193 -1.000000 5
18198 1.000000 5
18203 1.000000 5
18208 0.000000 5
18213 1.000000 5
18217 1.000000 4
18221 1.000000 4
18226 -1.000000 5
18231 -1.000000 5
18235 1.000000 4
18240 1.000000 5
18245 1.000000 5
18248 1.000000 3
18252 1.000000 4
18257 1.000000 5
18261 1.000000 4
18265 1.000000 4
18270 1.000000 5
18274 1.000000 4
18278 -1.000000 4
18283 1.000000 5
18288 1.000000 5
18293 -1.000000 5
18297 -1.000000 4
18300 1.000000 3
18304 1.000000 4
18307 1.000000 3
18312 1.000000 5
18317 -1.000000 5
18322 -1.000000 5
18326 -1.000000 4
18329 1.000000 3
18334 0.000000 5
18339 0.000000 5
18343 1.000000 4
18348 0.000000 5
18353 1.000000 5
18357 1.000000 4
18362 0.000000 5
18366 -1.000000 4
18371 1.000000 5
18376 1.000000 5
18380 1.000000 4
18384 1.000000 4
18389 -1.000000 5
18394 -1.000000 5
18398 1.000000 4
18403 -1.000000 5
18407 1.000000 4
18412 1.000000 5
18416 -1.000000 4
18421 -1.000000 5
18425 1.000000 4
18429 1.000000 4
18434 1.000000 5
18439 1.000000 5
18444 1.000000 5
18449 1.000000 5
18453 1.000000 4
18457 1.000000 4
18462 1.000000 5
18467 0.000000 5
18472 1.000000 5
18477 0.000000 5
18482 0.000000 5
18486 1.000000 4
18491 1.000000 5
18495 1.000000 4
18500 -1.000000 5
18504 -1.000000 4
18508 1.000000 4
18512 1.000000 4
18516 1.000000 4
18520 1.000000 4
18525 -1.000000 5
18530 -1.000000 5
18535 -1.000000 5
18539 1.000000 4
18543 1.000000 4
18548 -1.000000 5
18552 -1.000000 4
18557 0.000000 5
18562 1.000000 5
18567 0.000000 5
18570 1.000000 3
18574 1.000000 4
18579 -1.000000 5
18584 -1.000000 5
18589 0.000000 5
18593 -1.000000 4
18598 0.000000 5
18603 1.000000 5
18608 -1.000000 5
18612 1.000000 4
18617 -1.000000 5
18621 1.000000 4
18624 1.000000 3
18628 -1.000000 4
18632 1.000000 4
18636 1.000000 4
18640 -1.000000 4
18644 -1.000000 4
18649 -1.000000 5
18653 -1.000000 4
18657 -1.000000 4
18662 1.000000 5
18667 1.000000 5
18672 0.000000 5
18676 1.000000 4
18681 -1.000000 5
18684 1.000000 3
18689 1.000000 5
18694 -1.000000 5
18699 0.000000 5
18704 0.000000 5
18708 -1.000000 4
18711 1.000000 3
18716 -1.000000 5
18721 0.000000 5
18726 -1.000000 5
18731 -1.000000 5
18736 -1.000000 5
18741 1.000000 5
18744 1.000000 3
18749 0.000000 5
18754 0.000000 5
18758 1.000000 4
18762 1.000000 4
18766 1.000000 4
18771 0.000000 5
18776 1.000000 5
18781 1.000000 5
18786 -1.000000 5
18790 1.000000 4
18795 1.000000 5
18800 -1.000000 5
18805 -1.000000 5
18810 1.000000 5
18815 -1.000000 5
18820 -1.000000 5
18824 1.000000 4
18829 0.000000 5
18834 -1.000000 5
18839 -1.000000 5
18842 1.000000 3
18846 -1.000000 4
18851 -1.000000 5
18855 1.000000 4
18859 1.000000 4
18864 1.000000 5
18869 -1.000000 5
18873 -1.000000 4
18876 1.000000 3
18880 1.000000 4
18885 -1.000000 5
18890 1.000000 5
18893 1.000000 3
18897 1.000000 4
18901 1.000000 4
18906 -1.000000 5
18910 1.000000 4
18914 1.000000 4
18919 -1.000000 5
18924 1.000000 5
18927 1.000000 3
18930 1.000000 3
18935 0.000000 5
18940 1.000000 5
18943 1.000000 3
18946 1.000000 3
18951 1.000000 5
18954 1.000000 3
18959 0.000000 5
18963 1.000000 4
18968 1.000000 5
18972 1.000000 4
18976 1.000000 4
18981 1.000000 5
18986 0.000000 5
18991 1.000000 5
18996 -1.000000 5
19001 -1.000000 5
19006 1.000000 5
19010 -1.000000 4
19014 1.000000 4
19017 1.000000 3
19022 1.000000 5
19025 1.000000 3
19029 1.000000 4
19033 1.000000 4
19037 1.000000 4
19042 -1.000000 5
19045 1.000000 3
19049 1.000000 4
19054 -1.000000 5
19059 0.000000 5
19064 1.000000 5
19069 0.000000 5
19074 -1.000000 5
19079 0.000000 5
19084 -1.000000 5
19088 1.000000 4
19093 0.000000 5
19098 1.000000 5
19103 0.000000 5
19107 1.000000 4
19112 1.000000 5
19116 1.000000 4
19121 -1.000000 5
19125 1.000000 4
19130 1.000000 5
19135 1.000000 5
19140 1.000000 5
19143 1.000000 3
19147 -1.000000 4
19152 1.000000 5
19156 1.000000 4
19161 -1.000000 5
19165 -1.000000 4
19169 -1.000000 4
19174 -1.000000 5
19178 -1.000000 4
19182 -1.000000 4
19186 1.000000 4
19191 0.000000 5
19196 -1.000000 5
19201 -1.000000 5
19205 1.000000 4
19210 -1.000000 5
19214 1.000000 4
19219 -1.000000 5
19224 -1.000000 5
19228 1.000000 4
19232 1.000000 4
19237 1.000000 5
19241 1.000000 4
19246 1.000000 5
19249 1.000000 3
19254 0.000000 5
19259 1.000000 5
19263 1.000000 4
19268 0.000000 5
19272 -1.000000 4
19277 0.000000 5
19282 -1.000000 5
19285 1.000000 3
19290 1.000000 5
19295 -1.000000 5
19300 1.000000 5
19305 0.000000 5
19309 1.000000 4
19314 -1.000000 5
19319 0.000000 5
19323 1.000000 4
19328 -1.000000 5
19333 1.000000 5
19338 0.000000 5
19342 1.000000 4
19347 -1.000000 5
19351 1.000000 4
19356 1.000000 5
19360 1.000000 4
19364 1.000000 4
19369 1.000000 5
19374 1.000000 5
19378 1.000000 4
19381 1.000000 3
19386 1.000000 5
19391 1.000000 5
19394 1.000000 3
19399 1.000000 5
19404 1.000000 5
19407 1.000000 3
19411 1.000000 4
19415 1.000000 4
19420 0.000000 5
19424 -1.000000 4
19428 1.000000 4
19433 1.000000 5
19438 -1.000000 5
19442 1.000000 4
19447 1.000000 5
19452 1.000000 5
19456 1.000000 4
19461 -1.000000 5
19466 -1.000000 5
19471 1.000000 5
19476 -1.000000 5
19481 0.000000 5
19484 1.000000 3
19489 -1.000000 5
19493 1.000000 4
19498 -1.000000 5
19503 -1.000000 5
19508 0.000000 5
19512 -1.000000 4
19516 1.000000 4
19521 1.000000 5
19526 1.000000 5
19530 1.000000 4
19534 -1.000000 4
19539 0.000000 5
19543 -1.000000 4
19548 1.000000 5
19553 1.000000 5
19558 -1.000000 5
19562 1.000000 4
19567 -1.000000 5
19572 0.000000 5
19577 1.000000 5
19582 1.000000 5
19586 -1.000000 4
19591 1.000000 5
19596 1.000000 5
19601 0.000000 5
19605 1.000000 4
19610 0.000000 5
19615 1.000000 5
19620 -1.000000 5
19624 1.000000 4
19628 1.000000 4
19632 1.000000 4
19637 1.000000 5
19642 -1.000000 5
19647 -1.000000 5
19652 1.000000 5
19657 1.000000 5
19662 -1.000000 5
19667 -1.000000 5
19671 1.000000 4
19676 1.000000 5
19680 -1.000000 4
19685 -1.000000 5
19689 1.000000 4
19693 1.000000 4
19698 -1.000000 5
19702 -1.000000 4
19706 -1.000000 4
19710 -1.000000 4
19715 1.000000 5
19719 -1.000000 4
19724 1.000000 5
19728 -1.000000 4
19733 1.000000 5
19737 1.000000 4
19742 -1.000000 5
19747 1.000000 5
19751 1.000000 4
19755 1.000000 4
19758 1.000000 3
19761 1.000000 3
19765 1.000000 4
19770 -1.000000 5
19775 0.000000 5
19780 1.000000 5
19784 1.000000 4
19789 -1.000000 5
19794 1.000000 5
19797 1.000000 3
19802 0.000000 5
19807 -1.000000 5
19812 -1.000000 5
19816 1.000000 4
19820 1.000000 4
19824 1.000000 4
19829 0.000000 5
19834 -1.000000 5
19839 1.000000 5
19843 1.000000 4
19847 -1.000000 4
19851 1.000000 4
19856 1.000000 5
19859 1.000000 3
19864 1.000000 5
19868 1.000000 4
19873 1.000000 5
19876 1.000000 3
19879 1.000000 3
19884 -1.000000 5
19889 0.000000 5
19894 1.000000 5
19898 1.000000 4
19903 1.000000 5
19908 1.000000 5
19913 1.000000 5
19917 -1.000000 4
19922 1.000000 5
19927 0.000000 5
19931 -1.000000 4
19935 1.000000 4
19940 1.000000 5
19945 -1.000000 5
19950 -1.000000 5
19954 -1.000000 4
19959 0.000000 5
19964 0.000000 5
19969 1.000000 5
19973 1.000000 4
19976 1.000000 3
19981 1.000000 5
19986 -1.000000 5
19990 1.000000 4
19995 0.000000 5
20000 -1.000000 5
20005 0.000000 5
20009 1.000000 4
20014 1.000000 5
20017 1.000000 3
20022 1.000000 5
20026 1.000000 4
20030 1.000000 4
20034 -1.000000 4
20039 1.000000 5
20044 -1.000000 5
20049 1.000000 5
20052 1.000000 3
20056 -1.000000 4
20060 1.000000 4
20064 1.000000 4
20069 0.000000 5
20073 1.000000 4
20078 0.000000 5
20083 0.000000 5
20088 -1.000000 5
20092 1.000000 4
20096 -1.000000 4
20101 1.000000 5
20105 1.000000 4
20110 1.000000 5
20113 1.000000 3
20117 1.000000 4
20122 -1.000000 5
20126 1.000000 4
20130 1.000000 4
20135 0.000000 5
20139 1.000000 4
20144 1.000000 5
20149 1.000000 5
20154 -1.000000 5
20159 1.000000 5
20163 -1.000000 4
20168 -1.000000 5
20172 1.000000 4
20177 -1.000000 5
20181 -1.000000 4
20186 0.000000 5
20191 1.000000 5
20196 -1.000000 5
20201 0.000000 5
20206 1.000000 5
20211 -1.000000 5
20216 -1.000000 5
20220 1.000000 4
20225 -1.000000 5
20228 1.000000 3
20232 -1.000000 4
20236 -1.000000 4
20241 -1.000000 5
20246 0.000000 5
20251 -1.000000 5
20256 1.000000 5
20260 -1.000000 4
20265 0.000000 5
20270 1.000000 5
20275 -1.000000 5
20280 -1.000000 5
20285 -1.000000 5
20289 -1.000000 4
20293 1.000000 4
20297 1.000000 4
20302 1.000000 5
20307 -1.000000 5
20311 1.000000 4
20315 -1.000000 4
20320 0.000000 5
20324 -1.000000 4
20329 -1.000000 5
20334 1.000000 5
20338 1.000000 4
20342 1.000000 4
20347 0.000000 5
20351 1.000000 4
20355 1.000000 4
20360 1.000000 5
20363 1.000000 3
20367 1.000000 4
20372 0.000000 5
20376 1.000000 4
20381 0.000000 5
20385 -1.000000 4
20390 1.000000 5
20394 1.000000 4
20397 1.000000 3
20402 -1.000000 5
20407 1.000000 5
20412 -1.000000 5
20416 1.000000 4
20420 1.000000 4
20425 1.000000 5
20430 -1.000000 5
20434 1.000000 4
20438 1.000000 4
20442 1.000000 4
20446 1.000000 4
20451 0.000000 5
20455 1.000000 4
20460 1.000000 5
20465 -1.000000 5
20469 1.000000 4
20474 0.000000 5
20478 1.000000 4
20483 1.000000 5
20488 0.000000 5
20493 1.000000 5
20498 1.000000 5
20502 1.000000 4
20507 1.000000 5
20512 1.000000 5
20516 1.000000 4
20521 1.000000 5
20525 1.000000 4
20529 1.000000 4
20534 0.000000 5
20539 1.000000 5
20543 -1.000000 4
20546 1.000000 3
20551 -1.000000 5
20555 1.000000 4
20560 -1.000000 5
20565 0.000000 5
20570 1.000000 5
20575 0.000000 5
20580 1.000000 5
20584 1.000000 4
20589 0.000000 5
20594 1.000000 5
20599 1.000000 5
20602 1.000000 3
20607 1.000000 5
20612 -1.000000 5
20617 -1.000000 5
20621 1.000000 4
20626 1.000000 5
20631 -1.000000 5
20635 1.000000 4
20638 1.000000 3
20643 -1.000000 5
20648 1.000000 5
20652 1.000000 4
20656 1.000000 4
20659 1.000000 3
20663 1.000000 4
20668 1.000000 5
20672 -1.000000 4
20676 -1.000000 4
20680 1.000000 4
20684 1.000000 4
20689 1.000000 5
20693 1.000000 4
20698 1.000000 5
20703 1.000000 5
20707 1.000000 4
20712 1.000000 5
20715 1.000000 3
20720 -1.000000 5
20724 1.000000 4
20728 1.000000 4
20732 -1.000000 4
20737 1.000000 5
20742 -1.000000 5
20747 1.000000 5
20752 -1.000000 5
20756 -1.000000 4
20761 -1.000000 5
20766 -1.000000 5
20770 -1.000000 4
20774 -1.000000 4
20779 -1.000000 5
20784 0.000000 5
20788 -1.000000 4
20792 -1.000000 4
20797 1.000000 5
20802 0.000000 5
20806 1.000000 4
20811 -1.000000 5
20816 1.000000 5
20821 0.000000 5
20825 1.000000 4
20830 -1.000000 5
20835 -1.000000 5
20838 1.000000 3
20843 1.000000 5
20848 1.000000 5
20852 1.000000 4
20856 -1.000000 4
20861 0.000000 5
20865 -1.000000 4
20869 1.000000 4
20874 0.000000 5
20879 1.000000 5
20884 -1.000000 5
20888 1.000000 4
20893 -1.000000 5
20898 1.000000 5
20903 -1.000000 5
20906 1.000000 3
20911 -1.000000 5
20914 1.000000 3
20918 -1.000000 4
20922 1.000000 4
20927 1.000000 5
20932 1.000000 5
20936 1.000000 4
20939 1.000000 3
20944 0.000000 5
20948 -1.000000 4
20953 0.000000 5
20958 0.000000 5
20962 -1.000000 4
20966 -1.000000 4
20971 1.000000 5
20975 1.000000 4
20980 0.000000 5
20985 -1.000000 5
20990 0.000000 5
20994 -1.000000 4
20999 0.000000 5
21003 1.000000 4
21008 0.000000 5
21013 -1.000000 5
21018 1.000000 5
21021 1.000000 3
21026 0.000000 5
21030 1.000000 4
21034 1.000000 4
21037 1.000000 3
21042 1.000000 5
21047 0.000000 5
21052 -1.000000 5
21057 -1.000000 5
21062 1.000000 5
21066 1.000000 4
21070 1.000000 4
21075 1.000000 5
21079 1.000000 4
21082 1.000000 3
21087 -1.000000 5
21092 1.000000 5
21097 -1.000000 5
21102 0.000000 5
21105 1.000000 3
21110 -1.000000 5
21115 1.000000 5
21120 1.000000 5
21125 1.000000 5
21130 0.000000 5
21134 1.000000 4
21139 0.000000 5
21143 1.000000 4
21148 0.000000 5
21153 0.000000 5
21157 1.000000 4
21162 1.000000 5
21166 1.000000 4
21171 1.000000 5
21176 -1.000000 5
21181 -1.000000 5
21186 1.000000 5
21191 1.000000 5
21196 -1.000000 5
21201 1.000000 5
21206 0.000000 5
21211 -1.000000 5
21215 1.000000 4
21220 1.000000 5
21225 1.000000 5
21229 1.000000 4
21234 1.000000 5
21238 -1.000000 4
21242 1.000000 4
21247 1.000000 5
21251 -1.000000 4
21256 -1.000000 5
21260 1.000000 4
21263 1.000000 3
21268 1.000000 5
21273 1.000000 5
21278 -1.000000 5
21283 -1.000000 5
21287 1.000000 4
21291 -1.000000 4
21294 1.000000 3
21299 -1.000000 5
21303 -1.000000 4
21307 -1.000000 4
21312 0.000000 5
21316 -1.000000 4
21321 0.000000 5
21325 -1.000000 4
21329 1.000000 4
21332 1.000000 3
21337 0.000000 5
21341 1.000000 4
21346 0.000000 5
21351 -1.000000 5
21355 -1.000000 4
21360 -1.000000 5
21365 -1.000000 5
21369 1.000000 4
21372 1.000000 3
21376 1.000000 4
21381 -1.000000 5
21384 1.000000 3
21388 -1.000000 4
21393 1.000000 5
21397 1.000000 4
21402 -1.000000 5
21406 -1.000000 4
21411 1.000000 5
21416 -1.000000 5
21421 1.000000 5
21426 0.000000 5
21430 1.000000 4
21435 1.000000 5
21440 -1.000000 5
21444 1.000000 4
21448 1.000000 4
21452 1.000000 4
21456 -1.000000 4
21461 1.000000 5
21464 1.000000 3
21468 1.000000 4
21473 0.000000 5
21477 1.000000 4
21481 1.000000 4
21486 -1.000000 5
21491 1.000000 5
21496 0.000000 5
21500 1.000000 4
21504 1.000000 4
21508 1.000000 4
21513 0.000000 5
21517 1.000000 4
21520 1.000000 3
21525 0.000000 5
21528 1.000000 3
21533 -1.000000 5
21538 -1.000000 5
21543 1.000000 5
21546 1.000000 3
21550 -1.000000 4
21555 -1.000000 5
21560 0.000000 5
21564 -1.000000 4
21569 1.000000 5
21573 -1.000000 4
21577 1.000000 4
21581 1.000000 4
21586 -1.000000 5
21591 -1.000000 5
21596 -1.000000 5
21600 1.000000 4
21604 1.000000 4
21609 1.000000 5
21614 1.000000 5
21619 -1.000000 5
21623 1.000000 4
21628 1.000000 5
21633 0.000000 5
21637 1.000000 4
21641 -1.000000 4
21646 1.000000 5
21650 -1.000000 4
21654 1.000000 4
21657 1.000000 3
21662 0.000000 5
21666 1.000000 4
21671 1.000000 5
21675 1.000000 4
21679 1.000000 4
21684 1.000000 5
21688 1.000000 4
21691 1.000000 3
21695 1.000000 4
21699 1.000000 4
21703 1.000000 4
21708 0.000000 5
21712 1.000000 4
21717 -1.000000 5
21722 1.000000 5
21727 0.000000 5
21732 1.000000 5
21737 1.000000 5
21741 1.000000 4
21744 1.000000 3
21748 1.000000 4
21753 -1.000000 5
21758 -1.000000 5
21763 0.000000 5
21768 1.000000 5
21772 1.000000 4
21777 1.000000 5
21782 -1.000000 5
21786 1.000000 4
21791 -1.000000 5
21796 1.000000 5
21801 1.000000 5
21805 1.000000 4
21810 -1.000000 5
21815 1.000000 5
21820 1.000000 5
21825 1.000000 5
21829 -1.000000 4
21833 -1.000000 4
21838 0.000000 5
21842 -1.000000 4
21846 -1.000000 4
21851 0.000000 5
21856 -1.000000 5
21861 -1.000000 5
21865 1.000000 4
21869 1.000000 4
21874 1.000000 5
21877 1.000000 3
21881 -1.000000 4
21886 1.000000 5
21890 1.000000 4
21894 1.000000 4
21897 1.000000 3
21902 1.000000 5
21907 1.000000 5
21912 1.000000 5
21916 1.000000 4
21920 1.000000 4
21925 1.000000 5
21930 -1.000000 5
21935 1.000000 5
21940 -1.000000 5
21945 -1.000000 5
21950 -1.000000 5
21955 0.000000 5
21958 1.000000 3
21963 1.000000 5
21968 -1.000000 5
21973 -1.000000 5
21978 1.000000 5
21982 -1.000000 4
21987 1.000000 5
21991 -1.000000 4
21995 1.000000 4
22000 -1.000000 5
22003 1.000000 3
22006 1.000000 3
22010 1.000000 4
22015 1.000000 5
22020 -1.000000 5
22025 1.000000 5
22030 0.000000 5
22034 1.000000 4
22038 1.000000 4
22042 -1.000000 4
22045 1.000000 3
22050 -1.000000 5
22054 1.000000 4
22057 1.000000 3
22062 -1.000000 5
22067 -1.000000 5
22071 1.000000 4
22076 -1.000000 5
22081 1.000000 5
22085 -1.000000 4
22089 1.000000 4
22093 1.000000 4
22097 -1.000000 4
22101 1.000000 4
22105 1.000000 4
22110 -1.000000 5
22114 -1.000000 4
22119 -1.000000 5
22123 -1.000000 4
22128 1.000000 5
22133 -1.000000 5
22138 1.000000 5
22142 1.000000 4
22146 -1.000000 4
22151 0.000000 5
22156 0.000000 5
22160 -1.000000 4
22165 -1.000000 5
22170 -1.000000 5
22174 1.000000 4
22178 1.000000 4
22183 -1.000000 5
22187 1.000000 4
22192 -1.000000 5
22197 1.000000 5
22201 1.000000 4
22204 1.000000 3
22209 -1.000000 5
22213 1.000000 4
22218 0.000000 5
22222 1.000000 4
22227 -1.000000 5
22232 1.000000 5
22237 -1.000000 5
22241 1.000000 4
22246 1.000000 5
22251 1.000000 5
22255 1.000000 4
22259 1.000000 4
22264 -1.000000 5
22269 -1.000000 5
22274 1.000000 5
22279 0.000000 5
22283 1.000000 4
22286 1.000000 3
22290 1.000000 4
22295 1.000000 5
22300 -1.000000 5
22305 1.000000 5
22309 -1.000000 4
22314 0.000000 5
22319 1.000000 5
22324 1.000000 5
22329 0.000000 5
22334 1.000000 5
22339 -1.000000 5
22344 1.000000 5
22349 0.000000 5
22354 1.000000 5
22358 1.000000 4
22362 -1.000000 4
22367 -1.000000 5
22372 0.000000 5
22376 -1.000000 4
22381 -1.000000 5
22385 -1.000000 4
22389 -1.000000 4
22393 1.000000 4
22397 1.000000 4
22402 1.000000 5
22405 1.000000 3
22409 1.000000 4
22413 1.000000 4
22418 -1.000000 5
22423 -1.000000 5
22428 0.000000 5
22433 -1.000000 5
22438 1.000000 5
22441 1.000000 3
22445 1.000000 4
22449 1.000000 4
22453 1.000000 4
22457 1.000000 4
22462 1.000000 5
22467 0.000000 5
22470 1.000000 3
22475 1.000000 5
22479 1.000000 4
22484 1.000000 5
22489 1.000000 5
22494 0.000000 5
22497 1.000000 3
22502 1.000000 5
22507 1.000000 5
22512 0.000000 5
22516 1.000000 4
22520 -1.000000 4
22525 1.000000 5
22530 0.000000 5
22535 0.000000 5
22539 1.000000 4
22543 -1.000000 4
22548 -1.000000 5
22551 1.000000 3
22556 1.000000 5
22560 -1.000000 4
22565 1.000000 5
22569 -1.000000 4
22574 -1.000000 5
22578 1.000000 4
22583 0.000000 5
22586 1.000000 3
22591 1.000000 5
22596 0.000000 5
22601 1.000000 5
22606 0.000000 5
22610 1.000000 4
22615 -1.000000 5
22619 -1.000000 4
22623 1.000000 4
22628 -1.000000 5
22633 1.000000 5
22638 0.000000 5
22643 0.000000 5
22647 1.000000 4
22651 1.000000 4
22655 1.000000 4
22660 0.000000 5
22665 -1.000000 5
22670 -1.000000 5
22675 0.000000 5
22679 1.000000 4
22684 -1.000000 5
22688 -1.000000 4
22692 1.000000 4
22697 -1.000000 5
22702 1.000000 5
22706 1.000000 4
22711 1.000000 5
22716 -1.000000 5
22721 -1.000000 5
22725 1.000000 4
22729 1.000000 4
22734 -1.000000 5
22739 -1.000000 5
22744 1.000000 5
22748 1.000000 4
22752 1.000000 4
22757 1.000000 5
22762 -1.000000 5
22766 1.000000 4
22771 1.000000 5
22776 0.000000 5
22780 1.000000 4
22785 1.000000 5
22788 1.000000 3
22793 0.000000 5
22797 -1.000000 4
22802 1.000000 5
22805 1.000000 3
22809 1.000000 4
22814 -1.000000 5
22818 -1.000000 4
22823 0.000000 5
22827 1.000000 4
22831 -1.000000 4
22835 -1.000000 4
22839 1.000000 4
22843 1.000000 4
22848 1.000000 5
22852 1.000000 4
22857 0.000000 5
22860 1.000000 3
22864 1.000000 4
22867 1.000000 3
22872 -1.000000 5
22877 0.000000 5
22882 1.000000 5
22886 1.000000 4
22891 -1.000000 5
22895 -1.000000 4
22899 -1.000000 4
22904 -1.000000 5
22909 1.000000 5
22913 -1.000000 4
22917 -1.000000 4
22921 -1.000000 4
22925 1.000000 4
22929 1.000000 4
22934 1.000000 5
22938 1.000000 4
22943 0.000000 5
22948 -1.000000 5
22952 -1.000000 4
22956 1.000000 4
22960 1.000000 4
22965 1.000000 5
22970 1.000000 5
22974 1.000000 4
22977 1.000000 3
22980 1.000000 3
22985 1.000000 5
22990 1.000000 5
22993 1.000000 3
22996 1.000000 3
23001 -1.000000 5
23005 -1.000000 4
23008 1.000000 3
23013 1.000000 5
23018 -1.000000 5
23021 1.000000 3
23026 -1.000000 5
23029 1.000000 3
23033 1.000000 4
23038 -1.000000 5
23042 1.000000 4
23047 -1.000000 5
23051 1.000000 4
23056 1.000000 5
23061 0.000000 5
23066 0.000000 5
23070 1.000000 4
23075 0.000000 5
23080 1.000000 5
23085 -1.000000 5
23089 1.000000 4
23093 1.000000 4
23098 0.000000 5
23103 -1.000000 5
23108 -1.000000 5
23111 1.000000 3
23116 0.000000 5
23121 1.000000 5
23126 1.000000 5
23130 1.000000 4
23135 1.000000 5
23140 1.000000 5
23145 -1.000000 5
23149 -1.000000 4
23154 -1.000000 5
23159 1.000000 5
23164 1.000000 5
23169 -1.000000 5
23174 1.000000 5
23179 0.000000 5
23184 -1.000000 5
23189 1.000000 5
23194 -1.000000 5
23197 1.000000 3
23202 -1.000000 5
23206 1.000000 4
23211 -1.000000 5
23216 1.000000 5
23219 1.000000 3
23224 0.000000 5
23229 1.000000 5
23234 1.000000 5
23239 1.000000 5
23242 1.000000 3
23247 1.000000 5
23250 1.000000 3
23253 1.000000 3
23258 -1.000000 5
23262 1.000000 4
23266 1.000000 4
23271 0.000000 5
23276 1.000000 5
23279 1.000000 3
23283 1.000000 4
23288 1.000000 5
23293 -1.000000 5
23297 1.000000 4
23302 1.000000 5
23305 1.000000 3
23310 1.000000 5
23315 -1.000000 5
23319 1.000000 4
23323 1.000000 4
23327 1.000000 4
23331 1.000000 4
23335 -1.000000 4
23338 1.000000 3
23341 1.000000 3
23344 1.000000 3
23347 1.000000 3
23352 0.000000 5
23356 1.000000 4
23361 0.000000 5
23366 -1.000000 5
23371 1.000000 5
23376 -1.000000 5
23381 -1.000000 5
23385 1.000000 4
23389 1.000000 4
23392 1.000000 3
23395 1.000000 3
23400 1.000000 5
23405 1.000000 5
23410 -1.000000 5
23414 -1.000000 4
23419 -1.000000 5
23424 0.000000 5
23429 -1.000000 5
23433 -1.000000 4
23437 -1.000000 4
23442 -1.000000 5
23447 1.000000 5
23451 -1.000000 4
23455 -1.000000 4
23460 -1.000000 5
23465 0.000000 5
23469 1.000000 4
23473 1.000000 4
23478 1.000000 5
23483 0.000000 5
23486 1.000000 3
23490 -1.000000 4
23494 -1.000000 4
23499 0.000000 5
23502 1.000000 3
23507 1.000000 5
23511 -1.000000 4
23516 0.000000 5
23521 1.000000 5
23526 -1.000000 5
23531 1.000000 5
23536 0.000000 5
23541 1.000000 5
23545 1.000000 4
23550 1.000000 5
23555 -1.000000 5
23560 -1.000000 5
23563 1.000000 3
23568 0.000000 5
23572 1.000000 4
23577 -1.000000 5
23582 1.000000 5
23586 1.000000 4
23591 1.000000 5
23596 -1.000000 5
23600 1.000000 4
23605 1.000000 5
23610 1.000000 5
23614 1.000000 4
23617 1.000000 3
23621 1.000000 4
23626 -1.000000 5
23630 -1.000000 4
23633 1.000000 3
23638 -1.000000 5
23643 -1.000000 5
23647 1.000000 4
23652 1.000000 5
23657 1.000000 5
23662 -1.000000 5
23665 1.000000 3
23670 -1.000000 5
23675 1.000000 5
23680 -1.000000 5
23685 -1.000000 5
23690 1.000000 5
23694 1.000000 4
23698 1.000000 4
23703 -1.000000 5
23707 -1.000000 4
23710 1.000000 3
23714 1.000000 4
23719 1.000000 5
23723 -1.000000 4
23728 0.000000 5
23732 1.000000 4
23737 -1.000000 5
23742 1.000000 5
23746 1.000000 4
23751 1.000000 5
23754 1.000000 3
23759 -1.000000 5
23763 1.000000 4
23768 -1.000000 5
23772 1.000000 4
23777 1.000000 5
23780 1.000000 3
23785 -1.000000 5
23790 1.000000 5
23795 1.000000 5
23800 -1.000000 5
23805 1.000000 5
23810 1.000000 5
23815 -1.000000 5
23819 1.000000 4
23824 1.000000 5
23828 -1.000000 4
23833 -1.000000 5
23837 -1.000000 4
23842 1.000000 5
23846 1.000000 4
23851 1.000000 5
23855 -1.000000 4
23860 -1.000000 5
23865 1.000000 5
23869 1.000000 4
23873 -1.000000 4
23878 -1.000000 5
23883 1.000000 5
23887 1.000000 4
23891 1.000000 4
23896 1.000000 5
23901 1.000000 5
23905 1.000000 4
23909 -1.000000 4
23914 1.000000 5
23919 -1.000000 5
23922 1.000000 3
23927 0.000000 5
23930 1.000000 3
23934 -1.000000 4
23938 1.000000 4
23943 1.000000 5
23948 -1.000000 5
23953 -1.000000 5
23958 1.000000 5
23962 1.000000 4
23966 -1.000000 4
23970 -1.000000 4
23975 -1.000000 5
23980 -1.000000 5
23984 -1.000000 4
23988 -1.000000 4
23993 1.000000 5
23998 1.000000 5
24002 1.000000 4
24005 1.000000 3
24009 1.000000 4
24013 1.000000 4
24018 -1.000000 5
24023 0.000000 5
24027 1.000000 4
24031 -1.000000 4
24036 1.000000 5
24041 1.000000 5
24046 1.000000 5
24049 1.000000 3
24053 1.000000 4
24058 -1.000000 5
24062 1.000000 4
24065 1.000000 3
24069 1.000000 4
24074 0.000000 5
24079 1.000000 5
24084 1.000000 5
24089 0.000000 5
24094 1.000000 5
24098 1.000000 4
24103 1.000000 5
24108 -1.000000 5
24113 0.000000 5
24118 -1.000000 5
24121 1.000000 3
24125 -1.000000 4
24129 1.000000 4
24133 1.000000 4
24138 -1.000000 5
24143 -1.000000 5
24148 -1.000000 5
24153 0.000000 5
24158 0.000000 5
24162 1.000000 4
24166 1.000000 4
