449 1446.000000 449
1376 2993.000000 927
2079 2830.000000 703
2903 2078.000000 824
3312 557.000000 409
4420 5932.000000 1108
5397 3570.000000 977
5882 640.000000 485
6367 816.000000 485
7133 3958.000000 766
7780 2503.000000 647
8457 974.000000 677
8953 1509.000000 496
9453 909.000000 500
9900 1226.000000 447
10552 1772.000000 652
11084 1698.000000 532
11653 1311.000000 569
12104 658.000000 451
12737 1971.000000 633
13430 1588.000000 693
14311 2483.000000 881
14988 3352.000000 677
15672 2237.000000 684
16292 907.000000 620
16910 1291.000000 618
17356 1544.000000 446
18193 2050.000000 837
18588 265.000000 395
19295 2012.000000 707
19785 1033.000000 490
20502 2630.000000 717
21205 3209.000000 703
21863 1616.000000 658
22558 2076.000000 695
23217 1872.000000 659
23865 1972.000000 648
24421 1067.000000 556
25027 1126.000000 606
25645 2269.000000 618
26225 2802.000000 580
26954 2597.000000 729
27576 2309.000000 622
28252 2469.000000 676
29198 3524.000000 946
29838 2044.000000 640
30427 1040.000000 589
31395 2444.000000 968
31996 580.000000 601
32709 1316.000000 713
33421 2767.000000 712
34109 2509.000000 688
34928 2457.000000 819
35455 848.000000 527
36008 2051.000000 553
36710 2210.000000 702
37333 1164.000000 623
38359 3491.000000 1026
39035 2808.000000 676
39523 540.000000 488
40142 2675.000000 619
40709 773.000000 567
41886 4078.000000 1177
42429 1095.000000 543
43109 2187.000000 680
43839 1489.000000 730
44460 1701.000000 621
45505 2666.000000 1045
46140 1005.000000 635
46982 3150.000000 842
47560 1355.000000 578
48407 2469.000000 847
48960 1375.000000 553
