4 1.000000 4
7 -1.000000 3
10 1.000000 3
14 -1.000000 4
18 -1.000000 4
21 1.000000 3
25 1.000000 4
30 1.000000 5
34 -1.000000 4
38 1.000000 4
42 -1.000000 4
46 1.000000 4
50 1.000000 4
54 -1.000000 4
59 1.000000 5
62 1.000000 3
67 0.000000 5
71 1.000000 4
75 -1.000000 4
80 1.000000 5
84 -1.000000 4
89 1.000000 5
93 -1.000000 4
98 0.000000 5
103 0.000000 5
108 0.000000 5
113 1.000000 5
118 0.000000 5
122 1.000000 4
127 0.000000 5
130 -1.000000 3
133 -1.000000 3
136 1.000000 3
140 -1.000000 4
144 1.000000 4
148 1.000000 4
152 -1.000000 4
156 -1.000000 4
160 -1.000000 4
163 1.000000 3
168 0.000000 5
173 0.000000 5
177 -1.000000 4
181 -1.000000 4
186 1.000000 5
191 0.000000 5
195 -1.000000 4
200 1.000000 5
203 -1.000000 3
207 1.000000 4
210 -1.000000 3
213 -1.000000 3
217 1.000000 4
221 1.000000 4
226 0.000000 5
229 -1.000000 3
232 -1.000000 3
237 0.000000 5
242 0.000000 5
247 0.000000 5
251 1.000000 4
255 1.000000 4
259 1.000000 4
263 -1.000000 4
266 1.000000 3
270 1.000000 4
274 -1.000000 4
279 1.000000 5
283 -1.000000 4
287 -1.000000 4
292 1.000000 5
297 1.000000 5
302 0.000000 5
306 -1.000000 4
311 1.000000 5
314 -1.000000 3
318 1.000000 4
322 -1.000000 4
325 -1.000000 3
329 1.000000 4
332 1.000000 3
336 1.000000 4
339 -1.000000 3
343 1.000000 4
348 1.000000 5
353 0.000000 5
358 1.000000 5
363 1.000000 5
367 1.000000 4
372 1.000000 5
377 0.000000 5
382 1.000000 5
386 -1.000000 4
389 1.000000 3
393 -1.000000 4
396 1.000000 3
399 1.000000 3
402 1.000000 3
406 1.000000 4
410 1.000000 4
415 0.000000 5
420 1.000000 5
425 0.000000 5
429 1.000000 4
434 0.000000 5
439 1.000000 5
443 1.000000 4
448 0.000000 5
452 1.000000 4
457 1.000000 5
461 1.000000 4
465 1.000000 4
469 1.000000 4
473 -1.000000 4
477 1.000000 4
481 -1.000000 4
485 1.000000 4
488 -1.000000 3
493 1.000000 5
497 -1.000000 4
500 1.000000 3
504 1.000000 4
509 1.000000 5
514 0.000000 5
517 1.000000 3
520 1.000000 3
524 1.000000 4
529 1.000000 5
534 1.000000 5
539 1.000000 5
543 1.000000 4
546 -1.000000 3
549 1.000000 3
553 1.000000 4
558 0.000000 5
561 1.000000 3
566 1.000000 5
570 1.000000 4
574 1.000000 4
578 1.000000 4
582 -1.000000 4
586 1.000000 4
591 1.000000 5
596 0.000000 5
601 1.000000 5
605 1.000000 4
610 1.000000 5
613 1.000000 3
617 -1.000000 4
621 1.000000 4
626 1.000000 5
630 -1.000000 4
635 1.000000 5
638 1.000000 3
642 1.000000 4
646 -1.000000 4
651 1.000000 5
655 1.000000 4
660 1.000000 5
665 1.000000 5
670 0.000000 5
673 -1.000000 3
677 1.000000 4
680 -1.000000 3
685 0.000000 5
688 -1.000000 3
693 1.000000 5
696 1.000000 3
699 -1.000000 3
702 1.000000 3
706 -1.000000 4
710 1.000000 4
714 1.000000 4
719 1.000000 5
723 1.000000 4
727 -1.000000 4
732 0.000000 5
736 -1.000000 4
741 0.000000 5
746 1.000000 5
751 1.000000 5
755 1.000000 4
760 1.000000 5
764 1.000000 4
768 1.000000 4
771 -1.000000 3
775 1.000000 4
779 -1.000000 4
782 1.000000 3
786 1.000000 4
790 -1.000000 4
795 1.000000 5
800 0.000000 5
803 1.000000 3
807 -1.000000 4
811 1.000000 4
816 0.000000 5
821 1.000000 5
825 -1.000000 4
828 -1.000000 3
833 0.000000 5
836 -1.000000 3
840 -1.000000 4
845 0.000000 5
848 -1.000000 3
853 0.000000 5
858 0.000000 5
862 1.000000 4
865 1.000000 3
869 -1.000000 4
872 1.000000 3
876 1.000000 4
881 0.000000 5
884 1.000000 3
888 1.000000 4
892 1.000000 4
896 -1.000000 4
901 1.000000 5
905 1.000000 4
910 1.000000 5
915 1.000000 5
919 -1.000000 4
924 1.000000 5
929 1.000000 5
932 1.000000 3
935 -1.000000 3
938 -1.000000 3
941 -1.000000 3
945 1.000000 4
950 0.000000 5
954 -1.000000 4
959 1.000000 5
963 -1.000000 4
967 1.000000 4
972 1.000000 5
975 -1.000000 3
979 1.000000 4
983 -1.000000 4
987 -1.000000 4
990 -1.000000 3
994 1.000000 4
999 1.000000 5
1003 -1.000000 4
1006 -1.000000 3
1009 -1.000000 3
1013 1.000000 4
1016 1.000000 3
1021 1.000000 5
1024 -1.000000 3
1029 0.000000 5
1032 -1.000000 3
1036 1.000000 4
1040 1.000000 4
1043 1.000000 3
1047 1.000000 4
1051 1.000000 4
1056 0.000000 5
1059 1.000000 3
1062 1.000000 3
1067 1.000000 5
1070 -1.000000 3
1075 0.000000 5
1079 1.000000 4
1082 -1.000000 3
1087 0.000000 5
1090 1.000000 3
1094 1.000000 4
1097 -1.000000 3
1102 0.000000 5
1107 1.000000 5
1110 1.000000 3
1114 1.000000 4
1119 1.000000 5
1124 0.000000 5
1129 1.000000 5
1133 1.000000 4
1138 0.000000 5
1143 0.000000 5
1146 1.000000 3
1149 1.000000 3
1154 1.000000 5
1159 0.000000 5
1163 1.000000 4
1167 1.000000 4
1171 -1.000000 4
1175 1.000000 4
1179 -1.000000 4
1184 1.000000 5
1189 1.000000 5
1194 1.000000 5
1198 -1.000000 4
1203 1.000000 5
1206 1.000000 3
1210 1.000000 4
1214 1.000000 4
1218 -1.000000 4
1221 -1.000000 3
1226 0.000000 5
1231 1.000000 5
1236 1.000000 5
1241 1.000000 5
1246 1.000000 5
1250 1.000000 4
1255 1.000000 5
1259 -1.000000 4
1262 1.000000 3
1267 1.000000 5
1272 1.000000 5
1276 1.000000 4
1281 0.000000 5
1284 1.000000 3
1288 1.000000 4
1292 1.000000 4
1296 1.000000 4
1300 -1.000000 4
1303 1.000000 3
1307 1.000000 4
1311 -1.000000 4
1315 -1.000000 4
1320 1.000000 5
1325 1.000000 5
1328 1.000000 3
1333 0.000000 5
1337 -1.000000 4
1341 1.000000 4
1346 1.000000 5
1351 1.000000 5
1354 1.000000 3
1358 1.000000 4
1363 1.000000 5
1368 0.000000 5
1371 1.000000 3
1375 -1.000000 4
1378 1.000000 3
1382 -1.000000 4
1386 1.000000 4
1390 1.000000 4
1395 0.000000 5
1399 1.000000 4
1404 1.000000 5
1409 1.000000 5
1413 -1.000000 4
1417 -1.000000 4
1421 -1.000000 4
1424 1.000000 3
1428 -1.000000 4
1431 1.000000 3
1435 1.000000 4
1439 1.000000 4
1444 1.000000 5
1448 1.000000 4
1452 1.000000 4
1456 -1.000000 4
1460 1.000000 4
1464 1.000000 4
1468 1.000000 4
1473 1.000000 5
1478 0.000000 5
1483 1.000000 5
1487 1.000000 4
1491 1.000000 4
1496 1.000000 5
1500 -1.000000 4
1504 1.000000 4
1508 1.000000 4
1513 1.000000 5
1518 1.000000 5
1521 1.000000 3
1525 1.000000 4
1529 1.000000 4
1534 1.000000 5
1537 -1.000000 3
1542 1.000000 5
1546 -1.000000 4
1550 1.000000 4
1553 -1.000000 3
1557 1.000000 4
1560 1.000000 3
1565 1.000000 5
1569 1.000000 4
1572 -1.000000 3
1575 -1.000000 3
1578 -1.000000 3
1583 1.000000 5
1586 -1.000000 3
1590 1.000000 4
1593 -1.000000 3
1597 1.000000 4
1601 1.000000 4
1605 1.000000 4
1609 1.000000 4
1614 1.000000 5
1618 1.000000 4
1622 1.000000 4
1627 0.000000 5
1631 1.000000 4
1636 1.000000 5
1640 1.000000 4
1644 1.000000 4
1647 -1.000000 3
1650 1.000000 3
1653 -1.000000 3
1656 1.000000 3
1659 -1.000000 3
1663 1.000000 4
1668 1.000000 5
1671 -1.000000 3
1675 1.000000 4
1678 1.000000 3
1683 1.000000 5
1688 0.000000 5
1693 1.000000 5
1698 0.000000 5
1703 1.000000 5
1706 -1.000000 3
1711 1.000000 5
1715 1.000000 4
1719 -1.000000 4
1724 1.000000 5
1728 1.000000 4
1733 1.000000 5
1737 1.000000 4
1742 1.000000 5
1747 1.000000 5
1752 0.000000 5
1756 1.000000 4
1759 1.000000 3
1763 -1.000000 4
1767 -1.000000 4
1771 -1.000000 4
1776 1.000000 5
1779 1.000000 3
1784 1.000000 5
1788 1.000000 4
1792 1.000000 4
1797 1.000000 5
1802 0.000000 5
1806 1.000000 4
1810 -1.000000 4
1814 1.000000 4
1818 -1.000000 4
1823 1.000000 5
1827 1.000000 4
1832 1.000000 5
1836 1.000000 4
1840 -1.000000 4
1845 1.000000 5
1850 0.000000 5
1853 1.000000 3
1857 1.000000 4
1862 0.000000 5
1865 -1.000000 3
1869 1.000000 4
1873 1.000000 4
1878 0.000000 5
1882 1.000000 4
1887 1.000000 5
1891 1.000000 4
1895 1.000000 4
1898 -1.000000 3
1902 -1.000000 4
1905 1.000000 3
1910 1.000000 5
1914 1.000000 4
1918 1.000000 4
1922 -1.000000 4
1926 1.000000 4
1930 1.000000 4
1934 -1.000000 4
1939 0.000000 5
1943 1.000000 4
1948 1.000000 5
1951 -1.000000 3
1955 1.000000 4
1960 1.000000 5
1964 1.000000 4
1967 1.000000 3
1972 0.000000 5
1976 1.000000 4
1980 -1.000000 4
1984 -1.000000 4
1989 1.000000 5
1993 1.000000 4
1998 1.000000 5
2003 0.000000 5
2007 1.000000 4
2012 0.000000 5
2015 -1.000000 3
2020 0.000000 5
2023 -1.000000 3
2026 1.000000 3
2029 1.000000 3
2032 -1.000000 3
2035 -1.000000 3
2039 1.000000 4
2043 1.000000 4
2048 1.000000 5
2053 1.000000 5
2057 -1.000000 4
2062 0.000000 5
2067 1.000000 5
2072 0.000000 5
2077 1.000000 5
2081 -1.000000 4
2086 1.000000 5
2090 -1.000000 4
2095 1.000000 5
2100 1.000000 5
2104 -1.000000 4
2108 1.000000 4
2113 0.000000 5
2116 1.000000 3
2120 1.000000 4
2125 1.000000 5
2129 -1.000000 4
2133 1.000000 4
2138 1.000000 5
2142 -1.000000 4
2145 1.000000 3
2148 -1.000000 3
2153 1.000000 5
2157 -1.000000 4
2161 1.000000 4
2165 1.000000 4
2168 1.000000 3
2173 1.000000 5
2178 0.000000 5
2182 -1.000000 4
2186 1.000000 4
2190 -1.000000 4
2195 1.000000 5
2199 -1.000000 4
2203 -1.000000 4
2208 1.000000 5
2212 -1.000000 4
2216 1.000000 4
2221 0.000000 5
2225 -1.000000 4
2230 0.000000 5
2235 1.000000 5
2239 -1.000000 4
2243 1.000000 4
2246 1.000000 3
2250 -1.000000 4
2255 1.000000 5
2260 1.000000 5
2264 -1.000000 4
2268 1.000000 4
2273 0.000000 5
2277 -1.000000 4
2281 -1.000000 4
2285 1.000000 4
2290 1.000000 5
2295 0.000000 5
2300 1.000000 5
2304 1.000000 4
2307 1.000000 3
2311 1.000000 4
2316 0.000000 5
2319 1.000000 3
2323 1.000000 4
2328 0.000000 5
2333 0.000000 5
2336 1.000000 3
2340 1.000000 4
2343 1.000000 3
2347 1.000000 4
2351 -1.000000 4
2355 1.000000 4
2359 -1.000000 4
2364 1.000000 5
2369 1.000000 5
2373 1.000000 4
2378 1.000000 5
2382 1.000000 4
2386 1.000000 4
2391 1.000000 5
2394 -1.000000 3
2399 1.000000 5
2404 0.000000 5
2408 1.000000 4
2412 1.000000 4
2415 -1.000000 3
2419 -1.000000 4
2423 1.000000 4
2428 1.000000 5
2432 1.000000 4
2435 1.000000 3
2438 1.000000 3
2442 1.000000 4
2447 1.000000 5
2451 -1.000000 4
2455 -1.000000 4
2460 0.000000 5
2464 1.000000 4
2467 -1.000000 3
2471 -1.000000 4
2476 1.000000 5
2479 1.000000 3
2482 1.000000 3
2485 1.000000 3
2489 -1.000000 4
2493 1.000000 4
2497 1.000000 4
2501 -1.000000 4
2505 1.000000 4
2508 1.000000 3
2512 -1.000000 4
2515 1.000000 3
2519 1.000000 4
2524 1.000000 5
2528 1.000000 4
2531 1.000000 3
2536 1.000000 5
2541 0.000000 5
2544 1.000000 3
2548 -1.000000 4
2552 1.000000 4
2556 1.000000 4
2561 0.000000 5
2565 1.000000 4
2570 0.000000 5
2574 -1.000000 4
2578 1.000000 4
2582 -1.000000 4
2585 1.000000 3
2590 1.000000 5
2594 1.000000 4
2599 1.000000 5
2604 1.000000 5
2608 1.000000 4
2611 -1.000000 3
2616 1.000000 5
2619 1.000000 3
2623 -1.000000 4
2627 -1.000000 4
2630 -1.000000 3
2635 1.000000 5
2639 -1.000000 4
2643 1.000000 4
2648 1.000000 5
2652 1.000000 4
2657 0.000000 5
2661 1.000000 4
2666 1.000000 5
2670 1.000000 4
2675 1.000000 5
2679 1.000000 4
2684 1.000000 5
2689 0.000000 5
2692 1.000000 3
2696 1.000000 4
2700 1.000000 4
2704 -1.000000 4
2708 -1.000000 4
2713 0.000000 5
2716 1.000000 3
2719 1.000000 3
2723 1.000000 4
2728 0.000000 5
2732 -1.000000 4
2737 0.000000 5
2741 1.000000 4
2745 1.000000 4
2750 1.000000 5
2754 1.000000 4
2759 1.000000 5
2763 1.000000 4
2768 1.000000 5
2772 -1.000000 4
2777 1.000000 5
2781 -1.000000 4
2786 0.000000 5
2789 -1.000000 3
2793 1.000000 4
2796 1.000000 3
2800 1.000000 4
2805 1.000000 5
2809 1.000000 4
2814 1.000000 5
2819 1.000000 5
2823 1.000000 4
2828 0.000000 5
2833 1.000000 5
2837 1.000000 4
2841 -1.000000 4
2845 1.000000 4
2850 0.000000 5
2854 1.000000 4
2858 -1.000000 4
2862 1.000000 4
2866 1.000000 4
2870 1.000000 4
2874 1.000000 4
2877 -1.000000 3
2880 -1.000000 3
2884 1.000000 4
2887 1.000000 3
2891 1.000000 4
2896 1.000000 5
2901 1.000000 5
2905 1.000000 4
2910 0.000000 5
2913 -1.000000 3
2916 -1.000000 3
2921 0.000000 5
2925 -1.000000 4
2930 0.000000 5
2934 -1.000000 4
2938 1.000000 4
2942 -1.000000 4
2945 -1.000000 3
2949 -1.000000 4
2953 -1.000000 4
2958 1.000000 5
2962 1.000000 4
2967 0.000000 5
2970 -1.000000 3
2973 1.000000 3
2977 1.000000 4
2981 1.000000 4
2985 -1.000000 4
2989 1.000000 4
2993 1.000000 4
2997 -1.000000 4
3002 0.000000 5
3006 1.000000 4
3011 1.000000 5
3015 -1.000000 4
3019 1.000000 4
3024 0.000000 5
3029 1.000000 5
3034 1.000000 5
3037 -1.000000 3
3040 -1.000000 3
3045 0.000000 5
3050 0.000000 5
3055 1.000000 5
3058 1.000000 3
3063 1.000000 5
3066 -1.000000 3
3070 -1.000000 4
3074 -1.000000 4
3078 -1.000000 4
3083 1.000000 5
3086 -1.000000 3
3091 1.000000 5
3095 -1.000000 4
3100 1.000000 5
3105 1.000000 5
3108 1.000000 3
3112 1.000000 4
3117 1.000000 5
3121 1.000000 4
3125 1.000000 4
3129 1.000000 4
3134 1.000000 5
3139 1.000000 5
3143 1.000000 4
3148 1.000000 5
3153 1.000000 5
3157 -1.000000 4
3161 1.000000 4
3165 -1.000000 4
3170 0.000000 5
3174 1.000000 4
3177 1.000000 3
3182 1.000000 5
3187 1.000000 5
3190 1.000000 3
3194 1.000000 4
3199 1.000000 5
3203 -1.000000 4
3207 1.000000 4
3211 1.000000 4
3216 1.000000 5
3219 -1.000000 3
3223 -1.000000 4
3227 1.000000 4
3232 0.000000 5
3236 1.000000 4
3240 -1.000000 4
3245 1.000000 5
3250 0.000000 5
3254 1.000000 4
3259 1.000000 5
3262 -1.000000 3
3267 0.000000 5
3271 1.000000 4
3275 1.000000 4
3280 0.000000 5
3284 1.000000 4
3288 -1.000000 4
3293 1.000000 5
3297 1.000000 4
3301 1.000000 4
3306 1.000000 5
3310 1.000000 4
3315 0.000000 5
3318 -1.000000 3
3322 -1.000000 4
3327 0.000000 5
3331 1.000000 4
3336 1.000000 5
3341 0.000000 5
3345 -1.000000 4
3349 -1.000000 4
3352 1.000000 3
3356 1.000000 4
3359 1.000000 3
3364 1.000000 5
3367 -1.000000 3
3371 -1.000000 4
3375 -1.000000 4
3380 1.000000 5
3385 1.000000 5
3389 1.000000 4
3394 1.000000 5
3397 -1.000000 3
3401 1.000000 4
3405 1.000000 4
3409 -1.000000 4
3413 -1.000000 4
3418 0.000000 5
3423 1.000000 5
3427 1.000000 4
3432 1.000000 5
3437 0.000000 5
3442 1.000000 5
3446 1.000000 4
3449 1.000000 3
3454 1.000000 5
3457 -1.000000 3
3462 0.000000 5
3467 1.000000 5
3472 0.000000 5
3477 1.000000 5
3481 -1.000000 4
3484 -1.000000 3
3488 1.000000 4
3493 1.000000 5
3497 -1.000000 4
3501 1.000000 4
3505 -1.000000 4
3509 -1.000000 4
3513 -1.000000 4
3517 1.000000 4
3520 -1.000000 3
3525 0.000000 5
3529 -1.000000 4
3532 1.000000 3
3535 1.000000 3
3539 -1.000000 4
3544 1.000000 5
3548 -1.000000 4
3553 1.000000 5
3557 -1.000000 4
3561 1.000000 4
3565 -1.000000 4
3569 1.000000 4
3572 -1.000000 3
3577 0.000000 5
3580 1.000000 3
3584 -1.000000 4
3588 -1.000000 4
3593 1.000000 5
3597 -1.000000 4
3602 1.000000 5
3606 1.000000 4
3610 1.000000 4
3615 1.000000 5
3620 1.000000 5
3624 1.000000 4
3629 0.000000 5
3634 1.000000 5
3637 1.000000 3
3642 0.000000 5
3646 -1.000000 4
3651 1.000000 5
3656 0.000000 5
3661 1.000000 5
3664 1.000000 3
3667 -1.000000 3
3671 1.000000 4
3674 -1.000000 3
3678 1.000000 4
3682 1.000000 4
3685 -1.000000 3
3689 1.000000 4
3693 1.000000 4
3698 1.000000 5
3703 1.000000 5
3706 -1.000000 3
3711 1.000000 5
3715 -1.000000 4
3720 1.000000 5
3725 0.000000 5
3728 -1.000000 3
3732 1.000000 4
3736 1.000000 4
3741 1.000000 5
3745 1.000000 4
3749 -1.000000 4
3753 1.000000 4
3758 1.000000 5
3763 0.000000 5
3768 1.000000 5
3772 1.000000 4
3777 1.000000 5
3782 1.000000 5
3787 0.000000 5
3791 1.000000 4
3795 1.000000 4
3799 1.000000 4
3803 1.000000 4
3807 -1.000000 4
3810 -1.000000 3
3814 -1.000000 4
3818 1.000000 4
3821 1.000000 3
3826 0.000000 5
3830 -1.000000 4
3834 1.000000 4
3837 -1.000000 3
3840 1.000000 3
3843 1.000000 3
3847 1.000000 4
3851 1.000000 4
3856 1.000000 5
3861 0.000000 5
3866 1.000000 5
3870 -1.000000 4
3875 1.000000 5
3880 0.000000 5
3884 1.000000 4
3887 -1.000000 3
3891 1.000000 4
3894 -1.000000 3
3899 1.000000 5
3902 -1.000000 3
3906 1.000000 4
3910 1.000000 4
3914 -1.000000 4
3917 1.000000 3
3921 1.000000 4
3926 0.000000 5
3930 -1.000000 4
3934 1.000000 4
3938 1.000000 4
3943 0.000000 5
3947 1.000000 4
3951 -1.000000 4
3955 1.000000 4
3960 1.000000 5
3965 1.000000 5
3969 1.000000 4
3974 1.000000 5
3977 1.000000 3
3982 0.000000 5
3986 1.000000 4
3990 1.000000 4
3994 -1.000000 4
3997 1.000000 3
4001 -1.000000 4
4006 1.000000 5
4009 -1.000000 3
4014 1.000000 5
4018 1.000000 4
4022 1.000000 4
4026 -1.000000 4
4030 1.000000 4
4034 -1.000000 4
4037 -1.000000 3
4042 1.000000 5
4047 0.000000 5
4052 0.000000 5
4056 -1.000000 4
4061 1.000000 5
4064 1.000000 3
4067 1.000000 3
4070 1.000000 3
4074 1.000000 4
4077 -1.000000 3
4081 1.000000 4
4086 0.000000 5
4090 1.000000 4
4093 1.000000 3
4096 1.000000 3
4100 1.000000 4
4105 0.000000 5
4109 1.000000 4
4114 1.000000 5
4118 -1.000000 4
4121 1.000000 3
4125 1.000000 4
4130 1.000000 5
4134 -1.000000 4
4139 1.000000 5
4144 0.000000 5
4148 1.000000 4
4153 0.000000 5
4157 -1.000000 4
4162 0.000000 5
4167 1.000000 5
4171 1.000000 4
4174 -1.000000 3
4179 1.000000 5
4183 1.000000 4
4188 1.000000 5
4191 1.000000 3
4195 1.000000 4
4199 1.000000 4
4204 0.000000 5
4208 1.000000 4
4212 -1.000000 4
4217 0.000000 5
4220 1.000000 3
4225 1.000000 5
4230 0.000000 5
4234 1.000000 4
4239 0.000000 5
4243 -1.000000 4
4248 1.000000 5
4252 1.000000 4
4255 -1.000000 3
4258 1.000000 3
4262 1.000000 4
4267 1.000000 5
4271 -1.000000 4
4275 -1.000000 4
4278 1.000000 3
4282 1.000000 4
4286 1.000000 4
4290 1.000000 4
4293 -1.000000 3
4298 1.000000 5
4303 1.000000 5
4308 0.000000 5
4312 1.000000 4
4316 1.000000 4
4320 -1.000000 4
4325 1.000000 5
4330 1.000000 5
4334 1.000000 4
4338 1.000000 4
4343 0.000000 5
4347 -1.000000 4
4352 0.000000 5
4355 1.000000 3
4359 -1.000000 4
4363 1.000000 4
4367 1.000000 4
4371 1.000000 4
4375 -1.000000 4
4379 1.000000 4
4383 1.000000 4
4387 1.000000 4
4391 -1.000000 4
4395 -1.000000 4
4398 -1.000000 3
4402 1.000000 4
4407 0.000000 5
4412 0.000000 5
4416 -1.000000 4
4419 1.000000 3
4423 -1.000000 4
4427 1.000000 4
4431 1.000000 4
4435 1.000000 4
4439 -1.000000 4
4443 -1.000000 4
4446 1.000000 3
4451 0.000000 5
4455 1.000000 4
4459 -1.000000 4
4463 -1.000000 4
4468 0.000000 5
4471 1.000000 3
4475 1.000000 4
4478 1.000000 3
4482 -1.000000 4
4486 -1.000000 4
4490 -1.000000 4
4494 -1.000000 4
4497 1.000000 3
4502 0.000000 5
4505 1.000000 3
4510 1.000000 5
4515 0.000000 5
4519 1.000000 4
4524 1.000000 5
4527 1.000000 3
4530 -1.000000 3
4534 -1.000000 4
4539 1.000000 5
4544 1.000000 5
4548 -1.000000 4
4553 0.000000 5
4557 1.000000 4
4561 1.000000 4
4565 1.000000 4
4569 -1.000000 4
4574 1.000000 5
4579 1.000000 5
4582 -1.000000 3
4585 1.000000 3
4590 0.000000 5
4593 1.000000 3
4596 1.000000 3
4599 1.000000 3
4603 1.000000 4
4608 1.000000 5
4612 -1.000000 4
4616 1.000000 4
4620 -1.000000 4
4624 1.000000 4
4628 1.000000 4
4631 1.000000 3
4634 -1.000000 3
4639 0.000000 5
4644 0.000000 5
4649 1.000000 5
4653 1.000000 4
4658 1.000000 5
4663 1.000000 5
4668 1.000000 5
4672 1.000000 4
4675 1.000000 3
4678 -1.000000 3
4682 1.000000 4
4685 -1.000000 3
4689 1.000000 4
4692 1.000000 3
4696 1.000000 4
4700 -1.000000 4
4703 1.000000 3
4707 1.000000 4
4710 -1.000000 3
4713 -1.000000 3
4717 1.000000 4
4720 1.000000 3
4724 1.000000 4
4728 -1.000000 4
4733 1.000000 5
4737 1.000000 4
4740 1.000000 3
4744 1.000000 4
4749 0.000000 5
4753 1.000000 4
4758 1.000000 5
4762 -1.000000 4
4766 -1.000000 4
4770 -1.000000 4
4774 1.000000 4
4779 0.000000 5
4782 1.000000 3
4785 -1.000000 3
4790 1.000000 5
4794 1.000000 4
4798 -1.000000 4
4801 -1.000000 3
4805 1.000000 4
4808 1.000000 3
4812 1.000000 4
4817 0.000000 5
4821 -1.000000 4
4825 1.000000 4
4829 -1.000000 4
4833 1.000000 4
4837 1.000000 4
4841 1.000000 4
4846 1.000000 5
4850 -1.000000 4
4855 0.000000 5
4858 1.000000 3
4863 0.000000 5
4867 -1.000000 4
4870 -1.000000 3
4875 0.000000 5
4880 1.000000 5
4885 1.000000 5
4888 1.000000 3
4892 1.000000 4
4896 1.000000 4
4901 0.000000 5
4905 -1.000000 4
4909 1.000000 4
4914 0.000000 5
4919 0.000000 5
4923 -1.000000 4
4928 1.000000 5
4931 1.000000 3
4935 -1.000000 4
4939 -1.000000 4
4944 0.000000 5
4949 1.000000 5
4953 -1.000000 4
4956 1.000000 3
4961 1.000000 5
4965 1.000000 4
4968 1.000000 3
4972 -1.000000 4
4977 1.000000 5
4981 1.000000 4
4985 1.000000 4
4990 0.000000 5
4995 1.000000 5
5000 0.000000 5
5004 1.000000 4
5009 0.000000 5
5012 -1.000000 3
5016 -1.000000 4
5021 1.000000 5
5025 -1.000000 4
5030 0.000000 5
5035 0.000000 5
5040 1.000000 5
5045 1.000000 5
5050 1.000000 5
5055 1.000000 5
5059 -1.000000 4
5062 -1.000000 3
5066 -1.000000 4
5069 -1.000000 3
5072 1.000000 3
5077 1.000000 5
5082 1.000000 5
5085 1.000000 3
5089 -1.000000 4
5094 0.000000 5
5098 -1.000000 4
5101 1.000000 3
5106 1.000000 5
5111 1.000000 5
5115 1.000000 4
5119 -1.000000 4
5124 0.000000 5
5127 1.000000 3
5132 1.000000 5
5137 0.000000 5
5142 1.000000 5
5146 1.000000 4
5151 1.000000 5
5155 -1.000000 4
5160 0.000000 5
5164 -1.000000 4
5167 1.000000 3
5172 1.000000 5
5177 0.000000 5
5181 -1.000000 4
5186 1.000000 5
5190 1.000000 4
5194 -1.000000 4
5199 1.000000 5
5202 1.000000 3
5207 1.000000 5
5212 0.000000 5
5217 1.000000 5
5222 1.000000 5
5227 0.000000 5
5231 1.000000 4
5235 -1.000000 4
5240 1.000000 5
5244 1.000000 4
5248 1.000000 4
5252 1.000000 4
5256 -1.000000 4
5260 1.000000 4
5264 -1.000000 4
5269 0.000000 5
5274 1.000000 5
5279 0.000000 5
5283 -1.000000 4
5288 1.000000 5
5292 -1.000000 4
5296 1.000000 4
5301 1.000000 5
5305 -1.000000 4
5308 1.000000 3
5313 1.000000 5
5317 1.000000 4
5322 1.000000 5
5326 1.000000 4
5329 1.000000 3
5334 1.000000 5
5338 1.000000 4
5342 -1.000000 4
5346 -1.000000 4
5349 -1.000000 3
5353 1.000000 4
5358 1.000000 5
5361 1.000000 3
5365 1.000000 4
5370 1.000000 5
5374 1.000000 4
5379 1.000000 5
5384 1.000000 5
5389 1.000000 5
5392 1.000000 3
5397 1.000000 5
5401 1.000000 4
5406 1.000000 5
5411 1.000000 5
5415 -1.000000 4
5420 0.000000 5
5424 1.000000 4
5429 1.000000 5
5434 1.000000 5
5437 1.000000 3
5441 1.000000 4
5446 0.000000 5
5450 1.000000 4
5454 -1.000000 4
5457 1.000000 3
5461 1.000000 4
5464 -1.000000 3
5467 -1.000000 3
5471 -1.000000 4
5475 1.000000 4
5480 0.000000 5
5483 1.000000 3
5487 1.000000 4
5492 0.000000 5
5497 1.000000 5
5501 1.000000 4
5506 0.000000 5
5510 1.000000 4
5513 1.000000 3
5517 1.000000 4
5521 1.000000 4
5525 1.000000 4
5529 -1.000000 4
5534 1.000000 5
5539 0.000000 5
5543 -1.000000 4
5547 -1.000000 4
5551 -1.000000 4
5556 1.000000 5
5561 0.000000 5
5564 -1.000000 3
5569 1.000000 5
5574 1.000000 5
5579 0.000000 5
5584 1.000000 5
5587 1.000000 3
5590 1.000000 3
5593 1.000000 3
5597 -1.000000 4
5602 0.000000 5
5605 1.000000 3
5609 -1.000000 4
5613 1.000000 4
5617 -1.000000 4
5622 1.000000 5
5626 -1.000000 4
5630 1.000000 4
5635 0.000000 5
5640 1.000000 5
5645 1.000000 5
5649 1.000000 4
5654 0.000000 5
5658 -1.000000 4
5663 1.000000 5
5668 1.000000 5
5671 1.000000 3
5675 1.000000 4
5678 1.000000 3
5683 1.000000 5
5688 1.000000 5
5692 -1.000000 4
5696 -1.000000 4
5701 1.000000 5
5706 0.000000 5
5711 1.000000 5
5715 1.000000 4
5719 1.000000 4
5722 -1.000000 3
5726 1.000000 4
5730 -1.000000 4
5734 1.000000 4
5738 1.000000 4
5742 -1.000000 4
5747 1.000000 5
5751 -1.000000 4
5755 1.000000 4
5760 1.000000 5
5765 1.000000 5
5769 1.000000 4
5773 1.000000 4
5777 1.000000 4
5780 1.000000 3
5785 1.000000 5
5788 -1.000000 3
5793 1.000000 5
5798 1.000000 5
5803 1.000000 5
5808 1.000000 5
5813 1.000000 5
5816 -1.000000 3
5821 1.000000 5
5825 1.000000 4
5829 1.000000 4
5833 1.000000 4
5837 -1.000000 4
5842 1.000000 5
5845 1.000000 3
5849 1.000000 4
5853 1.000000 4
5856 1.000000 3
5861 1.000000 5
5864 1.000000 3
5868 1.000000 4
5871 1.000000 3
5875 1.000000 4
5880 1.000000 5
5885 1.000000 5
5888 1.000000 3
5892 1.000000 4
5897 1.000000 5
5901 1.000000 4
5905 1.000000 4
5910 1.000000 5
5913 1.000000 3
5916 1.000000 3
5921 1.000000 5
5926 0.000000 5
5930 1.000000 4
5934 1.000000 4
5938 -1.000000 4
5943 1.000000 5
5948 1.000000 5
5952 1.000000 4
5956 -1.000000 4
5960 -1.000000 4
5964 -1.000000 4
5967 1.000000 3
5972 0.000000 5
5977 1.000000 5
5981 1.000000 4
5986 0.000000 5
5991 1.000000 5
5995 1.000000 4
6000 0.000000 5
6005 1.000000 5
6010 1.000000 5
6014 -1.000000 4
6019 1.000000 5
6024 1.000000 5
6029 1.000000 5
6033 1.000000 4
6038 1.000000 5
6041 1.000000 3
6045 1.000000 4
6050 0.000000 5
6054 -1.000000 4
6059 1.000000 5
6063 1.000000 4
6066 1.000000 3
6071 1.000000 5
6075 1.000000 4
6078 1.000000 3
6082 1.000000 4
6086 1.000000 4
6089 1.000000 3
6094 1.000000 5
6099 0.000000 5
6102 -1.000000 3
6106 -1.000000 4
6111 0.000000 5
6114 1.000000 3
6119 0.000000 5
6122 -1.000000 3
6127 1.000000 5
6132 1.000000 5
6137 0.000000 5
6142 1.000000 5
6146 -1.000000 4
6150 1.000000 4
6153 1.000000 3
6158 1.000000 5
6162 1.000000 4
6166 1.000000 4
6170 1.000000 4
6174 1.000000 4
6179 0.000000 5
6184 1.000000 5
6188 1.000000 4
6192 -1.000000 4
6197 1.000000 5
6200 1.000000 3
6205 1.000000 5
6210 1.000000 5
6214 -1.000000 4
6218 1.000000 4
6221 -1.000000 3
6224 1.000000 3
6229 0.000000 5
6233 -1.000000 4
6237 1.000000 4
6241 1.000000 4
6245 -1.000000 4
6250 0.000000 5
6253 -1.000000 3
6256 -1.000000 3
6260 -1.000000 4
6264 1.000000 4
6269 1.000000 5
6273 1.000000 4
6277 -1.000000 4
6281 -1.000000 4
6285 1.000000 4
6290 1.000000 5
6294 1.000000 4
6297 1.000000 3
6302 1.000000 5
6306 1.000000 4
6310 1.000000 4
6315 1.000000 5
6318 1.000000 3
6322 1.000000 4
6327 1.000000 5
6331 1.000000 4
6334 1.000000 3
6339 0.000000 5
6342 1.000000 3
6346 1.000000 4
6350 -1.000000 4
6353 -1.000000 3
6357 1.000000 4
6360 1.000000 3
6364 1.000000 4
6367 1.000000 3
6371 1.000000 4
6376 1.000000 5
6380 -1.000000 4
6384 1.000000 4
6389 1.000000 5
6393 1.000000 4
6397 -1.000000 4
6402 1.000000 5
6406 -1.000000 4
6411 0.000000 5
6414 1.000000 3
6418 -1.000000 4
6421 1.000000 3
6425 1.000000 4
6428 1.000000 3
6432 1.000000 4
6437 1.000000 5
6440 -1.000000 3
6444 -1.000000 4
6448 1.000000 4
6452 -1.000000 4
6456 1.000000 4
6460 -1.000000 4
6464 -1.000000 4
6469 1.000000 5
6473 -1.000000 4
6478 1.000000 5
6482 1.000000 4
6486 1.000000 4
6490 1.000000 4
6494 -1.000000 4
6498 1.000000 4
6502 -1.000000 4
6506 1.000000 4
6510 -1.000000 4
6515 0.000000 5
6520 1.000000 5
6524 1.000000 4
6527 -1.000000 3
6531 -1.000000 4
6534 1.000000 3
6539 0.000000 5
6544 1.000000 5
6549 0.000000 5
6554 0.000000 5
6557 -1.000000 3
6562 1.000000 5
6565 -1.000000 3
6569 1.000000 4
6573 1.000000 4
6578 0.000000 5
6582 1.000000 4
6586 1.000000 4
6589 -1.000000 3
6593 -1.000000 4
6596 -1.000000 3
6600 1.000000 4
6603 1.000000 3
6607 -1.000000 4
6611 1.000000 4
6616 0.000000 5
6619 1.000000 3
6624 1.000000 5
6627 1.000000 3
6632 1.000000 5
6636 -1.000000 4
6640 1.000000 4
6643 -1.000000 3
6647 -1.000000 4
6652 1.000000 5
6656 -1.000000 4
6659 -1.000000 3
6663 1.000000 4
6667 1.000000 4
6672 0.000000 5
6676 1.000000 4
6681 0.000000 5
6685 1.000000 4
6690 1.000000 5
6695 1.000000 5
6699 1.000000 4
6704 1.000000 5
6707 1.000000 3
6712 1.000000 5
6717 1.000000 5
6720 1.000000 3
6725 1.000000 5
6728 -1.000000 3
6731 1.000000 3
6734 1.000000 3
6738 1.000000 4
6742 -1.000000 4
6746 1.000000 4
6749 -1.000000 3
6754 1.000000 5
6758 -1.000000 4
6763 1.000000 5
6767 1.000000 4
6770 -1.000000 3
6773 1.000000 3
6776 -1.000000 3
6779 -1.000000 3
6783 1.000000 4
6788 0.000000 5
6793 1.000000 5
6797 1.000000 4
6801 -1.000000 4
6804 1.000000 3
6807 -1.000000 3
6812 1.000000 5
6816 -1.000000 4
6820 -1.000000 4
6824 1.000000 4
6828 1.000000 4
6832 1.000000 4
6836 1.000000 4
6840 1.000000 4
6845 1.000000 5
6849 -1.000000 4
6852 -1.000000 3
6857 1.000000 5
6861 1.000000 4
6864 1.000000 3
6868 1.000000 4
6871 -1.000000 3
6874 -1.000000 3
6877 1.000000 3
6881 1.000000 4
6885 -1.000000 4
6888 -1.000000 3
6893 1.000000 5
6898 1.000000 5
6902 1.000000 4
6907 0.000000 5
6910 1.000000 3
6914 1.000000 4
6919 0.000000 5
6922 -1.000000 3
6926 1.000000 4
6930 1.000000 4
6935 1.000000 5
6940 1.000000 5
6945 1.000000 5
6949 -1.000000 4
6953 -1.000000 4
6957 1.000000 4
6961 1.000000 4
6965 1.000000 4
6970 1.000000 5
6974 1.000000 4
6979 1.000000 5
6983 -1.000000 4
6988 1.000000 5
6993 0.000000 5
6997 1.000000 4
7001 1.000000 4
7005 1.000000 4
7010 0.000000 5
7013 1.000000 3
7017 1.000000 4
7021 1.000000 4
7026 1.000000 5
7030 1.000000 4
7033 -1.000000 3
7037 1.000000 4
7042 1.000000 5
7047 1.000000 5
7051 1.000000 4
7054 -1.000000 3
7057 1.000000 3
7061 1.000000 4
7065 -1.000000 4
7068 1.000000 3
7072 1.000000 4
7076 1.000000 4
7079 1.000000 3
7083 -1.000000 4
7087 -1.000000 4
7090 -1.000000 3
7094 -1.000000 4
7098 1.000000 4
7103 1.000000 5
7108 1.000000 5
7113 1.000000 5
7118 1.000000 5
7121 1.000000 3
7125 -1.000000 4
7128 -1.000000 3
7131 1.000000 3
7134 1.000000 3
7139 0.000000 5
7143 1.000000 4
7147 1.000000 4
7151 1.000000 4
7156 1.000000 5
7160 1.000000 4
7164 1.000000 4
7169 0.000000 5
7173 -1.000000 4
7177 1.000000 4
7181 1.000000 4
7186 0.000000 5
7190 1.000000 4
7194 -1.000000 4
7198 -1.000000 4
7203 0.000000 5
7207 1.000000 4
7211 -1.000000 4
7216 0.000000 5
7220 1.000000 4
7224 1.000000 4
7228 -1.000000 4
7233 0.000000 5
7237 1.000000 4
7241 -1.000000 4
7246 0.000000 5
7250 1.000000 4
7254 1.000000 4
7258 -1.000000 4
7263 1.000000 5
7267 -1.000000 4
7272 0.000000 5
7276 1.000000 4
7279 -1.000000 3
7284 0.000000 5
7288 1.000000 4
7292 -1.000000 4
7297 1.000000 5
7301 -1.000000 4
7306 1.000000 5
7310 1.000000 4
7313 -1.000000 3
7316 1.000000 3
7320 -1.000000 4
7325 1.000000 5
7329 1.000000 4
7334 1.000000 5
7339 1.000000 5
7343 -1.000000 4
7348 0.000000 5
7353 1.000000 5
7357 1.000000 4
7361 -1.000000 4
7365 1.000000 4
7369 1.000000 4
7374 1.000000 5
7377 1.000000 3
7382 0.000000 5
7386 1.000000 4
7391 1.000000 5
7396 1.000000 5
7400 -1.000000 4
7403 -1.000000 3
7408 1.000000 5
7412 -1.000000 4
7415 1.000000 3
7420 1.000000 5
7425 0.000000 5
7429 1.000000 4
7434 1.000000 5
7439 1.000000 5
7443 1.000000 4
7447 1.000000 4
7452 0.000000 5
7455 1.000000 3
7460 1.000000 5
7465 1.000000 5
7469 1.000000 4
7472 1.000000 3
7476 -1.000000 4
7480 1.000000 4
7484 1.000000 4
7487 1.000000 3
7491 1.000000 4
7496 0.000000 5
7501 0.000000 5
7506 1.000000 5
7511 1.000000 5
7514 -1.000000 3
7518 -1.000000 4
7521 -1.000000 3
7526 0.000000 5
7531 1.000000 5
7535 1.000000 4
7540 1.000000 5
7544 1.000000 4
7549 1.000000 5
7552 -1.000000 3
7556 -1.000000 4
7560 1.000000 4
7565 1.000000 5
7570 1.000000 5
7575 0.000000 5
7579 1.000000 4
7582 -1.000000 3
7586 -1.000000 4
7591 0.000000 5
7596 0.000000 5
7601 1.000000 5
7606 1.000000 5
7611 1.000000 5
7615 1.000000 4
7618 1.000000 3
7623 1.000000 5
7627 1.000000 4
7632 1.000000 5
7636 1.000000 4
7640 1.000000 4
7643 1.000000 3
7648 0.000000 5
7653 0.000000 5
7657 1.000000 4
7661 1.000000 4
7664 -1.000000 3
7669 0.000000 5
7672 1.000000 3
7677 1.000000 5
7680 -1.000000 3
7684 1.000000 4
7688 1.000000 4
7692 1.000000 4
7696 1.000000 4
7701 1.000000 5
7705 -1.000000 4
7709 -1.000000 4
7713 1.000000 4
7717 1.000000 4
7721 1.000000 4
7725 1.000000 4
7729 -1.000000 4
7734 1.000000 5
7739 0.000000 5
7744 0.000000 5
7748 1.000000 4
7751 -1.000000 3
7756 0.000000 5
7761 1.000000 5
7765 1.000000 4
7768 -1.000000 3
7771 -1.000000 3
7776 1.000000 5
7780 -1.000000 4
7783 -1.000000 3
7788 0.000000 5
7793 0.000000 5
7798 0.000000 5
7801 -1.000000 3
7804 1.000000 3
7808 1.000000 4
7812 1.000000 4
7816 1.000000 4
7821 1.000000 5
7826 0.000000 5
7830 1.000000 4
7834 -1.000000 4
7838 1.000000 4
7842 -1.000000 4
7846 1.000000 4
7850 1.000000 4
7855 1.000000 5
7859 1.000000 4
7864 1.000000 5
7869 0.000000 5
7873 1.000000 4
7877 -1.000000 4
7881 1.000000 4
7886 1.000000 5
7891 1.000000 5
7895 1.000000 4
7900 1.000000 5
7904 1.000000 4
7909 1.000000 5
7912 -1.000000 3
7917 1.000000 5
7922 1.000000 5
7927 1.000000 5
7931 1.000000 4
7936 1.000000 5
7940 1.000000 4
7945 0.000000 5
7948 -1.000000 3
7951 -1.000000 3
7955 1.000000 4
7958 1.000000 3
7961 -1.000000 3
7964 -1.000000 3
7967 1.000000 3
7971 1.000000 4
7976 1.000000 5
7979 -1.000000 3
7983 1.000000 4
7986 1.000000 3
7991 0.000000 5
7994 1.000000 3
7998 1.000000 4
8002 1.000000 4
8006 1.000000 4
8010 1.000000 4
8015 0.000000 5
8019 -1.000000 4
8024 1.000000 5
8027 -1.000000 3
8032 1.000000 5
8037 0.000000 5
8041 -1.000000 4
8045 1.000000 4
8050 0.000000 5
8055 1.000000 5
8060 1.000000 5
8064 1.000000 4
8068 1.000000 4
8072 1.000000 4
8077 0.000000 5
8082 0.000000 5
8086 1.000000 4
8091 1.000000 5
8095 1.000000 4
8099 1.000000 4
8103 1.000000 4
8107 1.000000 4
8111 -1.000000 4
8114 -1.000000 3
8118 1.000000 4
8122 -1.000000 4
8127 1.000000 5
8132 1.000000 5
8137 0.000000 5
8142 0.000000 5
8147 0.000000 5
8150 1.000000 3
8153 1.000000 3
8158 1.000000 5
8163 0.000000 5
8166 1.000000 3
8170 1.000000 4
8173 -1.000000 3
8176 -1.000000 3
8179 -1.000000 3
8183 1.000000 4
8188 1.000000 5
8191 1.000000 3
8194 1.000000 3
8198 1.000000 4
8203 0.000000 5
8207 1.000000 4
8211 1.000000 4
8214 1.000000 3
8217 1.000000 3
8221 1.000000 4
8225 1.000000 4
8229 1.000000 4
8234 0.000000 5
8239 1.000000 5
8242 1.000000 3
8245 -1.000000 3
8250 0.000000 5
8254 -1.000000 4
8258 1.000000 4
8262 -1.000000 4
8267 1.000000 5
8272 1.000000 5
8277 1.000000 5
8282 0.000000 5
8285 1.000000 3
8288 -1.000000 3
8293 1.000000 5
8297 -1.000000 4
8302 1.000000 5
8306 1.000000 4
8311 0.000000 5
8315 1.000000 4
8319 -1.000000 4
8323 -1.000000 4
8327 1.000000 4
8332 0.000000 5
8337 0.000000 5
8342 1.000000 5
8346 -1.000000 4
8350 1.000000 4
8355 1.000000 5
8358 1.000000 3
8362 -1.000000 4
8366 1.000000 4
8370 1.000000 4
8374 -1.000000 4
8378 -1.000000 4
8381 1.000000 3
8385 1.000000 4
8389 1.000000 4
8394 1.000000 5
8397 -1.000000 3
8401 1.000000 4
8404 -1.000000 3
8407 -1.000000 3
8412 1.000000 5
8417 1.000000 5
8422 0.000000 5
8425 -1.000000 3
8429 1.000000 4
8432 -1.000000 3
8436 -1.000000 4
8440 1.000000 4
8445 1.000000 5
8450 1.000000 5
8454 1.000000 4
8458 -1.000000 4
8463 1.000000 5
8467 -1.000000 4
8472 0.000000 5
8475 1.000000 3
8478 1.000000 3
8482 1.000000 4
8487 0.000000 5
8490 1.000000 3
8494 -1.000000 4
8498 -1.000000 4
8502 1.000000 4
8507 0.000000 5
8511 1.000000 4
8516 0.000000 5
8519 -1.000000 3
8523 -1.000000 4
8528 1.000000 5
8533 1.000000 5
8537 1.000000 4
8540 1.000000 3
8543 -1.000000 3
8547 1.000000 4
8550 1.000000 3
8553 1.000000 3
8557 1.000000 4
8561 1.000000 4
8566 0.000000 5
8570 1.000000 4
8574 1.000000 4
8578 1.000000 4
8583 1.000000 5
8586 1.000000 3
8590 1.000000 4
8593 -1.000000 3
8597 1.000000 4
8600 1.000000 3
8605 1.000000 5
8608 1.000000 3
8611 1.000000 3
8616 1.000000 5
8620 1.000000 4
8624 1.000000 4
8628 1.000000 4
8631 -1.000000 3
8636 1.000000 5
8639 1.000000 3
8644 0.000000 5
8648 1.000000 4
8653 1.000000 5
8658 1.000000 5
8662 1.000000 4
8667 1.000000 5
8672 1.000000 5
8676 1.000000 4
8680 1.000000 4
8683 1.000000 3
8687 1.000000 4
8691 1.000000 4
8695 -1.000000 4
8699 1.000000 4
8704 0.000000 5
8708 1.000000 4
8712 -1.000000 4
8716 1.000000 4
8719 1.000000 3
8723 1.000000 4
8727 1.000000 4
8731 1.000000 4
8736 0.000000 5
8741 0.000000 5
8745 1.000000 4
8749 1.000000 4
8754 0.000000 5
8757 1.000000 3
8760 -1.000000 3
8764 1.000000 4
8769 1.000000 5
8772 1.000000 3
8775 -1.000000 3
8779 1.000000 4
8784 0.000000 5
8788 -1.000000 4
8793 0.000000 5
8796 1.000000 3
8801 1.000000 5
8806 1.000000 5
8810 1.000000 4
8815 1.000000 5
8819 1.000000 4
8823 1.000000 4
8827 -1.000000 4
8831 1.000000 4
8834 -1.000000 3
8838 1.000000 4
8841 1.000000 3
8845 1.000000 4
8850 1.000000 5
8855 1.000000 5
8860 1.000000 5
8863 1.000000 3
8867 1.000000 4
8872 0.000000 5
8877 1.000000 5
8880 1.000000 3
8885 1.000000 5
8888 1.000000 3
8891 -1.000000 3
8895 -1.000000 4
8898 1.000000 3
8902 1.000000 4
8906 1.000000 4
8909 1.000000 3
8913 1.000000 4
8917 1.000000 4
8920 1.000000 3
8925 0.000000 5
8929 1.000000 4
8933 -1.000000 4
8938 1.000000 5
8943 0.000000 5
8948 1.000000 5
8952 1.000000 4
8956 1.000000 4
8960 1.000000 4
8964 -1.000000 4
8968 1.000000 4
8972 1.000000 4
8976 1.000000 4
8980 1.000000 4
8985 1.000000 5
8989 -1.000000 4
8994 1.000000 5
8999 1.000000 5
9004 0.000000 5
9009 1.000000 5
9013 1.000000 4
9018 0.000000 5
9023 0.000000 5
9027 1.000000 4
9031 1.000000 4
9036 1.000000 5
9040 1.000000 4
9043 1.000000 3
9047 1.000000 4
9051 1.000000 4
9055 -1.000000 4
9058 1.000000 3
9062 -1.000000 4
9067 1.000000 5
9070 1.000000 3
9074 -1.000000 4
9077 -1.000000 3
9081 -1.000000 4
9084 1.000000 3
9089 0.000000 5
9092 -1.000000 3
9096 -1.000000 4
9099 -1.000000 3
9103 -1.000000 4
9107 -1.000000 4
9111 -1.000000 4
9116 1.000000 5
9121 1.000000 5
9125 -1.000000 4
9130 0.000000 5
9134 1.000000 4
9138 -1.000000 4
9142 1.000000 4
9146 1.000000 4
9151 1.000000 5
9156 0.000000 5
9160 -1.000000 4
9163 1.000000 3
9168 1.000000 5
9173 1.000000 5
9177 1.000000 4
9181 -1.000000 4
9186 1.000000 5
9189 1.000000 3
9194 1.000000 5
9197 1.000000 3
9200 1.000000 3
9204 1.000000 4
9209 0.000000 5
9213 1.000000 4
9218 0.000000 5
9222 1.000000 4
9226 1.000000 4
9230 1.000000 4
9234 1.000000 4
9238 1.000000 4
9241 1.000000 3
9245 1.000000 4
9248 -1.000000 3
9252 1.000000 4
9256 -1.000000 4
9261 1.000000 5
9266 0.000000 5
9270 1.000000 4
9273 1.000000 3
9277 1.000000 4
9281 1.000000 4
9285 1.000000 4
9289 1.000000 4
9293 -1.000000 4
9298 0.000000 5
9302 1.000000 4
9306 1.000000 4
9311 0.000000 5
9314 1.000000 3
9319 1.000000 5
9323 -1.000000 4
9328 1.000000 5
9332 1.000000 4
9335 -1.000000 3
9339 1.000000 4
9344 1.000000 5
9348 -1.000000 4
9351 -1.000000 3
9354 -1.000000 3
9358 1.000000 4
9363 1.000000 5
9367 -1.000000 4
9372 1.000000 5
9377 1.000000 5
9382 0.000000 5
9387 1.000000 5
9391 1.000000 4
9395 1.000000 4
9400 0.000000 5
9404 -1.000000 4
9408 1.000000 4
9413 0.000000 5
9417 1.000000 4
9420 -1.000000 3
9424 1.000000 4
9427 1.000000 3
9431 1.000000 4
9435 1.000000 4
9438 1.000000 3
9442 1.000000 4
9447 0.000000 5
9450 1.000000 3
9455 0.000000 5
9459 1.000000 4
9463 1.000000 4
9467 1.000000 4
9471 1.000000 4
9475 -1.000000 4
9478 1.000000 3
9483 0.000000 5
9486 -1.000000 3
9490 1.000000 4
9493 1.000000 3
9496 -1.000000 3
9499 1.000000 3
9504 0.000000 5
9509 1.000000 5
9514 1.000000 5
9519 1.000000 5
9522 -1.000000 3
9527 1.000000 5
9532 0.000000 5
9535 1.000000 3
9538 1.000000 3
9541 1.000000 3
9545 1.000000 4
9550 0.000000 5
9555 1.000000 5
9559 -1.000000 4
9564 1.000000 5
9569 1.000000 5
9573 1.000000 4
9578 0.000000 5
9583 1.000000 5
9587 -1.000000 4
9592 1.000000 5
9596 1.000000 4
9601 0.000000 5
9605 1.000000 4
9610 1.000000 5
9615 0.000000 5
9618 -1.000000 3
9621 1.000000 3
9626 0.000000 5
9630 1.000000 4
9634 1.000000 4
9638 1.000000 4
9641 -1.000000 3
9646 1.000000 5
9650 -1.000000 4
9654 1.000000 4
9659 0.000000 5
9664 0.000000 5
9668 1.000000 4
9673 0.000000 5
9677 1.000000 4
9681 1.000000 4
9686 1.000000 5
9691 0.000000 5
9696 1.000000 5
9700 -1.000000 4
9703 1.000000 3
9707 1.000000 4
9712 0.000000 5
9716 1.000000 4
9719 1.000000 3
9724 1.000000 5
9728 1.000000 4
9733 0.000000 5
9736 1.000000 3
9741 0.000000 5
9744 -1.000000 3
9747 -1.000000 3
9751 -1.000000 4
9754 1.000000 3
9759 1.000000 5
9763 1.000000 4
9768 1.000000 5
9773 0.000000 5
9777 1.000000 4
9781 1.000000 4
9785 1.000000 4
9789 -1.000000 4
9792 1.000000 3
9796 1.000000 4
9800 1.000000 4
9803 -1.000000 3
9808 0.000000 5
9813 1.000000 5
9817 1.000000 4
9821 1.000000 4
9826 1.000000 5
9830 1.000000 4
9834 -1.000000 4
9839 1.000000 5
9844 1.000000 5
9847 1.000000 3
9852 1.000000 5
9856 1.000000 4
9859 1.000000 3
9863 1.000000 4
9866 1.000000 3
9871 0.000000 5
9875 1.000000 4
9879 -1.000000 4
9883 1.000000 4
9887 1.000000 4
9892 1.000000 5
9895 1.000000 3
9900 0.000000 5
9905 1.000000 5
9908 1.000000 3
9913 1.000000 5
9918 0.000000 5
9923 1.000000 5
9927 1.000000 4
9931 -1.000000 4
9936 1.000000 5
9940 1.000000 4
9944 1.000000 4
9947 -1.000000 3
9952 0.000000 5
9956 -1.000000 4
9960 1.000000 4
9963 1.000000 3
9967 1.000000 4
9971 1.000000 4
9975 -1.000000 4
9980 1.000000 5
9985 1.000000 5
9989 1.000000 4
9993 1.000000 4
9997 1.000000 4
10002 0.000000 5
10005 -1.000000 3
10008 -1.000000 3
10011 -1.000000 3
10014 -1.000000 3
10017 -1.000000 3
10020 -1.000000 3
10023 -1.000000 3
10026 -1.000000 3
10029 -1.000000 3
10032 -1.000000 3
10035 -1.000000 3
10038 -1.000000 3
10041 -1.000000 3
10044 -1.000000 3
10047 -1.000000 3
10050 -1.000000 3
10053 -1.000000 3
10056 -1.000000 3
10059 -1.000000 3
10062 -1.000000 3
10065 -1.000000 3
10068 -1.000000 3
10071 -1.000000 3
10074 -1.000000 3
10077 -1.000000 3
10080 -1.000000 3
10083 -1.000000 3
10086 -1.000000 3
10089 -1.000000 3
10092 -1.000000 3
10095 -1.000000 3
10098 -1.000000 3
10101 -1.000000 3
10104 -1.000000 3
10107 -1.000000 3
10110 -1.000000 3
10113 -1.000000 3
10116 -1.000000 3
10119 -1.000000 3
10122 -1.000000 3
10125 -1.000000 3
10128 -1.000000 3
10131 -1.000000 3
10134 -1.000000 3
10137 -1.000000 3
10140 -1.000000 3
10143 -1.000000 3
10146 -1.000000 3
10149 -1.000000 3
10152 -1.000000 3
10155 -1.000000 3
10158 -1.000000 3
10161 -1.000000 3
10164 -1.000000 3
10167 -1.000000 3
10170 -1.000000 3
10173 -1.000000 3
10176 -1.000000 3
10179 -1.000000 3
10182 -1.000000 3
10185 -1.000000 3
10188 -1.000000 3
10191 -1.000000 3
10194 -1.000000 3
10197 -1.000000 3
10200 -1.000000 3
10203 -1.000000 3
10206 -1.000000 3
10209 -1.000000 3
10212 -1.000000 3
10215 -1.000000 3
10218 -1.000000 3
10221 -1.000000 3
10224 -1.000000 3
10227 -1.000000 3
10230 -1.000000 3
10233 -1.000000 3
10236 -1.000000 3
10239 -1.000000 3
10242 -1.000000 3
10245 -1.000000 3
10248 -1.000000 3
10251 -1.000000 3
10254 -1.000000 3
10257 -1.000000 3
10260 -1.000000 3
10263 -1.000000 3
10266 -1.000000 3
10269 -1.000000 3
10272 -1.000000 3
10275 -1.000000 3
10278 -1.000000 3
10281 -1.000000 3
10284 -1.000000 3
10287 -1.000000 3
10290 -1.000000 3
10293 -1.000000 3
10296 -1.000000 3
10299 -1.000000 3
10302 -1.000000 3
10305 -1.000000 3
10308 -1.000000 3
10311 -1.000000 3
10314 -1.000000 3
10317 -1.000000 3
10320 -1.000000 3
10323 -1.000000 3
10326 -1.000000 3
10329 -1.000000 3
10332 -1.000000 3
10335 -1.000000 3
10338 -1.000000 3
10341 -1.000000 3
10344 -1.000000 3
10348 -1.000000 4
10351 -1.000000 3
10354 -1.000000 3
10357 -1.000000 3
10360 -1.000000 3
10363 -1.000000 3
10366 -1.000000 3
10369 -1.000000 3
10372 -1.000000 3
10375 -1.000000 3
10378 -1.000000 3
10381 -1.000000 3
10384 -1.000000 3
10387 -1.000000 3
10390 -1.000000 3
10393 -1.000000 3
10396 -1.000000 3
10399 -1.000000 3
10402 -1.000000 3
10405 -1.000000 3
10408 -1.000000 3
10411 -1.000000 3
10414 -1.000000 3
10417 -1.000000 3
10420 -1.000000 3
10423 -1.000000 3
10426 -1.000000 3
10429 -1.000000 3
10432 -1.000000 3
10435 -1.000000 3
10438 -1.000000 3
10441 -1.000000 3
10444 -1.000000 3
10447 -1.000000 3
10450 -1.000000 3
10453 -1.000000 3
10456 -1.000000 3
10459 -1.000000 3
10462 -1.000000 3
10465 -1.000000 3
10468 -1.000000 3
10471 -1.000000 3
10474 -1.000000 3
10477 -1.000000 3
10480 -1.000000 3
10483 -1.000000 3
10486 -1.000000 3
10489 -1.000000 3
10492 -1.000000 3
10495 -1.000000 3
10498 -1.000000 3
10501 -1.000000 3
10504 -1.000000 3
10507 -1.000000 3
10510 -1.000000 3
10513 -1.000000 3
10516 -1.000000 3
10519 -1.000000 3
10522 -1.000000 3
10525 -1.000000 3
10528 -1.000000 3
10531 -1.000000 3
10534 -1.000000 3
10537 -1.000000 3
10540 -1.000000 3
10543 -1.000000 3
10546 -1.000000 3
10549 -1.000000 3
10552 -1.000000 3
10555 -1.000000 3
10558 -1.000000 3
10561 -1.000000 3
10564 -1.000000 3
10567 -1.000000 3
10570 -1.000000 3
10573 -1.000000 3
10576 -1.000000 3
10579 -1.000000 3
10582 -1.000000 3
10585 -1.000000 3
10588 -1.000000 3
10591 -1.000000 3
10594 -1.000000 3
10597 -1.000000 3
10600 -1.000000 3
10603 -1.000000 3
10606 -1.000000 3
10609 -1.000000 3
10612 -1.000000 3
10615 -1.000000 3
10618 -1.000000 3
10621 -1.000000 3
10624 -1.000000 3
10627 -1.000000 3
10630 -1.000000 3
10633 -1.000000 3
10636 -1.000000 3
10639 -1.000000 3
10642 -1.000000 3
10645 -1.000000 3
10648 -1.000000 3
10651 -1.000000 3
10654 -1.000000 3
10657 -1.000000 3
10660 -1.000000 3
10663 -1.000000 3
10666 -1.000000 3
10669 -1.000000 3
10672 -1.000000 3
10675 -1.000000 3
10678 -1.000000 3
10681 -1.000000 3
10684 -1.000000 3
10687 -1.000000 3
10690 -1.000000 3
10693 -1.000000 3
10696 -1.000000 3
10699 -1.000000 3
10702 -1.000000 3
10705 -1.000000 3
10708 -1.000000 3
10711 -1.000000 3
10714 -1.000000 3
10717 -1.000000 3
10720 -1.000000 3
10723 -1.000000 3
10726 -1.000000 3
10729 -1.000000 3
10732 -1.000000 3
10735 -1.000000 3
10738 -1.000000 3
10741 -1.000000 3
10744 -1.000000 3
10747 -1.000000 3
10750 -1.000000 3
10753 -1.000000 3
10756 -1.000000 3
10759 -1.000000 3
10762 -1.000000 3
10765 -1.000000 3
10768 -1.000000 3
10771 -1.000000 3
10774 -1.000000 3
10777 -1.000000 3
10780 -1.000000 3
10783 -1.000000 3
10786 -1.000000 3
10789 -1.000000 3
10792 -1.000000 3
10795 -1.000000 3
10798 -1.000000 3
10801 -1.000000 3
10804 -1.000000 3
10807 -1.000000 3
10810 -1.000000 3
10813 -1.000000 3
10816 -1.000000 3
10819 -1.000000 3
10822 -1.000000 3
10825 -1.000000 3
10828 -1.000000 3
10831 -1.000000 3
10834 -1.000000 3
10837 -1.000000 3
10840 -1.000000 3
10843 -1.000000 3
10846 -1.000000 3
10849 -1.000000 3
10852 -1.000000 3
10855 -1.000000 3
10858 -1.000000 3
10861 -1.000000 3
10864 -1.000000 3
10867 -1.000000 3
10870 -1.000000 3
10873 -1.000000 3
10876 -1.000000 3
10879 -1.000000 3
10882 -1.000000 3
10885 -1.000000 3
10888 -1.000000 3
10891 -1.000000 3
10894 -1.000000 3
10897 -1.000000 3
10900 -1.000000 3
10903 -1.000000 3
10906 -1.000000 3
10909 -1.000000 3
10912 -1.000000 3
10915 -1.000000 3
10918 -1.000000 3
10921 -1.000000 3
10924 -1.000000 3
10927 -1.000000 3
10930 -1.000000 3
10933 -1.000000 3
10936 -1.000000 3
10939 -1.000000 3
10942 -1.000000 3
10945 -1.000000 3
10948 -1.000000 3
10951 -1.000000 3
10954 -1.000000 3
10957 -1.000000 3
10960 -1.000000 3
10963 -1.000000 3
10966 -1.000000 3
10969 -1.000000 3
10972 -1.000000 3
10975 -1.000000 3
10978 -1.000000 3
10981 -1.000000 3
10984 -1.000000 3
10987 -1.000000 3
10990 -1.000000 3
10993 -1.000000 3
10996 -1.000000 3
10999 -1.000000 3
11002 -1.000000 3
11006 1.000000 4
11010 1.000000 4
11013 1.000000 3
11016 1.000000 3
11019 1.000000 3
11023 1.000000 4
11026 1.000000 3
11029 1.000000 3
11034 0.000000 5
11037 1.000000 3
11041 1.000000 4
11045 1.000000 4
11049 1.000000 4
11052 1.000000 3
11057 0.000000 5
11061 1.000000 4
11065 1.000000 4
11068 1.000000 3
11071 1.000000 3
11075 1.000000 4
11079 -1.000000 4
11083 1.000000 4
11086 -1.000000 3
11091 1.000000 5
11096 1.000000 5
11101 0.000000 5
11105 1.000000 4
11108 1.000000 3
11111 1.000000 3
11116 0.000000 5
11119 -1.000000 3
11123 1.000000 4
11128 0.000000 5
11131 1.000000 3
11135 1.000000 4
11139 1.000000 4
11143 1.000000 4
11146 1.000000 3
11150 1.000000 4
11153 1.000000 3
11157 1.000000 4
11160 1.000000 3
11165 0.000000 5
11169 1.000000 4
11174 1.000000 5
11179 1.000000 5
11182 1.000000 3
11185 -1.000000 3
11188 1.000000 3
11192 1.000000 4
11196 -1.000000 4
11201 1.000000 5
11206 0.000000 5
11209 1.000000 3
11212 1.000000 3
11216 1.000000 4
11220 1.000000 4
11224 1.000000 4
11227 1.000000 3
11231 1.000000 4
11235 1.000000 4
11238 1.000000 3
11241 1.000000 3
11244 1.000000 3
11247 1.000000 3
11251 1.000000 4
11254 1.000000 3
11258 -1.000000 4
11261 1.000000 3
11265 1.000000 4
11268 1.000000 3
11271 1.000000 3
11275 -1.000000 4
11279 1.000000 4
11283 1.000000 4
11286 1.000000 3
11291 0.000000 5
11294 1.000000 3
11297 1.000000 3
11302 0.000000 5
11305 1.000000 3
11309 1.000000 4
11312 1.000000 3
11315 -1.000000 3
11318 1.000000 3
11321 1.000000 3
11324 1.000000 3
11327 1.000000 3
11330 -1.000000 3
11334 1.000000 4
11338 1.000000 4
11341 1.000000 3
11346 0.000000 5
11350 1.000000 4
11353 1.000000 3
11356 1.000000 3
11360 1.000000 4
11363 1.000000 3
11367 -1.000000 4
11372 0.000000 5
11375 1.000000 3
11378 1.000000 3
11381 1.000000 3
11384 1.000000 3
11387 1.000000 3
11390 -1.000000 3
11393 1.000000 3
11397 1.000000 4
11400 1.000000 3
11403 1.000000 3
11406 1.000000 3
11411 0.000000 5
11415 1.000000 4
11420 0.000000 5
11423 1.000000 3
11426 1.000000 3
11429 1.000000 3
11432 -1.000000 3
11435 1.000000 3
11438 1.000000 3
11442 -1.000000 4
11447 0.000000 5
11451 1.000000 4
11454 1.000000 3
11458 1.000000 4
11463 1.000000 5
11466 -1.000000 3
11470 1.000000 4
11473 1.000000 3
11477 1.000000 4
11480 1.000000 3
11483 1.000000 3
11486 -1.000000 3
11489 1.000000 3
11492 1.000000 3
11496 1.000000 4
11499 1.000000 3
11502 1.000000 3
11506 1.000000 4
11510 1.000000 4
11514 1.000000 4
11517 1.000000 3
11520 1.000000 3
11524 1.000000 4
11527 1.000000 3
11531 1.000000 4
11534 -1.000000 3
11537 1.000000 3
11540 1.000000 3
11543 1.000000 3
11548 0.000000 5
11551 1.000000 3
11556 0.000000 5
11559 1.000000 3
11562 1.000000 3
11566 1.000000 4
11569 1.000000 3
11573 1.000000 4
11576 1.000000 3
11581 0.000000 5
11584 1.000000 3
11587 1.000000 3
11591 1.000000 4
11594 1.000000 3
11597 1.000000 3
11600 1.000000 3
11604 -1.000000 4
11607 -1.000000 3
11610 1.000000 3
11613 1.000000 3
11616 1.000000 3
11619 1.000000 3
11622 1.000000 3
11625 1.000000 3
11628 1.000000 3
11631 1.000000 3
11635 1.000000 4
11639 1.000000 4
11642 1.000000 3
11645 1.000000 3
11648 -1.000000 3
11651 1.000000 3
11654 1.000000 3
11657 1.000000 3
11661 1.000000 4
11664 1.000000 3
11668 1.000000 4
11671 1.000000 3
11674 1.000000 3
11677 1.000000 3
11680 1.000000 3
11683 1.000000 3
11686 -1.000000 3
11689 1.000000 3
11692 1.000000 3
11696 1.000000 4
11699 1.000000 3
11702 1.000000 3
11705 1.000000 3
11708 1.000000 3
11711 1.000000 3
11716 0.000000 5
11719 1.000000 3
11722 1.000000 3
11727 0.000000 5
11731 1.000000 4
11734 1.000000 3
11737 1.000000 3
11742 0.000000 5
11745 1.000000 3
11750 0.000000 5
11754 1.000000 4
11759 1.000000 5
11763 -1.000000 4
11767 1.000000 4
11771 1.000000 4
11776 1.000000 5
11779 1.000000 3
11782 1.000000 3
11786 1.000000 4
11789 1.000000 3
11793 1.000000 4
11797 -1.000000 4
11800 1.000000 3
11803 1.000000 3
11806 1.000000 3
11809 -1.000000 3
11812 1.000000 3
11816 1.000000 4
11821 0.000000 5
11824 1.000000 3
11827 1.000000 3
11830 1.000000 3
11834 -1.000000 4
11838 1.000000 4
11841 1.000000 3
11844 1.000000 3
11847 1.000000 3
11850 -1.000000 3
11854 1.000000 4
11857 1.000000 3
11860 1.000000 3
11863 -1.000000 3
11868 0.000000 5
11871 1.000000 3
11874 1.000000 3
11877 1.000000 3
11881 1.000000 4
11884 -1.000000 3
11887 1.000000 3
11890 1.000000 3
11893 1.000000 3
11897 -1.000000 4
11902 0.000000 5
11905 1.000000 3
11909 1.000000 4
11912 1.000000 3
11916 1.000000 4
11920 1.000000 4
11925 0.000000 5
11929 1.000000 4
11932 1.000000 3
11935 -1.000000 3
11938 1.000000 3
11941 1.000000 3
11945 1.000000 4
11948 1.000000 3
11951 1.000000 3
11954 -1.000000 3
11958 1.000000 4
11961 -1.000000 3
11964 -1.000000 3
11968 1.000000 4
11972 1.000000 4
11976 1.000000 4
11979 1.000000 3
11984 0.000000 5
11988 1.000000 4
11991 1.000000 3
11995 1.000000 4
11999 1.000000 4
12002 1.000000 3
12006 1.000000 4
12009 1.000000 3
12012 1.000000 3
12015 1.000000 3
12018 1.000000 3
12021 1.000000 3
12025 1.000000 4
12028 1.000000 3
12032 1.000000 4
12036 1.000000 4
12039 1.000000 3
12043 1.000000 4
12047 1.000000 4
12051 1.000000 4
12055 1.000000 4
12058 1.000000 3
12061 -1.000000 3
12064 1.000000 3
12067 1.000000 3
12070 1.000000 3
12073 1.000000 3
12076 1.000000 3
12079 1.000000 3
12083 1.000000 4
12086 1.000000 3
12091 0.000000 5
12095 1.000000 4
12098 1.000000 3
12101 1.000000 3
12104 1.000000 3
12108 1.000000 4
12111 1.000000 3
12114 1.000000 3
12118 1.000000 4
12123 0.000000 5
12126 1.000000 3
12131 0.000000 5
12135 1.000000 4
12138 1.000000 3
12141 1.000000 3
12144 1.000000 3
12147 1.000000 3
12150 1.000000 3
12153 1.000000 3
12158 0.000000 5
12163 1.000000 5
12166 1.000000 3
12169 1.000000 3
12172 1.000000 3
12175 1.000000 3
12178 1.000000 3
12181 1.000000 3
12184 1.000000 3
12187 1.000000 3
12190 1.000000 3
12193 1.000000 3
12197 -1.000000 4
12200 1.000000 3
12203 1.000000 3
12206 -1.000000 3
12210 1.000000 4
12214 1.000000 4
12218 1.000000 4
12221 1.000000 3
12225 1.000000 4
12229 1.000000 4
12232 1.000000 3
12236 1.000000 4
12240 1.000000 4
12243 1.000000 3
12247 1.000000 4
12251 1.000000 4
12254 1.000000 3
12257 1.000000 3
12262 0.000000 5
12265 1.000000 3
12268 1.000000 3
12271 1.000000 3
12274 1.000000 3
12277 1.000000 3
12280 1.000000 3
12283 1.000000 3
12288 1.000000 5
12291 1.000000 3
12294 1.000000 3
12297 1.000000 3
12301 1.000000 4
12304 1.000000 3
12309 0.000000 5
12312 -1.000000 3
12316 1.000000 4
12321 0.000000 5
12324 1.000000 3
12328 -1.000000 4
12331 1.000000 3
12335 1.000000 4
12338 1.000000 3
12342 1.000000 4
12346 -1.000000 4
12349 1.000000 3
12353 1.000000 4
12357 1.000000 4
12360 1.000000 3
12364 1.000000 4
12368 1.000000 4
12372 1.000000 4
12375 1.000000 3
12378 1.000000 3
12381 1.000000 3
12384 1.000000 3
12387 1.000000 3
12391 1.000000 4
12394 1.000000 3
12397 -1.000000 3
12401 1.000000 4
12405 1.000000 4
12408 1.000000 3
12411 1.000000 3
12414 -1.000000 3
12417 1.000000 3
12421 -1.000000 4
12426 1.000000 5
12429 1.000000 3
12434 0.000000 5
12438 1.000000 4
12442 1.000000 4
12445 1.000000 3
12449 1.000000 4
12453 -1.000000 4
12457 1.000000 4
12460 1.000000 3
12464 1.000000 4
12469 0.000000 5
12473 1.000000 4
12477 -1.000000 4
12480 1.000000 3
12483 1.000000 3
12486 1.000000 3
12489 1.000000 3
12492 1.000000 3
12495 1.000000 3
12498 1.000000 3
12501 1.000000 3
12506 1.000000 5
12509 1.000000 3
12512 1.000000 3
12515 1.000000 3
12518 1.000000 3
12522 1.000000 4
12525 1.000000 3
12529 1.000000 4
12533 1.000000 4
12538 1.000000 5
12541 1.000000 3
12545 1.000000 4
12548 -1.000000 3
12551 1.000000 3
12555 1.000000 4
12559 1.000000 4
12562 1.000000 3
12565 1.000000 3
12569 1.000000 4
12572 1.000000 3
12575 1.000000 3
12578 1.000000 3
12581 1.000000 3
12585 1.000000 4
12588 1.000000 3
12591 1.000000 3
12596 0.000000 5
12600 1.000000 4
12603 1.000000 3
12606 1.000000 3
12609 1.000000 3
12612 1.000000 3
12615 1.000000 3
12619 1.000000 4
12622 1.000000 3
12625 1.000000 3
12629 1.000000 4
12633 1.000000 4
12637 1.000000 4
12641 1.000000 4
12644 1.000000 3
12647 1.000000 3
12652 1.000000 5
12655 1.000000 3
12658 -1.000000 3
12663 0.000000 5
12667 1.000000 4
12671 1.000000 4
12674 1.000000 3
12677 1.000000 3
12680 1.000000 3
12683 -1.000000 3
12686 1.000000 3
12690 -1.000000 4
12693 1.000000 3
12698 0.000000 5
12701 1.000000 3
12705 1.000000 4
12709 1.000000 4
12712 -1.000000 3
12716 1.000000 4
12720 1.000000 4
12724 1.000000 4
12727 1.000000 3
12730 1.000000 3
12733 1.000000 3
12737 1.000000 4
12742 1.000000 5
12745 1.000000 3
12748 -1.000000 3
12753 0.000000 5
12756 1.000000 3
12760 -1.000000 4
12764 1.000000 4
12768 1.000000 4
12771 1.000000 3
12775 1.000000 4
12778 1.000000 3
12782 1.000000 4
12785 1.000000 3
12788 1.000000 3
12792 1.000000 4
12797 1.000000 5
12801 1.000000 4
12804 1.000000 3
12808 -1.000000 4
12811 1.000000 3
12814 -1.000000 3
12819 1.000000 5
12822 1.000000 3
12826 1.000000 4
12831 1.000000 5
12835 1.000000 4
12838 1.000000 3
12841 1.000000 3
12844 1.000000 3
12847 1.000000 3
12850 1.000000 3
12853 1.000000 3
12858 1.000000 5
12861 1.000000 3
12864 1.000000 3
12867 1.000000 3
12870 1.000000 3
12873 1.000000 3
12878 1.000000 5
12881 1.000000 3
12885 1.000000 4
12889 1.000000 4
12892 1.000000 3
12895 1.000000 3
12898 1.000000 3
12903 0.000000 5
12906 1.000000 3
12911 0.000000 5
12914 1.000000 3
12918 1.000000 4
12922 1.000000 4
12926 1.000000 4
12929 1.000000 3
12932 1.000000 3
12936 1.000000 4
12939 1.000000 3
12942 -1.000000 3
12945 1.000000 3
12948 1.000000 3
12952 1.000000 4
12955 1.000000 3
12958 1.000000 3
12962 1.000000 4
12965 1.000000 3
12970 0.000000 5
12974 1.000000 4
12979 0.000000 5
12984 0.000000 5
12987 1.000000 3
12991 1.000000 4
12994 1.000000 3
12997 1.000000 3
13000 1.000000 3
13003 1.000000 3
