4 1.000000 4
8 1.000000 4
13 1.000000 5
17 -1.000000 4
22 1.000000 5
27 0.000000 5
30 1.000000 3
34 -1.000000 4
37 1.000000 3
41 1.000000 4
45 -1.000000 4
48 -1.000000 3
53 1.000000 5
58 0.000000 5
61 1.000000 3
66 0.000000 5
70 -1.000000 4
73 -1.000000 3
77 1.000000 4
82 1.000000 5
87 1.000000 5
91 -1.000000 4
95 -1.000000 4
99 -1.000000 4
103 -1.000000 4
108 1.000000 5
113 1.000000 5
117 -1.000000 4
121 -1.000000 4
126 1.000000 5
129 -1.000000 3
133 1.000000 4
138 1.000000 5
141 -1.000000 3
144 1.000000 3
148 1.000000 4
152 -1.000000 4
155 1.000000 3
159 1.000000 4
163 1.000000 4
168 0.000000 5
172 -1.000000 4
177 1.000000 5
180 -1.000000 3
184 -1.000000 4
188 1.000000 4
193 0.000000 5
198 1.000000 5
203 1.000000 5
206 -1.000000 3
211 1.000000 5
216 1.000000 5
220 -1.000000 4
224 1.000000 4
229 0.000000 5
233 -1.000000 4
236 -1.000000 3
239 1.000000 3
244 1.000000 5
249 1.000000 5
254 0.000000 5
258 1.000000 4
262 -1.000000 4
267 1.000000 5
270 -1.000000 3
274 -1.000000 4
277 -1.000000 3
280 1.000000 3
285 1.000000 5
290 1.000000 5
294 1.000000 4
297 1.000000 3
302 1.000000 5
306 1.000000 4
310 1.000000 4
314 1.000000 4
319 1.000000 5
324 0.000000 5
328 1.000000 4
333 0.000000 5
337 1.000000 4
342 1.000000 5
345 -1.000000 3
349 -1.000000 4
353 1.000000 4
358 0.000000 5
363 1.000000 5
366 -1.000000 3
371 0.000000 5
375 1.000000 4
379 -1.000000 4
382 -1.000000 3
386 -1.000000 4
389 -1.000000 3
392 -1.000000 3
396 1.000000 4
400 1.000000 4
403 -1.000000 3
408 1.000000 5
413 1.000000 5
417 -1.000000 4
421 1.000000 4
426 1.000000 5
430 -1.000000 4
435 1.000000 5
439 -1.000000 4
444 1.000000 5
447 -1.000000 3
451 -1.000000 4
454 -1.000000 3
457 -1.000000 3
461 1.000000 4
465 1.000000 4
469 1.000000 4
473 1.000000 4
477 -1.000000 4
482 1.000000 5
485 1.000000 3
490 0.000000 5
495 1.000000 5
500 1.000000 5
503 1.000000 3
508 1.000000 5
513 1.000000 5
516 -1.000000 3
520 -1.000000 4
523 1.000000 3
527 -1.000000 4
531 1.000000 4
535 -1.000000 4
540 1.000000 5
544 1.000000 4
547 1.000000 3
550 1.000000 3
555 1.000000 5
559 -1.000000 4
563 -1.000000 4
568 1.000000 5
573 1.000000 5
577 -1.000000 4
582 1.000000 5
586 1.000000 4
590 -1.000000 4
594 1.000000 4
598 1.000000 4
602 -1.000000 4
606 -1.000000 4
611 0.000000 5
616 0.000000 5
620 1.000000 4
623 -1.000000 3
627 1.000000 4
630 -1.000000 3
634 -1.000000 4
639 1.000000 5
643 -1.000000 4
647 1.000000 4
651 -1.000000 4
654 -1.000000 3
657 -1.000000 3
662 1.000000 5
665 1.000000 3
670 1.000000 5
674 -1.000000 4
678 -1.000000 4
683 0.000000 5
687 1.000000 4
692 1.000000 5
696 1.000000 4
701 1.000000 5
705 -1.000000 4
710 1.000000 5
715 1.000000 5
720 0.000000 5
725 1.000000 5
729 -1.000000 4
733 1.000000 4
738 0.000000 5
743 1.000000 5
748 1.000000 5
751 1.000000 3
756 1.000000 5
761 0.000000 5
766 1.000000 5
769 1.000000 3
772 1.000000 3
775 1.000000 3
779 1.000000 4
782 -1.000000 3
787 1.000000 5
791 -1.000000 4
796 0.000000 5
799 1.000000 3
804 0.000000 5
807 1.000000 3
810 1.000000 3
814 1.000000 4
818 -1.000000 4
822 -1.000000 4
826 -1.000000 4
830 -1.000000 4
834 1.000000 4
839 1.000000 5
843 1.000000 4
847 -1.000000 4
852 1.000000 5
856 -1.000000 4
860 -1.000000 4
865 0.000000 5
870 0.000000 5
874 -1.000000 4
879 1.000000 5
883 -1.000000 4
888 1.000000 5
892 1.000000 4
897 1.000000 5
902 1.000000 5
907 1.000000 5
911 1.000000 4
915 -1.000000 4
920 0.000000 5
924 -1.000000 4
928 1.000000 4
933 1.000000 5
936 1.000000 3
941 1.000000 5
946 1.000000 5
949 1.000000 3
953 1.000000 4
956 1.000000 3
961 1.000000 5
966 0.000000 5
969 -1.000000 3
973 -1.000000 4
977 -1.000000 4
981 -1.000000 4
985 1.000000 4
989 1.000000 4
993 1.000000 4
997 1.000000 4
1000 -1.000000 3
1004 -1.000000 4
1008 1.000000 4
1012 1.000000 4
1016 -1.000000 4
1020 1.000000 4
1025 1.000000 5
1028 -1.000000 3
1033 1.000000 5
1037 -1.000000 4
1040 1.000000 3
1044 -1.000000 4
1049 1.000000 5
1053 -1.000000 4
1058 1.000000 5
1063 0.000000 5
1067 1.000000 4
1071 1.000000 4
1076 0.000000 5
1080 1.000000 4
1084 1.000000 4
1088 -1.000000 4
1092 -1.000000 4
1096 -1.000000 4
1101 0.000000 5
1105 -1.000000 4
1109 -1.000000 4
1112 1.000000 3
1116 1.000000 4
1121 1.000000 5
1126 0.000000 5
1131 1.000000 5
1135 1.000000 4
1140 0.000000 5
1144 1.000000 4
1148 1.000000 4
1152 -1.000000 4
1157 0.000000 5
1162 1.000000 5
1166 -1.000000 4
1169 -1.000000 3
1173 1.000000 4
1178 0.000000 5
1182 -1.000000 4
1186 1.000000 4
1190 1.000000 4
1193 1.000000 3
1197 -1.000000 4
1202 1.000000 5
1206 -1.000000 4
1209 -1.000000 3
1214 1.000000 5
1219 0.000000 5
1223 -1.000000 4
1226 -1.000000 3
1230 1.000000 4
1235 1.000000 5
1239 -1.000000 4
1244 1.000000 5
1249 1.000000 5
1253 1.000000 4
1257 1.000000 4
1261 1.000000 4
1266 1.000000 5
1271 0.000000 5
1274 1.000000 3
1279 0.000000 5
1284 0.000000 5
1289 0.000000 5
1294 0.000000 5
1298 1.000000 4
1302 1.000000 4
1305 1.000000 3
1309 -1.000000 4
1314 0.000000 5
1318 -1.000000 4
1321 1.000000 3
1326 0.000000 5
1329 1.000000 3
1332 -1.000000 3
1335 1.000000 3
1338 1.000000 3
1342 1.000000 4
1345 -1.000000 3
1348 -1.000000 3
1352 -1.000000 4
1357 0.000000 5
1362 1.000000 5
1367 0.000000 5
1370 -1.000000 3
1375 1.000000 5
1380 0.000000 5
1383 1.000000 3
1386 -1.000000 3
1390 1.000000 4
1394 1.000000 4
1398 1.000000 4
1403 1.000000 5
1407 -1.000000 4
1412 1.000000 5
1416 1.000000 4
1419 -1.000000 3
1424 1.000000 5
1429 1.000000 5
1433 -1.000000 4
1437 -1.000000 4
1440 1.000000 3
1444 1.000000 4
1448 1.000000 4
1453 1.000000 5
1457 1.000000 4
1461 -1.000000 4
1465 1.000000 4
1468 -1.000000 3
1473 1.000000 5
1478 0.000000 5
1482 -1.000000 4
1485 -1.000000 3
1489 -1.000000 4
1493 1.000000 4
1498 1.000000 5
1503 1.000000 5
1508 0.000000 5
1511 -1.000000 3
1514 -1.000000 3
1518 1.000000 4
1523 1.000000 5
1528 1.000000 5
1532 1.000000 4
1537 1.000000 5
1542 1.000000 5
1545 -1.000000 3
1550 0.000000 5
1554 -1.000000 4
1559 0.000000 5
1563 -1.000000 4
1567 1.000000 4
1571 1.000000 4
1575 -1.000000 4
1580 0.000000 5
1584 1.000000 4
1588 -1.000000 4
1593 0.000000 5
1596 -1.000000 3
1601 0.000000 5
1604 -1.000000 3
1608 -1.000000 4
1611 -1.000000 3
1615 -1.000000 4
1619 1.000000 4
1622 -1.000000 3
1627 1.000000 5
1630 -1.000000 3
1634 -1.000000 4
1637 1.000000 3
1640 -1.000000 3
1644 1.000000 4
1649 1.000000 5
1653 -1.000000 4
1657 -1.000000 4
1661 1.000000 4
1665 1.000000 4
1669 -1.000000 4
1674 1.000000 5
1678 1.000000 4
1683 0.000000 5
1687 1.000000 4
1691 -1.000000 4
1696 1.000000 5
1701 1.000000 5
1704 -1.000000 3
1708 -1.000000 4
1712 1.000000 4
1716 -1.000000 4
1721 1.000000 5
1725 -1.000000 4
1729 -1.000000 4
1733 1.000000 4
1738 1.000000 5
1742 -1.000000 4
1745 -1.000000 3
1749 1.000000 4
1754 1.000000 5
1757 1.000000 3
1761 1.000000 4
1766 1.000000 5
1769 1.000000 3
1774 1.000000 5
1779 1.000000 5
1782 1.000000 3
1786 1.000000 4
1791 1.000000 5
1796 0.000000 5
1801 0.000000 5
1806 0.000000 5
1809 -1.000000 3
1812 -1.000000 3
1816 1.000000 4
1820 1.000000 4
1823 1.000000 3
1827 1.000000 4
1832 1.000000 5
1835 -1.000000 3
1840 1.000000 5
1844 1.000000 4
1848 1.000000 4
1852 1.000000 4
1856 -1.000000 4
1860 1.000000 4
1864 -1.000000 4
1868 -1.000000 4
1873 0.000000 5
1877 -1.000000 4
1880 -1.000000 3
1885 0.000000 5
1889 -1.000000 4
1894 1.000000 5
1898 -1.000000 4
1902 1.000000 4
1907 0.000000 5
1911 1.000000 4
1915 1.000000 4
1919 1.000000 4
1923 -1.000000 4
1928 0.000000 5
1932 1.000000 4
1936 1.000000 4
1940 1.000000 4
1944 1.000000 4
1949 0.000000 5
1953 1.000000 4
1956 1.000000 3
1959 1.000000 3
1964 1.000000 5
1968 -1.000000 4
1973 0.000000 5
1978 1.000000 5
1982 1.000000 4
1987 1.000000 5
1991 1.000000 4
1996 1.000000 5
2000 1.000000 4
2004 -1.000000 4
2007 -1.000000 3
2011 1.000000 4
2015 -1.000000 4
2018 1.000000 3
2022 1.000000 4
2026 1.000000 4
2031 0.000000 5
2035 1.000000 4
2039 1.000000 4
2043 -1.000000 4
2048 0.000000 5
2052 -1.000000 4
2057 1.000000 5
2060 -1.000000 3
2064 -1.000000 4
2069 1.000000 5
2073 1.000000 4
2078 1.000000 5
2082 -1.000000 4
2087 0.000000 5
2091 1.000000 4
2094 1.000000 3
2098 -1.000000 4
2102 -1.000000 4
2106 1.000000 4
2110 -1.000000 4
2114 -1.000000 4
2118 1.000000 4
2123 0.000000 5
2128 1.000000 5
2133 1.000000 5
2138 0.000000 5
2143 0.000000 5
2147 1.000000 4
2151 1.000000 4
2155 -1.000000 4
2158 -1.000000 3
2162 1.000000 4
2166 -1.000000 4
2170 1.000000 4
2175 1.000000 5
2179 1.000000 4
2184 1.000000 5
2187 -1.000000 3
2192 1.000000 5
2197 1.000000 5
2202 1.000000 5
2207 1.000000 5
2212 1.000000 5
2216 -1.000000 4
2220 1.000000 4
2224 -1.000000 4
2228 1.000000 4
2232 1.000000 4
2236 1.000000 4
2241 1.000000 5
2245 1.000000 4
2250 0.000000 5
2255 0.000000 5
2259 -1.000000 4
2263 -1.000000 4
2266 1.000000 3
2269 -1.000000 3
2272 1.000000 3
2277 1.000000 5
2280 1.000000 3
2283 1.000000 3
2288 1.000000 5
2292 1.000000 4
2297 0.000000 5
2301 -1.000000 4
2306 1.000000 5
2309 1.000000 3
2313 -1.000000 4
2316 1.000000 3
2320 1.000000 4
2325 0.000000 5
2330 1.000000 5
2335 1.000000 5
2340 1.000000 5
2343 -1.000000 3
2347 1.000000 4
2351 -1.000000 4
2355 1.000000 4
2358 -1.000000 3
2363 1.000000 5
2368 1.000000 5
2373 1.000000 5
2378 1.000000 5
2382 1.000000 4
2386 -1.000000 4
2390 -1.000000 4
2395 1.000000 5
2398 -1.000000 3
2401 1.000000 3
2404 -1.000000 3
2408 1.000000 4
2412 1.000000 4
2416 -1.000000 4
2420 -1.000000 4
2425 0.000000 5
2428 1.000000 3
2433 0.000000 5
2438 1.000000 5
2443 0.000000 5
2446 1.000000 3
2450 -1.000000 4
2455 0.000000 5
2459 1.000000 4
2462 1.000000 3
2465 -1.000000 3
2469 1.000000 4
2473 1.000000 4
2477 1.000000 4
2482 1.000000 5
2486 -1.000000 4
2489 1.000000 3
2493 1.000000 4
2497 -1.000000 4
2500 1.000000 3
2505 0.000000 5
2508 -1.000000 3
2513 0.000000 5
2517 1.000000 4
2522 1.000000 5
2526 1.000000 4
2530 -1.000000 4
2535 1.000000 5
2540 1.000000 5
2545 0.000000 5
2549 1.000000 4
2553 -1.000000 4
2557 -1.000000 4
2562 0.000000 5
2566 -1.000000 4
2569 -1.000000 3
2574 1.000000 5
2578 1.000000 4
2583 1.000000 5
2587 1.000000 4
2592 1.000000 5
2596 -1.000000 4
2600 1.000000 4
2603 1.000000 3
2607 -1.000000 4
2611 1.000000 4
2615 1.000000 4
2619 1.000000 4
2623 -1.000000 4
2627 -1.000000 4
2632 1.000000 5
2636 -1.000000 4
2640 -1.000000 4
2644 -1.000000 4
2649 1.000000 5
2652 1.000000 3
2656 -1.000000 4
2659 1.000000 3
2662 1.000000 3
2666 -1.000000 4
2671 1.000000 5
2676 1.000000 5
2680 -1.000000 4
2685 1.000000 5
2688 1.000000 3
2692 -1.000000 4
2696 1.000000 4
2700 -1.000000 4
2704 1.000000 4
2708 1.000000 4
2712 -1.000000 4
2716 1.000000 4
2720 1.000000 4
2724 1.000000 4
2728 -1.000000 4
2732 -1.000000 4
2737 0.000000 5
2741 1.000000 4
2746 1.000000 5
2749 -1.000000 3
2752 -1.000000 3
2757 1.000000 5
2761 -1.000000 4
2766 1.000000 5
2770 -1.000000 4
2775 0.000000 5
2778 1.000000 3
2783 1.000000 5
2788 1.000000 5
2793 1.000000 5
2797 1.000000 4
2801 1.000000 4
2806 0.000000 5
2810 1.000000 4
2814 1.000000 4
2819 1.000000 5
2823 -1.000000 4
2826 -1.000000 3
2830 1.000000 4
2835 1.000000 5
2838 -1.000000 3
2842 -1.000000 4
2845 1.000000 3
2848 -1.000000 3
2852 -1.000000 4
2856 1.000000 4
2860 1.000000 4
2865 1.000000 5
2870 0.000000 5
2874 1.000000 4
2877 1.000000 3
2881 -1.000000 4
2884 -1.000000 3
2889 0.000000 5
2893 1.000000 4
2896 -1.000000 3
2901 1.000000 5
2905 1.000000 4
2909 1.000000 4
2913 -1.000000 4
2918 1.000000 5
2923 0.000000 5
2926 1.000000 3
2931 1.000000 5
2935 1.000000 4
2940 0.000000 5
2945 1.000000 5
2948 1.000000 3
2952 -1.000000 4
2957 1.000000 5
2962 0.000000 5
2965 1.000000 3
2970 0.000000 5
2973 -1.000000 3
2977 -1.000000 4
2981 1.000000 4
2985 -1.000000 4
2990 0.000000 5
2994 1.000000 4
2999 1.000000 5
3003 1.000000 4
3007 -1.000000 4
3010 -1.000000 3
3015 1.000000 5
3018 1.000000 3
3022 1.000000 4
3026 -1.000000 4
3031 0.000000 5
3036 0.000000 5
3041 1.000000 5
3045 1.000000 4
3050 1.000000 5
3055 1.000000 5
3060 1.000000 5
3063 1.000000 3
3066 -1.000000 3
3071 1.000000 5
3074 1.000000 3
3078 -1.000000 4
3083 1.000000 5
3088 1.000000 5
3093 0.000000 5
3098 0.000000 5
3101 -1.000000 3
3104 -1.000000 3
3107 1.000000 3
3111 1.000000 4
3115 1.000000 4
3119 1.000000 4
3123 -1.000000 4
3126 -1.000000 3
3131 1.000000 5
3135 -1.000000 4
3139 1.000000 4
3144 1.000000 5
3149 1.000000 5
3153 -1.000000 4
3157 -1.000000 4
3160 1.000000 3
3165 0.000000 5
3170 1.000000 5
3174 1.000000 4
3178 1.000000 4
3183 1.000000 5
3187 -1.000000 4
3192 1.000000 5
3196 -1.000000 4
3199 -1.000000 3
3203 1.000000 4
3207 1.000000 4
3211 1.000000 4
3216 1.000000 5
3220 -1.000000 4
3224 1.000000 4
3227 -1.000000 3
3231 1.000000 4
3235 1.000000 4
3239 1.000000 4
3243 -1.000000 4
3247 -1.000000 4
3251 -1.000000 4
3255 1.000000 4
3259 1.000000 4
3262 1.000000 3
3267 1.000000 5
3272 0.000000 5
3276 -1.000000 4
3281 0.000000 5
3285 1.000000 4
3289 1.000000 4
3292 1.000000 3
3297 1.000000 5
3301 -1.000000 4
3306 0.000000 5
3311 1.000000 5
3316 1.000000 5
3320 -1.000000 4
3323 -1.000000 3
3328 1.000000 5
3332 1.000000 4
3336 -1.000000 4
3341 1.000000 5
3345 1.000000 4
3350 0.000000 5
3354 1.000000 4
3359 0.000000 5
3362 -1.000000 3
3366 1.000000 4
3370 1.000000 4
3373 -1.000000 3
3377 -1.000000 4
3380 -1.000000 3
3384 -1.000000 4
3388 1.000000 4
3393 0.000000 5
3397 -1.000000 4
3401 1.000000 4
3405 -1.000000 4
3408 -1.000000 3
3412 1.000000 4
3416 -1.000000 4
3420 -1.000000 4
3424 -1.000000 4
3428 1.000000 4
3432 1.000000 4
3436 1.000000 4
3440 1.000000 4
3444 1.000000 4
3448 1.000000 4
3452 -1.000000 4
3455 1.000000 3
3459 1.000000 4
3464 1.000000 5
3469 1.000000 5
3474 1.000000 5
3479 1.000000 5
3482 -1.000000 3
3487 1.000000 5
3492 1.000000 5
3495 1.000000 3
3500 0.000000 5
3504 1.000000 4
3509 0.000000 5
3514 1.000000 5
3519 1.000000 5
3524 0.000000 5
3527 1.000000 3
3532 0.000000 5
3537 0.000000 5
3540 1.000000 3
3544 1.000000 4
3549 0.000000 5
3554 0.000000 5
3558 -1.000000 4
3562 1.000000 4
3567 1.000000 5
3571 -1.000000 4
3576 1.000000 5
3579 -1.000000 3
3584 1.000000 5
3589 1.000000 5
3593 1.000000 4
3597 1.000000 4
3601 1.000000 4
3604 1.000000 3
3609 1.000000 5
3614 0.000000 5
3619 1.000000 5
3623 1.000000 4
3627 1.000000 4
3631 -1.000000 4
3636 0.000000 5
3640 -1.000000 4
3645 0.000000 5
3650 0.000000 5
3655 1.000000 5
3658 -1.000000 3
3662 1.000000 4
3667 1.000000 5
3671 -1.000000 4
3676 1.000000 5
3681 0.000000 5
3685 -1.000000 4
3689 1.000000 4
3694 0.000000 5
3698 1.000000 4
3701 1.000000 3
3705 1.000000 4
3709 1.000000 4
3714 1.000000 5
3719 1.000000 5
3723 1.000000 4
3727 1.000000 4
3731 -1.000000 4
3735 1.000000 4
3740 0.000000 5
3745 1.000000 5
3749 -1.000000 4
3753 1.000000 4
3758 1.000000 5
3763 0.000000 5
3768 1.000000 5
3773 0.000000 5
3777 1.000000 4
3782 1.000000 5
3787 0.000000 5
3791 -1.000000 4
3795 1.000000 4
3799 1.000000 4
3803 -1.000000 4
3807 1.000000 4
3811 -1.000000 4
3816 1.000000 5
3820 1.000000 4
3825 1.000000 5
3828 1.000000 3
3831 1.000000 3
3836 1.000000 5
3840 -1.000000 4
3844 -1.000000 4
3849 0.000000 5
3854 0.000000 5
3859 0.000000 5
3863 1.000000 4
3868 0.000000 5
3873 1.000000 5
3877 -1.000000 4
3880 -1.000000 3
3884 -1.000000 4
3888 1.000000 4
3893 1.000000 5
3898 0.000000 5
3902 1.000000 4
3906 1.000000 4
3909 1.000000 3
3913 -1.000000 4
3916 -1.000000 3
3920 1.000000 4
3924 1.000000 4
3929 1.000000 5
3933 -1.000000 4
3936 -1.000000 3
3941 1.000000 5
3945 1.000000 4
3949 -1.000000 4
3954 0.000000 5
3959 1.000000 5
3962 1.000000 3
3966 1.000000 4
3969 1.000000 3
3972 -1.000000 3
3976 1.000000 4
3980 1.000000 4
3984 -1.000000 4
3989 1.000000 5
3992 1.000000 3
3996 1.000000 4
4000 1.000000 4
4005 1.000000 5
4009 1.000000 4
4014 1.000000 5
4018 1.000000 4
4022 -1.000000 4
4026 1.000000 4
4030 1.000000 4
4034 1.000000 4
4038 1.000000 4
4043 0.000000 5
4047 1.000000 4
4051 -1.000000 4
4054 -1.000000 3
4058 -1.000000 4
4062 1.000000 4
4067 1.000000 5
4072 0.000000 5
4075 -1.000000 3
4079 -1.000000 4
4083 1.000000 4
4088 0.000000 5
4092 1.000000 4
4097 1.000000 5
4101 1.000000 4
4105 -1.000000 4
4109 1.000000 4
4114 1.000000 5
4118 1.000000 4
4122 1.000000 4
4127 1.000000 5
4132 1.000000 5
4137 1.000000 5
4140 -1.000000 3
4144 1.000000 4
4149 0.000000 5
4154 1.000000 5
4157 1.000000 3
4162 1.000000 5
4166 1.000000 4
4171 0.000000 5
4175 1.000000 4
4179 1.000000 4
4184 1.000000 5
4189 1.000000 5
4194 0.000000 5
4198 -1.000000 4
4202 -1.000000 4
4206 -1.000000 4
4211 0.000000 5
4214 1.000000 3
4218 1.000000 4
4223 1.000000 5
4228 1.000000 5
4231 1.000000 3
4235 1.000000 4
4239 -1.000000 4
4242 1.000000 3
4245 1.000000 3
4250 0.000000 5
4254 1.000000 4
4259 1.000000 5
4263 1.000000 4
4267 -1.000000 4
4272 1.000000 5
4276 1.000000 4
4281 0.000000 5
4286 1.000000 5
4289 1.000000 3
4292 1.000000 3
4295 -1.000000 3
4300 1.000000 5
4305 0.000000 5
4309 1.000000 4
4314 0.000000 5
4318 1.000000 4
4322 -1.000000 4
4327 0.000000 5
4331 -1.000000 4
4335 1.000000 4
4339 -1.000000 4
4343 -1.000000 4
4346 -1.000000 3
4350 1.000000 4
4354 -1.000000 4
4358 1.000000 4
4362 1.000000 4
4366 1.000000 4
4371 1.000000 5
4375 -1.000000 4
4379 -1.000000 4
4383 -1.000000 4
4386 -1.000000 3
4389 -1.000000 3
4393 1.000000 4
4398 0.000000 5
4402 1.000000 4
4406 -1.000000 4
4411 1.000000 5
4415 1.000000 4
4420 1.000000 5
4424 1.000000 4
4429 1.000000 5
4433 1.000000 4
4437 1.000000 4
4440 1.000000 3
4444 1.000000 4
4447 1.000000 3
4452 1.000000 5
4455 -1.000000 3
4459 1.000000 4
4464 1.000000 5
4468 1.000000 4
4473 1.000000 5
4476 -1.000000 3
4481 1.000000 5
4485 1.000000 4
4489 1.000000 4
4492 -1.000000 3
4497 1.000000 5
4501 1.000000 4
4505 -1.000000 4
4509 1.000000 4
4514 1.000000 5
4519 1.000000 5
4524 0.000000 5
4529 0.000000 5
4533 1.000000 4
4536 -1.000000 3
4541 0.000000 5
4546 1.000000 5
4551 1.000000 5
4555 1.000000 4
4559 1.000000 4
4563 -1.000000 4
4566 1.000000 3
4571 0.000000 5
4576 1.000000 5
4580 1.000000 4
4584 1.000000 4
4588 1.000000 4
4591 1.000000 3
4596 0.000000 5
4600 -1.000000 4
4604 -1.000000 4
4608 1.000000 4
4611 1.000000 3
4614 -1.000000 3
4619 0.000000 5
4622 1.000000 3
4625 -1.000000 3
4629 1.000000 4
4632 1.000000 3
4636 1.000000 4
4640 1.000000 4
4643 1.000000 3
4648 1.000000 5
4653 0.000000 5
4657 1.000000 4
4660 1.000000 3
4665 0.000000 5
4669 -1.000000 4
4673 1.000000 4
4677 1.000000 4
4681 1.000000 4
4685 1.000000 4
4689 -1.000000 4
4693 1.000000 4
4697 -1.000000 4
4701 -1.000000 4
4706 1.000000 5
4710 -1.000000 4
4714 -1.000000 4
4718 1.000000 4
4723 0.000000 5
4726 -1.000000 3
4730 1.000000 4
4735 1.000000 5
4739 1.000000 4
4742 1.000000 3
4745 -1.000000 3
4749 -1.000000 4
4753 -1.000000 4
4756 1.000000 3
4760 -1.000000 4
4765 1.000000 5
4769 1.000000 4
4773 -1.000000 4
4776 -1.000000 3
4779 1.000000 3
4782 -1.000000 3
4785 -1.000000 3
4790 1.000000 5
4794 1.000000 4
4799 0.000000 5
4804 0.000000 5
4807 -1.000000 3
4811 1.000000 4
4814 -1.000000 3
4818 1.000000 4
4822 -1.000000 4
4827 0.000000 5
4830 -1.000000 3
4835 1.000000 5
4840 1.000000 5
4845 0.000000 5
4850 1.000000 5
4855 1.000000 5
4860 1.000000 5
4864 1.000000 4
4869 1.000000 5
4873 -1.000000 4
4878 1.000000 5
4883 0.000000 5
4888 1.000000 5
4892 -1.000000 4
4897 0.000000 5
4902 1.000000 5
4907 1.000000 5
4911 -1.000000 4
4916 0.000000 5
4920 1.000000 4
4925 0.000000 5
4929 -1.000000 4
4933 -1.000000 4
4937 1.000000 4
4942 0.000000 5
4946 -1.000000 4
4950 -1.000000 4
4953 -1.000000 3
4956 1.000000 3
4961 1.000000 5
4965 1.000000 4
4970 1.000000 5
4975 1.000000 5
4980 1.000000 5
4984 1.000000 4
4988 1.000000 4
4992 1.000000 4
4996 1.000000 4
4999 -1.000000 3
5002 -1.000000 3
5007 1.000000 5
5010 1.000000 3
5013 -1.000000 3
5016 -1.000000 3
5020 -1.000000 4
5024 -1.000000 4
5027 -1.000000 3
5032 1.000000 5
5036 -1.000000 4
5041 1.000000 5
5046 1.000000 5
5049 1.000000 3
5054 0.000000 5
5058 -1.000000 4
5062 -1.000000 4
5065 1.000000 3
5070 1.000000 5
5074 1.000000 4
5078 1.000000 4
5083 1.000000 5
5087 1.000000 4
5091 -1.000000 4
5095 -1.000000 4
5100 0.000000 5
5103 1.000000 3
5107 -1.000000 4
5111 1.000000 4
5115 -1.000000 4
5118 -1.000000 3
5122 1.000000 4
5126 1.000000 4
5130 1.000000 4
5134 1.000000 4
5139 1.000000 5
5142 -1.000000 3
5147 0.000000 5
5152 1.000000 5
5157 1.000000 5
5160 1.000000 3
5164 -1.000000 4
5169 1.000000 5
5173 1.000000 4
5178 0.000000 5
5183 1.000000 5
5187 -1.000000 4
5191 -1.000000 4
5196 1.000000 5
5201 1.000000 5
5205 -1.000000 4
5208 -1.000000 3
5211 -1.000000 3
5216 1.000000 5
5220 1.000000 4
5224 1.000000 4
5228 1.000000 4
5233 1.000000 5
5238 1.000000 5
5243 1.000000 5
5248 1.000000 5
5252 1.000000 4
5257 1.000000 5
5261 -1.000000 4
5264 -1.000000 3
5269 0.000000 5
5274 1.000000 5
5277 1.000000 3
5281 1.000000 4
5286 1.000000 5
5289 1.000000 3
5293 1.000000 4
5297 -1.000000 4
5300 1.000000 3
5304 1.000000 4
5309 0.000000 5
5313 1.000000 4
5317 1.000000 4
5320 -1.000000 3
5325 1.000000 5
5329 -1.000000 4
5334 1.000000 5
5339 1.000000 5
5343 -1.000000 4
5347 -1.000000 4
5351 1.000000 4
5355 1.000000 4
5359 -1.000000 4
5363 -1.000000 4
5366 1.000000 3
5371 0.000000 5
5375 1.000000 4
5380 0.000000 5
5384 1.000000 4
5389 0.000000 5
5393 1.000000 4
5397 -1.000000 4
5401 1.000000 4
5406 1.000000 5
5411 1.000000 5
5416 1.000000 5
5420 -1.000000 4
5425 1.000000 5
5429 1.000000 4
5434 1.000000 5
5438 -1.000000 4
5442 -1.000000 4
5446 1.000000 4
5450 1.000000 4
5453 -1.000000 3
5458 0.000000 5
5463 0.000000 5
5468 0.000000 5
5472 1.000000 4
5476 1.000000 4
5481 1.000000 5
5486 1.000000 5
5491 1.000000 5
5495 1.000000 4
5499 1.000000 4
5503 -1.000000 4
5506 1.000000 3
5511 0.000000 5
5515 1.000000 4
5518 1.000000 3
5522 -1.000000 4
5526 1.000000 4
5530 1.000000 4
5534 1.000000 4
5539 0.000000 5
5544 0.000000 5
5547 1.000000 3
5551 1.000000 4
5555 1.000000 4
5558 -1.000000 3
5562 1.000000 4
5566 -1.000000 4
5570 1.000000 4
5574 -1.000000 4
5578 -1.000000 4
5582 -1.000000 4
5587 0.000000 5
5591 1.000000 4
5596 1.000000 5
5601 0.000000 5
5605 1.000000 4
5608 1.000000 3
5613 1.000000 5
5618 0.000000 5
5622 -1.000000 4
5625 1.000000 3
5629 -1.000000 4
5633 1.000000 4
5638 1.000000 5
5643 0.000000 5
5648 0.000000 5
5652 1.000000 4
5656 1.000000 4
5660 1.000000 4
5663 1.000000 3
5666 -1.000000 3
5669 -1.000000 3
5674 0.000000 5
5678 -1.000000 4
5683 1.000000 5
5687 1.000000 4
5692 1.000000 5
5697 1.000000 5
5701 1.000000 4
5705 1.000000 4
5708 1.000000 3
5713 1.000000 5
5718 0.000000 5
5722 1.000000 4
5727 1.000000 5
5731 1.000000 4
5735 -1.000000 4
5740 1.000000 5
5745 1.000000 5
5749 1.000000 4
5753 -1.000000 4
5757 -1.000000 4
5762 1.000000 5
5767 0.000000 5
5772 1.000000 5
5777 1.000000 5
5781 1.000000 4
5786 1.000000 5
5791 0.000000 5
5796 1.000000 5
5801 0.000000 5
5805 1.000000 4
5810 1.000000 5
5814 -1.000000 4
5818 1.000000 4
5822 -1.000000 4
5826 1.000000 4
5829 -1.000000 3
5833 -1.000000 4
5838 1.000000 5
5843 0.000000 5
5847 1.000000 4
5851 1.000000 4
5855 -1.000000 4
5860 1.000000 5
5865 1.000000 5
5868 -1.000000 3
5871 1.000000 3
5875 1.000000 4
5880 0.000000 5
5883 1.000000 3
5888 1.000000 5
5893 1.000000 5
5897 1.000000 4
5901 -1.000000 4
5906 0.000000 5
5911 1.000000 5
5915 -1.000000 4
5918 -1.000000 3
5923 1.000000 5
5928 1.000000 5
5933 1.000000 5
5938 1.000000 5
5943 1.000000 5
5946 -1.000000 3
5951 1.000000 5
5954 1.000000 3
5958 1.000000 4
5962 1.000000 4
5967 0.000000 5
5972 1.000000 5
5977 0.000000 5
5981 1.000000 4
5986 0.000000 5
5989 1.000000 3
5994 1.000000 5
5997 1.000000 3
6001 -1.000000 4
6005 -1.000000 4
6008 -1.000000 3
6012 1.000000 4
6017 0.000000 5
6021 1.000000 4
6025 -1.000000 4
6030 1.000000 5
6035 0.000000 5
6038 1.000000 3
6041 -1.000000 3
6044 -1.000000 3
6048 -1.000000 4
6052 1.000000 4
6056 1.000000 4
6060 1.000000 4
6064 1.000000 4
6068 -1.000000 4
6073 0.000000 5
6078 1.000000 5
6083 1.000000 5
6086 1.000000 3
6091 0.000000 5
6094 -1.000000 3
6098 1.000000 4
6103 1.000000 5
6108 0.000000 5
6112 -1.000000 4
6116 -1.000000 4
6121 1.000000 5
6126 1.000000 5
6131 1.000000 5
6135 1.000000 4
6138 1.000000 3
6143 1.000000 5
6146 1.000000 3
6150 1.000000 4
6154 -1.000000 4
6159 0.000000 5
6163 1.000000 4
6168 1.000000 5
6173 1.000000 5
6177 -1.000000 4
6181 -1.000000 4
6185 1.000000 4
6188 -1.000000 3
6193 1.000000 5
6197 -1.000000 4
6200 -1.000000 3
6205 0.000000 5
6208 -1.000000 3
6213 0.000000 5
6217 -1.000000 4
6221 1.000000 4
6225 -1.000000 4
6228 1.000000 3
6232 1.000000 4
6236 1.000000 4
6241 0.000000 5
6245 -1.000000 4
6249 1.000000 4
6254 0.000000 5
6259 0.000000 5
6264 1.000000 5
6268 1.000000 4
6271 -1.000000 3
6276 1.000000 5
6281 0.000000 5
6286 0.000000 5
6290 1.000000 4
6294 1.000000 4
6298 1.000000 4
6302 -1.000000 4
6305 1.000000 3
6308 -1.000000 3
6313 1.000000 5
6317 -1.000000 4
6321 1.000000 4
6324 1.000000 3
6328 -1.000000 4
6332 -1.000000 4
6335 1.000000 3
6339 1.000000 4
6343 1.000000 4
6347 1.000000 4
6351 -1.000000 4
6356 1.000000 5
6360 1.000000 4
6364 -1.000000 4
6368 1.000000 4
6372 -1.000000 4
6376 1.000000 4
6380 -1.000000 4
6384 1.000000 4
6388 1.000000 4
6392 1.000000 4
6395 -1.000000 3
6399 1.000000 4
6404 1.000000 5
6408 1.000000 4
6413 0.000000 5
6418 1.000000 5
6422 1.000000 4
6426 -1.000000 4
6430 -1.000000 4
6434 1.000000 4
6437 -1.000000 3
6442 1.000000 5
6445 1.000000 3
6449 -1.000000 4
6453 -1.000000 4
6458 0.000000 5
6462 -1.000000 4
6467 1.000000 5
6472 1.000000 5
6477 1.000000 5
6482 1.000000 5
6486 -1.000000 4
6491 0.000000 5
6495 1.000000 4
6499 -1.000000 4
6503 -1.000000 4
6507 1.000000 4
6512 1.000000 5
6516 1.000000 4
6520 -1.000000 4
6525 1.000000 5
6530 1.000000 5
6534 -1.000000 4
6539 0.000000 5
6543 1.000000 4
6548 0.000000 5
6552 1.000000 4
6555 1.000000 3
6559 1.000000 4
6563 1.000000 4
6568 1.000000 5
6571 1.000000 3
6575 1.000000 4
6579 1.000000 4
6583 1.000000 4
6588 1.000000 5
6591 -1.000000 3
6596 1.000000 5
6600 -1.000000 4
6603 1.000000 3
6607 -1.000000 4
6610 -1.000000 3
6614 -1.000000 4
6619 1.000000 5
6623 1.000000 4
6628 1.000000 5
6632 1.000000 4
6636 1.000000 4
6641 1.000000 5
6646 0.000000 5
6651 1.000000 5
6654 1.000000 3
6659 0.000000 5
6663 -1.000000 4
6668 1.000000 5
6671 -1.000000 3
6675 -1.000000 4
6679 1.000000 4
6684 1.000000 5
6687 -1.000000 3
6691 1.000000 4
6696 1.000000 5
6701 0.000000 5
6704 1.000000 3
6708 1.000000 4
6711 1.000000 3
6716 0.000000 5
6720 1.000000 4
6725 1.000000 5
6729 -1.000000 4
6733 1.000000 4
6737 -1.000000 4
6740 -1.000000 3
6744 1.000000 4
6749 0.000000 5
6753 1.000000 4
6758 1.000000 5
6761 -1.000000 3
6765 1.000000 4
6769 1.000000 4
6772 1.000000 3
6777 1.000000 5
6781 -1.000000 4
6785 -1.000000 4
6789 -1.000000 4
6792 -1.000000 3
6796 -1.000000 4
6801 1.000000 5
6805 -1.000000 4
6808 1.000000 3
6812 -1.000000 4
6815 -1.000000 3
6820 1.000000 5
6824 -1.000000 4
6828 1.000000 4
6833 0.000000 5
6837 -1.000000 4
6840 -1.000000 3
6844 -1.000000 4
6849 1.000000 5
6853 -1.000000 4
6857 1.000000 4
6861 1.000000 4
6864 -1.000000 3
6867 -1.000000 3
6872 1.000000 5
6877 1.000000 5
6881 -1.000000 4
6886 1.000000 5
6890 1.000000 4
6894 -1.000000 4
6899 1.000000 5
6904 0.000000 5
6909 1.000000 5
6912 -1.000000 3
6916 1.000000 4
6921 0.000000 5
6925 1.000000 4
6930 1.000000 5
6934 -1.000000 4
6939 1.000000 5
6943 -1.000000 4
6948 0.000000 5
6952 1.000000 4
6955 1.000000 3
6959 -1.000000 4
6964 0.000000 5
6968 1.000000 4
6972 -1.000000 4
6977 0.000000 5
6981 -1.000000 4
6985 1.000000 4
6988 1.000000 3
6991 -1.000000 3
6996 0.000000 5
7000 1.000000 4
7005 1.000000 5
7009 1.000000 4
7012 -1.000000 3
7016 -1.000000 4
7020 -1.000000 4
7024 1.000000 4
7027 1.000000 3
7031 1.000000 4
7034 1.000000 3
7039 0.000000 5
7043 1.000000 4
7047 -1.000000 4
7052 1.000000 5
7057 1.000000 5
7061 1.000000 4
7064 1.000000 3
7068 1.000000 4
7073 0.000000 5
7078 1.000000 5
7081 1.000000 3
7086 1.000000 5
7091 0.000000 5
7094 -1.000000 3
7099 1.000000 5
7102 -1.000000 3
7106 1.000000 4
7111 1.000000 5
7115 1.000000 4
7120 1.000000 5
7125 1.000000 5
7129 -1.000000 4
7134 1.000000 5
7138 1.000000 4
7141 -1.000000 3
7145 1.000000 4
7149 1.000000 4
7153 -1.000000 4
7157 1.000000 4
7161 1.000000 4
7166 1.000000 5
7171 1.000000 5
7175 -1.000000 4
7178 -1.000000 3
7182 1.000000 4
7185 -1.000000 3
7190 1.000000 5
7195 0.000000 5
7200 1.000000 5
7205 1.000000 5
7209 1.000000 4
7214 1.000000 5
7218 -1.000000 4
7223 0.000000 5
7228 1.000000 5
7232 -1.000000 4
7236 1.000000 4
7240 1.000000 4
7245 0.000000 5
7250 1.000000 5
7254 -1.000000 4
7257 1.000000 3
7260 1.000000 3
7264 1.000000 4
7268 -1.000000 4
7273 0.000000 5
7278 0.000000 5
7282 -1.000000 4
7286 1.000000 4
7290 -1.000000 4
7295 0.000000 5
7299 -1.000000 4
7304 0.000000 5
7308 -1.000000 4
7313 1.000000 5
7317 1.000000 4
7321 -1.000000 4
7325 1.000000 4
7330 0.000000 5
7334 1.000000 4
7339 0.000000 5
7343 1.000000 4
7347 1.000000 4
7350 1.000000 3
7354 1.000000 4
7358 1.000000 4
7361 1.000000 3
7364 -1.000000 3
7369 1.000000 5
7374 1.000000 5
7379 1.000000 5
7383 -1.000000 4
7387 1.000000 4
7391 -1.000000 4
7394 1.000000 3
7397 1.000000 3
7400 -1.000000 3
7405 0.000000 5
7410 1.000000 5
7415 1.000000 5
7419 1.000000 4
7424 0.000000 5
7427 -1.000000 3
7431 1.000000 4
7436 1.000000 5
7441 1.000000 5
7446 1.000000 5
7450 -1.000000 4
7454 -1.000000 4
7458 1.000000 4
7462 1.000000 4
7467 1.000000 5
7472 1.000000 5
7476 -1.000000 4
7481 0.000000 5
7484 -1.000000 3
7487 1.000000 3
7492 1.000000 5
7496 -1.000000 4
7499 -1.000000 3
7502 -1.000000 3
7507 0.000000 5
7511 1.000000 4
7516 1.000000 5
7521 1.000000 5
7525 -1.000000 4
7529 -1.000000 4
7533 1.000000 4
7537 -1.000000 4
7542 1.000000 5
7547 1.000000 5
7551 -1.000000 4
7555 1.000000 4
7559 1.000000 4
7562 -1.000000 3
7566 1.000000 4
7569 -1.000000 3
7574 1.000000 5
7579 1.000000 5
7584 1.000000 5
7588 -1.000000 4
7591 -1.000000 3
7596 0.000000 5
7600 -1.000000 4
7603 1.000000 3
7607 -1.000000 4
7610 1.000000 3
7614 -1.000000 4
7619 1.000000 5
7623 1.000000 4
7627 1.000000 4
7631 1.000000 4
7634 1.000000 3
7639 0.000000 5
7642 1.000000 3
7645 -1.000000 3
7648 1.000000 3
7652 1.000000 4
7657 1.000000 5
7662 0.000000 5
7667 0.000000 5
7672 1.000000 5
7676 -1.000000 4
7681 0.000000 5
7686 1.000000 5
7690 -1.000000 4
7694 1.000000 4
7699 1.000000 5
7702 1.000000 3
7706 1.000000 4
7711 1.000000 5
7716 0.000000 5
7720 1.000000 4
7725 0.000000 5
7728 -1.000000 3
7732 -1.000000 4
7736 -1.000000 4
7741 1.000000 5
7744 1.000000 3
7747 -1.000000 3
7750 1.000000 3
7754 -1.000000 4
7758 1.000000 4
7762 1.000000 4
7766 1.000000 4
7771 1.000000 5
7775 1.000000 4
7780 0.000000 5
7783 1.000000 3
7787 1.000000 4
7790 1.000000 3
7793 -1.000000 3
7798 1.000000 5
7801 -1.000000 3
7806 1.000000 5
7810 -1.000000 4
7814 1.000000 4
7819 1.000000 5
7823 -1.000000 4
7827 1.000000 4
7830 1.000000 3
7835 1.000000 5
7840 1.000000 5
7845 1.000000 5
7848 1.000000 3
7853 1.000000 5
7857 1.000000 4
7862 1.000000 5
7867 1.000000 5
7872 1.000000 5
7876 1.000000 4
7881 1.000000 5
7885 1.000000 4
7888 -1.000000 3
7893 0.000000 5
7898 0.000000 5
7902 1.000000 4
7906 -1.000000 4
7910 1.000000 4
7913 -1.000000 3
7917 -1.000000 4
7921 -1.000000 4
7925 1.000000 4
7930 0.000000 5
7933 1.000000 3
7937 1.000000 4
7941 1.000000 4
7946 1.000000 5
7950 -1.000000 4
7955 0.000000 5
7960 1.000000 5
7965 1.000000 5
7968 1.000000 3
7971 -1.000000 3
7976 0.000000 5
7980 1.000000 4
7984 -1.000000 4
7989 1.000000 5
7992 1.000000 3
7996 1.000000 4
8000 -1.000000 4
8005 0.000000 5
8009 1.000000 4
8013 -1.000000 4
8018 0.000000 5
8023 1.000000 5
8028 1.000000 5
8033 1.000000 5
8037 1.000000 4
8041 1.000000 4
8044 1.000000 3
8047 1.000000 3
8051 1.000000 4
8055 -1.000000 4
8059 1.000000 4
8063 -1.000000 4
8067 -1.000000 4
8070 1.000000 3
8074 1.000000 4
8078 1.000000 4
8082 1.000000 4
8087 1.000000 5
8092 0.000000 5
8097 1.000000 5
8101 1.000000 4
8104 -1.000000 3
8109 1.000000 5
8113 1.000000 4
8118 0.000000 5
8123 0.000000 5
8126 -1.000000 3
8130 1.000000 4
8135 0.000000 5
8140 1.000000 5
8144 1.000000 4
8147 1.000000 3
8151 -1.000000 4
8154 1.000000 3
8158 1.000000 4
8162 -1.000000 4
8167 0.000000 5
8172 1.000000 5
8176 1.000000 4
8180 1.000000 4
8185 1.000000 5
8190 1.000000 5
8194 1.000000 4
8198 -1.000000 4
8201 -1.000000 3
8204 1.000000 3
8207 1.000000 3
8211 -1.000000 4
8215 -1.000000 4
8218 1.000000 3
8222 1.000000 4
8226 -1.000000 4
8230 -1.000000 4
8234 1.000000 4
8239 1.000000 5
8243 -1.000000 4
8248 1.000000 5
8251 -1.000000 3
8254 -1.000000 3
8258 -1.000000 4
8263 0.000000 5
8266 1.000000 3
8271 1.000000 5
8275 -1.000000 4
8280 1.000000 5
8285 1.000000 5
8290 1.000000 5
8295 0.000000 5
8299 1.000000 4
8303 1.000000 4
8307 1.000000 4
8311 1.000000 4
8315 -1.000000 4
8319 -1.000000 4
8322 -1.000000 3
8327 1.000000 5
8331 -1.000000 4
8336 1.000000 5
8339 -1.000000 3
8343 1.000000 4
8347 1.000000 4
8351 -1.000000 4
8355 -1.000000 4
8359 -1.000000 4
8363 -1.000000 4
8366 1.000000 3
8371 0.000000 5
8374 1.000000 3
8377 1.000000 3
8381 -1.000000 4
8386 1.000000 5
8389 -1.000000 3
8392 -1.000000 3
8397 1.000000 5
8402 0.000000 5
8407 1.000000 5
8411 1.000000 4
8416 0.000000 5
8420 1.000000 4
8424 1.000000 4
8427 1.000000 3
8432 1.000000 5
8436 1.000000 4
8440 -1.000000 4
8445 1.000000 5
8449 -1.000000 4
8453 1.000000 4
8456 -1.000000 3
8460 -1.000000 4
8464 1.000000 4
8468 1.000000 4
8473 0.000000 5
8478 0.000000 5
8482 -1.000000 4
8487 1.000000 5
8490 1.000000 3
8493 -1.000000 3
8497 -1.000000 4
8501 1.000000 4
8506 0.000000 5
8510 -1.000000 4
8514 1.000000 4
8518 1.000000 4
8522 1.000000 4
8526 1.000000 4
8530 1.000000 4
8535 0.000000 5
8540 0.000000 5
8544 1.000000 4
8549 0.000000 5
8552 -1.000000 3
8557 1.000000 5
8560 -1.000000 3
8565 1.000000 5
8568 1.000000 3
8571 -1.000000 3
8575 -1.000000 4
8579 1.000000 4
8582 1.000000 3
8586 -1.000000 4
8589 -1.000000 3
8592 1.000000 3
8597 1.000000 5
8601 -1.000000 4
8606 0.000000 5
8609 -1.000000 3
8614 1.000000 5
8617 -1.000000 3
8622 0.000000 5
8627 1.000000 5
8632 1.000000 5
8636 -1.000000 4
8640 -1.000000 4
8645 0.000000 5
8649 1.000000 4
8652 -1.000000 3
8656 1.000000 4
8660 -1.000000 4
8663 1.000000 3
8668 0.000000 5
8673 1.000000 5
8676 1.000000 3
8679 1.000000 3
8683 -1.000000 4
8688 1.000000 5
8693 0.000000 5
8696 -1.000000 3
8701 1.000000 5
8705 1.000000 4
8709 -1.000000 4
8713 1.000000 4
8718 1.000000 5
8721 -1.000000 3
8726 1.000000 5
8731 1.000000 5
8735 -1.000000 4
8740 1.000000 5
8745 1.000000 5
8750 0.000000 5
8755 1.000000 5
8758 1.000000 3
8762 -1.000000 4
8766 1.000000 4
8770 1.000000 4
8774 -1.000000 4
8779 1.000000 5
8783 -1.000000 4
8787 -1.000000 4
8791 1.000000 4
8796 1.000000 5
8800 1.000000 4
8804 1.000000 4
8808 1.000000 4
8811 -1.000000 3
8814 -1.000000 3
8819 1.000000 5
8823 -1.000000 4
8828 0.000000 5
8832 -1.000000 4
8837 1.000000 5
8841 1.000000 4
8846 1.000000 5
8851 1.000000 5
8855 -1.000000 4
8859 1.000000 4
8863 -1.000000 4
8868 0.000000 5
8872 -1.000000 4
8876 -1.000000 4
8881 1.000000 5
8885 -1.000000 4
8889 1.000000 4
8894 1.000000 5
8898 1.000000 4
8902 1.000000 4
8906 1.000000 4
8910 1.000000 4
8913 -1.000000 3
8918 1.000000 5
8922 1.000000 4
8927 1.000000 5
8930 1.000000 3
8934 1.000000 4
8939 1.000000 5
8944 1.000000 5
8948 -1.000000 4
8952 1.000000 4
8957 1.000000 5
8960 1.000000 3
8963 -1.000000 3
8967 1.000000 4
8971 1.000000 4
8976 1.000000 5
8980 1.000000 4
8984 -1.000000 4
8988 -1.000000 4
8993 0.000000 5
8998 1.000000 5
9003 0.000000 5
9007 -1.000000 4
9010 -1.000000 3
9015 0.000000 5
9020 0.000000 5
9025 0.000000 5
9029 -1.000000 4
9033 1.000000 4
9038 1.000000 5
9041 -1.000000 3
9045 -1.000000 4
9049 -1.000000 4
9054 0.000000 5
9057 -1.000000 3
9060 -1.000000 3
9064 1.000000 4
9068 1.000000 4
9073 0.000000 5
9077 -1.000000 4
9080 1.000000 3
9083 -1.000000 3
9086 1.000000 3
9089 -1.000000 3
9094 1.000000 5
9098 1.000000 4
9101 -1.000000 3
9105 1.000000 4
9110 1.000000 5
9115 1.000000 5
9120 1.000000 5
9125 0.000000 5
9129 1.000000 4
9133 -1.000000 4
9137 -1.000000 4
9140 -1.000000 3
9144 -1.000000 4
9149 1.000000 5
9154 0.000000 5
9159 0.000000 5
9162 1.000000 3
9166 1.000000 4
9170 1.000000 4
9174 1.000000 4
9178 1.000000 4
9182 1.000000 4
9187 0.000000 5
9192 1.000000 5
9196 -1.000000 4
9200 -1.000000 4
9205 1.000000 5
9209 1.000000 4
9212 -1.000000 3
9217 1.000000 5
9220 -1.000000 3
9224 -1.000000 4
9227 1.000000 3
9231 -1.000000 4
9236 1.000000 5
9240 1.000000 4
9245 1.000000 5
9250 0.000000 5
9254 1.000000 4
9257 1.000000 3
9261 1.000000 4
9266 0.000000 5
9271 1.000000 5
9276 1.000000 5
9281 1.000000 5
9285 1.000000 4
9288 1.000000 3
9293 1.000000 5
9297 1.000000 4
9301 -1.000000 4
9306 1.000000 5
9310 -1.000000 4
9314 1.000000 4
9319 0.000000 5
9322 -1.000000 3
9326 -1.000000 4
9331 0.000000 5
9334 1.000000 3
9339 1.000000 5
9343 1.000000 4
9346 1.000000 3
9350 1.000000 4
9353 -1.000000 3
9357 1.000000 4
9360 1.000000 3
9365 1.000000 5
9369 1.000000 4
9372 -1.000000 3
9376 -1.000000 4
9381 0.000000 5
9386 1.000000 5
9390 1.000000 4
9394 -1.000000 4
9398 1.000000 4
9402 -1.000000 4
9407 1.000000 5
9410 -1.000000 3
9414 -1.000000 4
9418 -1.000000 4
9423 0.000000 5
9426 -1.000000 3
9431 0.000000 5
9434 -1.000000 3
9438 -1.000000 4
9443 1.000000 5
9447 1.000000 4
9451 -1.000000 4
9456 0.000000 5
9460 -1.000000 4
9464 1.000000 4
9469 1.000000 5
9473 1.000000 4
9477 -1.000000 4
9481 1.000000 4
9486 1.000000 5
9489 1.000000 3
9493 -1.000000 4
9498 1.000000 5
9501 -1.000000 3
9505 -1.000000 4
9509 1.000000 4
9514 0.000000 5
9517 1.000000 3
9522 0.000000 5
9527 1.000000 5
9532 1.000000 5
9535 -1.000000 3
9540 1.000000 5
9544 1.000000 4
9548 1.000000 4
9552 1.000000 4
9556 1.000000 4
9559 -1.000000 3
9564 0.000000 5
9568 1.000000 4
9572 1.000000 4
9577 1.000000 5
9581 1.000000 4
9585 -1.000000 4
9588 -1.000000 3
9592 -1.000000 4
9595 1.000000 3
9599 -1.000000 4
9603 1.000000 4
9608 1.000000 5
9611 1.000000 3
9616 1.000000 5
9620 -1.000000 4
9624 -1.000000 4
9629 0.000000 5
9634 0.000000 5
9638 -1.000000 4
9641 1.000000 3
9645 1.000000 4
9650 0.000000 5
9653 -1.000000 3
9656 -1.000000 3
9661 1.000000 5
9666 0.000000 5
9670 1.000000 4
9675 1.000000 5
9680 1.000000 5
9685 1.000000 5
9689 1.000000 4
9693 1.000000 4
9697 -1.000000 4
9700 1.000000 3
9704 -1.000000 4
9709 0.000000 5
9714 1.000000 5
9718 1.000000 4
9722 1.000000 4
9725 -1.000000 3
9728 -1.000000 3
9733 1.000000 5
9738 0.000000 5
9742 1.000000 4
9746 1.000000 4
9749 -1.000000 3
9753 1.000000 4
9758 1.000000 5
9763 0.000000 5
9768 1.000000 5
9771 -1.000000 3
9775 1.000000 4
9780 1.000000 5
9785 1.000000 5
9788 1.000000 3
9792 1.000000 4
9795 1.000000 3
9799 1.000000 4
9804 0.000000 5
9808 -1.000000 4
9812 1.000000 4
9816 1.000000 4
9820 1.000000 4
9824 1.000000 4
9829 1.000000 5
9833 1.000000 4
9837 -1.000000 4
9840 -1.000000 3
9845 1.000000 5
9850 1.000000 5
9853 1.000000 3
9858 1.000000 5
9863 1.000000 5
9868 1.000000 5
9871 1.000000 3
9876 1.000000 5
9880 1.000000 4
9885 1.000000 5
9889 1.000000 4
9892 -1.000000 3
9896 -1.000000 4
9900 -1.000000 4
9904 1.000000 4
9909 0.000000 5
9913 1.000000 4
9918 0.000000 5
9923 1.000000 5
9928 1.000000 5
9932 -1.000000 4
9936 1.000000 4
9940 1.000000 4
9944 1.000000 4
9948 1.000000 4
9953 1.000000 5
9956 -1.000000 3
9961 1.000000 5
9965 -1.000000 4
9969 1.000000 4
9974 1.000000 5
9979 0.000000 5
9982 -1.000000 3
9987 0.000000 5
9990 -1.000000 3
9994 1.000000 4
9999 1.000000 5
10003 -1.000000 4
10007 1.000000 4
10011 1.000000 4
10016 0.000000 5
10020 1.000000 4
10023 1.000000 3
10027 1.000000 4
10031 1.000000 4
10035 1.000000 4
10039 1.000000 4
10044 0.000000 5
10048 1.000000 4
10051 1.000000 3
10055 1.000000 4
10060 1.000000 5
10064 1.000000 4
10068 1.000000 4
10071 1.000000 3
10075 1.000000 4
10078 -1.000000 3
10082 1.000000 4
10085 1.000000 3
10088 1.000000 3
10091 1.000000 3
10095 1.000000 4
10099 1.000000 4
10103 1.000000 4
10106 -1.000000 3
10110 1.000000 4
10113 1.000000 3
10116 1.000000 3
10120 1.000000 4
10124 1.000000 4
10127 1.000000 3
10131 1.000000 4
10134 1.000000 3
10137 -1.000000 3
10141 1.000000 4
10144 1.000000 3
10148 1.000000 4
10152 1.000000 4
10155 1.000000 3
10159 1.000000 4
10163 1.000000 4
10167 1.000000 4
10170 1.000000 3
10174 1.000000 4
10178 1.000000 4
10183 0.000000 5
10187 1.000000 4
10190 1.000000 3
10194 1.000000 4
10197 -1.000000 3
10200 -1.000000 3
10205 1.000000 5
10208 1.000000 3
10212 1.000000 4
10216 1.000000 4
10220 1.000000 4
10224 1.000000 4
10228 1.000000 4
10232 1.000000 4
10236 1.000000 4
10239 1.000000 3
10244 0.000000 5
10248 1.000000 4
10252 1.000000 4
10256 1.000000 4
10259 1.000000 3
10262 1.000000 3
10265 1.000000 3
10269 -1.000000 4
10272 1.000000 3
10276 1.000000 4
10279 1.000000 3
10283 1.000000 4
10287 1.000000 4
10291 1.000000 4
10295 1.000000 4
10298 1.000000 3
10302 1.000000 4
10305 1.000000 3
10310 1.000000 5
10315 0.000000 5
10319 1.000000 4
10323 1.000000 4
10327 1.000000 4
10332 1.000000 5
10335 1.000000 3
10339 1.000000 4
10343 1.000000 4
10347 1.000000 4
10351 1.000000 4
10354 -1.000000 3
10358 -1.000000 4
10362 1.000000 4
10366 1.000000 4
10371 0.000000 5
10375 1.000000 4
10378 -1.000000 3
10382 1.000000 4
10386 1.000000 4
10389 1.000000 3
10393 1.000000 4
10396 1.000000 3
10401 0.000000 5
10405 1.000000 4
10408 -1.000000 3
10412 1.000000 4
10416 1.000000 4
10421 0.000000 5
10425 1.000000 4
10428 1.000000 3
10432 1.000000 4
10437 0.000000 5
10441 1.000000 4
10445 1.000000 4
10448 1.000000 3
10451 1.000000 3
10455 1.000000 4
10459 -1.000000 4
10463 1.000000 4
10466 1.000000 3
10470 1.000000 4
10474 1.000000 4
10478 1.000000 4
10481 1.000000 3
10485 1.000000 4
10489 1.000000 4
10492 1.000000 3
10496 1.000000 4
10501 1.000000 5
10504 1.000000 3
10508 1.000000 4
10511 1.000000 3
10515 1.000000 4
10519 1.000000 4
10523 1.000000 4
10527 1.000000 4
10530 1.000000 3
10534 1.000000 4
10539 0.000000 5
10543 1.000000 4
10548 0.000000 5
10552 1.000000 4
10555 1.000000 3
10559 1.000000 4
10563 1.000000 4
10567 1.000000 4
10571 1.000000 4
10575 1.000000 4
10579 1.000000 4
10583 1.000000 4
10586 1.000000 3
10589 -1.000000 3
10593 1.000000 4
10596 1.000000 3
10600 1.000000 4
10603 1.000000 3
10607 1.000000 4
10612 0.000000 5
10615 1.000000 3
10618 1.000000 3
10622 1.000000 4
10626 1.000000 4
10630 1.000000 4
10635 0.000000 5
10640 0.000000 5
10644 1.000000 4
10647 1.000000 3
10652 0.000000 5
10657 0.000000 5
10660 1.000000 3
10663 1.000000 3
10666 1.000000 3
10670 -1.000000 4
10673 1.000000 3
10676 1.000000 3
10679 1.000000 3
10683 1.000000 4
10687 1.000000 4
10691 1.000000 4
10695 1.000000 4
10700 1.000000 5
10704 1.000000 4
10708 1.000000 4
10712 -1.000000 4
10716 1.000000 4
10719 1.000000 3
10722 -1.000000 3
10726 1.000000 4
10730 1.000000 4
10734 1.000000 4
10738 -1.000000 4
10741 1.000000 3
10744 1.000000 3
10748 1.000000 4
10751 1.000000 3
10755 1.000000 4
10760 0.000000 5
10763 1.000000 3
10767 1.000000 4
10772 1.000000 5
10776 1.000000 4
10779 1.000000 3
10783 1.000000 4
10786 -1.000000 3
10790 1.000000 4
10794 1.000000 4
10798 1.000000 4
10803 0.000000 5
10807 1.000000 4
10810 1.000000 3
10814 1.000000 4
10818 1.000000 4
10822 1.000000 4
10825 1.000000 3
10829 1.000000 4
10833 1.000000 4
10837 1.000000 4
10841 1.000000 4
10844 1.000000 3
10848 1.000000 4
10852 -1.000000 4
10855 1.000000 3
10859 1.000000 4
10863 1.000000 4
10867 1.000000 4
10870 1.000000 3
10874 -1.000000 4
10879 1.000000 5
10884 0.000000 5
10887 1.000000 3
10891 1.000000 4
10896 0.000000 5
10901 1.000000 5
10905 1.000000 4
10908 1.000000 3
10912 1.000000 4
10916 1.000000 4
10920 1.000000 4
10924 1.000000 4
10928 1.000000 4
10931 1.000000 3
10934 1.000000 3
10938 1.000000 4
10941 1.000000 3
10946 0.000000 5
10950 1.000000 4
10953 1.000000 3
10957 1.000000 4
10960 1.000000 3
10963 1.000000 3
10967 1.000000 4
10970 1.000000 3
10974 1.000000 4
10979 1.000000 5
10983 1.000000 4
10988 0.000000 5
10992 1.000000 4
10995 1.000000 3
10999 1.000000 4
11003 1.000000 4
11007 -1.000000 4
11012 1.000000 5
11017 1.000000 5
11021 1.000000 4
11025 1.000000 4
11030 1.000000 5
11034 1.000000 4
11038 -1.000000 4
11042 1.000000 4
11047 1.000000 5
11051 -1.000000 4
11056 1.000000 5
11061 1.000000 5
11066 1.000000 5
11071 0.000000 5
11074 -1.000000 3
11077 -1.000000 3
11082 0.000000 5
11087 1.000000 5
11092 1.000000 5
11095 1.000000 3
11100 1.000000 5
11104 1.000000 4
11108 -1.000000 4
11112 -1.000000 4
11116 1.000000 4
11121 1.000000 5
11124 1.000000 3
11129 0.000000 5
11133 -1.000000 4
11136 -1.000000 3
11141 1.000000 5
11146 1.000000 5
11151 0.000000 5
11156 0.000000 5
11161 0.000000 5
11165 1.000000 4
11170 0.000000 5
11175 1.000000 5
11180 1.000000 5
11184 -1.000000 4
11188 1.000000 4
11191 -1.000000 3
11195 -1.000000 4
11200 1.000000 5
11204 -1.000000 4
11208 1.000000 4
11213 1.000000 5
11218 0.000000 5
11222 -1.000000 4
11227 0.000000 5
11231 1.000000 4
11235 -1.000000 4
11239 -1.000000 4
11244 0.000000 5
11249 1.000000 5
11253 -1.000000 4
11256 -1.000000 3
11260 -1.000000 4
11263 1.000000 3
11268 0.000000 5
11273 1.000000 5
11276 1.000000 3
11280 1.000000 4
11285 1.000000 5
11289 -1.000000 4
11294 1.000000 5
11297 1.000000 3
11301 -1.000000 4
11306 1.000000 5
11311 1.000000 5
11315 -1.000000 4
11320 1.000000 5
11325 1.000000 5
11330 1.000000 5
11335 1.000000 5
11340 1.000000 5
11343 -1.000000 3
11347 1.000000 4
11350 1.000000 3
11353 1.000000 3
11358 1.000000 5
11362 1.000000 4
11366 1.000000 4
11369 1.000000 3
11373 1.000000 4
11377 1.000000 4
11382 1.000000 5
11386 -1.000000 4
11391 0.000000 5
11396 0.000000 5
11400 1.000000 4
11404 1.000000 4
11409 0.000000 5
11413 1.000000 4
11417 1.000000 4
11422 1.000000 5
11427 0.000000 5
11432 0.000000 5
11435 -1.000000 3
11438 1.000000 3
11442 1.000000 4
11446 -1.000000 4
11450 1.000000 4
11453 1.000000 3
11458 0.000000 5
11462 -1.000000 4
11467 0.000000 5
11471 -1.000000 4
11476 1.000000 5
11479 -1.000000 3
11483 -1.000000 4
11488 0.000000 5
11492 1.000000 4
11495 -1.000000 3
11498 -1.000000 3
11502 1.000000 4
11507 0.000000 5
11510 -1.000000 3
11514 -1.000000 4
11518 1.000000 4
11522 1.000000 4
11526 1.000000 4
11531 1.000000 5
11536 1.000000 5
11541 1.000000 5
11545 -1.000000 4
11550 1.000000 5
11553 -1.000000 3
11556 -1.000000 3
11560 -1.000000 4
11564 -1.000000 4
11568 1.000000 4
11572 -1.000000 4
11576 1.000000 4
11580 1.000000 4
11584 1.000000 4
11588 -1.000000 4
11591 -1.000000 3
11596 1.000000 5
11601 0.000000 5
11604 1.000000 3
11609 1.000000 5
11612 1.000000 3
11617 0.000000 5
11622 0.000000 5
11626 -1.000000 4
11629 -1.000000 3
11633 -1.000000 4
11637 -1.000000 4
11642 1.000000 5
11646 1.000000 4
11650 1.000000 4
11655 1.000000 5
11660 0.000000 5
11663 1.000000 3
11668 1.000000 5
11671 -1.000000 3
11675 1.000000 4
11679 -1.000000 4
11682 -1.000000 3
11687 1.000000 5
11692 0.000000 5
11697 0.000000 5
11701 1.000000 4
11705 -1.000000 4
11708 -1.000000 3
11712 1.000000 4
11716 1.000000 4
11721 0.000000 5
11726 1.000000 5
11731 1.000000 5
11735 -1.000000 4
11739 1.000000 4
11744 1.000000 5
11749 1.000000 5
11753 1.000000 4
11757 -1.000000 4
11762 1.000000 5
11767 0.000000 5
11772 0.000000 5
11776 1.000000 4
11781 0.000000 5
11786 1.000000 5
11791 1.000000 5
11795 1.000000 4
11799 1.000000 4
11804 1.000000 5
11808 1.000000 4
11812 -1.000000 4
11816 1.000000 4
11820 1.000000 4
11825 1.000000 5
11829 1.000000 4
11833 1.000000 4
11836 1.000000 3
11841 0.000000 5
11844 -1.000000 3
11849 1.000000 5
11852 -1.000000 3
11856 1.000000 4
11860 -1.000000 4
11864 -1.000000 4
11868 1.000000 4
11873 1.000000 5
11877 1.000000 4
11881 1.000000 4
11884 -1.000000 3
11888 -1.000000 4
11893 0.000000 5
11897 -1.000000 4
11901 -1.000000 4
11905 1.000000 4
11909 1.000000 4
11914 0.000000 5
11918 -1.000000 4
11922 1.000000 4
11927 0.000000 5
11930 1.000000 3
11934 -1.000000 4
11938 -1.000000 4
11941 1.000000 3
11944 -1.000000 3
11947 1.000000 3
11951 1.000000 4
11956 0.000000 5
11960 1.000000 4
11964 1.000000 4
11968 -1.000000 4
11972 1.000000 4
11977 1.000000 5
11981 -1.000000 4
11984 -1.000000 3
11988 1.000000 4
11993 1.000000 5
11997 -1.000000 4
12001 1.000000 4
12005 1.000000 4
12010 0.000000 5
12015 0.000000 5
12019 -1.000000 4
12023 -1.000000 4
12027 1.000000 4
12031 -1.000000 4
12035 -1.000000 4
12038 -1.000000 3
12042 -1.000000 4
12047 1.000000 5
12051 -1.000000 4
12055 -1.000000 4
12059 1.000000 4
12063 1.000000 4
12067 -1.000000 4
12071 1.000000 4
12076 0.000000 5
12080 1.000000 4
12084 1.000000 4
12087 1.000000 3
12091 -1.000000 4
12095 1.000000 4
12099 -1.000000 4
12104 0.000000 5
12107 -1.000000 3
12112 1.000000 5
12116 -1.000000 4
12121 0.000000 5
12124 1.000000 3
12128 1.000000 4
12131 -1.000000 3
12135 1.000000 4
12139 1.000000 4
12143 1.000000 4
12148 0.000000 5
12152 -1.000000 4
12157 0.000000 5
12162 1.000000 5
12166 -1.000000 4
12171 1.000000 5
12176 1.000000 5
12180 1.000000 4
12183 -1.000000 3
12188 0.000000 5
12191 -1.000000 3
12195 -1.000000 4
12199 1.000000 4
12202 -1.000000 3
12207 0.000000 5
12211 -1.000000 4
12215 1.000000 4
12220 1.000000 5
12225 0.000000 5
12228 -1.000000 3
12232 1.000000 4
12237 1.000000 5
12241 1.000000 4
12246 0.000000 5
12251 1.000000 5
12256 0.000000 5
12261 1.000000 5
12265 1.000000 4
12270 0.000000 5
12274 1.000000 4
12278 -1.000000 4
12283 1.000000 5
12287 -1.000000 4
12292 1.000000 5
12296 1.000000 4
12299 1.000000 3
12303 1.000000 4
12307 -1.000000 4
12311 -1.000000 4
12315 -1.000000 4
12318 -1.000000 3
12321 1.000000 3
12324 -1.000000 3
12329 1.000000 5
12332 1.000000 3
12337 1.000000 5
12340 -1.000000 3
12345 0.000000 5
12350 1.000000 5
12354 1.000000 4
12358 1.000000 4
12363 1.000000 5
12368 0.000000 5
12372 -1.000000 4
12377 1.000000 5
12381 1.000000 4
12386 1.000000 5
12391 0.000000 5
12396 0.000000 5
12400 1.000000 4
12405 1.000000 5
12410 0.000000 5
12414 1.000000 4
12418 1.000000 4
12422 -1.000000 4
12426 1.000000 4
12430 1.000000 4
12435 0.000000 5
12439 1.000000 4
12444 1.000000 5
12448 1.000000 4
12452 1.000000 4
12457 1.000000 5
12461 1.000000 4
12465 -1.000000 4
12470 1.000000 5
12475 1.000000 5
12479 1.000000 4
12483 -1.000000 4
12487 -1.000000 4
12491 -1.000000 4
12496 0.000000 5
12501 1.000000 5
12505 -1.000000 4
12510 1.000000 5
12514 1.000000 4
12518 1.000000 4
12522 1.000000 4
12527 1.000000 5
12531 1.000000 4
12536 0.000000 5
12539 -1.000000 3
12543 -1.000000 4
12547 1.000000 4
12552 1.000000 5
12555 1.000000 3
12560 0.000000 5
12563 -1.000000 3
12568 1.000000 5
12573 0.000000 5
12578 1.000000 5
12582 -1.000000 4
12586 1.000000 4
12591 1.000000 5
12595 -1.000000 4
12598 -1.000000 3
12602 -1.000000 4
12607 0.000000 5
12611 1.000000 4
12616 1.000000 5
12620 1.000000 4
12625 1.000000 5
12629 1.000000 4
12633 -1.000000 4
12636 1.000000 3
12639 -1.000000 3
12642 1.000000 3
12647 0.000000 5
12651 1.000000 4
12656 1.000000 5
12659 -1.000000 3
12663 1.000000 4
12667 -1.000000 4
12672 1.000000 5
12676 1.000000 4
12681 1.000000 5
12686 1.000000 5
12691 0.000000 5
12694 -1.000000 3
12699 1.000000 5
12703 1.000000 4
12708 0.000000 5
12712 1.000000 4
12717 0.000000 5
12721 1.000000 4
12725 -1.000000 4
12729 -1.000000 4
12732 -1.000000 3
12737 1.000000 5
12742 1.000000 5
12747 1.000000 5
12750 1.000000 3
12755 1.000000 5
12758 1.000000 3
12761 1.000000 3
12764 -1.000000 3
12768 -1.000000 4
12772 -1.000000 4
12776 1.000000 4
12780 -1.000000 4
12784 -1.000000 4
12788 1.000000 4
12791 1.000000 3
12795 1.000000 4
12799 -1.000000 4
12804 0.000000 5
12809 1.000000 5
12813 -1.000000 4
12818 0.000000 5
12823 0.000000 5
12828 0.000000 5
12833 1.000000 5
12837 -1.000000 4
12841 1.000000 4
12845 -1.000000 4
12849 1.000000 4
12853 1.000000 4
12858 1.000000 5
12862 1.000000 4
12866 1.000000 4
12870 1.000000 4
12874 1.000000 4
12879 1.000000 5
12882 -1.000000 3
12886 -1.000000 4
12891 0.000000 5
12895 -1.000000 4
12899 1.000000 4
12903 1.000000 4
12907 1.000000 4
12911 -1.000000 4
12914 1.000000 3
12917 -1.000000 3
12922 0.000000 5
12927 1.000000 5
12932 1.000000 5
12936 1.000000 4
12939 -1.000000 3
12944 1.000000 5
12948 -1.000000 4
12952 1.000000 4
12957 1.000000 5
12961 -1.000000 4
12966 0.000000 5
12971 1.000000 5
12974 1.000000 3
12978 1.000000 4
12983 1.000000 5
12988 1.000000 5
12992 -1.000000 4
12997 0.000000 5
13001 1.000000 4
13005 1.000000 4
13009 1.000000 4
13013 -1.000000 4
13018 0.000000 5
13021 1.000000 3
13024 1.000000 3
13028 -1.000000 4
13032 1.000000 4
13036 -1.000000 4
13041 1.000000 5
13045 1.000000 4
13049 1.000000 4
13053 -1.000000 4
13056 1.000000 3
13060 -1.000000 4
13064 -1.000000 4
13068 -1.000000 4
13071 -1.000000 3
13076 1.000000 5
13080 -1.000000 4
13084 -1.000000 4
13089 1.000000 5
13094 1.000000 5
13099 1.000000 5
13104 1.000000 5
13109 1.000000 5
13113 1.000000 4
13116 -1.000000 3
13119 1.000000 3
13123 1.000000 4
13128 1.000000 5
13133 1.000000 5
13138 1.000000 5
13142 1.000000 4
13146 -1.000000 4
13151 0.000000 5
13156 1.000000 5
13160 -1.000000 4
13164 -1.000000 4
13169 1.000000 5
13173 1.000000 4
13178 1.000000 5
13183 0.000000 5
13188 1.000000 5
13193 1.000000 5
13197 1.000000 4
13201 -1.000000 4
13206 1.000000 5
13210 1.000000 4
13215 0.000000 5
13220 1.000000 5
13225 0.000000 5
13229 -1.000000 4
13233 -1.000000 4
13236 1.000000 3
13241 0.000000 5
13245 -1.000000 4
13250 1.000000 5
13255 0.000000 5
13259 1.000000 4
13263 -1.000000 4
13267 -1.000000 4
13271 -1.000000 4
13275 1.000000 4
13278 -1.000000 3
13282 -1.000000 4
13286 1.000000 4
13289 1.000000 3
13292 -1.000000 3
13297 1.000000 5
13300 -1.000000 3
13305 0.000000 5
13309 -1.000000 4
13313 -1.000000 4
13316 -1.000000 3
13319 1.000000 3
13323 1.000000 4
13327 -1.000000 4
13330 -1.000000 3
13334 1.000000 4
13339 1.000000 5
13343 -1.000000 4
13347 1.000000 4
13352 1.000000 5
13356 1.000000 4
13360 -1.000000 4
13364 1.000000 4
13368 1.000000 4
13373 1.000000 5
13377 -1.000000 4
13381 1.000000 4
13384 -1.000000 3
13387 1.000000 3
13391 1.000000 4
13395 1.000000 4
13398 1.000000 3
13402 1.000000 4
13406 -1.000000 4
13410 -1.000000 4
13414 1.000000 4
13418 -1.000000 4
13423 1.000000 5
13428 0.000000 5
13432 1.000000 4
13437 0.000000 5
13441 -1.000000 4
13446 0.000000 5
13450 -1.000000 4
13455 0.000000 5
13460 1.000000 5
13463 1.000000 3
13467 -1.000000 4
13471 1.000000 4
13475 1.000000 4
13479 1.000000 4
13484 1.000000 5
13488 1.000000 4
13493 1.000000 5
13496 1.000000 3
13500 1.000000 4
13504 -1.000000 4
13509 1.000000 5
13514 1.000000 5
13518 -1.000000 4
13522 -1.000000 4
13527 1.000000 5
13530 -1.000000 3
13533 1.000000 3
13537 1.000000 4
13542 1.000000 5
13545 -1.000000 3
13548 1.000000 3
13552 1.000000 4
13557 1.000000 5
13562 1.000000 5
13566 1.000000 4
13570 -1.000000 4
13574 1.000000 4
13578 1.000000 4
13583 1.000000 5
13586 -1.000000 3
13590 1.000000 4
13595 1.000000 5
13600 1.000000 5
13604 1.000000 4
13608 -1.000000 4
13611 -1.000000 3
13616 1.000000 5
13621 0.000000 5
13626 0.000000 5
13631 1.000000 5
13635 1.000000 4
13639 1.000000 4
13642 1.000000 3
13646 -1.000000 4
13650 1.000000 4
13654 -1.000000 4
13658 1.000000 4
13663 1.000000 5
13667 1.000000 4
13671 -1.000000 4
13674 -1.000000 3
13678 1.000000 4
13681 -1.000000 3
13686 1.000000 5
13691 1.000000 5
13694 -1.000000 3
13699 1.000000 5
13704 0.000000 5
13707 -1.000000 3
13712 1.000000 5
13717 0.000000 5
13722 1.000000 5
13726 1.000000 4
13731 1.000000 5
13735 1.000000 4
13738 1.000000 3
13742 1.000000 4
13746 1.000000 4
13751 1.000000 5
13755 1.000000 4
13759 -1.000000 4
13764 0.000000 5
13768 1.000000 4
13771 -1.000000 3
13776 1.000000 5
13781 1.000000 5
13785 1.000000 4
13789 1.000000 4
13793 -1.000000 4
13797 1.000000 4
13802 1.000000 5
13805 1.000000 3
13808 1.000000 3
13813 1.000000 5
13816 -1.000000 3
13819 -1.000000 3
13823 1.000000 4
13827 -1.000000 4
13831 1.000000 4
13835 1.000000 4
13839 1.000000 4
13842 1.000000 3
13847 0.000000 5
13850 -1.000000 3
13855 0.000000 5
13859 1.000000 4
13862 1.000000 3
13867 1.000000 5
13871 -1.000000 4
13875 -1.000000 4
13878 1.000000 3
13881 1.000000 3
13885 1.000000 4
13889 1.000000 4
13894 1.000000 5
13899 0.000000 5
13904 1.000000 5
13908 1.000000 4
13912 1.000000 4
13916 -1.000000 4
13921 0.000000 5
13926 1.000000 5
13931 0.000000 5
13934 1.000000 3
13938 1.000000 4
13943 1.000000 5
13947 1.000000 4
13950 -1.000000 3
13955 1.000000 5
13960 1.000000 5
13965 1.000000 5
13968 1.000000 3
13973 1.000000 5
13977 -1.000000 4
13981 1.000000 4
13984 1.000000 3
13988 -1.000000 4
13993 0.000000 5
13998 0.000000 5
14002 1.000000 4
14005 -1.000000 3
14009 1.000000 4
14013 1.000000 4
14017 -1.000000 4
14022 1.000000 5
14026 1.000000 4
14030 1.000000 4
14034 -1.000000 4
14039 1.000000 5
14043 1.000000 4
14047 1.000000 4
14050 -1.000000 3
14054 1.000000 4
14058 1.000000 4
14061 -1.000000 3
14065 -1.000000 4
14069 1.000000 4
14074 0.000000 5
14078 1.000000 4
14082 -1.000000 4
14085 -1.000000 3
14089 -1.000000 4
14092 -1.000000 3
14097 1.000000 5
14101 -1.000000 4
14105 1.000000 4
14109 -1.000000 4
14113 -1.000000 4
14116 1.000000 3
14121 0.000000 5
14125 1.000000 4
14130 1.000000 5
14134 1.000000 4
14139 1.000000 5
14144 1.000000 5
14147 -1.000000 3
14152 0.000000 5
14157 1.000000 5
14161 -1.000000 4
14165 1.000000 4
14169 1.000000 4
14172 -1.000000 3
14175 1.000000 3
14179 -1.000000 4
14183 -1.000000 4
14188 1.000000 5
14193 1.000000 5
14198 0.000000 5
14202 -1.000000 4
14206 1.000000 4
14210 -1.000000 4
14213 1.000000 3
14217 -1.000000 4
14220 1.000000 3
14223 -1.000000 3
14227 1.000000 4
14232 0.000000 5
14236 -1.000000 4
14240 -1.000000 4
14245 0.000000 5
14249 1.000000 4
14252 1.000000 3
14255 -1.000000 3
14258 -1.000000 3
14263 1.000000 5
14268 1.000000 5
14272 -1.000000 4
14275 -1.000000 3
14280 1.000000 5
14284 -1.000000 4
14289 1.000000 5
14293 1.000000 4
14297 -1.000000 4
14301 1.000000 4
14306 0.000000 5
14310 -1.000000 4
14315 0.000000 5
14319 1.000000 4
14323 1.000000 4
14326 1.000000 3
14331 1.000000 5
14336 0.000000 5
14341 1.000000 5
14346 1.000000 5
14350 1.000000 4
14355 0.000000 5
14358 -1.000000 3
14362 -1.000000 4
14365 1.000000 3
14369 1.000000 4
14374 1.000000 5
14378 1.000000 4
14383 0.000000 5
14387 -1.000000 4
14391 1.000000 4
14395 -1.000000 4
14399 -1.000000 4
14404 1.000000 5
14407 -1.000000 3
14411 1.000000 4
14415 -1.000000 4
14420 1.000000 5
14424 1.000000 4
14429 0.000000 5
14433 1.000000 4
14437 1.000000 4
14441 -1.000000 4
14445 1.000000 4
14450 1.000000 5
14455 1.000000 5
14459 -1.000000 4
14464 1.000000 5
14469 1.000000 5
14472 -1.000000 3
14475 -1.000000 3
14478 -1.000000 3
14482 -1.000000 4
14486 -1.000000 4
14491 0.000000 5
14495 1.000000 4
14500 1.000000 5
14504 1.000000 4
14508 1.000000 4
14511 -1.000000 3
14515 1.000000 4
14518 -1.000000 3
14523 1.000000 5
14528 0.000000 5
14532 1.000000 4
14537 1.000000 5
14541 1.000000 4
14544 -1.000000 3
14549 1.000000 5
14553 1.000000 4
14557 1.000000 4
14561 1.000000 4
14565 1.000000 4
14569 1.000000 4
14573 1.000000 4
14576 -1.000000 3
14579 1.000000 3
14584 1.000000 5
14588 1.000000 4
14593 1.000000 5
14597 1.000000 4
14601 -1.000000 4
14606 1.000000 5
14610 -1.000000 4
14615 1.000000 5
14620 1.000000 5
14624 1.000000 4
14628 1.000000 4
14633 1.000000 5
14638 1.000000 5
14642 1.000000 4
14646 1.000000 4
14649 -1.000000 3
14654 1.000000 5
14658 1.000000 4
14663 1.000000 5
14668 0.000000 5
14672 -1.000000 4
14677 1.000000 5
14681 1.000000 4
14685 1.000000 4
14689 1.000000 4
14692 1.000000 3
14697 0.000000 5
14701 1.000000 4
14706 0.000000 5
14710 1.000000 4
14715 1.000000 5
14718 1.000000 3
14721 1.000000 3
14726 0.000000 5
14730 -1.000000 4
14734 -1.000000 4
14738 1.000000 4
14743 0.000000 5
14747 -1.000000 4
14752 0.000000 5
14756 1.000000 4
14760 1.000000 4
14765 0.000000 5
14770 1.000000 5
14774 1.000000 4
14778 1.000000 4
14781 1.000000 3
14784 1.000000 3
14788 -1.000000 4
14792 -1.000000 4
14797 1.000000 5
14802 1.000000 5
14807 0.000000 5
14812 1.000000 5
14816 -1.000000 4
14821 0.000000 5
14825 1.000000 4
14829 1.000000 4
14834 0.000000 5
14838 1.000000 4
14842 1.000000 4
14846 1.000000 4
14850 1.000000 4
14854 1.000000 4
14858 1.000000 4
14862 -1.000000 4
14867 0.000000 5
14871 -1.000000 4
14875 -1.000000 4
14879 1.000000 4
14884 1.000000 5
14888 -1.000000 4
14892 1.000000 4
14896 1.000000 4
14900 -1.000000 4
14904 -1.000000 4
14908 -1.000000 4
14912 1.000000 4
14916 -1.000000 4
14920 -1.000000 4
14925 0.000000 5
14930 1.000000 5
14935 1.000000 5
14940 0.000000 5
14943 1.000000 3
14948 1.000000 5
14952 -1.000000 4
14956 1.000000 4
14960 1.000000 4
14965 1.000000 5
14968 1.000000 3
14973 1.000000 5
14976 -1.000000 3
14979 -1.000000 3
14983 -1.000000 4
14987 1.000000 4
14991 1.000000 4
14994 1.000000 3
14999 1.000000 5
15002 1.000000 3
15006 -1.000000 4
15010 1.000000 4
15015 1.000000 5
15020 1.000000 5
15024 1.000000 4
15028 -1.000000 4
15032 1.000000 4
15036 -1.000000 4
15041 1.000000 5
15046 1.000000 5
15049 1.000000 3
15054 1.000000 5
15058 -1.000000 4
15063 1.000000 5
15067 -1.000000 4
15070 -1.000000 3
15073 1.000000 3
15077 1.000000 4
15081 1.000000 4
15085 1.000000 4
15089 1.000000 4
15093 1.000000 4
15097 -1.000000 4
15102 1.000000 5
15107 0.000000 5
15112 0.000000 5
15116 1.000000 4
15119 -1.000000 3
15122 1.000000 3
15125 -1.000000 3
15129 1.000000 4
15133 1.000000 4
15138 1.000000 5
15141 1.000000 3
15144 1.000000 3
15148 1.000000 4
15153 0.000000 5
15157 1.000000 4
15161 -1.000000 4
15165 1.000000 4
15169 1.000000 4
15173 1.000000 4
15177 1.000000 4
15182 1.000000 5
15185 -1.000000 3
15190 0.000000 5
15194 -1.000000 4
15199 1.000000 5
15203 1.000000 4
15208 1.000000 5
15213 1.000000 5
15217 -1.000000 4
15221 -1.000000 4
15225 1.000000 4
15229 -1.000000 4
15234 0.000000 5
15238 1.000000 4
15243 1.000000 5
15246 -1.000000 3
15249 -1.000000 3
15254 0.000000 5
15259 0.000000 5
15264 1.000000 5
15268 -1.000000 4
15273 1.000000 5
15277 1.000000 4
15281 -1.000000 4
15286 0.000000 5
15290 1.000000 4
15294 -1.000000 4
15297 -1.000000 3
15301 -1.000000 4
15306 1.000000 5
15310 1.000000 4
15313 -1.000000 3
15316 -1.000000 3
15321 0.000000 5
15325 1.000000 4
15330 1.000000 5
15334 1.000000 4
15338 1.000000 4
15343 0.000000 5
15348 1.000000 5
15352 1.000000 4
15356 1.000000 4
15360 1.000000 4
15365 0.000000 5
15369 1.000000 4
15374 0.000000 5
15378 1.000000 4
15382 1.000000 4
15385 -1.000000 3
15389 1.000000 4
15393 -1.000000 4
15398 0.000000 5
15403 1.000000 5
15407 1.000000 4
15412 1.000000 5
15416 1.000000 4
15420 1.000000 4
15425 1.000000 5
15430 0.000000 5
15434 1.000000 4
15437 -1.000000 3
15442 1.000000 5
15447 1.000000 5
15450 -1.000000 3
15454 -1.000000 4
15458 -1.000000 4
15463 1.000000 5
15467 -1.000000 4
15471 -1.000000 4
15475 1.000000 4
15479 -1.000000 4
15483 -1.000000 4
15487 1.000000 4
15492 1.000000 5
15497 1.000000 5
15501 1.000000 4
15505 1.000000 4
15508 -1.000000 3
15512 1.000000 4
15516 -1.000000 4
15520 1.000000 4
15525 1.000000 5
15529 1.000000 4
15532 -1.000000 3
15537 0.000000 5
15541 1.000000 4
15546 1.000000 5
15550 1.000000 4
15553 1.000000 3
15557 -1.000000 4
15560 -1.000000 3
15563 -1.000000 3
15568 1.000000 5
15571 -1.000000 3
15576 1.000000 5
15579 -1.000000 3
15584 0.000000 5
15589 0.000000 5
15593 -1.000000 4
15598 1.000000 5
15603 0.000000 5
15607 1.000000 4
15611 -1.000000 4
15615 1.000000 4
15618 -1.000000 3
15621 1.000000 3
15624 -1.000000 3
15628 1.000000 4
15631 1.000000 3
15636 1.000000 5
15640 1.000000 4
15644 1.000000 4
15649 0.000000 5
15653 1.000000 4
15658 1.000000 5
15662 1.000000 4
15667 1.000000 5
15671 1.000000 4
15676 0.000000 5
15680 -1.000000 4
15683 1.000000 3
15687 1.000000 4
15691 1.000000 4
15694 -1.000000 3
15699 0.000000 5
15704 1.000000 5
15709 0.000000 5
15714 1.000000 5
15718 -1.000000 4
15721 1.000000 3
15725 1.000000 4
15730 1.000000 5
15734 1.000000 4
15739 1.000000 5
15742 1.000000 3
15745 1.000000 3
15749 -1.000000 4
15753 1.000000 4
15757 1.000000 4
15762 0.000000 5
15765 -1.000000 3
15768 1.000000 3
15772 -1.000000 4
15776 1.000000 4
15780 -1.000000 4
15784 1.000000 4
15788 1.000000 4
15791 1.000000 3
15796 1.000000 5
15799 1.000000 3
15803 -1.000000 4
15807 -1.000000 4
15810 -1.000000 3
15815 0.000000 5
15819 -1.000000 4
15824 0.000000 5
15828 -1.000000 4
15832 1.000000 4
15835 1.000000 3
15840 1.000000 5
15843 1.000000 3
15847 -1.000000 4
15852 1.000000 5
15856 1.000000 4
15860 -1.000000 4
15864 1.000000 4
15869 1.000000 5
15873 1.000000 4
15877 1.000000 4
15882 0.000000 5
15886 1.000000 4
15890 -1.000000 4
15894 -1.000000 4
15897 -1.000000 3
15902 0.000000 5
15907 0.000000 5
15911 -1.000000 4
15915 1.000000 4
15919 -1.000000 4
15924 1.000000 5
15929 1.000000 5
15934 1.000000 5
15937 1.000000 3
15941 1.000000 4
15945 1.000000 4
15948 -1.000000 3
15953 1.000000 5
15957 1.000000 4
15960 1.000000 3
15965 1.000000 5
15968 1.000000 3
15971 1.000000 3
15975 -1.000000 4
15980 1.000000 5
15983 1.000000 3
15988 1.000000 5
15992 1.000000 4
15997 1.000000 5
16000 1.000000 3
16004 1.000000 4
16009 1.000000 5
16013 1.000000 4
16017 1.000000 4
16022 1.000000 5
16027 1.000000 5
16031 -1.000000 4
16036 1.000000 5
16039 -1.000000 3
16042 1.000000 3
16047 0.000000 5
16051 -1.000000 4
16054 -1.000000 3
16058 1.000000 4
16063 0.000000 5
16067 1.000000 4
16071 1.000000 4
16076 1.000000 5
16079 1.000000 3
16084 1.000000 5
16088 -1.000000 4
16092 1.000000 4
16097 0.000000 5
16101 -1.000000 4
16106 1.000000 5
16111 0.000000 5
16115 1.000000 4
16119 -1.000000 4
16123 -1.000000 4
16127 -1.000000 4
16131 1.000000 4
16136 0.000000 5
16139 -1.000000 3
16143 1.000000 4
16146 -1.000000 3
16150 -1.000000 4
16153 1.000000 3
16157 -1.000000 4
16160 -1.000000 3
16163 1.000000 3
16168 0.000000 5
16171 -1.000000 3
16174 1.000000 3
16177 -1.000000 3
16180 1.000000 3
16184 -1.000000 4
16188 -1.000000 4
16193 1.000000 5
16198 1.000000 5
16201 -1.000000 3
16204 -1.000000 3
16208 -1.000000 4
16213 1.000000 5
16218 1.000000 5
16222 -1.000000 4
16226 -1.000000 4
16230 1.000000 4
16235 1.000000 5
16240 0.000000 5
16244 1.000000 4
16248 1.000000 4
16253 0.000000 5
16257 1.000000 4
16261 1.000000 4
16265 -1.000000 4
16270 1.000000 5
16275 1.000000 5
16279 -1.000000 4
16283 1.000000 4
16286 -1.000000 3
16290 -1.000000 4
16295 0.000000 5
16299 -1.000000 4
16303 1.000000 4
16308 1.000000 5
16313 1.000000 5
16316 -1.000000 3
16321 1.000000 5
16324 1.000000 3
16329 0.000000 5
16334 1.000000 5
16339 0.000000 5
16344 1.000000 5
16347 1.000000 3
16350 1.000000 3
16355 1.000000 5
16359 1.000000 4
16364 0.000000 5
16369 1.000000 5
16373 1.000000 4
16377 1.000000 4
16380 -1.000000 3
16385 1.000000 5
16388 -1.000000 3
16392 -1.000000 4
16397 1.000000 5
16400 -1.000000 3
16403 1.000000 3
16407 -1.000000 4
16412 0.000000 5
16416 1.000000 4
16421 0.000000 5
16426 0.000000 5
16431 1.000000 5
16434 -1.000000 3
16438 -1.000000 4
16442 1.000000 4
16447 1.000000 5
16451 -1.000000 4
16456 1.000000 5
16460 1.000000 4
16464 -1.000000 4
16469 1.000000 5
16474 1.000000 5
16479 0.000000 5
16484 0.000000 5
16488 1.000000 4
16491 -1.000000 3
16496 0.000000 5
16499 1.000000 3
16503 -1.000000 4
16508 0.000000 5
16513 0.000000 5
16517 -1.000000 4
16522 0.000000 5
16527 1.000000 5
16532 1.000000 5
16537 1.000000 5
16542 0.000000 5
16546 1.000000 4
16550 1.000000 4
16555 1.000000 5
16559 -1.000000 4
16562 1.000000 3
16566 1.000000 4
16571 1.000000 5
16574 1.000000 3
16579 0.000000 5
16583 1.000000 4
16586 1.000000 3
16589 -1.000000 3
16592 -1.000000 3
16597 1.000000 5
16600 1.000000 3
16605 0.000000 5
16609 1.000000 4
16614 1.000000 5
16619 1.000000 5
16623 1.000000 4
16626 -1.000000 3
16631 1.000000 5
16635 1.000000 4
16639 1.000000 4
16643 -1.000000 4
16646 1.000000 3
16651 0.000000 5
16656 1.000000 5
16660 -1.000000 4
16664 -1.000000 4
16669 1.000000 5
16673 -1.000000 4
16677 -1.000000 4
16680 1.000000 3
16684 1.000000 4
16689 0.000000 5
16692 -1.000000 3
16696 1.000000 4
16700 -1.000000 4
16705 0.000000 5
16710 1.000000 5
16715 0.000000 5
16720 1.000000 5
16724 1.000000 4
16729 0.000000 5
16734 0.000000 5
16738 1.000000 4
16743 0.000000 5
16748 1.000000 5
16751 1.000000 3
16756 1.000000 5
16760 -1.000000 4
16765 0.000000 5
16769 -1.000000 4
16772 1.000000 3
16775 1.000000 3
16779 -1.000000 4
16783 -1.000000 4
16788 0.000000 5
16793 0.000000 5
16798 1.000000 5
16802 1.000000 4
16807 1.000000 5
16812 1.000000 5
16816 -1.000000 4
16819 1.000000 3
16822 1.000000 3
16826 -1.000000 4
16830 1.000000 4
16835 1.000000 5
16839 1.000000 4
16844 1.000000 5
16848 1.000000 4
16852 1.000000 4
16856 1.000000 4
16860 -1.000000 4
16865 1.000000 5
16869 -1.000000 4
16873 -1.000000 4
16877 1.000000 4
16881 1.000000 4
16884 1.000000 3
16888 1.000000 4
16892 -1.000000 4
16895 1.000000 3
16899 1.000000 4
16902 1.000000 3
16907 0.000000 5
16910 -1.000000 3
16914 1.000000 4
16918 -1.000000 4
16923 0.000000 5
16927 1.000000 4
16930 1.000000 3
16934 -1.000000 4
16938 -1.000000 4
16943 1.000000 5
16948 1.000000 5
16953 1.000000 5
16957 1.000000 4
16961 -1.000000 4
16965 -1.000000 4
16969 -1.000000 4
16974 0.000000 5
16978 1.000000 4
16983 1.000000 5
16988 0.000000 5
16991 1.000000 3
16996 0.000000 5
17000 -1.000000 4
17004 1.000000 4
17007 -1.000000 3
17011 1.000000 4
17015 1.000000 4
17020 0.000000 5
17025 0.000000 5
17029 1.000000 4
17034 0.000000 5
17037 -1.000000 3
17042 1.000000 5
17046 -1.000000 4
17049 -1.000000 3
17054 1.000000 5
17057 -1.000000 3
17062 1.000000 5
17067 1.000000 5
17071 1.000000 4
17075 -1.000000 4
17078 -1.000000 3
17081 1.000000 3
17086 1.000000 5
17091 1.000000 5
17095 1.000000 4
17100 1.000000 5
17104 1.000000 4
17108 1.000000 4
17112 -1.000000 4
17116 -1.000000 4
17120 -1.000000 4
17125 1.000000 5
17129 1.000000 4
17133 -1.000000 4
17136 -1.000000 3
17141 1.000000 5
17144 -1.000000 3
17148 1.000000 4
17152 1.000000 4
17156 1.000000 4
17161 1.000000 5
17165 1.000000 4
17168 -1.000000 3
17172 -1.000000 4
17177 1.000000 5
17182 0.000000 5
17185 1.000000 3
17189 -1.000000 4
17192 -1.000000 3
17197 0.000000 5
17201 1.000000 4
17206 0.000000 5
17209 -1.000000 3
17214 1.000000 5
17219 1.000000 5
17224 1.000000 5
17228 1.000000 4
17233 0.000000 5
17237 -1.000000 4
17240 1.000000 3
17245 0.000000 5
17249 1.000000 4
17253 -1.000000 4
17257 -1.000000 4
17261 1.000000 4
17265 1.000000 4
17268 1.000000 3
17271 -1.000000 3
17274 1.000000 3
17278 1.000000 4
17283 1.000000 5
17288 1.000000 5
17292 -1.000000 4
17296 1.000000 4
17301 1.000000 5
17305 1.000000 4
17310 1.000000 5
17313 1.000000 3
17318 1.000000 5
17323 1.000000 5
17328 1.000000 5
17333 0.000000 5
17338 1.000000 5
17343 1.000000 5
17347 1.000000 4
17352 0.000000 5
17355 1.000000 3
17360 0.000000 5
17364 1.000000 4
17368 -1.000000 4
17373 0.000000 5
17378 0.000000 5
17382 -1.000000 4
17386 1.000000 4
17391 1.000000 5
17395 1.000000 4
17398 1.000000 3
17401 -1.000000 3
17406 1.000000 5
17411 1.000000 5
17415 1.000000 4
17419 -1.000000 4
17423 1.000000 4
17426 1.000000 3
17430 1.000000 4
17434 1.000000 4
17437 -1.000000 3
17441 1.000000 4
17446 1.000000 5
17450 -1.000000 4
17454 1.000000 4
17457 -1.000000 3
17461 1.000000 4
17464 -1.000000 3
17468 -1.000000 4
17471 1.000000 3
17476 1.000000 5
17479 -1.000000 3
17483 1.000000 4
17486 -1.000000 3
17490 1.000000 4
17493 1.000000 3
17498 1.000000 5
17503 1.000000 5
17506 1.000000 3
17510 -1.000000 4
17515 0.000000 5
17520 1.000000 5
17523 1.000000 3
17527 -1.000000 4
17531 -1.000000 4
17536 1.000000 5
17541 0.000000 5
17545 -1.000000 4
17549 1.000000 4
17552 -1.000000 3
17556 1.000000 4
17560 1.000000 4
17564 1.000000 4
17569 1.000000 5
17574 0.000000 5
17579 1.000000 5
17582 -1.000000 3
17586 1.000000 4
17589 1.000000 3
17593 1.000000 4
17598 0.000000 5
17601 -1.000000 3
17604 -1.000000 3
17608 1.000000 4
17612 1.000000 4
17615 -1.000000 3
17619 1.000000 4
17622 -1.000000 3
17627 1.000000 5
17631 1.000000 4
17635 1.000000 4
17640 1.000000 5
17645 1.000000 5
17648 1.000000 3
17653 1.000000 5
17657 -1.000000 4
17662 1.000000 5
17667 1.000000 5
17670 1.000000 3
17675 0.000000 5
17680 1.000000 5
17684 -1.000000 4
17688 -1.000000 4
17692 1.000000 4
17695 -1.000000 3
17699 -1.000000 4
17703 -1.000000 4
17708 1.000000 5
17712 -1.000000 4
17715 1.000000 3
17719 1.000000 4
17724 1.000000 5
17728 1.000000 4
17732 1.000000 4
17736 1.000000 4
17740 1.000000 4
17744 1.000000 4
17749 1.000000 5
17753 1.000000 4
17758 0.000000 5
17763 0.000000 5
17767 -1.000000 4
17771 1.000000 4
17776 0.000000 5
17781 0.000000 5
17786 0.000000 5
17791 1.000000 5
17796 1.000000 5
17800 1.000000 4
17803 1.000000 3
17807 -1.000000 4
17811 1.000000 4
17814 -1.000000 3
17819 1.000000 5
17822 1.000000 3
17826 1.000000 4
17830 -1.000000 4
17834 -1.000000 4
17838 1.000000 4
17841 1.000000 3
17846 1.000000 5
17850 1.000000 4
17853 1.000000 3
17858 1.000000 5
17862 1.000000 4
17867 0.000000 5
17872 1.000000 5
17876 -1.000000 4
17881 1.000000 5
17886 0.000000 5
17890 -1.000000 4
17894 1.000000 4
17899 0.000000 5
17903 1.000000 4
17908 1.000000 5
17912 1.000000 4
17917 0.000000 5
17921 -1.000000 4
17925 1.000000 4
17929 1.000000 4
17934 1.000000 5
17939 0.000000 5
17942 1.000000 3
17946 1.000000 4
17950 1.000000 4
17954 1.000000 4
17958 1.000000 4
17963 0.000000 5
17967 -1.000000 4
17971 -1.000000 4
17974 1.000000 3
17978 -1.000000 4
17983 1.000000 5
17988 1.000000 5
17992 1.000000 4
17995 -1.000000 3
18000 0.000000 5
18004 1.000000 4
18008 -1.000000 4
18012 -1.000000 4
18017 1.000000 5
18022 0.000000 5
18026 1.000000 4
18031 1.000000 5
18036 1.000000 5
18040 1.000000 4
18044 1.000000 4
18049 1.000000 5
18054 1.000000 5
18058 1.000000 4
18061 1.000000 3
18066 1.000000 5
18070 1.000000 4
18073 1.000000 3
18078 0.000000 5
18082 -1.000000 4
18085 -1.000000 3
18089 1.000000 4
18093 1.000000 4
18097 1.000000 4
18100 -1.000000 3
18104 1.000000 4
18108 1.000000 4
18112 -1.000000 4
18115 -1.000000 3
18119 1.000000 4
18124 1.000000 5
18129 0.000000 5
18134 1.000000 5
18138 1.000000 4
18141 -1.000000 3
18146 0.000000 5
18149 -1.000000 3
18153 -1.000000 4
18156 1.000000 3
18160 1.000000 4
18165 1.000000 5
18168 1.000000 3
18172 1.000000 4
18177 0.000000 5
18182 0.000000 5
18187 0.000000 5
18191 1.000000 4
18194 -1.000000 3
18199 1.000000 5
18203 -1.000000 4
18208 0.000000 5
18212 1.000000 4
18217 1.000000 5
18222 1.000000 5
18225 1.000000 3
18229 1.000000 4
18234 1.000000 5
18239 0.000000 5
18243 1.000000 4
18247 1.000000 4
18250 1.000000 3
18253 1.000000 3
18257 1.000000 4
18262 0.000000 5
18267 0.000000 5
18271 1.000000 4
18275 -1.000000 4
18278 1.000000 3
18283 0.000000 5
18287 -1.000000 4
18292 1.000000 5
18296 1.000000 4
18300 1.000000 4
18304 1.000000 4
18308 1.000000 4
18312 1.000000 4
18316 1.000000 4
18320 -1.000000 4
18324 1.000000 4
18329 1.000000 5
18334 1.000000 5
18339 0.000000 5
18344 1.000000 5
18349 1.000000 5
18354 1.000000 5
18359 1.000000 5
18363 1.000000 4
18368 1.000000 5
18373 1.000000 5
18378 0.000000 5
18383 1.000000 5
18388 1.000000 5
18391 1.000000 3
18395 1.000000 4
18399 -1.000000 4
18403 1.000000 4
18407 1.000000 4
18411 1.000000 4
18415 1.000000 4
18420 1.000000 5
18424 -1.000000 4
18427 1.000000 3
18432 1.000000 5
18437 1.000000 5
18440 1.000000 3
18444 1.000000 4
18449 1.000000 5
18453 1.000000 4
18458 0.000000 5
18463 0.000000 5
18468 0.000000 5
18473 1.000000 5
18478 1.000000 5
18483 1.000000 5
18486 1.000000 3
18491 0.000000 5
18495 1.000000 4
18499 -1.000000 4
18502 1.000000 3
18506 -1.000000 4
18509 -1.000000 3
18514 1.000000 5
18519 1.000000 5
18524 1.000000 5
18528 1.000000 4
18532 1.000000 4
18535 -1.000000 3
18540 1.000000 5
18544 1.000000 4
18547 1.000000 3
18550 -1.000000 3
18554 -1.000000 4
18558 1.000000 4
18562 -1.000000 4
18567 0.000000 5
18572 0.000000 5
18577 1.000000 5
18581 1.000000 4
18584 -1.000000 3
18589 0.000000 5
18594 1.000000 5
18598 1.000000 4
18602 -1.000000 4
18605 -1.000000 3
18609 1.000000 4
18613 -1.000000 4
18617 1.000000 4
18621 -1.000000 4
18624 -1.000000 3
18628 1.000000 4
18631 1.000000 3
18636 1.000000 5
18640 1.000000 4
18643 -1.000000 3
18647 -1.000000 4
18652 1.000000 5
18655 -1.000000 3
18658 1.000000 3
18661 1.000000 3
18665 1.000000 4
18668 1.000000 3
18672 -1.000000 4
18675 -1.000000 3
18678 1.000000 3
18683 0.000000 5
18688 0.000000 5
18692 -1.000000 4
18696 -1.000000 4
18699 1.000000 3
18704 0.000000 5
18708 -1.000000 4
18712 1.000000 4
18717 0.000000 5
18721 1.000000 4
18725 -1.000000 4
18730 1.000000 5
18733 1.000000 3
18736 1.000000 3
18740 -1.000000 4
18744 -1.000000 4
18748 1.000000 4
18752 -1.000000 4
18756 1.000000 4
18759 -1.000000 3
18763 -1.000000 4
18766 -1.000000 3
18770 1.000000 4
18774 1.000000 4
18779 0.000000 5
18783 1.000000 4
18787 1.000000 4
18790 1.000000 3
18793 1.000000 3
18797 1.000000 4
18801 1.000000 4
18805 1.000000 4
18810 1.000000 5
18813 -1.000000 3
18817 1.000000 4
18822 1.000000 5
18825 1.000000 3
18830 1.000000 5
18835 1.000000 5
18839 1.000000 4
18844 1.000000 5
18849 0.000000 5
18853 -1.000000 4
18857 1.000000 4
18861 1.000000 4
18864 -1.000000 3
18868 1.000000 4
18873 1.000000 5
18877 1.000000 4
18882 0.000000 5
18885 -1.000000 3
18890 0.000000 5
18895 0.000000 5
18899 1.000000 4
18902 1.000000 3
18906 1.000000 4
18910 -1.000000 4
18913 -1.000000 3
18916 -1.000000 3
18919 1.000000 3
18924 1.000000 5
18928 -1.000000 4
18931 1.000000 3
18936 1.000000 5
18939 1.000000 3
18944 0.000000 5
18948 -1.000000 4
18952 -1.000000 4
18956 1.000000 4
18961 0.000000 5
18966 1.000000 5
18969 -1.000000 3
18973 -1.000000 4
18978 1.000000 5
18981 -1.000000 3
18986 1.000000 5
18991 1.000000 5
18996 1.000000 5
19000 1.000000 4
19005 1.000000 5
19009 1.000000 4
19014 1.000000 5
19019 1.000000 5
19023 -1.000000 4
19028 0.000000 5
19031 -1.000000 3
19035 -1.000000 4
19038 1.000000 3
19041 1.000000 3
19045 -1.000000 4
19050 0.000000 5
19054 1.000000 4
19059 0.000000 5
19064 0.000000 5
19067 1.000000 3
19070 -1.000000 3
19074 1.000000 4
19079 1.000000 5
19084 1.000000 5
19087 -1.000000 3
19090 -1.000000 3
19093 1.000000 3
19097 -1.000000 4
19101 1.000000 4
19104 -1.000000 3
19109 1.000000 5
19112 -1.000000 3
19116 1.000000 4
19120 1.000000 4
19124 1.000000 4
19128 -1.000000 4
19133 1.000000 5
19137 -1.000000 4
19140 -1.000000 3
19145 1.000000 5
19149 1.000000 4
19154 0.000000 5
19158 -1.000000 4
19162 -1.000000 4
19167 1.000000 5
19171 1.000000 4
19174 -1.000000 3
19178 1.000000 4
19182 1.000000 4
19185 -1.000000 3
19189 1.000000 4
19194 0.000000 5
19198 -1.000000 4
19202 -1.000000 4
19206 -1.000000 4
19211 0.000000 5
19216 1.000000 5
19219 -1.000000 3
19224 0.000000 5
19227 1.000000 3
19231 1.000000 4
19235 1.000000 4
19240 1.000000 5
19244 1.000000 4
19248 -1.000000 4
19251 1.000000 3
19254 1.000000 3
19259 1.000000 5
19264 0.000000 5
19268 1.000000 4
19272 -1.000000 4
19276 1.000000 4
19281 0.000000 5
19284 1.000000 3
19289 0.000000 5
19294 0.000000 5
19298 -1.000000 4
19302 1.000000 4
19306 1.000000 4
19311 1.000000 5
19316 0.000000 5
19320 -1.000000 4
19324 1.000000 4
19328 -1.000000 4
19333 1.000000 5
19336 -1.000000 3
19339 1.000000 3
19342 1.000000 3
19345 1.000000 3
19350 0.000000 5
19354 1.000000 4
19359 1.000000 5
19364 1.000000 5
19368 1.000000 4
19372 -1.000000 4
19376 -1.000000 4
19379 -1.000000 3
19384 0.000000 5
19388 1.000000 4
19393 1.000000 5
19398 1.000000 5
19403 1.000000 5
19408 0.000000 5
19412 1.000000 4
19416 -1.000000 4
19419 -1.000000 3
19423 -1.000000 4
19428 1.000000 5
19432 -1.000000 4
19436 -1.000000 4
19440 -1.000000 4
19444 1.000000 4
19448 1.000000 4
19452 -1.000000 4
19455 -1.000000 3
19459 -1.000000 4
19462 -1.000000 3
19465 -1.000000 3
19468 -1.000000 3
19472 1.000000 4
19477 1.000000 5
19481 -1.000000 4
19485 -1.000000 4
19489 -1.000000 4
19493 -1.000000 4
19498 1.000000 5
19503 1.000000 5
19507 -1.000000 4
19511 -1.000000 4
19516 1.000000 5
19521 1.000000 5
19525 1.000000 4
19528 1.000000 3
19533 1.000000 5
19536 1.000000 3
19540 1.000000 4
19544 -1.000000 4
19548 1.000000 4
19553 1.000000 5
19558 0.000000 5
19563 1.000000 5
19568 1.000000 5
19572 1.000000 4
19576 -1.000000 4
19579 -1.000000 3
19583 -1.000000 4
19586 -1.000000 3
19590 1.000000 4
19595 1.000000 5
19600 1.000000 5
19604 1.000000 4
19607 -1.000000 3
19612 1.000000 5
19617 0.000000 5
19621 -1.000000 4
19626 1.000000 5
19630 1.000000 4
19634 1.000000 4
19638 1.000000 4
19641 1.000000 3
19644 1.000000 3
19648 1.000000 4
19653 0.000000 5
19657 1.000000 4
19661 -1.000000 4
19666 0.000000 5
19670 1.000000 4
19674 1.000000 4
19677 -1.000000 3
19682 0.000000 5
19685 -1.000000 3
19690 0.000000 5
19695 1.000000 5
19699 1.000000 4
19704 1.000000 5
19708 1.000000 4
19713 1.000000 5
19717 -1.000000 4
19722 1.000000 5
19725 1.000000 3
19728 -1.000000 3
19732 -1.000000 4
19736 1.000000 4
19740 -1.000000 4
19745 0.000000 5
19749 -1.000000 4
19754 1.000000 5
19758 -1.000000 4
19762 1.000000 4
19766 1.000000 4
19770 -1.000000 4
19773 -1.000000 3
19776 -1.000000 3
19780 1.000000 4
19784 -1.000000 4
19789 1.000000 5
19793 1.000000 4
19797 1.000000 4
19801 1.000000 4
19804 -1.000000 3
19808 1.000000 4
19813 1.000000 5
19817 1.000000 4
19822 0.000000 5
19827 1.000000 5
19831 -1.000000 4
19836 0.000000 5
19841 0.000000 5
19846 1.000000 5
19850 1.000000 4
19855 1.000000 5
19860 0.000000 5
19865 1.000000 5
19869 1.000000 4
19872 -1.000000 3
19876 -1.000000 4
19881 1.000000 5
19886 0.000000 5
19890 1.000000 4
19894 -1.000000 4
19898 -1.000000 4
19903 1.000000 5
19906 1.000000 3
19909 1.000000 3
19913 1.000000 4
19917 1.000000 4
19921 1.000000 4
19925 1.000000 4
19929 -1.000000 4
19933 1.000000 4
19937 -1.000000 4
19940 1.000000 3
19943 1.000000 3
19947 1.000000 4
19951 1.000000 4
19956 0.000000 5
19960 1.000000 4
19963 -1.000000 3
19966 -1.000000 3
19970 1.000000 4
19975 1.000000 5
19979 1.000000 4
19983 1.000000 4
19988 0.000000 5
19993 0.000000 5
19997 1.000000 4
20002 1.000000 5
20006 1.000000 4
20011 1.000000 5
20015 1.000000 4
20020 1.000000 5
20024 -1.000000 4
20028 -1.000000 4
20032 1.000000 4
20037 0.000000 5
20041 -1.000000 4
20046 1.000000 5
20050 -1.000000 4
20055 0.000000 5
20060 0.000000 5
20065 1.000000 5
20069 1.000000 4
20073 -1.000000 4
20078 1.000000 5
20082 -1.000000 4
20086 1.000000 4
20090 1.000000 4
20095 1.000000 5
20100 0.000000 5
20103 -1.000000 3
20106 1.000000 3
20111 1.000000 5
20116 1.000000 5
20119 -1.000000 3
20123 1.000000 4
20128 0.000000 5
20133 1.000000 5
20138 0.000000 5
20143 1.000000 5
20147 -1.000000 4
20152 1.000000 5
20156 1.000000 4
20160 1.000000 4
20164 1.000000 4
20168 1.000000 4
20172 1.000000 4
20175 -1.000000 3
20178 -1.000000 3
20183 0.000000 5
20187 1.000000 4
20191 1.000000 4
20194 1.000000 3
20198 1.000000 4
20201 -1.000000 3
20205 1.000000 4
20208 -1.000000 3
20213 0.000000 5
20218 0.000000 5
20222 1.000000 4
20226 1.000000 4
20229 -1.000000 3
20233 -1.000000 4
20238 0.000000 5
20241 -1.000000 3
20246 1.000000 5
20251 0.000000 5
20255 1.000000 4
20259 1.000000 4
20262 -1.000000 3
20265 1.000000 3
20269 1.000000 4
20274 1.000000 5
20279 0.000000 5
20283 -1.000000 4
20287 -1.000000 4
20291 1.000000 4
20295 1.000000 4
20300 1.000000 5
20304 1.000000 4
20308 -1.000000 4
20312 -1.000000 4
20315 -1.000000 3
20319 -1.000000 4
20323 1.000000 4
20327 1.000000 4
20331 1.000000 4
20336 0.000000 5
20340 -1.000000 4
20344 -1.000000 4
20348 1.000000 4
20353 1.000000 5
20358 1.000000 5
20363 0.000000 5
20367 -1.000000 4
20371 -1.000000 4
20375 -1.000000 4
20380 0.000000 5
20385 0.000000 5
20388 1.000000 3
20392 -1.000000 4
20396 1.000000 4
20400 1.000000 4
20404 1.000000 4
20409 1.000000 5
20413 1.000000 4
20417 1.000000 4
20420 1.000000 3
20425 1.000000 5
20430 0.000000 5
20435 1.000000 5
20439 -1.000000 4
20444 0.000000 5
20449 0.000000 5
20453 -1.000000 4
20458 0.000000 5
20463 0.000000 5
20468 0.000000 5
20473 0.000000 5
20478 1.000000 5
20482 1.000000 4
20486 -1.000000 4
20491 0.000000 5
20495 -1.000000 4
20498 1.000000 3
20502 1.000000 4
20507 1.000000 5
20511 -1.000000 4
20516 1.000000 5
20521 0.000000 5
20524 -1.000000 3
20528 1.000000 4
20532 -1.000000 4
20536 -1.000000 4
20540 1.000000 4
20543 -1.000000 3
20547 1.000000 4
20551 1.000000 4
20554 -1.000000 3
20559 1.000000 5
20563 -1.000000 4
20568 1.000000 5
20571 1.000000 3
20576 1.000000 5
20581 1.000000 5
20585 1.000000 4
20589 1.000000 4
20594 1.000000 5
20599 0.000000 5
20603 1.000000 4
20608 0.000000 5
20612 1.000000 4
20615 1.000000 3
20620 0.000000 5
20624 1.000000 4
20629 0.000000 5
20634 1.000000 5
20639 1.000000 5
20643 -1.000000 4
20646 1.000000 3
20651 0.000000 5
20654 -1.000000 3
20657 1.000000 3
20661 1.000000 4
20664 1.000000 3
20668 1.000000 4
20673 1.000000 5
20677 -1.000000 4
20680 -1.000000 3
20685 0.000000 5
20690 0.000000 5
20695 1.000000 5
20699 1.000000 4
20704 1.000000 5
20707 1.000000 3
20710 -1.000000 3
20714 -1.000000 4
20719 0.000000 5
20724 1.000000 5
20729 0.000000 5
20734 1.000000 5
20738 -1.000000 4
20742 1.000000 4
20746 -1.000000 4
20750 1.000000 4
20754 -1.000000 4
20757 1.000000 3
20761 1.000000 4
20764 -1.000000 3
20767 -1.000000 3
20772 1.000000 5
20777 1.000000 5
20782 1.000000 5
20786 -1.000000 4
20789 1.000000 3
20793 -1.000000 4
20797 1.000000 4
20801 1.000000 4
20805 -1.000000 4
20809 1.000000 4
20813 1.000000 4
20818 0.000000 5
20823 1.000000 5
20827 1.000000 4
20831 1.000000 4
20836 1.000000 5
20840 1.000000 4
20844 1.000000 4
20849 0.000000 5
20853 -1.000000 4
20856 -1.000000 3
20859 1.000000 3
20862 -1.000000 3
20867 0.000000 5
20871 1.000000 4
20876 1.000000 5
20881 0.000000 5
20884 1.000000 3
20888 -1.000000 4
20892 1.000000 4
20896 1.000000 4
20900 1.000000 4
20904 1.000000 4
20907 -1.000000 3
20912 1.000000 5
20916 1.000000 4
20919 1.000000 3
20923 1.000000 4
20927 1.000000 4
20930 1.000000 3
20934 -1.000000 4
20939 1.000000 5
20944 1.000000 5
20948 1.000000 4
20952 -1.000000 4
20956 1.000000 4
20960 -1.000000 4
20964 1.000000 4
20967 -1.000000 3
20972 1.000000 5
20975 1.000000 3
20979 1.000000 4
20984 0.000000 5
20988 1.000000 4
20992 1.000000 4
20995 -1.000000 3
20999 1.000000 4
21004 1.000000 5
21009 1.000000 5
21014 1.000000 5
21019 0.000000 5
21022 -1.000000 3
21026 1.000000 4
21031 1.000000 5
21036 1.000000 5
21040 1.000000 4
21044 -1.000000 4
21047 1.000000 3
21052 0.000000 5
21057 1.000000 5
21062 1.000000 5
21065 1.000000 3
21068 1.000000 3
21071 -1.000000 3
21076 0.000000 5
21079 1.000000 3
21084 0.000000 5
21089 0.000000 5
21093 -1.000000 4
21098 0.000000 5
21102 -1.000000 4
21105 1.000000 3
21110 1.000000 5
21115 1.000000 5
21120 1.000000 5
21125 0.000000 5
21129 1.000000 4
21134 1.000000 5
21139 0.000000 5
21144 1.000000 5
21148 -1.000000 4
21153 0.000000 5
21157 -1.000000 4
21161 1.000000 4
21166 1.000000 5
21170 1.000000 4
21173 -1.000000 3
21176 1.000000 3
21179 -1.000000 3
21182 1.000000 3
21186 -1.000000 4
21189 1.000000 3
21193 1.000000 4
21198 1.000000 5
21201 -1.000000 3
21206 1.000000 5
21210 1.000000 4
21214 1.000000 4
21218 1.000000 4
21221 1.000000 3
21225 -1.000000 4
21229 1.000000 4
21234 1.000000 5
21238 -1.000000 4
21243 1.000000 5
21246 -1.000000 3
21250 -1.000000 4
21253 1.000000 3
21257 1.000000 4
21261 1.000000 4
21265 1.000000 4
21270 1.000000 5
21275 1.000000 5
21278 -1.000000 3
21283 0.000000 5
21288 1.000000 5
21292 1.000000 4
21296 -1.000000 4
21300 1.000000 4
21304 1.000000 4
21308 1.000000 4
21313 0.000000 5
21317 1.000000 4
21321 1.000000 4
21325 1.000000 4
21330 1.000000 5
21335 1.000000 5
21339 -1.000000 4
21344 1.000000 5
21349 1.000000 5
21353 1.000000 4
21357 1.000000 4
21362 1.000000 5
21367 0.000000 5
21371 1.000000 4
21374 -1.000000 3
21377 -1.000000 3
21381 1.000000 4
21386 1.000000 5
21391 0.000000 5
21396 1.000000 5
21400 1.000000 4
21404 -1.000000 4
21409 0.000000 5
21413 -1.000000 4
21417 -1.000000 4
21422 1.000000 5
21425 1.000000 3
21430 1.000000 5
21435 1.000000 5
21439 1.000000 4
21443 -1.000000 4
21447 -1.000000 4
21451 1.000000 4
21454 1.000000 3
21458 1.000000 4
21463 1.000000 5
21468 0.000000 5
21472 1.000000 4
21475 1.000000 3
21480 1.000000 5
21483 -1.000000 3
21487 1.000000 4
21491 1.000000 4
21496 1.000000 5
21500 1.000000 4
21505 1.000000 5
21509 -1.000000 4
21512 1.000000 3
21516 1.000000 4
21521 1.000000 5
21526 1.000000 5
21530 -1.000000 4
21534 1.000000 4
21539 1.000000 5
21544 1.000000 5
21548 -1.000000 4
21552 1.000000 4
21556 1.000000 4
21561 1.000000 5
21565 1.000000 4
21568 -1.000000 3
21572 1.000000 4
21577 1.000000 5
21581 1.000000 4
21584 1.000000 3
21589 1.000000 5
21594 1.000000 5
21598 -1.000000 4
21602 1.000000 4
21606 1.000000 4
21611 1.000000 5
21616 0.000000 5
21620 1.000000 4
21625 1.000000 5
21629 -1.000000 4
21632 1.000000 3
21636 1.000000 4
21639 1.000000 3
21644 0.000000 5
21648 -1.000000 4
21652 -1.000000 4
21656 1.000000 4
21660 1.000000 4
21664 1.000000 4
21668 1.000000 4
21672 1.000000 4
21676 1.000000 4
21679 1.000000 3
21682 -1.000000 3
21687 0.000000 5
21691 1.000000 4
21696 0.000000 5
21700 -1.000000 4
21705 1.000000 5
21709 1.000000 4
21714 1.000000 5
21718 1.000000 4
21723 1.000000 5
21727 1.000000 4
21732 1.000000 5
21736 -1.000000 4
21741 1.000000 5
21744 -1.000000 3
21749 0.000000 5
21753 -1.000000 4
21758 0.000000 5
21761 -1.000000 3
21766 0.000000 5
21769 1.000000 3
21774 0.000000 5
21778 -1.000000 4
21782 -1.000000 4
21786 -1.000000 4
21790 -1.000000 4
21793 -1.000000 3
21798 0.000000 5
21802 1.000000 4
21806 -1.000000 4
21811 1.000000 5
21815 -1.000000 4
21819 1.000000 4
21823 1.000000 4
21828 1.000000 5
21831 -1.000000 3
21836 1.000000 5
21841 1.000000 5
21845 -1.000000 4
21849 -1.000000 4
21852 -1.000000 3
21856 1.000000 4
21861 1.000000 5
21865 1.000000 4
21869 1.000000 4
21874 0.000000 5
21877 1.000000 3
21881 -1.000000 4
21886 0.000000 5
21891 1.000000 5
21895 1.000000 4
21900 0.000000 5
21905 0.000000 5
21909 1.000000 4
21914 1.000000 5
21918 -1.000000 4
21921 1.000000 3
21925 1.000000 4
21930 0.000000 5
21934 1.000000 4
21938 1.000000 4
21942 -1.000000 4
21947 1.000000 5
21952 1.000000 5
21957 0.000000 5
21962 0.000000 5
21966 1.000000 4
21970 1.000000 4
21975 1.000000 5
21980 0.000000 5
21985 1.000000 5
21989 -1.000000 4
21993 1.000000 4
21997 1.000000 4
22000 1.000000 3
22005 0.000000 5
22009 1.000000 4
22014 0.000000 5
22018 1.000000 4
22021 1.000000 3
22025 1.000000 4
22028 -1.000000 3
22032 1.000000 4
22036 1.000000 4
22040 1.000000 4
22043 1.000000 3
22047 1.000000 4
22051 1.000000 4
22055 1.000000 4
22059 1.000000 4
22063 1.000000 4
22066 -1.000000 3
22070 1.000000 4
22074 1.000000 4
22078 1.000000 4
22083 1.000000 5
22087 1.000000 4
22092 0.000000 5
22096 1.000000 4
22100 1.000000 4
22103 -1.000000 3
22107 -1.000000 4
22111 1.000000 4
22114 1.000000 3
22117 -1.000000 3
22120 1.000000 3
22123 1.000000 3
22126 1.000000 3
22130 1.000000 4
22134 1.000000 4
22138 1.000000 4
22142 1.000000 4
22145 1.000000 3
22149 1.000000 4
22152 -1.000000 3
22156 1.000000 4
22159 1.000000 3
22163 1.000000 4
22167 1.000000 4
22171 1.000000 4
22174 -1.000000 3
22178 1.000000 4
22181 1.000000 3
22185 1.000000 4
22188 1.000000 3
22192 1.000000 4
22195 1.000000 3
22199 1.000000 4
22203 1.000000 4
22207 1.000000 4
22210 1.000000 3
22213 -1.000000 3
22218 0.000000 5
22222 1.000000 4
22226 -1.000000 4
22230 1.000000 4
22234 1.000000 4
22237 1.000000 3
22241 1.000000 4
22245 1.000000 4
22248 1.000000 3
22252 1.000000 4
22256 1.000000 4
22260 1.000000 4
22263 -1.000000 3
22267 1.000000 4
22271 1.000000 4
22275 1.000000 4
22279 1.000000 4
22283 1.000000 4
22286 1.000000 3
22290 1.000000 4
22295 0.000000 5
22299 -1.000000 4
22303 1.000000 4
22306 1.000000 3
22310 1.000000 4
22313 1.000000 3
22317 1.000000 4
22321 1.000000 4
22325 1.000000 4
22329 1.000000 4
22333 1.000000 4
22337 1.000000 4
22341 1.000000 4
22344 1.000000 3
22349 1.000000 5
22353 1.000000 4
22357 1.000000 4
22361 1.000000 4
22365 1.000000 4
22369 1.000000 4
22373 1.000000 4
22377 1.000000 4
22381 1.000000 4
22385 1.000000 4
22389 1.000000 4
22392 1.000000 3
22396 1.000000 4
22400 1.000000 4
22403 1.000000 3
22407 1.000000 4
22411 -1.000000 4
22415 1.000000 4
22419 1.000000 4
22423 1.000000 4
22426 -1.000000 3
22430 1.000000 4
22434 1.000000 4
22438 1.000000 4
22442 1.000000 4
22446 1.000000 4
22450 1.000000 4
22454 1.000000 4
22458 1.000000 4
22462 1.000000 4
22466 1.000000 4
22469 -1.000000 3
22472 1.000000 3
22475 1.000000 3
22478 -1.000000 3
22482 1.000000 4
22486 1.000000 4
22489 1.000000 3
22493 1.000000 4
22497 1.000000 4
22501 1.000000 4
22505 1.000000 4
22509 -1.000000 4
22512 1.000000 3
22515 1.000000 3
22518 1.000000 3
22522 1.000000 4
22526 1.000000 4
22530 1.000000 4
22533 1.000000 3
22537 1.000000 4
22540 1.000000 3
22545 0.000000 5
22549 1.000000 4
22553 1.000000 4
22557 1.000000 4
22561 1.000000 4
22565 1.000000 4
22569 1.000000 4
22573 1.000000 4
22577 1.000000 4
22581 1.000000 4
22585 1.000000 4
22589 -1.000000 4
22593 1.000000 4
22597 1.000000 4
22601 1.000000 4
22604 1.000000 3
22608 1.000000 4
22612 1.000000 4
22615 -1.000000 3
22618 -1.000000 3
22621 1.000000 3
22625 1.000000 4
22629 1.000000 4
22633 1.000000 4
22636 1.000000 3
22640 1.000000 4
22644 1.000000 4
22648 1.000000 4
22652 1.000000 4
22656 1.000000 4
22660 1.000000 4
22664 1.000000 4
22667 -1.000000 3
22670 -1.000000 3
22674 1.000000 4
22677 1.000000 3
22681 1.000000 4
22685 1.000000 4
22689 1.000000 4
22693 1.000000 4
22697 1.000000 4
22701 1.000000 4
22704 1.000000 3
22708 1.000000 4
22711 1.000000 3
22715 1.000000 4
22719 1.000000 4
22723 1.000000 4
22727 1.000000 4
22731 1.000000 4
22735 1.000000 4
22738 1.000000 3
22742 1.000000 4
22745 1.000000 3
22749 1.000000 4
22753 1.000000 4
22756 1.000000 3
22761 0.000000 5
22765 1.000000 4
22769 1.000000 4
22773 1.000000 4
22777 1.000000 4
22781 1.000000 4
22785 1.000000 4
22789 1.000000 4
22793 1.000000 4
22797 1.000000 4
22800 1.000000 3
22804 1.000000 4
22809 0.000000 5
22813 1.000000 4
22817 1.000000 4
22821 1.000000 4
22824 1.000000 3
22828 1.000000 4
22832 1.000000 4
22836 1.000000 4
22840 1.000000 4
22843 1.000000 3
22846 1.000000 3
22850 1.000000 4
22854 1.000000 4
22858 1.000000 4
22862 1.000000 4
22866 1.000000 4
22870 1.000000 4
22873 1.000000 3
22877 1.000000 4
22881 1.000000 4
22885 1.000000 4
22889 1.000000 4
22893 -1.000000 4
22896 1.000000 3
22899 1.000000 3
22903 1.000000 4
22907 1.000000 4
22911 1.000000 4
22915 1.000000 4
22919 1.000000 4
22923 1.000000 4
22927 1.000000 4
22931 1.000000 4
22935 1.000000 4
22938 -1.000000 3
22942 1.000000 4
22947 1.000000 5
22950 1.000000 3
22954 1.000000 4
22958 1.000000 4
22962 -1.000000 4
22965 1.000000 3
22968 1.000000 3
22972 1.000000 4
22976 1.000000 4
22980 1.000000 4
22984 1.000000 4
22988 1.000000 4
22992 1.000000 4
22995 1.000000 3
22999 1.000000 4
23003 1.000000 4
23006 1.000000 3
23011 0.000000 5
23016 1.000000 5
23020 1.000000 4
23025 0.000000 5
23029 1.000000 4
23032 -1.000000 3
23036 1.000000 4
23041 1.000000 5
23044 -1.000000 3
23048 -1.000000 4
23052 1.000000 4
