4 1.000000 4
9 1.000000 5
13 -1.000000 4
18 1.000000 5
22 1.000000 4
26 -1.000000 4
30 -1.000000 4
33 -1.000000 3
37 -1.000000 4
40 1.000000 3
44 1.000000 4
48 1.000000 4
53 0.000000 5
57 1.000000 4
61 -1.000000 4
65 1.000000 4
68 -1.000000 3
72 1.000000 4
76 1.000000 4
81 1.000000 5
85 1.000000 4
88 -1.000000 3
92 1.000000 4
97 1.000000 5
101 1.000000 4
105 1.000000 4
109 -1.000000 4
112 -1.000000 3
117 1.000000 5
122 1.000000 5
126 1.000000 4
130 -1.000000 4
134 1.000000 4
139 1.000000 5
144 1.000000 5
149 1.000000 5
153 -1.000000 4
158 0.000000 5
163 1.000000 5
167 1.000000 4
172 0.000000 5
177 1.000000 5
181 -1.000000 4
186 1.000000 5
189 -1.000000 3
193 1.000000 4
196 1.000000 3
201 1.000000 5
206 0.000000 5
209 1.000000 3
213 -1.000000 4
217 -1.000000 4
221 -1.000000 4
225 -1.000000 4
229 1.000000 4
234 1.000000 5
239 1.000000 5
242 -1.000000 3
246 1.000000 4
251 0.000000 5
256 1.000000 5
260 -1.000000 4
265 0.000000 5
269 1.000000 4
273 1.000000 4
277 1.000000 4
280 -1.000000 3
284 1.000000 4
287 -1.000000 3
292 1.000000 5
296 1.000000 4
301 0.000000 5
305 -1.000000 4
309 1.000000 4
314 0.000000 5
319 0.000000 5
323 1.000000 4
328 1.000000 5
331 -1.000000 3
336 0.000000 5
341 1.000000 5
344 1.000000 3
347 1.000000 3
352 0.000000 5
356 -1.000000 4
360 1.000000 4
365 1.000000 5
370 0.000000 5
375 1.000000 5
380 0.000000 5
384 -1.000000 4
388 -1.000000 4
392 -1.000000 4
395 1.000000 3
399 -1.000000 4
403 -1.000000 4
407 -1.000000 4
411 1.000000 4
414 -1.000000 3
418 1.000000 4
422 1.000000 4
426 -1.000000 4
429 -1.000000 3
434 1.000000 5
439 0.000000 5
444 1.000000 5
449 1.000000 5
453 -1.000000 4
458 0.000000 5
462 1.000000 4
466 1.000000 4
470 -1.000000 4
475 0.000000 5
479 1.000000 4
483 1.000000 4
487 1.000000 4
490 1.000000 3
494 1.000000 4
498 1.000000 4
502 -1.000000 4
507 1.000000 5
511 1.000000 4
515 -1.000000 4
520 0.000000 5
525 0.000000 5
529 1.000000 4
532 -1.000000 3
536 1.000000 4
541 0.000000 5
545 -1.000000 4
550 1.000000 5
554 1.000000 4
558 1.000000 4
562 -1.000000 4
566 -1.000000 4
570 -1.000000 4
574 -1.000000 4
579 1.000000 5
582 -1.000000 3
586 1.000000 4
589 1.000000 3
594 0.000000 5
599 1.000000 5
604 1.000000 5
609 1.000000 5
614 0.000000 5
619 0.000000 5
623 1.000000 4
626 -1.000000 3
631 0.000000 5
634 -1.000000 3
637 -1.000000 3
641 1.000000 4
645 1.000000 4
648 1.000000 3
652 1.000000 4
656 -1.000000 4
661 1.000000 5
665 -1.000000 4
669 -1.000000 4
673 -1.000000 4
678 1.000000 5
682 1.000000 4
685 -1.000000 3
689 -1.000000 4
693 1.000000 4
696 1.000000 3
701 1.000000 5
706 0.000000 5
709 1.000000 3
713 1.000000 4
717 1.000000 4
721 1.000000 4
725 -1.000000 4
730 0.000000 5
733 -1.000000 3
736 -1.000000 3
740 -1.000000 4
744 -1.000000 4
749 1.000000 5
754 1.000000 5
759 1.000000 5
763 -1.000000 4
768 1.000000 5
772 1.000000 4
777 1.000000 5
781 1.000000 4
785 -1.000000 4
790 0.000000 5
794 1.000000 4
798 -1.000000 4
802 1.000000 4
807 0.000000 5
812 1.000000 5
815 -1.000000 3
818 -1.000000 3
821 -1.000000 3
826 0.000000 5
829 1.000000 3
834 1.000000 5
839 0.000000 5
842 1.000000 3
847 0.000000 5
850 -1.000000 3
853 -1.000000 3
856 -1.000000 3
860 1.000000 4
863 1.000000 3
868 0.000000 5
872 -1.000000 4
876 -1.000000 4
881 0.000000 5
885 -1.000000 4
890 0.000000 5
895 1.000000 5
899 1.000000 4
903 1.000000 4
908 1.000000 5
911 1.000000 3
916 1.000000 5
920 1.000000 4
925 0.000000 5
929 -1.000000 4
933 -1.000000 4
937 -1.000000 4
940 1.000000 3
944 -1.000000 4
948 1.000000 4
952 1.000000 4
956 1.000000 4
961 1.000000 5
966 1.000000 5
971 0.000000 5
974 -1.000000 3
979 1.000000 5
983 -1.000000 4
986 1.000000 3
991 1.000000 5
994 -1.000000 3
999 0.000000 5
1004 1.000000 5
1009 1.000000 5
1014 1.000000 5
1018 -1.000000 4
1023 1.000000 5
1027 1.000000 4
1031 1.000000 4
1036 1.000000 5
1040 1.000000 4
1044 -1.000000 4
1049 1.000000 5
1053 1.000000 4
1058 1.000000 5
1063 1.000000 5
1067 1.000000 4
1072 0.000000 5
1076 1.000000 4
1080 1.000000 4
1084 1.000000 4
1088 1.000000 4
1093 0.000000 5
1097 1.000000 4
1101 1.000000 4
1105 -1.000000 4
1110 1.000000 5
1114 -1.000000 4
1117 -1.000000 3
1121 1.000000 4
1124 -1.000000 3
1129 0.000000 5
1134 1.000000 5
1137 -1.000000 3
1141 -1.000000 4
1145 1.000000 4
1149 -1.000000 4
1154 1.000000 5
1159 1.000000 5
1164 0.000000 5
1168 -1.000000 4
1172 -1.000000 4
1176 -1.000000 4
1181 0.000000 5
1186 1.000000 5
1191 1.000000 5
1195 -1.000000 4
1198 1.000000 3
1203 0.000000 5
1207 -1.000000 4
1212 1.000000 5
1215 1.000000 3
1219 -1.000000 4
1224 1.000000 5
1228 1.000000 4
1233 1.000000 5
1237 -1.000000 4
1242 0.000000 5
1246 1.000000 4
1250 1.000000 4
1254 1.000000 4
1257 -1.000000 3
1261 1.000000 4
1264 -1.000000 3
1268 -1.000000 4
1271 1.000000 3
1276 0.000000 5
1279 1.000000 3
1284 0.000000 5
1288 1.000000 4
1293 0.000000 5
1298 1.000000 5
1301 1.000000 3
1305 -1.000000 4
1309 1.000000 4
1313 -1.000000 4
1317 1.000000 4
1322 0.000000 5
1326 1.000000 4
1330 1.000000 4
1334 1.000000 4
1339 1.000000 5
1343 1.000000 4
1347 -1.000000 4
1351 1.000000 4
1355 -1.000000 4
1359 -1.000000 4
1362 1.000000 3
1365 1.000000 3
1370 1.000000 5
1375 1.000000 5
1380 1.000000 5
1384 -1.000000 4
1388 1.000000 4
1392 1.000000 4
1396 -1.000000 4
1401 0.000000 5
1405 1.000000 4
1409 1.000000 4
1412 1.000000 3
1416 -1.000000 4
1419 1.000000 3
1423 -1.000000 4
1427 -1.000000 4
1432 1.000000 5
1436 -1.000000 4
1440 -1.000000 4
1444 -1.000000 4
1447 -1.000000 3
1452 1.000000 5
1457 1.000000 5
1461 1.000000 4
1466 1.000000 5
1469 1.000000 3
1473 1.000000 4
1477 -1.000000 4
1481 -1.000000 4
1485 -1.000000 4
1490 1.000000 5
1494 -1.000000 4
1498 1.000000 4
1503 0.000000 5
1507 1.000000 4
1511 1.000000 4
1516 0.000000 5
1520 -1.000000 4
1524 1.000000 4
1529 0.000000 5
1534 1.000000 5
1538 -1.000000 4
1543 0.000000 5
1548 1.000000 5
1552 -1.000000 4
1556 1.000000 4
1559 1.000000 3
1563 -1.000000 4
1567 -1.000000 4
1571 1.000000 4
1576 0.000000 5
1581 1.000000 5
1586 1.000000 5
1590 -1.000000 4
1594 -1.000000 4
1599 1.000000 5
1603 1.000000 4
1607 1.000000 4
1610 1.000000 3
1615 0.000000 5
1619 -1.000000 4
1624 1.000000 5
1628 -1.000000 4
1631 1.000000 3
1636 1.000000 5
1641 1.000000 5
1646 0.000000 5
1651 1.000000 5
1656 0.000000 5
1660 -1.000000 4
1664 1.000000 4
1667 -1.000000 3
1670 -1.000000 3
1675 1.000000 5
1678 1.000000 3
1682 -1.000000 4
1686 1.000000 4
1689 1.000000 3
1694 0.000000 5
1699 0.000000 5
1702 1.000000 3
1707 1.000000 5
1712 1.000000 5
1716 1.000000 4
1721 0.000000 5
1725 -1.000000 4
1730 0.000000 5
1734 1.000000 4
1738 1.000000 4
1743 0.000000 5
1747 1.000000 4
1750 1.000000 3
1755 0.000000 5
1760 1.000000 5
1765 0.000000 5
1769 1.000000 4
1772 -1.000000 3
1776 1.000000 4
1780 1.000000 4
1783 1.000000 3
1786 -1.000000 3
1790 -1.000000 4
1793 -1.000000 3
1798 0.000000 5
1802 1.000000 4
1806 1.000000 4
1810 -1.000000 4
1815 0.000000 5
1819 1.000000 4
1824 0.000000 5
1828 1.000000 4
1832 1.000000 4
1836 1.000000 4
1841 1.000000 5
1845 -1.000000 4
1850 1.000000 5
1854 1.000000 4
1859 0.000000 5
1864 1.000000 5
1869 0.000000 5
1872 1.000000 3
1876 -1.000000 4
1881 0.000000 5
1885 -1.000000 4
1889 -1.000000 4
1894 1.000000 5
1899 0.000000 5
1903 1.000000 4
1906 1.000000 3
1910 1.000000 4
1915 0.000000 5
1918 -1.000000 3
1921 -1.000000 3
1924 -1.000000 3
1929 1.000000 5
1933 -1.000000 4
1937 -1.000000 4
1941 -1.000000 4
1945 1.000000 4
1949 1.000000 4
1953 -1.000000 4
1958 0.000000 5
1962 -1.000000 4
1967 1.000000 5
1972 0.000000 5
1977 1.000000 5
1982 0.000000 5
1987 1.000000 5
1990 -1.000000 3
1995 0.000000 5
2000 1.000000 5
2004 1.000000 4
2008 -1.000000 4
2012 1.000000 4
2016 -1.000000 4
2020 -1.000000 4
2025 0.000000 5
2028 1.000000 3
2032 1.000000 4
2035 1.000000 3
2039 -1.000000 4
2043 -1.000000 4
2048 1.000000 5
2053 1.000000 5
2057 1.000000 4
2061 1.000000 4
2066 1.000000 5
2070 1.000000 4
2074 1.000000 4
2078 -1.000000 4
2082 1.000000 4
2085 1.000000 3
2089 -1.000000 4
2094 0.000000 5
2098 1.000000 4
2102 1.000000 4
2106 1.000000 4
2110 1.000000 4
2113 1.000000 3
2118 1.000000 5
2122 -1.000000 4
2126 -1.000000 4
2131 1.000000 5
2134 -1.000000 3
2138 1.000000 4
2142 -1.000000 4
2146 1.000000 4
2151 0.000000 5
2156 1.000000 5
2161 1.000000 5
2166 1.000000 5
2170 -1.000000 4
2173 1.000000 3
2176 -1.000000 3
2180 1.000000 4
2184 1.000000 4
2189 1.000000 5
2194 0.000000 5
2199 0.000000 5
2202 1.000000 3
2207 1.000000 5
2211 -1.000000 4
2215 1.000000 4
2219 -1.000000 4
2224 1.000000 5
2228 -1.000000 4
2231 1.000000 3
2236 1.000000 5
2239 -1.000000 3
2244 1.000000 5
2247 -1.000000 3
2251 1.000000 4
2254 1.000000 3
2259 0.000000 5
2263 1.000000 4
2268 1.000000 5
2272 -1.000000 4
2275 1.000000 3
2280 0.000000 5
2284 1.000000 4
2289 1.000000 5
2293 1.000000 4
2296 -1.000000 3
2300 -1.000000 4
2304 -1.000000 4
2308 -1.000000 4
2313 1.000000 5
2318 1.000000 5
2323 1.000000 5
2327 -1.000000 4
2331 1.000000 4
2335 -1.000000 4
2340 0.000000 5
2344 1.000000 4
2348 -1.000000 4
2351 1.000000 3
2355 -1.000000 4
2359 -1.000000 4
2364 0.000000 5
2367 1.000000 3
2370 -1.000000 3
2373 -1.000000 3
2378 1.000000 5
2382 -1.000000 4
2387 1.000000 5
2390 1.000000 3
2394 -1.000000 4
2399 1.000000 5
2404 0.000000 5
2408 1.000000 4
