471 313.000000 471
894 715.000000 423
1636 1603.000000 742
1972 299.000000 336
2415 1800.000000 443
2948 1434.000000 533
3655 1465.000000 707
4392 2195.000000 737
5540 6361.000000 1148
6224 4014.000000 684
6906 1297.000000 682
7752 1981.000000 846
8549 1048.000000 797
9043 718.000000 494
9484 1451.000000 441
10002 1501.000000 518
10586 1821.000000 584
11039 913.000000 453
11670 1167.000000 631
12448 2628.000000 778
13121 1393.000000 673
13762 811.000000 641
14578 1750.000000 816
15110 1086.000000 532
15672 2287.000000 562
16293 1293.000000 621
16956 1127.000000 663
17451 1000.000000 495
18015 1984.000000 564
18681 1211.000000 666
19269 2497.000000 588
19875 877.000000 606
20910 2638.000000 1035
21441 704.000000 531
21927 630.000000 486
22578 1579.000000 651
23289 3073.000000 711
24080 1089.000000 791
25017 2484.000000 937
25791 3502.000000 774
26227 652.000000 436
26909 1842.000000 682
27514 1742.000000 605
28282 1680.000000 768
28981 1279.000000 699
29828 3955.000000 847
30486 3178.000000 658
31189 3356.000000 703
31891 1439.000000 702
32435 1921.000000 544
33046 2586.000000 611
33637 1325.000000 591
34336 1058.000000 699
35224 2997.000000 888
35943 3259.000000 719
36555 2514.000000 612
37199 2193.000000 644
37784 1475.000000 585
38478 1818.000000 694
38985 2989.000000 507
39703 2171.000000 718
40473 3071.000000 770
41069 1642.000000 596
41652 478.000000 583
42285 1949.000000 633
42658 788.000000 373
43490 1384.000000 832
43959 1877.000000 469
44572 2262.000000 613
45339 2488.000000 767
46125 4143.000000 786
46699 1414.000000 574
47358 4140.000000 659
48168 4110.000000 810
48702 1933.000000 534
49319 1030.000000 617
