526 800.000000 526
1366 4061.000000 840
1823 723.000000 457
2258 688.000000 435
2903 528.000000 645
3510 2329.000000 607
4073 815.000000 563
4706 2653.000000 633
5460 1674.000000 754
5890 1211.000000 430
6712 2818.000000 822
7290 1279.000000 578
8150 2460.000000 860
8954 3487.000000 804
9601 879.000000 647
10797 4015.000000 1196
11588 2174.000000 791
12129 1939.000000 541
12573 1675.000000 444
13320 3062.000000 747
14117 1807.000000 797
14777 2209.000000 660
15451 2008.000000 674
16000 1525.000000 549
16740 3008.000000 740
17482 2528.000000 742
18030 773.000000 548
18647 1254.000000 617
19311 782.000000 664
20117 2829.000000 806
20768 960.000000 651
21290 822.000000 522
22077 4454.000000 787
22605 1054.000000 528
23130 1264.000000 525
23691 767.000000 561
24688 3220.000000 997
25565 1869.000000 877
26069 374.000000 504
26914 2214.000000 845
27537 2176.000000 623
28130 916.000000 593
28591 806.000000 461
29129 2044.000000 538
29810 1562.000000 681
30595 1806.000000 785
31255 1803.000000 660
31901 3004.000000 646
32832 4401.000000 931
33326 1613.000000 494
33904 675.000000 578
34509 2075.000000 605
35045 735.000000 536
35612 1416.000000 567
36530 3284.000000 918
37325 3503.000000 795
38204 4109.000000 879
38844 2538.000000 640
39779 3098.000000 935
40628 3601.000000 849
41324 1319.000000 696
41863 2195.000000 539
42601 1790.000000 738
43315 1720.000000 714
44108 4026.000000 793
44790 3841.000000 682
45921 6843.000000 1131
46933 5838.000000 1012
47744 3107.000000 811
48299 1251.000000 555
48866 408.000000 567
