5 -1.000000 5
10 -1.000000 5
15 -1.000000 5
20 -1.000000 5
25 -1.000000 5
30 -1.000000 5
35 -1.000000 5
39 -1.000000 4
44 -1.000000 5
49 -1.000000 5
54 -1.000000 5
59 -1.000000 5
64 -1.000000 5
69 -1.000000 5
74 -1.000000 5
78 -1.000000 4
83 -1.000000 5
88 -1.000000 5
93 -1.000000 5
98 -1.000000 5
102 -1.000000 4
107 -1.000000 5
111 -1.000000 4
116 0.000000 5
120 -1.000000 4
125 -1.000000 5
130 -1.000000 5
134 -1.000000 4
138 -1.000000 4
143 -1.000000 5
148 -1.000000 5
153 -1.000000 5
157 -1.000000 4
162 -1.000000 5
166 -1.000000 4
170 -1.000000 4
175 -1.000000 5
180 -1.000000 5
185 -1.000000 5
190 -1.000000 5
195 -1.000000 5
200 -1.000000 5
204 -1.000000 4
209 -1.000000 5
214 -1.000000 5
219 -1.000000 5
224 -1.000000 5
229 -1.000000 5
234 -1.000000 5
239 -1.000000 5
244 -1.000000 5
249 -1.000000 5
253 -1.000000 4
258 -1.000000 5
263 -1.000000 5
268 -1.000000 5
273 -1.000000 5
278 -1.000000 5
283 -1.000000 5
287 -1.000000 4
291 -1.000000 4
296 -1.000000 5
301 -1.000000 5
305 -1.000000 4
310 -1.000000 5
315 -1.000000 5
320 -1.000000 5
325 -1.000000 5
329 -1.000000 4
334 -1.000000 5
338 -1.000000 4
343 -1.000000 5
348 -1.000000 5
353 -1.000000 5
358 -1.000000 5
362 -1.000000 4
367 -1.000000 5
371 -1.000000 4
376 -1.000000 5
380 -1.000000 4
385 -1.000000 5
390 -1.000000 5
395 -1.000000 5
399 -1.000000 4
404 -1.000000 5
409 -1.000000 5
413 -1.000000 4
418 -1.000000 5
422 -1.000000 4
427 -1.000000 5
431 -1.000000 4
436 -1.000000 5
440 -1.000000 4
445 -1.000000 5
449 -1.000000 4
454 -1.000000 5
459 -1.000000 5
464 -1.000000 5
469 -1.000000 5
473 -1.000000 4
478 -1.000000 5
483 -1.000000 5
488 -1.000000 5
493 -1.000000 5
497 -1.000000 4
502 -1.000000 5
507 -1.000000 5
511 -1.000000 4
516 -1.000000 5
521 -1.000000 5
526 -1.000000 5
530 -1.000000 4
535 -1.000000 5
539 -1.000000 4
544 -1.000000 5
549 -1.000000 5
554 -1.000000 5
559 -1.000000 5
564 -1.000000 5
569 -1.000000 5
574 -1.000000 5
579 -1.000000 5
583 -1.000000 4
588 -1.000000 5
593 -1.000000 5
597 -1.000000 4
601 -1.000000 4
605 -1.000000 4
610 -1.000000 5
615 -1.000000 5
620 -1.000000 5
625 -1.000000 5
629 -1.000000 4
634 -1.000000 5
639 -1.000000 5
644 -1.000000 5
649 -1.000000 5
653 -1.000000 4
658 -1.000000 5
663 -1.000000 5
668 -1.000000 5
673 -1.000000 5
678 -1.000000 5
682 -1.000000 4
687 -1.000000 5
692 -1.000000 5
697 -1.000000 5
702 -1.000000 5
706 -1.000000 4
711 -1.000000 5
715 -1.000000 4
720 -1.000000 5
725 -1.000000 5
730 -1.000000 5
734 -1.000000 4
739 -1.000000 5
744 -1.000000 5
749 -1.000000 5
754 -1.000000 5
759 -1.000000 5
764 -1.000000 5
769 -1.000000 5
774 -1.000000 5
779 -1.000000 5
784 -1.000000 5
789 -1.000000 5
794 -1.000000 5
799 -1.000000 5
804 -1.000000 5
809 -1.000000 5
814 -1.000000 5
819 -1.000000 5
824 -1.000000 5
828 -1.000000 4
833 -1.000000 5
838 -1.000000 5
842 -1.000000 4
847 -1.000000 5
852 -1.000000 5
857 -1.000000 5
862 -1.000000 5
867 -1.000000 5
872 -1.000000 5
876 -1.000000 4
881 -1.000000 5
886 -1.000000 5
890 -1.000000 4
895 -1.000000 5
900 -1.000000 5
905 -1.000000 5
910 -1.000000 5
914 -1.000000 4
919 -1.000000 5
924 -1.000000 5
929 -1.000000 5
934 -1.000000 5
939 -1.000000 5
944 -1.000000 5
949 -1.000000 5
954 -1.000000 5
959 -1.000000 5
963 -1.000000 4
968 -1.000000 5
973 -1.000000 5
978 -1.000000 5
983 -1.000000 5
988 -1.000000 5
993 0.000000 5
997 -1.000000 4
1002 -1.000000 5
1007 -1.000000 5
1011 -1.000000 4
1016 -1.000000 5
1020 -1.000000 4
1025 -1.000000 5
1030 -1.000000 5
1035 -1.000000 5
1040 -1.000000 5
1045 -1.000000 5
1050 -1.000000 5
1055 -1.000000 5
1059 -1.000000 4
1064 -1.000000 5
1069 -1.000000 5
1074 -1.000000 5
1079 -1.000000 5
1084 -1.000000 5
1089 -1.000000 5
1094 -1.000000 5
1099 -1.000000 5
1104 -1.000000 5
1109 -1.000000 5
1114 -1.000000 5
1119 -1.000000 5
1124 -1.000000 5
1129 -1.000000 5
1134 -1.000000 5
1139 -1.000000 5
1144 -1.000000 5
1148 -1.000000 4
1153 -1.000000 5
1158 -1.000000 5
1163 -1.000000 5
1168 -1.000000 5
1172 -1.000000 4
1177 -1.000000 5
1182 -1.000000 5
1187 -1.000000 5
1192 -1.000000 5
1197 -1.000000 5
1202 -1.000000 5
1207 -1.000000 5
1212 -1.000000 5
1217 -1.000000 5
1222 -1.000000 5
1226 -1.000000 4
1231 -1.000000 5
1235 -1.000000 4
1240 -1.000000 5
1244 -1.000000 4
1249 -1.000000 5
1253 -1.000000 4
1258 -1.000000 5
1263 -1.000000 5
1268 -1.000000 5
1273 -1.000000 5
1278 -1.000000 5
1283 -1.000000 5
1288 -1.000000 5
1292 -1.000000 4
1297 -1.000000 5
1302 -1.000000 5
1306 -1.000000 4
1310 -1.000000 4
1315 -1.000000 5
1320 -1.000000 5
1325 -1.000000 5
1330 -1.000000 5
1335 -1.000000 5
1340 -1.000000 5
1345 -1.000000 5
1350 -1.000000 5
1354 -1.000000 4
1359 -1.000000 5
1363 -1.000000 4
1368 -1.000000 5
1372 -1.000000 4
1376 -1.000000 4
1381 -1.000000 5
1386 -1.000000 5
1391 -1.000000 5
1396 -1.000000 5
1401 -1.000000 5
1406 -1.000000 5
1411 -1.000000 5
1415 -1.000000 4
1420 -1.000000 5
1425 -1.000000 5
1430 -1.000000 5
1435 -1.000000 5
1440 -1.000000 5
1445 -1.000000 5
1450 -1.000000 5
1455 -1.000000 5
1460 -1.000000 5
1465 -1.000000 5
1470 -1.000000 5
1475 -1.000000 5
1480 -1.000000 5
1484 -1.000000 4
1488 -1.000000 4
1493 -1.000000 5
1498 -1.000000 5
1503 -1.000000 5
1508 -1.000000 5
1513 -1.000000 5
1518 -1.000000 5
1523 -1.000000 5
1527 -1.000000 4
1531 -1.000000 4
1536 -1.000000 5
1541 -1.000000 5
1546 -1.000000 5
1550 -1.000000 4
1555 -1.000000 5
1560 -1.000000 5
1565 -1.000000 5
1570 -1.000000 5
1575 -1.000000 5
1580 -1.000000 5
1584 -1.000000 4
1589 -1.000000 5
1594 -1.000000 5
1599 -1.000000 5
1604 -1.000000 5
1609 -1.000000 5
1614 -1.000000 5
1619 -1.000000 5
1624 -1.000000 5
1628 -1.000000 4
1633 -1.000000 5
1637 -1.000000 4
1642 -1.000000 5
1646 -1.000000 4
1651 -1.000000 5
1656 -1.000000 5
1660 -1.000000 4
1665 -1.000000 5
1669 -1.000000 4
1673 -1.000000 4
1678 -1.000000 5
1683 -1.000000 5
1688 -1.000000 5
1692 -1.000000 4
1697 -1.000000 5
1701 -1.000000 4
1706 -1.000000 5
1711 -1.000000 5
1716 -1.000000 5
1721 -1.000000 5
1726 -1.000000 5
1731 -1.000000 5
1736 -1.000000 5
1741 -1.000000 5
1745 -1.000000 4
1749 -1.000000 4
1753 -1.000000 4
1758 -1.000000 5
1763 -1.000000 5
1767 -1.000000 4
1772 -1.000000 5
1777 -1.000000 5
1782 -1.000000 5
1787 -1.000000 5
1792 -1.000000 5
1797 -1.000000 5
1802 -1.000000 5
1806 -1.000000 4
1811 -1.000000 5
1816 -1.000000 5
1821 -1.000000 5
1826 -1.000000 5
1831 -1.000000 5
1836 -1.000000 5
1840 -1.000000 4
1844 -1.000000 4
1849 -1.000000 5
1853 -1.000000 4
1857 -1.000000 4
1861 -1.000000 4
1866 -1.000000 5
1871 -1.000000 5
1876 -1.000000 5
1881 -1.000000 5
1886 -1.000000 5
1891 -1.000000 5
1896 -1.000000 5
1901 -1.000000 5
1906 -1.000000 5
1911 -1.000000 5
1915 -1.000000 4
1920 -1.000000 5
1925 -1.000000 5
1930 -1.000000 5
1935 -1.000000 5
1940 -1.000000 5
1945 -1.000000 5
1950 -1.000000 5
1955 -1.000000 5
1960 -1.000000 5
1964 -1.000000 4
1969 -1.000000 5
1973 -1.000000 4
1977 -1.000000 4
1982 -1.000000 5
1987 -1.000000 5
1992 -1.000000 5
1997 -1.000000 5
2002 -1.000000 5
2006 -1.000000 4
2011 -1.000000 5
2016 -1.000000 5
2021 -1.000000 5
2026 -1.000000 5
2031 -1.000000 5
2035 -1.000000 4
2040 -1.000000 5
2045 -1.000000 5
2050 -1.000000 5
2055 -1.000000 5
2060 -1.000000 5
2065 -1.000000 5
2070 -1.000000 5
2075 -1.000000 5
2080 -1.000000 5
2085 -1.000000 5
2090 -1.000000 5
2095 -1.000000 5
2100 -1.000000 5
2105 -1.000000 5
2110 -1.000000 5
2115 -1.000000 5
2120 -1.000000 5
2125 -1.000000 5
2130 -1.000000 5
2134 -1.000000 4
2139 -1.000000 5
2144 -1.000000 5
2149 -1.000000 5
2153 -1.000000 4
2157 -1.000000 4
2162 -1.000000 5
2167 -1.000000 5
2172 -1.000000 5
2177 -1.000000 5
2182 -1.000000 5
2187 -1.000000 5
2192 -1.000000 5
2196 -1.000000 4
2201 -1.000000 5
2206 -1.000000 5
2211 -1.000000 5
2216 -1.000000 5
2221 -1.000000 5
2226 -1.000000 5
2231 -1.000000 5
2236 -1.000000 5
2241 -1.000000 5
2246 -1.000000 5
2251 -1.000000 5
2256 -1.000000 5
2261 -1.000000 5
2265 -1.000000 4
2269 -1.000000 4
2274 -1.000000 5
2279 -1.000000 5
2283 -1.000000 4
2288 -1.000000 5
2293 -1.000000 5
2297 -1.000000 4
2302 -1.000000 5
2307 -1.000000 5
2311 -1.000000 4
2316 -1.000000 5
2320 -1.000000 4
2325 -1.000000 5
2330 -1.000000 5
2335 -1.000000 5
2340 -1.000000 5
2345 -1.000000 5
2350 -1.000000 5
2355 -1.000000 5
2360 -1.000000 5
2364 -1.000000 4
2369 -1.000000 5
2374 -1.000000 5
2379 -1.000000 5
2384 -1.000000 5
2388 -1.000000 4
2393 -1.000000 5
2398 -1.000000 5
2403 -1.000000 5
2407 -1.000000 4
2411 -1.000000 4
2416 -1.000000 5
2420 -1.000000 4
2425 -1.000000 5
2430 -1.000000 5
2435 -1.000000 5
2440 -1.000000 5
2445 -1.000000 5
2450 -1.000000 5
2455 -1.000000 5
2459 -1.000000 4
2464 -1.000000 5
2469 -1.000000 5
2474 -1.000000 5
2479 -1.000000 5
2483 -1.000000 4
2488 -1.000000 5
2493 -1.000000 5
2498 -1.000000 5
2503 -1.000000 5
2508 -1.000000 5
2513 -1.000000 5
2518 -1.000000 5
2522 -1.000000 4
2527 -1.000000 5
2532 -1.000000 5
2537 -1.000000 5
2542 -1.000000 5
2547 -1.000000 5
2551 -1.000000 4
2556 -1.000000 5
2561 -1.000000 5
2566 -1.000000 5
2570 -1.000000 4
2575 -1.000000 5
2580 -1.000000 5
2585 -1.000000 5
2589 -1.000000 4
2593 -1.000000 4
2598 -1.000000 5
2603 -1.000000 5
2607 -1.000000 4
2612 -1.000000 5
2617 -1.000000 5
2622 -1.000000 5
2627 -1.000000 5
2631 -1.000000 4
2636 -1.000000 5
2641 -1.000000 5
2646 -1.000000 5
2651 -1.000000 5
2656 -1.000000 5
2661 -1.000000 5
2666 -1.000000 5
2671 -1.000000 5
2676 -1.000000 5
2681 -1.000000 5
2686 -1.000000 5
2691 -1.000000 5
2696 -1.000000 5
2701 -1.000000 5
2706 -1.000000 5
2711 -1.000000 5
2716 -1.000000 5
2720 -1.000000 4
2724 -1.000000 4
2729 -1.000000 5
2733 -1.000000 4
2738 -1.000000 5
2743 -1.000000 5
2748 -1.000000 5
2753 -1.000000 5
2758 -1.000000 5
2763 -1.000000 5
2768 -1.000000 5
2773 -1.000000 5
2778 -1.000000 5
2782 -1.000000 4
2787 -1.000000 5
2792 -1.000000 5
2797 -1.000000 5
2802 -1.000000 5
2807 -1.000000 5
2812 -1.000000 5
2817 -1.000000 5
2822 -1.000000 5
2826 -1.000000 4
2830 -1.000000 4
2835 -1.000000 5
2840 -1.000000 5
2845 -1.000000 5
2850 -1.000000 5
2855 -1.000000 5
2860 -1.000000 5
2864 -1.000000 4
2869 -1.000000 5
2874 -1.000000 5
2878 -1.000000 4
2883 -1.000000 5
2888 -1.000000 5
2893 -1.000000 5
2898 -1.000000 5
2903 -1.000000 5
2907 -1.000000 4
2912 -1.000000 5
2917 -1.000000 5
2921 -1.000000 4
2926 -1.000000 5
2930 -1.000000 4
2935 -1.000000 5
2940 -1.000000 5
2945 -1.000000 5
2949 -1.000000 4
2954 -1.000000 5
2958 -1.000000 4
2963 -1.000000 5
2968 -1.000000 5
2973 -1.000000 5
2978 -1.000000 5
2983 -1.000000 5
2988 -1.000000 5
2993 -1.000000 5
2998 -1.000000 5
3003 -1.000000 5
3008 -1.000000 5
3013 -1.000000 5
3018 -1.000000 5
3023 -1.000000 5
3028 -1.000000 5
3033 -1.000000 5
3037 -1.000000 4
3042 -1.000000 5
3047 -1.000000 5
3051 -1.000000 4
3056 -1.000000 5
3061 -1.000000 5
3065 -1.000000 4
3069 -1.000000 4
3073 -1.000000 4
3078 -1.000000 5
3083 -1.000000 5
3088 -1.000000 5
3093 -1.000000 5
3097 -1.000000 4
3102 -1.000000 5
3106 -1.000000 4
3111 -1.000000 5
3116 -1.000000 5
3121 -1.000000 5
3125 -1.000000 4
3130 -1.000000 5
3135 -1.000000 5
3139 -1.000000 4
3144 -1.000000 5
3149 -1.000000 5
3154 -1.000000 5
3158 -1.000000 4
3163 -1.000000 5
3168 -1.000000 5
3173 -1.000000 5
3178 -1.000000 5
3183 -1.000000 5
3188 -1.000000 5
3193 -1.000000 5
3197 -1.000000 4
3202 -1.000000 5
3207 -1.000000 5
3212 -1.000000 5
3217 -1.000000 5
3222 -1.000000 5
3227 -1.000000 5
3232 -1.000000 5
3237 -1.000000 5
3241 -1.000000 4
3245 -1.000000 4
3250 -1.000000 5
3255 -1.000000 5
3260 -1.000000 5
3265 -1.000000 5
3270 -1.000000 5
3275 -1.000000 5
3279 -1.000000 4
3284 -1.000000 5
3289 -1.000000 5
3294 -1.000000 5
3299 -1.000000 5
3304 -1.000000 5
3309 -1.000000 5
3314 -1.000000 5
3319 -1.000000 5
3323 -1.000000 4
3328 -1.000000 5
3333 -1.000000 5
3337 -1.000000 4
3342 -1.000000 5
3347 -1.000000 5
3352 -1.000000 5
3356 -1.000000 4
3361 -1.000000 5
3366 -1.000000 5
3371 -1.000000 5
3376 -1.000000 5
3381 -1.000000 5
3385 -1.000000 4
3390 -1.000000 5
3395 -1.000000 5
3400 -1.000000 5
3405 -1.000000 5
3410 -1.000000 5
3415 -1.000000 5
3420 -1.000000 5
3424 -1.000000 4
3429 -1.000000 5
3434 -1.000000 5
3439 -1.000000 5
3444 -1.000000 5
3449 -1.000000 5
3453 -1.000000 4
3457 -1.000000 4
3462 -1.000000 5
3467 -1.000000 5
3472 -1.000000 5
3477 -1.000000 5
3481 -1.000000 4
3486 -1.000000 5
3491 -1.000000 5
3496 -1.000000 5
3501 -1.000000 5
3505 -1.000000 4
3510 -1.000000 5
3515 -1.000000 5
3520 -1.000000 5
3525 -1.000000 5
3530 -1.000000 5
3535 -1.000000 5
3540 -1.000000 5
3545 -1.000000 5
3549 -1.000000 4
3554 -1.000000 5
3558 -1.000000 4
3563 -1.000000 5
3568 -1.000000 5
3573 -1.000000 5
3578 -1.000000 5
3583 -1.000000 5
3588 -1.000000 5
3593 -1.000000 5
3598 -1.000000 5
3602 -1.000000 4
3606 -1.000000 4
3611 -1.000000 5
3615 -1.000000 4
3619 -1.000000 4
3624 -1.000000 5
3628 -1.000000 4
3632 -1.000000 4
3637 -1.000000 5
3642 -1.000000 5
3646 -1.000000 4
3651 -1.000000 5
3655 -1.000000 4
3660 -1.000000 5
3665 -1.000000 5
3670 -1.000000 5
3674 -1.000000 4
3679 -1.000000 5
3684 -1.000000 5
3689 -1.000000 5
3694 -1.000000 5
3699 -1.000000 5
3704 -1.000000 5
3708 -1.000000 4
3713 -1.000000 5
3718 -1.000000 5
3722 -1.000000 4
3727 -1.000000 5
3732 -1.000000 5
3737 -1.000000 5
3742 -1.000000 5
3746 -1.000000 4
3751 -1.000000 5
3755 -1.000000 4
3760 -1.000000 5
3765 -1.000000 5
3770 -1.000000 5
3775 -1.000000 5
3780 -1.000000 5
3785 -1.000000 5
3790 -1.000000 5
3794 -1.000000 4
3799 -1.000000 5
3803 -1.000000 4
3808 -1.000000 5
3813 -1.000000 5
3818 -1.000000 5
3822 -1.000000 4
3827 -1.000000 5
3832 -1.000000 5
3837 -1.000000 5
3841 -1.000000 4
3846 -1.000000 5
3851 -1.000000 5
3856 -1.000000 5
3861 -1.000000 5
3866 -1.000000 5
3871 -1.000000 5
3876 -1.000000 5
3880 -1.000000 4
3885 -1.000000 5
3890 -1.000000 5
3895 -1.000000 5
3900 -1.000000 5
3905 -1.000000 5
3910 -1.000000 5
3915 -1.000000 5
3920 -1.000000 5
3925 -1.000000 5
3930 -1.000000 5
3935 -1.000000 5
3940 -1.000000 5
3945 -1.000000 5
3950 -1.000000 5
3955 -1.000000 5
3960 -1.000000 5
3965 -1.000000 5
3970 -1.000000 5
3975 -1.000000 5
3980 -1.000000 5
3984 -1.000000 4
3989 -1.000000 5
3994 -1.000000 5
3999 -1.000000 5
4004 -1.000000 5
4009 -1.000000 5
4014 -1.000000 5
4019 -1.000000 5
4024 -1.000000 5
4029 0.000000 5
4034 -1.000000 5
4039 -1.000000 5
4044 -1.000000 5
4049 -1.000000 5
4054 -1.000000 5
4059 -1.000000 5
4064 -1.000000 5
4068 -1.000000 4
4073 -1.000000 5
4078 -1.000000 5
4083 -1.000000 5
4088 -1.000000 5
4093 -1.000000 5
4098 -1.000000 5
4103 0.000000 5
4108 -1.000000 5
4113 -1.000000 5
4118 -1.000000 5
4123 -1.000000 5
4128 -1.000000 5
4133 -1.000000 5
4138 -1.000000 5
4143 -1.000000 5
4148 -1.000000 5
4153 -1.000000 5
4158 -1.000000 5
4162 -1.000000 4
4166 -1.000000 4
4170 -1.000000 4
4175 -1.000000 5
4180 -1.000000 5
4185 -1.000000 5
4190 -1.000000 5
4195 -1.000000 5
4200 -1.000000 5
4205 -1.000000 5
4209 -1.000000 4
4214 -1.000000 5
4219 -1.000000 5
4224 -1.000000 5
4228 -1.000000 4
4232 -1.000000 4
4237 -1.000000 5
4242 -1.000000 5
4247 -1.000000 5
4252 -1.000000 5
4256 -1.000000 4
4261 -1.000000 5
4266 -1.000000 5
4271 -1.000000 5
4276 -1.000000 5
4281 -1.000000 5
4286 -1.000000 5
4291 -1.000000 5
4295 -1.000000 4
4300 -1.000000 5
4305 -1.000000 5
4309 -1.000000 4
4313 -1.000000 4
4318 -1.000000 5
4323 -1.000000 5
4328 -1.000000 5
4333 -1.000000 5
4338 -1.000000 5
4343 -1.000000 5
4348 -1.000000 5
4353 -1.000000 5
4358 -1.000000 5
4363 -1.000000 5
4368 -1.000000 5
4373 -1.000000 5
4378 -1.000000 5
4383 -1.000000 5
4388 -1.000000 5
4393 -1.000000 5
4398 -1.000000 5
4402 -1.000000 4
4407 -1.000000 5
4412 -1.000000 5
4417 -1.000000 5
4422 -1.000000 5
4427 -1.000000 5
4431 -1.000000 4
4436 -1.000000 5
4441 -1.000000 5
4446 -1.000000 5
4451 -1.000000 5
4456 -1.000000 5
4460 -1.000000 4
4464 -1.000000 4
4469 -1.000000 5
4474 -1.000000 5
4478 -1.000000 4
4482 -1.000000 4
4487 -1.000000 5
4491 -1.000000 4
4496 -1.000000 5
4500 -1.000000 4
4505 -1.000000 5
4510 -1.000000 5
4515 -1.000000 5
4520 -1.000000 5
4525 -1.000000 5
4530 -1.000000 5
4535 -1.000000 5
4540 -1.000000 5
4544 -1.000000 4
4549 -1.000000 5
4554 -1.000000 5
4559 -1.000000 5
4564 -1.000000 5
4569 -1.000000 5
4574 -1.000000 5
4578 -1.000000 4
4583 -1.000000 5
4588 -1.000000 5
4593 -1.000000 5
4597 -1.000000 4
4602 -1.000000 5
4607 -1.000000 5
4612 -1.000000 5
4617 -1.000000 5
4622 -1.000000 5
4627 -1.000000 5
4631 -1.000000 4
4636 -1.000000 5
4641 -1.000000 5
4646 -1.000000 5
4650 -1.000000 4
4654 -1.000000 4
4658 -1.000000 4
4663 -1.000000 5
4668 -1.000000 5
4673 -1.000000 5
4678 -1.000000 5
4683 -1.000000 5
4688 -1.000000 5
4693 -1.000000 5
4698 -1.000000 5
4703 -1.000000 5
4708 -1.000000 5
4713 -1.000000 5
4717 -1.000000 4
4721 -1.000000 4
4726 -1.000000 5
4731 -1.000000 5
4736 -1.000000 5
4741 -1.000000 5
4745 -1.000000 4
4750 -1.000000 5
4755 -1.000000 5
4760 -1.000000 5
4765 -1.000000 5
4770 -1.000000 5
4775 -1.000000 5
4780 -1.000000 5
4785 -1.000000 5
4790 -1.000000 5
4795 -1.000000 5
4799 -1.000000 4
4804 -1.000000 5
4808 -1.000000 4
4813 -1.000000 5
4818 -1.000000 5
4823 -1.000000 5
4828 -1.000000 5
4833 -1.000000 5
4838 -1.000000 5
4843 -1.000000 5
4848 -1.000000 5
4853 -1.000000 5
4858 -1.000000 5
4863 -1.000000 5
4868 -1.000000 5
4873 -1.000000 5
4878 -1.000000 5
4883 -1.000000 5
4888 -1.000000 5
4893 -1.000000 5
4897 -1.000000 4
4902 -1.000000 5
4907 -1.000000 5
4912 -1.000000 5
4917 -1.000000 5
4922 -1.000000 5
4927 -1.000000 5
4932 -1.000000 5
4937 -1.000000 5
4942 -1.000000 5
4946 -1.000000 4
4951 -1.000000 5
4956 -1.000000 5
4960 -1.000000 4
4965 -1.000000 5
4970 -1.000000 5
4975 -1.000000 5
4980 -1.000000 5
4984 -1.000000 4
4989 -1.000000 5
4994 -1.000000 5
4999 -1.000000 5
5004 -1.000000 5
5009 -1.000000 5
5013 -1.000000 4
5018 -1.000000 5
