3 1.000000 3
6 1.000000 3
10 1.000000 4
13 1.000000 3
18 1.000000 5
23 1.000000 5
28 1.000000 5
33 0.000000 5
37 -1.000000 4
40 1.000000 3
44 -1.000000 4
48 -1.000000 4
53 1.000000 5
57 1.000000 4
61 1.000000 4
64 1.000000 3
69 0.000000 5
72 1.000000 3
76 -1.000000 4
80 1.000000 4
84 1.000000 4
87 -1.000000 3
90 -1.000000 3
95 1.000000 5
98 1.000000 3
103 0.000000 5
108 1.000000 5
112 1.000000 4
116 1.000000 4
120 1.000000 4
124 1.000000 4
128 1.000000 4
133 1.000000 5
137 1.000000 4
141 1.000000 4
145 1.000000 4
149 -1.000000 4
152 -1.000000 3
155 -1.000000 3
160 1.000000 5
164 1.000000 4
169 1.000000 5
174 0.000000 5
178 1.000000 4
181 1.000000 3
185 1.000000 4
189 -1.000000 4
192 1.000000 3
195 1.000000 3
198 1.000000 3
202 -1.000000 4
206 1.000000 4
210 -1.000000 4
214 -1.000000 4
218 -1.000000 4
222 1.000000 4
227 1.000000 5
232 1.000000 5
237 1.000000 5
241 -1.000000 4
244 1.000000 3
249 1.000000 5
253 -1.000000 4
258 0.000000 5
262 1.000000 4
266 -1.000000 4
269 1.000000 3
273 -1.000000 4
278 1.000000 5
282 1.000000 4
287 1.000000 5
291 -1.000000 4
294 1.000000 3
298 -1.000000 4
303 1.000000 5
308 1.000000 5
313 0.000000 5
317 -1.000000 4
320 1.000000 3
325 1.000000 5
330 1.000000 5
333 -1.000000 3
337 1.000000 4
342 1.000000 5
346 1.000000 4
351 0.000000 5
356 1.000000 5
361 1.000000 5
366 1.000000 5
370 1.000000 4
375 0.000000 5
379 1.000000 4
384 0.000000 5
388 1.000000 4
392 -1.000000 4
396 -1.000000 4
400 -1.000000 4
404 -1.000000 4
408 1.000000 4
411 1.000000 3
416 0.000000 5
421 1.000000 5
424 -1.000000 3
429 0.000000 5
434 1.000000 5
439 1.000000 5
442 1.000000 3
447 1.000000 5
452 1.000000 5
456 1.000000 4
460 1.000000 4
465 1.000000 5
470 0.000000 5
474 1.000000 4
478 1.000000 4
483 1.000000 5
487 1.000000 4
491 -1.000000 4
494 -1.000000 3
498 -1.000000 4
502 1.000000 4
507 1.000000 5
511 1.000000 4
516 0.000000 5
520 1.000000 4
524 -1.000000 4
528 -1.000000 4
533 1.000000 5
537 -1.000000 4
542 0.000000 5
545 1.000000 3
549 1.000000 4
552 1.000000 3
557 1.000000 5
561 -1.000000 4
565 1.000000 4
568 -1.000000 3
571 1.000000 3
575 1.000000 4
578 -1.000000 3
582 1.000000 4
586 -1.000000 4
590 -1.000000 4
595 1.000000 5
600 1.000000 5
605 0.000000 5
610 0.000000 5
614 1.000000 4
619 1.000000 5
624 1.000000 5
629 1.000000 5
632 -1.000000 3
636 1.000000 4
641 1.000000 5
646 1.000000 5
649 1.000000 3
654 1.000000 5
659 1.000000 5
663 1.000000 4
668 1.000000 5
671 1.000000 3
674 1.000000 3
678 -1.000000 4
682 1.000000 4
687 1.000000 5
692 0.000000 5
696 1.000000 4
701 0.000000 5
705 1.000000 4
709 -1.000000 4
714 0.000000 5
718 1.000000 4
722 1.000000 4
726 -1.000000 4
731 0.000000 5
735 1.000000 4
739 -1.000000 4
743 1.000000 4
748 1.000000 5
751 -1.000000 3
754 -1.000000 3
759 1.000000 5
763 1.000000 4
767 1.000000 4
772 0.000000 5
775 1.000000 3
779 1.000000 4
784 1.000000 5
789 1.000000 5
794 0.000000 5
797 -1.000000 3
802 1.000000 5
807 1.000000 5
811 -1.000000 4
815 1.000000 4
820 1.000000 5
824 1.000000 4
828 -1.000000 4
832 -1.000000 4
837 1.000000 5
842 0.000000 5
846 1.000000 4
850 -1.000000 4
854 -1.000000 4
858 -1.000000 4
863 1.000000 5
867 1.000000 4
871 1.000000 4
874 -1.000000 3
878 -1.000000 4
882 -1.000000 4
886 -1.000000 4
890 -1.000000 4
894 1.000000 4
898 -1.000000 4
902 1.000000 4
906 -1.000000 4
911 1.000000 5
914 1.000000 3
918 1.000000 4
923 0.000000 5
928 1.000000 5
931 1.000000 3
936 0.000000 5
940 -1.000000 4
945 1.000000 5
949 1.000000 4
954 0.000000 5
959 1.000000 5
963 1.000000 4
967 1.000000 4
971 -1.000000 4
976 1.000000 5
979 1.000000 3
984 0.000000 5
989 1.000000 5
993 1.000000 4
997 -1.000000 4
1001 1.000000 4
1005 -1.000000 4
1009 1.000000 4
1014 1.000000 5
1018 -1.000000 4
1022 1.000000 4
1027 1.000000 5
1030 -1.000000 3
1035 1.000000 5
1039 1.000000 4
1042 1.000000 3
1046 -1.000000 4
1050 -1.000000 4
1053 -1.000000 3
1057 1.000000 4
1061 1.000000 4
1065 1.000000 4
1069 -1.000000 4
1073 1.000000 4
1076 -1.000000 3
1080 1.000000 4
1085 1.000000 5
1088 1.000000 3
1091 -1.000000 3
1096 1.000000 5
1101 1.000000 5
1104 -1.000000 3
1109 1.000000 5
1112 1.000000 3
1116 1.000000 4
1121 0.000000 5
1126 1.000000 5
1129 1.000000 3
1132 1.000000 3
1135 1.000000 3
1140 1.000000 5
1143 1.000000 3
1147 -1.000000 4
1151 1.000000 4
1156 0.000000 5
1160 -1.000000 4
1164 -1.000000 4
1168 1.000000 4
1172 -1.000000 4
1176 1.000000 4
1180 1.000000 4
1183 1.000000 3
1187 1.000000 4
1191 1.000000 4
1195 -1.000000 4
1200 1.000000 5
1204 -1.000000 4
1209 1.000000 5
1213 -1.000000 4
1218 1.000000 5
1222 -1.000000 4
1227 1.000000 5
1231 1.000000 4
1236 0.000000 5
1241 0.000000 5
1245 1.000000 4
1250 1.000000 5
1253 1.000000 3
1257 1.000000 4
1261 1.000000 4
1264 -1.000000 3
1269 1.000000 5
1274 1.000000 5
1278 1.000000 4
1282 1.000000 4
1285 -1.000000 3
1289 1.000000 4
1293 -1.000000 4
1298 1.000000 5
1303 1.000000 5
1308 0.000000 5
1312 1.000000 4
1316 1.000000 4
1320 -1.000000 4
1325 1.000000 5
1329 -1.000000 4
1334 1.000000 5
1339 1.000000 5
1344 1.000000 5
1347 -1.000000 3
1352 1.000000 5
1356 1.000000 4
1359 -1.000000 3
1364 1.000000 5
1369 1.000000 5
1374 1.000000 5
1378 -1.000000 4
1383 1.000000 5
1386 1.000000 3
1391 1.000000 5
1395 1.000000 4
1399 -1.000000 4
1403 1.000000 4
1406 1.000000 3
1410 -1.000000 4
1414 -1.000000 4
1419 0.000000 5
1424 1.000000 5
1429 1.000000 5
1433 -1.000000 4
1437 1.000000 4
1442 1.000000 5
1446 1.000000 4
1451 0.000000 5
1454 1.000000 3
1458 -1.000000 4
1463 0.000000 5
1466 1.000000 3
1471 1.000000 5
1475 1.000000 4
1480 1.000000 5
1483 -1.000000 3
1487 1.000000 4
1491 -1.000000 4
1496 1.000000 5
1501 0.000000 5
1504 -1.000000 3
1508 1.000000 4
1512 -1.000000 4
1516 -1.000000 4
1520 1.000000 4
1525 1.000000 5
1530 1.000000 5
1534 -1.000000 4
1538 1.000000 4
1541 -1.000000 3
1545 -1.000000 4
1550 0.000000 5
1554 -1.000000 4
1557 -1.000000 3
1561 -1.000000 4
1564 -1.000000 3
1569 0.000000 5
1573 1.000000 4
1578 0.000000 5
1583 1.000000 5
1588 0.000000 5
1591 1.000000 3
1595 -1.000000 4
1599 1.000000 4
1603 -1.000000 4
1606 1.000000 3
1610 1.000000 4
1615 1.000000 5
1620 0.000000 5
1625 1.000000 5
1630 0.000000 5
1634 -1.000000 4
1638 -1.000000 4
1643 1.000000 5
1647 1.000000 4
1652 1.000000 5
1657 0.000000 5
1661 -1.000000 4
1664 1.000000 3
1669 1.000000 5
1672 1.000000 3
1676 1.000000 4
1681 1.000000 5
1685 1.000000 4
1689 1.000000 4
1692 -1.000000 3
1697 1.000000 5
1701 1.000000 4
1705 1.000000 4
1710 0.000000 5
1713 1.000000 3
1717 1.000000 4
1721 -1.000000 4
1725 1.000000 4
1730 1.000000 5
1735 0.000000 5
1739 -1.000000 4
1742 1.000000 3
1746 -1.000000 4
1750 1.000000 4
1755 0.000000 5
1760 1.000000 5
1763 1.000000 3
1768 0.000000 5
1772 1.000000 4
1777 1.000000 5
1781 -1.000000 4
1785 -1.000000 4
1789 1.000000 4
1794 1.000000 5
1798 1.000000 4
1803 0.000000 5
1808 0.000000 5
1812 1.000000 4
1816 -1.000000 4
1819 1.000000 3
1822 1.000000 3
1827 0.000000 5
1832 1.000000 5
1837 0.000000 5
1842 1.000000 5
1846 1.000000 4
1850 -1.000000 4
1855 1.000000 5
1858 1.000000 3
1863 1.000000 5
1866 -1.000000 3
1870 1.000000 4
1873 -1.000000 3
1877 1.000000 4
1881 -1.000000 4
1886 1.000000 5
1890 1.000000 4
1894 1.000000 4
1898 -1.000000 4
1901 -1.000000 3
1906 0.000000 5
1911 0.000000 5
1916 1.000000 5
1921 1.000000 5
1925 -1.000000 4
1930 1.000000 5
1934 -1.000000 4
1938 1.000000 4
1942 1.000000 4
1945 -1.000000 3
1949 -1.000000 4
1953 1.000000 4
1956 1.000000 3
1961 0.000000 5
1965 1.000000 4
1968 1.000000 3
1973 1.000000 5
1978 1.000000 5
1982 1.000000 4
1986 -1.000000 4
1991 1.000000 5
1995 1.000000 4
1999 1.000000 4
2004 1.000000 5
2008 -1.000000 4
2012 1.000000 4
2016 -1.000000 4
2021 1.000000 5
2026 1.000000 5
2031 1.000000 5
2035 1.000000 4
2040 0.000000 5
2045 1.000000 5
2050 0.000000 5
2055 1.000000 5
2059 1.000000 4
2062 -1.000000 3
2066 -1.000000 4
2070 1.000000 4
2075 0.000000 5
2079 -1.000000 4
2084 1.000000 5
2089 1.000000 5
2094 0.000000 5
2099 1.000000 5
2104 1.000000 5
2108 -1.000000 4
2112 1.000000 4
2116 1.000000 4
2120 1.000000 4
2125 1.000000 5
2130 1.000000 5
2134 -1.000000 4
2137 1.000000 3
2142 1.000000 5
2146 1.000000 4
2150 1.000000 4
2155 1.000000 5
2159 -1.000000 4
2164 1.000000 5
2167 1.000000 3
2171 1.000000 4
2174 1.000000 3
2178 1.000000 4
2182 1.000000 4
2187 1.000000 5
2191 1.000000 4
2194 -1.000000 3
2198 -1.000000 4
2203 0.000000 5
2208 0.000000 5
2211 -1.000000 3
2216 1.000000 5
2220 -1.000000 4
2224 1.000000 4
2228 -1.000000 4
2231 1.000000 3
2236 1.000000 5
2241 0.000000 5
2245 1.000000 4
2249 1.000000 4
2254 1.000000 5
2259 1.000000 5
2263 -1.000000 4
2268 0.000000 5
2272 -1.000000 4
2276 -1.000000 4
2281 0.000000 5
2286 1.000000 5
2290 -1.000000 4
2295 1.000000 5
2299 -1.000000 4
2304 0.000000 5
2308 1.000000 4
2312 1.000000 4
2317 1.000000 5
2322 1.000000 5
2327 0.000000 5
2331 -1.000000 4
2336 1.000000 5
2341 1.000000 5
2346 1.000000 5
2350 1.000000 4
2353 -1.000000 3
2357 -1.000000 4
2360 1.000000 3
2365 1.000000 5
2370 0.000000 5
2373 -1.000000 3
2378 0.000000 5
2382 -1.000000 4
2386 -1.000000 4
2391 1.000000 5
2395 -1.000000 4
2399 1.000000 4
2402 -1.000000 3
2406 -1.000000 4
2410 1.000000 4
2415 1.000000 5
2418 1.000000 3
2421 1.000000 3
2425 1.000000 4
2429 1.000000 4
2433 1.000000 4
2438 1.000000 5
2443 0.000000 5
2448 1.000000 5
2453 1.000000 5
2457 1.000000 4
2460 -1.000000 3
2465 1.000000 5
2469 1.000000 4
2474 1.000000 5
2477 -1.000000 3
2480 -1.000000 3
2483 1.000000 3
2487 -1.000000 4
2491 1.000000 4
2495 1.000000 4
2498 1.000000 3
2502 1.000000 4
2506 -1.000000 4
2509 -1.000000 3
2513 -1.000000 4
2518 1.000000 5
2523 1.000000 5
2526 1.000000 3
2530 -1.000000 4
2534 1.000000 4
2539 1.000000 5
2544 1.000000 5
2547 1.000000 3
2551 -1.000000 4
2555 1.000000 4
2559 1.000000 4
2562 -1.000000 3
2566 1.000000 4
2571 1.000000 5
2576 1.000000 5
2580 1.000000 4
2583 -1.000000 3
2586 1.000000 3
2591 1.000000 5
2594 -1.000000 3
2599 0.000000 5
2603 -1.000000 4
2608 1.000000 5
2612 1.000000 4
2616 -1.000000 4
2619 -1.000000 3
2622 1.000000 3
2627 1.000000 5
2631 -1.000000 4
2636 0.000000 5
2640 1.000000 4
2644 1.000000 4
2649 0.000000 5
2653 1.000000 4
2656 1.000000 3
2659 1.000000 3
2663 1.000000 4
2667 1.000000 4
2671 -1.000000 4
2675 1.000000 4
2678 1.000000 3
2682 1.000000 4
2686 -1.000000 4
2689 -1.000000 3
2694 1.000000 5
2699 1.000000 5
2704 0.000000 5
2708 -1.000000 4
2712 1.000000 4
2717 1.000000 5
2721 -1.000000 4
2725 1.000000 4
2728 -1.000000 3
2732 -1.000000 4
2737 1.000000 5
2740 -1.000000 3
2744 1.000000 4
2749 1.000000 5
2753 1.000000 4
2758 1.000000 5
2761 -1.000000 3
2765 1.000000 4
2769 1.000000 4
2774 1.000000 5
2778 -1.000000 4
2782 -1.000000 4
2785 1.000000 3
2789 1.000000 4
2794 1.000000 5
2799 0.000000 5
2803 -1.000000 4
2808 0.000000 5
2811 1.000000 3
2815 1.000000 4
2819 1.000000 4
2823 1.000000 4
2826 -1.000000 3
2830 1.000000 4
2835 0.000000 5
2838 -1.000000 3
2842 -1.000000 4
2847 1.000000 5
2851 1.000000 4
2855 -1.000000 4
2858 1.000000 3
2863 0.000000 5
2867 -1.000000 4
2872 1.000000 5
2876 -1.000000 4
2881 1.000000 5
2885 1.000000 4
2889 -1.000000 4
2892 1.000000 3
2897 0.000000 5
2901 1.000000 4
2904 1.000000 3
2909 0.000000 5
2912 -1.000000 3
2916 1.000000 4
2919 1.000000 3
2924 0.000000 5
2928 -1.000000 4
2932 1.000000 4
2937 1.000000 5
2942 1.000000 5
2946 1.000000 4
2951 1.000000 5
2954 -1.000000 3
2957 -1.000000 3
2961 -1.000000 4
2964 -1.000000 3
2968 1.000000 4
2972 -1.000000 4
2976 -1.000000 4
2981 1.000000 5
2985 -1.000000 4
2988 1.000000 3
2991 -1.000000 3
2995 1.000000 4
2999 -1.000000 4
3004 1.000000 5
3008 1.000000 4
3012 -1.000000 4
3017 0.000000 5
3021 -1.000000 4
3025 -1.000000 4
3029 1.000000 4
3033 1.000000 4
3037 -1.000000 4
3040 -1.000000 3
3045 0.000000 5
3049 -1.000000 4
3053 1.000000 4
3056 1.000000 3
3060 1.000000 4
3064 -1.000000 4
3068 -1.000000 4
3073 0.000000 5
3078 0.000000 5
3083 1.000000 5
3088 0.000000 5
3091 1.000000 3
3095 -1.000000 4
3099 1.000000 4
3103 -1.000000 4
3106 -1.000000 3
3110 1.000000 4
3114 1.000000 4
3118 1.000000 4
3122 -1.000000 4
3125 -1.000000 3
3129 -1.000000 4
3134 1.000000 5
3138 1.000000 4
3142 -1.000000 4
3146 -1.000000 4
3150 1.000000 4
3155 1.000000 5
3159 1.000000 4
3163 -1.000000 4
3168 1.000000 5
3172 -1.000000 4
3176 1.000000 4
3180 1.000000 4
3183 -1.000000 3
3187 1.000000 4
3191 -1.000000 4
3196 1.000000 5
3201 1.000000 5
3206 0.000000 5
3211 0.000000 5
3215 1.000000 4
3219 1.000000 4
3223 -1.000000 4
3226 -1.000000 3
3230 -1.000000 4
3235 1.000000 5
3239 1.000000 4
3244 1.000000 5
3247 -1.000000 3
3251 1.000000 4
3255 1.000000 4
3258 1.000000 3
3263 0.000000 5
3267 1.000000 4
3272 1.000000 5
3277 0.000000 5
3281 1.000000 4
3286 0.000000 5
3289 -1.000000 3
3294 0.000000 5
3299 1.000000 5
3302 -1.000000 3
3305 -1.000000 3
3309 1.000000 4
3314 1.000000 5
3319 0.000000 5
3323 -1.000000 4
3326 1.000000 3
3331 1.000000 5
3335 1.000000 4
3340 0.000000 5
3345 0.000000 5
3348 1.000000 3
3352 -1.000000 4
3355 1.000000 3
3359 1.000000 4
3364 0.000000 5
3367 1.000000 3
3372 1.000000 5
3377 1.000000 5
3382 0.000000 5
3387 0.000000 5
3391 1.000000 4
3395 1.000000 4
3399 1.000000 4
3403 1.000000 4
3408 0.000000 5
3412 -1.000000 4
3416 1.000000 4
3419 1.000000 3
3424 0.000000 5
3428 -1.000000 4
3432 1.000000 4
3437 0.000000 5
3441 1.000000 4
3444 -1.000000 3
3448 -1.000000 4
3453 1.000000 5
3457 1.000000 4
3461 1.000000 4
3465 1.000000 4
3468 1.000000 3
3472 1.000000 4
3476 1.000000 4
3480 -1.000000 4
3484 -1.000000 4
3488 1.000000 4
3493 0.000000 5
3497 -1.000000 4
3500 -1.000000 3
3505 0.000000 5
3509 1.000000 4
3513 1.000000 4
3518 1.000000 5
3521 -1.000000 3
3526 0.000000 5
3530 1.000000 4
3535 0.000000 5
3539 -1.000000 4
3544 1.000000 5
3548 -1.000000 4
3551 -1.000000 3
3556 1.000000 5
3560 1.000000 4
3565 1.000000 5
3569 1.000000 4
3573 1.000000 4
3577 -1.000000 4
3582 1.000000 5
3586 1.000000 4
3589 1.000000 3
3594 1.000000 5
3599 1.000000 5
3602 -1.000000 3
3607 0.000000 5
3612 1.000000 5
3615 -1.000000 3
3618 -1.000000 3
3623 1.000000 5
3626 -1.000000 3
3630 -1.000000 4
3633 1.000000 3
3637 1.000000 4
3642 1.000000 5
3646 -1.000000 4
3651 1.000000 5
3656 1.000000 5
3659 1.000000 3
3662 1.000000 3
3666 -1.000000 4
3669 1.000000 3
3673 1.000000 4
3677 -1.000000 4
3682 1.000000 5
3687 1.000000 5
3691 -1.000000 4
3696 1.000000 5
3701 0.000000 5
3705 1.000000 4
3710 1.000000 5
3715 1.000000 5
3719 1.000000 4
3722 1.000000 3
3727 1.000000 5
3730 1.000000 3
3735 1.000000 5
3740 0.000000 5
3744 -1.000000 4
3749 1.000000 5
3753 -1.000000 4
3757 1.000000 4
3760 1.000000 3
3765 1.000000 5
3769 -1.000000 4
3774 1.000000 5
3777 -1.000000 3
3782 1.000000 5
3786 -1.000000 4
3791 0.000000 5
3796 0.000000 5
3801 1.000000 5
3805 -1.000000 4
3808 -1.000000 3
3813 1.000000 5
3816 -1.000000 3
3819 -1.000000 3
3822 1.000000 3
3827 0.000000 5
3832 1.000000 5
3836 1.000000 4
3841 0.000000 5
3846 1.000000 5
3850 -1.000000 4
3855 1.000000 5
3859 1.000000 4
3864 1.000000 5
3868 -1.000000 4
3871 1.000000 3
3875 -1.000000 4
3880 1.000000 5
3885 1.000000 5
3890 1.000000 5
3895 0.000000 5
3899 -1.000000 4
3903 1.000000 4
3907 -1.000000 4
3911 -1.000000 4
3915 -1.000000 4
3920 1.000000 5
3923 -1.000000 3
3927 1.000000 4
3932 0.000000 5
3936 1.000000 4
3940 -1.000000 4
3945 1.000000 5
3949 1.000000 4
3953 1.000000 4
3958 1.000000 5
3962 1.000000 4
3965 1.000000 3
3968 -1.000000 3
3972 -1.000000 4
3976 1.000000 4
3979 -1.000000 3
3982 1.000000 3
3985 1.000000 3
3990 1.000000 5
3995 0.000000 5
3999 1.000000 4
4004 1.000000 5
4008 1.000000 4
4012 1.000000 4
4016 1.000000 4
4021 1.000000 5
4025 1.000000 4
4028 1.000000 3
4033 1.000000 5
4038 1.000000 5
4043 1.000000 5
4047 1.000000 4
4051 -1.000000 4
4055 1.000000 4
4058 -1.000000 3
4061 1.000000 3
4066 1.000000 5
4069 1.000000 3
4073 1.000000 4
4076 1.000000 3
4081 1.000000 5
4086 0.000000 5
4090 -1.000000 4
4094 1.000000 4
4098 1.000000 4
4102 -1.000000 4
4105 1.000000 3
4110 1.000000 5
4115 1.000000 5
4120 0.000000 5
4124 1.000000 4
4128 -1.000000 4
4131 1.000000 3
4135 1.000000 4
4140 1.000000 5
4143 1.000000 3
4148 1.000000 5
4152 1.000000 4
4157 1.000000 5
4161 1.000000 4
4165 1.000000 4
4170 1.000000 5
4174 -1.000000 4
4178 1.000000 4
4183 1.000000 5
4186 1.000000 3
4189 1.000000 3
4193 -1.000000 4
4196 -1.000000 3
4200 1.000000 4
4204 -1.000000 4
4209 1.000000 5
4214 1.000000 5
4219 0.000000 5
4224 0.000000 5
4228 -1.000000 4
4231 1.000000 3
4235 1.000000 4
4239 -1.000000 4
4243 -1.000000 4
4247 1.000000 4
4251 -1.000000 4
4255 -1.000000 4
4259 1.000000 4
4263 1.000000 4
4268 1.000000 5
4272 -1.000000 4
4275 1.000000 3
4279 1.000000 4
4282 1.000000 3
4286 -1.000000 4
4289 -1.000000 3
4294 1.000000 5
4298 1.000000 4
4301 -1.000000 3
4305 1.000000 4
4310 0.000000 5
4314 1.000000 4
4317 1.000000 3
4322 1.000000 5
4326 1.000000 4
4330 -1.000000 4
4333 -1.000000 3
4338 0.000000 5
4341 1.000000 3
4346 0.000000 5
4350 -1.000000 4
4354 -1.000000 4
4359 0.000000 5
4363 -1.000000 4
4367 -1.000000 4
4371 -1.000000 4
4375 -1.000000 4
4380 1.000000 5
4383 -1.000000 3
4388 1.000000 5
4393 0.000000 5
4397 1.000000 4
4401 -1.000000 4
4405 1.000000 4
4410 1.000000 5
4414 -1.000000 4
4418 1.000000 4
4423 1.000000 5
4428 1.000000 5
4432 1.000000 4
4437 0.000000 5
4441 -1.000000 4
4446 1.000000 5
4449 1.000000 3
4454 0.000000 5
4459 1.000000 5
4463 -1.000000 4
4466 1.000000 3
4470 -1.000000 4
4475 1.000000 5
4480 1.000000 5
4484 1.000000 4
4489 1.000000 5
4493 1.000000 4
4497 1.000000 4
4501 -1.000000 4
4504 1.000000 3
4507 1.000000 3
4511 1.000000 4
4515 1.000000 4
4520 0.000000 5
4525 1.000000 5
4529 1.000000 4
4533 1.000000 4
4538 0.000000 5
4542 1.000000 4
4547 1.000000 5
4550 1.000000 3
4555 0.000000 5
4559 -1.000000 4
4562 -1.000000 3
4566 -1.000000 4
4570 1.000000 4
4573 1.000000 3
4577 1.000000 4
4581 1.000000 4
4584 -1.000000 3
4587 1.000000 3
4591 1.000000 4
4594 -1.000000 3
4599 1.000000 5
4604 1.000000 5
4608 1.000000 4
4612 -1.000000 4
4615 -1.000000 3
4620 1.000000 5
4625 1.000000 5
4629 -1.000000 4
4632 1.000000 3
4636 -1.000000 4
4640 1.000000 4
4645 1.000000 5
4649 1.000000 4
4654 1.000000 5
4658 1.000000 4
4663 1.000000 5
4667 1.000000 4
4672 1.000000 5
4677 0.000000 5
4681 1.000000 4
4685 -1.000000 4
4688 1.000000 3
4692 -1.000000 4
4697 0.000000 5
4701 -1.000000 4
4705 -1.000000 4
4710 1.000000 5
4715 0.000000 5
4718 1.000000 3
4721 1.000000 3
4725 1.000000 4
4729 1.000000 4
4733 1.000000 4
4737 1.000000 4
4742 1.000000 5
4745 -1.000000 3
4749 1.000000 4
4752 1.000000 3
4756 -1.000000 4
4759 1.000000 3
4764 0.000000 5
4768 1.000000 4
4773 1.000000 5
4778 1.000000 5
4781 1.000000 3
4785 -1.000000 4
4789 -1.000000 4
4793 -1.000000 4
4798 1.000000 5
4803 0.000000 5
4807 1.000000 4
4811 1.000000 4
4814 1.000000 3
4818 1.000000 4
4822 -1.000000 4
4827 0.000000 5
4831 1.000000 4
4834 1.000000 3
4838 1.000000 4
4843 0.000000 5
4846 -1.000000 3
4849 1.000000 3
4853 -1.000000 4
4856 1.000000 3
4861 1.000000 5
4866 1.000000 5
4870 -1.000000 4
4875 0.000000 5
4879 1.000000 4
4884 0.000000 5
4888 -1.000000 4
4893 1.000000 5
4897 1.000000 4
4900 1.000000 3
4905 0.000000 5
4908 1.000000 3
4912 1.000000 4
4915 1.000000 3
4918 -1.000000 3
4923 1.000000 5
4928 0.000000 5
4932 1.000000 4
4935 1.000000 3
4939 -1.000000 4
4942 -1.000000 3
4945 -1.000000 3
4949 1.000000 4
4952 -1.000000 3
4957 1.000000 5
4962 1.000000 5
4966 1.000000 4
4970 -1.000000 4
4975 1.000000 5
4979 1.000000 4
4984 1.000000 5
4987 -1.000000 3
4990 1.000000 3
4994 -1.000000 4
4997 -1.000000 3
5002 1.000000 5
5006 -1.000000 4
5011 0.000000 5
5015 1.000000 4
5019 -1.000000 4
5023 -1.000000 4
5026 -1.000000 3
5031 0.000000 5
5034 1.000000 3
5039 0.000000 5
5044 1.000000 5
5047 1.000000 3
5050 -1.000000 3
5055 1.000000 5
5059 -1.000000 4
5063 1.000000 4
5067 -1.000000 4
5072 1.000000 5
5076 1.000000 4
5081 1.000000 5
5085 1.000000 4
5088 1.000000 3
5093 1.000000 5
5097 -1.000000 4
5100 -1.000000 3
5105 1.000000 5
5110 1.000000 5
5114 -1.000000 4
5118 -1.000000 4
5123 1.000000 5
5126 -1.000000 3
5130 1.000000 4
5135 1.000000 5
5138 1.000000 3
5141 1.000000 3
5145 -1.000000 4
5149 -1.000000 4
5154 1.000000 5
5157 1.000000 3
5161 -1.000000 4
5165 -1.000000 4
5169 1.000000 4
5174 1.000000 5
5178 -1.000000 4
5182 -1.000000 4
5186 -1.000000 4
5191 0.000000 5
5195 1.000000 4
5198 1.000000 3
5201 -1.000000 3
5206 1.000000 5
5211 0.000000 5
5215 1.000000 4
5220 1.000000 5
5225 1.000000 5
5229 1.000000 4
5234 0.000000 5
5238 -1.000000 4
5242 -1.000000 4
5246 -1.000000 4
5250 1.000000 4
5253 1.000000 3
5258 1.000000 5
5263 1.000000 5
5268 1.000000 5
5272 1.000000 4
5275 -1.000000 3
5279 1.000000 4
5284 1.000000 5
5287 1.000000 3
5290 -1.000000 3
5294 1.000000 4
5298 -1.000000 4
5302 1.000000 4
5305 -1.000000 3
5309 1.000000 4
5312 1.000000 3
5316 1.000000 4
5320 -1.000000 4
5323 1.000000 3
5328 1.000000 5
5331 -1.000000 3
5334 -1.000000 3
5338 1.000000 4
5342 1.000000 4
5346 1.000000 4
5351 1.000000 5
5356 1.000000 5
5361 0.000000 5
5365 1.000000 4
5369 -1.000000 4
5373 1.000000 4
5377 -1.000000 4
5381 1.000000 4
5385 1.000000 4
5390 0.000000 5
5395 1.000000 5
5400 0.000000 5
5404 1.000000 4
5409 1.000000 5
5414 0.000000 5
5418 1.000000 4
5422 1.000000 4
5426 -1.000000 4
5430 -1.000000 4
5433 1.000000 3
5437 1.000000 4
5441 1.000000 4
5446 1.000000 5
5450 -1.000000 4
5454 1.000000 4
5459 1.000000 5
5463 1.000000 4
5468 1.000000 5
5473 1.000000 5
5476 1.000000 3
5481 1.000000 5
5486 0.000000 5
5491 0.000000 5
5494 1.000000 3
5498 1.000000 4
5502 -1.000000 4
5506 -1.000000 4
5509 -1.000000 3
5513 1.000000 4
5517 1.000000 4
5521 -1.000000 4
5525 -1.000000 4
5529 1.000000 4
5533 -1.000000 4
5537 -1.000000 4
5542 1.000000 5
5546 1.000000 4
5549 1.000000 3
5553 -1.000000 4
5557 -1.000000 4
5562 1.000000 5
5566 1.000000 4
5569 1.000000 3
5574 1.000000 5
5577 1.000000 3
5581 1.000000 4
5585 -1.000000 4
5590 1.000000 5
5593 1.000000 3
5597 -1.000000 4
5602 0.000000 5
5605 -1.000000 3
5609 1.000000 4
5613 -1.000000 4
5617 1.000000 4
5622 1.000000 5
5626 1.000000 4
5630 1.000000 4
5634 -1.000000 4
5638 -1.000000 4
5643 1.000000 5
5648 1.000000 5
5653 0.000000 5
5657 -1.000000 4
5660 1.000000 3
5665 0.000000 5
5670 0.000000 5
5675 1.000000 5
5679 -1.000000 4
5683 1.000000 4
5688 1.000000 5
5693 1.000000 5
5696 1.000000 3
5701 0.000000 5
5705 1.000000 4
5709 1.000000 4
5713 1.000000 4
5718 1.000000 5
5721 1.000000 3
5725 1.000000 4
5728 -1.000000 3
5733 1.000000 5
5737 1.000000 4
5740 -1.000000 3
5745 1.000000 5
5750 1.000000 5
5754 -1.000000 4
5757 -1.000000 3
5760 1.000000 3
5765 0.000000 5
5769 -1.000000 4
5773 1.000000 4
5777 1.000000 4
5780 1.000000 3
5785 1.000000 5
5790 1.000000 5
5793 1.000000 3
5798 0.000000 5
5802 -1.000000 4
5807 0.000000 5
5811 -1.000000 4
5815 1.000000 4
5819 1.000000 4
5822 -1.000000 3
5827 0.000000 5
5831 1.000000 4
5835 -1.000000 4
5840 0.000000 5
5845 0.000000 5
5849 1.000000 4
5854 1.000000 5
5859 1.000000 5
5862 -1.000000 3
5867 0.000000 5
5870 1.000000 3
5874 1.000000 4
5878 -1.000000 4
5883 1.000000 5
5887 1.000000 4
5891 1.000000 4
5896 0.000000 5
5901 1.000000 5
5905 1.000000 4
5909 -1.000000 4
5913 -1.000000 4
5916 1.000000 3
5919 -1.000000 3
5924 1.000000 5
5929 1.000000 5
5934 1.000000 5
5939 1.000000 5
5944 0.000000 5
5948 1.000000 4
5952 -1.000000 4
5957 1.000000 5
5961 1.000000 4
5965 1.000000 4
5970 1.000000 5
5975 0.000000 5
5978 1.000000 3
5982 1.000000 4
5987 1.000000 5
5991 1.000000 4
5995 1.000000 4
6000 1.000000 5
6003 1.000000 3
6008 1.000000 5
6012 -1.000000 4
6017 1.000000 5
6021 -1.000000 4
6026 0.000000 5
6031 1.000000 5
6035 -1.000000 4
6040 1.000000 5
6043 -1.000000 3
6047 1.000000 4
6050 -1.000000 3
6053 1.000000 3
6057 1.000000 4
6060 1.000000 3
6065 0.000000 5
6069 -1.000000 4
6073 -1.000000 4
6078 1.000000 5
6083 0.000000 5
6088 0.000000 5
6093 0.000000 5
6097 -1.000000 4
6102 0.000000 5
6107 0.000000 5
6110 1.000000 3
6114 1.000000 4
6118 1.000000 4
6123 0.000000 5
6127 1.000000 4
6131 -1.000000 4
6136 1.000000 5
6140 1.000000 4
6143 -1.000000 3
6148 0.000000 5
6153 1.000000 5
6157 1.000000 4
6161 -1.000000 4
6166 1.000000 5
6170 1.000000 4
6174 -1.000000 4
6177 -1.000000 3
6181 -1.000000 4
6185 1.000000 4
6189 1.000000 4
6193 1.000000 4
6196 -1.000000 3
6199 1.000000 3
6204 0.000000 5
6208 1.000000 4
6212 1.000000 4
6216 -1.000000 4
6220 1.000000 4
6223 -1.000000 3
6227 1.000000 4
6230 1.000000 3
6234 -1.000000 4
6238 1.000000 4
6241 1.000000 3
6244 1.000000 3
6248 -1.000000 4
6252 -1.000000 4
6256 1.000000 4
6260 1.000000 4
6263 -1.000000 3
6268 0.000000 5
6273 0.000000 5
6277 1.000000 4
6281 -1.000000 4
6285 1.000000 4
6290 0.000000 5
6294 -1.000000 4
6299 1.000000 5
6304 1.000000 5
6309 1.000000 5
6314 0.000000 5
6319 1.000000 5
6323 -1.000000 4
6327 -1.000000 4
6331 1.000000 4
6335 1.000000 4
6340 1.000000 5
6345 0.000000 5
6348 -1.000000 3
6351 1.000000 3
6356 1.000000 5
6360 1.000000 4
6364 1.000000 4
6368 -1.000000 4
6371 1.000000 3
6376 1.000000 5
6381 0.000000 5
6386 1.000000 5
6391 1.000000 5
6395 1.000000 4
6400 0.000000 5
6404 1.000000 4
6409 1.000000 5
6412 1.000000 3
6416 1.000000 4
6421 1.000000 5
6425 1.000000 4
6429 1.000000 4
6432 -1.000000 3
6437 1.000000 5
6442 1.000000 5
6447 1.000000 5
6451 -1.000000 4
6455 -1.000000 4
6460 1.000000 5
6464 -1.000000 4
6469 1.000000 5
6474 0.000000 5
6477 -1.000000 3
6481 1.000000 4
6485 1.000000 4
6489 -1.000000 4
6494 0.000000 5
6497 -1.000000 3
6501 1.000000 4
6505 1.000000 4
6508 -1.000000 3
6512 -1.000000 4
6516 1.000000 4
6521 0.000000 5
6525 -1.000000 4
6528 -1.000000 3
6533 1.000000 5
6537 1.000000 4
6540 -1.000000 3
6544 1.000000 4
6548 1.000000 4
6552 -1.000000 4
6555 -1.000000 3
6560 1.000000 5
6563 1.000000 3
6567 1.000000 4
6571 1.000000 4
6576 1.000000 5
6581 0.000000 5
6586 1.000000 5
6590 -1.000000 4
6594 1.000000 4
6599 1.000000 5
6604 0.000000 5
6609 1.000000 5
6613 1.000000 4
6617 -1.000000 4
6621 1.000000 4
6624 1.000000 3
6627 1.000000 3
6631 1.000000 4
6635 1.000000 4
6640 1.000000 5
6643 -1.000000 3
6647 -1.000000 4
6652 1.000000 5
6656 1.000000 4
6661 0.000000 5
6666 0.000000 5
6671 0.000000 5
6674 1.000000 3
6678 1.000000 4
6681 1.000000 3
6685 1.000000 4
6690 1.000000 5
6694 1.000000 4
6698 1.000000 4
6702 -1.000000 4
6707 1.000000 5
6712 1.000000 5
6715 1.000000 3
6718 -1.000000 3
6723 1.000000 5
6728 0.000000 5
6732 1.000000 4
6736 -1.000000 4
6739 1.000000 3
6744 1.000000 5
6749 0.000000 5
6754 1.000000 5
6758 -1.000000 4
6762 1.000000 4
6766 1.000000 4
6771 1.000000 5
6776 0.000000 5
6780 -1.000000 4
6785 1.000000 5
6789 1.000000 4
6793 1.000000 4
6797 1.000000 4
6800 1.000000 3
6805 1.000000 5
6810 1.000000 5
6814 1.000000 4
6818 1.000000 4
6821 -1.000000 3
6824 1.000000 3
6828 1.000000 4
6832 1.000000 4
6836 -1.000000 4
6841 0.000000 5
6844 1.000000 3
6849 1.000000 5
6854 1.000000 5
6857 1.000000 3
6860 -1.000000 3
6864 -1.000000 4
6868 1.000000 4
6872 1.000000 4
6875 -1.000000 3
6880 0.000000 5
6884 1.000000 4
6888 1.000000 4
6893 1.000000 5
6897 1.000000 4
6901 1.000000 4
6906 1.000000 5
6910 1.000000 4
6914 1.000000 4
6918 -1.000000 4
6922 1.000000 4
6927 1.000000 5
6932 1.000000 5
6936 -1.000000 4
6941 1.000000 5
6945 1.000000 4
6949 1.000000 4
6954 1.000000 5
6959 1.000000 5
6962 1.000000 3
6967 1.000000 5
6971 -1.000000 4
6975 1.000000 4
6980 1.000000 5
6985 0.000000 5
6990 1.000000 5
6994 1.000000 4
6997 -1.000000 3
7002 0.000000 5
7007 1.000000 5
7012 1.000000 5
7016 1.000000 4
7021 1.000000 5
7026 1.000000 5
7031 1.000000 5
7035 -1.000000 4
7039 1.000000 4
7043 1.000000 4
7047 -1.000000 4
7051 -1.000000 4
7054 1.000000 3
7059 0.000000 5
7063 -1.000000 4
7066 -1.000000 3
7069 1.000000 3
7074 1.000000 5
7078 1.000000 4
7082 1.000000 4
7087 1.000000 5
7091 -1.000000 4
7096 0.000000 5
7099 -1.000000 3
7104 1.000000 5
7107 1.000000 3
7110 -1.000000 3
7113 -1.000000 3
7118 0.000000 5
7122 -1.000000 4
7127 1.000000 5
7132 0.000000 5
7135 1.000000 3
7139 1.000000 4
7142 1.000000 3
7147 1.000000 5
7152 1.000000 5
7155 1.000000 3
7160 1.000000 5
7165 0.000000 5
7170 0.000000 5
7174 -1.000000 4
7179 0.000000 5
7184 1.000000 5
7188 -1.000000 4
7193 0.000000 5
7198 0.000000 5
7203 1.000000 5
7208 1.000000 5
7213 1.000000 5
7218 1.000000 5
7222 1.000000 4
7226 1.000000 4
7229 1.000000 3
7233 -1.000000 4
7238 1.000000 5
7242 1.000000 4
7245 1.000000 3
7250 1.000000 5
7254 -1.000000 4
7258 1.000000 4
7262 -1.000000 4
7266 1.000000 4
7271 0.000000 5
7276 0.000000 5
7280 1.000000 4
7285 1.000000 5
7288 1.000000 3
7292 1.000000 4
7296 -1.000000 4
7301 1.000000 5
7306 1.000000 5
7310 -1.000000 4
7313 1.000000 3
7316 -1.000000 3
7319 1.000000 3
7323 1.000000 4
7327 1.000000 4
7332 0.000000 5
7336 1.000000 4
7340 1.000000 4
7343 1.000000 3
7346 -1.000000 3
7351 1.000000 5
7355 1.000000 4
7360 1.000000 5
7364 -1.000000 4
7368 -1.000000 4
7372 -1.000000 4
7377 0.000000 5
7381 -1.000000 4
7384 -1.000000 3
7389 0.000000 5
7394 1.000000 5
7398 1.000000 4
7401 1.000000 3
7405 -1.000000 4
7410 1.000000 5
7413 1.000000 3
7417 1.000000 4
7421 1.000000 4
7425 1.000000 4
7429 1.000000 4
7433 -1.000000 4
7437 -1.000000 4
7441 1.000000 4
7446 1.000000 5
7450 -1.000000 4
7455 1.000000 5
7460 0.000000 5
7463 -1.000000 3
7466 -1.000000 3
7470 -1.000000 4
7473 -1.000000 3
7478 0.000000 5
7482 1.000000 4
7487 0.000000 5
7492 1.000000 5
7495 -1.000000 3
7499 -1.000000 4
7503 -1.000000 4
7507 1.000000 4
7511 1.000000 4
7515 1.000000 4
7519 1.000000 4
7523 -1.000000 4
7527 -1.000000 4
7532 1.000000 5
7537 1.000000 5
7541 -1.000000 4
7545 -1.000000 4
7549 1.000000 4
7553 1.000000 4
7557 -1.000000 4
7561 1.000000 4
7566 0.000000 5
7571 1.000000 5
7575 1.000000 4
7579 -1.000000 4
7583 -1.000000 4
7588 1.000000 5
7591 1.000000 3
7594 -1.000000 3
7598 1.000000 4
7603 1.000000 5
7608 0.000000 5
7612 1.000000 4
7617 1.000000 5
7622 1.000000 5
7627 1.000000 5
7632 1.000000 5
7637 1.000000 5
7641 -1.000000 4
7644 1.000000 3
7648 1.000000 4
7652 1.000000 4
7656 1.000000 4
7661 1.000000 5
7666 0.000000 5
7670 1.000000 4
7674 1.000000 4
7678 -1.000000 4
7683 1.000000 5
7687 -1.000000 4
7692 0.000000 5
7696 1.000000 4
7700 1.000000 4
7704 1.000000 4
7709 1.000000 5
7714 1.000000 5
7719 1.000000 5
7724 1.000000 5
7728 1.000000 4
7732 1.000000 4
7735 1.000000 3
7739 1.000000 4
7744 0.000000 5
7748 1.000000 4
7751 -1.000000 3
7756 1.000000 5
7760 -1.000000 4
7764 1.000000 4
7768 -1.000000 4
7772 1.000000 4
7776 1.000000 4
7781 0.000000 5
7786 1.000000 5
7790 1.000000 4
7794 1.000000 4
7798 1.000000 4
7803 0.000000 5
7808 1.000000 5
7812 -1.000000 4
7817 0.000000 5
7820 1.000000 3
7824 -1.000000 4
7828 -1.000000 4
7832 -1.000000 4
7835 -1.000000 3
7840 1.000000 5
7844 1.000000 4
7848 -1.000000 4
7851 1.000000 3
7855 -1.000000 4
7859 1.000000 4
7864 1.000000 5
7868 -1.000000 4
7873 1.000000 5
7876 -1.000000 3
7879 -1.000000 3
7883 -1.000000 4
7887 1.000000 4
7891 1.000000 4
7896 1.000000 5
7901 1.000000 5
7905 1.000000 4
7909 1.000000 4
7912 1.000000 3
7916 1.000000 4
7921 1.000000 5
7924 -1.000000 3
7929 1.000000 5
7934 0.000000 5
7937 -1.000000 3
7942 0.000000 5
7945 -1.000000 3
7949 1.000000 4
7954 1.000000 5
7959 0.000000 5
7963 1.000000 4
7967 -1.000000 4
7972 0.000000 5
7976 1.000000 4
7980 -1.000000 4
7984 1.000000 4
7988 -1.000000 4
7993 0.000000 5
7998 1.000000 5
8003 1.000000 5
8008 1.000000 5
8012 1.000000 4
8017 1.000000 5
8022 1.000000 5
8027 1.000000 5
8030 -1.000000 3
8034 -1.000000 4
8038 1.000000 4
8043 0.000000 5
8047 1.000000 4
8050 -1.000000 3
8055 1.000000 5
8058 1.000000 3
8062 -1.000000 4
8065 -1.000000 3
8068 1.000000 3
8072 1.000000 4
8075 -1.000000 3
8079 1.000000 4
8082 -1.000000 3
8086 -1.000000 4
8090 1.000000 4
8095 0.000000 5
8098 1.000000 3
8102 -1.000000 4
8107 1.000000 5
8111 1.000000 4
8114 -1.000000 3
8119 0.000000 5
8123 1.000000 4
8128 1.000000 5
8132 1.000000 4
8136 1.000000 4
8140 -1.000000 4
8144 -1.000000 4
8149 1.000000 5
8153 -1.000000 4
8156 1.000000 3
8161 0.000000 5
8165 -1.000000 4
8168 -1.000000 3
8172 1.000000 4
8176 1.000000 4
8180 1.000000 4
8185 1.000000 5
8190 0.000000 5
8194 1.000000 4
8199 1.000000 5
8204 1.000000 5
8207 -1.000000 3
8211 -1.000000 4
8215 1.000000 4
8219 1.000000 4
8223 1.000000 4
8227 1.000000 4
8231 -1.000000 4
8235 1.000000 4
8239 1.000000 4
8242 -1.000000 3
8247 1.000000 5
8252 1.000000 5
8255 -1.000000 3
8260 1.000000 5
8265 1.000000 5
8268 1.000000 3
8272 -1.000000 4
8277 1.000000 5
8282 1.000000 5
8286 -1.000000 4
8291 1.000000 5
8295 -1.000000 4
8299 1.000000 4
8302 -1.000000 3
8307 1.000000 5
8311 -1.000000 4
8315 -1.000000 4
8320 0.000000 5
8325 0.000000 5
8330 1.000000 5
8334 1.000000 4
8338 -1.000000 4
8343 1.000000 5
8347 1.000000 4
8352 0.000000 5
8355 -1.000000 3
8358 -1.000000 3
8362 -1.000000 4
8366 1.000000 4
8371 0.000000 5
8375 1.000000 4
8380 1.000000 5
8385 0.000000 5
8389 1.000000 4
8394 1.000000 5
8398 -1.000000 4
8402 1.000000 4
8406 -1.000000 4
8409 1.000000 3
8413 1.000000 4
8418 1.000000 5
8423 1.000000 5
8427 1.000000 4
8432 0.000000 5
8435 1.000000 3
8439 1.000000 4
8442 -1.000000 3
8446 1.000000 4
8449 1.000000 3
8453 -1.000000 4
8456 1.000000 3
8460 -1.000000 4
8464 1.000000 4
8468 -1.000000 4
8472 1.000000 4
8476 1.000000 4
8481 1.000000 5
8486 0.000000 5
8491 1.000000 5
8496 1.000000 5
8501 1.000000 5
8506 1.000000 5
8510 -1.000000 4
8515 1.000000 5
8518 -1.000000 3
8522 1.000000 4
8526 -1.000000 4
8529 -1.000000 3
8532 1.000000 3
8536 -1.000000 4
8541 1.000000 5
8545 -1.000000 4
8549 1.000000 4
8554 0.000000 5
8559 1.000000 5
8564 1.000000 5
8568 -1.000000 4
8572 1.000000 4
8576 1.000000 4
8580 1.000000 4
8585 0.000000 5
8589 1.000000 4
8593 1.000000 4
8597 1.000000 4
8601 -1.000000 4
8606 1.000000 5
8611 0.000000 5
8615 -1.000000 4
8619 1.000000 4
8623 1.000000 4
8628 1.000000 5
8633 0.000000 5
8638 1.000000 5
8641 -1.000000 3
8645 -1.000000 4
8650 1.000000 5
8655 0.000000 5
8659 1.000000 4
8662 1.000000 3
8667 1.000000 5
8671 1.000000 4
8674 -1.000000 3
8678 -1.000000 4
8682 1.000000 4
8686 1.000000 4
8691 1.000000 5
8695 1.000000 4
8700 0.000000 5
8704 -1.000000 4
8708 1.000000 4
8711 1.000000 3
8716 0.000000 5
8721 1.000000 5
8725 1.000000 4
8729 -1.000000 4
8734 1.000000 5
8738 -1.000000 4
8742 -1.000000 4
8746 -1.000000 4
8750 -1.000000 4
8753 1.000000 3
8758 1.000000 5
8763 0.000000 5
8766 -1.000000 3
8769 1.000000 3
8773 1.000000 4
8777 1.000000 4
8782 1.000000 5
8786 1.000000 4
8790 -1.000000 4
8795 1.000000 5
8800 1.000000 5
8804 -1.000000 4
8809 1.000000 5
8813 -1.000000 4
8818 0.000000 5
8822 1.000000 4
8826 1.000000 4
8829 1.000000 3
8832 -1.000000 3
8836 -1.000000 4
8840 1.000000 4
8845 1.000000 5
8849 1.000000 4
8853 -1.000000 4
8857 1.000000 4
8862 1.000000 5
8867 1.000000 5
8872 1.000000 5
8877 1.000000 5
8881 -1.000000 4
8885 -1.000000 4
8888 1.000000 3
8892 -1.000000 4
8896 1.000000 4
8900 -1.000000 4
8905 1.000000 5
8910 1.000000 5
8913 1.000000 3
8918 0.000000 5
8922 -1.000000 4
8927 1.000000 5
8932 1.000000 5
8936 -1.000000 4
8941 0.000000 5
8946 1.000000 5
8950 -1.000000 4
8953 -1.000000 3
8958 0.000000 5
8962 1.000000 4
8965 -1.000000 3
8969 1.000000 4
8973 1.000000 4
8976 1.000000 3
8980 1.000000 4
8984 1.000000 4
8989 0.000000 5
8994 1.000000 5
8997 1.000000 3
9001 1.000000 4
9004 1.000000 3
9008 1.000000 4
9013 1.000000 5
9018 1.000000 5
9023 1.000000 5
9027 -1.000000 4
9032 1.000000 5
9036 1.000000 4
9041 0.000000 5
9044 1.000000 3
9049 1.000000 5
9053 -1.000000 4
9057 -1.000000 4
9061 1.000000 4
9065 1.000000 4
9069 1.000000 4
9073 1.000000 4
9078 0.000000 5
9083 0.000000 5
9088 1.000000 5
9091 1.000000 3
9094 -1.000000 3
9098 -1.000000 4
9103 0.000000 5
9108 1.000000 5
9112 1.000000 4
9116 -1.000000 4
9120 1.000000 4
9125 1.000000 5
9129 -1.000000 4
9132 -1.000000 3
9137 1.000000 5
9141 -1.000000 4
9146 0.000000 5
9150 1.000000 4
9153 1.000000 3
9157 1.000000 4
9161 -1.000000 4
9165 1.000000 4
9170 0.000000 5
9175 1.000000 5
9179 1.000000 4
9183 1.000000 4
9188 1.000000 5
9192 1.000000 4
9197 0.000000 5
9201 1.000000 4
9206 1.000000 5
9210 1.000000 4
9215 1.000000 5
9218 1.000000 3
9222 -1.000000 4
9225 1.000000 3
9230 1.000000 5
9235 1.000000 5
9240 0.000000 5
9244 1.000000 4
9248 1.000000 4
9252 -1.000000 4
9256 1.000000 4
9259 -1.000000 3
9263 -1.000000 4
9266 -1.000000 3
9271 1.000000 5
9274 -1.000000 3
9279 0.000000 5
9283 1.000000 4
9286 -1.000000 3
9289 -1.000000 3
9292 1.000000 3
9295 -1.000000 3
9299 1.000000 4
9304 1.000000 5
9307 -1.000000 3
9312 0.000000 5
9316 1.000000 4
9319 -1.000000 3
9322 1.000000 3
9326 1.000000 4
9329 -1.000000 3
9334 1.000000 5
9339 1.000000 5
9343 1.000000 4
9347 -1.000000 4
9352 1.000000 5
9357 1.000000 5
9362 1.000000 5
9365 -1.000000 3
9369 -1.000000 4
9373 -1.000000 4
9377 1.000000 4
9380 -1.000000 3
9385 1.000000 5
9390 1.000000 5
9393 1.000000 3
9398 1.000000 5
9402 -1.000000 4
9406 1.000000 4
9411 0.000000 5
9416 1.000000 5
9421 0.000000 5
9425 1.000000 4
9430 1.000000 5
9434 1.000000 4
9439 1.000000 5
9444 0.000000 5
9448 1.000000 4
9452 1.000000 4
9456 1.000000 4
9460 1.000000 4
9464 1.000000 4
9467 -1.000000 3
9471 1.000000 4
9476 1.000000 5
9481 1.000000 5
9485 1.000000 4
9490 0.000000 5
9494 1.000000 4
9498 -1.000000 4
9502 -1.000000 4
9507 0.000000 5
9510 -1.000000 3
9515 1.000000 5
9520 1.000000 5
9523 -1.000000 3
9527 -1.000000 4
9532 1.000000 5
9537 1.000000 5
9542 0.000000 5
9545 1.000000 3
9549 -1.000000 4
9554 1.000000 5
9559 1.000000 5
9563 -1.000000 4
9568 0.000000 5
9571 1.000000 3
9575 -1.000000 4
9579 -1.000000 4
9583 1.000000 4
9587 1.000000 4
9592 1.000000 5
9596 -1.000000 4
9600 1.000000 4
9603 -1.000000 3
9608 0.000000 5
9612 1.000000 4
9616 1.000000 4
9621 1.000000 5
9625 -1.000000 4
9629 -1.000000 4
9633 -1.000000 4
9637 1.000000 4
9641 -1.000000 4
9645 -1.000000 4
9649 1.000000 4
9654 0.000000 5
9659 1.000000 5
9663 -1.000000 4
9668 1.000000 5
9672 1.000000 4
9675 1.000000 3
9678 -1.000000 3
9683 1.000000 5
9687 -1.000000 4
9692 0.000000 5
9696 -1.000000 4
9700 1.000000 4
9703 1.000000 3
9708 0.000000 5
9713 1.000000 5
9717 -1.000000 4
9721 1.000000 4
9725 -1.000000 4
9730 1.000000 5
9735 0.000000 5
9739 -1.000000 4
9743 -1.000000 4
9747 1.000000 4
9752 1.000000 5
9757 1.000000 5
9760 -1.000000 3
9765 0.000000 5
9769 1.000000 4
9773 -1.000000 4
9777 -1.000000 4
9780 -1.000000 3
9784 1.000000 4
9789 0.000000 5
9792 -1.000000 3
9795 1.000000 3
9800 1.000000 5
9805 1.000000 5
9810 1.000000 5
9814 1.000000 4
9817 -1.000000 3
9821 -1.000000 4
9826 0.000000 5
9829 -1.000000 3
9833 1.000000 4
9837 -1.000000 4
9841 -1.000000 4
9845 -1.000000 4
9848 1.000000 3
9853 0.000000 5
9857 -1.000000 4
9860 1.000000 3
9864 1.000000 4
9868 1.000000 4
9871 -1.000000 3
9875 1.000000 4
9880 1.000000 5
9884 -1.000000 4
9887 -1.000000 3
9891 1.000000 4
9896 0.000000 5
9900 -1.000000 4
9904 -1.000000 4
9908 -1.000000 4
9913 1.000000 5
9917 1.000000 4
9920 1.000000 3
9925 1.000000 5
9929 1.000000 4
9934 1.000000 5
9938 1.000000 4
9943 1.000000 5
9947 1.000000 4
9952 1.000000 5
9956 1.000000 4
9961 1.000000 5
9965 -1.000000 4
9969 -1.000000 4
9973 -1.000000 4
9978 0.000000 5
9983 1.000000 5
9987 1.000000 4
9990 -1.000000 3
9994 1.000000 4
9998 1.000000 4
10003 1.000000 5
10006 -1.000000 3
10009 -1.000000 3
10012 -1.000000 3
10015 -1.000000 3
10018 -1.000000 3
10021 -1.000000 3
10024 -1.000000 3
10027 -1.000000 3
10030 -1.000000 3
10033 -1.000000 3
10036 -1.000000 3
10039 -1.000000 3
10042 -1.000000 3
10045 -1.000000 3
10048 -1.000000 3
10051 -1.000000 3
10054 -1.000000 3
10057 -1.000000 3
10060 -1.000000 3
10063 -1.000000 3
10066 -1.000000 3
10069 -1.000000 3
10072 -1.000000 3
10075 -1.000000 3
10078 -1.000000 3
10081 -1.000000 3
10084 -1.000000 3
10087 -1.000000 3
10090 -1.000000 3
10093 -1.000000 3
10096 -1.000000 3
10099 -1.000000 3
10102 -1.000000 3
10105 -1.000000 3
10108 -1.000000 3
10111 -1.000000 3
10114 -1.000000 3
10117 -1.000000 3
10120 -1.000000 3
10123 -1.000000 3
10126 -1.000000 3
10129 -1.000000 3
10132 -1.000000 3
10135 -1.000000 3
10138 -1.000000 3
10141 -1.000000 3
10144 -1.000000 3
10147 -1.000000 3
10150 -1.000000 3
10153 -1.000000 3
10156 -1.000000 3
10159 -1.000000 3
10162 -1.000000 3
10165 -1.000000 3
10168 -1.000000 3
10171 -1.000000 3
10174 -1.000000 3
10177 -1.000000 3
10180 -1.000000 3
10183 -1.000000 3
10186 -1.000000 3
10189 -1.000000 3
10192 -1.000000 3
10195 -1.000000 3
10198 -1.000000 3
10201 -1.000000 3
10204 -1.000000 3
10207 -1.000000 3
10210 -1.000000 3
10213 -1.000000 3
10216 -1.000000 3
10219 -1.000000 3
10222 -1.000000 3
10225 -1.000000 3
10228 -1.000000 3
10231 -1.000000 3
10234 -1.000000 3
10237 -1.000000 3
10240 -1.000000 3
10243 -1.000000 3
10246 -1.000000 3
10249 -1.000000 3
10252 -1.000000 3
10255 -1.000000 3
10258 -1.000000 3
10261 -1.000000 3
10264 -1.000000 3
10267 -1.000000 3
10270 -1.000000 3
10273 -1.000000 3
10276 -1.000000 3
10279 -1.000000 3
10282 -1.000000 3
10285 -1.000000 3
10288 -1.000000 3
10291 -1.000000 3
10294 -1.000000 3
10297 -1.000000 3
10300 -1.000000 3
10303 -1.000000 3
10306 -1.000000 3
10309 -1.000000 3
10312 -1.000000 3
10315 -1.000000 3
10318 -1.000000 3
10321 -1.000000 3
10324 -1.000000 3
10327 -1.000000 3
10330 -1.000000 3
10333 -1.000000 3
10336 -1.000000 3
10339 -1.000000 3
10342 -1.000000 3
10345 -1.000000 3
10348 -1.000000 3
10351 -1.000000 3
10354 -1.000000 3
10357 -1.000000 3
10360 -1.000000 3
10363 -1.000000 3
10366 -1.000000 3
10369 -1.000000 3
10372 -1.000000 3
10375 -1.000000 3
10378 -1.000000 3
10381 -1.000000 3
10384 -1.000000 3
10387 -1.000000 3
10390 -1.000000 3
10393 -1.000000 3
10396 -1.000000 3
10399 -1.000000 3
10402 -1.000000 3
10405 -1.000000 3
10408 -1.000000 3
10411 -1.000000 3
10414 -1.000000 3
10417 -1.000000 3
10420 -1.000000 3
10423 -1.000000 3
10426 -1.000000 3
10429 -1.000000 3
10432 -1.000000 3
10435 -1.000000 3
10438 -1.000000 3
10441 -1.000000 3
10444 -1.000000 3
10447 -1.000000 3
10450 -1.000000 3
10453 -1.000000 3
10456 -1.000000 3
10459 -1.000000 3
10462 -1.000000 3
10465 -1.000000 3
10468 -1.000000 3
10471 -1.000000 3
10474 -1.000000 3
10477 -1.000000 3
10480 -1.000000 3
10483 -1.000000 3
10486 -1.000000 3
10489 -1.000000 3
10492 -1.000000 3
10495 -1.000000 3
10498 -1.000000 3
10501 -1.000000 3
10504 -1.000000 3
10507 -1.000000 3
10510 -1.000000 3
10513 -1.000000 3
10516 -1.000000 3
10519 -1.000000 3
10522 -1.000000 3
10525 -1.000000 3
10528 -1.000000 3
10531 -1.000000 3
10534 -1.000000 3
10537 -1.000000 3
10540 -1.000000 3
10543 -1.000000 3
10546 -1.000000 3
10549 -1.000000 3
10552 -1.000000 3
10555 -1.000000 3
10558 -1.000000 3
10561 -1.000000 3
10564 -1.000000 3
10567 -1.000000 3
10570 -1.000000 3
10573 -1.000000 3
10576 -1.000000 3
10579 -1.000000 3
10582 -1.000000 3
10585 -1.000000 3
10588 -1.000000 3
10591 -1.000000 3
10594 -1.000000 3
10597 -1.000000 3
10600 -1.000000 3
10603 -1.000000 3
10606 -1.000000 3
10609 -1.000000 3
10612 -1.000000 3
10615 -1.000000 3
10618 -1.000000 3
10621 -1.000000 3
10624 -1.000000 3
10627 -1.000000 3
10630 -1.000000 3
10633 -1.000000 3
10636 -1.000000 3
10639 -1.000000 3
10642 -1.000000 3
10645 -1.000000 3
10648 -1.000000 3
10651 -1.000000 3
10654 -1.000000 3
10657 -1.000000 3
10660 -1.000000 3
10663 -1.000000 3
10666 -1.000000 3
10669 -1.000000 3
10672 -1.000000 3
10675 -1.000000 3
10678 -1.000000 3
10681 -1.000000 3
10684 -1.000000 3
10687 -1.000000 3
10690 -1.000000 3
10693 -1.000000 3
10696 -1.000000 3
10699 -1.000000 3
10702 -1.000000 3
10705 -1.000000 3
10708 -1.000000 3
10711 -1.000000 3
10714 -1.000000 3
10717 -1.000000 3
10720 -1.000000 3
10723 -1.000000 3
10726 -1.000000 3
10729 -1.000000 3
10732 -1.000000 3
10735 -1.000000 3
10738 -1.000000 3
10741 -1.000000 3
10744 -1.000000 3
10747 -1.000000 3
10750 -1.000000 3
10753 -1.000000 3
10756 -1.000000 3
10759 -1.000000 3
10762 -1.000000 3
10765 -1.000000 3
10768 -1.000000 3
10771 -1.000000 3
10774 -1.000000 3
10777 -1.000000 3
10780 -1.000000 3
10783 -1.000000 3
10786 -1.000000 3
10789 -1.000000 3
10792 -1.000000 3
10795 -1.000000 3
10798 -1.000000 3
10801 -1.000000 3
10804 -1.000000 3
10807 -1.000000 3
10810 -1.000000 3
10813 -1.000000 3
10816 -1.000000 3
10819 -1.000000 3
10822 -1.000000 3
10825 -1.000000 3
10828 -1.000000 3
10831 -1.000000 3
10834 -1.000000 3
10837 -1.000000 3
10840 -1.000000 3
10843 -1.000000 3
10846 -1.000000 3
10849 -1.000000 3
10852 -1.000000 3
10855 -1.000000 3
10858 -1.000000 3
10861 -1.000000 3
10864 -1.000000 3
10867 -1.000000 3
10870 -1.000000 3
10873 -1.000000 3
10876 -1.000000 3
10879 -1.000000 3
10882 -1.000000 3
10885 -1.000000 3
10888 -1.000000 3
10891 -1.000000 3
10894 -1.000000 3
10897 -1.000000 3
10900 -1.000000 3
10903 -1.000000 3
10906 -1.000000 3
10909 -1.000000 3
10912 -1.000000 3
10915 -1.000000 3
10918 -1.000000 3
10921 -1.000000 3
10924 -1.000000 3
10927 -1.000000 3
10930 -1.000000 3
10933 -1.000000 3
10936 -1.000000 3
10939 -1.000000 3
10942 -1.000000 3
10945 -1.000000 3
10948 -1.000000 3
10951 -1.000000 3
10954 -1.000000 3
10957 -1.000000 3
10960 -1.000000 3
10963 -1.000000 3
10966 -1.000000 3
10969 -1.000000 3
10972 -1.000000 3
10975 -1.000000 3
10978 -1.000000 3
10981 -1.000000 3
10984 -1.000000 3
10987 -1.000000 3
10990 -1.000000 3
10993 -1.000000 3
10996 -1.000000 3
10999 -1.000000 3
11002 -1.000000 3
11005 -1.000000 3
11009 1.000000 4
11012 1.000000 3
11015 1.000000 3
11019 1.000000 4
11023 1.000000 4
11027 1.000000 4
11031 1.000000 4
11035 1.000000 4
11039 -1.000000 4
11043 1.000000 4
11047 1.000000 4
11051 1.000000 4
11055 1.000000 4
11059 1.000000 4
11063 1.000000 4
11067 1.000000 4
11071 1.000000 4
11075 1.000000 4
11079 1.000000 4
11083 1.000000 4
11087 -1.000000 4
11090 1.000000 3
11093 1.000000 3
11097 1.000000 4
11100 1.000000 3
11104 1.000000 4
11107 -1.000000 3
11111 1.000000 4
11114 1.000000 3
11117 1.000000 3
11120 1.000000 3
11124 1.000000 4
11128 1.000000 4
11132 1.000000 4
11136 1.000000 4
11139 1.000000 3
11143 -1.000000 4
11147 1.000000 4
11150 1.000000 3
11154 1.000000 4
11158 1.000000 4
11162 1.000000 4
11165 1.000000 3
11169 1.000000 4
11173 1.000000 4
11177 1.000000 4
11180 1.000000 3
11184 1.000000 4
11187 1.000000 3
11191 1.000000 4
11195 1.000000 4
11199 1.000000 4
11202 1.000000 3
11205 1.000000 3
11209 1.000000 4
11213 1.000000 4
11216 1.000000 3
11220 1.000000 4
11225 0.000000 5
11228 1.000000 3
11232 1.000000 4
11236 1.000000 4
11241 0.000000 5
11245 1.000000 4
11249 -1.000000 4
11254 0.000000 5
11258 -1.000000 4
11262 1.000000 4
11266 1.000000 4
11270 1.000000 4
11275 0.000000 5
11279 1.000000 4
11283 1.000000 4
11287 1.000000 4
11291 1.000000 4
11295 1.000000 4
11299 1.000000 4
11303 -1.000000 4
11307 1.000000 4
11311 1.000000 4
11315 1.000000 4
11319 1.000000 4
11323 1.000000 4
11327 1.000000 4
11330 -1.000000 3
11334 1.000000 4
11337 1.000000 3
11340 1.000000 3
11344 1.000000 4
11347 1.000000 3
11351 1.000000 4
11355 1.000000 4
11359 1.000000 4
11363 1.000000 4
11367 1.000000 4
11371 1.000000 4
11375 1.000000 4
11379 1.000000 4
11383 1.000000 4
11387 1.000000 4
11391 1.000000 4
11395 1.000000 4
11399 1.000000 4
11402 1.000000 3
11406 1.000000 4
11409 1.000000 3
11412 1.000000 3
11417 0.000000 5
11421 1.000000 4
11424 -1.000000 3
11427 1.000000 3
11430 1.000000 3
11434 1.000000 4
11437 1.000000 3
11440 1.000000 3
11444 1.000000 4
11447 1.000000 3
11451 1.000000 4
11455 1.000000 4
11458 1.000000 3
11462 1.000000 4
11467 0.000000 5
11472 0.000000 5
11477 1.000000 5
11481 1.000000 4
11485 1.000000 4
11489 1.000000 4
11493 1.000000 4
11497 1.000000 4
11501 1.000000 4
11505 1.000000 4
11509 1.000000 4
11513 1.000000 4
11516 1.000000 3
11519 1.000000 3
11523 1.000000 4
11527 1.000000 4
11532 0.000000 5
11537 0.000000 5
11542 1.000000 5
11546 1.000000 4
11551 0.000000 5
11555 1.000000 4
11560 1.000000 5
11565 0.000000 5
11569 -1.000000 4
11574 0.000000 5
11578 1.000000 4
11582 1.000000 4
11586 1.000000 4
11589 -1.000000 3
11594 0.000000 5
11597 1.000000 3
11601 1.000000 4
11605 -1.000000 4
11608 1.000000 3
11613 0.000000 5
11618 0.000000 5
11622 1.000000 4
11625 1.000000 3
11629 1.000000 4
11633 1.000000 4
11637 1.000000 4
11641 -1.000000 4
11645 1.000000 4
11649 1.000000 4
11652 1.000000 3
11656 1.000000 4
11661 1.000000 5
11665 -1.000000 4
11669 1.000000 4
11672 1.000000 3
11676 1.000000 4
11680 -1.000000 4
11684 -1.000000 4
11688 1.000000 4
11692 1.000000 4
11696 1.000000 4
11700 1.000000 4
11703 1.000000 3
11707 1.000000 4
11711 1.000000 4
11715 1.000000 4
11718 -1.000000 3
11722 1.000000 4
11726 1.000000 4
11729 1.000000 3
11733 1.000000 4
11737 1.000000 4
11740 1.000000 3
11744 1.000000 4
11748 1.000000 4
11751 -1.000000 3
11755 1.000000 4
11759 1.000000 4
11763 -1.000000 4
11767 1.000000 4
11771 1.000000 4
11775 1.000000 4
11778 1.000000 3
11782 1.000000 4
11785 1.000000 3
11789 1.000000 4
11793 1.000000 4
11797 1.000000 4
11801 1.000000 4
11805 1.000000 4
11810 1.000000 5
11814 1.000000 4
11819 1.000000 5
11822 1.000000 3
11826 -1.000000 4
11830 1.000000 4
11834 1.000000 4
11837 1.000000 3
11841 1.000000 4
11845 1.000000 4
11849 1.000000 4
11853 1.000000 4
11857 1.000000 4
11861 1.000000 4
11865 -1.000000 4
11868 1.000000 3
11872 1.000000 4
11876 1.000000 4
11879 1.000000 3
11883 1.000000 4
11887 1.000000 4
11890 1.000000 3
11893 1.000000 3
11897 1.000000 4
11901 1.000000 4
11904 1.000000 3
11908 1.000000 4
11912 1.000000 4
11916 1.000000 4
11920 -1.000000 4
11924 1.000000 4
11927 1.000000 3
11931 1.000000 4
11934 1.000000 3
11938 1.000000 4
11942 1.000000 4
11946 1.000000 4
11950 1.000000 4
11953 1.000000 3
11957 1.000000 4
11960 1.000000 3
11963 1.000000 3
11968 1.000000 5
11972 1.000000 4
11975 1.000000 3
11980 0.000000 5
11984 1.000000 4
11988 1.000000 4
11992 1.000000 4
11996 1.000000 4
12000 1.000000 4
12004 1.000000 4
12007 -1.000000 3
12011 1.000000 4
12015 1.000000 4
12018 -1.000000 3
12023 0.000000 5
12027 1.000000 4
12031 1.000000 4
12035 1.000000 4
12040 0.000000 5
12044 1.000000 4
12048 1.000000 4
12053 1.000000 5
12057 1.000000 4
12060 1.000000 3
12064 1.000000 4
12068 1.000000 4
12072 1.000000 4
12075 1.000000 3
12079 -1.000000 4
12082 1.000000 3
12085 1.000000 3
12089 1.000000 4
12093 1.000000 4
12097 1.000000 4
12102 0.000000 5
12105 -1.000000 3
12109 1.000000 4
12112 1.000000 3
12115 1.000000 3
12118 1.000000 3
12122 1.000000 4
12126 1.000000 4
12130 1.000000 4
12133 1.000000 3
12136 1.000000 3
12139 -1.000000 3
12142 1.000000 3
12145 1.000000 3
12149 1.000000 4
12152 1.000000 3
12156 1.000000 4
12160 1.000000 4
12164 1.000000 4
12168 1.000000 4
12172 1.000000 4
12176 1.000000 4
12181 0.000000 5
12185 1.000000 4
12189 1.000000 4
12193 1.000000 4
12197 1.000000 4
12202 1.000000 5
12205 1.000000 3
12208 1.000000 3
12212 1.000000 4
12216 1.000000 4
12220 1.000000 4
12224 1.000000 4
12228 1.000000 4
12231 1.000000 3
12234 1.000000 3
12238 1.000000 4
12242 1.000000 4
12246 1.000000 4
12249 -1.000000 3
12253 1.000000 4
12257 1.000000 4
12261 1.000000 4
12265 1.000000 4
12269 1.000000 4
12273 1.000000 4
12277 1.000000 4
12281 -1.000000 4
12285 1.000000 4
12288 1.000000 3
12292 1.000000 4
12296 1.000000 4
12300 1.000000 4
12304 1.000000 4
12308 1.000000 4
12312 1.000000 4
12316 1.000000 4
12320 1.000000 4
12323 1.000000 3
12327 1.000000 4
12330 -1.000000 3
12334 1.000000 4
12338 1.000000 4
12341 -1.000000 3
12344 1.000000 3
12348 1.000000 4
12351 1.000000 3
12356 0.000000 5
12359 1.000000 3
12363 1.000000 4
12366 1.000000 3
12370 1.000000 4
12374 1.000000 4
12378 1.000000 4
12381 1.000000 3
12385 1.000000 4
12389 1.000000 4
12392 1.000000 3
12396 1.000000 4
12400 1.000000 4
12404 1.000000 4
12407 1.000000 3
12411 1.000000 4
12414 1.000000 3
12418 1.000000 4
12422 1.000000 4
12426 1.000000 4
12429 1.000000 3
12433 1.000000 4
12436 1.000000 3
12440 1.000000 4
12443 1.000000 3
12446 1.000000 3
12449 1.000000 3
12452 1.000000 3
12456 1.000000 4
12460 1.000000 4
12464 1.000000 4
12467 1.000000 3
12470 1.000000 3
12474 1.000000 4
12478 1.000000 4
12482 1.000000 4
12485 1.000000 3
12488 1.000000 3
12492 1.000000 4
12496 1.000000 4
12500 1.000000 4
12504 1.000000 4
12508 1.000000 4
12512 1.000000 4
12515 1.000000 3
12518 1.000000 3
12522 1.000000 4
12526 1.000000 4
12530 1.000000 4
12533 1.000000 3
12537 1.000000 4
12541 1.000000 4
12545 -1.000000 4
12550 0.000000 5
12553 1.000000 3
12558 0.000000 5
12561 1.000000 3
12566 0.000000 5
12570 1.000000 4
12575 1.000000 5
12578 1.000000 3
12582 1.000000 4
12586 -1.000000 4
12589 1.000000 3
12593 1.000000 4
12597 1.000000 4
12600 1.000000 3
12603 1.000000 3
12606 -1.000000 3
12610 1.000000 4
12615 0.000000 5
12619 1.000000 4
12623 1.000000 4
12627 1.000000 4
12632 1.000000 5
12635 1.000000 3
12639 1.000000 4
12643 1.000000 4
12648 0.000000 5
12652 1.000000 4
12655 1.000000 3
12659 1.000000 4
12662 1.000000 3
12665 1.000000 3
12668 1.000000 3
12672 1.000000 4
12675 1.000000 3
12679 1.000000 4
12683 -1.000000 4
12688 1.000000 5
12691 -1.000000 3
12694 -1.000000 3
12698 1.000000 4
12701 1.000000 3
12705 -1.000000 4
12710 0.000000 5
12714 -1.000000 4
12718 1.000000 4
12722 -1.000000 4
12726 1.000000 4
12730 1.000000 4
12733 -1.000000 3
12736 -1.000000 3
12740 1.000000 4
12744 1.000000 4
12748 1.000000 4
12752 1.000000 4
12756 1.000000 4
12760 1.000000 4
12764 1.000000 4
12768 1.000000 4
12772 1.000000 4
12775 1.000000 3
12779 1.000000 4
12782 1.000000 3
12785 1.000000 3
12789 1.000000 4
12793 1.000000 4
12797 -1.000000 4
12801 1.000000 4
12805 1.000000 4
12809 1.000000 4
12813 1.000000 4
12817 1.000000 4
12820 -1.000000 3
12824 1.000000 4
12828 1.000000 4
12831 1.000000 3
12835 1.000000 4
12838 1.000000 3
12841 1.000000 3
12845 -1.000000 4
12849 1.000000 4
12853 -1.000000 4
12857 1.000000 4
12861 1.000000 4
12864 1.000000 3
12868 1.000000 4
12873 0.000000 5
12877 1.000000 4
12882 0.000000 5
12886 1.000000 4
12889 1.000000 3
12893 1.000000 4
12897 1.000000 4
12901 1.000000 4
12905 1.000000 4
12910 0.000000 5
12915 0.000000 5
12918 1.000000 3
12923 0.000000 5
12927 1.000000 4
12931 1.000000 4
12935 1.000000 4
12939 1.000000 4
12943 1.000000 4
12947 1.000000 4
12950 1.000000 3
12954 1.000000 4
12958 1.000000 4
12962 1.000000 4
12966 1.000000 4
12970 1.000000 4
12974 1.000000 4
12978 1.000000 4
12982 1.000000 4
12986 1.000000 4
12990 1.000000 4
12993 1.000000 3
12997 -1.000000 4
13001 1.000000 4
13005 1.000000 4
13009 1.000000 4
