3 -1.000000 3
8 0.000000 5
13 1.000000 5
17 1.000000 4
22 1.000000 5
26 -1.000000 4
30 1.000000 4
33 1.000000 3
36 1.000000 3
39 -1.000000 3
43 -1.000000 4
47 1.000000 4
50 -1.000000 3
54 -1.000000 4
58 -1.000000 4
62 1.000000 4
67 1.000000 5
72 0.000000 5
75 1.000000 3
79 1.000000 4
83 1.000000 4
87 1.000000 4
92 1.000000 5
96 -1.000000 4
99 1.000000 3
103 1.000000 4
107 -1.000000 4
111 -1.000000 4
115 1.000000 4
120 0.000000 5
125 0.000000 5
129 1.000000 4
134 0.000000 5
139 0.000000 5
143 1.000000 4
147 1.000000 4
152 1.000000 5
157 1.000000 5
161 1.000000 4
166 1.000000 5
170 1.000000 4
174 -1.000000 4
177 -1.000000 3
181 1.000000 4
186 1.000000 5
191 1.000000 5
196 1.000000 5
201 1.000000 5
205 -1.000000 4
208 -1.000000 3
212 -1.000000 4
215 1.000000 3
220 0.000000 5
225 1.000000 5
228 -1.000000 3
231 1.000000 3
235 -1.000000 4
239 -1.000000 4
243 1.000000 4
248 0.000000 5
252 1.000000 4
257 0.000000 5
262 1.000000 5
266 -1.000000 4
271 0.000000 5
274 -1.000000 3
278 -1.000000 4
282 1.000000 4
287 1.000000 5
292 1.000000 5
296 -1.000000 4
300 1.000000 4
305 1.000000 5
309 -1.000000 4
313 1.000000 4
317 -1.000000 4
321 1.000000 4
326 0.000000 5
331 0.000000 5
335 -1.000000 4
338 -1.000000 3
342 1.000000 4
347 0.000000 5
352 1.000000 5
357 1.000000 5
360 1.000000 3
364 1.000000 4
367 1.000000 3
371 1.000000 4
374 -1.000000 3
378 -1.000000 4
382 1.000000 4
386 -1.000000 4
391 1.000000 5
395 1.000000 4
399 1.000000 4
403 1.000000 4
408 1.000000 5
412 1.000000 4
416 -1.000000 4
419 -1.000000 3
423 -1.000000 4
427 1.000000 4
431 1.000000 4
436 1.000000 5
439 -1.000000 3
444 1.000000 5
449 1.000000 5
454 0.000000 5
459 0.000000 5
464 0.000000 5
468 -1.000000 4
472 -1.000000 4
476 -1.000000 4
480 1.000000 4
484 -1.000000 4
489 0.000000 5
494 0.000000 5
498 1.000000 4
501 1.000000 3
504 1.000000 3
508 1.000000 4
513 1.000000 5
518 0.000000 5
522 -1.000000 4
527 1.000000 5
532 0.000000 5
536 1.000000 4
541 1.000000 5
546 1.000000 5
551 1.000000 5
555 1.000000 4
560 0.000000 5
564 1.000000 4
569 1.000000 5
573 -1.000000 4
578 1.000000 5
582 1.000000 4
585 -1.000000 3
590 1.000000 5
595 0.000000 5
599 -1.000000 4
603 1.000000 4
606 1.000000 3
610 1.000000 4
614 1.000000 4
619 1.000000 5
622 -1.000000 3
626 1.000000 4
629 1.000000 3
633 -1.000000 4
636 1.000000 3
640 1.000000 4
645 1.000000 5
650 1.000000 5
654 -1.000000 4
658 1.000000 4
663 0.000000 5
667 1.000000 4
671 -1.000000 4
675 -1.000000 4
679 1.000000 4
683 -1.000000 4
688 1.000000 5
692 -1.000000 4
696 1.000000 4
700 1.000000 4
704 -1.000000 4
709 1.000000 5
714 1.000000 5
719 0.000000 5
723 1.000000 4
727 1.000000 4
730 1.000000 3
733 -1.000000 3
738 0.000000 5
743 1.000000 5
747 -1.000000 4
752 1.000000 5
756 1.000000 4
761 1.000000 5
766 1.000000 5
770 -1.000000 4
775 1.000000 5
779 1.000000 4
784 0.000000 5
788 1.000000 4
792 1.000000 4
795 -1.000000 3
800 1.000000 5
805 1.000000 5
808 1.000000 3
812 1.000000 4
815 1.000000 3
820 1.000000 5
824 1.000000 4
827 1.000000 3
832 1.000000 5
836 -1.000000 4
841 1.000000 5
844 1.000000 3
848 1.000000 4
853 1.000000 5
857 1.000000 4
861 -1.000000 4
865 -1.000000 4
870 0.000000 5
874 1.000000 4
879 0.000000 5
884 1.000000 5
888 1.000000 4
893 1.000000 5
896 -1.000000 3
901 1.000000 5
904 1.000000 3
908 1.000000 4
913 1.000000 5
916 1.000000 3
921 1.000000 5
926 1.000000 5
930 -1.000000 4
935 1.000000 5
939 1.000000 4
944 1.000000 5
949 1.000000 5
954 0.000000 5
959 1.000000 5
963 -1.000000 4
967 1.000000 4
972 0.000000 5
976 1.000000 4
979 1.000000 3
983 1.000000 4
987 1.000000 4
991 -1.000000 4
996 1.000000 5
1000 1.000000 4
1005 1.000000 5
1010 0.000000 5
1014 -1.000000 4
1018 -1.000000 4
1023 1.000000 5
1027 -1.000000 4
1030 1.000000 3
1034 1.000000 4
1037 -1.000000 3
1042 0.000000 5
1047 0.000000 5
1052 1.000000 5
1057 1.000000 5
1061 1.000000 4
1065 -1.000000 4
1069 1.000000 4
1074 0.000000 5
1078 -1.000000 4
1083 0.000000 5
1086 1.000000 3
1091 0.000000 5
1096 0.000000 5
1101 1.000000 5
1106 0.000000 5
1109 -1.000000 3
1112 1.000000 3
1117 1.000000 5
1120 -1.000000 3
1125 1.000000 5
1128 1.000000 3
1133 1.000000 5
1138 1.000000 5
1142 1.000000 4
1147 0.000000 5
1152 1.000000 5
1157 0.000000 5
1162 1.000000 5
1167 1.000000 5
1171 1.000000 4
1174 -1.000000 3
1179 1.000000 5
1184 1.000000 5
1189 0.000000 5
1192 -1.000000 3
1197 1.000000 5
1202 1.000000 5
1206 1.000000 4
1211 0.000000 5
1215 1.000000 4
1220 1.000000 5
1225 0.000000 5
1228 1.000000 3
1232 -1.000000 4
1235 1.000000 3
1240 1.000000 5
1243 1.000000 3
1247 1.000000 4
1251 -1.000000 4
1254 1.000000 3
1259 1.000000 5
1263 -1.000000 4
1268 1.000000 5
1272 1.000000 4
1275 1.000000 3
1279 -1.000000 4
1283 1.000000 4
1287 -1.000000 4
1291 1.000000 4
1296 1.000000 5
1299 -1.000000 3
1303 -1.000000 4
1308 1.000000 5
1312 1.000000 4
1316 1.000000 4
1320 1.000000 4
1325 1.000000 5
1329 -1.000000 4
1333 -1.000000 4
1338 1.000000 5
1343 1.000000 5
1347 1.000000 4
1352 1.000000 5
1355 1.000000 3
1358 -1.000000 3
1362 1.000000 4
1366 1.000000 4
1370 1.000000 4
1375 1.000000 5
1380 1.000000 5
1385 0.000000 5
1390 1.000000 5
1395 0.000000 5
1400 0.000000 5
1403 -1.000000 3
1407 1.000000 4
1411 1.000000 4
1414 1.000000 3
1417 -1.000000 3
1422 1.000000 5
1426 1.000000 4
1430 1.000000 4
1433 1.000000 3
1437 -1.000000 4
1441 1.000000 4
1444 -1.000000 3
1449 0.000000 5
1453 1.000000 4
1458 0.000000 5
1463 0.000000 5
1467 1.000000 4
1471 1.000000 4
1474 1.000000 3
1478 1.000000 4
1482 1.000000 4
1487 1.000000 5
1490 1.000000 3
1493 1.000000 3
1497 1.000000 4
1502 1.000000 5
1507 0.000000 5
1511 1.000000 4
1515 1.000000 4
1519 1.000000 4
1523 -1.000000 4
1527 1.000000 4
1532 1.000000 5
1537 0.000000 5
1541 1.000000 4
1545 1.000000 4
1549 1.000000 4
1554 0.000000 5
1558 -1.000000 4
1561 -1.000000 3
1565 1.000000 4
1570 1.000000 5
1575 0.000000 5
1580 1.000000 5
1584 -1.000000 4
1588 -1.000000 4
1591 -1.000000 3
1595 -1.000000 4
1600 1.000000 5
1603 1.000000 3
1607 -1.000000 4
1611 1.000000 4
1616 0.000000 5
1621 1.000000 5
1625 -1.000000 4
1630 1.000000 5
1634 1.000000 4
1637 -1.000000 3
1640 1.000000 3
1644 1.000000 4
1649 1.000000 5
1653 1.000000 4
1657 -1.000000 4
1661 1.000000 4
1665 1.000000 4
1670 0.000000 5
1675 1.000000 5
1680 1.000000 5
1684 1.000000 4
1688 1.000000 4
1692 1.000000 4
1696 -1.000000 4
1701 1.000000 5
1704 1.000000 3
1708 -1.000000 4
1713 1.000000 5
1717 -1.000000 4
1721 -1.000000 4
1724 -1.000000 3
1729 1.000000 5
1733 1.000000 4
1737 1.000000 4
1740 1.000000 3
1744 1.000000 4
1749 0.000000 5
1753 1.000000 4
1757 1.000000 4
1761 1.000000 4
1764 1.000000 3
1768 -1.000000 4
1771 -1.000000 3
1776 1.000000 5
1781 1.000000 5
1786 0.000000 5
1790 1.000000 4
1793 1.000000 3
1796 1.000000 3
1799 1.000000 3
1803 -1.000000 4
1807 -1.000000 4
1811 1.000000 4
1814 1.000000 3
1818 1.000000 4
1822 -1.000000 4
1826 1.000000 4
1830 -1.000000 4
1834 -1.000000 4
1837 1.000000 3
1841 1.000000 4
1846 0.000000 5
1851 0.000000 5
1856 1.000000 5
1860 1.000000 4
1865 1.000000 5
1870 1.000000 5
1873 -1.000000 3
1877 1.000000 4
1881 -1.000000 4
1885 -1.000000 4
1890 0.000000 5
1895 0.000000 5
1899 1.000000 4
1903 1.000000 4
1908 0.000000 5
1913 0.000000 5
1917 1.000000 4
1922 1.000000 5
1927 0.000000 5
1932 0.000000 5
1936 1.000000 4
1940 -1.000000 4
1944 1.000000 4
1947 1.000000 3
1952 1.000000 5
1957 1.000000 5
1962 1.000000 5
1966 -1.000000 4
1970 1.000000 4
1974 1.000000 4
1978 1.000000 4
1981 -1.000000 3
1986 1.000000 5
1991 1.000000 5
1996 0.000000 5
2001 0.000000 5
2004 1.000000 3
2008 1.000000 4
2012 1.000000 4
2016 1.000000 4
2020 -1.000000 4
2024 1.000000 4
2029 1.000000 5
2034 0.000000 5
2039 1.000000 5
2044 1.000000 5
2048 1.000000 4
2053 0.000000 5
2057 1.000000 4
2061 -1.000000 4
2065 1.000000 4
2069 -1.000000 4
2074 0.000000 5
2077 1.000000 3
2081 1.000000 4
2086 1.000000 5
2090 1.000000 4
2094 1.000000 4
2099 1.000000 5
2103 -1.000000 4
2108 1.000000 5
2111 1.000000 3
2116 0.000000 5
2121 1.000000 5
2126 1.000000 5
2131 1.000000 5
2136 0.000000 5
2141 1.000000 5
2145 1.000000 4
2149 1.000000 4
2153 -1.000000 4
2156 1.000000 3
2160 1.000000 4
2163 1.000000 3
2167 -1.000000 4
2172 1.000000 5
2175 -1.000000 3
2179 -1.000000 4
2183 1.000000 4
2186 1.000000 3
2190 1.000000 4
2194 -1.000000 4
2197 -1.000000 3
2201 -1.000000 4
2206 1.000000 5
2210 1.000000 4
2214 -1.000000 4
2218 1.000000 4
2223 0.000000 5
2228 0.000000 5
2232 1.000000 4
2235 1.000000 3
2240 1.000000 5
2244 1.000000 4
2249 1.000000 5
2254 0.000000 5
2258 -1.000000 4
2261 -1.000000 3
2264 1.000000 3
2269 1.000000 5
2273 1.000000 4
2276 -1.000000 3
2280 -1.000000 4
2285 0.000000 5
2288 1.000000 3
2291 -1.000000 3
2295 1.000000 4
2299 1.000000 4
2304 1.000000 5
2309 1.000000 5
2314 1.000000 5
2318 1.000000 4
2323 0.000000 5
2327 1.000000 4
2331 1.000000 4
2336 1.000000 5
2339 1.000000 3
2342 -1.000000 3
2346 1.000000 4
2350 -1.000000 4
2354 -1.000000 4
2359 0.000000 5
2363 -1.000000 4
2367 -1.000000 4
2371 1.000000 4
2376 0.000000 5
2380 -1.000000 4
2383 1.000000 3
2388 1.000000 5
2392 -1.000000 4
2395 1.000000 3
2399 1.000000 4
2402 -1.000000 3
2406 -1.000000 4
2409 1.000000 3
2413 -1.000000 4
2418 0.000000 5
2423 1.000000 5
2428 1.000000 5
2432 1.000000 4
2437 1.000000 5
2441 1.000000 4
2446 1.000000 5
2450 -1.000000 4
2454 1.000000 4
2459 0.000000 5
2463 -1.000000 4
2466 -1.000000 3
2470 1.000000 4
2475 0.000000 5
2480 1.000000 5
2484 1.000000 4
2487 1.000000 3
2490 -1.000000 3
2495 1.000000 5
2498 1.000000 3
2503 1.000000 5
2508 1.000000 5
2512 -1.000000 4
2516 1.000000 4
2520 1.000000 4
2523 -1.000000 3
2527 -1.000000 4
2530 1.000000 3
2535 1.000000 5
2539 1.000000 4
2542 1.000000 3
2545 -1.000000 3
2549 1.000000 4
2554 0.000000 5
2559 0.000000 5
2564 1.000000 5
2568 -1.000000 4
2572 1.000000 4
2576 1.000000 4
2579 1.000000 3
2583 1.000000 4
2587 1.000000 4
2591 -1.000000 4
2595 -1.000000 4
2600 1.000000 5
2604 1.000000 4
2609 1.000000 5
2614 0.000000 5
2617 1.000000 3
2622 1.000000 5
2625 1.000000 3
2630 1.000000 5
2635 1.000000 5
2639 -1.000000 4
2643 1.000000 4
2648 1.000000 5
2651 1.000000 3
2654 1.000000 3
2658 1.000000 4
2663 1.000000 5
2667 -1.000000 4
2671 1.000000 4
2675 1.000000 4
2679 1.000000 4
2684 0.000000 5
2687 -1.000000 3
2692 0.000000 5
2695 -1.000000 3
2700 0.000000 5
2704 1.000000 4
2709 1.000000 5
2713 1.000000 4
2717 1.000000 4
2721 -1.000000 4
2726 0.000000 5
2729 1.000000 3
2732 -1.000000 3
2735 -1.000000 3
2740 0.000000 5
2744 1.000000 4
2749 0.000000 5
2753 -1.000000 4
2757 1.000000 4
2761 1.000000 4
2765 -1.000000 4
2770 1.000000 5
2774 -1.000000 4
2779 1.000000 5
2783 1.000000 4
2787 -1.000000 4
2791 -1.000000 4
2795 -1.000000 4
2799 1.000000 4
2804 0.000000 5
2807 1.000000 3
2812 0.000000 5
2815 1.000000 3
2818 -1.000000 3
2822 -1.000000 4
2826 -1.000000 4
2829 1.000000 3
2832 1.000000 3
2836 1.000000 4
2840 -1.000000 4
2845 0.000000 5
2849 1.000000 4
2852 -1.000000 3
2856 -1.000000 4
2861 0.000000 5
2866 0.000000 5
2871 0.000000 5
2874 -1.000000 3
2879 0.000000 5
2882 -1.000000 3
2887 1.000000 5
2892 0.000000 5
2895 -1.000000 3
2900 1.000000 5
2905 1.000000 5
2909 1.000000 4
2912 1.000000 3
2915 -1.000000 3
2919 1.000000 4
2923 -1.000000 4
2927 1.000000 4
2930 1.000000 3
2933 1.000000 3
2937 -1.000000 4
2940 1.000000 3
2943 -1.000000 3
2946 1.000000 3
2950 -1.000000 4
2954 1.000000 4
2958 1.000000 4
2963 0.000000 5
2967 1.000000 4
2970 -1.000000 3
2974 1.000000 4
2979 1.000000 5
2983 -1.000000 4
2988 1.000000 5
2992 1.000000 4
2997 1.000000 5
3000 1.000000 3
3003 -1.000000 3
3008 0.000000 5
3012 1.000000 4
3016 1.000000 4
3021 1.000000 5
3025 -1.000000 4
3029 1.000000 4
3032 -1.000000 3
3036 1.000000 4
3039 -1.000000 3
3042 -1.000000 3
3046 1.000000 4
3051 1.000000 5
3055 1.000000 4
3058 1.000000 3
3063 1.000000 5
3067 -1.000000 4
3072 1.000000 5
3076 1.000000 4
3079 1.000000 3
3083 1.000000 4
3087 1.000000 4
3090 -1.000000 3
3095 0.000000 5
3100 1.000000 5
3105 1.000000 5
3110 1.000000 5
3115 0.000000 5
3118 1.000000 3
3121 1.000000 3
3126 1.000000 5
3131 0.000000 5
3136 0.000000 5
3139 1.000000 3
3142 1.000000 3
3145 1.000000 3
3149 1.000000 4
3154 1.000000 5
3158 1.000000 4
3162 -1.000000 4
3167 0.000000 5
3172 1.000000 5
3175 1.000000 3
3179 1.000000 4
3184 1.000000 5
3188 1.000000 4
3192 1.000000 4
3196 1.000000 4
3200 -1.000000 4
3205 0.000000 5
3210 0.000000 5
3213 1.000000 3
3217 1.000000 4
3220 -1.000000 3
3223 -1.000000 3
3226 1.000000 3
3229 -1.000000 3
3234 1.000000 5
3237 1.000000 3
3241 -1.000000 4
3245 -1.000000 4
3250 0.000000 5
3254 1.000000 4
3258 -1.000000 4
3263 1.000000 5
3266 -1.000000 3
3271 1.000000 5
3276 1.000000 5
3281 1.000000 5
3286 0.000000 5
3290 -1.000000 4
3295 1.000000 5
3298 1.000000 3
3302 1.000000 4
3307 0.000000 5
3311 -1.000000 4
3316 1.000000 5
3320 1.000000 4
3323 1.000000 3
3327 -1.000000 4
3330 1.000000 3
3334 -1.000000 4
3339 0.000000 5
3344 1.000000 5
3348 1.000000 4
3351 1.000000 3
3356 1.000000 5
3360 -1.000000 4
3364 1.000000 4
3367 -1.000000 3
3371 -1.000000 4
3376 1.000000 5
3381 0.000000 5
3385 -1.000000 4
3390 0.000000 5
3393 1.000000 3
3398 1.000000 5
3402 1.000000 4
3407 1.000000 5
3411 1.000000 4
3414 1.000000 3
3418 -1.000000 4
3423 1.000000 5
3428 1.000000 5
3432 -1.000000 4
3437 1.000000 5
3442 0.000000 5
3446 -1.000000 4
3450 1.000000 4
3455 0.000000 5
3458 1.000000 3
3461 1.000000 3
3465 1.000000 4
3470 1.000000 5
3474 1.000000 4
3479 1.000000 5
3482 1.000000 3
3487 0.000000 5
3491 1.000000 4
3495 1.000000 4
3500 1.000000 5
3504 1.000000 4
3508 1.000000 4
3513 0.000000 5
3518 1.000000 5
3522 1.000000 4
3526 1.000000 4
3530 -1.000000 4
3534 1.000000 4
3539 1.000000 5
3543 -1.000000 4
3548 0.000000 5
3551 1.000000 3
3555 -1.000000 4
3558 -1.000000 3
3562 -1.000000 4
3566 -1.000000 4
3569 -1.000000 3
3573 1.000000 4
3577 -1.000000 4
3581 1.000000 4
3584 1.000000 3
3589 1.000000 5
3592 1.000000 3
3597 0.000000 5
3602 0.000000 5
3605 -1.000000 3
3609 1.000000 4
3613 1.000000 4
3616 1.000000 3
3620 1.000000 4
3623 1.000000 3
3627 1.000000 4
3632 1.000000 5
3636 1.000000 4
3640 1.000000 4
3645 0.000000 5
3649 1.000000 4
3654 1.000000 5
3658 1.000000 4
3662 1.000000 4
3666 1.000000 4
3670 1.000000 4
3675 0.000000 5
3680 1.000000 5
3685 1.000000 5
3689 1.000000 4
3692 1.000000 3
3695 -1.000000 3
3698 1.000000 3
3702 1.000000 4
3707 0.000000 5
3711 1.000000 4
3715 -1.000000 4
3719 1.000000 4
3724 1.000000 5
3727 -1.000000 3
3731 1.000000 4
3736 1.000000 5
3739 1.000000 3
3743 -1.000000 4
3747 1.000000 4
3751 1.000000 4
3755 1.000000 4
3759 1.000000 4
3763 -1.000000 4
3766 1.000000 3
3771 1.000000 5
3774 -1.000000 3
3778 1.000000 4
3782 -1.000000 4
3786 1.000000 4
3791 1.000000 5
3795 -1.000000 4
3799 -1.000000 4
3804 0.000000 5
3808 1.000000 4
3812 1.000000 4
3815 1.000000 3
3818 -1.000000 3
3822 1.000000 4
3827 0.000000 5
3831 1.000000 4
3834 1.000000 3
3838 1.000000 4
3843 0.000000 5
3848 1.000000 5
3853 0.000000 5
3858 0.000000 5
3861 1.000000 3
3864 1.000000 3
3868 -1.000000 4
3872 1.000000 4
3876 1.000000 4
3881 1.000000 5
3885 1.000000 4
3890 0.000000 5
3893 -1.000000 3
3897 -1.000000 4
3902 0.000000 5
3906 1.000000 4
3909 1.000000 3
3914 0.000000 5
3918 1.000000 4
3923 1.000000 5
3927 1.000000 4
3931 1.000000 4
3934 -1.000000 3
3939 1.000000 5
3943 1.000000 4
3947 -1.000000 4
3951 1.000000 4
3956 1.000000 5
3961 1.000000 5
3966 1.000000 5
3969 1.000000 3
3973 1.000000 4
3977 1.000000 4
3981 -1.000000 4
3985 1.000000 4
3990 1.000000 5
3994 -1.000000 4
3998 -1.000000 4
4002 -1.000000 4
4006 -1.000000 4
4011 1.000000 5
4016 0.000000 5
4020 1.000000 4
4023 -1.000000 3
4028 1.000000 5
4031 1.000000 3
4036 1.000000 5
4040 -1.000000 4
4045 1.000000 5
4049 1.000000 4
4053 1.000000 4
4058 1.000000 5
4061 -1.000000 3
4066 1.000000 5
4069 -1.000000 3
4073 -1.000000 4
4077 -1.000000 4
4080 1.000000 3
4084 1.000000 4
4089 0.000000 5
4093 1.000000 4
4096 1.000000 3
4100 -1.000000 4
4105 1.000000 5
4110 1.000000 5
4114 1.000000 4
4118 1.000000 4
4121 1.000000 3
4126 1.000000 5
4131 1.000000 5
4135 1.000000 4
4140 1.000000 5
4144 1.000000 4
4147 -1.000000 3
4151 -1.000000 4
4154 1.000000 3
4157 -1.000000 3
4161 1.000000 4
4164 -1.000000 3
4168 1.000000 4
4172 1.000000 4
4175 -1.000000 3
4180 1.000000 5
4184 1.000000 4
4189 1.000000 5
4193 1.000000 4
4197 -1.000000 4
4202 1.000000 5
4206 1.000000 4
4209 -1.000000 3
4214 1.000000 5
4218 -1.000000 4
4221 1.000000 3
4224 -1.000000 3
4228 -1.000000 4
4232 1.000000 4
4237 1.000000 5
4240 1.000000 3
4243 1.000000 3
4247 -1.000000 4
4251 -1.000000 4
4255 -1.000000 4
4259 -1.000000 4
4263 1.000000 4
4268 1.000000 5
4272 1.000000 4
4276 1.000000 4
4281 0.000000 5
4286 0.000000 5
4290 1.000000 4
4294 1.000000 4
4298 -1.000000 4
4302 1.000000 4
4307 0.000000 5
4311 -1.000000 4
4315 1.000000 4
4318 -1.000000 3
4321 1.000000 3
4326 1.000000 5
4331 1.000000 5
4334 -1.000000 3
4339 1.000000 5
4344 1.000000 5
4347 1.000000 3
4352 1.000000 5
4357 1.000000 5
4362 1.000000 5
4367 0.000000 5
4371 1.000000 4
4376 1.000000 5
4379 1.000000 3
4384 1.000000 5
4389 0.000000 5
4394 1.000000 5
4399 0.000000 5
4403 1.000000 4
4407 -1.000000 4
4411 1.000000 4
4415 -1.000000 4
4418 -1.000000 3
4422 -1.000000 4
4426 1.000000 4
4431 0.000000 5
4435 1.000000 4
4440 1.000000 5
4444 1.000000 4
4447 -1.000000 3
4451 1.000000 4
4455 1.000000 4
4460 0.000000 5
4464 -1.000000 4
4468 1.000000 4
4473 0.000000 5
4478 1.000000 5
4483 1.000000 5
4488 0.000000 5
4492 1.000000 4
4495 -1.000000 3
4498 -1.000000 3
4501 1.000000 3
4505 1.000000 4
4509 1.000000 4
4512 -1.000000 3
4517 1.000000 5
4522 0.000000 5
4526 1.000000 4
4531 0.000000 5
4536 1.000000 5
4541 0.000000 5
4545 1.000000 4
4549 -1.000000 4
4554 1.000000 5
4557 1.000000 3
4561 1.000000 4
4565 1.000000 4
4569 -1.000000 4
4573 1.000000 4
4578 1.000000 5
4581 -1.000000 3
4585 1.000000 4
4589 1.000000 4
4592 -1.000000 3
4596 1.000000 4
4601 0.000000 5
4605 1.000000 4
4608 -1.000000 3
4613 1.000000 5
4616 -1.000000 3
4620 1.000000 4
4623 -1.000000 3
4628 0.000000 5
4632 -1.000000 4
4636 -1.000000 4
4640 -1.000000 4
4645 1.000000 5
4649 1.000000 4
4653 -1.000000 4
4656 1.000000 3
4660 -1.000000 4
4664 -1.000000 4
4667 1.000000 3
4672 0.000000 5
4675 1.000000 3
4680 0.000000 5
4685 1.000000 5
4689 -1.000000 4
4693 1.000000 4
4697 -1.000000 4
4701 -1.000000 4
4706 0.000000 5
4710 -1.000000 4
4714 -1.000000 4
4719 1.000000 5
4723 -1.000000 4
4727 -1.000000 4
4731 -1.000000 4
4735 1.000000 4
4739 1.000000 4
4742 1.000000 3
4746 -1.000000 4
4751 0.000000 5
4755 1.000000 4
4759 -1.000000 4
4764 0.000000 5
4767 1.000000 3
4772 1.000000 5
4776 1.000000 4
4780 1.000000 4
4783 1.000000 3
4786 -1.000000 3
4791 0.000000 5
4796 0.000000 5
4800 1.000000 4
4804 1.000000 4
4808 1.000000 4
4811 1.000000 3
4814 1.000000 3
4818 -1.000000 4
4823 1.000000 5
4827 1.000000 4
4831 1.000000 4
4835 1.000000 4
4839 1.000000 4
4843 -1.000000 4
4847 1.000000 4
4851 1.000000 4
4856 1.000000 5
4860 1.000000 4
4864 1.000000 4
4867 -1.000000 3
4870 1.000000 3
4875 1.000000 5
4878 -1.000000 3
4883 1.000000 5
4888 0.000000 5
4892 1.000000 4
4897 0.000000 5
4902 1.000000 5
4906 1.000000 4
4911 0.000000 5
4914 1.000000 3
4918 -1.000000 4
4923 1.000000 5
4928 1.000000 5
4932 1.000000 4
4937 1.000000 5
4941 1.000000 4
4945 1.000000 4
4949 1.000000 4
4953 1.000000 4
4958 1.000000 5
4962 1.000000 4
4966 1.000000 4
4970 -1.000000 4
4975 1.000000 5
4979 -1.000000 4
4983 1.000000 4
4987 1.000000 4
4991 1.000000 4
4995 1.000000 4
5000 1.000000 5
5004 1.000000 4
5008 1.000000 4
5013 1.000000 5
5017 -1.000000 4
5021 1.000000 4
5024 -1.000000 3
5028 1.000000 4
5032 1.000000 4
5036 1.000000 4
5041 1.000000 5
5044 1.000000 3
5049 0.000000 5
5054 1.000000 5
5059 0.000000 5
5064 1.000000 5
5069 1.000000 5
5073 -1.000000 4
5078 1.000000 5
5082 -1.000000 4
5085 1.000000 3
5089 1.000000 4
5093 -1.000000 4
5096 -1.000000 3
5101 0.000000 5
5105 1.000000 4
5109 1.000000 4
5113 1.000000 4
5117 -1.000000 4
5121 1.000000 4
5124 -1.000000 3
5127 -1.000000 3
5131 1.000000 4
5136 1.000000 5
5140 1.000000 4
5145 1.000000 5
5149 1.000000 4
5153 1.000000 4
5157 1.000000 4
5162 1.000000 5
5167 0.000000 5
5171 -1.000000 4
5176 1.000000 5
5181 1.000000 5
5186 0.000000 5
5191 0.000000 5
5196 1.000000 5
5201 1.000000 5
5205 -1.000000 4
5210 0.000000 5
5213 1.000000 3
5217 -1.000000 4
5221 1.000000 4
5226 1.000000 5
5230 -1.000000 4
5234 -1.000000 4
5238 -1.000000 4
5242 -1.000000 4
5246 1.000000 4
5250 1.000000 4
5255 0.000000 5
5258 1.000000 3
5262 -1.000000 4
5266 1.000000 4
5269 1.000000 3
5272 1.000000 3
5277 0.000000 5
5281 1.000000 4
5285 -1.000000 4
5290 0.000000 5
5295 1.000000 5
5299 1.000000 4
5303 -1.000000 4
5307 -1.000000 4
5311 1.000000 4
5315 1.000000 4
5319 1.000000 4
5323 -1.000000 4
5328 1.000000 5
5332 -1.000000 4
5336 1.000000 4
5339 1.000000 3
5343 -1.000000 4
5347 1.000000 4
5350 1.000000 3
5354 1.000000 4
5357 1.000000 3
5361 -1.000000 4
5365 1.000000 4
5370 0.000000 5
5373 -1.000000 3
5376 -1.000000 3
5381 0.000000 5
5384 1.000000 3
5388 1.000000 4
5392 1.000000 4
5396 -1.000000 4
5401 1.000000 5
5406 1.000000 5
5410 1.000000 4
5414 -1.000000 4
5419 1.000000 5
5423 -1.000000 4
5426 1.000000 3
5429 -1.000000 3
5434 1.000000 5
5438 1.000000 4
5442 1.000000 4
5446 1.000000 4
5450 1.000000 4
5454 1.000000 4
5459 1.000000 5
5462 1.000000 3
5466 1.000000 4
5469 -1.000000 3
5472 1.000000 3
5476 1.000000 4
5481 1.000000 5
5484 -1.000000 3
5489 1.000000 5
5494 1.000000 5
5498 1.000000 4
5501 -1.000000 3
5506 1.000000 5
5511 1.000000 5
5515 1.000000 4
5520 0.000000 5
5524 1.000000 4
5529 0.000000 5
5533 1.000000 4
5537 -1.000000 4
5541 -1.000000 4
5546 0.000000 5
5550 1.000000 4
5553 1.000000 3
5556 1.000000 3
5560 1.000000 4
5564 -1.000000 4
5569 0.000000 5
5573 1.000000 4
5577 1.000000 4
5580 1.000000 3
5585 1.000000 5
5588 1.000000 3
5592 -1.000000 4
5595 1.000000 3
5598 -1.000000 3
5603 0.000000 5
5606 1.000000 3
5610 1.000000 4
5615 0.000000 5
5620 1.000000 5
5624 -1.000000 4
5628 1.000000 4
5631 1.000000 3
5636 0.000000 5
5641 1.000000 5
5645 1.000000 4
5649 -1.000000 4
5654 0.000000 5
5657 1.000000 3
5662 1.000000 5
5666 -1.000000 4
5670 -1.000000 4
5674 -1.000000 4
5678 -1.000000 4
5682 1.000000 4
5685 1.000000 3
5689 1.000000 4
5694 1.000000 5
5698 -1.000000 4
5702 1.000000 4
5705 1.000000 3
5709 1.000000 4
5714 0.000000 5
5718 1.000000 4
5722 1.000000 4
5727 1.000000 5
5732 1.000000 5
5737 1.000000 5
5741 -1.000000 4
5746 1.000000 5
5751 1.000000 5
5755 1.000000 4
5760 0.000000 5
5764 1.000000 4
5767 1.000000 3
5771 -1.000000 4
5775 1.000000 4
5779 -1.000000 4
5784 1.000000 5
5788 1.000000 4
5793 0.000000 5
5796 1.000000 3
5800 -1.000000 4
5804 1.000000 4
5807 1.000000 3
5810 1.000000 3
5814 1.000000 4
5817 1.000000 3
5821 -1.000000 4
5824 1.000000 3
5829 1.000000 5
5833 1.000000 4
5838 1.000000 5
5842 -1.000000 4
5847 0.000000 5
5851 1.000000 4
5856 1.000000 5
5861 1.000000 5
5865 1.000000 4
5869 -1.000000 4
5873 -1.000000 4
5877 -1.000000 4
5882 0.000000 5
5885 -1.000000 3
5889 -1.000000 4
5892 -1.000000 3
5896 -1.000000 4
5900 1.000000 4
5904 1.000000 4
5908 1.000000 4
5913 1.000000 5
5916 1.000000 3
5920 -1.000000 4
5924 -1.000000 4
5927 1.000000 3
5932 1.000000 5
5936 -1.000000 4
5941 0.000000 5
5946 0.000000 5
5951 1.000000 5
5955 1.000000 4
5959 1.000000 4
5964 0.000000 5
5969 0.000000 5
5974 0.000000 5
5979 0.000000 5
5984 0.000000 5
5988 -1.000000 4
5991 -1.000000 3
5994 1.000000 3
5997 -1.000000 3
6001 1.000000 4
6006 0.000000 5
6010 1.000000 4
6014 1.000000 4
6019 0.000000 5
6022 1.000000 3
6026 1.000000 4
6030 -1.000000 4
6033 1.000000 3
6038 1.000000 5
6043 0.000000 5
6048 1.000000 5
6053 1.000000 5
6058 0.000000 5
6062 1.000000 4
6066 -1.000000 4
6070 1.000000 4
6075 1.000000 5
6080 1.000000 5
6084 1.000000 4
6089 1.000000 5
6093 -1.000000 4
6098 1.000000 5
6103 1.000000 5
6106 -1.000000 3
6109 1.000000 3
6114 1.000000 5
6118 1.000000 4
6122 1.000000 4
6127 1.000000 5
6132 1.000000 5
6136 -1.000000 4
6141 1.000000 5
6145 -1.000000 4
6150 1.000000 5
6153 -1.000000 3
6158 0.000000 5
6162 1.000000 4
6166 -1.000000 4
6171 1.000000 5
6175 -1.000000 4
6179 -1.000000 4
6182 1.000000 3
6187 0.000000 5
6192 1.000000 5
6197 1.000000 5
6200 -1.000000 3
6203 1.000000 3
6208 0.000000 5
6212 1.000000 4
6217 1.000000 5
6222 1.000000 5
6227 1.000000 5
6232 0.000000 5
6236 -1.000000 4
6241 1.000000 5
6244 1.000000 3
6248 1.000000 4
6253 1.000000 5
6257 -1.000000 4
6260 -1.000000 3
6265 1.000000 5
6269 -1.000000 4
6273 -1.000000 4
6276 1.000000 3
6280 1.000000 4
6284 1.000000 4
6288 -1.000000 4
6292 1.000000 4
6295 1.000000 3
6299 1.000000 4
6304 1.000000 5
6309 1.000000 5
6313 -1.000000 4
6316 -1.000000 3
6320 -1.000000 4
6325 1.000000 5
6329 -1.000000 4
6333 1.000000 4
6338 0.000000 5
6343 1.000000 5
6348 0.000000 5
6352 1.000000 4
6356 1.000000 4
6360 1.000000 4
6364 -1.000000 4
6369 0.000000 5
6373 -1.000000 4
6377 -1.000000 4
6381 -1.000000 4
6385 1.000000 4
6388 1.000000 3
6391 1.000000 3
6395 1.000000 4
6399 1.000000 4
6403 1.000000 4
6407 1.000000 4
6410 -1.000000 3
6414 1.000000 4
6417 1.000000 3
6422 1.000000 5
6425 -1.000000 3
6428 -1.000000 3
6431 1.000000 3
6435 1.000000 4
6440 1.000000 5
6444 1.000000 4
6448 1.000000 4
6453 1.000000 5
6458 1.000000 5
6463 1.000000 5
6467 1.000000 4
6471 -1.000000 4
6475 -1.000000 4
6480 1.000000 5
6484 1.000000 4
6489 1.000000 5
6493 1.000000 4
6498 1.000000 5
6503 0.000000 5
6508 1.000000 5
6511 1.000000 3
6516 1.000000 5
6520 -1.000000 4
6525 1.000000 5
6529 1.000000 4
6534 1.000000 5
6537 1.000000 3
6541 -1.000000 4
6544 -1.000000 3
6548 1.000000 4
6552 1.000000 4
6556 -1.000000 4
6561 1.000000 5
6564 -1.000000 3
6568 1.000000 4
6572 1.000000 4
6577 0.000000 5
6582 1.000000 5
6587 0.000000 5
6592 1.000000 5
6596 1.000000 4
6601 1.000000 5
6606 0.000000 5
6611 1.000000 5
6615 1.000000 4
6619 1.000000 4
6622 1.000000 3
6625 -1.000000 3
6629 1.000000 4
6634 1.000000 5
6637 -1.000000 3
6640 -1.000000 3
6644 1.000000 4
6649 1.000000 5
6654 1.000000 5
6658 -1.000000 4
6663 1.000000 5
6666 -1.000000 3
6670 -1.000000 4
6675 0.000000 5
6679 1.000000 4
6683 1.000000 4
6688 0.000000 5
6692 -1.000000 4
6696 -1.000000 4
6701 1.000000 5
6706 0.000000 5
6709 -1.000000 3
6713 -1.000000 4
6717 1.000000 4
6720 -1.000000 3
6724 1.000000 4
6727 1.000000 3
6730 1.000000 3
6733 -1.000000 3
6738 0.000000 5
6743 0.000000 5
6748 1.000000 5
6753 1.000000 5
6756 1.000000 3
6760 -1.000000 4
6764 1.000000 4
6768 -1.000000 4
6772 1.000000 4
6777 1.000000 5
6781 1.000000 4
6784 1.000000 3
6788 1.000000 4
6793 1.000000 5
6797 1.000000 4
6801 1.000000 4
6805 1.000000 4
6810 0.000000 5
6815 0.000000 5
6820 1.000000 5
6824 1.000000 4
6829 1.000000 5
6833 1.000000 4
6836 -1.000000 3
6841 1.000000 5
6846 1.000000 5
6851 1.000000 5
6856 1.000000 5
6861 0.000000 5
6866 0.000000 5
6870 -1.000000 4
6874 1.000000 4
6878 -1.000000 4
6881 1.000000 3
6886 1.000000 5
6890 -1.000000 4
6894 1.000000 4
6897 1.000000 3
6902 1.000000 5
6907 0.000000 5
6911 -1.000000 4
6914 1.000000 3
6919 1.000000 5
6923 -1.000000 4
6927 -1.000000 4
6932 1.000000 5
6936 -1.000000 4
6941 1.000000 5
6945 1.000000 4
6950 0.000000 5
6954 -1.000000 4
6959 1.000000 5
6963 -1.000000 4
6968 1.000000 5
6973 1.000000 5
6977 -1.000000 4
6981 -1.000000 4
6984 1.000000 3
6988 1.000000 4
6992 -1.000000 4
6997 0.000000 5
7001 -1.000000 4
7005 1.000000 4
7009 -1.000000 4
7014 1.000000 5
7019 0.000000 5
7023 1.000000 4
7028 1.000000 5
7033 1.000000 5
7038 1.000000 5
7043 1.000000 5
7048 1.000000 5
7052 1.000000 4
7055 1.000000 3
7060 0.000000 5
7064 1.000000 4
7069 1.000000 5
7073 1.000000 4
7076 -1.000000 3
7080 -1.000000 4
7085 1.000000 5
7089 -1.000000 4
7094 1.000000 5
7097 1.000000 3
7100 -1.000000 3
7104 -1.000000 4
7108 -1.000000 4
7113 1.000000 5
7116 1.000000 3
7120 -1.000000 4
7123 -1.000000 3
7126 1.000000 3
7130 1.000000 4
7135 1.000000 5
7139 -1.000000 4
7144 0.000000 5
7148 1.000000 4
7152 -1.000000 4
7157 0.000000 5
7161 1.000000 4
7166 1.000000 5
7171 0.000000 5
7176 1.000000 5
7181 0.000000 5
7185 1.000000 4
7189 1.000000 4
7193 -1.000000 4
7198 0.000000 5
7202 1.000000 4
7207 0.000000 5
7210 1.000000 3
7214 1.000000 4
7218 1.000000 4
7223 0.000000 5
7227 -1.000000 4
7232 1.000000 5
7236 1.000000 4
7240 -1.000000 4
7243 1.000000 3
7247 1.000000 4
7252 1.000000 5
7256 -1.000000 4
7260 -1.000000 4
7263 -1.000000 3
7267 1.000000 4
7271 -1.000000 4
7276 0.000000 5
7280 1.000000 4
7284 1.000000 4
7288 1.000000 4
7291 -1.000000 3
7294 1.000000 3
7298 1.000000 4
7302 1.000000 4
7306 -1.000000 4
7310 -1.000000 4
7315 1.000000 5
7320 1.000000 5
7325 0.000000 5
7329 -1.000000 4
7333 1.000000 4
7336 1.000000 3
7339 1.000000 3
7344 1.000000 5
7348 -1.000000 4
7352 1.000000 4
7356 1.000000 4
7359 1.000000 3
7363 -1.000000 4
7367 1.000000 4
7372 1.000000 5
7376 1.000000 4
7380 1.000000 4
7384 -1.000000 4
7388 -1.000000 4
7392 -1.000000 4
7397 1.000000 5
7402 1.000000 5
7406 1.000000 4
7410 1.000000 4
7414 1.000000 4
7419 1.000000 5
7423 -1.000000 4
7426 -1.000000 3
7431 0.000000 5
7436 1.000000 5
7440 -1.000000 4
7444 1.000000 4
7448 -1.000000 4
7453 1.000000 5
7458 1.000000 5
7463 1.000000 5
7466 -1.000000 3
7470 -1.000000 4
7474 -1.000000 4
7478 1.000000 4
7481 -1.000000 3
7484 1.000000 3
7489 1.000000 5
7493 1.000000 4
7496 -1.000000 3
7501 1.000000 5
7506 1.000000 5
7511 1.000000 5
7516 1.000000 5
7519 -1.000000 3
7523 1.000000 4
7528 0.000000 5
7532 1.000000 4
7536 1.000000 4
7541 1.000000 5
7545 1.000000 4
7549 -1.000000 4
7554 0.000000 5
7558 1.000000 4
7563 1.000000 5
7568 1.000000 5
7573 0.000000 5
7577 1.000000 4
7581 1.000000 4
7586 0.000000 5
7590 1.000000 4
7594 -1.000000 4
7599 1.000000 5
7604 1.000000 5
7609 1.000000 5
7614 1.000000 5
7618 1.000000 4
7623 0.000000 5
7626 1.000000 3
7631 1.000000 5
7634 1.000000 3
7639 0.000000 5
7644 0.000000 5
7648 1.000000 4
7652 -1.000000 4
7657 1.000000 5
7661 1.000000 4
7664 1.000000 3
7668 1.000000 4
7672 -1.000000 4
7675 1.000000 3
7678 1.000000 3
7683 0.000000 5
7686 1.000000 3
7691 1.000000 5
7696 0.000000 5
7700 1.000000 4
7704 -1.000000 4
7708 -1.000000 4
7711 1.000000 3
7716 0.000000 5
7719 1.000000 3
7724 1.000000 5
7728 1.000000 4
7732 -1.000000 4
7736 -1.000000 4
7740 1.000000 4
7745 1.000000 5
7749 1.000000 4
7753 1.000000 4
7757 1.000000 4
7761 -1.000000 4
7765 1.000000 4
7769 -1.000000 4
7773 1.000000 4
7778 0.000000 5
7782 -1.000000 4
7786 -1.000000 4
7790 -1.000000 4
7795 1.000000 5
7798 1.000000 3
7802 -1.000000 4
7806 -1.000000 4
7810 1.000000 4
7814 1.000000 4
7817 1.000000 3
7821 1.000000 4
7826 1.000000 5
7830 -1.000000 4
7834 1.000000 4
7838 -1.000000 4
7843 1.000000 5
7848 0.000000 5
7851 1.000000 3
7856 1.000000 5
7860 1.000000 4
7865 0.000000 5
7870 1.000000 5
7874 -1.000000 4
7877 1.000000 3
7882 1.000000 5
7887 1.000000 5
7890 1.000000 3
7893 1.000000 3
7898 1.000000 5
7903 1.000000 5
7906 1.000000 3
7911 1.000000 5
7916 1.000000 5
7920 1.000000 4
7925 0.000000 5
7928 1.000000 3
7933 1.000000 5
7936 1.000000 3
7939 -1.000000 3
7943 1.000000 4
7948 1.000000 5
7952 -1.000000 4
7956 1.000000 4
7961 0.000000 5
7966 1.000000 5
7970 -1.000000 4
7973 1.000000 3
7978 0.000000 5
7983 0.000000 5
7986 -1.000000 3
7989 -1.000000 3
7993 1.000000 4
7998 1.000000 5
8003 0.000000 5
8007 1.000000 4
8010 1.000000 3
8014 1.000000 4
8019 0.000000 5
8022 -1.000000 3
8027 0.000000 5
8031 -1.000000 4
8036 1.000000 5
8040 -1.000000 4
8044 -1.000000 4
8049 1.000000 5
8053 -1.000000 4
8057 1.000000 4
8060 -1.000000 3
8063 1.000000 3
8066 -1.000000 3
8070 -1.000000 4
8074 -1.000000 4
8078 1.000000 4
8081 -1.000000 3
8085 -1.000000 4
8088 1.000000 3
8091 1.000000 3
8094 -1.000000 3
8098 1.000000 4
8103 0.000000 5
8107 1.000000 4
8110 -1.000000 3
8114 -1.000000 4
8119 1.000000 5
8122 1.000000 3
8126 1.000000 4
8131 1.000000 5
8136 1.000000 5
8140 -1.000000 4
8145 1.000000 5
8148 -1.000000 3
8152 -1.000000 4
8157 1.000000 5
8161 -1.000000 4
8166 0.000000 5
8171 1.000000 5
8175 -1.000000 4
8179 1.000000 4
8183 1.000000 4
8187 -1.000000 4
8191 1.000000 4
8196 1.000000 5
8199 -1.000000 3
8203 -1.000000 4
8207 -1.000000 4
8211 -1.000000 4
8216 0.000000 5
8220 1.000000 4
8225 1.000000 5
8229 1.000000 4
8232 1.000000 3
8236 1.000000 4
8241 0.000000 5
8246 1.000000 5
8251 0.000000 5
8256 0.000000 5
8260 1.000000 4
8265 0.000000 5
8269 -1.000000 4
8273 1.000000 4
8277 -1.000000 4
8282 0.000000 5
8287 1.000000 5
8292 1.000000 5
8295 1.000000 3
8300 1.000000 5
8304 -1.000000 4
8308 1.000000 4
8313 1.000000 5
8317 -1.000000 4
8321 -1.000000 4
8326 1.000000 5
8330 -1.000000 4
8335 0.000000 5
8339 1.000000 4
8342 1.000000 3
8346 1.000000 4
8350 1.000000 4
8354 -1.000000 4
8358 1.000000 4
8361 1.000000 3
8364 -1.000000 3
8369 1.000000 5
8373 1.000000 4
8377 1.000000 4
8382 1.000000 5
8386 -1.000000 4
8391 0.000000 5
8396 0.000000 5
8399 1.000000 3
8403 1.000000 4
8406 1.000000 3
8410 1.000000 4
8413 1.000000 3
8418 0.000000 5
8421 1.000000 3
8424 -1.000000 3
8427 1.000000 3
8432 0.000000 5
8435 -1.000000 3
8438 -1.000000 3
8442 1.000000 4
8447 1.000000 5
8451 1.000000 4
8456 0.000000 5
8460 -1.000000 4
8465 0.000000 5
8469 1.000000 4
8472 -1.000000 3
8476 -1.000000 4
8480 -1.000000 4
8484 -1.000000 4
8488 -1.000000 4
8491 1.000000 3
8495 1.000000 4
8500 1.000000 5
8505 0.000000 5
8509 -1.000000 4
8513 1.000000 4
8516 -1.000000 3
8520 -1.000000 4
8524 -1.000000 4
8529 1.000000 5
8534 1.000000 5
8538 1.000000 4
8543 0.000000 5
8548 1.000000 5
8552 1.000000 4
8555 1.000000 3
8559 -1.000000 4
8564 1.000000 5
8568 1.000000 4
8572 1.000000 4
8577 0.000000 5
8580 1.000000 3
8583 -1.000000 3
8588 1.000000 5
8592 1.000000 4
8595 -1.000000 3
8599 1.000000 4
8603 1.000000 4
8606 1.000000 3
8611 1.000000 5
8615 1.000000 4
8620 1.000000 5
8624 1.000000 4
8629 1.000000 5
8632 1.000000 3
8637 1.000000 5
8642 1.000000 5
8646 1.000000 4
8651 1.000000 5
8656 1.000000 5
8660 1.000000 4
8665 1.000000 5
8670 1.000000 5
8674 1.000000 4
8678 1.000000 4
8683 1.000000 5
8687 1.000000 4
8691 -1.000000 4
8696 1.000000 5
8701 1.000000 5
8705 1.000000 4
8708 -1.000000 3
8713 0.000000 5
8717 -1.000000 4
8721 -1.000000 4
8724 1.000000 3
8728 1.000000 4
8733 0.000000 5
8737 -1.000000 4
8740 1.000000 3
8745 1.000000 5
8749 -1.000000 4
8752 1.000000 3
8756 -1.000000 4
8761 0.000000 5
8766 0.000000 5
8770 1.000000 4
8775 0.000000 5
8779 1.000000 4
8783 -1.000000 4
8788 1.000000 5
8792 -1.000000 4
8796 1.000000 4
8800 1.000000 4
8805 1.000000 5
8809 -1.000000 4
8813 1.000000 4
8817 1.000000 4
8821 -1.000000 4
8825 1.000000 4
8830 1.000000 5
8835 0.000000 5
8840 1.000000 5
8844 1.000000 4
8848 -1.000000 4
8852 1.000000 4
8857 1.000000 5
8861 -1.000000 4
8864 1.000000 3
8869 1.000000 5
8872 1.000000 3
8877 1.000000 5
8881 1.000000 4
8885 1.000000 4
8888 1.000000 3
8892 1.000000 4
8897 0.000000 5
8901 1.000000 4
8905 1.000000 4
8908 1.000000 3
8913 1.000000 5
8918 1.000000 5
8923 1.000000 5
8927 1.000000 4
8930 1.000000 3
8935 1.000000 5
8939 1.000000 4
8943 1.000000 4
8947 1.000000 4
8950 1.000000 3
8954 1.000000 4
8958 -1.000000 4
8962 1.000000 4
8967 1.000000 5
8971 -1.000000 4
8975 -1.000000 4
8979 1.000000 4
8983 1.000000 4
8987 1.000000 4
8992 0.000000 5
8996 1.000000 4
9001 1.000000 5
9005 -1.000000 4
9009 1.000000 4
9013 1.000000 4
9016 -1.000000 3
9020 -1.000000 4
9023 -1.000000 3
9027 1.000000 4
9030 1.000000 3
9034 1.000000 4
9037 1.000000 3
9041 -1.000000 4
9045 1.000000 4
9049 1.000000 4
9053 1.000000 4
9057 1.000000 4
9060 1.000000 3
9063 -1.000000 3
9068 0.000000 5
9071 1.000000 3
9075 1.000000 4
9079 1.000000 4
9083 1.000000 4
9088 1.000000 5
9092 1.000000 4
9095 1.000000 3
9100 0.000000 5
9104 1.000000 4
9107 -1.000000 3
9111 1.000000 4
9114 1.000000 3
9117 1.000000 3
9121 -1.000000 4
9126 0.000000 5
9130 1.000000 4
9134 1.000000 4
9139 1.000000 5
9143 1.000000 4
9148 1.000000 5
9152 -1.000000 4
9157 0.000000 5
9161 -1.000000 4
9166 0.000000 5
9170 1.000000 4
9173 1.000000 3
9177 -1.000000 4
9181 1.000000 4
9185 -1.000000 4
9190 1.000000 5
9194 1.000000 4
9199 1.000000 5
9202 -1.000000 3
9206 1.000000 4
9211 1.000000 5
9215 1.000000 4
9219 1.000000 4
9223 1.000000 4
9228 0.000000 5
9232 1.000000 4
9236 -1.000000 4
9240 1.000000 4
9243 -1.000000 3
9248 0.000000 5
9252 1.000000 4
9256 1.000000 4
9261 0.000000 5
9265 -1.000000 4
9268 -1.000000 3
9271 -1.000000 3
9275 -1.000000 4
9280 0.000000 5
9283 1.000000 3
9288 1.000000 5
9291 1.000000 3
9296 1.000000 5
9300 1.000000 4
9303 -1.000000 3
9306 1.000000 3
9311 1.000000 5
9316 1.000000 5
9320 1.000000 4
9324 1.000000 4
9329 1.000000 5
9334 1.000000 5
9337 1.000000 3
9341 -1.000000 4
9344 -1.000000 3
9348 1.000000 4
9352 -1.000000 4
9355 1.000000 3
9359 1.000000 4
9364 1.000000 5
9368 -1.000000 4
9373 0.000000 5
9377 1.000000 4
9381 1.000000 4
9386 0.000000 5
9390 1.000000 4
9393 -1.000000 3
9397 1.000000 4
9401 -1.000000 4
9405 1.000000 4
9410 1.000000 5
9413 -1.000000 3
9418 0.000000 5
9421 -1.000000 3
9426 0.000000 5
9430 1.000000 4
9435 0.000000 5
9439 -1.000000 4
9443 1.000000 4
9447 -1.000000 4
9451 -1.000000 4
9455 -1.000000 4
9459 1.000000 4
9463 1.000000 4
9467 -1.000000 4
9470 -1.000000 3
9473 -1.000000 3
9476 -1.000000 3
9481 1.000000 5
9486 0.000000 5
9490 -1.000000 4
9494 1.000000 4
9497 -1.000000 3
9500 -1.000000 3
9504 1.000000 4
9508 1.000000 4
9512 -1.000000 4
9517 1.000000 5
9520 1.000000 3
9524 1.000000 4
9528 1.000000 4
9532 -1.000000 4
9537 1.000000 5
9541 1.000000 4
9544 1.000000 3
9549 0.000000 5
9553 1.000000 4
9557 -1.000000 4
9561 1.000000 4
9565 1.000000 4
9569 1.000000 4
9574 1.000000 5
9579 0.000000 5
9584 1.000000 5
9587 -1.000000 3
9592 1.000000 5
9596 -1.000000 4
9600 1.000000 4
9605 0.000000 5
9610 0.000000 5
9614 1.000000 4
9618 1.000000 4
9623 1.000000 5
9626 -1.000000 3
9629 -1.000000 3
9634 1.000000 5
9639 0.000000 5
9642 1.000000 3
9645 1.000000 3
9649 1.000000 4
9653 1.000000 4
9658 0.000000 5
9661 1.000000 3
9665 1.000000 4
9669 1.000000 4
9672 -1.000000 3
9677 0.000000 5
9681 1.000000 4
9685 1.000000 4
9689 1.000000 4
9693 1.000000 4
9698 1.000000 5
9702 1.000000 4
9707 0.000000 5
9710 -1.000000 3
9715 1.000000 5
9718 1.000000 3
9722 1.000000 4
9727 1.000000 5
9731 1.000000 4
9735 1.000000 4
9739 1.000000 4
9744 0.000000 5
9748 -1.000000 4
9752 1.000000 4
9757 1.000000 5
9761 1.000000 4
9765 -1.000000 4
9768 1.000000 3
9772 -1.000000 4
9777 1.000000 5
9782 1.000000 5
9786 1.000000 4
9789 1.000000 3
9793 1.000000 4
9798 0.000000 5
9802 1.000000 4
9806 1.000000 4
9810 -1.000000 4
9814 1.000000 4
9818 -1.000000 4
9821 -1.000000 3
9826 1.000000 5
9830 1.000000 4
9834 -1.000000 4
9838 1.000000 4
9842 1.000000 4
9846 1.000000 4
9851 0.000000 5
9855 1.000000 4
9858 -1.000000 3
9863 1.000000 5
9866 -1.000000 3
9870 -1.000000 4
9873 1.000000 3
9878 1.000000 5
9882 -1.000000 4
9886 1.000000 4
9891 0.000000 5
9894 -1.000000 3
9899 1.000000 5
9902 -1.000000 3
9906 -1.000000 4
9910 1.000000 4
9914 1.000000 4
9919 1.000000 5
9922 -1.000000 3
9926 -1.000000 4
9931 1.000000 5
9935 1.000000 4
9938 1.000000 3
9942 1.000000 4
9946 1.000000 4
9950 -1.000000 4
9954 1.000000 4
9959 0.000000 5
9964 0.000000 5
9968 1.000000 4
9971 -1.000000 3
9975 1.000000 4
9980 0.000000 5
9984 1.000000 4
9988 1.000000 4
9993 1.000000 5
9998 1.000000 5
10001 1.000000 3
10004 -1.000000 3
10007 -1.000000 3
10010 -1.000000 3
10013 -1.000000 3
10016 -1.000000 3
10019 -1.000000 3
10022 -1.000000 3
10025 -1.000000 3
10028 -1.000000 3
10031 -1.000000 3
10034 -1.000000 3
10037 -1.000000 3
10040 -1.000000 3
10043 -1.000000 3
10046 -1.000000 3
10049 -1.000000 3
10052 -1.000000 3
10055 -1.000000 3
10058 -1.000000 3
10061 -1.000000 3
10064 -1.000000 3
10067 -1.000000 3
10070 -1.000000 3
10073 -1.000000 3
10076 -1.000000 3
10079 -1.000000 3
10082 -1.000000 3
10085 -1.000000 3
10088 -1.000000 3
10091 -1.000000 3
10094 -1.000000 3
10097 -1.000000 3
10100 -1.000000 3
10103 -1.000000 3
10106 -1.000000 3
10109 -1.000000 3
10112 -1.000000 3
10115 -1.000000 3
10118 -1.000000 3
10121 -1.000000 3
10124 -1.000000 3
10127 -1.000000 3
10130 -1.000000 3
10133 -1.000000 3
10136 -1.000000 3
10139 -1.000000 3
10142 -1.000000 3
10145 -1.000000 3
10148 -1.000000 3
10151 -1.000000 3
10154 -1.000000 3
10157 -1.000000 3
10160 -1.000000 3
10163 -1.000000 3
10166 -1.000000 3
10169 -1.000000 3
10172 -1.000000 3
10175 -1.000000 3
10178 -1.000000 3
10181 -1.000000 3
10184 -1.000000 3
10187 -1.000000 3
10190 -1.000000 3
10193 -1.000000 3
10196 -1.000000 3
10199 -1.000000 3
10202 -1.000000 3
10205 -1.000000 3
10208 -1.000000 3
10211 -1.000000 3
10214 -1.000000 3
10217 -1.000000 3
10220 -1.000000 3
10223 -1.000000 3
10226 -1.000000 3
10229 -1.000000 3
10232 -1.000000 3
10235 -1.000000 3
10238 -1.000000 3
10241 -1.000000 3
10244 -1.000000 3
10247 -1.000000 3
10250 -1.000000 3
10253 -1.000000 3
10256 -1.000000 3
10259 -1.000000 3
10262 -1.000000 3
10265 -1.000000 3
10268 -1.000000 3
10271 -1.000000 3
10274 -1.000000 3
10277 -1.000000 3
10280 -1.000000 3
10283 -1.000000 3
10286 -1.000000 3
10289 -1.000000 3
10292 -1.000000 3
10295 -1.000000 3
10298 -1.000000 3
10301 -1.000000 3
10304 -1.000000 3
10307 -1.000000 3
10310 -1.000000 3
10313 -1.000000 3
10316 -1.000000 3
10319 -1.000000 3
10322 -1.000000 3
10325 -1.000000 3
10328 -1.000000 3
10331 -1.000000 3
10334 -1.000000 3
10337 -1.000000 3
10340 -1.000000 3
10343 -1.000000 3
10346 -1.000000 3
10349 -1.000000 3
10352 -1.000000 3
10355 -1.000000 3
10358 -1.000000 3
10361 -1.000000 3
10364 -1.000000 3
10367 -1.000000 3
10370 -1.000000 3
10373 -1.000000 3
10376 -1.000000 3
10379 -1.000000 3
10382 -1.000000 3
10385 -1.000000 3
10388 -1.000000 3
10391 -1.000000 3
10394 -1.000000 3
10397 -1.000000 3
10400 -1.000000 3
10403 -1.000000 3
10406 -1.000000 3
10409 -1.000000 3
10412 -1.000000 3
10415 -1.000000 3
10418 -1.000000 3
10421 -1.000000 3
10424 -1.000000 3
10427 -1.000000 3
10430 -1.000000 3
10433 -1.000000 3
10436 -1.000000 3
10439 -1.000000 3
10442 -1.000000 3
10445 -1.000000 3
10448 -1.000000 3
10451 -1.000000 3
10454 -1.000000 3
10457 -1.000000 3
10460 -1.000000 3
10463 -1.000000 3
10466 -1.000000 3
10469 -1.000000 3
10472 -1.000000 3
10475 -1.000000 3
10478 -1.000000 3
10481 -1.000000 3
10484 -1.000000 3
10487 -1.000000 3
10490 -1.000000 3
10493 -1.000000 3
10496 -1.000000 3
10499 -1.000000 3
10502 -1.000000 3
10505 -1.000000 3
10508 -1.000000 3
10511 -1.000000 3
10514 -1.000000 3
10517 -1.000000 3
10520 -1.000000 3
10523 -1.000000 3
10526 -1.000000 3
10529 -1.000000 3
10532 -1.000000 3
10535 -1.000000 3
10538 -1.000000 3
10541 -1.000000 3
10544 -1.000000 3
10547 -1.000000 3
10550 -1.000000 3
10553 -1.000000 3
10556 -1.000000 3
10559 -1.000000 3
10562 -1.000000 3
10565 -1.000000 3
10568 -1.000000 3
10571 -1.000000 3
10574 -1.000000 3
10577 -1.000000 3
10580 -1.000000 3
10583 -1.000000 3
10586 -1.000000 3
10589 -1.000000 3
10592 -1.000000 3
10595 -1.000000 3
10598 -1.000000 3
10601 -1.000000 3
10604 -1.000000 3
10607 -1.000000 3
10610 -1.000000 3
10613 -1.000000 3
10616 -1.000000 3
10619 -1.000000 3
10622 -1.000000 3
10625 -1.000000 3
10628 -1.000000 3
10631 -1.000000 3
10634 -1.000000 3
10637 -1.000000 3
10640 -1.000000 3
10643 -1.000000 3
10646 -1.000000 3
10649 -1.000000 3
10652 -1.000000 3
10655 -1.000000 3
10658 -1.000000 3
10661 -1.000000 3
10664 -1.000000 3
10667 -1.000000 3
10670 -1.000000 3
10673 -1.000000 3
10676 -1.000000 3
10679 -1.000000 3
10682 -1.000000 3
10685 -1.000000 3
10688 -1.000000 3
10691 -1.000000 3
10694 -1.000000 3
10697 -1.000000 3
10700 -1.000000 3
10703 -1.000000 3
10706 -1.000000 3
10709 -1.000000 3
10712 -1.000000 3
10715 -1.000000 3
10718 -1.000000 3
10721 -1.000000 3
10724 -1.000000 3
10727 -1.000000 3
10730 -1.000000 3
10733 -1.000000 3
10736 -1.000000 3
10739 -1.000000 3
10742 -1.000000 3
10745 -1.000000 3
10748 -1.000000 3
10751 -1.000000 3
10754 -1.000000 3
10757 -1.000000 3
10760 -1.000000 3
10763 -1.000000 3
10766 -1.000000 3
10769 -1.000000 3
10772 -1.000000 3
10775 -1.000000 3
10778 -1.000000 3
10781 -1.000000 3
10784 -1.000000 3
10787 -1.000000 3
10790 -1.000000 3
10793 -1.000000 3
10796 -1.000000 3
10799 -1.000000 3
10802 -1.000000 3
10805 -1.000000 3
10808 -1.000000 3
10811 -1.000000 3
10814 -1.000000 3
10817 -1.000000 3
10820 -1.000000 3
10823 -1.000000 3
10826 -1.000000 3
10829 -1.000000 3
10832 -1.000000 3
10835 -1.000000 3
10839 -1.000000 4
10842 -1.000000 3
10845 -1.000000 3
10848 -1.000000 3
10851 -1.000000 3
10854 -1.000000 3
10857 -1.000000 3
10860 -1.000000 3
10863 -1.000000 3
10866 -1.000000 3
10869 -1.000000 3
10872 -1.000000 3
10875 -1.000000 3
10878 -1.000000 3
10881 -1.000000 3
10884 -1.000000 3
10887 -1.000000 3
10890 -1.000000 3
10893 -1.000000 3
10896 -1.000000 3
10900 -1.000000 4
10903 -1.000000 3
10906 -1.000000 3
10909 -1.000000 3
10912 -1.000000 3
10915 -1.000000 3
10918 -1.000000 3
10921 -1.000000 3
10924 -1.000000 3
10927 -1.000000 3
10930 -1.000000 3
10933 -1.000000 3
10936 -1.000000 3
10939 -1.000000 3
10942 -1.000000 3
10945 -1.000000 3
10948 -1.000000 3
10951 -1.000000 3
10954 -1.000000 3
10957 -1.000000 3
10960 -1.000000 3
10963 -1.000000 3
10966 -1.000000 3
10969 -1.000000 3
10972 -1.000000 3
10975 -1.000000 3
10978 -1.000000 3
10981 -1.000000 3
10984 -1.000000 3
10987 -1.000000 3
10990 -1.000000 3
10993 -1.000000 3
10996 -1.000000 3
10999 -1.000000 3
11002 -1.000000 3
11005 1.000000 3
11008 1.000000 3
11013 0.000000 5
11017 1.000000 4
11020 1.000000 3
11023 1.000000 3
11026 1.000000 3
11030 1.000000 4
11033 1.000000 3
11036 1.000000 3
11039 1.000000 3
11043 1.000000 4
11046 -1.000000 3
11049 1.000000 3
11053 1.000000 4
11056 1.000000 3
11060 1.000000 4
11063 1.000000 3
11066 1.000000 3
11069 1.000000 3
11073 1.000000 4
11076 1.000000 3
11080 1.000000 4
11083 1.000000 3
11086 1.000000 3
11090 1.000000 4
11093 1.000000 3
11097 1.000000 4
11101 1.000000 4
11104 1.000000 3
11107 1.000000 3
11112 0.000000 5
11115 1.000000 3
11118 1.000000 3
11121 1.000000 3
11125 1.000000 4
11128 1.000000 3
11131 1.000000 3
11135 1.000000 4
11138 1.000000 3
11141 1.000000 3
11144 1.000000 3
11147 1.000000 3
11150 -1.000000 3
11153 1.000000 3
11156 1.000000 3
11161 1.000000 5
11164 1.000000 3
11167 1.000000 3
11172 0.000000 5
11175 1.000000 3
11178 1.000000 3
11183 0.000000 5
11187 1.000000 4
11190 1.000000 3
11193 1.000000 3
11196 1.000000 3
11199 1.000000 3
11202 1.000000 3
11205 1.000000 3
11209 1.000000 4
11213 1.000000 4
11216 1.000000 3
11219 -1.000000 3
11223 1.000000 4
11228 1.000000 5
11231 1.000000 3
11234 1.000000 3
11238 1.000000 4
11242 1.000000 4
11245 1.000000 3
11250 1.000000 5
11253 1.000000 3
11256 1.000000 3
11260 1.000000 4
11263 1.000000 3
11266 1.000000 3
11269 1.000000 3
11273 1.000000 4
11277 1.000000 4
11281 1.000000 4
11286 0.000000 5
11289 1.000000 3
11292 1.000000 3
11295 1.000000 3
11299 1.000000 4
11304 0.000000 5
11309 0.000000 5
11313 1.000000 4
11317 1.000000 4
11320 1.000000 3
11323 1.000000 3
11326 1.000000 3
11329 1.000000 3
11332 1.000000 3
11335 1.000000 3
11339 1.000000 4
11342 1.000000 3
11345 1.000000 3
11348 1.000000 3
11351 1.000000 3
11354 1.000000 3
11357 1.000000 3
11360 1.000000 3
11364 1.000000 4
11367 1.000000 3
11371 1.000000 4
11375 1.000000 4
11378 -1.000000 3
11381 1.000000 3
11386 0.000000 5
11389 1.000000 3
11393 1.000000 4
11397 1.000000 4
11401 -1.000000 4
11405 1.000000 4
11408 1.000000 3
11413 0.000000 5
11417 1.000000 4
11421 1.000000 4
11425 1.000000 4
11428 1.000000 3
11431 1.000000 3
11435 1.000000 4
11438 1.000000 3
11441 1.000000 3
11444 1.000000 3
11447 1.000000 3
11450 1.000000 3
11453 1.000000 3
11457 1.000000 4
11462 1.000000 5
11465 1.000000 3
11468 1.000000 3
11473 0.000000 5
11476 1.000000 3
11479 1.000000 3
11482 1.000000 3
11485 1.000000 3
11488 1.000000 3
11492 1.000000 4
11496 1.000000 4
11499 1.000000 3
11503 1.000000 4
11506 1.000000 3
11509 1.000000 3
11513 1.000000 4
11516 1.000000 3
11520 1.000000 4
11524 1.000000 4
11527 1.000000 3
11532 0.000000 5
11535 1.000000 3
11538 1.000000 3
11542 1.000000 4
11545 1.000000 3
11549 1.000000 4
11552 1.000000 3
11555 1.000000 3
11558 1.000000 3
11561 1.000000 3
11564 1.000000 3
11568 1.000000 4
11572 1.000000 4
11575 1.000000 3
11579 1.000000 4
11582 1.000000 3
11585 1.000000 3
11589 -1.000000 4
11592 1.000000 3
11595 -1.000000 3
11599 1.000000 4
11602 1.000000 3
11606 1.000000 4
11609 1.000000 3
11613 1.000000 4
11617 1.000000 4
11621 1.000000 4
11625 1.000000 4
11628 1.000000 3
11631 -1.000000 3
11634 1.000000 3
11638 1.000000 4
11641 1.000000 3
11644 1.000000 3
11648 1.000000 4
11651 1.000000 3
11654 1.000000 3
11657 1.000000 3
11661 1.000000 4
11664 1.000000 3
11667 1.000000 3
11670 1.000000 3
11673 1.000000 3
11676 1.000000 3
11679 1.000000 3
11684 1.000000 5
11688 1.000000 4
11692 1.000000 4
11695 1.000000 3
11698 1.000000 3
11702 1.000000 4
11705 1.000000 3
11709 1.000000 4
11712 1.000000 3
11716 1.000000 4
11719 1.000000 3
11722 1.000000 3
11725 1.000000 3
11730 0.000000 5
11734 1.000000 4
11737 1.000000 3
11740 1.000000 3
11745 0.000000 5
11750 0.000000 5
11753 1.000000 3
11756 -1.000000 3
11759 1.000000 3
11762 1.000000 3
11767 1.000000 5
11771 1.000000 4
11775 1.000000 4
11779 1.000000 4
11782 1.000000 3
11787 0.000000 5
11792 0.000000 5
11797 1.000000 5
11800 1.000000 3
11803 1.000000 3
11806 1.000000 3
11810 1.000000 4
11814 1.000000 4
11819 1.000000 5
11822 1.000000 3
11827 0.000000 5
11830 1.000000 3
11833 1.000000 3
11836 1.000000 3
11840 1.000000 4
11843 1.000000 3
11846 1.000000 3
11850 1.000000 4
11853 1.000000 3
11856 1.000000 3
11861 0.000000 5
11864 1.000000 3
11867 1.000000 3
11870 1.000000 3
11874 1.000000 4
11878 1.000000 4
11881 1.000000 3
11885 1.000000 4
11888 1.000000 3
11891 1.000000 3
11895 1.000000 4
11898 1.000000 3
11902 1.000000 4
11906 1.000000 4
11909 1.000000 3
11912 1.000000 3
11916 1.000000 4
11919 1.000000 3
11923 1.000000 4
11926 1.000000 3
11929 1.000000 3
11932 1.000000 3
11936 1.000000 4
11939 1.000000 3
11942 1.000000 3
11945 -1.000000 3
11948 1.000000 3
11952 1.000000 4
11956 1.000000 4
11959 1.000000 3
11962 1.000000 3
11965 -1.000000 3
11969 1.000000 4
11972 1.000000 3
11975 -1.000000 3
11978 1.000000 3
11982 1.000000 4
11987 0.000000 5
11990 -1.000000 3
11994 -1.000000 4
11997 1.000000 3
12000 1.000000 3
12004 1.000000 4
12007 1.000000 3
12011 1.000000 4
12015 1.000000 4
12018 1.000000 3
12021 1.000000 3
12024 1.000000 3
12028 1.000000 4
12032 1.000000 4
12036 1.000000 4
12040 1.000000 4
12045 0.000000 5
12048 1.000000 3
12052 1.000000 4
12056 1.000000 4
12059 1.000000 3
12063 1.000000 4
12067 1.000000 4
12071 1.000000 4
12075 1.000000 4
12078 1.000000 3
12081 1.000000 3
12085 1.000000 4
12089 1.000000 4
12094 0.000000 5
12097 1.000000 3
12101 1.000000 4
12104 -1.000000 3
12108 1.000000 4
12112 1.000000 4
12115 1.000000 3
12118 1.000000 3
12122 1.000000 4
12126 1.000000 4
12130 1.000000 4
12134 1.000000 4
12138 1.000000 4
12141 1.000000 3
12144 1.000000 3
12148 1.000000 4
12151 1.000000 3
12155 1.000000 4
12158 1.000000 3
12162 1.000000 4
12165 1.000000 3
12168 1.000000 3
12171 1.000000 3
12174 1.000000 3
12177 1.000000 3
12181 1.000000 4
12185 1.000000 4
12188 1.000000 3
12191 1.000000 3
12194 -1.000000 3
12198 1.000000 4
12201 1.000000 3
12205 1.000000 4
12208 1.000000 3
12211 -1.000000 3
12215 1.000000 4
12220 0.000000 5
12224 1.000000 4
12227 -1.000000 3
12231 1.000000 4
12235 -1.000000 4
12239 1.000000 4
12244 0.000000 5
12248 1.000000 4
12251 1.000000 3
12254 1.000000 3
12259 0.000000 5
12262 1.000000 3
12266 -1.000000 4
12270 1.000000 4
12273 -1.000000 3
12278 0.000000 5
12281 1.000000 3
12284 1.000000 3
12287 -1.000000 3
12290 1.000000 3
12293 1.000000 3
12296 1.000000 3
12300 -1.000000 4
12303 1.000000 3
12306 1.000000 3
12311 0.000000 5
12314 1.000000 3
12317 1.000000 3
12320 1.000000 3
12324 1.000000 4
12328 1.000000 4
12331 1.000000 3
12334 1.000000 3
12337 -1.000000 3
12340 1.000000 3
12344 1.000000 4
12347 1.000000 3
12350 -1.000000 3
12355 0.000000 5
12358 1.000000 3
12361 1.000000 3
12365 1.000000 4
12368 1.000000 3
12371 1.000000 3
12375 1.000000 4
12378 1.000000 3
12381 -1.000000 3
12384 1.000000 3
12389 1.000000 5
12393 1.000000 4
12396 1.000000 3
12400 -1.000000 4
12404 -1.000000 4
12407 1.000000 3
12410 1.000000 3
12414 1.000000 4
12417 1.000000 3
12420 1.000000 3
12423 1.000000 3
12426 1.000000 3
12430 1.000000 4
12435 1.000000 5
12440 1.000000 5
12443 1.000000 3
12446 1.000000 3
12450 1.000000 4
12454 1.000000 4
12458 1.000000 4
12461 1.000000 3
12465 1.000000 4
12468 1.000000 3
12472 1.000000 4
12476 1.000000 4
12480 1.000000 4
12483 -1.000000 3
12487 1.000000 4
12490 1.000000 3
12493 1.000000 3
12497 1.000000 4
12500 1.000000 3
12503 1.000000 3
12507 -1.000000 4
12512 1.000000 5
12516 1.000000 4
12519 1.000000 3
12523 1.000000 4
12526 1.000000 3
12530 1.000000 4
12534 1.000000 4
12537 1.000000 3
12541 1.000000 4
12544 1.000000 3
12547 1.000000 3
12551 1.000000 4
12555 1.000000 4
12559 -1.000000 4
12562 1.000000 3
12565 1.000000 3
12568 1.000000 3
12571 1.000000 3
12574 1.000000 3
12577 1.000000 3
12580 1.000000 3
12583 1.000000 3
12588 0.000000 5
12591 1.000000 3
12596 1.000000 5
12600 1.000000 4
12604 1.000000 4
12607 1.000000 3
12610 1.000000 3
12613 1.000000 3
12616 -1.000000 3
12620 1.000000 4
12624 1.000000 4
12628 1.000000 4
12632 1.000000 4
12637 0.000000 5
12641 -1.000000 4
12644 1.000000 3
12647 1.000000 3
12651 1.000000 4
12655 1.000000 4
12658 1.000000 3
12661 1.000000 3
12664 1.000000 3
12668 1.000000 4
12671 1.000000 3
12675 1.000000 4
12678 1.000000 3
12681 -1.000000 3
12685 -1.000000 4
12688 1.000000 3
12691 1.000000 3
12694 1.000000 3
12698 1.000000 4
12702 1.000000 4
12706 1.000000 4
12710 1.000000 4
12714 1.000000 4
12717 1.000000 3
12720 1.000000 3
12724 1.000000 4
12727 1.000000 3
12730 1.000000 3
12733 1.000000 3
12738 0.000000 5
12743 0.000000 5
12746 1.000000 3
12749 1.000000 3
12754 0.000000 5
12757 1.000000 3
12760 1.000000 3
12764 1.000000 4
12767 1.000000 3
12771 1.000000 4
12774 1.000000 3
12778 1.000000 4
12781 -1.000000 3
12784 1.000000 3
12788 1.000000 4
12791 1.000000 3
12794 1.000000 3
12797 1.000000 3
12802 0.000000 5
12807 0.000000 5
12810 1.000000 3
12814 1.000000 4
12819 0.000000 5
12822 1.000000 3
12827 0.000000 5
12830 1.000000 3
12834 1.000000 4
12837 1.000000 3
12841 1.000000 4
12844 1.000000 3
12847 1.000000 3
12850 1.000000 3
12853 1.000000 3
12856 1.000000 3
12859 -1.000000 3
12863 1.000000 4
12867 1.000000 4
12872 0.000000 5
12875 1.000000 3
12880 0.000000 5
12884 -1.000000 4
12887 1.000000 3
12890 1.000000 3
12894 1.000000 4
12898 1.000000 4
12901 1.000000 3
12904 -1.000000 3
12907 1.000000 3
12912 0.000000 5
12916 1.000000 4
12919 1.000000 3
12923 1.000000 4
12926 1.000000 3
12929 1.000000 3
12932 1.000000 3
12936 1.000000 4
12939 -1.000000 3
12942 1.000000 3
12945 1.000000 3
12948 1.000000 3
12953 0.000000 5
12957 1.000000 4
12960 -1.000000 3
12965 0.000000 5
12968 1.000000 3
12971 1.000000 3
12974 1.000000 3
12977 1.000000 3
12982 1.000000 5
12986 1.000000 4
12990 1.000000 4
12993 1.000000 3
12997 1.000000 4
13001 1.000000 4
13005 -1.000000 4
13008 1.000000 3
13011 1.000000 3
13014 1.000000 3
13018 1.000000 4
13022 1.000000 4
13025 1.000000 3
13028 1.000000 3
13031 1.000000 3
13034 -1.000000 3
13037 1.000000 3
13041 1.000000 4
13044 1.000000 3
13048 1.000000 4
13052 1.000000 4
13055 1.000000 3
13058 1.000000 3
13061 1.000000 3
13064 1.000000 3
13067 1.000000 3
13071 1.000000 4
13074 1.000000 3
13077 1.000000 3
13082 0.000000 5
13086 1.000000 4
13089 1.000000 3
13094 1.000000 5
13097 1.000000 3
13101 1.000000 4
13104 1.000000 3
13108 1.000000 4
13111 1.000000 3
13114 1.000000 3
13118 1.000000 4
13122 1.000000 4
13126 1.000000 4
13129 1.000000 3
13132 1.000000 3
13136 1.000000 4
13141 0.000000 5
13144 1.000000 3
13148 1.000000 4
13152 1.000000 4
13157 1.000000 5
13160 1.000000 3
13164 1.000000 4
13168 1.000000 4
13171 1.000000 3
13174 1.000000 3
13178 1.000000 4
13182 1.000000 4
13186 1.000000 4
13189 1.000000 3
13193 1.000000 4
13197 1.000000 4
13201 1.000000 4
13204 1.000000 3
13207 1.000000 3
13212 0.000000 5
13217 1.000000 5
13220 1.000000 3
13223 1.000000 3
13226 1.000000 3
13230 1.000000 4
13233 1.000000 3
13237 1.000000 4
13241 1.000000 4
13245 1.000000 4
13249 1.000000 4
13252 -1.000000 3
13256 1.000000 4
13259 1.000000 3
13262 1.000000 3
13265 1.000000 3
13268 1.000000 3
13272 1.000000 4
13277 1.000000 5
13280 1.000000 3
13283 1.000000 3
13287 1.000000 4
13290 1.000000 3
13294 1.000000 4
13299 0.000000 5
13303 1.000000 4
13306 1.000000 3
13311 0.000000 5
13314 1.000000 3
13317 1.000000 3
13321 1.000000 4
13324 1.000000 3
13327 1.000000 3
13330 1.000000 3
13333 1.000000 3
13337 1.000000 4
13340 1.000000 3
13343 1.000000 3
13346 1.000000 3
13349 1.000000 3
13352 1.000000 3
13356 1.000000 4
13359 1.000000 3
13362 1.000000 3
13365 1.000000 3
13368 1.000000 3
13371 1.000000 3
13374 1.000000 3
13378 -1.000000 4
13383 0.000000 5
13387 1.000000 4
13392 1.000000 5
13396 1.000000 4
13401 1.000000 5
13405 1.000000 4
13408 1.000000 3
13413 1.000000 5
13416 1.000000 3
13419 1.000000 3
13422 1.000000 3
13426 1.000000 4
13429 1.000000 3
13433 1.000000 4
13437 1.000000 4
13441 1.000000 4
13445 1.000000 4
13449 1.000000 4
13452 1.000000 3
13455 1.000000 3
13459 1.000000 4
13462 1.000000 3
13466 1.000000 4
13469 -1.000000 3
13472 -1.000000 3
13476 1.000000 4
13479 1.000000 3
13483 1.000000 4
13486 1.000000 3
13491 0.000000 5
13494 1.000000 3
13497 1.000000 3
13500 1.000000 3
13503 1.000000 3
13506 1.000000 3
13510 1.000000 4
13515 1.000000 5
13518 1.000000 3
13521 1.000000 3
13524 1.000000 3
13527 1.000000 3
13530 1.000000 3
13534 1.000000 4
13538 1.000000 4
13541 1.000000 3
13545 -1.000000 4
13549 1.000000 4
13553 1.000000 4
13557 1.000000 4
13561 1.000000 4
13564 1.000000 3
13568 1.000000 4
13571 1.000000 3
13574 1.000000 3
13578 1.000000 4
13582 1.000000 4
13585 1.000000 3
13588 1.000000 3
13591 1.000000 3
13594 1.000000 3
13597 1.000000 3
13600 1.000000 3
13603 1.000000 3
13606 1.000000 3
13610 1.000000 4
13614 1.000000 4
13617 1.000000 3
13621 1.000000 4
13625 1.000000 4
13629 1.000000 4
13633 1.000000 4
13636 1.000000 3
13639 1.000000 3
13643 1.000000 4
13646 1.000000 3
13649 1.000000 3
13653 1.000000 4
13656 1.000000 3
13660 1.000000 4
13663 1.000000 3
13666 1.000000 3
13671 0.000000 5
13674 1.000000 3
13677 -1.000000 3
13681 1.000000 4
13686 0.000000 5
13689 1.000000 3
13692 1.000000 3
13697 1.000000 5
13702 0.000000 5
13706 1.000000 4
13709 1.000000 3
13714 0.000000 5
13717 1.000000 3
13720 1.000000 3
13723 1.000000 3
13726 1.000000 3
13729 1.000000 3
13733 1.000000 4
13737 1.000000 4
13740 1.000000 3
13744 1.000000 4
13748 1.000000 4
13752 1.000000 4
13756 1.000000 4
13759 1.000000 3
13762 1.000000 3
13765 -1.000000 3
13769 1.000000 4
13772 1.000000 3
13775 1.000000 3
13779 1.000000 4
13783 1.000000 4
13787 -1.000000 4
13790 1.000000 3
13793 1.000000 3
13796 1.000000 3
13799 1.000000 3
13802 1.000000 3
13805 1.000000 3
13808 1.000000 3
13811 1.000000 3
13815 1.000000 4
13818 1.000000 3
13821 1.000000 3
13824 -1.000000 3
13828 1.000000 4
13831 -1.000000 3
13835 1.000000 4
13838 1.000000 3
13842 1.000000 4
13845 1.000000 3
13850 1.000000 5
13854 1.000000 4
13857 1.000000 3
13860 -1.000000 3
13864 1.000000 4
13867 1.000000 3
13871 1.000000 4
13875 1.000000 4
13879 -1.000000 4
13883 1.000000 4
13886 1.000000 3
13889 1.000000 3
13893 1.000000 4
13898 0.000000 5
13902 1.000000 4
13906 1.000000 4
13909 1.000000 3
13912 1.000000 3
13916 1.000000 4
13919 1.000000 3
13923 1.000000 4
13927 1.000000 4
13931 1.000000 4
13934 1.000000 3
13937 1.000000 3
13940 -1.000000 3
13944 1.000000 4
13947 1.000000 3
13950 1.000000 3
13953 1.000000 3
13956 1.000000 3
13961 0.000000 5
13965 -1.000000 4
13968 1.000000 3
13971 1.000000 3
13974 1.000000 3
13977 -1.000000 3
13980 1.000000 3
13983 1.000000 3
13987 1.000000 4
13990 1.000000 3
13993 1.000000 3
13996 -1.000000 3
14001 0.000000 5
14004 1.000000 3
14007 1.000000 3
14010 1.000000 3
14014 1.000000 4
14017 1.000000 3
14021 1.000000 4
14024 1.000000 3
14029 0.000000 5
14033 -1.000000 4
14036 1.000000 3
14039 1.000000 3
14043 1.000000 4
14046 1.000000 3
14049 1.000000 3
14053 1.000000 4
14056 1.000000 3
14060 1.000000 4
14063 1.000000 3
14068 1.000000 5
14071 1.000000 3
14075 1.000000 4
14079 1.000000 4
14082 1.000000 3
14086 -1.000000 4
14089 1.000000 3
14093 1.000000 4
14097 1.000000 4
14101 1.000000 4
14104 1.000000 3
14107 1.000000 3
14110 1.000000 3
14113 1.000000 3
14116 1.000000 3
14120 1.000000 4
14124 1.000000 4
14127 1.000000 3
14130 1.000000 3
14134 1.000000 4
14139 0.000000 5
14144 1.000000 5
14147 -1.000000 3
14151 1.000000 4
14154 -1.000000 3
14158 1.000000 4
14162 1.000000 4
14166 1.000000 4
14169 1.000000 3
14172 1.000000 3
14176 1.000000 4
14180 1.000000 4
14183 1.000000 3
14187 1.000000 4
14190 1.000000 3
14194 1.000000 4
14198 1.000000 4
14202 1.000000 4
14205 1.000000 3
14210 1.000000 5
14213 1.000000 3
14217 1.000000 4
14220 1.000000 3
14225 1.000000 5
14230 0.000000 5
14234 1.000000 4
14238 1.000000 4
14241 1.000000 3
14244 1.000000 3
14247 1.000000 3
14250 1.000000 3
14254 1.000000 4
14257 -1.000000 3
14260 1.000000 3
14264 1.000000 4
14268 1.000000 4
14271 1.000000 3
14275 1.000000 4
14278 1.000000 3
14281 1.000000 3
14285 1.000000 4
14288 1.000000 3
14291 1.000000 3
14295 1.000000 4
14298 1.000000 3
14302 1.000000 4
14306 1.000000 4
14309 1.000000 3
14312 1.000000 3
14317 0.000000 5
14320 1.000000 3
14323 1.000000 3
14327 1.000000 4
14330 1.000000 3
14333 1.000000 3
14337 1.000000 4
14340 1.000000 3
14343 1.000000 3
14347 1.000000 4
14350 1.000000 3
14353 1.000000 3
14357 1.000000 4
14362 1.000000 5
14365 1.000000 3
14368 1.000000 3
14371 1.000000 3
14374 1.000000 3
14377 1.000000 3
14380 1.000000 3
14383 1.000000 3
14386 1.000000 3
14390 1.000000 4
14393 1.000000 3
14396 1.000000 3
14400 1.000000 4
14403 1.000000 3
14406 1.000000 3
14411 0.000000 5
14416 0.000000 5
14420 1.000000 4
14423 -1.000000 3
14427 1.000000 4
14432 0.000000 5
14436 1.000000 4
14439 1.000000 3
14442 1.000000 3
14447 0.000000 5
14451 1.000000 4
14454 1.000000 3
14457 1.000000 3
14460 1.000000 3
14463 1.000000 3
14466 -1.000000 3
14469 1.000000 3
14473 1.000000 4
14476 1.000000 3
14479 1.000000 3
14482 1.000000 3
14486 1.000000 4
14490 1.000000 4
14495 0.000000 5
14498 1.000000 3
14501 1.000000 3
14504 1.000000 3
14507 1.000000 3
14510 1.000000 3
14513 -1.000000 3
14516 1.000000 3
14519 1.000000 3
14522 1.000000 3
14526 1.000000 4
14531 0.000000 5
14535 1.000000 4
14539 1.000000 4
14542 1.000000 3
14545 1.000000 3
14549 1.000000 4
14554 0.000000 5
14558 1.000000 4
14561 1.000000 3
14565 1.000000 4
14568 1.000000 3
14571 -1.000000 3
14575 1.000000 4
14578 1.000000 3
14583 0.000000 5
14586 1.000000 3
14589 1.000000 3
14592 1.000000 3
14596 1.000000 4
14600 1.000000 4
14604 1.000000 4
14608 1.000000 4
14611 1.000000 3
14614 1.000000 3
14618 1.000000 4
14621 1.000000 3
14626 0.000000 5
14629 1.000000 3
14632 1.000000 3
14635 1.000000 3
14640 0.000000 5
14645 0.000000 5
14649 1.000000 4
14653 1.000000 4
14657 1.000000 4
14660 1.000000 3
14663 1.000000 3
14666 1.000000 3
14669 1.000000 3
14672 1.000000 3
14675 1.000000 3
14678 -1.000000 3
14681 1.000000 3
14685 1.000000 4
14688 1.000000 3
14691 1.000000 3
14694 1.000000 3
14697 1.000000 3
14701 1.000000 4
14704 1.000000 3
14707 1.000000 3
14711 1.000000 4
14715 1.000000 4
14719 1.000000 4
14722 1.000000 3
14725 1.000000 3
14728 -1.000000 3
14732 1.000000 4
14736 1.000000 4
14739 -1.000000 3
14742 1.000000 3
14745 1.000000 3
14748 1.000000 3
14751 1.000000 3
14756 1.000000 5
14760 1.000000 4
14764 1.000000 4
14768 1.000000 4
14771 1.000000 3
14774 1.000000 3
14777 1.000000 3
14781 1.000000 4
14784 1.000000 3
14787 1.000000 3
14790 1.000000 3
14793 -1.000000 3
14797 1.000000 4
14800 1.000000 3
14803 1.000000 3
14807 1.000000 4
14811 -1.000000 4
14816 0.000000 5
14820 1.000000 4
14825 0.000000 5
14828 1.000000 3
14832 1.000000 4
14837 0.000000 5
14841 1.000000 4
14844 1.000000 3
14847 1.000000 3
14851 1.000000 4
14855 1.000000 4
14858 1.000000 3
14861 1.000000 3
14865 1.000000 4
14868 1.000000 3
14871 1.000000 3
14874 1.000000 3
14878 1.000000 4
14881 1.000000 3
14885 1.000000 4
14888 1.000000 3
14891 1.000000 3
14894 1.000000 3
14897 1.000000 3
14900 1.000000 3
14903 1.000000 3
14907 1.000000 4
14910 1.000000 3
14913 1.000000 3
14917 -1.000000 4
14921 1.000000 4
14924 1.000000 3
14927 1.000000 3
14930 1.000000 3
14934 1.000000 4
14938 -1.000000 4
14941 1.000000 3
14945 1.000000 4
14948 1.000000 3
14951 1.000000 3
14955 1.000000 4
14958 1.000000 3
14961 1.000000 3
14966 1.000000 5
14969 1.000000 3
14974 1.000000 5
14978 1.000000 4
14981 1.000000 3
14985 1.000000 4
14989 1.000000 4
14992 1.000000 3
14995 1.000000 3
14999 1.000000 4
15002 1.000000 3
15006 1.000000 4
15009 1.000000 3
