5 1.000000 5
10 0.000000 5
14 1.000000 4
17 -1.000000 3
21 1.000000 4
26 1.000000 5
30 1.000000 4
35 1.000000 5
40 1.000000 5
44 1.000000 4
49 1.000000 5
53 1.000000 4
57 1.000000 4
61 -1.000000 4
66 0.000000 5
70 1.000000 4
74 1.000000 4
79 0.000000 5
82 1.000000 3
87 0.000000 5
91 1.000000 4
95 -1.000000 4
100 0.000000 5
105 1.000000 5
110 1.000000 5
113 1.000000 3
117 -1.000000 4
122 1.000000 5
127 1.000000 5
130 -1.000000 3
133 1.000000 3
137 -1.000000 4
140 -1.000000 3
144 1.000000 4
148 1.000000 4
152 1.000000 4
157 0.000000 5
162 0.000000 5
165 -1.000000 3
170 1.000000 5
174 -1.000000 4
177 1.000000 3
180 1.000000 3
185 1.000000 5
189 1.000000 4
193 1.000000 4
197 1.000000 4
201 1.000000 4
206 1.000000 5
209 1.000000 3
214 1.000000 5
218 1.000000 4
222 -1.000000 4
226 1.000000 4
229 -1.000000 3
234 0.000000 5
237 -1.000000 3
240 -1.000000 3
243 1.000000 3
247 -1.000000 4
251 -1.000000 4
256 1.000000 5
261 0.000000 5
264 1.000000 3
269 1.000000 5
272 -1.000000 3
275 1.000000 3
278 -1.000000 3
281 1.000000 3
286 1.000000 5
291 1.000000 5
295 -1.000000 4
299 -1.000000 4
303 -1.000000 4
307 -1.000000 4
312 0.000000 5
317 1.000000 5
321 1.000000 4
326 1.000000 5
331 0.000000 5
335 1.000000 4
340 1.000000 5
344 1.000000 4
348 1.000000 4
352 1.000000 4
357 0.000000 5
360 1.000000 3
365 1.000000 5
369 1.000000 4
372 1.000000 3
375 -1.000000 3
379 1.000000 4
384 1.000000 5
387 -1.000000 3
391 -1.000000 4
394 1.000000 3
397 -1.000000 3
400 1.000000 3
405 0.000000 5
410 0.000000 5
414 -1.000000 4
417 1.000000 3
421 1.000000 4
425 -1.000000 4
428 1.000000 3
433 1.000000 5
437 1.000000 4
441 1.000000 4
446 0.000000 5
451 1.000000 5
455 1.000000 4
459 1.000000 4
464 1.000000 5
469 1.000000 5
473 1.000000 4
476 -1.000000 3
481 1.000000 5
486 1.000000 5
490 -1.000000 4
493 -1.000000 3
498 1.000000 5
502 1.000000 4
507 1.000000 5
511 1.000000 4
514 -1.000000 3
518 -1.000000 4
523 1.000000 5
528 1.000000 5
531 -1.000000 3
535 1.000000 4
539 -1.000000 4
544 1.000000 5
548 -1.000000 4
553 0.000000 5
558 1.000000 5
562 1.000000 4
566 -1.000000 4
570 1.000000 4
575 1.000000 5
580 1.000000 5
584 1.000000 4
589 0.000000 5
593 -1.000000 4
598 1.000000 5
603 0.000000 5
607 -1.000000 4
611 1.000000 4
615 -1.000000 4
620 1.000000 5
625 1.000000 5
630 1.000000 5
634 -1.000000 4
639 1.000000 5
643 1.000000 4
647 1.000000 4
650 1.000000 3
655 1.000000 5
660 0.000000 5
664 -1.000000 4
668 -1.000000 4
672 -1.000000 4
676 -1.000000 4
680 -1.000000 4
685 0.000000 5
688 -1.000000 3
693 1.000000 5
697 -1.000000 4
701 -1.000000 4
706 1.000000 5
711 0.000000 5
716 1.000000 5
719 -1.000000 3
723 1.000000 4
727 1.000000 4
732 1.000000 5
736 1.000000 4
741 1.000000 5
746 1.000000 5
750 1.000000 4
754 1.000000 4
757 1.000000 3
761 1.000000 4
766 0.000000 5
771 1.000000 5
776 1.000000 5
781 0.000000 5
784 -1.000000 3
789 1.000000 5
793 1.000000 4
798 1.000000 5
801 1.000000 3
806 1.000000 5
810 1.000000 4
813 1.000000 3
817 1.000000 4
820 1.000000 3
825 0.000000 5
829 1.000000 4
832 -1.000000 3
835 1.000000 3
839 -1.000000 4
844 1.000000 5
847 -1.000000 3
850 -1.000000 3
854 -1.000000 4
859 0.000000 5
863 -1.000000 4
868 1.000000 5
873 1.000000 5
876 1.000000 3
880 1.000000 4
885 1.000000 5
890 0.000000 5
894 1.000000 4
897 -1.000000 3
901 1.000000 4
906 0.000000 5
910 -1.000000 4
914 -1.000000 4
917 -1.000000 3
922 1.000000 5
927 1.000000 5
931 1.000000 4
935 -1.000000 4
940 1.000000 5
945 1.000000 5
949 -1.000000 4
954 0.000000 5
958 1.000000 4
962 1.000000 4
965 1.000000 3
970 1.000000 5
973 1.000000 3
977 -1.000000 4
980 1.000000 3
984 -1.000000 4
988 1.000000 4
992 -1.000000 4
997 1.000000 5
1001 1.000000 4
1005 1.000000 4
1010 0.000000 5
1014 1.000000 4
1018 1.000000 4
1023 1.000000 5
1026 -1.000000 3
1029 -1.000000 3
1033 -1.000000 4
1038 0.000000 5
1043 0.000000 5
1048 0.000000 5
1052 -1.000000 4
1056 1.000000 4
1060 -1.000000 4
1065 1.000000 5
1069 1.000000 4
1073 -1.000000 4
1076 -1.000000 3
1079 1.000000 3
1084 1.000000 5
1088 -1.000000 4
1091 1.000000 3
1095 -1.000000 4
1099 1.000000 4
1103 1.000000 4
1108 1.000000 5
1113 1.000000 5
1118 0.000000 5
1123 0.000000 5
1128 0.000000 5
1132 -1.000000 4
1137 0.000000 5
1141 1.000000 4
1146 1.000000 5
1150 1.000000 4
1153 1.000000 3
1157 1.000000 4
1161 1.000000 4
1165 1.000000 4
1170 1.000000 5
1174 -1.000000 4
1178 1.000000 4
1182 -1.000000 4
1186 1.000000 4
1190 -1.000000 4
1194 -1.000000 4
1198 1.000000 4
1202 -1.000000 4
1206 -1.000000 4
1210 -1.000000 4
1213 1.000000 3
1216 1.000000 3
1219 1.000000 3
1222 -1.000000 3
1225 -1.000000 3
1230 0.000000 5
1234 1.000000 4
1238 -1.000000 4
1243 1.000000 5
1248 1.000000 5
1252 1.000000 4
1256 -1.000000 4
1260 -1.000000 4
1264 -1.000000 4
1269 1.000000 5
1272 1.000000 3
1275 1.000000 3
1280 0.000000 5
1285 0.000000 5
1290 1.000000 5
1293 1.000000 3
1296 -1.000000 3
