4 1.000000 4
8 1.000000 4
13 0.000000 5
17 -1.000000 4
20 1.000000 3
25 1.000000 5
29 1.000000 4
34 1.000000 5
39 1.000000 5
42 -1.000000 3
46 1.000000 4
50 1.000000 4
53 -1.000000 3
58 0.000000 5
63 1.000000 5
66 -1.000000 3
70 1.000000 4
75 1.000000 5
80 1.000000 5
83 1.000000 3
87 -1.000000 4
92 0.000000 5
96 1.000000 4
99 -1.000000 3
104 1.000000 5
108 -1.000000 4
112 -1.000000 4
116 1.000000 4
119 1.000000 3
123 1.000000 4
128 1.000000 5
132 1.000000 4
135 -1.000000 3
140 1.000000 5
145 1.000000 5
150 1.000000 5
155 1.000000 5
159 1.000000 4
164 1.000000 5
168 1.000000 4
173 1.000000 5
178 1.000000 5
183 0.000000 5
188 1.000000 5
193 1.000000 5
198 1.000000 5
202 1.000000 4
206 -1.000000 4
211 0.000000 5
216 1.000000 5
220 -1.000000 4
225 1.000000 5
230 0.000000 5
233 1.000000 3
237 -1.000000 4
241 1.000000 4
244 1.000000 3
247 -1.000000 3
251 1.000000 4
256 1.000000 5
260 1.000000 4
264 1.000000 4
267 -1.000000 3
271 -1.000000 4
276 1.000000 5
280 1.000000 4
283 1.000000 3
286 -1.000000 3
289 1.000000 3
293 -1.000000 4
298 1.000000 5
303 1.000000 5
307 1.000000 4
311 1.000000 4
315 1.000000 4
319 -1.000000 4
324 1.000000 5
329 0.000000 5
332 1.000000 3
337 0.000000 5
342 0.000000 5
346 1.000000 4
350 1.000000 4
353 1.000000 3
357 1.000000 4
361 1.000000 4
364 -1.000000 3
368 -1.000000 4
373 1.000000 5
377 -1.000000 4
381 -1.000000 4
384 -1.000000 3
389 1.000000 5
393 1.000000 4
397 1.000000 4
402 0.000000 5
407 0.000000 5
412 1.000000 5
416 1.000000 4
420 1.000000 4
425 0.000000 5
430 1.000000 5
434 -1.000000 4
438 1.000000 4
443 1.000000 5
447 1.000000 4
451 1.000000 4
455 -1.000000 4
460 1.000000 5
463 1.000000 3
467 1.000000 4
472 1.000000 5
477 0.000000 5
480 1.000000 3
485 0.000000 5
490 1.000000 5
494 -1.000000 4
498 1.000000 4
503 1.000000 5
508 0.000000 5
513 0.000000 5
516 1.000000 3
521 0.000000 5
526 0.000000 5
529 1.000000 3
533 1.000000 4
537 1.000000 4
542 1.000000 5
547 1.000000 5
550 -1.000000 3
555 0.000000 5
560 1.000000 5
565 0.000000 5
569 1.000000 4
573 1.000000 4
577 1.000000 4
582 0.000000 5
586 1.000000 4
591 1.000000 5
596 1.000000 5
599 -1.000000 3
603 1.000000 4
608 0.000000 5
612 -1.000000 4
616 -1.000000 4
620 -1.000000 4
624 1.000000 4
627 1.000000 3
631 1.000000 4
634 -1.000000 3
639 1.000000 5
644 0.000000 5
649 0.000000 5
653 1.000000 4
657 1.000000 4
661 1.000000 4
666 1.000000 5
669 1.000000 3
674 1.000000 5
679 1.000000 5
683 1.000000 4
687 -1.000000 4
691 -1.000000 4
696 1.000000 5
701 1.000000 5
706 1.000000 5
710 1.000000 4
715 1.000000 5
720 1.000000 5
724 -1.000000 4
728 1.000000 4
733 1.000000 5
737 -1.000000 4
741 -1.000000 4
746 0.000000 5
750 -1.000000 4
754 1.000000 4
759 1.000000 5
762 -1.000000 3
765 -1.000000 3
769 1.000000 4
772 1.000000 3
777 0.000000 5
780 -1.000000 3
784 -1.000000 4
788 1.000000 4
793 1.000000 5
798 1.000000 5
803 1.000000 5
808 1.000000 5
811 -1.000000 3
816 1.000000 5
821 1.000000 5
825 -1.000000 4
828 1.000000 3
833 1.000000 5
838 1.000000 5
843 1.000000 5
847 -1.000000 4
852 0.000000 5
856 -1.000000 4
860 -1.000000 4
864 -1.000000 4
868 1.000000 4
872 1.000000 4
876 -1.000000 4
880 1.000000 4
883 1.000000 3
886 -1.000000 3
890 1.000000 4
894 -1.000000 4
899 1.000000 5
903 1.000000 4
907 1.000000 4
912 1.000000 5
917 1.000000 5
920 1.000000 3
924 -1.000000 4
928 -1.000000 4
932 1.000000 4
937 1.000000 5
940 -1.000000 3
943 1.000000 3
948 1.000000 5
953 1.000000 5
957 -1.000000 4
962 0.000000 5
967 1.000000 5
971 -1.000000 4
974 1.000000 3
977 -1.000000 3
982 1.000000 5
985 -1.000000 3
989 -1.000000 4
993 1.000000 4
998 0.000000 5
1002 -1.000000 4
1006 -1.000000 4
1010 -1.000000 4
1014 1.000000 4
1019 1.000000 5
1024 1.000000 5
1029 0.000000 5
1032 -1.000000 3
1036 -1.000000 4
1041 0.000000 5
1045 -1.000000 4
1049 1.000000 4
1053 1.000000 4
1058 1.000000 5
1062 1.000000 4
1067 0.000000 5
1072 0.000000 5
1077 1.000000 5
1081 1.000000 4
1085 -1.000000 4
1090 1.000000 5
1095 0.000000 5
1100 1.000000 5
1103 1.000000 3
1107 1.000000 4
1110 1.000000 3
1114 1.000000 4
1118 1.000000 4
1123 1.000000 5
1128 1.000000 5
1133 1.000000 5
1137 -1.000000 4
1142 1.000000 5
1147 0.000000 5
1150 -1.000000 3
1153 -1.000000 3
1158 0.000000 5
1162 1.000000 4
1166 -1.000000 4
1171 0.000000 5
1176 1.000000 5
1181 0.000000 5
1186 0.000000 5
1190 -1.000000 4
1194 1.000000 4
1198 -1.000000 4
1202 1.000000 4
1207 1.000000 5
1210 -1.000000 3
1214 -1.000000 4
1217 1.000000 3
1220 1.000000 3
1225 0.000000 5
1229 -1.000000 4
1233 -1.000000 4
1238 1.000000 5
1243 1.000000 5
1247 -1.000000 4
1250 -1.000000 3
1253 1.000000 3
1257 1.000000 4
1261 -1.000000 4
1265 1.000000 4
1268 1.000000 3
1272 -1.000000 4
1277 1.000000 5
1282 1.000000 5
1287 1.000000 5
1291 -1.000000 4
1294 -1.000000 3
1298 1.000000 4
1301 -1.000000 3
1306 0.000000 5
1311 1.000000 5
1315 1.000000 4
1320 1.000000 5
1324 -1.000000 4
1328 -1.000000 4
1332 -1.000000 4
1336 1.000000 4
