4 -1.000000 4
8 -1.000000 4
12 -1.000000 4
15 -1.000000 3
19 1.000000 4
23 1.000000 4
27 -1.000000 4
31 -1.000000 4
34 1.000000 3
37 -1.000000 3
41 -1.000000 4
46 1.000000 5
51 1.000000 5
54 -1.000000 3
59 1.000000 5
64 1.000000 5
68 1.000000 4
73 0.000000 5
77 -1.000000 4
82 0.000000 5
85 1.000000 3
89 1.000000 4
93 1.000000 4
97 1.000000 4
100 -1.000000 3
103 1.000000 3
108 1.000000 5
111 1.000000 3
115 -1.000000 4
118 1.000000 3
121 -1.000000 3
125 1.000000 4
128 1.000000 3
133 1.000000 5
136 1.000000 3
141 0.000000 5
144 -1.000000 3
148 -1.000000 4
152 1.000000 4
157 1.000000 5
162 0.000000 5
166 -1.000000 4
169 -1.000000 3
174 1.000000 5
178 1.000000 4
182 1.000000 4
185 -1.000000 3
189 1.000000 4
194 1.000000 5
199 0.000000 5
203 -1.000000 4
207 1.000000 4
210 -1.000000 3
213 -1.000000 3
218 0.000000 5
221 -1.000000 3
225 1.000000 4
229 1.000000 4
232 1.000000 3
235 -1.000000 3
238 1.000000 3
241 -1.000000 3
246 0.000000 5
251 1.000000 5
254 -1.000000 3
258 1.000000 4
262 1.000000 4
266 -1.000000 4
269 -1.000000 3
273 1.000000 4
277 -1.000000 4
280 -1.000000 3
284 -1.000000 4
288 -1.000000 4
293 1.000000 5
298 1.000000 5
302 -1.000000 4
305 1.000000 3
309 1.000000 4
313 1.000000 4
317 -1.000000 4
321 1.000000 4
325 -1.000000 4
330 1.000000 5
333 1.000000 3
337 -1.000000 4
342 1.000000 5
346 -1.000000 4
350 1.000000 4
354 1.000000 4
359 0.000000 5
363 -1.000000 4
367 -1.000000 4
372 0.000000 5
376 1.000000 4
379 1.000000 3
384 1.000000 5
389 0.000000 5
394 1.000000 5
398 -1.000000 4
403 1.000000 5
408 0.000000 5
411 1.000000 3
414 -1.000000 3
418 -1.000000 4
422 -1.000000 4
427 1.000000 5
432 1.000000 5
437 0.000000 5
440 1.000000 3
445 0.000000 5
448 -1.000000 3
452 -1.000000 4
456 -1.000000 4
459 1.000000 3
464 1.000000 5
469 1.000000 5
473 -1.000000 4
478 1.000000 5
483 0.000000 5
488 1.000000 5
491 -1.000000 3
495 1.000000 4
499 1.000000 4
503 -1.000000 4
507 1.000000 4
512 1.000000 5
515 1.000000 3
519 1.000000 4
522 1.000000 3
525 -1.000000 3
528 -1.000000 3
531 1.000000 3
536 0.000000 5
539 1.000000 3
544 1.000000 5
549 1.000000 5
553 1.000000 4
558 1.000000 5
563 1.000000 5
567 1.000000 4
572 1.000000 5
575 -1.000000 3
579 1.000000 4
583 -1.000000 4
588 1.000000 5
593 1.000000 5
598 0.000000 5
601 -1.000000 3
604 -1.000000 3
607 1.000000 3
611 -1.000000 4
614 -1.000000 3
618 1.000000 4
622 1.000000 4
627 1.000000 5
631 1.000000 4
635 1.000000 4
640 1.000000 5
644 1.000000 4
647 -1.000000 3
652 0.000000 5
656 1.000000 4
660 1.000000 4
663 -1.000000 3
666 1.000000 3
670 1.000000 4
675 1.000000 5
679 -1.000000 4
683 -1.000000 4
687 1.000000 4
691 -1.000000 4
696 1.000000 5
700 -1.000000 4
704 1.000000 4
707 -1.000000 3
712 1.000000 5
715 -1.000000 3
719 1.000000 4
724 1.000000 5
729 1.000000 5
732 1.000000 3
735 -1.000000 3
740 0.000000 5
744 1.000000 4
747 1.000000 3
752 0.000000 5
756 1.000000 4
760 -1.000000 4
764 1.000000 4
768 -1.000000 4
773 1.000000 5
777 1.000000 4
781 1.000000 4
785 1.000000 4
789 1.000000 4
792 1.000000 3
797 1.000000 5
802 1.000000 5
807 0.000000 5
812 1.000000 5
816 -1.000000 4
819 1.000000 3
824 1.000000 5
828 1.000000 4
832 1.000000 4
837 1.000000 5
842 1.000000 5
847 1.000000 5
852 0.000000 5
856 -1.000000 4
861 1.000000 5
866 0.000000 5
870 1.000000 4
875 1.000000 5
880 1.000000 5
885 1.000000 5
889 1.000000 4
894 1.000000 5
897 1.000000 3
901 1.000000 4
906 1.000000 5
910 -1.000000 4
914 -1.000000 4
919 0.000000 5
923 1.000000 4
928 1.000000 5
932 1.000000 4
936 -1.000000 4
939 1.000000 3
943 -1.000000 4
946 1.000000 3
950 1.000000 4
954 1.000000 4
959 1.000000 5
963 1.000000 4
966 -1.000000 3
970 1.000000 4
975 0.000000 5
979 1.000000 4
982 -1.000000 3
987 1.000000 5
992 1.000000 5
996 1.000000 4
1001 1.000000 5
1006 1.000000 5
1011 1.000000 5
1016 1.000000 5
1020 1.000000 4
1024 -1.000000 4
1028 -1.000000 4
1032 1.000000 4
1036 -1.000000 4
1041 1.000000 5
1045 -1.000000 4
1048 1.000000 3
1052 1.000000 4
1057 1.000000 5
1061 -1.000000 4
1065 1.000000 4
1069 1.000000 4
1073 -1.000000 4
1078 1.000000 5
1083 1.000000 5
1087 1.000000 4
1091 -1.000000 4
1095 1.000000 4
1100 1.000000 5
1104 -1.000000 4
1108 1.000000 4
1112 1.000000 4
1116 1.000000 4
1120 -1.000000 4
1124 1.000000 4
1128 -1.000000 4
1132 1.000000 4
1137 0.000000 5
1140 -1.000000 3
1145 1.000000 5
1148 1.000000 3
1152 -1.000000 4
1155 1.000000 3
1159 1.000000 4
1162 1.000000 3
1166 -1.000000 4
1171 1.000000 5
1175 1.000000 4
1178 -1.000000 3
1182 1.000000 4
1187 1.000000 5
1191 1.000000 4
1195 -1.000000 4
1199 1.000000 4
1203 1.000000 4
1206 -1.000000 3
1209 1.000000 3
1214 1.000000 5
1218 1.000000 4
1221 -1.000000 3
1226 1.000000 5
1230 -1.000000 4
1235 1.000000 5
1240 0.000000 5
1244 -1.000000 4
1247 1.000000 3
1251 1.000000 4
1256 0.000000 5
1261 1.000000 5
1266 1.000000 5
1269 -1.000000 3
1273 -1.000000 4
1277 -1.000000 4
1281 1.000000 4
1286 1.000000 5
1290 1.000000 4
1295 0.000000 5
1299 -1.000000 4
1304 1.000000 5
1309 1.000000 5
1314 1.000000 5
1317 1.000000 3
1321 -1.000000 4
1326 1.000000 5
1331 1.000000 5
1335 1.000000 4
1339 1.000000 4
1344 0.000000 5
1349 1.000000 5
1353 1.000000 4
1357 1.000000 4
1362 1.000000 5
1366 1.000000 4
1369 -1.000000 3
1372 1.000000 3
1377 1.000000 5
1381 -1.000000 4
1384 1.000000 3
1389 0.000000 5
1394 1.000000 5
1399 0.000000 5
1402 1.000000 3
1406 -1.000000 4
1409 1.000000 3
1412 -1.000000 3
1417 1.000000 5
1421 1.000000 4
1426 1.000000 5
1429 1.000000 3
1433 -1.000000 4
1438 1.000000 5
1442 1.000000 4
1445 1.000000 3
1449 1.000000 4
1452 -1.000000 3
1456 -1.000000 4
1460 1.000000 4
1464 1.000000 4
1469 1.000000 5
1474 1.000000 5
1478 -1.000000 4
1482 1.000000 4
1486 1.000000 4
1491 0.000000 5
1495 -1.000000 4
1498 1.000000 3
1502 1.000000 4
1507 0.000000 5
1512 0.000000 5
1516 1.000000 4
1521 1.000000 5
1525 1.000000 4
1529 1.000000 4
1534 0.000000 5
1537 1.000000 3
1541 1.000000 4
1545 -1.000000 4
1550 1.000000 5
1555 1.000000 5
1558 1.000000 3
1563 0.000000 5
1568 0.000000 5
1572 -1.000000 4
1575 -1.000000 3
1579 1.000000 4
1583 1.000000 4
1587 -1.000000 4
1592 1.000000 5
1597 1.000000 5
1600 1.000000 3
1605 1.000000 5
1609 1.000000 4
1614 1.000000 5
1618 -1.000000 4
1623 0.000000 5
1628 1.000000 5
1632 1.000000 4
1637 1.000000 5
1640 -1.000000 3
1645 1.000000 5
1649 1.000000 4
1654 0.000000 5
1657 1.000000 3
1660 1.000000 3
1665 1.000000 5
1670 1.000000 5
1675 0.000000 5
1680 0.000000 5
1684 1.000000 4
1688 1.000000 4
1692 1.000000 4
1696 1.000000 4
1700 -1.000000 4
1704 1.000000 4
1708 1.000000 4
1713 1.000000 5
1717 -1.000000 4
1721 1.000000 4
1725 -1.000000 4
1730 1.000000 5
1734 -1.000000 4
1739 1.000000 5
1743 -1.000000 4
1747 1.000000 4
1750 -1.000000 3
1755 0.000000 5
1758 1.000000 3
1763 1.000000 5
1768 1.000000 5
1772 -1.000000 4
1776 -1.000000 4
1779 1.000000 3
1783 -1.000000 4
1787 1.000000 4
1791 -1.000000 4
1794 -1.000000 3
1798 1.000000 4
1802 1.000000 4
1806 1.000000 4
1810 1.000000 4
1815 1.000000 5
1819 -1.000000 4
1823 -1.000000 4
1827 -1.000000 4
1831 -1.000000 4
1835 1.000000 4
1839 1.000000 4
1843 1.000000 4
1848 1.000000 5
1852 1.000000 4
1857 0.000000 5
1862 0.000000 5
1866 1.000000 4
1869 -1.000000 3
1874 1.000000 5
1879 0.000000 5
1883 -1.000000 4
1887 1.000000 4
1891 -1.000000 4
1896 1.000000 5
1900 1.000000 4
1904 -1.000000 4
1908 1.000000 4
1912 1.000000 4
1917 0.000000 5
1922 1.000000 5
1927 1.000000 5
1931 1.000000 4
1934 1.000000 3
1938 -1.000000 4
1942 -1.000000 4
1947 1.000000 5
1950 1.000000 3
1953 -1.000000 3
1956 -1.000000 3
1961 0.000000 5
1965 -1.000000 4
1968 1.000000 3
1973 1.000000 5
1977 -1.000000 4
1981 -1.000000 4
1984 1.000000 3
1989 1.000000 5
1994 1.000000 5
1998 1.000000 4
2002 1.000000 4
2007 1.000000 5
2012 1.000000 5
2017 1.000000 5
2022 0.000000 5
2026 -1.000000 4
2031 1.000000 5
2036 1.000000 5
2040 1.000000 4
2043 1.000000 3
2048 1.000000 5
2053 0.000000 5
2056 1.000000 3
2060 -1.000000 4
2064 1.000000 4
2069 0.000000 5
2073 -1.000000 4
2076 1.000000 3
2081 1.000000 5
2084 1.000000 3
2088 1.000000 4
2092 -1.000000 4
2096 1.000000 4
2099 1.000000 3
2103 -1.000000 4
2107 1.000000 4
2112 1.000000 5
2116 1.000000 4
2121 0.000000 5
2126 1.000000 5
2130 -1.000000 4
2134 -1.000000 4
2138 -1.000000 4
2142 -1.000000 4
2146 1.000000 4
2151 1.000000 5
2155 -1.000000 4
2160 1.000000 5
2165 1.000000 5
2168 1.000000 3
2172 1.000000 4
2175 1.000000 3
2180 0.000000 5
2184 1.000000 4
2188 -1.000000 4
2192 -1.000000 4
2196 1.000000 4
2200 -1.000000 4
2205 0.000000 5
2209 1.000000 4
2212 1.000000 3
2217 1.000000 5
2221 1.000000 4
2225 -1.000000 4
2230 1.000000 5
2234 -1.000000 4
2238 1.000000 4
2243 0.000000 5
2247 -1.000000 4
2251 1.000000 4
2255 1.000000 4
2259 1.000000 4
2264 1.000000 5
2267 -1.000000 3
2271 1.000000 4
2276 1.000000 5
2279 1.000000 3
2283 1.000000 4
2288 0.000000 5
2292 1.000000 4
2297 0.000000 5
2301 1.000000 4
2305 1.000000 4
2310 0.000000 5
2313 1.000000 3
2317 1.000000 4
2320 -1.000000 3
2324 1.000000 4
2328 -1.000000 4
2332 1.000000 4
2337 1.000000 5
2341 1.000000 4
2344 -1.000000 3
2348 -1.000000 4
2353 1.000000 5
2358 1.000000 5
2363 1.000000 5
2366 -1.000000 3
2370 1.000000 4
2374 -1.000000 4
2379 1.000000 5
2383 1.000000 4
2388 1.000000 5
2393 1.000000 5
2397 1.000000 4
2402 1.000000 5
2407 1.000000 5
2411 1.000000 4
2416 1.000000 5
2420 1.000000 4
2424 1.000000 4
2428 1.000000 4
2432 1.000000 4
2436 1.000000 4
2440 1.000000 4
2443 1.000000 3
2447 1.000000 4
2451 -1.000000 4
2455 1.000000 4
2458 -1.000000 3
2462 -1.000000 4
2467 1.000000 5
2470 -1.000000 3
2475 0.000000 5
2479 -1.000000 4
2484 1.000000 5
2489 1.000000 5
2492 1.000000 3
2497 1.000000 5
2500 1.000000 3
2505 1.000000 5
2509 -1.000000 4
2514 1.000000 5
2519 0.000000 5
2523 -1.000000 4
2528 1.000000 5
2533 1.000000 5
2538 1.000000 5
2542 1.000000 4
2546 -1.000000 4
2550 1.000000 4
2555 0.000000 5
2558 1.000000 3
2562 1.000000 4
2565 -1.000000 3
2569 -1.000000 4
2573 1.000000 4
2576 1.000000 3
2580 -1.000000 4
2584 1.000000 4
2587 -1.000000 3
2590 1.000000 3
2595 0.000000 5
2598 -1.000000 3
2602 -1.000000 4
2606 -1.000000 4
2611 1.000000 5
2615 1.000000 4
2619 -1.000000 4
2624 1.000000 5
2628 1.000000 4
2633 1.000000 5
2636 1.000000 3
2640 -1.000000 4
2645 1.000000 5
2649 1.000000 4
2653 1.000000 4
2657 1.000000 4
2661 1.000000 4
2665 1.000000 4
2669 -1.000000 4
2673 -1.000000 4
2677 1.000000 4
2682 1.000000 5
2687 1.000000 5
2692 0.000000 5
2697 0.000000 5
2702 0.000000 5
2706 1.000000 4
2711 1.000000 5
2714 -1.000000 3
2719 1.000000 5
2724 1.000000 5
2729 1.000000 5
2734 0.000000 5
2738 -1.000000 4
2743 1.000000 5
2747 1.000000 4
2752 0.000000 5
2755 -1.000000 3
2759 -1.000000 4
2763 -1.000000 4
2767 -1.000000 4
2771 1.000000 4
2774 -1.000000 3
2777 1.000000 3
2781 1.000000 4
2784 1.000000 3
2789 1.000000 5
2792 -1.000000 3
2797 1.000000 5
2802 1.000000 5
2806 1.000000 4
2811 0.000000 5
2816 1.000000 5
2820 1.000000 4
2824 1.000000 4
2827 1.000000 3
2831 1.000000 4
2835 -1.000000 4
2839 1.000000 4
2842 -1.000000 3
2847 1.000000 5
2850 1.000000 3
2855 1.000000 5
2859 -1.000000 4
2863 1.000000 4
2866 -1.000000 3
2869 1.000000 3
2873 1.000000 4
2878 1.000000 5
2883 0.000000 5
2887 1.000000 4
2892 0.000000 5
2897 1.000000 5
2902 0.000000 5
2907 0.000000 5
2911 -1.000000 4
2916 1.000000 5
2920 1.000000 4
2924 -1.000000 4
2928 -1.000000 4
2932 1.000000 4
2935 1.000000 3
2940 0.000000 5
2945 1.000000 5
2949 -1.000000 4
2954 1.000000 5
2959 1.000000 5
2962 1.000000 3
2967 1.000000 5
2971 -1.000000 4
2975 1.000000 4
2979 1.000000 4
2984 0.000000 5
2989 1.000000 5
2992 -1.000000 3
2997 1.000000 5
3002 0.000000 5
3006 -1.000000 4
3011 0.000000 5
3014 1.000000 3
3018 -1.000000 4
3022 1.000000 4
3026 1.000000 4
3031 1.000000 5
3034 -1.000000 3
3038 1.000000 4
3043 1.000000 5
3047 1.000000 4
3050 -1.000000 3
3053 -1.000000 3
3057 1.000000 4
3062 0.000000 5
3066 1.000000 4
3070 1.000000 4
3074 1.000000 4
3079 0.000000 5
3083 1.000000 4
3087 1.000000 4
3092 1.000000 5
3096 -1.000000 4
3100 1.000000 4
3104 -1.000000 4
3109 0.000000 5
3113 1.000000 4
3118 1.000000 5
3121 -1.000000 3
3124 -1.000000 3
3129 1.000000 5
3134 1.000000 5
3138 -1.000000 4
3143 1.000000 5
3148 1.000000 5
3151 1.000000 3
3154 -1.000000 3
3159 1.000000 5
3162 -1.000000 3
3167 0.000000 5
3172 1.000000 5
3177 1.000000 5
3181 1.000000 4
3186 0.000000 5
3189 -1.000000 3
3194 1.000000 5
3198 -1.000000 4
3203 1.000000 5
3208 1.000000 5
3211 1.000000 3
3216 0.000000 5
3219 1.000000 3
3223 1.000000 4
3227 1.000000 4
3232 0.000000 5
3236 -1.000000 4
3241 0.000000 5
3245 1.000000 4
3248 -1.000000 3
3251 1.000000 3
3255 1.000000 4
3259 -1.000000 4
3263 1.000000 4
3266 1.000000 3
3271 0.000000 5
3275 -1.000000 4
3278 -1.000000 3
3282 1.000000 4
3286 1.000000 4
3291 1.000000 5
3294 -1.000000 3
3297 1.000000 3
3301 1.000000 4
3305 1.000000 4
3310 1.000000 5
3315 1.000000 5
3319 1.000000 4
3323 1.000000 4
3327 1.000000 4
3332 1.000000 5
3336 1.000000 4
3340 1.000000 4
3344 1.000000 4
3349 0.000000 5
3352 1.000000 3
3355 1.000000 3
3360 0.000000 5
3365 1.000000 5
3369 1.000000 4
3374 1.000000 5
3378 1.000000 4
3382 -1.000000 4
3386 1.000000 4
3391 1.000000 5
3395 -1.000000 4
3400 1.000000 5
3403 1.000000 3
3407 1.000000 4
3411 1.000000 4
3416 1.000000 5
3420 1.000000 4
3424 1.000000 4
3427 1.000000 3
3431 1.000000 4
3435 -1.000000 4
3440 1.000000 5
3444 1.000000 4
3448 1.000000 4
3452 1.000000 4
3456 -1.000000 4
3460 -1.000000 4
3465 1.000000 5
3470 0.000000 5
3473 1.000000 3
3477 -1.000000 4
3482 1.000000 5
3487 0.000000 5
3492 1.000000 5
3497 1.000000 5
3500 -1.000000 3
3504 1.000000 4
3509 1.000000 5
3514 0.000000 5
3517 -1.000000 3
3521 -1.000000 4
3526 1.000000 5
3530 1.000000 4
3534 1.000000 4
3538 1.000000 4
3542 -1.000000 4
3546 -1.000000 4
3550 -1.000000 4
3553 -1.000000 3
3558 1.000000 5
3562 1.000000 4
3567 0.000000 5
3571 1.000000 4
3575 1.000000 4
3580 1.000000 5
3585 1.000000 5
3589 1.000000 4
3594 1.000000 5
3599 1.000000 5
3602 -1.000000 3
3606 1.000000 4
3611 1.000000 5
3616 1.000000 5
3621 0.000000 5
3624 -1.000000 3
3629 1.000000 5
3632 1.000000 3
3637 1.000000 5
3640 -1.000000 3
3645 0.000000 5
3649 1.000000 4
3653 1.000000 4
3658 1.000000 5
3662 1.000000 4
3666 -1.000000 4
3670 1.000000 4
3674 1.000000 4
3677 1.000000 3
3682 1.000000 5
3686 -1.000000 4
3691 0.000000 5
3696 1.000000 5
3700 1.000000 4
3704 1.000000 4
3708 1.000000 4
3713 0.000000 5
3718 0.000000 5
3722 1.000000 4
3725 -1.000000 3
3729 1.000000 4
3732 -1.000000 3
3735 1.000000 3
3738 -1.000000 3
3743 1.000000 5
3748 0.000000 5
3752 1.000000 4
3756 1.000000 4
3761 1.000000 5
3765 1.000000 4
3768 -1.000000 3
3772 -1.000000 4
3776 1.000000 4
3781 1.000000 5
3785 1.000000 4
3788 -1.000000 3
3792 -1.000000 4
3796 -1.000000 4
3801 1.000000 5
3805 1.000000 4
3809 1.000000 4
3813 1.000000 4
3816 1.000000 3
3820 -1.000000 4
3825 0.000000 5
3829 1.000000 4
3833 1.000000 4
3836 1.000000 3
3840 1.000000 4
3845 0.000000 5
3848 -1.000000 3
3853 1.000000 5
3856 1.000000 3
3861 1.000000 5
3865 1.000000 4
3868 -1.000000 3
3871 1.000000 3
3876 1.000000 5
3881 1.000000 5
3886 0.000000 5
3890 1.000000 4
3893 -1.000000 3
3896 -1.000000 3
3900 1.000000 4
3905 0.000000 5
3910 1.000000 5
3913 1.000000 3
3918 1.000000 5
3922 1.000000 4
3926 -1.000000 4
3930 1.000000 4
3934 1.000000 4
3938 1.000000 4
3942 1.000000 4
3946 -1.000000 4
3949 -1.000000 3
3952 -1.000000 3
3955 -1.000000 3
3960 1.000000 5
3964 -1.000000 4
3969 0.000000 5
3973 -1.000000 4
3977 1.000000 4
3982 1.000000 5
3986 1.000000 4
3990 1.000000 4
3995 1.000000 5
3999 1.000000 4
4003 1.000000 4
4008 0.000000 5
4011 -1.000000 3
4015 -1.000000 4
4020 0.000000 5
4024 1.000000 4
4028 1.000000 4
4031 1.000000 3
4035 -1.000000 4
4039 1.000000 4
4042 -1.000000 3
4046 1.000000 4
4050 1.000000 4
4055 1.000000 5
4060 1.000000 5
4063 -1.000000 3
4067 -1.000000 4
4071 1.000000 4
4076 1.000000 5
4080 -1.000000 4
4083 -1.000000 3
4086 1.000000 3
4090 1.000000 4
4094 -1.000000 4
4099 1.000000 5
4103 1.000000 4
4107 1.000000 4
4111 1.000000 4
4115 1.000000 4
4118 -1.000000 3
4122 -1.000000 4
4127 0.000000 5
4132 1.000000 5
4137 1.000000 5
4141 1.000000 4
4144 -1.000000 3
4149 0.000000 5
4153 1.000000 4
4157 1.000000 4
4161 1.000000 4
4165 1.000000 4
4169 1.000000 4
4174 1.000000 5
4179 0.000000 5
4183 1.000000 4
4188 1.000000 5
4192 1.000000 4
4196 -1.000000 4
4200 1.000000 4
4205 0.000000 5
4209 1.000000 4
4213 1.000000 4
4218 0.000000 5
4221 1.000000 3
4225 1.000000 4
4228 1.000000 3
4232 1.000000 4
4235 1.000000 3
4239 1.000000 4
4242 -1.000000 3
4247 1.000000 5
4251 1.000000 4
4255 -1.000000 4
4259 1.000000 4
4263 1.000000 4
4268 1.000000 5
4271 1.000000 3
4274 -1.000000 3
4277 1.000000 3
4281 1.000000 4
4285 1.000000 4
4289 -1.000000 4
4292 -1.000000 3
4297 1.000000 5
4302 1.000000 5
4306 1.000000 4
4311 1.000000 5
4314 -1.000000 3
4319 1.000000 5
4323 -1.000000 4
4328 0.000000 5
4333 1.000000 5
4336 1.000000 3
4341 0.000000 5
4346 1.000000 5
4350 1.000000 4
4355 0.000000 5
4359 1.000000 4
4364 1.000000 5
4368 -1.000000 4
4372 1.000000 4
4376 1.000000 4
4381 0.000000 5
4385 1.000000 4
4388 1.000000 3
4391 -1.000000 3
4395 -1.000000 4
4398 1.000000 3
4403 1.000000 5
4407 -1.000000 4
4411 1.000000 4
4415 1.000000 4
4419 1.000000 4
4424 1.000000 5
4428 1.000000 4
4433 1.000000 5
4436 1.000000 3
4440 -1.000000 4
4445 1.000000 5
4450 0.000000 5
4455 1.000000 5
4459 -1.000000 4
4464 1.000000 5
4467 1.000000 3
4472 0.000000 5
4475 -1.000000 3
4480 1.000000 5
4485 0.000000 5
4490 1.000000 5
4494 1.000000 4
4499 1.000000 5
4503 -1.000000 4
4507 1.000000 4
4511 -1.000000 4
4516 0.000000 5
4520 1.000000 4
4524 -1.000000 4
4527 1.000000 3
4532 0.000000 5
4537 0.000000 5
4542 1.000000 5
4546 -1.000000 4
4550 -1.000000 4
4555 0.000000 5
4559 1.000000 4
4563 -1.000000 4
4567 1.000000 4
4571 1.000000 4
4575 -1.000000 4
4578 1.000000 3
4582 1.000000 4
4587 1.000000 5
4590 -1.000000 3
4594 1.000000 4
4597 1.000000 3
4601 -1.000000 4
4605 -1.000000 4
4610 0.000000 5
4614 -1.000000 4
4619 0.000000 5
4622 -1.000000 3
4626 1.000000 4
4631 0.000000 5
4634 1.000000 3
4638 1.000000 4
4643 0.000000 5
4647 -1.000000 4
4650 1.000000 3
4655 1.000000 5
4658 1.000000 3
4662 -1.000000 4
4666 -1.000000 4
4669 1.000000 3
4673 1.000000 4
4678 0.000000 5
4682 1.000000 4
4687 1.000000 5
4691 1.000000 4
4695 1.000000 4
4699 1.000000 4
4702 1.000000 3
4707 1.000000 5
4712 0.000000 5
4717 0.000000 5
4720 1.000000 3
4724 1.000000 4
4728 1.000000 4
4731 1.000000 3
4735 1.000000 4
4739 1.000000 4
4742 1.000000 3
4746 -1.000000 4
4750 1.000000 4
4753 1.000000 3
4756 1.000000 3
4760 1.000000 4
4764 1.000000 4
4768 -1.000000 4
4772 -1.000000 4
4775 1.000000 3
4779 -1.000000 4
4784 0.000000 5
4788 -1.000000 4
4793 0.000000 5
4797 -1.000000 4
4802 0.000000 5
4806 1.000000 4
4811 1.000000 5
4815 1.000000 4
4820 0.000000 5
4824 1.000000 4
4827 1.000000 3
4831 1.000000 4
4835 1.000000 4
4839 1.000000 4
4843 -1.000000 4
4846 1.000000 3
4850 -1.000000 4
4854 -1.000000 4
4858 1.000000 4
4862 1.000000 4
4867 1.000000 5
4871 1.000000 4
4876 1.000000 5
4880 1.000000 4
4885 0.000000 5
4890 1.000000 5
4894 1.000000 4
4897 1.000000 3
4902 0.000000 5
4907 1.000000 5
4911 1.000000 4
4915 1.000000 4
4919 1.000000 4
4923 -1.000000 4
4928 1.000000 5
4932 1.000000 4
4936 -1.000000 4
4941 0.000000 5
4946 0.000000 5
4950 1.000000 4
4953 1.000000 3
4957 1.000000 4
4961 1.000000 4
4964 -1.000000 3
4968 1.000000 4
4972 -1.000000 4
4975 -1.000000 3
4980 1.000000 5
4983 1.000000 3
4987 -1.000000 4
4990 1.000000 3
4995 1.000000 5
4999 -1.000000 4
5003 -1.000000 4
5008 1.000000 5
5011 1.000000 3
5015 1.000000 4
5020 1.000000 5
5024 1.000000 4
5028 1.000000 4
5032 1.000000 4
5036 -1.000000 4
5040 1.000000 4
5044 1.000000 4
5049 1.000000 5
5053 -1.000000 4
5057 -1.000000 4
5061 -1.000000 4
5065 1.000000 4
5069 -1.000000 4
5074 1.000000 5
5078 1.000000 4
5082 1.000000 4
5087 1.000000 5
5091 1.000000 4
5095 -1.000000 4
5099 1.000000 4
5103 1.000000 4
5108 1.000000 5
5111 -1.000000 3
5115 1.000000 4
5118 1.000000 3
5121 1.000000 3
5124 1.000000 3
5128 1.000000 4
5133 1.000000 5
5137 1.000000 4
5142 1.000000 5
5146 1.000000 4
5150 -1.000000 4
5153 -1.000000 3
5157 -1.000000 4
5162 0.000000 5
5166 1.000000 4
5169 1.000000 3
5174 0.000000 5
5179 1.000000 5
5183 -1.000000 4
5187 -1.000000 4
5190 -1.000000 3
5194 1.000000 4
5197 -1.000000 3
5201 1.000000 4
5204 1.000000 3
5208 1.000000 4
5212 1.000000 4
5216 -1.000000 4
5221 0.000000 5
5226 1.000000 5
5231 1.000000 5
5235 1.000000 4
5239 -1.000000 4
5243 1.000000 4
5247 -1.000000 4
5251 1.000000 4
5254 1.000000 3
5258 -1.000000 4
5262 1.000000 4
5266 -1.000000 4
5271 1.000000 5
5275 1.000000 4
5279 -1.000000 4
5283 -1.000000 4
5288 1.000000 5
5293 0.000000 5
5298 1.000000 5
5303 1.000000 5
5306 1.000000 3
5311 0.000000 5
5316 1.000000 5
5321 1.000000 5
5325 1.000000 4
5330 1.000000 5
5335 1.000000 5
5338 1.000000 3
5341 -1.000000 3
5346 1.000000 5
5351 1.000000 5
5354 -1.000000 3
5359 1.000000 5
5363 1.000000 4
5366 1.000000 3
5371 0.000000 5
5376 1.000000 5
5380 -1.000000 4
5385 0.000000 5
5390 1.000000 5
5394 1.000000 4
5398 -1.000000 4
5403 0.000000 5
5408 0.000000 5
5411 1.000000 3
5415 1.000000 4
5420 0.000000 5
5425 1.000000 5
5430 1.000000 5
5434 1.000000 4
5438 -1.000000 4
5442 1.000000 4
5446 1.000000 4
5450 -1.000000 4
5454 1.000000 4
5458 1.000000 4
5462 1.000000 4
5465 -1.000000 3
5469 -1.000000 4
5474 1.000000 5
5478 1.000000 4
5482 1.000000 4
5486 -1.000000 4
5490 -1.000000 4
5494 1.000000 4
5497 -1.000000 3
5502 1.000000 5
5507 1.000000 5
5510 1.000000 3
5515 1.000000 5
5519 1.000000 4
5523 1.000000 4
5526 1.000000 3
5530 1.000000 4
5534 1.000000 4
5539 1.000000 5
5544 1.000000 5
5549 1.000000 5
5553 1.000000 4
5557 -1.000000 4
5560 -1.000000 3
5564 -1.000000 4
5568 -1.000000 4
5572 1.000000 4
5576 1.000000 4
5579 -1.000000 3
5584 0.000000 5
5588 1.000000 4
5592 -1.000000 4
5597 0.000000 5
5601 1.000000 4
5605 1.000000 4
5610 0.000000 5
5613 1.000000 3
5617 -1.000000 4
5622 1.000000 5
5627 0.000000 5
5631 1.000000 4
5635 -1.000000 4
5640 0.000000 5
5643 1.000000 3
5648 1.000000 5
5651 -1.000000 3
5656 0.000000 5
5659 1.000000 3
5662 -1.000000 3
5667 0.000000 5
5671 -1.000000 4
5675 1.000000 4
5679 1.000000 4
5683 1.000000 4
5687 1.000000 4
5692 1.000000 5
5696 1.000000 4
5700 1.000000 4
5704 1.000000 4
5708 -1.000000 4
5713 0.000000 5
5718 0.000000 5
5721 1.000000 3
5726 1.000000 5
5731 1.000000 5
5734 1.000000 3
5738 -1.000000 4
5742 -1.000000 4
5747 1.000000 5
5751 1.000000 4
5755 1.000000 4
5760 0.000000 5
5764 1.000000 4
5767 -1.000000 3
5771 1.000000 4
5775 -1.000000 4
5778 -1.000000 3
5783 1.000000 5
5787 1.000000 4
5792 0.000000 5
5795 -1.000000 3
5798 1.000000 3
5803 1.000000 5
5808 1.000000 5
5813 1.000000 5
5818 0.000000 5
5822 -1.000000 4
5826 -1.000000 4
5829 -1.000000 3
5832 1.000000 3
5837 1.000000 5
5842 1.000000 5
5846 1.000000 4
5849 -1.000000 3
5854 0.000000 5
5859 1.000000 5
5864 0.000000 5
5868 1.000000 4
5872 -1.000000 4
5877 1.000000 5
5881 -1.000000 4
5885 1.000000 4
5890 1.000000 5
5895 1.000000 5
5899 1.000000 4
5903 1.000000 4
5906 -1.000000 3
5911 0.000000 5
5915 1.000000 4
5919 -1.000000 4
5924 0.000000 5
5928 1.000000 4
5932 -1.000000 4
5937 1.000000 5
5941 1.000000 4
5944 -1.000000 3
5948 1.000000 4
5953 1.000000 5
5956 -1.000000 3
5959 -1.000000 3
5962 -1.000000 3
5966 -1.000000 4
5970 1.000000 4
5975 0.000000 5
5978 -1.000000 3
5983 1.000000 5
5987 1.000000 4
5992 0.000000 5
5997 1.000000 5
6001 -1.000000 4
6005 1.000000 4
6009 -1.000000 4
6013 1.000000 4
6016 -1.000000 3
6020 1.000000 4
6024 -1.000000 4
6028 1.000000 4
6032 1.000000 4
6035 -1.000000 3
6040 0.000000 5
6044 -1.000000 4
6048 1.000000 4
6051 -1.000000 3
6056 1.000000 5
6060 1.000000 4
6064 1.000000 4
6068 1.000000 4
6071 1.000000 3
6075 -1.000000 4
6078 -1.000000 3
6083 1.000000 5
6087 -1.000000 4
6091 -1.000000 4
6095 -1.000000 4
6099 1.000000 4
6103 1.000000 4
6107 1.000000 4
6112 0.000000 5
6116 1.000000 4
6120 1.000000 4
6125 1.000000 5
6130 1.000000 5
6135 0.000000 5
6140 0.000000 5
6145 1.000000 5
6149 -1.000000 4
6153 1.000000 4
6157 -1.000000 4
6161 1.000000 4
6164 1.000000 3
6168 -1.000000 4
6173 1.000000 5
6177 1.000000 4
6180 1.000000 3
6184 1.000000 4
6188 -1.000000 4
6192 1.000000 4
6195 1.000000 3
6198 1.000000 3
6202 -1.000000 4
6206 -1.000000 4
6210 -1.000000 4
6215 0.000000 5
6218 -1.000000 3
6221 1.000000 3
6225 -1.000000 4
6229 1.000000 4
6234 1.000000 5
6237 -1.000000 3
6240 -1.000000 3
6245 0.000000 5
6249 1.000000 4
6254 0.000000 5
6258 -1.000000 4
6262 -1.000000 4
6266 1.000000 4
6271 0.000000 5
6274 1.000000 3
6278 -1.000000 4
6282 1.000000 4
6285 -1.000000 3
6289 1.000000 4
6293 1.000000 4
6297 1.000000 4
6301 -1.000000 4
6306 1.000000 5
6311 1.000000 5
6315 1.000000 4
6320 1.000000 5
6325 1.000000 5
6329 -1.000000 4
6333 1.000000 4
6337 -1.000000 4
6342 1.000000 5
6347 1.000000 5
6352 0.000000 5
6357 1.000000 5
6361 1.000000 4
6365 1.000000 4
6370 1.000000 5
6373 1.000000 3
6378 1.000000 5
6381 1.000000 3
6386 1.000000 5
6389 1.000000 3
6392 -1.000000 3
6397 1.000000 5
6400 1.000000 3
6404 -1.000000 4
6407 1.000000 3
6411 1.000000 4
6415 1.000000 4
6419 1.000000 4
6424 1.000000 5
6428 1.000000 4
6432 -1.000000 4
6436 1.000000 4
6440 -1.000000 4
6443 1.000000 3
6446 -1.000000 3
6451 1.000000 5
6456 0.000000 5
6459 1.000000 3
6462 -1.000000 3
6466 1.000000 4
6471 0.000000 5
6475 1.000000 4
6478 -1.000000 3
6482 -1.000000 4
6485 1.000000 3
6489 -1.000000 4
6493 -1.000000 4
6498 1.000000 5
6502 1.000000 4
6506 -1.000000 4
6511 0.000000 5
6515 -1.000000 4
6520 1.000000 5
6524 1.000000 4
6529 1.000000 5
6533 -1.000000 4
6538 0.000000 5
6541 -1.000000 3
6546 0.000000 5
6550 -1.000000 4
6555 1.000000 5
6559 1.000000 4
6564 0.000000 5
6569 0.000000 5
6573 1.000000 4
6578 1.000000 5
6583 1.000000 5
6586 1.000000 3
6591 1.000000 5
6596 1.000000 5
6599 -1.000000 3
6604 0.000000 5
6609 0.000000 5
6613 1.000000 4
6617 1.000000 4
6621 1.000000 4
6625 1.000000 4
6628 1.000000 3
6633 1.000000 5
6637 -1.000000 4
6641 -1.000000 4
6645 1.000000 4
6650 0.000000 5
6654 1.000000 4
6659 0.000000 5
6663 1.000000 4
6668 1.000000 5
6673 1.000000 5
6678 1.000000 5
6682 -1.000000 4
6686 1.000000 4
6689 1.000000 3
6694 1.000000 5
6698 1.000000 4
6702 1.000000 4
6707 0.000000 5
6711 -1.000000 4
6715 1.000000 4
6718 1.000000 3
6722 -1.000000 4
6727 1.000000 5
6732 1.000000 5
6735 1.000000 3
6739 1.000000 4
6742 -1.000000 3
6746 1.000000 4
6749 1.000000 3
6754 1.000000 5
6759 1.000000 5
6763 -1.000000 4
6767 1.000000 4
6770 -1.000000 3
6775 1.000000 5
6779 1.000000 4
6783 -1.000000 4
6787 -1.000000 4
6791 1.000000 4
6795 1.000000 4
6799 -1.000000 4
6803 -1.000000 4
6806 1.000000 3
6810 -1.000000 4
6814 -1.000000 4
6818 1.000000 4
6823 1.000000 5
6826 -1.000000 3
6831 1.000000 5
6835 1.000000 4
6840 1.000000 5
6843 -1.000000 3
6847 1.000000 4
6851 1.000000 4
6855 -1.000000 4
6859 1.000000 4
6863 1.000000 4
6868 1.000000 5
6871 1.000000 3
6875 -1.000000 4
6878 1.000000 3
6882 -1.000000 4
6887 1.000000 5
6892 1.000000 5
6896 -1.000000 4
6900 1.000000 4
6904 1.000000 4
6908 1.000000 4
6912 -1.000000 4
6916 -1.000000 4
6921 1.000000 5
6926 1.000000 5
6930 1.000000 4
6935 1.000000 5
6939 1.000000 4
6943 1.000000 4
6946 1.000000 3
6951 1.000000 5
6956 1.000000 5
6961 1.000000 5
6966 1.000000 5
6970 1.000000 4
6975 1.000000 5
6980 0.000000 5
6985 1.000000 5
6989 -1.000000 4
6993 1.000000 4
6997 1.000000 4
7002 1.000000 5
7005 1.000000 3
7008 -1.000000 3
7013 1.000000 5
7016 -1.000000 3
7021 0.000000 5
7026 1.000000 5
7030 -1.000000 4
7033 1.000000 3
7036 1.000000 3
7040 1.000000 4
7044 -1.000000 4
7049 1.000000 5
7052 1.000000 3
7056 1.000000 4
7059 -1.000000 3
7062 -1.000000 3
7066 -1.000000 4
7071 1.000000 5
7075 1.000000 4
7079 -1.000000 4
7082 -1.000000 3
7086 -1.000000 4
7091 1.000000 5
7096 1.000000 5
7101 0.000000 5
7105 1.000000 4
7108 -1.000000 3
7111 -1.000000 3
7115 1.000000 4
7118 -1.000000 3
7122 -1.000000 4
7125 1.000000 3
7129 1.000000 4
7133 1.000000 4
7138 1.000000 5
7141 1.000000 3
7146 1.000000 5
7150 1.000000 4
7154 1.000000 4
7158 1.000000 4
7162 1.000000 4
7166 -1.000000 4
7170 -1.000000 4
7175 1.000000 5
7180 1.000000 5
7184 1.000000 4
7189 1.000000 5
7192 1.000000 3
7197 1.000000 5
7201 1.000000 4
7205 -1.000000 4
7209 1.000000 4
7214 0.000000 5
7219 1.000000 5
7223 1.000000 4
7226 1.000000 3
7231 1.000000 5
7234 -1.000000 3
7239 1.000000 5
7243 -1.000000 4
7247 1.000000 4
7251 1.000000 4
7254 1.000000 3
7257 1.000000 3
7262 0.000000 5
7266 1.000000 4
7269 -1.000000 3
7272 -1.000000 3
7276 1.000000 4
7281 1.000000 5
7285 1.000000 4
7289 1.000000 4
7294 0.000000 5
7299 1.000000 5
7303 1.000000 4
7307 -1.000000 4
7312 1.000000 5
7317 1.000000 5
7322 1.000000 5
7326 1.000000 4
7330 1.000000 4
7334 1.000000 4
7339 1.000000 5
7344 1.000000 5
7348 -1.000000 4
7352 1.000000 4
7356 1.000000 4
7361 1.000000 5
7366 1.000000 5
7371 1.000000 5
7376 0.000000 5
7381 1.000000 5
7385 1.000000 4
7389 1.000000 4
7393 -1.000000 4
7397 1.000000 4
7401 -1.000000 4
7405 1.000000 4
7409 -1.000000 4
7413 1.000000 4
7417 1.000000 4
7420 1.000000 3
7425 0.000000 5
7428 -1.000000 3
7431 1.000000 3
7435 1.000000 4
7438 -1.000000 3
7443 0.000000 5
7448 0.000000 5
7453 1.000000 5
7456 1.000000 3
7461 1.000000 5
7464 1.000000 3
7468 1.000000 4
7473 1.000000 5
7478 1.000000 5
7482 -1.000000 4
7487 1.000000 5
7492 0.000000 5
7497 1.000000 5
7501 1.000000 4
7505 1.000000 4
7508 1.000000 3
7512 1.000000 4
7516 1.000000 4
7519 1.000000 3
7524 0.000000 5
7527 -1.000000 3
7531 1.000000 4
7535 -1.000000 4
7540 1.000000 5
7545 1.000000 5
7550 0.000000 5
7553 1.000000 3
7558 1.000000 5
7563 0.000000 5
7567 1.000000 4
7572 1.000000 5
7576 -1.000000 4
7579 -1.000000 3
7584 0.000000 5
7589 0.000000 5
7594 0.000000 5
7599 0.000000 5
7603 1.000000 4
7607 1.000000 4
7611 1.000000 4
7615 -1.000000 4
7620 0.000000 5
7625 1.000000 5
7630 0.000000 5
7635 0.000000 5
7639 -1.000000 4
7643 1.000000 4
7647 1.000000 4
7651 1.000000 4
7655 -1.000000 4
7660 1.000000 5
7663 -1.000000 3
7667 1.000000 4
7671 1.000000 4
7675 1.000000 4
7679 1.000000 4
7684 1.000000 5
7687 -1.000000 3
7691 -1.000000 4
7695 1.000000 4
7700 1.000000 5
7704 -1.000000 4
7708 1.000000 4
7713 0.000000 5
7717 -1.000000 4
7721 1.000000 4
7725 1.000000 4
7729 1.000000 4
7733 1.000000 4
7738 0.000000 5
7742 1.000000 4
7746 1.000000 4
7750 1.000000 4
7755 1.000000 5
7760 1.000000 5
7764 1.000000 4
7768 1.000000 4
7772 -1.000000 4
7775 1.000000 3
7778 -1.000000 3
7781 1.000000 3
7784 -1.000000 3
7789 1.000000 5
7793 -1.000000 4
7798 1.000000 5
7803 0.000000 5
7806 1.000000 3
7811 1.000000 5
7816 1.000000 5
7821 1.000000 5
7825 -1.000000 4
7829 1.000000 4
7834 0.000000 5
7839 1.000000 5
7844 1.000000 5
7848 -1.000000 4
7852 1.000000 4
7857 0.000000 5
7860 1.000000 3
7864 1.000000 4
7867 1.000000 3
7872 1.000000 5
7875 1.000000 3
7878 1.000000 3
7883 1.000000 5
7888 1.000000 5
7891 1.000000 3
7896 1.000000 5
7900 1.000000 4
7904 1.000000 4
7908 1.000000 4
7912 -1.000000 4
7917 1.000000 5
7921 1.000000 4
7925 1.000000 4
7928 -1.000000 3
7931 -1.000000 3
7936 1.000000 5
7941 1.000000 5
7945 1.000000 4
7950 0.000000 5
7954 1.000000 4
7958 1.000000 4
7961 1.000000 3
7965 1.000000 4
7969 1.000000 4
7972 1.000000 3
7975 1.000000 3
7979 1.000000 4
7982 -1.000000 3
7985 1.000000 3
7989 -1.000000 4
7993 -1.000000 4
7998 1.000000 5
8001 1.000000 3
8005 1.000000 4
8010 1.000000 5
8013 1.000000 3
8018 0.000000 5
8022 1.000000 4
8026 1.000000 4
8031 0.000000 5
8035 -1.000000 4
8040 1.000000 5
8043 -1.000000 3
8048 1.000000 5
8053 0.000000 5
8058 0.000000 5
8062 1.000000 4
8066 -1.000000 4
8069 -1.000000 3
8073 1.000000 4
8077 1.000000 4
8081 -1.000000 4
8086 0.000000 5
8091 1.000000 5
8096 0.000000 5
8099 -1.000000 3
8103 1.000000 4
8107 1.000000 4
8112 0.000000 5
8116 1.000000 4
8121 1.000000 5
8125 1.000000 4
8128 1.000000 3
8131 -1.000000 3
8135 1.000000 4
8139 1.000000 4
8144 1.000000 5
8149 1.000000 5
8154 1.000000 5
8159 1.000000 5
8163 1.000000 4
8167 -1.000000 4
8171 1.000000 4
8175 -1.000000 4
8179 1.000000 4
8184 1.000000 5
8189 0.000000 5
8193 -1.000000 4
8197 -1.000000 4
8200 -1.000000 3
8204 1.000000 4
8208 1.000000 4
8213 1.000000 5
8218 1.000000 5
8221 -1.000000 3
8226 1.000000 5
8230 1.000000 4
8234 1.000000 4
8238 1.000000 4
8242 1.000000 4
8245 1.000000 3
8248 -1.000000 3
8253 1.000000 5
8257 -1.000000 4
8261 1.000000 4
8266 0.000000 5
8269 -1.000000 3
8274 0.000000 5
8277 1.000000 3
8280 1.000000 3
8283 1.000000 3
8287 1.000000 4
8291 1.000000 4
8294 1.000000 3
8299 0.000000 5
8304 1.000000 5
8308 -1.000000 4
8313 1.000000 5
8317 -1.000000 4
8320 -1.000000 3
8325 1.000000 5
8329 -1.000000 4
8334 0.000000 5
8338 1.000000 4
8343 1.000000 5
8348 1.000000 5
8352 -1.000000 4
8355 1.000000 3
8359 1.000000 4
8363 -1.000000 4
8367 1.000000 4
8371 1.000000 4
8375 1.000000 4
8378 1.000000 3
8383 0.000000 5
8387 1.000000 4
8392 1.000000 5
8397 1.000000 5
8401 1.000000 4
8406 1.000000 5
8409 -1.000000 3
8413 -1.000000 4
8418 0.000000 5
8422 -1.000000 4
8427 1.000000 5
8430 -1.000000 3
8435 0.000000 5
8439 -1.000000 4
8444 0.000000 5
8449 0.000000 5
8454 1.000000 5
8459 1.000000 5
8462 1.000000 3
8466 1.000000 4
8471 1.000000 5
8476 0.000000 5
8479 -1.000000 3
8484 0.000000 5
8488 -1.000000 4
8492 1.000000 4
8497 1.000000 5
8501 1.000000 4
8506 0.000000 5
8509 -1.000000 3
8513 -1.000000 4
8518 0.000000 5
8522 1.000000 4
8525 1.000000 3
8530 1.000000 5
8534 1.000000 4
8538 1.000000 4
8542 1.000000 4
8545 -1.000000 3
8550 1.000000 5
8554 -1.000000 4
8558 1.000000 4
8563 1.000000 5
8567 1.000000 4
8572 0.000000 5
8577 1.000000 5
8581 -1.000000 4
8585 -1.000000 4
8589 1.000000 4
8594 1.000000 5
8599 1.000000 5
8604 0.000000 5
8608 1.000000 4
8612 -1.000000 4
8616 -1.000000 4
8620 1.000000 4
8624 1.000000 4
8629 0.000000 5
8633 1.000000 4
8638 1.000000 5
8642 1.000000 4
8647 0.000000 5
8652 1.000000 5
8657 0.000000 5
8661 1.000000 4
8665 -1.000000 4
8669 -1.000000 4
8673 1.000000 4
8676 1.000000 3
8680 1.000000 4
8685 1.000000 5
8689 1.000000 4
8693 1.000000 4
8698 0.000000 5
8703 1.000000 5
8707 -1.000000 4
8712 1.000000 5
8715 1.000000 3
8719 1.000000 4
8723 -1.000000 4
8727 -1.000000 4
8732 0.000000 5
8735 -1.000000 3
8740 0.000000 5
8744 1.000000 4
8747 -1.000000 3
8751 -1.000000 4
8756 0.000000 5
8760 1.000000 4
8765 0.000000 5
8769 1.000000 4
8774 1.000000 5
8778 1.000000 4
8781 1.000000 3
8785 -1.000000 4
8788 1.000000 3
8792 -1.000000 4
8795 1.000000 3
8800 0.000000 5
8804 -1.000000 4
8808 1.000000 4
8812 -1.000000 4
8815 -1.000000 3
8819 1.000000 4
8824 0.000000 5
8829 1.000000 5
8833 1.000000 4
8836 1.000000 3
8841 1.000000 5
8845 1.000000 4
8849 -1.000000 4
8852 1.000000 3
8856 -1.000000 4
8860 1.000000 4
8864 1.000000 4
8868 -1.000000 4
8872 -1.000000 4
8876 1.000000 4
8880 -1.000000 4
8885 0.000000 5
8888 -1.000000 3
8892 1.000000 4
8895 1.000000 3
8898 1.000000 3
8902 1.000000 4
8906 1.000000 4
8910 1.000000 4
8914 1.000000 4
8918 1.000000 4
8921 1.000000 3
8926 1.000000 5
8930 1.000000 4
8935 1.000000 5
8939 1.000000 4
8943 1.000000 4
8948 0.000000 5
8953 0.000000 5
8958 0.000000 5
8962 1.000000 4
8967 1.000000 5
8972 1.000000 5
8977 1.000000 5
8980 1.000000 3
8984 -1.000000 4
8989 1.000000 5
8994 1.000000 5
8998 1.000000 4
9002 1.000000 4
9006 -1.000000 4
9011 0.000000 5
9014 1.000000 3
9018 1.000000 4
9021 1.000000 3
9024 -1.000000 3
9028 1.000000 4
9031 1.000000 3
9035 1.000000 4
9039 1.000000 4
9043 -1.000000 4
9047 1.000000 4
9051 1.000000 4
9056 1.000000 5
9061 0.000000 5
9065 -1.000000 4
9069 1.000000 4
9073 1.000000 4
9078 1.000000 5
9082 1.000000 4
9086 -1.000000 4
9090 1.000000 4
9094 1.000000 4
9098 -1.000000 4
9102 -1.000000 4
9105 -1.000000 3
9108 -1.000000 3
9111 1.000000 3
9115 1.000000 4
9118 -1.000000 3
9123 0.000000 5
9127 1.000000 4
9131 -1.000000 4
9135 1.000000 4
9140 0.000000 5
9145 0.000000 5
9149 1.000000 4
9154 1.000000 5
9158 1.000000 4
9161 -1.000000 3
9165 1.000000 4
9168 -1.000000 3
9172 -1.000000 4
9176 1.000000 4
9181 1.000000 5
9186 1.000000 5
9191 1.000000 5
9196 1.000000 5
9201 1.000000 5
9204 1.000000 3
9209 0.000000 5
9212 1.000000 3
9215 -1.000000 3
9218 -1.000000 3
9222 1.000000 4
9225 -1.000000 3
9229 -1.000000 4
9233 1.000000 4
9237 1.000000 4
9242 0.000000 5
9246 1.000000 4
9250 -1.000000 4
9255 0.000000 5
9259 1.000000 4
9264 1.000000 5
9267 1.000000 3
9271 1.000000 4
9275 1.000000 4
9280 0.000000 5
9284 1.000000 4
9287 1.000000 3
9291 1.000000 4
9295 1.000000 4
9299 -1.000000 4
9303 -1.000000 4
9307 1.000000 4
9310 1.000000 3
9314 -1.000000 4
9317 1.000000 3
9322 0.000000 5
9327 1.000000 5
9331 1.000000 4
9336 0.000000 5
9340 1.000000 4
9345 1.000000 5
9349 1.000000 4
9354 0.000000 5
9359 1.000000 5
9363 1.000000 4
9368 0.000000 5
9373 0.000000 5
9376 1.000000 3
9380 1.000000 4
9384 1.000000 4
9387 1.000000 3
9390 1.000000 3
9395 1.000000 5
9399 -1.000000 4
9404 1.000000 5
9409 1.000000 5
9414 1.000000 5
9418 1.000000 4
9422 1.000000 4
9426 1.000000 4
9430 1.000000 4
9435 1.000000 5
9439 1.000000 4
9443 -1.000000 4
9448 0.000000 5
9452 1.000000 4
9456 1.000000 4
9460 1.000000 4
9464 1.000000 4
9468 1.000000 4
9472 -1.000000 4
9476 1.000000 4
9480 1.000000 4
9485 0.000000 5
9489 1.000000 4
9494 0.000000 5
9497 -1.000000 3
9501 -1.000000 4
9505 1.000000 4
9509 1.000000 4
9513 1.000000 4
9518 0.000000 5
9523 1.000000 5
9528 1.000000 5
9532 1.000000 4
9536 1.000000 4
9540 1.000000 4
9544 1.000000 4
9548 -1.000000 4
9553 0.000000 5
9557 1.000000 4
9562 0.000000 5
9567 1.000000 5
9570 1.000000 3
9574 -1.000000 4
9578 1.000000 4
9581 1.000000 3
9585 1.000000 4
9590 1.000000 5
9595 1.000000 5
9600 1.000000 5
9604 1.000000 4
9609 1.000000 5
9614 1.000000 5
9619 0.000000 5
9623 1.000000 4
9628 1.000000 5
9631 1.000000 3
9635 -1.000000 4
9639 -1.000000 4
9643 -1.000000 4
9646 1.000000 3
9650 1.000000 4
9655 1.000000 5
9658 1.000000 3
9662 -1.000000 4
9666 -1.000000 4
9669 1.000000 3
9673 -1.000000 4
9678 1.000000 5
9682 1.000000 4
9687 1.000000 5
9691 -1.000000 4
9695 1.000000 4
9700 1.000000 5
9704 1.000000 4
9708 -1.000000 4
9713 1.000000 5
9718 1.000000 5
9721 -1.000000 3
9726 1.000000 5
9730 -1.000000 4
9734 -1.000000 4
9737 -1.000000 3
9742 1.000000 5
9746 1.000000 4
9751 1.000000 5
9756 0.000000 5
9760 1.000000 4
9763 -1.000000 3
9767 1.000000 4
9772 1.000000 5
9777 0.000000 5
9780 -1.000000 3
9784 1.000000 4
9787 1.000000 3
9792 1.000000 5
9795 -1.000000 3
9800 0.000000 5
9804 1.000000 4
9807 1.000000 3
9810 -1.000000 3
9815 0.000000 5
9818 -1.000000 3
9822 -1.000000 4
9825 -1.000000 3
9829 1.000000 4
9833 1.000000 4
9837 1.000000 4
9841 1.000000 4
9846 0.000000 5
9849 -1.000000 3
9853 1.000000 4
9856 -1.000000 3
9859 1.000000 3
9863 -1.000000 4
9867 1.000000 4
9872 0.000000 5
9877 0.000000 5
9880 1.000000 3
9884 1.000000 4
9889 1.000000 5
9893 1.000000 4
9896 1.000000 3
9900 -1.000000 4
9904 1.000000 4
9907 1.000000 3
9912 0.000000 5
9916 1.000000 4
9921 1.000000 5
9925 1.000000 4
9930 1.000000 5
9934 1.000000 4
9939 1.000000 5
9944 0.000000 5
9947 1.000000 3
9952 1.000000 5
9955 -1.000000 3
9959 1.000000 4
9963 1.000000 4
9968 1.000000 5
9973 0.000000 5
9978 1.000000 5
9982 -1.000000 4
9986 1.000000 4
9990 -1.000000 4
9995 1.000000 5
9999 -1.000000 4
10003 1.000000 4
10006 -1.000000 3
10009 -1.000000 3
10012 -1.000000 3
10015 -1.000000 3
10018 -1.000000 3
10021 -1.000000 3
10024 -1.000000 3
10027 -1.000000 3
10030 -1.000000 3
10033 -1.000000 3
10036 -1.000000 3
10039 -1.000000 3
10042 -1.000000 3
10045 -1.000000 3
10048 -1.000000 3
10051 -1.000000 3
10054 -1.000000 3
10057 -1.000000 3
10060 -1.000000 3
10063 -1.000000 3
10066 -1.000000 3
10069 -1.000000 3
10072 -1.000000 3
10075 -1.000000 3
10078 -1.000000 3
10081 -1.000000 3
10084 -1.000000 3
10087 -1.000000 3
10090 -1.000000 3
10093 -1.000000 3
10096 -1.000000 3
10099 -1.000000 3
10102 -1.000000 3
10105 -1.000000 3
10108 -1.000000 3
10111 -1.000000 3
10114 -1.000000 3
10117 -1.000000 3
10120 -1.000000 3
10123 -1.000000 3
10126 -1.000000 3
10129 -1.000000 3
10132 -1.000000 3
10135 -1.000000 3
10138 -1.000000 3
10141 -1.000000 3
10144 -1.000000 3
10147 -1.000000 3
10150 -1.000000 3
10153 -1.000000 3
10156 -1.000000 3
10159 -1.000000 3
10162 -1.000000 3
10165 -1.000000 3
10168 -1.000000 3
10171 -1.000000 3
10174 -1.000000 3
10177 -1.000000 3
10180 -1.000000 3
10183 -1.000000 3
10186 -1.000000 3
10189 -1.000000 3
10192 -1.000000 3
10195 -1.000000 3
10198 -1.000000 3
10201 -1.000000 3
10204 -1.000000 3
10207 -1.000000 3
10210 -1.000000 3
10213 -1.000000 3
10216 -1.000000 3
10219 -1.000000 3
10222 -1.000000 3
10225 -1.000000 3
10228 -1.000000 3
10231 -1.000000 3
10234 -1.000000 3
10237 -1.000000 3
10240 -1.000000 3
10243 -1.000000 3
10246 -1.000000 3
10249 -1.000000 3
10252 -1.000000 3
10255 -1.000000 3
10258 -1.000000 3
10261 -1.000000 3
10264 -1.000000 3
10267 -1.000000 3
10270 -1.000000 3
10273 -1.000000 3
10276 -1.000000 3
10279 -1.000000 3
10282 -1.000000 3
10285 -1.000000 3
10288 -1.000000 3
10291 -1.000000 3
10294 -1.000000 3
10297 -1.000000 3
10300 -1.000000 3
10303 -1.000000 3
10306 -1.000000 3
10309 -1.000000 3
10312 -1.000000 3
10315 -1.000000 3
10318 -1.000000 3
10321 -1.000000 3
10324 -1.000000 3
10327 -1.000000 3
10330 -1.000000 3
10333 -1.000000 3
10336 -1.000000 3
10339 -1.000000 3
10342 -1.000000 3
10345 -1.000000 3
10348 -1.000000 3
10351 -1.000000 3
10354 -1.000000 3
10357 -1.000000 3
10360 -1.000000 3
10363 -1.000000 3
10366 -1.000000 3
10369 -1.000000 3
10372 -1.000000 3
10375 -1.000000 3
10378 -1.000000 3
10381 -1.000000 3
10384 -1.000000 3
10387 -1.000000 3
10390 -1.000000 3
10393 -1.000000 3
10396 -1.000000 3
10399 -1.000000 3
10402 -1.000000 3
10405 -1.000000 3
10408 -1.000000 3
10411 -1.000000 3
10414 -1.000000 3
10417 -1.000000 3
10420 -1.000000 3
10423 -1.000000 3
10426 -1.000000 3
10429 -1.000000 3
10432 -1.000000 3
10435 -1.000000 3
10438 -1.000000 3
10441 -1.000000 3
10444 -1.000000 3
10447 -1.000000 3
10450 -1.000000 3
10453 -1.000000 3
10456 -1.000000 3
10459 -1.000000 3
10462 -1.000000 3
10465 -1.000000 3
10468 -1.000000 3
10471 -1.000000 3
10474 -1.000000 3
10477 -1.000000 3
10480 -1.000000 3
10483 -1.000000 3
10486 -1.000000 3
10489 -1.000000 3
10492 -1.000000 3
10495 -1.000000 3
10498 -1.000000 3
10501 -1.000000 3
10504 -1.000000 3
10507 -1.000000 3
10510 -1.000000 3
10513 -1.000000 3
10516 -1.000000 3
10519 -1.000000 3
10522 -1.000000 3
10525 -1.000000 3
10528 -1.000000 3
10531 -1.000000 3
10534 -1.000000 3
10537 -1.000000 3
10540 -1.000000 3
10543 -1.000000 3
10546 -1.000000 3
10549 -1.000000 3
10552 -1.000000 3
10555 -1.000000 3
10558 -1.000000 3
10561 -1.000000 3
10564 -1.000000 3
10567 -1.000000 3
10570 -1.000000 3
10573 -1.000000 3
10576 -1.000000 3
10579 -1.000000 3
10582 -1.000000 3
10585 -1.000000 3
10588 -1.000000 3
10591 -1.000000 3
10594 -1.000000 3
10597 -1.000000 3
10600 -1.000000 3
10603 -1.000000 3
10606 -1.000000 3
10609 -1.000000 3
10612 -1.000000 3
10615 -1.000000 3
10618 -1.000000 3
10621 -1.000000 3
10624 -1.000000 3
10627 -1.000000 3
10630 -1.000000 3
10633 -1.000000 3
10636 -1.000000 3
10639 -1.000000 3
10642 -1.000000 3
10645 -1.000000 3
10648 -1.000000 3
10651 -1.000000 3
10654 -1.000000 3
10657 -1.000000 3
10660 -1.000000 3
10663 -1.000000 3
10666 -1.000000 3
10669 -1.000000 3
10672 -1.000000 3
10675 -1.000000 3
10678 -1.000000 3
10681 -1.000000 3
10684 -1.000000 3
10687 -1.000000 3
10690 -1.000000 3
10693 -1.000000 3
10696 -1.000000 3
10699 -1.000000 3
10702 -1.000000 3
10705 -1.000000 3
10708 -1.000000 3
10711 -1.000000 3
10714 -1.000000 3
10717 -1.000000 3
10720 -1.000000 3
10723 -1.000000 3
10726 -1.000000 3
10729 -1.000000 3
10732 -1.000000 3
10735 -1.000000 3
10738 -1.000000 3
10741 -1.000000 3
10744 -1.000000 3
10747 -1.000000 3
10750 -1.000000 3
10753 -1.000000 3
10756 -1.000000 3
10759 -1.000000 3
10762 -1.000000 3
10765 -1.000000 3
10768 -1.000000 3
10771 -1.000000 3
10774 -1.000000 3
10777 -1.000000 3
10780 -1.000000 3
10783 -1.000000 3
10786 -1.000000 3
10789 -1.000000 3
10792 -1.000000 3
10795 -1.000000 3
10798 -1.000000 3
10801 -1.000000 3
10804 -1.000000 3
10807 -1.000000 3
10810 -1.000000 3
10813 -1.000000 3
10816 -1.000000 3
10819 -1.000000 3
10822 -1.000000 3
10825 -1.000000 3
10828 -1.000000 3
10831 -1.000000 3
10834 -1.000000 3
10837 -1.000000 3
10840 -1.000000 3
10843 -1.000000 3
10846 -1.000000 3
10849 -1.000000 3
10852 -1.000000 3
10855 -1.000000 3
10858 -1.000000 3
10861 -1.000000 3
10864 -1.000000 3
10867 -1.000000 3
10870 -1.000000 3
10873 -1.000000 3
10876 -1.000000 3
10879 -1.000000 3
10882 -1.000000 3
10885 -1.000000 3
10888 -1.000000 3
10891 -1.000000 3
10894 -1.000000 3
10897 -1.000000 3
10900 -1.000000 3
10903 -1.000000 3
10906 -1.000000 3
10909 -1.000000 3
10912 -1.000000 3
10915 -1.000000 3
10918 -1.000000 3
10921 -1.000000 3
10924 -1.000000 3
10927 -1.000000 3
10930 -1.000000 3
10933 -1.000000 3
10936 -1.000000 3
10939 -1.000000 3
10942 -1.000000 3
10945 -1.000000 3
10948 -1.000000 3
10951 -1.000000 3
10954 -1.000000 3
10957 -1.000000 3
10960 -1.000000 3
10963 -1.000000 3
10966 -1.000000 3
10969 -1.000000 3
10972 -1.000000 3
10975 -1.000000 3
10978 -1.000000 3
10981 -1.000000 3
10984 -1.000000 3
10987 -1.000000 3
10990 -1.000000 3
10993 -1.000000 3
10996 -1.000000 3
10999 -1.000000 3
11002 -1.000000 3
11005 -1.000000 3
11008 -1.000000 3
11011 -1.000000 3
11014 1.000000 3
11017 1.000000 3
11021 1.000000 4
11024 1.000000 3
11027 1.000000 3
11030 1.000000 3
11035 0.000000 5
11040 0.000000 5
11043 1.000000 3
11047 1.000000 4
11051 1.000000 4
11054 1.000000 3
11057 1.000000 3
11060 1.000000 3
11063 1.000000 3
11067 1.000000 4
11070 1.000000 3
11073 1.000000 3
11076 1.000000 3
11079 1.000000 3
11084 1.000000 5
11087 1.000000 3
11091 1.000000 4
11094 1.000000 3
11098 1.000000 4
11102 1.000000 4
11105 1.000000 3
11108 1.000000 3
11112 1.000000 4
11115 1.000000 3
11118 -1.000000 3
11121 1.000000 3
11125 1.000000 4
11128 1.000000 3
11131 1.000000 3
11134 1.000000 3
11137 1.000000 3
11140 1.000000 3
11144 1.000000 4
11147 1.000000 3
11150 1.000000 3
11153 1.000000 3
11156 1.000000 3
11159 -1.000000 3
11163 1.000000 4
11166 1.000000 3
11169 1.000000 3
11173 1.000000 4
11176 1.000000 3
11179 1.000000 3
11182 1.000000 3
11185 -1.000000 3
11188 1.000000 3
11193 0.000000 5
11197 1.000000 4
11201 1.000000 4
11205 1.000000 4
11208 1.000000 3
11213 0.000000 5
11217 1.000000 4
11220 1.000000 3
11224 1.000000 4
11228 1.000000 4
11231 1.000000 3
11235 -1.000000 4
11239 1.000000 4
11242 1.000000 3
11246 1.000000 4
11249 1.000000 3
11252 1.000000 3
11255 1.000000 3
11258 1.000000 3
11261 1.000000 3
11264 1.000000 3
11267 1.000000 3
11270 1.000000 3
11273 1.000000 3
11277 1.000000 4
11281 1.000000 4
11284 1.000000 3
11287 1.000000 3
11290 1.000000 3
11293 1.000000 3
11296 1.000000 3
11299 1.000000 3
11303 -1.000000 4
11306 1.000000 3
11309 -1.000000 3
11313 1.000000 4
11317 1.000000 4
11321 1.000000 4
11324 1.000000 3
11327 -1.000000 3
11330 1.000000 3
11333 1.000000 3
11337 1.000000 4
11340 1.000000 3
11343 1.000000 3
11346 -1.000000 3
11349 1.000000 3
11352 1.000000 3
11356 1.000000 4
11359 1.000000 3
11362 1.000000 3
11365 -1.000000 3
11368 -1.000000 3
11371 1.000000 3
11375 1.000000 4
11380 0.000000 5
11384 1.000000 4
11387 1.000000 3
11390 1.000000 3
11393 1.000000 3
11396 1.000000 3
11399 1.000000 3
11403 1.000000 4
11406 1.000000 3
11410 1.000000 4
11413 1.000000 3
11416 1.000000 3
11421 1.000000 5
11425 -1.000000 4
11429 1.000000 4
11432 1.000000 3
11435 1.000000 3
11438 1.000000 3
11441 1.000000 3
11444 1.000000 3
11447 1.000000 3
11451 1.000000 4
11455 1.000000 4
11459 -1.000000 4
11462 1.000000 3
11465 -1.000000 3
11468 1.000000 3
11471 1.000000 3
11474 1.000000 3
11478 1.000000 4
11481 1.000000 3
11484 1.000000 3
11488 1.000000 4
11492 1.000000 4
11495 1.000000 3
11498 1.000000 3
11501 1.000000 3
11505 1.000000 4
11508 1.000000 3
11511 1.000000 3
11514 -1.000000 3
11518 1.000000 4
11521 1.000000 3
11524 1.000000 3
11527 1.000000 3
11530 1.000000 3
11534 1.000000 4
11538 1.000000 4
11542 1.000000 4
11546 1.000000 4
11550 -1.000000 4
11554 1.000000 4
11557 1.000000 3
11560 1.000000 3
11563 1.000000 3
11568 0.000000 5
11571 1.000000 3
11574 1.000000 3
11577 1.000000 3
11580 1.000000 3
11585 0.000000 5
11588 1.000000 3
11591 1.000000 3
11594 1.000000 3
11598 1.000000 4
11602 1.000000 4
11606 1.000000 4
11610 1.000000 4
11613 1.000000 3
11617 -1.000000 4
11621 1.000000 4
11625 1.000000 4
11629 1.000000 4
11633 1.000000 4
11636 1.000000 3
11640 -1.000000 4
11643 1.000000 3
11647 -1.000000 4
11651 1.000000 4
11654 1.000000 3
11657 1.000000 3
11660 -1.000000 3
11664 1.000000 4
11667 -1.000000 3
11670 1.000000 3
11674 1.000000 4
11678 1.000000 4
11682 1.000000 4
11685 1.000000 3
11688 1.000000 3
11691 1.000000 3
11695 1.000000 4
11699 1.000000 4
11702 1.000000 3
11707 0.000000 5
11710 1.000000 3
11714 1.000000 4
11717 1.000000 3
11720 1.000000 3
11723 1.000000 3
11727 1.000000 4
11730 1.000000 3
11733 1.000000 3
11736 1.000000 3
11740 1.000000 4
11743 1.000000 3
11746 1.000000 3
11750 1.000000 4
11754 -1.000000 4
11757 1.000000 3
11760 -1.000000 3
11763 1.000000 3
11766 1.000000 3
11770 1.000000 4
11774 1.000000 4
11777 1.000000 3
11780 1.000000 3
11785 0.000000 5
11788 1.000000 3
11792 1.000000 4
11796 1.000000 4
11799 1.000000 3
11803 1.000000 4
11806 1.000000 3
11810 1.000000 4
11813 1.000000 3
11816 -1.000000 3
11819 1.000000 3
11822 1.000000 3
11825 1.000000 3
11828 1.000000 3
11831 1.000000 3
11834 1.000000 3
11837 1.000000 3
11840 1.000000 3
11843 1.000000 3
11847 1.000000 4
11852 0.000000 5
11856 1.000000 4
11859 1.000000 3
11863 1.000000 4
11866 1.000000 3
11870 1.000000 4
11873 1.000000 3
11876 1.000000 3
11879 -1.000000 3
11882 1.000000 3
11885 1.000000 3
11888 1.000000 3
11891 1.000000 3
11894 1.000000 3
11897 1.000000 3
11901 1.000000 4
11906 0.000000 5
11909 1.000000 3
11912 1.000000 3
11916 1.000000 4
11919 1.000000 3
11922 1.000000 3
11925 1.000000 3
11929 1.000000 4
11933 1.000000 4
11936 1.000000 3
11940 1.000000 4
11944 1.000000 4
11949 1.000000 5
11952 1.000000 3
11956 1.000000 4
11959 -1.000000 3
11962 1.000000 3
11966 1.000000 4
11970 1.000000 4
11973 1.000000 3
11976 1.000000 3
11979 1.000000 3
11982 1.000000 3
11985 1.000000 3
11989 1.000000 4
11994 0.000000 5
11997 1.000000 3
12002 0.000000 5
12006 1.000000 4
12009 -1.000000 3
12013 1.000000 4
12016 1.000000 3
12019 1.000000 3
12023 1.000000 4
12026 1.000000 3
12030 1.000000 4
12034 1.000000 4
12037 1.000000 3
12040 1.000000 3
12043 1.000000 3
12046 1.000000 3
12050 1.000000 4
12053 1.000000 3
12057 1.000000 4
12060 1.000000 3
12063 1.000000 3
12067 1.000000 4
12071 1.000000 4
12074 1.000000 3
12078 1.000000 4
12081 1.000000 3
12084 1.000000 3
12089 0.000000 5
12093 1.000000 4
12096 1.000000 3
12099 1.000000 3
12102 1.000000 3
12105 1.000000 3
12108 1.000000 3
12112 1.000000 4
12116 1.000000 4
12120 -1.000000 4
12125 0.000000 5
12128 1.000000 3
12131 1.000000 3
12134 1.000000 3
12137 1.000000 3
12141 1.000000 4
12145 1.000000 4
12148 -1.000000 3
12151 1.000000 3
12154 1.000000 3
12158 1.000000 4
12162 1.000000 4
12166 1.000000 4
12170 1.000000 4
12173 1.000000 3
12176 1.000000 3
12179 1.000000 3
12182 1.000000 3
12185 1.000000 3
12188 1.000000 3
12191 1.000000 3
12194 1.000000 3
12198 -1.000000 4
12201 1.000000 3
12204 1.000000 3
12207 1.000000 3
12212 0.000000 5
12216 1.000000 4
12219 1.000000 3
12224 0.000000 5
12227 1.000000 3
12231 1.000000 4
12234 1.000000 3
12237 1.000000 3
12240 1.000000 3
12243 1.000000 3
12247 1.000000 4
12251 1.000000 4
12256 0.000000 5
12259 1.000000 3
12262 1.000000 3
12265 1.000000 3
12268 1.000000 3
12271 1.000000 3
12275 1.000000 4
12278 1.000000 3
12281 1.000000 3
12284 -1.000000 3
12287 1.000000 3
12291 1.000000 4
12295 1.000000 4
12298 1.000000 3
12301 1.000000 3
12304 1.000000 3
12307 1.000000 3
12310 1.000000 3
12313 1.000000 3
12316 1.000000 3
12320 1.000000 4
12325 0.000000 5
12328 -1.000000 3
12332 1.000000 4
12336 1.000000 4
12340 1.000000 4
12343 1.000000 3
12347 1.000000 4
12350 1.000000 3
12354 1.000000 4
12358 1.000000 4
12362 1.000000 4
12365 -1.000000 3
12368 1.000000 3
12371 1.000000 3
12374 1.000000 3
12377 1.000000 3
12380 1.000000 3
12383 1.000000 3
12386 1.000000 3
12390 1.000000 4
12393 1.000000 3
12396 1.000000 3
12399 1.000000 3
12402 1.000000 3
12405 1.000000 3
12408 1.000000 3
12411 1.000000 3
12414 1.000000 3
12417 1.000000 3
12420 1.000000 3
12423 1.000000 3
12426 1.000000 3
12429 1.000000 3
12432 1.000000 3
12435 -1.000000 3
12439 1.000000 4
12442 1.000000 3
12445 -1.000000 3
12448 1.000000 3
12452 1.000000 4
12455 1.000000 3
12458 1.000000 3
12461 1.000000 3
12466 0.000000 5
12469 1.000000 3
12472 1.000000 3
12475 1.000000 3
12478 1.000000 3
12481 1.000000 3
12486 0.000000 5
12489 1.000000 3
12493 1.000000 4
12497 1.000000 4
12500 1.000000 3
12503 1.000000 3
12507 1.000000 4
12511 1.000000 4
12514 1.000000 3
12518 1.000000 4
12521 1.000000 3
12524 1.000000 3
12527 1.000000 3
12531 1.000000 4
12535 1.000000 4
12539 1.000000 4
12542 1.000000 3
12547 0.000000 5
12551 1.000000 4
12554 1.000000 3
12558 1.000000 4
12561 -1.000000 3
12564 1.000000 3
12567 1.000000 3
12570 1.000000 3
12574 1.000000 4
12577 1.000000 3
12580 1.000000 3
12583 1.000000 3
12586 -1.000000 3
12589 1.000000 3
12592 1.000000 3
12595 1.000000 3
12598 -1.000000 3
12601 1.000000 3
12604 1.000000 3
12607 1.000000 3
12610 1.000000 3
12613 1.000000 3
12616 1.000000 3
12619 1.000000 3
12622 1.000000 3
12625 1.000000 3
12628 -1.000000 3
12632 1.000000 4
12635 1.000000 3
12638 1.000000 3
12641 1.000000 3
12645 1.000000 4
12649 1.000000 4
12654 0.000000 5
12659 0.000000 5
12662 1.000000 3
12665 1.000000 3
12668 1.000000 3
12671 1.000000 3
12676 0.000000 5
12679 1.000000 3
12682 1.000000 3
12685 1.000000 3
12688 1.000000 3
12691 1.000000 3
12694 1.000000 3
12697 1.000000 3
12700 1.000000 3
12705 1.000000 5
12708 1.000000 3
12711 1.000000 3
12714 1.000000 3
12717 1.000000 3
12720 1.000000 3
12724 1.000000 4
12727 1.000000 3
12731 1.000000 4
12735 -1.000000 4
12739 1.000000 4
12743 1.000000 4
12746 1.000000 3
12749 1.000000 3
12754 0.000000 5
12757 1.000000 3
12761 1.000000 4
12764 1.000000 3
12767 1.000000 3
12770 1.000000 3
12773 1.000000 3
12777 1.000000 4
12781 1.000000 4
12784 -1.000000 3
12789 0.000000 5
12792 -1.000000 3
12796 1.000000 4
12799 1.000000 3
12802 1.000000 3
12805 1.000000 3
12808 1.000000 3
12812 1.000000 4
12816 1.000000 4
12820 1.000000 4
12823 1.000000 3
12826 1.000000 3
12829 1.000000 3
12832 1.000000 3
12835 1.000000 3
12839 1.000000 4
12842 1.000000 3
12846 1.000000 4
12849 -1.000000 3
12852 1.000000 3
12856 1.000000 4
12860 1.000000 4
12863 1.000000 3
12866 1.000000 3
12870 1.000000 4
12874 1.000000 4
12879 1.000000 5
12882 1.000000 3
12885 1.000000 3
12889 -1.000000 4
12893 1.000000 4
12896 1.000000 3
12899 1.000000 3
12902 1.000000 3
12905 1.000000 3
12909 1.000000 4
12912 1.000000 3
12915 1.000000 3
12918 1.000000 3
12921 1.000000 3
12924 1.000000 3
12928 1.000000 4
12932 -1.000000 4
12935 1.000000 3
12939 1.000000 4
12942 1.000000 3
12945 1.000000 3
12949 1.000000 4
12953 1.000000 4
12956 1.000000 3
12959 1.000000 3
12962 1.000000 3
12965 1.000000 3
12968 1.000000 3
12971 1.000000 3
12974 1.000000 3
12978 1.000000 4
12981 1.000000 3
12985 1.000000 4
12989 1.000000 4
12992 -1.000000 3
12996 1.000000 4
12999 1.000000 3
13002 1.000000 3
13005 1.000000 3
13008 1.000000 3
13011 1.000000 3
13014 1.000000 3
13017 1.000000 3
13020 1.000000 3
13024 -1.000000 4
13028 1.000000 4
13031 1.000000 3
13035 1.000000 4
13038 -1.000000 3
13041 1.000000 3
13044 1.000000 3
13047 1.000000 3
13050 1.000000 3
13053 1.000000 3
13058 1.000000 5
13061 1.000000 3
13065 1.000000 4
13068 -1.000000 3
13071 1.000000 3
13074 1.000000 3
13077 1.000000 3
13080 1.000000 3
13084 1.000000 4
13087 1.000000 3
13090 1.000000 3
13093 1.000000 3
13096 -1.000000 3
13099 1.000000 3
13102 1.000000 3
13105 1.000000 3
13108 1.000000 3
13113 0.000000 5
13116 1.000000 3
13120 1.000000 4
13123 1.000000 3
13126 1.000000 3
13130 1.000000 4
13135 0.000000 5
13138 1.000000 3
13141 1.000000 3
13144 1.000000 3
13147 1.000000 3
13150 1.000000 3
13153 1.000000 3
13156 1.000000 3
13159 1.000000 3
13163 1.000000 4
13166 1.000000 3
13169 1.000000 3
13173 1.000000 4
13176 1.000000 3
13179 1.000000 3
13183 1.000000 4
13186 -1.000000 3
13189 1.000000 3
13192 1.000000 3
13195 1.000000 3
13198 1.000000 3
13203 0.000000 5
13206 1.000000 3
13209 1.000000 3
13212 1.000000 3
13216 1.000000 4
13220 1.000000 4
13224 1.000000 4
13228 1.000000 4
13231 -1.000000 3
13235 1.000000 4
13238 1.000000 3
13243 1.000000 5
13246 1.000000 3
13249 1.000000 3
13253 1.000000 4
13256 1.000000 3
13259 -1.000000 3
13262 1.000000 3
13265 1.000000 3
13268 1.000000 3
13272 1.000000 4
13275 1.000000 3
13278 1.000000 3
13281 1.000000 3
13285 1.000000 4
13289 1.000000 4
13292 1.000000 3
13295 1.000000 3
13299 1.000000 4
13304 0.000000 5
13307 1.000000 3
13312 0.000000 5
13315 1.000000 3
13318 1.000000 3
13322 1.000000 4
13325 1.000000 3
13328 1.000000 3
13331 1.000000 3
13334 1.000000 3
13337 1.000000 3
13340 1.000000 3
13343 1.000000 3
13347 1.000000 4
13350 -1.000000 3
13355 0.000000 5
13358 1.000000 3
13362 1.000000 4
13365 1.000000 3
13368 1.000000 3
13371 1.000000 3
13374 1.000000 3
13377 -1.000000 3
13381 1.000000 4
13386 0.000000 5
13390 -1.000000 4
13393 1.000000 3
13396 1.000000 3
13399 1.000000 3
13404 0.000000 5
13407 1.000000 3
13410 1.000000 3
13413 1.000000 3
13417 1.000000 4
13421 1.000000 4
13424 1.000000 3
13427 1.000000 3
13432 1.000000 5
13435 1.000000 3
13438 1.000000 3
13441 -1.000000 3
13444 1.000000 3
13448 1.000000 4
13451 1.000000 3
13454 1.000000 3
13458 1.000000 4
13462 1.000000 4
13465 1.000000 3
13468 1.000000 3
13471 1.000000 3
13474 1.000000 3
13478 1.000000 4
13481 1.000000 3
13484 1.000000 3
13487 1.000000 3
13490 1.000000 3
13494 1.000000 4
13497 1.000000 3
13501 1.000000 4
13504 1.000000 3
13508 1.000000 4
13511 1.000000 3
13515 1.000000 4
13518 1.000000 3
13522 1.000000 4
13525 1.000000 3
13528 1.000000 3
13531 1.000000 3
13536 0.000000 5
13540 1.000000 4
13544 1.000000 4
13547 1.000000 3
13550 1.000000 3
13553 1.000000 3
13556 1.000000 3
13559 1.000000 3
13562 1.000000 3
13565 1.000000 3
13569 1.000000 4
13573 -1.000000 4
13576 1.000000 3
13581 1.000000 5
13585 1.000000 4
13588 1.000000 3
13591 1.000000 3
13595 1.000000 4
13599 1.000000 4
13602 1.000000 3
13605 1.000000 3
13610 0.000000 5
13613 1.000000 3
13616 1.000000 3
13619 1.000000 3
13622 1.000000 3
13626 1.000000 4
13629 1.000000 3
13633 1.000000 4
13636 1.000000 3
13639 1.000000 3
13643 1.000000 4
13647 1.000000 4
13650 1.000000 3
13653 -1.000000 3
13656 1.000000 3
13660 1.000000 4
13663 -1.000000 3
13666 1.000000 3
13669 1.000000 3
13673 1.000000 4
13677 1.000000 4
13681 1.000000 4
13686 1.000000 5
13689 1.000000 3
13693 1.000000 4
13697 1.000000 4
13701 -1.000000 4
13704 1.000000 3
13708 1.000000 4
13711 1.000000 3
13714 1.000000 3
13717 1.000000 3
13720 1.000000 3
13723 1.000000 3
13726 1.000000 3
13730 -1.000000 4
13733 1.000000 3
13736 1.000000 3
13740 1.000000 4
13744 1.000000 4
13747 1.000000 3
13750 1.000000 3
13753 1.000000 3
13756 1.000000 3
13759 1.000000 3
13762 1.000000 3
13765 1.000000 3
13768 1.000000 3
13771 1.000000 3
13776 0.000000 5
13779 1.000000 3
13782 1.000000 3
13787 0.000000 5
13790 1.000000 3
13793 1.000000 3
13796 1.000000 3
13800 1.000000 4
13804 1.000000 4
13807 1.000000 3
13810 1.000000 3
13814 1.000000 4
13817 1.000000 3
13820 1.000000 3
13824 1.000000 4
13827 1.000000 3
13830 1.000000 3
13834 1.000000 4
13837 1.000000 3
13840 1.000000 3
13844 1.000000 4
13848 1.000000 4
13851 1.000000 3
13855 1.000000 4
13860 1.000000 5
13864 1.000000 4
13867 1.000000 3
13870 1.000000 3
13873 -1.000000 3
13876 1.000000 3
13881 0.000000 5
13886 0.000000 5
13890 1.000000 4
13893 -1.000000 3
13896 1.000000 3
13900 1.000000 4
13903 -1.000000 3
13906 1.000000 3
13910 1.000000 4
13913 1.000000 3
13916 1.000000 3
13919 1.000000 3
13922 1.000000 3
13927 0.000000 5
13931 1.000000 4
13934 1.000000 3
13937 1.000000 3
13941 1.000000 4
13944 1.000000 3
13948 1.000000 4
13952 -1.000000 4
13956 1.000000 4
13959 1.000000 3
13963 1.000000 4
13966 1.000000 3
13969 1.000000 3
13972 1.000000 3
13977 0.000000 5
13980 1.000000 3
13983 1.000000 3
13987 1.000000 4
13990 1.000000 3
13993 1.000000 3
13996 1.000000 3
13999 1.000000 3
14002 1.000000 3
14005 1.000000 3
14009 1.000000 4
14013 1.000000 4
14016 1.000000 3
14019 1.000000 3
14022 1.000000 3
14025 1.000000 3
14028 1.000000 3
14032 1.000000 4
14036 1.000000 4
14040 1.000000 4
14044 1.000000 4
14047 1.000000 3
14050 1.000000 3
14053 1.000000 3
14056 1.000000 3
14059 1.000000 3
14062 1.000000 3
14066 -1.000000 4
14070 -1.000000 4
14073 1.000000 3
14076 1.000000 3
14079 1.000000 3
14082 1.000000 3
14085 1.000000 3
14089 1.000000 4
14092 1.000000 3
14095 1.000000 3
14098 1.000000 3
14102 1.000000 4
14106 1.000000 4
14109 1.000000 3
14113 1.000000 4
14117 1.000000 4
14120 1.000000 3
14124 1.000000 4
14127 1.000000 3
14131 1.000000 4
14135 1.000000 4
14139 -1.000000 4
14143 1.000000 4
14146 1.000000 3
14149 1.000000 3
14152 1.000000 3
14156 1.000000 4
14159 1.000000 3
14163 1.000000 4
14167 1.000000 4
14170 1.000000 3
14173 1.000000 3
14176 1.000000 3
14179 1.000000 3
14182 1.000000 3
14185 1.000000 3
14188 -1.000000 3
14193 0.000000 5
14196 1.000000 3
14199 1.000000 3
14202 1.000000 3
14205 1.000000 3
14208 1.000000 3
14211 1.000000 3
14214 1.000000 3
14218 1.000000 4
14221 1.000000 3
14224 1.000000 3
14227 1.000000 3
14231 1.000000 4
14236 0.000000 5
14240 1.000000 4
14244 1.000000 4
14247 1.000000 3
14251 1.000000 4
14254 1.000000 3
14257 1.000000 3
14260 1.000000 3
14263 1.000000 3
14268 1.000000 5
14272 1.000000 4
14275 1.000000 3
14278 1.000000 3
14281 1.000000 3
14284 -1.000000 3
14287 1.000000 3
14290 1.000000 3
14293 1.000000 3
14296 1.000000 3
14299 1.000000 3
14302 -1.000000 3
14305 1.000000 3
14308 1.000000 3
14312 1.000000 4
14315 1.000000 3
14318 1.000000 3
14322 -1.000000 4
14325 1.000000 3
14328 1.000000 3
14332 1.000000 4
14335 1.000000 3
14338 1.000000 3
14342 1.000000 4
14345 1.000000 3
14349 1.000000 4
14353 1.000000 4
14356 1.000000 3
14359 1.000000 3
14362 1.000000 3
14366 -1.000000 4
14369 1.000000 3
14372 1.000000 3
14375 1.000000 3
14379 1.000000 4
14382 1.000000 3
14386 1.000000 4
14390 1.000000 4
14394 1.000000 4
14397 1.000000 3
14400 1.000000 3
14403 1.000000 3
14407 1.000000 4
14410 1.000000 3
14413 1.000000 3
14416 1.000000 3
14419 1.000000 3
14422 1.000000 3
14426 1.000000 4
14429 1.000000 3
14432 1.000000 3
14435 1.000000 3
14438 1.000000 3
14441 1.000000 3
14444 1.000000 3
14447 1.000000 3
14450 1.000000 3
14454 1.000000 4
14457 1.000000 3
14460 -1.000000 3
14464 1.000000 4
14468 1.000000 4
14471 1.000000 3
14474 1.000000 3
14477 -1.000000 3
14480 1.000000 3
14483 1.000000 3
14486 1.000000 3
14489 1.000000 3
14492 1.000000 3
14496 -1.000000 4
14500 1.000000 4
14503 1.000000 3
14506 1.000000 3
14509 1.000000 3
14512 1.000000 3
14517 0.000000 5
14520 1.000000 3
14523 1.000000 3
14526 1.000000 3
14530 1.000000 4
14535 0.000000 5
14539 1.000000 4
14543 1.000000 4
14546 1.000000 3
14549 1.000000 3
14552 1.000000 3
14555 1.000000 3
14559 1.000000 4
14562 1.000000 3
14566 1.000000 4
14570 1.000000 4
14574 1.000000 4
14577 1.000000 3
14581 1.000000 4
14584 1.000000 3
14587 1.000000 3
14591 1.000000 4
14594 1.000000 3
14597 1.000000 3
14600 1.000000 3
14603 1.000000 3
14607 -1.000000 4
14612 0.000000 5
14615 1.000000 3
14618 1.000000 3
14622 1.000000 4
14625 1.000000 3
14630 1.000000 5
14633 1.000000 3
14636 1.000000 3
14639 1.000000 3
14642 1.000000 3
14645 1.000000 3
14650 0.000000 5
14653 1.000000 3
14656 1.000000 3
14660 -1.000000 4
14663 1.000000 3
14668 1.000000 5
14671 1.000000 3
14674 -1.000000 3
14677 1.000000 3
14680 1.000000 3
14683 -1.000000 3
14687 1.000000 4
14690 1.000000 3
14693 1.000000 3
14696 1.000000 3
14699 1.000000 3
14702 1.000000 3
14706 1.000000 4
14709 1.000000 3
14712 1.000000 3
14715 1.000000 3
14719 1.000000 4
14723 1.000000 4
14726 1.000000 3
14729 1.000000 3
14733 1.000000 4
14736 1.000000 3
14739 1.000000 3
14744 0.000000 5
14747 1.000000 3
14750 1.000000 3
14755 1.000000 5
14758 1.000000 3
14762 1.000000 4
14767 1.000000 5
14772 1.000000 5
14775 1.000000 3
14778 1.000000 3
14781 1.000000 3
14784 1.000000 3
14788 -1.000000 4
14791 1.000000 3
14794 1.000000 3
14798 1.000000 4
14801 1.000000 3
14804 1.000000 3
14809 0.000000 5
14814 0.000000 5
14817 -1.000000 3
14820 -1.000000 3
14823 1.000000 3
14827 1.000000 4
14830 1.000000 3
14834 1.000000 4
14837 1.000000 3
14841 1.000000 4
14844 1.000000 3
14847 1.000000 3
14850 1.000000 3
14853 1.000000 3
14856 1.000000 3
14860 -1.000000 4
14863 1.000000 3
14867 1.000000 4
14870 1.000000 3
14873 1.000000 3
14876 1.000000 3
14879 1.000000 3
14882 1.000000 3
14885 1.000000 3
14888 1.000000 3
14893 0.000000 5
14896 1.000000 3
14899 1.000000 3
14902 1.000000 3
14905 -1.000000 3
14908 1.000000 3
14911 1.000000 3
14914 1.000000 3
14917 1.000000 3
14920 1.000000 3
14923 1.000000 3
14926 1.000000 3
14930 1.000000 4
14933 1.000000 3
14936 1.000000 3
14939 1.000000 3
14944 1.000000 5
14948 1.000000 4
14951 1.000000 3
14954 1.000000 3
14957 1.000000 3
14960 1.000000 3
14964 1.000000 4
14967 1.000000 3
14970 1.000000 3
14973 1.000000 3
14976 1.000000 3
14980 1.000000 4
14983 1.000000 3
14987 1.000000 4
14990 1.000000 3
14993 1.000000 3
14996 1.000000 3
14999 1.000000 3
15003 1.000000 4
15006 1.000000 3
15010 1.000000 4
