4 -1.000000 4
8 -1.000000 4
13 0.000000 5
17 -1.000000 4
22 0.000000 5
26 -1.000000 4
31 0.000000 5
35 -1.000000 4
40 0.000000 5
45 0.000000 5
50 0.000000 5
54 -1.000000 4
59 0.000000 5
63 -1.000000 4
67 -1.000000 4
72 0.000000 5
76 -1.000000 4
80 -1.000000 4
84 -1.000000 4
89 0.000000 5
93 -1.000000 4
98 0.000000 5
102 -1.000000 4
107 0.000000 5
111 -1.000000 4
115 -1.000000 4
119 -1.000000 4
123 -1.000000 4
127 -1.000000 4
131 -1.000000 4
135 -1.000000 4
139 -1.000000 4
143 -1.000000 4
148 0.000000 5
153 0.000000 5
157 -1.000000 4
162 0.000000 5
167 0.000000 5
172 0.000000 5
177 0.000000 5
181 -1.000000 4
185 -1.000000 4
189 -1.000000 4
194 0.000000 5
198 -1.000000 4
202 -1.000000 4
206 -1.000000 4
210 -1.000000 4
214 -1.000000 4
218 -1.000000 4
223 0.000000 5
227 -1.000000 4
231 -1.000000 4
235 -1.000000 4
239 -1.000000 4
243 -1.000000 4
247 -1.000000 4
252 0.000000 5
257 0.000000 5
261 -1.000000 4
265 -1.000000 4
269 -1.000000 4
273 -1.000000 4
278 -1.000000 5
282 -1.000000 4
286 -1.000000 4
290 -1.000000 4
294 -1.000000 4
299 0.000000 5
303 -1.000000 4
307 -1.000000 4
312 0.000000 5
317 0.000000 5
321 -1.000000 4
326 0.000000 5
330 -1.000000 4
335 0.000000 5
340 0.000000 5
344 -1.000000 4
348 -1.000000 4
352 -1.000000 4
356 -1.000000 4
360 -1.000000 4
364 -1.000000 4
368 -1.000000 4
373 0.000000 5
377 -1.000000 4
381 -1.000000 4
385 -1.000000 4
389 -1.000000 4
394 0.000000 5
398 -1.000000 4
402 -1.000000 4
406 -1.000000 4
410 -1.000000 4
415 -1.000000 5
419 -1.000000 4
423 -1.000000 4
427 -1.000000 4
432 0.000000 5
436 -1.000000 4
440 -1.000000 4
445 0.000000 5
449 -1.000000 4
453 -1.000000 4
458 -1.000000 5
462 -1.000000 4
466 -1.000000 4
470 -1.000000 4
474 -1.000000 4
478 -1.000000 4
482 -1.000000 4
486 -1.000000 4
490 -1.000000 4
494 -1.000000 4
499 0.000000 5
503 -1.000000 4
