3 1.000000 3
9 -1.000000 6
15 -1.000000 6
19 1.000000 4
24 1.000000 5
29 -1.000000 5
32 1.000000 3
37 1.000000 5
42 1.000000 5
48 0.000000 6
53 1.000000 5
57 -1.000000 4
60 -1.000000 3
66 1.000000 6
69 -1.000000 3
74 1.000000 5
77 -1.000000 3
80 -1.000000 3
85 1.000000 5
90 0.000000 5
95 -1.000000 5
98 1.000000 3
101 -1.000000 3
107 -1.000000 6
112 -1.000000 5
119 0.000000 7
124 -1.000000 5
128 1.000000 4
134 0.000000 6
139 -1.000000 5
145 -1.000000 6
148 -1.000000 3
154 -1.000000 6
159 1.000000 5
165 -1.000000 6
170 1.000000 5
176 0.000000 6
180 1.000000 4
185 -1.000000 5
188 1.000000 3
192 -1.000000 4
197 1.000000 5
201 1.000000 4
205 1.000000 4
209 -1.000000 4
214 1.000000 5
219 -1.000000 5
225 0.000000 6
231 1.000000 6
236 -1.000000 5
240 -1.000000 4
243 -1.000000 3
246 1.000000 3
249 -1.000000 3
256 -1.000000 7
261 1.000000 5
264 1.000000 3
270 0.000000 6
274 -1.000000 4
277 1.000000 3
281 -1.000000 4
285 -1.000000 4
291 1.000000 6
296 1.000000 5
300 -1.000000 4
303 -1.000000 3
308 -1.000000 5
312 1.000000 4
316 -1.000000 4
319 -1.000000 3
325 -1.000000 6
331 -1.000000 6
335 -1.000000 4
340 1.000000 5
346 -1.000000 6
352 -1.000000 6
357 0.000000 5
362 -1.000000 5
365 -1.000000 3
370 -1.000000 5
374 -1.000000 4
380 1.000000 6
384 -1.000000 4
390 0.000000 6
394 1.000000 4
397 -1.000000 3
401 1.000000 4
406 -1.000000 5
409 1.000000 3
412 1.000000 3
418 1.000000 6
421 1.000000 3
425 1.000000 4
429 1.000000 4
434 0.000000 5
439 -1.000000 5
444 -1.000000 5
450 1.000000 6
456 1.000000 6
461 1.000000 5
464 1.000000 3
468 -1.000000 4
472 1.000000 4
476 -1.000000 4
481 -1.000000 5
485 -1.000000 4
490 1.000000 5
496 1.000000 6
499 -1.000000 3
504 -1.000000 5
510 0.000000 6
515 1.000000 5
521 -1.000000 6
524 -1.000000 3
530 -1.000000 6
535 -1.000000 5
538 1.000000 3
541 1.000000 3
547 1.000000 6
551 1.000000 4
556 0.000000 5
560 1.000000 4
564 -1.000000 4
570 1.000000 6
575 -1.000000 5
580 1.000000 5
584 1.000000 4
590 1.000000 6
594 -1.000000 4
600 1.000000 6
605 -1.000000 5
610 1.000000 5
615 1.000000 5
620 -1.000000 5
625 1.000000 5
628 1.000000 3
631 -1.000000 3
636 0.000000 5
640 -1.000000 4
646 0.000000 6
649 -1.000000 3
656 0.000000 7
660 1.000000 4
663 -1.000000 3
668 1.000000 5
675 1.000000 7
679 -1.000000 4
685 1.000000 6
692 -1.000000 7
697 -1.000000 5
702 1.000000 5
707 1.000000 5
713 1.000000 6
720 -1.000000 7
723 1.000000 3
727 1.000000 4
730 -1.000000 3
735 -1.000000 5
740 -1.000000 5
745 -1.000000 5
750 -1.000000 5
756 0.000000 6
760 -1.000000 4
766 1.000000 6
771 -1.000000 5
777 1.000000 6
782 1.000000 5
785 -1.000000 3
790 1.000000 5
796 0.000000 6
801 1.000000 5
807 1.000000 6
811 -1.000000 4
816 -1.000000 5
820 -1.000000 4
826 1.000000 6
830 1.000000 4
836 1.000000 6
840 1.000000 4
845 -1.000000 5
849 -1.000000 4
854 -1.000000 5
859 1.000000 5
863 -1.000000 4
868 -1.000000 5
874 -1.000000 6
880 -1.000000 6
885 0.000000 5
889 -1.000000 4
893 1.000000 4
899 1.000000 6
903 1.000000 4
908 -1.000000 5
915 -1.000000 7
919 1.000000 4
923 -1.000000 4
930 1.000000 7
936 0.000000 6
941 -1.000000 5
946 -1.000000 5
951 -1.000000 5
957 -1.000000 6
960 -1.000000 3
963 1.000000 3
969 0.000000 6
974 -1.000000 5
980 0.000000 6
983 -1.000000 3
989 0.000000 6
993 1.000000 4
999 0.000000 6
1005 -1.000000 6
1008 1.000000 3
1013 -1.000000 5
1019 1.000000 6
1022 1.000000 3
1026 1.000000 4
1032 -1.000000 6
1037 1.000000 5
1042 -1.000000 5
1046 1.000000 4
1052 -1.000000 6
1056 -1.000000 4
1060 -1.000000 4
1065 -1.000000 5
1069 -1.000000 4
1072 1.000000 3
1077 1.000000 5
1083 1.000000 6
1087 1.000000 4
1093 1.000000 6
1098 1.000000 5
1101 1.000000 3
1105 1.000000 4
1108 1.000000 3
1113 1.000000 5
1117 -1.000000 4
1122 0.000000 5
1125 1.000000 3
1130 0.000000 5
1135 -1.000000 5
1140 -1.000000 5
1145 1.000000 5
1151 -1.000000 6
1158 0.000000 7
1164 -1.000000 6
1171 1.000000 7
1178 -1.000000 7
1182 1.000000 4
1187 1.000000 5
1191 -1.000000 4
1196 -1.000000 5
1201 0.000000 5
1207 -1.000000 6
1211 1.000000 4
1216 -1.000000 5
1222 1.000000 6
1227 0.000000 5
1233 1.000000 6
1237 1.000000 4
1240 -1.000000 3
1245 -1.000000 5
1250 -1.000000 5
1254 1.000000 4
1257 1.000000 3
1261 -1.000000 4
1267 1.000000 6
1272 -1.000000 5
1275 1.000000 3
1280 -1.000000 5
1284 1.000000 4
1290 0.000000 6
1294 -1.000000 4
1299 -1.000000 5
1304 -1.000000 5
1308 1.000000 4
1314 1.000000 6
1321 0.000000 7
1327 1.000000 6
1332 1.000000 5
1336 -1.000000 4
1340 1.000000 4
1344 1.000000 4
1348 -1.000000 4
1352 -1.000000 4
1356 -1.000000 4
1363 1.000000 7
1367 -1.000000 4
1370 -1.000000 3
1377 1.000000 7
1380 1.000000 3
1387 1.000000 7
1394 1.000000 7
1398 1.000000 4
1404 0.000000 6
1408 1.000000 4
1413 1.000000 5
1420 -1.000000 7
1424 1.000000 4
1429 -1.000000 5
1434 1.000000 5
1438 1.000000 4
1442 1.000000 4
1446 -1.000000 4
1453 -1.000000 7
1458 1.000000 5
1462 1.000000 4
1467 -1.000000 5
1474 1.000000 7
1479 1.000000 5
1484 -1.000000 5
1488 1.000000 4
1494 1.000000 6
1499 0.000000 5
1504 1.000000 5
1508 -1.000000 4
1512 -1.000000 4
1516 1.000000 4
1520 -1.000000 4
1524 -1.000000 4
1528 -1.000000 4
1534 0.000000 6
1541 -1.000000 7
1547 1.000000 6
1550 1.000000 3
1554 -1.000000 4
1558 -1.000000 4
1564 1.000000 6
1569 -1.000000 5
1572 1.000000 3
1577 1.000000 5
1583 -1.000000 6
1588 0.000000 5
1593 1.000000 5
1597 -1.000000 4
1602 1.000000 5
1607 -1.000000 5
1611 1.000000 4
1617 -1.000000 6
1622 -1.000000 5
1626 1.000000 4
1631 1.000000 5
1634 -1.000000 3
1638 -1.000000 4
1643 -1.000000 5
1648 1.000000 5
1652 1.000000 4
1657 0.000000 5
1660 1.000000 3
1664 -1.000000 4
1667 -1.000000 3
1670 1.000000 3
1676 -1.000000 6
1681 1.000000 5
1685 1.000000 4
1690 -1.000000 5
1695 1.000000 5
1700 -1.000000 5
1703 1.000000 3
1709 0.000000 6
1714 1.000000 5
1718 1.000000 4
1723 1.000000 5
1727 -1.000000 4
1732 1.000000 5
1737 -1.000000 5
1742 1.000000 5
1747 1.000000 5
1750 -1.000000 3
1756 -1.000000 6
1761 1.000000 5
1767 -1.000000 6
1771 1.000000 4
1775 1.000000 4
1782 -1.000000 7
1787 1.000000 5
1792 -1.000000 5
1798 -1.000000 6
1802 1.000000 4
1808 0.000000 6
1813 -1.000000 5
1818 -1.000000 5
1821 1.000000 3
1826 -1.000000 5
1832 1.000000 6
1835 -1.000000 3
1839 1.000000 4
1847 -1.000000 8
1851 -1.000000 4
1855 1.000000 4
1860 -1.000000 5
1864 1.000000 4
1867 1.000000 3
1871 -1.000000 4
1876 -1.000000 5
1882 1.000000 6
1888 1.000000 6
1892 1.000000 4
1895 -1.000000 3
1899 -1.000000 4
1903 1.000000 4
1910 -1.000000 7
1913 1.000000 3
1920 1.000000 7
1924 -1.000000 4
1929 -1.000000 5
1935 1.000000 6
1940 -1.000000 5
1945 0.000000 5
1949 -1.000000 4
1952 1.000000 3
1956 -1.000000 4
1961 1.000000 5
1968 -1.000000 7
1973 -1.000000 5
1977 1.000000 4
1982 -1.000000 5
1986 -1.000000 4
1992 1.000000 6
1995 -1.000000 3
1999 1.000000 4
2003 -1.000000 4
2008 1.000000 5
2012 1.000000 4
2020 1.000000 8
2026 1.000000 6
2031 -1.000000 5
2037 -1.000000 6
