498 675.000000 498
1245 2307.000000 747
2071 3367.000000 826
2690 2315.000000 619
3209 1466.000000 519
3906 1808.000000 697
4588 1988.000000 682
5215 1305.000000 627
5938 3785.000000 723
6562 1790.000000 624
7515 2292.000000 953
8211 3434.000000 696
8908 1746.000000 697
9835 2932.000000 927
10840 2105.000000 1005
11435 1774.000000 595
12410 4391.000000 975
13089 1972.000000 679
13646 893.000000 557
14251 3204.000000 605
14919 2094.000000 668
15318 353.000000 399
16056 2293.000000 738
16855 2443.000000 799
17427 697.000000 572
17963 1356.000000 536
18760 2443.000000 797
19660 1868.000000 900
20258 829.000000 598
21358 3699.000000 1100
22005 1222.000000 647
22593 2379.000000 588
23609 4388.000000 1016
24221 1202.000000 612
24842 1725.000000 621
25564 3587.000000 722
26175 1221.000000 611
26729 603.000000 554
27310 905.000000 581
27989 2351.000000 679
28554 1501.000000 565
29506 3271.000000 952
30292 2183.000000 786
31067 2802.000000 775
31905 2470.000000 838
32533 1190.000000 628
33124 694.000000 591
33600 768.000000 476
34114 1692.000000 514
34703 1329.000000 589
35323 1776.000000 620
35984 3013.000000 661
36506 1404.000000 522
37077 1370.000000 571
37608 1192.000000 531
38326 2373.000000 718
38865 701.000000 539
39686 2956.000000 821
40481 2601.000000 795
41164 1802.000000 683
41695 764.000000 531
42562 3702.000000 867
43167 2831.000000 605
43736 1551.000000 569
44266 1677.000000 530
44842 912.000000 576
45836 2397.000000 994
46617 2712.000000 781
47146 744.000000 529
47638 1700.000000 492
48513 2946.000000 875
49229 2503.000000 716
