16 -1.000000 16
32 -1.000000 16
48 -1.000000 16
64 1.000000 16
80 -1.000000 16
96 1.000000 16
112 -1.000000 16
128 1.000000 16
144 -1.000000 16
160 -1.000000 16
176 -1.000000 16
192 -1.000000 16
208 1.000000 16
224 1.000000 16
240 -1.000000 16
256 -1.000000 16
272 -1.000000 16
289 -1.000000 17
305 1.000000 16
321 -1.000000 16
338 -1.000000 17
354 -1.000000 16
370 -1.000000 16
386 -1.000000 16
402 -1.000000 16
419 -1.000000 17
435 1.000000 16
451 -1.000000 16
467 -1.000000 16
484 -1.000000 17
500 -1.000000 16
516 1.000000 16
532 1.000000 16
548 -1.000000 16
564 -1.000000 16
581 -1.000000 17
597 -1.000000 16
613 -1.000000 16
629 -1.000000 16
645 1.000000 16
661 -1.000000 16
677 -1.000000 16
693 -1.000000 16
709 -1.000000 16
725 1.000000 16
741 1.000000 16
757 -1.000000 16
773 -1.000000 16
789 1.000000 16
805 1.000000 16
821 -1.000000 16
837 1.000000 16
853 1.000000 16
869 -1.000000 16
883 1.000000 14
899 -1.000000 16
915 -1.000000 16
931 -1.000000 16
946 -1.000000 15
962 1.000000 16
978 -1.000000 16
994 1.000000 16
1010 1.000000 16
1026 -1.000000 16
1042 -1.000000 16
1058 1.000000 16
1074 1.000000 16
1090 -1.000000 16
1106 1.000000 16
1122 -1.000000 16
1138 -1.000000 16
1154 -1.000000 16
1170 -1.000000 16
1186 -1.000000 16
1202 1.000000 16
1218 1.000000 16
1233 -1.000000 15
1249 1.000000 16
1265 -1.000000 16
1281 -1.000000 16
1297 1.000000 16
1313 -1.000000 16
1329 -1.000000 16
1345 1.000000 16
1361 -1.000000 16
1375 -1.000000 14
1391 -1.000000 16
1407 -1.000000 16
1423 1.000000 16
1439 -1.000000 16
1455 -1.000000 16
1471 -1.000000 16
1488 -1.000000 17
1504 -1.000000 16
1520 1.000000 16
1536 -1.000000 16
1552 1.000000 16
1568 -1.000000 16
1584 -1.000000 16
1600 -1.000000 16
1616 1.000000 16
1627 -1.000000 11
1644 -1.000000 17
1660 1.000000 16
1676 1.000000 16
1692 -1.000000 16
1708 -1.000000 16
1724 1.000000 16
1740 1.000000 16
1756 -1.000000 16
1772 1.000000 16
1788 -1.000000 16
1804 1.000000 16
1820 1.000000 16
1836 1.000000 16
1853 -1.000000 17
1869 1.000000 16
1885 -1.000000 16
1901 -1.000000 16
1917 -1.000000 16
1933 1.000000 16
1949 1.000000 16
1965 -1.000000 16
1982 -1.000000 17
1998 -1.000000 16
2014 -1.000000 16
2030 -1.000000 16
2046 1.000000 16
2062 -1.000000 16
2078 -1.000000 16
2094 -1.000000 16
2111 -1.000000 17
2127 -1.000000 16
2144 -1.000000 17
2160 -1.000000 16
2176 -1.000000 16
2192 1.000000 16
2208 1.000000 16
2224 -1.000000 16
2240 1.000000 16
2256 1.000000 16
2272 1.000000 16
2285 -1.000000 13
2301 -1.000000 16
2317 -1.000000 16
2333 1.000000 16
2349 -1.000000 16
2365 1.000000 16
2381 -1.000000 16
2395 -1.000000 14
2411 -1.000000 16
2427 -1.000000 16
2443 -1.000000 16
2459 -1.000000 16
2475 1.000000 16
2491 -1.000000 16
2507 1.000000 16
2523 1.000000 16
2539 1.000000 16
2555 1.000000 16
2571 1.000000 16
2587 -1.000000 16
2603 -1.000000 16
2619 -1.000000 16
2636 -1.000000 17
2652 -1.000000 16
2668 1.000000 16
2685 -1.000000 17
2700 -1.000000 15
2713 -1.000000 13
2729 -1.000000 16
2745 -1.000000 16
2761 -1.000000 16
2777 -1.000000 16
2793 1.000000 16
2809 -1.000000 16
2825 -1.000000 16
2842 1.000000 17
2859 -1.000000 17
2875 -1.000000 16
2892 -1.000000 17
2905 -1.000000 13
2921 -1.000000 16
2934 -1.000000 13
2950 1.000000 16
2966 -1.000000 16
2982 1.000000 16
2996 1.000000 14
3011 -1.000000 15
3027 -1.000000 16
3043 -1.000000 16
3059 -1.000000 16
3075 -1.000000 16
3091 -1.000000 16
3107 1.000000 16
3122 -1.000000 15
3138 1.000000 16
3155 1.000000 17
3171 -1.000000 16
3187 1.000000 16
3203 -1.000000 16
3220 -1.000000 17
3236 -1.000000 16
3252 -1.000000 16
3268 -1.000000 16
3284 1.000000 16
3300 1.000000 16
3316 1.000000 16
3332 -1.000000 16
3348 -1.000000 16
3365 -1.000000 17
3381 1.000000 16
3395 1.000000 14
3411 -1.000000 16
3427 1.000000 16
3443 -1.000000 16
3459 1.000000 16
3475 -1.000000 16
3491 -1.000000 16
3507 -1.000000 16
3523 -1.000000 16
3539 -1.000000 16
3555 1.000000 16
3571 -1.000000 16
3587 -1.000000 16
3601 1.000000 14
3617 1.000000 16
3633 -1.000000 16
3649 1.000000 16
3666 -1.000000 17
3682 -1.000000 16
3698 -1.000000 16
3714 -1.000000 16
3728 1.000000 14
3745 -1.000000 17
3761 1.000000 16
3779 -1.000000 18
3795 1.000000 16
3811 1.000000 16
3827 1.000000 16
3844 1.000000 17
3861 -1.000000 17
3877 1.000000 16
3893 -1.000000 16
3909 1.000000 16
3925 -1.000000 16
3941 -1.000000 16
3957 -1.000000 16
3973 1.000000 16
3990 -1.000000 17
4006 1.000000 16
4022 1.000000 16
4038 -1.000000 16
4057 -1.000000 19
4073 -1.000000 16
4089 -1.000000 16
4105 1.000000 16
4121 -1.000000 16
4135 -1.000000 14
4151 -1.000000 16
4167 -1.000000 16
4183 -1.000000 16
4199 1.000000 16
4215 -1.000000 16
4231 -1.000000 16
4247 -1.000000 16
4264 -1.000000 17
4280 -1.000000 16
4297 -1.000000 17
4313 -1.000000 16
4329 1.000000 16
4345 -1.000000 16
4361 1.000000 16
4377 1.000000 16
4393 1.000000 16
4410 1.000000 17
4426 -1.000000 16
4442 1.000000 16
4458 -1.000000 16
4474 -1.000000 16
4490 -1.000000 16
4508 1.000000 18
4524 -1.000000 16
4541 -1.000000 17
4556 -1.000000 15
4572 1.000000 16
4588 1.000000 16
4604 1.000000 16
4618 1.000000 14
4634 -1.000000 16
4650 1.000000 16
4666 0.000000 16
4681 1.000000 15
4697 -1.000000 16
4712 1.000000 15
4728 -1.000000 16
4744 -1.000000 16
4760 1.000000 16
4776 -1.000000 16
4792 1.000000 16
4808 1.000000 16
4814 -1.000000 6
4830 -1.000000 16
4846 -1.000000 16
4862 -1.000000 16
4879 -1.000000 17
4893 -1.000000 14
4909 1.000000 16
4925 1.000000 16
4941 -1.000000 16
4957 -1.000000 16
4973 1.000000 16
4988 1.000000 15
5004 1.000000 16
5020 -1.000000 16
5034 -1.000000 14
5050 -1.000000 16
5065 1.000000 15
5081 -1.000000 16
5097 -1.000000 16
5113 1.000000 16
5129 -1.000000 16
5145 -1.000000 16
5162 -1.000000 17
5178 1.000000 16
5194 1.000000 16
5210 1.000000 16
5226 -1.000000 16
5242 -1.000000 16
5258 -1.000000 16
5274 -1.000000 16
5291 1.000000 17
5307 -1.000000 16
5323 -1.000000 16
5339 -1.000000 16
5355 1.000000 16
5371 -1.000000 16
5386 1.000000 15
5402 1.000000 16
5418 -1.000000 16
5434 -1.000000 16
5450 -1.000000 16
5466 1.000000 16
5481 -1.000000 15
5497 -1.000000 16
5513 -1.000000 16
5529 1.000000 16
5545 1.000000 16
5561 1.000000 16
5576 -1.000000 15
5593 -1.000000 17
5609 1.000000 16
5625 -1.000000 16
5641 -1.000000 16
5657 -1.000000 16
5673 -1.000000 16
5689 -1.000000 16
5705 -1.000000 16
5722 1.000000 17
5739 1.000000 17
5755 1.000000 16
5771 -1.000000 16
5787 -1.000000 16
5803 -1.000000 16
5819 -1.000000 16
5835 -1.000000 16
5851 -1.000000 16
5867 -1.000000 16
5883 -1.000000 16
5896 1.000000 13
5912 1.000000 16
5928 1.000000 16
5944 -1.000000 16
5960 -1.000000 16
5977 -1.000000 17
5993 -1.000000 16
6007 -1.000000 14
6023 -1.000000 16
6039 -1.000000 16
6055 1.000000 16
6072 1.000000 17
6088 1.000000 16
6104 -1.000000 16
6120 1.000000 16
6136 -1.000000 16
6152 -1.000000 16
6168 1.000000 16
6184 -1.000000 16
6200 -1.000000 16
6216 1.000000 16
6233 -1.000000 17
6250 1.000000 17
6266 -1.000000 16
6283 -1.000000 17
6299 -1.000000 16
6315 -1.000000 16
6331 -1.000000 16
6347 1.000000 16
6363 -1.000000 16
6379 -1.000000 16
6395 -1.000000 16
6411 -1.000000 16
6427 -1.000000 16
6443 1.000000 16
6459 -1.000000 16
6475 1.000000 16
6491 1.000000 16
6507 -1.000000 16
6524 -1.000000 17
6535 1.000000 11
6551 -1.000000 16
6567 1.000000 16
6583 -1.000000 16
6599 -1.000000 16
6615 -1.000000 16
6631 -1.000000 16
6647 1.000000 16
6661 -1.000000 14
6677 1.000000 16
6693 -1.000000 16
6709 -1.000000 16
6725 1.000000 16
6741 1.000000 16
6757 1.000000 16
6773 1.000000 16
6788 -1.000000 15
6804 -1.000000 16
6820 -1.000000 16
6836 -1.000000 16
6852 -1.000000 16
6868 -1.000000 16
6884 -1.000000 16
6900 1.000000 16
6916 1.000000 16
6932 1.000000 16
6948 -1.000000 16
6964 -1.000000 16
6980 -1.000000 16
6996 -1.000000 16
7012 1.000000 16
7028 -1.000000 16
7044 -1.000000 16
7060 -1.000000 16
7075 1.000000 15
7090 1.000000 15
7106 -1.000000 16
7122 1.000000 16
7138 1.000000 16
7156 -1.000000 18
7172 -1.000000 16
7188 1.000000 16
7204 -1.000000 16
7220 -1.000000 16
7236 1.000000 16
7252 1.000000 16
7268 -1.000000 16
7284 -1.000000 16
7300 -1.000000 16
7316 1.000000 16
7331 1.000000 15
7348 1.000000 17
7364 1.000000 16
7380 -1.000000 16
7397 -1.000000 17
7414 -1.000000 17
7430 1.000000 16
7446 -1.000000 16
7451 1.000000 5
7467 1.000000 16
7483 1.000000 16
7499 -1.000000 16
7516 -1.000000 17
7532 -1.000000 16
7548 -1.000000 16
7564 -1.000000 16
7580 -1.000000 16
7596 -1.000000 16
7612 1.000000 16
7628 -1.000000 16
7644 -1.000000 16
7660 1.000000 16
7676 1.000000 16
7692 -1.000000 16
7708 -1.000000 16
7724 -1.000000 16
7740 -1.000000 16
7756 -1.000000 16
7772 1.000000 16
7788 1.000000 16
7804 -1.000000 16
7820 1.000000 16
7836 -1.000000 16
7854 -1.000000 18
7870 1.000000 16
7887 -1.000000 17
7903 -1.000000 16
7918 1.000000 15
7934 -1.000000 16
7950 -1.000000 16
7966 -1.000000 16
7982 -1.000000 16
7997 1.000000 15
8013 -1.000000 16
8029 -1.000000 16
8045 1.000000 16
8061 -1.000000 16
8077 -1.000000 16
8093 -1.000000 16
8109 -1.000000 16
8125 -1.000000 16
8141 1.000000 16
8157 1.000000 16
8173 -1.000000 16
8189 1.000000 16
8205 -1.000000 16
8221 1.000000 16
8237 -1.000000 16
8253 -1.000000 16
8267 1.000000 14
8283 1.000000 16
8299 -1.000000 16
8315 -1.000000 16
8331 1.000000 16
8347 1.000000 16
8363 1.000000 16
8380 -1.000000 17
8396 -1.000000 16
8412 -1.000000 16
8428 -1.000000 16
8444 1.000000 16
8460 -1.000000 16
8476 -1.000000 16
8489 -1.000000 13
8505 -1.000000 16
8521 1.000000 16
8537 1.000000 16
8553 -1.000000 16
8569 -1.000000 16
8585 1.000000 16
8601 -1.000000 16
8617 -1.000000 16
8633 1.000000 16
8649 -1.000000 16
8665 1.000000 16
8681 1.000000 16
8697 -1.000000 16
8713 -1.000000 16
8729 -1.000000 16
8745 1.000000 16
8761 -1.000000 16
8777 1.000000 16
8793 -1.000000 16
8805 1.000000 12
8821 1.000000 16
8837 1.000000 16
8853 1.000000 16
8869 -1.000000 16
8885 1.000000 16
8901 -1.000000 16
8917 -1.000000 16
8932 -1.000000 15
8948 -1.000000 16
8964 -1.000000 16
8980 -1.000000 16
8996 -1.000000 16
9012 1.000000 16
9028 1.000000 16
9044 -1.000000 16
9060 -1.000000 16
9076 -1.000000 16
9092 -1.000000 16
9108 -1.000000 16
9124 1.000000 16
9140 -1.000000 16
9156 -1.000000 16
9172 1.000000 16
9188 -1.000000 16
9204 -1.000000 16
9220 1.000000 16
9236 1.000000 16
9252 -1.000000 16
9268 1.000000 16
9284 -1.000000 16
9300 -1.000000 16
9316 1.000000 16
9332 -1.000000 16
9348 -1.000000 16
9365 -1.000000 17
9381 1.000000 16
9397 -1.000000 16
9413 -1.000000 16
9429 1.000000 16
9445 1.000000 16
9461 1.000000 16
9477 1.000000 16
9493 -1.000000 16
9509 -1.000000 16
9525 -1.000000 16
9541 1.000000 16
9557 1.000000 16
9573 1.000000 16
9588 -1.000000 15
9604 -1.000000 16
9620 1.000000 16
9633 -1.000000 13
9649 -1.000000 16
9665 1.000000 16
9681 1.000000 16
9694 1.000000 13
9710 -1.000000 16
9726 1.000000 16
9742 -1.000000 16
9758 -1.000000 16
9776 1.000000 18
9793 -1.000000 17
9809 -1.000000 16
9825 -1.000000 16
9841 -1.000000 16
9857 -1.000000 16
9873 -1.000000 16
9888 1.000000 15
9905 -1.000000 17
9921 1.000000 16
9937 1.000000 16
9953 -1.000000 16
9969 1.000000 16
9985 1.000000 16
10002 -1.000000 17
10019 -1.000000 17
10035 1.000000 16
10051 1.000000 16
10066 -1.000000 15
10081 -1.000000 15
10097 1.000000 16
10113 -1.000000 16
10130 1.000000 17
10146 1.000000 16
10162 1.000000 16
10178 -1.000000 16
10183 1.000000 5
10199 1.000000 16
10215 -1.000000 16
10231 -1.000000 16
10247 -1.000000 16
10264 -1.000000 17
10280 1.000000 16
10296 -1.000000 16
10311 1.000000 15
10328 -1.000000 17
10344 -1.000000 16
10360 1.000000 16
10376 1.000000 16
10392 -1.000000 16
10408 -1.000000 16
10424 -1.000000 16
10440 -1.000000 16
10456 1.000000 16
10472 -1.000000 16
10488 -1.000000 16
10504 -1.000000 16
10520 1.000000 16
10534 1.000000 14
10550 1.000000 16
10561 1.000000 11
10577 1.000000 16
10593 -1.000000 16
10609 1.000000 16
10626 -1.000000 17
10642 1.000000 16
10658 1.000000 16
10674 -1.000000 16
10690 -1.000000 16
10706 -1.000000 16
10722 -1.000000 16
10737 -1.000000 15
10753 -1.000000 16
10769 -1.000000 16
10785 1.000000 16
10801 -1.000000 16
10817 1.000000 16
10835 -1.000000 18
10851 -1.000000 16
10868 1.000000 17
10884 1.000000 16
10900 -1.000000 16
10916 -1.000000 16
10932 -1.000000 16
10948 -1.000000 16
10964 1.000000 16
10981 1.000000 17
10997 1.000000 16
11013 -1.000000 16
11029 -1.000000 16
11042 1.000000 13
11060 -1.000000 18
11076 1.000000 16
11092 -1.000000 16
11108 -1.000000 16
11125 -1.000000 17
11141 -1.000000 16
11157 -1.000000 16
11173 1.000000 16
11189 -1.000000 16
11205 1.000000 16
11220 -1.000000 15
11236 -1.000000 16
11252 1.000000 16
11268 1.000000 16
11284 1.000000 16
11300 -1.000000 16
11314 1.000000 14
11330 -1.000000 16
11346 -1.000000 16
11363 -1.000000 17
11379 1.000000 16
11395 -1.000000 16
11411 1.000000 16
11427 -1.000000 16
11443 -1.000000 16
11459 1.000000 16
11475 -1.000000 16
11491 -1.000000 16
11507 1.000000 16
11523 -1.000000 16
11537 1.000000 14
11553 1.000000 16
11569 -1.000000 16
11584 -1.000000 15
11600 -1.000000 16
11617 -1.000000 17
11633 -1.000000 16
11649 -1.000000 16
11665 -1.000000 16
11681 -1.000000 16
11697 1.000000 16
11713 -1.000000 16
11729 -1.000000 16
11745 -1.000000 16
11761 -1.000000 16
11777 1.000000 16
11793 -1.000000 16
11810 1.000000 17
11824 -1.000000 14
11840 -1.000000 16
11856 -1.000000 16
11872 -1.000000 16
11888 -1.000000 16
11904 -1.000000 16
11920 -1.000000 16
11936 1.000000 16
11952 -1.000000 16
11968 -1.000000 16
11980 1.000000 12
11996 -1.000000 16
12012 -1.000000 16
12028 1.000000 16
12044 -1.000000 16
12060 -1.000000 16
12077 -1.000000 17
12089 1.000000 12
12102 1.000000 13
12118 -1.000000 16
12134 -1.000000 16
12150 -1.000000 16
12166 1.000000 16
12182 -1.000000 16
12198 1.000000 16
12214 -1.000000 16
12230 -1.000000 16
12246 1.000000 16
12263 -1.000000 17
12279 -1.000000 16
12295 -1.000000 16
12311 1.000000 16
12326 1.000000 15
12342 1.000000 16
12358 -1.000000 16
12374 1.000000 16
12391 1.000000 17
12407 -1.000000 16
12423 -1.000000 16
12439 1.000000 16
12456 -1.000000 17
12472 -1.000000 16
12488 1.000000 16
12504 1.000000 16
12520 -1.000000 16
12536 -1.000000 16
12552 1.000000 16
12568 -1.000000 16
12583 1.000000 15
12600 -1.000000 17
12616 -1.000000 16
12632 1.000000 16
12649 -1.000000 17
12665 -1.000000 16
12681 -1.000000 16
12697 -1.000000 16
12713 -1.000000 16
12724 -1.000000 11
12740 -1.000000 16
12755 -1.000000 15
12771 -1.000000 16
12787 1.000000 16
12803 -1.000000 16
12819 -1.000000 16
12835 1.000000 16
12851 1.000000 16
12867 -1.000000 16
12883 -1.000000 16
12898 1.000000 15
12913 1.000000 15
12929 1.000000 16
12945 -1.000000 16
12961 -1.000000 16
12977 1.000000 16
12993 1.000000 16
13009 -1.000000 16
13026 -1.000000 17
13042 -1.000000 16
13058 -1.000000 16
13074 1.000000 16
13090 -1.000000 16
13098 1.000000 8
13114 1.000000 16
13130 -1.000000 16
13146 -1.000000 16
13162 -1.000000 16
13178 1.000000 16
13194 1.000000 16
13211 -1.000000 17
13227 -1.000000 16
13243 -1.000000 16
13259 -1.000000 16
13273 -1.000000 14
13289 -1.000000 16
13305 1.000000 16
13321 -1.000000 16
13337 1.000000 16
13353 -1.000000 16
13369 -1.000000 16
13385 1.000000 16
13401 -1.000000 16
13417 -1.000000 16
13433 1.000000 16
13449 -1.000000 16
13465 1.000000 16
13482 -1.000000 17
13498 -1.000000 16
13514 -1.000000 16
13529 1.000000 15
13546 -1.000000 17
13562 1.000000 16
13578 1.000000 16
13594 -1.000000 16
13610 1.000000 16
13626 -1.000000 16
13642 -1.000000 16
13658 1.000000 16
13674 -1.000000 16
13689 1.000000 15
13706 1.000000 17
13722 -1.000000 16
13738 -1.000000 16
13754 1.000000 16
13768 1.000000 14
13784 1.000000 16
13800 -1.000000 16
13816 1.000000 16
13832 1.000000 16
13848 1.000000 16
13864 1.000000 16
13880 1.000000 16
13896 1.000000 16
13912 -1.000000 16
13928 -1.000000 16
13944 1.000000 16
13960 -1.000000 16
13976 1.000000 16
13992 -1.000000 16
14008 -1.000000 16
14024 -1.000000 16
14040 -1.000000 16
14056 -1.000000 16
14072 -1.000000 16
14088 -1.000000 16
14104 -1.000000 16
14120 -1.000000 16
14136 -1.000000 16
14152 -1.000000 16
14168 -1.000000 16
14184 -1.000000 16
14200 -1.000000 16
14217 -1.000000 17
14233 1.000000 16
14249 -1.000000 16
14264 -1.000000 15
14280 -1.000000 16
14296 -1.000000 16
14312 -1.000000 16
14328 -1.000000 16
14344 1.000000 16
14361 -1.000000 17
14377 -1.000000 16
14393 -1.000000 16
14409 -1.000000 16
14426 1.000000 17
14442 -1.000000 16
14460 -1.000000 18
14476 -1.000000 16
14493 -1.000000 17
14509 1.000000 16
14525 -1.000000 16
14541 -1.000000 16
14557 -1.000000 16
14573 1.000000 16
14589 -1.000000 16
14605 -1.000000 16
14621 1.000000 16
14638 -1.000000 17
14654 -1.000000 16
14664 1.000000 10
14680 -1.000000 16
14696 1.000000 16
14713 -1.000000 17
14729 -1.000000 16
14745 -1.000000 16
14761 -1.000000 16
14777 -1.000000 16
14793 -1.000000 16
14810 -1.000000 17
14826 -1.000000 16
14843 -1.000000 17
14859 -1.000000 16
14875 -1.000000 16
14891 -1.000000 16
14908 1.000000 17
14924 -1.000000 16
14940 1.000000 16
14956 1.000000 16
14972 -1.000000 16
14988 1.000000 16
15004 1.000000 16
15020 -1.000000 16
15036 -1.000000 16
15052 1.000000 16
15068 -1.000000 16
15084 -1.000000 16
15100 -1.000000 16
15116 -1.000000 16
15133 -1.000000 17
15149 -1.000000 16
15165 -1.000000 16
15180 1.000000 15
15196 -1.000000 16
15212 -1.000000 16
15228 1.000000 16
15244 -1.000000 16
15260 -1.000000 16
15276 -1.000000 16
15292 -1.000000 16
15309 1.000000 17
15325 1.000000 16
15341 -1.000000 16
15357 -1.000000 16
15369 1.000000 12
15385 -1.000000 16
15401 1.000000 16
15417 1.000000 16
15433 1.000000 16
15449 -1.000000 16
15465 -1.000000 16
15481 1.000000 16
15497 -1.000000 16
15513 1.000000 16
15529 -1.000000 16
15545 -1.000000 16
15561 -1.000000 16
15577 -1.000000 16
15593 -1.000000 16
15607 1.000000 14
15623 1.000000 16
15639 1.000000 16
15655 -1.000000 16
15671 1.000000 16
15687 -1.000000 16
15703 1.000000 16
15719 -1.000000 16
15734 -1.000000 15
15750 -1.000000 16
15766 1.000000 16
15782 -1.000000 16
15798 -1.000000 16
15814 1.000000 16
15830 -1.000000 16
15846 -1.000000 16
15862 1.000000 16
15878 -1.000000 16
15894 -1.000000 16
15910 1.000000 16
15926 1.000000 16
15943 -1.000000 17
15959 -1.000000 16
15975 -1.000000 16
15991 1.000000 16
16007 -1.000000 16
16023 -1.000000 16
16039 -1.000000 16
16055 -1.000000 16
16071 -1.000000 16
16087 -1.000000 16
16103 -1.000000 16
16119 -1.000000 16
16135 1.000000 16
16151 -1.000000 16
16167 -1.000000 16
16183 -1.000000 16
16199 -1.000000 16
16215 1.000000 16
16230 1.000000 15
16246 -1.000000 16
16262 -1.000000 16
16278 -1.000000 16
16294 -1.000000 16
16310 -1.000000 16
16326 -1.000000 16
16342 1.000000 16
16358 -1.000000 16
16374 -1.000000 16
16390 1.000000 16
16406 -1.000000 16
16422 1.000000 16
16437 1.000000 15
16453 1.000000 16
16469 -1.000000 16
16485 -1.000000 16
16500 -1.000000 15
16516 -1.000000 16
16533 -1.000000 17
16549 1.000000 16
16565 -1.000000 16
16581 -1.000000 16
16597 -1.000000 16
16613 -1.000000 16
