4 1.000000 4
8 1.000000 4
12 1.000000 4
16 1.000000 4
20 -1.000000 4
25 0.000000 5
28 -1.000000 3
32 -1.000000 4
36 -1.000000 4
40 1.000000 4
44 1.000000 4
48 1.000000 4
51 1.000000 3
55 1.000000 4
60 1.000000 5
64 -1.000000 4
67 -1.000000 3
71 -1.000000 4
76 0.000000 5
80 -1.000000 4
85 1.000000 5
88 -1.000000 3
93 0.000000 5
98 1.000000 5
101 1.000000 3
104 -1.000000 3
107 1.000000 3
110 -1.000000 3
114 1.000000 4
119 1.000000 5
124 0.000000 5
129 0.000000 5
132 1.000000 3
136 -1.000000 4
140 1.000000 4
145 1.000000 5
149 1.000000 4
153 1.000000 4
156 1.000000 3
160 1.000000 4
164 -1.000000 4
169 1.000000 5
172 1.000000 3
176 -1.000000 4
179 -1.000000 3
182 -1.000000 3
186 -1.000000 4
190 -1.000000 4
193 -1.000000 3
198 1.000000 5
202 -1.000000 4
207 1.000000 5
212 1.000000 5
215 1.000000 3
218 -1.000000 3
222 -1.000000 4
227 0.000000 5
232 1.000000 5
237 1.000000 5
242 1.000000 5
247 0.000000 5
251 1.000000 4
256 1.000000 5
260 1.000000 4
263 1.000000 3
268 0.000000 5
272 -1.000000 4
276 1.000000 4
281 1.000000 5
284 1.000000 3
288 1.000000 4
293 0.000000 5
297 1.000000 4
300 -1.000000 3
304 -1.000000 4
308 1.000000 4
313 0.000000 5
317 1.000000 4
321 1.000000 4
325 -1.000000 4
329 -1.000000 4
334 1.000000 5
339 1.000000 5
344 1.000000 5
347 1.000000 3
351 -1.000000 4
356 1.000000 5
360 -1.000000 4
365 0.000000 5
369 -1.000000 4
373 1.000000 4
377 1.000000 4
382 1.000000 5
387 0.000000 5
392 0.000000 5
397 0.000000 5
402 1.000000 5
406 -1.000000 4
410 -1.000000 4
415 1.000000 5
418 -1.000000 3
421 -1.000000 3
425 -1.000000 4
428 1.000000 3
433 1.000000 5
437 -1.000000 4
441 -1.000000 4
444 -1.000000 3
447 1.000000 3
451 -1.000000 4
455 1.000000 4
459 -1.000000 4
462 -1.000000 3
467 1.000000 5
471 1.000000 4
474 -1.000000 3
478 -1.000000 4
482 1.000000 4
486 1.000000 4
490 1.000000 4
494 -1.000000 4
498 1.000000 4
503 1.000000 5
507 1.000000 4
511 -1.000000 4
515 1.000000 4
520 0.000000 5
524 1.000000 4
529 0.000000 5
533 1.000000 4
538 1.000000 5
541 -1.000000 3
546 1.000000 5
550 1.000000 4
553 -1.000000 3
557 -1.000000 4
562 1.000000 5
566 -1.000000 4
571 1.000000 5
574 1.000000 3
579 1.000000 5
584 0.000000 5
587 -1.000000 3
591 -1.000000 4
594 1.000000 3
597 -1.000000 3
600 -1.000000 3
605 1.000000 5
610 1.000000 5
615 1.000000 5
618 1.000000 3
622 1.000000 4
626 -1.000000 4
631 0.000000 5
634 -1.000000 3
639 0.000000 5
643 1.000000 4
648 1.000000 5
651 -1.000000 3
656 1.000000 5
661 0.000000 5
666 1.000000 5
669 1.000000 3
674 1.000000 5
677 -1.000000 3
681 1.000000 4
686 1.000000 5
690 1.000000 4
694 1.000000 4
698 -1.000000 4
702 1.000000 4
705 -1.000000 3
708 1.000000 3
712 -1.000000 4
715 -1.000000 3
719 1.000000 4
723 -1.000000 4
728 0.000000 5
733 1.000000 5
737 1.000000 4
741 1.000000 4
746 1.000000 5
750 1.000000 4
755 0.000000 5
759 -1.000000 4
763 1.000000 4
768 0.000000 5
773 1.000000 5
778 1.000000 5
782 1.000000 4
785 1.000000 3
789 1.000000 4
793 -1.000000 4
796 1.000000 3
801 1.000000 5
805 1.000000 4
810 0.000000 5
813 -1.000000 3
816 1.000000 3
820 1.000000 4
823 1.000000 3
827 1.000000 4
831 -1.000000 4
836 1.000000 5
840 -1.000000 4
844 1.000000 4
849 1.000000 5
854 1.000000 5
858 -1.000000 4
863 1.000000 5
868 1.000000 5
871 1.000000 3
874 -1.000000 3
877 1.000000 3
882 0.000000 5
886 1.000000 4
890 1.000000 4
893 -1.000000 3
898 1.000000 5
901 1.000000 3
904 -1.000000 3
908 1.000000 4
911 -1.000000 3
914 1.000000 3
919 1.000000 5
923 1.000000 4
928 0.000000 5
933 1.000000 5
937 1.000000 4
942 0.000000 5
947 0.000000 5
950 1.000000 3
954 1.000000 4
958 1.000000 4
962 1.000000 4
966 1.000000 4
971 0.000000 5
976 0.000000 5
980 1.000000 4
984 1.000000 4
987 -1.000000 3
991 -1.000000 4
994 -1.000000 3
998 1.000000 4
1001 -1.000000 3
1004 -1.000000 3
1007 1.000000 3
1010 1.000000 3
1014 1.000000 4
1019 1.000000 5
1022 1.000000 3
1026 -1.000000 4
1031 1.000000 5
1034 1.000000 3
1037 1.000000 3
1041 1.000000 4
1044 1.000000 3
1047 1.000000 3
1050 1.000000 3
1055 0.000000 5
1058 1.000000 3
1061 1.000000 3
1065 -1.000000 4
1069 1.000000 4
1072 1.000000 3
1075 1.000000 3
1078 1.000000 3
1082 -1.000000 4
1086 1.000000 4
1089 1.000000 3
1092 1.000000 3
1097 0.000000 5
1102 1.000000 5
1106 1.000000 4
1110 1.000000 4
1115 1.000000 5
1118 1.000000 3
1121 1.000000 3
1126 0.000000 5
1129 1.000000 3
1134 1.000000 5
1139 1.000000 5
1143 -1.000000 4
1147 1.000000 4
1150 1.000000 3
1153 1.000000 3
1156 1.000000 3
1159 1.000000 3
1163 -1.000000 4
1166 1.000000 3
1170 -1.000000 4
1174 -1.000000 4
1179 1.000000 5
1182 -1.000000 3
1185 1.000000 3
1188 1.000000 3
1193 0.000000 5
1198 0.000000 5
1201 1.000000 3
1204 1.000000 3
1208 -1.000000 4
1211 1.000000 3
1215 1.000000 4
1218 1.000000 3
1221 1.000000 3
1224 -1.000000 3
1227 1.000000 3
1231 1.000000 4
1234 1.000000 3
1239 0.000000 5
1242 1.000000 3
1246 1.000000 4
1250 1.000000 4
1255 1.000000 5
1258 1.000000 3
1261 1.000000 3
1264 1.000000 3
1268 -1.000000 4
1271 1.000000 3
1274 1.000000 3
1277 1.000000 3
1280 1.000000 3
1283 1.000000 3
1286 1.000000 3
1289 1.000000 3
1292 -1.000000 3
1295 1.000000 3
1298 1.000000 3
1301 1.000000 3
1304 -1.000000 3
1307 1.000000 3
1310 -1.000000 3
1313 1.000000 3
1317 1.000000 4
1320 1.000000 3
1323 1.000000 3
1326 1.000000 3
1330 -1.000000 4
1335 0.000000 5
1338 1.000000 3
1341 1.000000 3
1344 1.000000 3
1349 1.000000 5
1353 -1.000000 4
1356 1.000000 3
1359 1.000000 3
1362 1.000000 3
1365 1.000000 3
1368 1.000000 3
1371 1.000000 3
1374 1.000000 3
1378 1.000000 4
1381 1.000000 3
1384 1.000000 3
1389 0.000000 5
1392 1.000000 3
1395 1.000000 3
1398 1.000000 3
1402 1.000000 4
1407 0.000000 5
1410 1.000000 3
1413 1.000000 3
1416 1.000000 3
1419 1.000000 3
1422 1.000000 3
1425 -1.000000 3
1429 -1.000000 4
1432 1.000000 3
1435 1.000000 3
1438 1.000000 3
1442 1.000000 4
1445 1.000000 3
1448 1.000000 3
1451 1.000000 3
1455 -1.000000 4
1458 1.000000 3
1461 1.000000 3
1464 1.000000 3
1467 1.000000 3
1470 1.000000 3
1474 -1.000000 4
1477 1.000000 3
1481 -1.000000 4
1485 1.000000 4
1488 1.000000 3
1491 1.000000 3
1496 1.000000 5
1500 -1.000000 4
1504 1.000000 4
1507 1.000000 3
1510 1.000000 3
1513 1.000000 3
1516 1.000000 3
1519 1.000000 3
1522 1.000000 3
1527 0.000000 5
1530 1.000000 3
1534 -1.000000 4
1537 1.000000 3
1542 1.000000 5
1546 1.000000 4
1549 1.000000 3
1554 1.000000 5
1557 1.000000 3
1562 1.000000 5
1567 1.000000 5
1570 1.000000 3
1573 1.000000 3
1576 1.000000 3
1579 1.000000 3
1583 1.000000 4
1586 1.000000 3
1589 1.000000 3
1592 1.000000 3
1595 1.000000 3
1598 1.000000 3
1603 1.000000 5
1606 1.000000 3
1610 1.000000 4
1614 1.000000 4
1617 1.000000 3
1621 1.000000 4
1626 0.000000 5
1630 1.000000 4
1633 1.000000 3
1638 0.000000 5
1642 1.000000 4
1645 1.000000 3
1649 1.000000 4
1653 1.000000 4
1657 -1.000000 4
1661 -1.000000 4
1664 -1.000000 3
1667 1.000000 3
1670 1.000000 3
1673 1.000000 3
1676 1.000000 3
1679 1.000000 3
1684 0.000000 5
1687 1.000000 3
1690 1.000000 3
1693 1.000000 3
1696 1.000000 3
1700 1.000000 4
1704 1.000000 4
1708 1.000000 4
1711 1.000000 3
1714 1.000000 3
1718 -1.000000 4
1721 1.000000 3
1724 1.000000 3
1727 1.000000 3
1730 1.000000 3
1733 1.000000 3
1736 1.000000 3
1739 1.000000 3
1744 0.000000 5
1747 1.000000 3
1750 1.000000 3
1754 1.000000 4
1757 1.000000 3
1760 1.000000 3
1763 1.000000 3
1767 1.000000 4
1770 1.000000 3
1773 1.000000 3
1777 -1.000000 4
1781 1.000000 4
1784 1.000000 3
1788 1.000000 4
1793 1.000000 5
1796 1.000000 3
1800 -1.000000 4
1803 1.000000 3
1806 1.000000 3
1810 1.000000 4
1813 1.000000 3
1817 1.000000 4
1820 1.000000 3
1823 1.000000 3
1826 1.000000 3
1829 1.000000 3
1833 -1.000000 4
1837 1.000000 4
1841 1.000000 4
1844 1.000000 3
1847 1.000000 3
1850 1.000000 3
1853 1.000000 3
1856 -1.000000 3
1859 1.000000 3
1862 1.000000 3
1865 1.000000 3
1869 1.000000 4
1874 0.000000 5
1877 1.000000 3
1881 1.000000 4
1884 1.000000 3
1887 1.000000 3
1890 1.000000 3
1893 1.000000 3
1897 1.000000 4
1902 1.000000 5
1906 1.000000 4
1909 1.000000 3
1912 1.000000 3
1915 1.000000 3
1918 1.000000 3
1923 0.000000 5
1926 1.000000 3
1929 1.000000 3
1933 1.000000 4
1936 1.000000 3
1939 1.000000 3
1942 1.000000 3
1945 1.000000 3
1949 1.000000 4
1953 1.000000 4
1956 1.000000 3
1960 1.000000 4
1963 1.000000 3
1966 1.000000 3
1969 1.000000 3
1972 1.000000 3
1977 0.000000 5
1980 1.000000 3
1983 -1.000000 3
1988 0.000000 5
1991 1.000000 3
1994 1.000000 3
1997 1.000000 3
2001 -1.000000 4
2004 -1.000000 3
2007 -1.000000 3
2010 -1.000000 3
2013 -1.000000 3
2016 -1.000000 3
2019 -1.000000 3
2022 -1.000000 3
2025 -1.000000 3
2028 -1.000000 3
2031 -1.000000 3
2034 -1.000000 3
2037 -1.000000 3
2040 -1.000000 3
2043 -1.000000 3
2046 -1.000000 3
2049 -1.000000 3
2052 -1.000000 3
2055 -1.000000 3
2058 -1.000000 3
2061 -1.000000 3
2064 -1.000000 3
2067 -1.000000 3
2070 -1.000000 3
2073 -1.000000 3
2076 -1.000000 3
2079 -1.000000 3
2082 -1.000000 3
