3 -1.000000 3
7 -1.000000 4
10 1.000000 3
14 -1.000000 4
18 1.000000 4
22 1.000000 4
26 -1.000000 4
30 1.000000 4
35 1.000000 5
39 1.000000 4
43 -1.000000 4
47 -1.000000 4
51 1.000000 4
56 1.000000 5
61 1.000000 5
65 -1.000000 4
69 -1.000000 4
73 1.000000 4
78 1.000000 5
81 -1.000000 3
86 0.000000 5
90 1.000000 4
94 1.000000 4
98 1.000000 4
103 1.000000 5
108 1.000000 5
113 1.000000 5
118 1.000000 5
121 -1.000000 3
125 -1.000000 4
129 1.000000 4
134 1.000000 5
138 1.000000 4
143 1.000000 5
148 1.000000 5
153 1.000000 5
157 1.000000 4
162 0.000000 5
166 -1.000000 4
170 1.000000 4
174 -1.000000 4
178 1.000000 4
182 1.000000 4
185 1.000000 3
188 -1.000000 3
193 0.000000 5
196 1.000000 3
201 1.000000 5
205 1.000000 4
209 -1.000000 4
213 -1.000000 4
216 1.000000 3
220 1.000000 4
225 1.000000 5
229 1.000000 4
234 0.000000 5
238 1.000000 4
242 1.000000 4
246 1.000000 4
251 1.000000 5
256 1.000000 5
260 1.000000 4
264 -1.000000 4
267 -1.000000 3
271 -1.000000 4
276 0.000000 5
280 -1.000000 4
284 1.000000 4
288 1.000000 4
292 -1.000000 4
297 0.000000 5
302 1.000000 5
305 1.000000 3
309 1.000000 4
313 1.000000 4
318 1.000000 5
323 0.000000 5
328 1.000000 5
332 1.000000 4
336 1.000000 4
339 1.000000 3
343 -1.000000 4
348 1.000000 5
352 1.000000 4
357 1.000000 5
361 -1.000000 4
365 -1.000000 4
369 1.000000 4
374 0.000000 5
377 -1.000000 3
381 -1.000000 4
386 1.000000 5
390 -1.000000 4
394 1.000000 4
398 1.000000 4
402 -1.000000 4
405 -1.000000 3
408 -1.000000 3
412 1.000000 4
415 1.000000 3
419 1.000000 4
424 1.000000 5
428 1.000000 4
432 -1.000000 4
436 1.000000 4
440 -1.000000 4
445 1.000000 5
448 1.000000 3
453 0.000000 5
458 1.000000 5
461 -1.000000 3
465 1.000000 4
470 0.000000 5
475 1.000000 5
479 1.000000 4
483 1.000000 4
487 1.000000 4
492 1.000000 5
497 1.000000 5
500 1.000000 3
504 1.000000 4
507 -1.000000 3
511 -1.000000 4
515 1.000000 4
520 0.000000 5
524 -1.000000 4
529 1.000000 5
532 -1.000000 3
535 1.000000 3
540 0.000000 5
544 1.000000 4
549 1.000000 5
553 -1.000000 4
558 0.000000 5
563 1.000000 5
567 -1.000000 4
572 0.000000 5
576 -1.000000 4
579 -1.000000 3
584 1.000000 5
588 -1.000000 4
592 -1.000000 4
596 -1.000000 4
600 1.000000 4
604 1.000000 4
609 0.000000 5
613 1.000000 4
618 1.000000 5
623 1.000000 5
628 0.000000 5
633 0.000000 5
636 -1.000000 3
640 1.000000 4
644 -1.000000 4
648 1.000000 4
652 1.000000 4
656 1.000000 4
660 1.000000 4
664 1.000000 4
668 -1.000000 4
673 0.000000 5
677 -1.000000 4
681 1.000000 4
685 1.000000 4
690 1.000000 5
695 0.000000 5
700 0.000000 5
703 1.000000 3
708 0.000000 5
712 -1.000000 4
716 1.000000 4
720 -1.000000 4
724 1.000000 4
729 0.000000 5
733 1.000000 4
736 -1.000000 3
740 1.000000 4
744 1.000000 4
747 -1.000000 3
751 -1.000000 4
755 1.000000 4
759 1.000000 4
764 0.000000 5
768 1.000000 4
772 -1.000000 4
775 1.000000 3
779 -1.000000 4
783 1.000000 4
787 -1.000000 4
792 1.000000 5
796 1.000000 4
799 -1.000000 3
804 1.000000 5
809 1.000000 5
812 1.000000 3
817 1.000000 5
821 1.000000 4
825 -1.000000 4
830 1.000000 5
834 1.000000 4
838 -1.000000 4
843 0.000000 5
848 1.000000 5
852 -1.000000 4
855 -1.000000 3
858 -1.000000 3
863 1.000000 5
867 -1.000000 4
872 0.000000 5
877 1.000000 5
881 1.000000 4
886 1.000000 5
889 1.000000 3
894 1.000000 5
899 1.000000 5
903 1.000000 4
908 0.000000 5
912 -1.000000 4
916 1.000000 4
920 1.000000 4
924 1.000000 4
928 -1.000000 4
932 1.000000 4
936 -1.000000 4
939 1.000000 3
943 -1.000000 4
947 -1.000000 4
950 -1.000000 3
953 1.000000 3
957 1.000000 4
961 1.000000 4
965 1.000000 4
970 1.000000 5
974 -1.000000 4
979 1.000000 5
983 -1.000000 4
987 -1.000000 4
991 1.000000 4
996 1.000000 5
1001 1.000000 5
1006 0.000000 5
1011 0.000000 5
1015 1.000000 4
1019 1.000000 4
1024 0.000000 5
1029 1.000000 5
1034 1.000000 5
1039 0.000000 5
1043 1.000000 4
1048 0.000000 5
1051 1.000000 3
1055 1.000000 4
1060 0.000000 5
1065 1.000000 5
1068 -1.000000 3
1072 1.000000 4
1076 -1.000000 4
1081 0.000000 5
1085 1.000000 4
1089 1.000000 4
1094 1.000000 5
1098 1.000000 4
1101 -1.000000 3
1106 1.000000 5
1110 1.000000 4
1114 -1.000000 4
1117 -1.000000 3
1120 -1.000000 3
1124 1.000000 4
1128 -1.000000 4
1132 -1.000000 4
1136 -1.000000 4
1141 1.000000 5
1145 1.000000 4
1150 1.000000 5
1154 -1.000000 4
1158 1.000000 4
1162 1.000000 4
1167 1.000000 5
1172 1.000000 5
1177 1.000000 5
1181 1.000000 4
1186 0.000000 5
1191 1.000000 5
1196 1.000000 5
1200 1.000000 4
1203 1.000000 3
1207 -1.000000 4
1212 0.000000 5
1216 1.000000 4
1221 1.000000 5
1224 1.000000 3
1229 1.000000 5
1234 0.000000 5
1239 1.000000 5
1243 1.000000 4
1248 0.000000 5
1252 1.000000 4
1257 1.000000 5
1261 -1.000000 4
1265 1.000000 4
1268 -1.000000 3
1271 1.000000 3
1276 1.000000 5
1280 1.000000 4
1283 1.000000 3
1288 1.000000 5
1293 1.000000 5
1298 0.000000 5
1302 -1.000000 4
1307 1.000000 5
1312 1.000000 5
1316 1.000000 4
1319 -1.000000 3
1324 0.000000 5
1328 -1.000000 4
1332 -1.000000 4
1337 1.000000 5
1342 1.000000 5
1346 1.000000 4
1350 -1.000000 4
1353 1.000000 3
1357 1.000000 4
1360 1.000000 3
1363 1.000000 3
1367 -1.000000 4
1372 1.000000 5
1377 1.000000 5
1382 1.000000 5
1386 1.000000 4
1390 1.000000 4
1395 1.000000 5
1400 1.000000 5
1404 -1.000000 4
1408 1.000000 4
1412 -1.000000 4
1416 1.000000 4
1420 -1.000000 4
1424 1.000000 4
1428 1.000000 4
1433 1.000000 5
1438 1.000000 5
1443 1.000000 5
1447 -1.000000 4
1452 0.000000 5
1457 0.000000 5
1461 1.000000 4
1465 -1.000000 4
1470 1.000000 5
1475 1.000000 5
1479 1.000000 4
1483 1.000000 4
1487 1.000000 4
1490 -1.000000 3
1494 -1.000000 4
1498 1.000000 4
1503 0.000000 5
1507 1.000000 4
1512 0.000000 5
1517 0.000000 5
1522 0.000000 5
1526 1.000000 4
1531 0.000000 5
1535 1.000000 4
1539 -1.000000 4
1544 1.000000 5
1548 1.000000 4
1552 -1.000000 4
1555 -1.000000 3
1560 1.000000 5
1565 1.000000 5
1570 0.000000 5
1574 -1.000000 4
1578 -1.000000 4
1581 1.000000 3
1585 1.000000 4
1588 -1.000000 3
1592 -1.000000 4
1596 1.000000 4
1600 1.000000 4
1604 1.000000 4
1608 -1.000000 4
1613 1.000000 5
1617 1.000000 4
1621 1.000000 4
1626 1.000000 5
1631 0.000000 5
1636 0.000000 5
1639 1.000000 3
1643 1.000000 4
1648 1.000000 5
1652 1.000000 4
1655 1.000000 3
1660 1.000000 5
1663 -1.000000 3
1666 -1.000000 3
1670 1.000000 4
1675 1.000000 5
1680 1.000000 5
1685 1.000000 5
1689 1.000000 4
1693 1.000000 4
1696 1.000000 3
1701 1.000000 5
1704 -1.000000 3
1709 0.000000 5
1714 0.000000 5
1718 1.000000 4
1722 -1.000000 4
1726 1.000000 4
1730 1.000000 4
1735 1.000000 5
1739 1.000000 4
1743 -1.000000 4
1748 0.000000 5
1753 1.000000 5
1756 -1.000000 3
1761 1.000000 5
1764 1.000000 3
1768 -1.000000 4
1773 1.000000 5
1777 1.000000 4
1782 0.000000 5
1786 1.000000 4
1790 1.000000 4
1793 1.000000 3
1798 1.000000 5
1803 0.000000 5
1807 -1.000000 4
1812 1.000000 5
1816 -1.000000 4
1821 1.000000 5
1825 1.000000 4
1830 0.000000 5
1835 1.000000 5
1839 1.000000 4
1843 -1.000000 4
1848 0.000000 5
1852 1.000000 4
1856 -1.000000 4
1860 -1.000000 4
1864 1.000000 4
1869 1.000000 5
1874 1.000000 5
1878 1.000000 4
1883 1.000000 5
1886 1.000000 3
1890 -1.000000 4
1895 0.000000 5
1898 1.000000 3
1901 -1.000000 3
1906 1.000000 5
1910 1.000000 4
1914 1.000000 4
1918 1.000000 4
1922 -1.000000 4
1926 1.000000 4
1930 -1.000000 4
1933 1.000000 3
1937 1.000000 4
1941 1.000000 4
1944 -1.000000 3
1947 -1.000000 3
1952 1.000000 5
1957 1.000000 5
1961 -1.000000 4
1964 -1.000000 3
1968 -1.000000 4
1972 1.000000 4
1977 1.000000 5
1982 1.000000 5
1986 1.000000 4
1990 1.000000 4
1994 1.000000 4
1999 0.000000 5
2004 1.000000 5
2008 1.000000 4
2011 -1.000000 3
2016 0.000000 5
2020 -1.000000 4
2024 -1.000000 4
2027 1.000000 3
2030 -1.000000 3
2034 -1.000000 4
2038 1.000000 4
2042 1.000000 4
2046 -1.000000 4
2051 1.000000 5
2056 1.000000 5
2059 1.000000 3
2062 -1.000000 3
2066 1.000000 4
2070 1.000000 4
2075 0.000000 5
2079 1.000000 4
2082 -1.000000 3
2087 1.000000 5
2090 1.000000 3
2093 -1.000000 3
2097 1.000000 4
2101 1.000000 4
2105 -1.000000 4
2109 1.000000 4
2114 0.000000 5
2117 1.000000 3
2122 0.000000 5
2125 1.000000 3
2129 1.000000 4
2132 1.000000 3
2137 0.000000 5
2142 0.000000 5
2146 -1.000000 4
2151 1.000000 5
2155 1.000000 4
2160 1.000000 5
2164 1.000000 4
2168 -1.000000 4
2171 1.000000 3
2175 1.000000 4
2180 1.000000 5
2185 0.000000 5
2190 1.000000 5
2195 0.000000 5
2199 1.000000 4
2202 -1.000000 3
2205 -1.000000 3
2210 1.000000 5
2214 -1.000000 4
2219 1.000000 5
2223 -1.000000 4
2226 1.000000 3
2230 1.000000 4
2235 1.000000 5
2238 -1.000000 3
2241 -1.000000 3
2246 1.000000 5
2250 1.000000 4
2254 1.000000 4
2259 0.000000 5
2264 1.000000 5
2269 1.000000 5
2272 1.000000 3
2276 1.000000 4
2279 1.000000 3
2283 -1.000000 4
2287 -1.000000 4
2292 0.000000 5
2296 -1.000000 4
2300 -1.000000 4
2305 1.000000 5
2309 -1.000000 4
2314 1.000000 5
2318 -1.000000 4
2323 1.000000 5
2327 1.000000 4
2330 1.000000 3
2334 -1.000000 4
2339 1.000000 5
2343 -1.000000 4
2348 0.000000 5
2353 1.000000 5
2358 1.000000 5
2363 0.000000 5
2367 -1.000000 4
2372 1.000000 5
2377 1.000000 5
2381 -1.000000 4
2386 0.000000 5
2390 -1.000000 4
2393 -1.000000 3
2397 -1.000000 4
2400 1.000000 3
2403 1.000000 3
2407 1.000000 4
2412 1.000000 5
2417 0.000000 5
2420 -1.000000 3
2423 -1.000000 3
2427 -1.000000 4
2432 1.000000 5
2437 1.000000 5
2442 1.000000 5
2446 -1.000000 4
2450 1.000000 4
2453 1.000000 3
2457 1.000000 4
2461 -1.000000 4
2466 1.000000 5
2470 -1.000000 4
2473 1.000000 3
2476 -1.000000 3
2481 1.000000 5
2484 1.000000 3
2489 0.000000 5
2492 1.000000 3
2497 0.000000 5
2501 -1.000000 4
2504 1.000000 3
2508 -1.000000 4
2512 1.000000 4
2516 -1.000000 4
2521 1.000000 5
2525 1.000000 4
2530 1.000000 5
2534 1.000000 4
2539 1.000000 5
2544 1.000000 5
2548 1.000000 4
2553 0.000000 5
2557 1.000000 4
2562 1.000000 5
2567 1.000000 5
2570 1.000000 3
2575 1.000000 5
2579 -1.000000 4
2584 0.000000 5
2588 -1.000000 4
2593 0.000000 5
2597 -1.000000 4
2601 1.000000 4
2605 -1.000000 4
2609 1.000000 4
2613 -1.000000 4
2618 0.000000 5
2623 1.000000 5
2626 1.000000 3
2630 1.000000 4
2635 1.000000 5
2639 -1.000000 4
2642 -1.000000 3
2647 0.000000 5
2651 1.000000 4
2655 1.000000 4
2660 0.000000 5
2665 1.000000 5
2669 1.000000 4
2674 0.000000 5
2679 1.000000 5
2684 1.000000 5
2687 -1.000000 3
2691 1.000000 4
2695 1.000000 4
2700 0.000000 5
2704 -1.000000 4
2708 -1.000000 4
2713 1.000000 5
2717 1.000000 4
2722 1.000000 5
2727 1.000000 5
2732 1.000000 5
2737 0.000000 5
2741 1.000000 4
2746 1.000000 5
2751 0.000000 5
2754 1.000000 3
2759 0.000000 5
2762 -1.000000 3
2765 1.000000 3
2770 0.000000 5
2774 1.000000 4
2778 1.000000 4
2782 1.000000 4
2787 1.000000 5
2791 -1.000000 4
2795 1.000000 4
2799 -1.000000 4
2803 -1.000000 4
2808 1.000000 5
2813 1.000000 5
2817 -1.000000 4
2822 1.000000 5
2827 0.000000 5
2831 1.000000 4
2834 -1.000000 3
2839 1.000000 5
2843 -1.000000 4
2847 1.000000 4
2852 1.000000 5
2856 -1.000000 4
2861 0.000000 5
2865 -1.000000 4
2870 1.000000 5
2875 1.000000 5
2880 0.000000 5
2885 1.000000 5
2890 1.000000 5
2894 -1.000000 4
2899 0.000000 5
2903 1.000000 4
2907 -1.000000 4
2911 1.000000 4
2915 1.000000 4
2919 -1.000000 4
2924 1.000000 5
2929 1.000000 5
2933 -1.000000 4
2936 -1.000000 3
2940 1.000000 4
2944 -1.000000 4
2949 1.000000 5
2953 -1.000000 4
2958 1.000000 5
2962 1.000000 4
2966 -1.000000 4
2971 1.000000 5
2976 0.000000 5
2980 1.000000 4
2985 1.000000 5
2990 0.000000 5
2995 1.000000 5
2999 1.000000 4
3003 1.000000 4
3007 -1.000000 4
3012 1.000000 5
3017 1.000000 5
3021 -1.000000 4
3024 -1.000000 3
3028 1.000000 4
3032 1.000000 4
3037 0.000000 5
3041 1.000000 4
3046 1.000000 5
3051 1.000000 5
3054 1.000000 3
3057 -1.000000 3
3061 -1.000000 4
3065 -1.000000 4
3069 1.000000 4
3072 1.000000 3
3075 1.000000 3
3079 1.000000 4
3082 -1.000000 3
3087 1.000000 5
3091 1.000000 4
3095 1.000000 4
3100 0.000000 5
3104 -1.000000 4
3109 1.000000 5
3114 0.000000 5
3119 0.000000 5
3124 1.000000 5
3129 0.000000 5
3134 1.000000 5
3138 1.000000 4
3143 1.000000 5
3148 1.000000 5
3152 1.000000 4
3157 1.000000 5
3161 -1.000000 4
3166 0.000000 5
3169 -1.000000 3
3173 -1.000000 4
3177 1.000000 4
3181 1.000000 4
3185 1.000000 4
3189 1.000000 4
3193 -1.000000 4
3198 0.000000 5
3202 -1.000000 4
3206 1.000000 4
3211 0.000000 5
3214 -1.000000 3
3218 1.000000 4
3221 1.000000 3
3225 1.000000 4
3230 1.000000 5
3234 1.000000 4
3238 1.000000 4
3242 -1.000000 4
3245 1.000000 3
3250 1.000000 5
3255 0.000000 5
3259 1.000000 4
3264 1.000000 5
3269 0.000000 5
3273 1.000000 4
3278 1.000000 5
3282 1.000000 4
3287 0.000000 5
3291 1.000000 4
3295 -1.000000 4
3298 1.000000 3
3302 1.000000 4
3306 1.000000 4
3309 1.000000 3
3314 0.000000 5
3318 -1.000000 4
3321 1.000000 3
3324 -1.000000 3
3328 -1.000000 4
3332 1.000000 4
3337 0.000000 5
3342 1.000000 5
3347 1.000000 5
3352 1.000000 5
3355 1.000000 3
3360 0.000000 5
3363 -1.000000 3
3367 1.000000 4
3372 1.000000 5
3375 -1.000000 3
3379 -1.000000 4
3382 1.000000 3
3387 1.000000 5
3391 -1.000000 4
3394 1.000000 3
3399 1.000000 5
3404 1.000000 5
3409 0.000000 5
3414 1.000000 5
3419 0.000000 5
3423 1.000000 4
3427 -1.000000 4
3430 -1.000000 3
3434 -1.000000 4
3438 -1.000000 4
3442 -1.000000 4
3445 -1.000000 3
3450 1.000000 5
3454 -1.000000 4
3457 -1.000000 3
3461 1.000000 4
3465 1.000000 4
3470 1.000000 5
3475 0.000000 5
3479 -1.000000 4
3484 0.000000 5
3489 1.000000 5
3494 1.000000 5
3497 -1.000000 3
3502 1.000000 5
3507 1.000000 5
3511 1.000000 4
3515 1.000000 4
3519 -1.000000 4
3524 0.000000 5
3528 1.000000 4
3532 1.000000 4
3537 1.000000 5
3542 0.000000 5
3547 1.000000 5
3550 1.000000 3
3554 -1.000000 4
3559 1.000000 5
3563 -1.000000 4
3567 -1.000000 4
3572 1.000000 5
3576 -1.000000 4
3579 -1.000000 3
3583 1.000000 4
3588 1.000000 5
3592 1.000000 4
3597 1.000000 5
3602 0.000000 5
3605 -1.000000 3
3610 1.000000 5
3613 -1.000000 3
3617 1.000000 4
3621 1.000000 4
3625 -1.000000 4
3629 1.000000 4
3633 1.000000 4
3638 1.000000 5
3642 -1.000000 4
3646 -1.000000 4
3650 1.000000 4
3653 1.000000 3
3657 -1.000000 4
3661 1.000000 4
3665 -1.000000 4
3670 0.000000 5
3674 -1.000000 4
3678 1.000000 4
3682 1.000000 4
3687 1.000000 5
3691 -1.000000 4
3694 -1.000000 3
3698 -1.000000 4
3703 0.000000 5
3708 0.000000 5
3712 1.000000 4
3717 0.000000 5
3722 1.000000 5
3727 1.000000 5
3731 1.000000 4
3736 1.000000 5
3740 1.000000 4
3745 1.000000 5
3749 1.000000 4
3753 1.000000 4
3758 0.000000 5
3762 -1.000000 4
3767 1.000000 5
3772 1.000000 5
3776 1.000000 4
3780 1.000000 4
3784 1.000000 4
3789 0.000000 5
3792 1.000000 3
3796 1.000000 4
3800 -1.000000 4
3803 -1.000000 3
3807 -1.000000 4
3811 1.000000 4
3816 1.000000 5
3819 1.000000 3
3823 1.000000 4
3827 1.000000 4
3832 1.000000 5
3836 -1.000000 4
3840 1.000000 4
3843 -1.000000 3
3847 1.000000 4
3852 0.000000 5
3855 -1.000000 3
3860 1.000000 5
3863 -1.000000 3
3867 1.000000 4
3872 0.000000 5
3875 -1.000000 3
3879 1.000000 4
3884 1.000000 5
3888 1.000000 4
3891 -1.000000 3
3896 0.000000 5
3901 1.000000 5
3905 1.000000 4
3910 0.000000 5
3914 1.000000 4
3918 1.000000 4
3921 -1.000000 3
3926 1.000000 5
3929 -1.000000 3
3934 1.000000 5
3939 1.000000 5
3943 1.000000 4
3947 1.000000 4
3950 -1.000000 3
3955 0.000000 5
3959 -1.000000 4
3963 -1.000000 4
3966 -1.000000 3
3970 1.000000 4
3974 1.000000 4
3978 -1.000000 4
3983 1.000000 5
3988 0.000000 5
3992 -1.000000 4
3996 1.000000 4
4000 -1.000000 4
4005 1.000000 5
4010 1.000000 5
4014 1.000000 4
4018 1.000000 4
4022 1.000000 4
4026 1.000000 4
4029 1.000000 3
4032 1.000000 3
4036 1.000000 4
4040 1.000000 4
4044 1.000000 4
4049 1.000000 5
4052 1.000000 3
4057 1.000000 5
4060 1.000000 3
4065 1.000000 5
4068 1.000000 3
4072 1.000000 4
4077 1.000000 5
4080 1.000000 3
4085 0.000000 5
4090 1.000000 5
4093 1.000000 3
4097 1.000000 4
4100 -1.000000 3
4104 1.000000 4
4109 1.000000 5
4112 -1.000000 3
4116 1.000000 4
4121 0.000000 5
4124 1.000000 3
4128 1.000000 4
4132 1.000000 4
4137 1.000000 5
4141 -1.000000 4
4146 1.000000 5
4150 1.000000 4
4155 0.000000 5
4159 1.000000 4
4163 -1.000000 4
4167 -1.000000 4
4172 0.000000 5
4177 1.000000 5
4182 1.000000 5
4186 -1.000000 4
4190 1.000000 4
4193 -1.000000 3
4196 1.000000 3
4200 1.000000 4
4204 -1.000000 4
4208 -1.000000 4
4213 1.000000 5
4218 0.000000 5
4222 1.000000 4
4227 1.000000 5
4231 1.000000 4
4236 1.000000 5
4241 1.000000 5
4244 -1.000000 3
4249 1.000000 5
4254 1.000000 5
4258 1.000000 4
4263 0.000000 5
4268 1.000000 5
4272 -1.000000 4
4275 1.000000 3
4279 -1.000000 4
4283 -1.000000 4
4287 -1.000000 4
4291 1.000000 4
4295 -1.000000 4
4299 1.000000 4
4303 1.000000 4
4307 -1.000000 4
4310 1.000000 3
4314 -1.000000 4
4319 1.000000 5
4323 -1.000000 4
4326 1.000000 3
4329 -1.000000 3
4334 1.000000 5
4338 1.000000 4
4342 -1.000000 4
4345 1.000000 3
4350 1.000000 5
4354 -1.000000 4
4357 -1.000000 3
4361 1.000000 4
4365 1.000000 4
4370 0.000000 5
4375 0.000000 5
4379 -1.000000 4
4383 -1.000000 4
4387 1.000000 4
4391 -1.000000 4
4394 1.000000 3
4398 -1.000000 4
4403 1.000000 5
4407 -1.000000 4
4411 -1.000000 4
4415 -1.000000 4
4420 1.000000 5
4424 -1.000000 4
4428 -1.000000 4
4432 1.000000 4
4437 1.000000 5
4441 1.000000 4
4445 -1.000000 4
4450 1.000000 5
4454 1.000000 4
4458 -1.000000 4
4463 0.000000 5
4466 1.000000 3
4471 0.000000 5
4475 -1.000000 4
4480 1.000000 5
4484 1.000000 4
4488 1.000000 4
4492 -1.000000 4
4495 -1.000000 3
4499 1.000000 4
4503 1.000000 4
4506 1.000000 3
4510 1.000000 4
4514 1.000000 4
4518 1.000000 4
4521 1.000000 3
4525 -1.000000 4
4529 1.000000 4
4532 1.000000 3
4535 -1.000000 3
4540 0.000000 5
4545 0.000000 5
4549 1.000000 4
4553 -1.000000 4
4557 1.000000 4
4561 1.000000 4
4566 1.000000 5
4570 -1.000000 4
4574 -1.000000 4
4577 -1.000000 3
4581 1.000000 4
4585 1.000000 4
4589 1.000000 4
4593 -1.000000 4
4597 -1.000000 4
4601 -1.000000 4
4605 1.000000 4
4609 1.000000 4
4614 1.000000 5
4619 1.000000 5
4622 -1.000000 3
4625 1.000000 3
4629 1.000000 4
4633 1.000000 4
4638 1.000000 5
4642 1.000000 4
4646 -1.000000 4
4650 1.000000 4
4653 1.000000 3
4658 1.000000 5
4663 1.000000 5
4667 -1.000000 4
4671 -1.000000 4
4675 -1.000000 4
4678 1.000000 3
4682 -1.000000 4
4686 -1.000000 4
4690 -1.000000 4
4695 1.000000 5
4699 -1.000000 4
4704 1.000000 5
4709 0.000000 5
4713 -1.000000 4
4717 1.000000 4
4721 -1.000000 4
4725 -1.000000 4
4729 1.000000 4
4733 -1.000000 4
4737 -1.000000 4
4741 1.000000 4
4745 -1.000000 4
4750 1.000000 5
4755 0.000000 5
4760 1.000000 5
4763 -1.000000 3
4768 1.000000 5
4772 1.000000 4
4776 1.000000 4
4779 -1.000000 3
4782 -1.000000 3
4785 -1.000000 3
4790 1.000000 5
4794 -1.000000 4
4799 0.000000 5
4804 1.000000 5
4808 -1.000000 4
4812 1.000000 4
4817 0.000000 5
4822 0.000000 5
4826 -1.000000 4
4830 1.000000 4
4833 1.000000 3
4838 0.000000 5
4843 0.000000 5
4848 1.000000 5
4852 -1.000000 4
4855 -1.000000 3
4858 -1.000000 3
4863 1.000000 5
4866 -1.000000 3
4870 1.000000 4
4874 -1.000000 4
4877 -1.000000 3
4882 1.000000 5
4885 1.000000 3
4889 1.000000 4
4894 0.000000 5
4898 -1.000000 4
4902 1.000000 4
4905 -1.000000 3
4909 1.000000 4
4913 -1.000000 4
4917 -1.000000 4
4921 -1.000000 4
4926 1.000000 5
4930 1.000000 4
4934 1.000000 4
4938 1.000000 4
4942 -1.000000 4
4946 -1.000000 4
4950 -1.000000 4
4953 -1.000000 3
4958 1.000000 5
4961 1.000000 3
4965 -1.000000 4
4969 -1.000000 4
4972 1.000000 3
4977 1.000000 5
4981 -1.000000 4
4984 -1.000000 3
4989 1.000000 5
4993 -1.000000 4
4998 1.000000 5
5001 1.000000 3
5005 1.000000 4
5009 1.000000 4
5013 -1.000000 4
5018 1.000000 5
5023 0.000000 5
5026 -1.000000 3
5030 -1.000000 4
5034 1.000000 4
5038 1.000000 4
5042 1.000000 4
5046 1.000000 4
5050 1.000000 4
5053 -1.000000 3
5057 -1.000000 4
5062 1.000000 5
5065 1.000000 3
5069 -1.000000 4
5073 1.000000 4
5078 1.000000 5
5082 -1.000000 4
5086 1.000000 4
5091 0.000000 5
5094 -1.000000 3
5098 -1.000000 4
5103 0.000000 5
5107 1.000000 4
5112 0.000000 5
5116 -1.000000 4
5120 -1.000000 4
5123 -1.000000 3
5126 -1.000000 3
5130 1.000000 4
5135 0.000000 5
5140 0.000000 5
5144 1.000000 4
5147 -1.000000 3
5152 1.000000 5
5156 1.000000 4
5159 -1.000000 3
5164 0.000000 5
5169 1.000000 5
5174 1.000000 5
5178 -1.000000 4
5182 -1.000000 4
5187 0.000000 5
5191 1.000000 4
5196 0.000000 5
5200 1.000000 4
5204 1.000000 4
5209 0.000000 5
5212 -1.000000 3
5216 1.000000 4
5219 1.000000 3
5222 1.000000 3
5226 1.000000 4
5231 0.000000 5
5236 1.000000 5
5240 1.000000 4
5244 -1.000000 4
5248 -1.000000 4
5252 1.000000 4
5255 1.000000 3
5260 0.000000 5
5263 1.000000 3
5267 -1.000000 4
5272 0.000000 5
5277 0.000000 5
5280 1.000000 3
5285 0.000000 5
5289 1.000000 4
5294 0.000000 5
5299 1.000000 5
5303 -1.000000 4
5308 0.000000 5
5312 1.000000 4
5315 -1.000000 3
5320 0.000000 5
5323 1.000000 3
5326 1.000000 3
5330 -1.000000 4
5334 -1.000000 4
5339 1.000000 5
5343 -1.000000 4
5347 1.000000 4
5351 1.000000 4
5355 1.000000 4
5360 1.000000 5
5365 0.000000 5
5370 0.000000 5
5374 -1.000000 4
5379 1.000000 5
5384 0.000000 5
5388 -1.000000 4
5393 0.000000 5
5398 1.000000 5
5401 1.000000 3
5406 1.000000 5
5410 1.000000 4
5414 -1.000000 4
5418 -1.000000 4
5422 1.000000 4
5426 1.000000 4
5431 1.000000 5
5434 -1.000000 3
5438 1.000000 4
5442 1.000000 4
5446 1.000000 4
5451 0.000000 5
5456 1.000000 5
5460 -1.000000 4
5465 0.000000 5
5470 1.000000 5
5474 -1.000000 4
5478 -1.000000 4
5483 1.000000 5
5487 -1.000000 4
5491 1.000000 4
5496 1.000000 5
5500 1.000000 4
5504 1.000000 4
5508 -1.000000 4
5513 1.000000 5
5516 -1.000000 3
5521 1.000000 5
5526 0.000000 5
5531 0.000000 5
5536 0.000000 5
5540 -1.000000 4
5544 -1.000000 4
5548 1.000000 4
5552 1.000000 4
5556 -1.000000 4
5560 1.000000 4
5565 0.000000 5
5569 -1.000000 4
5573 -1.000000 4
5576 1.000000 3
5579 -1.000000 3
5583 -1.000000 4
5587 -1.000000 4
5590 -1.000000 3
5595 0.000000 5
5599 -1.000000 4
5602 1.000000 3
5605 -1.000000 3
5609 1.000000 4
5614 1.000000 5
5617 1.000000 3
5621 1.000000 4
5625 1.000000 4
5628 -1.000000 3
5632 -1.000000 4
5636 1.000000 4
5640 -1.000000 4
5643 1.000000 3
5647 1.000000 4
5651 1.000000 4
5656 1.000000 5
5660 -1.000000 4
5663 -1.000000 3
5668 0.000000 5
5673 0.000000 5
5678 0.000000 5
5683 1.000000 5
5688 1.000000 5
5693 1.000000 5
5698 1.000000 5
5702 1.000000 4
5706 1.000000 4
5709 -1.000000 3
5713 1.000000 4
5718 1.000000 5
5723 0.000000 5
5727 1.000000 4
5731 1.000000 4
5736 1.000000 5
5740 -1.000000 4
5744 1.000000 4
5749 1.000000 5
5753 -1.000000 4
5756 1.000000 3
5760 1.000000 4
5764 1.000000 4
5768 -1.000000 4
5772 1.000000 4
5777 1.000000 5
5780 1.000000 3
5785 0.000000 5
5790 1.000000 5
5794 -1.000000 4
5798 -1.000000 4
5801 -1.000000 3
5805 1.000000 4
5810 0.000000 5
5815 1.000000 5
5819 -1.000000 4
5823 1.000000 4
5827 -1.000000 4
5831 -1.000000 4
5836 1.000000 5
5840 1.000000 4
5845 0.000000 5
5849 1.000000 4
5854 0.000000 5
5858 -1.000000 4
5862 -1.000000 4
5865 1.000000 3
5868 1.000000 3
5872 -1.000000 4
5877 1.000000 5
5880 1.000000 3
5884 1.000000 4
5889 1.000000 5
5893 -1.000000 4
5897 1.000000 4
5902 0.000000 5
5906 -1.000000 4
5910 1.000000 4
5915 1.000000 5
5919 -1.000000 4
5923 -1.000000 4
5928 0.000000 5
5933 1.000000 5
5938 1.000000 5
5943 0.000000 5
5947 -1.000000 4
5950 1.000000 3
5955 0.000000 5
5959 1.000000 4
5962 1.000000 3
5965 -1.000000 3
5969 -1.000000 4
5974 1.000000 5
5979 1.000000 5
5984 1.000000 5
5988 -1.000000 4
5993 1.000000 5
5996 -1.000000 3
6001 0.000000 5
6006 0.000000 5
6010 1.000000 4
6014 -1.000000 4
6018 1.000000 4
6023 1.000000 5
6027 -1.000000 4
6030 1.000000 3
6034 -1.000000 4
6037 1.000000 3
6041 1.000000 4
6045 -1.000000 4
6050 0.000000 5
6055 1.000000 5
6060 1.000000 5
6064 -1.000000 4
6069 1.000000 5
6072 -1.000000 3
6077 0.000000 5
6081 1.000000 4
6086 1.000000 5
6091 0.000000 5
6095 1.000000 4
6098 -1.000000 3
6102 1.000000 4
6105 -1.000000 3
6109 -1.000000 4
6112 -1.000000 3
6116 1.000000 4
6119 1.000000 3
6123 1.000000 4
6127 1.000000 4
6130 1.000000 3
6135 1.000000 5
6139 -1.000000 4
6143 1.000000 4
6147 1.000000 4
6152 1.000000 5
6157 1.000000 5
6160 -1.000000 3
6163 -1.000000 3
6167 -1.000000 4
6172 1.000000 5
6175 -1.000000 3
6179 1.000000 4
6184 0.000000 5
6188 1.000000 4
6192 1.000000 4
6197 1.000000 5
6201 1.000000 4
6204 -1.000000 3
6208 1.000000 4
6212 1.000000 4
6216 1.000000 4
6220 -1.000000 4
6224 1.000000 4
6229 1.000000 5
6232 1.000000 3
6236 -1.000000 4
6240 1.000000 4
6244 1.000000 4
6247 1.000000 3
6251 -1.000000 4
6254 1.000000 3
6258 1.000000 4
6262 1.000000 4
6267 0.000000 5
6272 1.000000 5
6277 1.000000 5
6281 -1.000000 4
6285 -1.000000 4
6288 1.000000 3
6291 1.000000 3
6294 -1.000000 3
6298 -1.000000 4
6303 1.000000 5
6307 -1.000000 4
6312 0.000000 5
6315 1.000000 3
6319 1.000000 4
6324 1.000000 5
6328 1.000000 4
6333 1.000000 5
6337 1.000000 4
6342 0.000000 5
6346 -1.000000 4
6350 -1.000000 4
6353 1.000000 3
6358 1.000000 5
6362 1.000000 4
6366 -1.000000 4
6370 -1.000000 4
6373 1.000000 3
6378 0.000000 5
6382 1.000000 4
6386 -1.000000 4
6390 -1.000000 4
6394 -1.000000 4
6398 1.000000 4
6401 1.000000 3
6406 1.000000 5
6411 1.000000 5
6416 1.000000 5
6421 0.000000 5
6426 1.000000 5
6429 -1.000000 3
6433 1.000000 4
6437 -1.000000 4
6440 1.000000 3
6444 -1.000000 4
6448 1.000000 4
6453 1.000000 5
6458 0.000000 5
6462 -1.000000 4
6466 1.000000 4
6470 -1.000000 4
6474 -1.000000 4
6478 1.000000 4
6483 1.000000 5
6487 1.000000 4
6492 1.000000 5
6496 1.000000 4
6500 -1.000000 4
6504 1.000000 4
6509 1.000000 5
6513 -1.000000 4
6516 -1.000000 3
6521 0.000000 5
6525 1.000000 4
6530 0.000000 5
6534 -1.000000 4
6539 1.000000 5
6542 1.000000 3
6546 1.000000 4
6550 1.000000 4
6555 0.000000 5
6559 -1.000000 4
6564 0.000000 5
6568 1.000000 4
6572 1.000000 4
6576 1.000000 4
6580 1.000000 4
6585 1.000000 5
6590 0.000000 5
6593 -1.000000 3
6598 1.000000 5
6602 1.000000 4
6605 1.000000 3
6609 1.000000 4
6613 -1.000000 4
6616 -1.000000 3
6620 -1.000000 4
6624 1.000000 4
6628 -1.000000 4
6633 0.000000 5
6637 -1.000000 4
6640 1.000000 3
6644 1.000000 4
6649 1.000000 5
6654 1.000000 5
6658 1.000000 4
6662 -1.000000 4
6665 1.000000 3
6668 1.000000 3
6673 0.000000 5
6678 1.000000 5
6681 -1.000000 3
6686 1.000000 5
6689 1.000000 3
6694 1.000000 5
6698 1.000000 4
6703 1.000000 5
6707 -1.000000 4
6711 1.000000 4
6716 1.000000 5
6721 0.000000 5
6725 1.000000 4
6729 1.000000 4
6734 1.000000 5
6738 1.000000 4
6741 1.000000 3
6746 1.000000 5
6751 1.000000 5
6756 1.000000 5
6760 1.000000 4
6764 1.000000 4
6768 -1.000000 4
6771 1.000000 3
6775 -1.000000 4
6778 1.000000 3
6781 -1.000000 3
6785 -1.000000 4
6789 1.000000 4
6793 1.000000 4
6798 0.000000 5
6803 1.000000 5
6806 -1.000000 3
6811 1.000000 5
6816 1.000000 5
6821 0.000000 5
6824 -1.000000 3
6828 1.000000 4
6833 0.000000 5
6837 1.000000 4
6840 -1.000000 3
6844 -1.000000 4
6848 1.000000 4
6852 -1.000000 4
6857 1.000000 5
6861 1.000000 4
6864 1.000000 3
6867 1.000000 3
6871 -1.000000 4
6875 1.000000 4
6880 0.000000 5
6885 1.000000 5
6889 -1.000000 4
6894 1.000000 5
6898 -1.000000 4
6901 -1.000000 3
6905 1.000000 4
6909 -1.000000 4
6913 1.000000 4
6917 1.000000 4
6922 1.000000 5
6927 0.000000 5
6932 0.000000 5
6935 -1.000000 3
6940 1.000000 5
6943 1.000000 3
6948 1.000000 5
6952 1.000000 4
6957 1.000000 5
6962 0.000000 5
6966 1.000000 4
6970 1.000000 4
6974 1.000000 4
6979 0.000000 5
6984 0.000000 5
6988 1.000000 4
6993 1.000000 5
6998 0.000000 5
7001 -1.000000 3
7005 1.000000 4
7008 1.000000 3
7011 -1.000000 3
7016 1.000000 5
7020 1.000000 4
7024 -1.000000 4
7027 -1.000000 3
7032 1.000000 5
7035 1.000000 3
7039 1.000000 4
7043 -1.000000 4
7048 1.000000 5
7051 -1.000000 3
7055 1.000000 4
7059 -1.000000 4
7063 1.000000 4
7068 0.000000 5
7072 1.000000 4
7075 1.000000 3
7078 1.000000 3
7082 1.000000 4
7085 1.000000 3
7090 0.000000 5
7094 1.000000 4
7098 -1.000000 4
7103 1.000000 5
7107 -1.000000 4
7112 0.000000 5
7117 1.000000 5
7122 0.000000 5
7126 1.000000 4
7130 -1.000000 4
7134 1.000000 4
7138 1.000000 4
7142 -1.000000 4
7146 1.000000 4
7151 1.000000 5
7155 -1.000000 4
7159 -1.000000 4
7163 1.000000 4
7167 1.000000 4
7171 1.000000 4
7174 -1.000000 3
7178 -1.000000 4
7183 1.000000 5
7187 1.000000 4
7190 -1.000000 3
7193 -1.000000 3
7196 -1.000000 3
7201 1.000000 5
7205 -1.000000 4
7208 1.000000 3
7212 1.000000 4
7216 -1.000000 4
7219 -1.000000 3
7224 1.000000 5
7228 -1.000000 4
7232 1.000000 4
7236 -1.000000 4
7240 -1.000000 4
7245 1.000000 5
7249 -1.000000 4
7254 1.000000 5
7259 1.000000 5
7263 1.000000 4
7266 1.000000 3
7270 1.000000 4
7274 1.000000 4
7279 1.000000 5
7284 0.000000 5
7288 -1.000000 4
7293 1.000000 5
7297 1.000000 4
7300 1.000000 3
7305 1.000000 5
7309 -1.000000 4
7313 1.000000 4
7317 1.000000 4
7321 1.000000 4
7326 1.000000 5
7330 1.000000 4
7334 -1.000000 4
7338 1.000000 4
7343 0.000000 5
7347 1.000000 4
7352 0.000000 5
7356 1.000000 4
7361 0.000000 5
7366 0.000000 5
7370 1.000000 4
7373 -1.000000 3
7377 1.000000 4
7381 1.000000 4
7385 1.000000 4
7390 1.000000 5
7395 1.000000 5
7400 0.000000 5
7404 -1.000000 4
7409 0.000000 5
7413 1.000000 4
7417 1.000000 4
7421 1.000000 4
7426 0.000000 5
7430 -1.000000 4
7434 -1.000000 4
7439 1.000000 5
7443 1.000000 4
7448 1.000000 5
7452 -1.000000 4
7457 0.000000 5
7462 0.000000 5
7466 1.000000 4
7470 1.000000 4
7475 1.000000 5
7478 -1.000000 3
7482 -1.000000 4
7485 -1.000000 3
7488 1.000000 3
7492 -1.000000 4
7495 1.000000 3
7500 1.000000 5
7504 1.000000 4
7507 -1.000000 3
7511 -1.000000 4
7516 1.000000 5
7519 -1.000000 3
7524 1.000000 5
7529 0.000000 5
7533 1.000000 4
7536 -1.000000 3
7540 -1.000000 4
7544 1.000000 4
7549 1.000000 5
7554 1.000000 5
7559 1.000000 5
7563 -1.000000 4
7567 1.000000 4
7571 1.000000 4
7575 -1.000000 4
7579 -1.000000 4
7584 0.000000 5
7588 1.000000 4
7593 1.000000 5
7598 1.000000 5
7602 -1.000000 4
7607 1.000000 5
7611 -1.000000 4
7615 -1.000000 4
7619 -1.000000 4
7623 -1.000000 4
7627 -1.000000 4
7631 -1.000000 4
7634 1.000000 3
7638 1.000000 4
7642 1.000000 4
7647 1.000000 5
7651 1.000000 4
7655 -1.000000 4
7659 -1.000000 4
7664 1.000000 5
7669 1.000000 5
7674 1.000000 5
7679 0.000000 5
7683 -1.000000 4
7688 1.000000 5
7693 0.000000 5
7696 1.000000 3
7701 0.000000 5
7706 0.000000 5
7710 -1.000000 4
7715 1.000000 5
7720 0.000000 5
7725 1.000000 5
7729 1.000000 4
7734 0.000000 5
7739 1.000000 5
7743 -1.000000 4
7747 1.000000 4
7751 1.000000 4
7756 0.000000 5
7760 -1.000000 4
7765 1.000000 5
7769 -1.000000 4
7774 1.000000 5
7778 1.000000 4
7782 -1.000000 4
7786 -1.000000 4
7790 1.000000 4
7794 -1.000000 4
7798 1.000000 4
7802 1.000000 4
7806 1.000000 4
7811 0.000000 5
7814 1.000000 3
7818 1.000000 4
7823 0.000000 5
7826 1.000000 3
7830 -1.000000 4
7834 1.000000 4
7837 1.000000 3
7842 0.000000 5
7846 1.000000 4
7851 1.000000 5
7855 1.000000 4
7860 1.000000 5
7864 1.000000 4
7869 0.000000 5
7874 0.000000 5
7877 -1.000000 3
7882 0.000000 5
7885 1.000000 3
7889 1.000000 4
7894 1.000000 5
7898 1.000000 4
7903 0.000000 5
7908 1.000000 5
7912 -1.000000 4
7916 1.000000 4
7920 1.000000 4
7924 1.000000 4
7929 1.000000 5
7933 -1.000000 4
7936 1.000000 3
7940 1.000000 4
7944 1.000000 4
7948 1.000000 4
7952 -1.000000 4
7956 1.000000 4
7961 1.000000 5
7964 1.000000 3
7969 1.000000 5
7973 1.000000 4
7977 -1.000000 4
7981 -1.000000 4
7985 -1.000000 4
7990 1.000000 5
7994 -1.000000 4
7998 1.000000 4
8003 1.000000 5
8008 0.000000 5
8013 0.000000 5
8017 -1.000000 4
8021 1.000000 4
8024 1.000000 3
8029 1.000000 5
8033 -1.000000 4
8037 1.000000 4
8041 1.000000 4
8045 -1.000000 4
8049 -1.000000 4
8054 1.000000 5
8058 1.000000 4
8063 1.000000 5
8068 0.000000 5
8072 -1.000000 4
8075 1.000000 3
8079 -1.000000 4
8083 1.000000 4
8086 1.000000 3
8090 1.000000 4
8094 1.000000 4
8098 1.000000 4
8102 -1.000000 4
8106 1.000000 4
8110 -1.000000 4
8114 -1.000000 4
8117 1.000000 3
8121 1.000000 4
8126 1.000000 5
8131 0.000000 5
8135 1.000000 4
8139 -1.000000 4
8143 -1.000000 4
8147 1.000000 4
8151 -1.000000 4
8155 1.000000 4
8159 -1.000000 4
8162 -1.000000 3
8167 1.000000 5
8171 1.000000 4
8176 1.000000 5
8181 1.000000 5
8185 -1.000000 4
8190 0.000000 5
8194 1.000000 4
8198 1.000000 4
8202 1.000000 4
8207 0.000000 5
8211 1.000000 4
8215 -1.000000 4
8219 -1.000000 4
8224 1.000000 5
8229 1.000000 5
8233 -1.000000 4
8237 1.000000 4
8242 0.000000 5
8247 1.000000 5
8252 0.000000 5
8256 1.000000 4
8260 1.000000 4
8264 1.000000 4
8268 1.000000 4
8271 1.000000 3
8275 -1.000000 4
8279 -1.000000 4
8284 1.000000 5
8288 -1.000000 4
8293 0.000000 5
8297 1.000000 4
8302 0.000000 5
8306 1.000000 4
8309 -1.000000 3
8312 1.000000 3
8316 1.000000 4
8320 -1.000000 4
8323 1.000000 3
8326 -1.000000 3
8330 1.000000 4
8335 1.000000 5
8340 1.000000 5
8344 -1.000000 4
8349 0.000000 5
8354 1.000000 5
8358 1.000000 4
8361 -1.000000 3
8364 -1.000000 3
8369 1.000000 5
8373 1.000000 4
8378 1.000000 5
8382 1.000000 4
8387 0.000000 5
8392 1.000000 5
8396 -1.000000 4
8401 1.000000 5
8405 1.000000 4
8410 0.000000 5
8414 1.000000 4
8418 1.000000 4
8423 1.000000 5
8427 1.000000 4
8432 1.000000 5
8437 1.000000 5
8440 -1.000000 3
8445 1.000000 5
8449 -1.000000 4
8454 0.000000 5
8458 1.000000 4
8463 1.000000 5
8467 -1.000000 4
8471 -1.000000 4
8475 -1.000000 4
8480 0.000000 5
8484 1.000000 4
8488 -1.000000 4
8493 1.000000 5
8498 1.000000 5
8501 -1.000000 3
8505 -1.000000 4
8510 1.000000 5
8514 1.000000 4
8518 1.000000 4
8523 1.000000 5
8527 1.000000 4
8531 1.000000 4
8534 1.000000 3
8537 1.000000 3
8541 -1.000000 4
8545 1.000000 4
8549 -1.000000 4
8553 1.000000 4
8557 1.000000 4
8562 1.000000 5
8565 -1.000000 3
8569 1.000000 4
8573 -1.000000 4
8578 1.000000 5
8582 -1.000000 4
8585 -1.000000 3
8588 -1.000000 3
8593 1.000000 5
8597 1.000000 4
8602 0.000000 5
8606 -1.000000 4
8610 -1.000000 4
8615 0.000000 5
8619 1.000000 4
8623 1.000000 4
8628 1.000000 5
8632 -1.000000 4
8636 -1.000000 4
8640 -1.000000 4
8643 1.000000 3
8647 1.000000 4
8652 0.000000 5
8657 1.000000 5
8661 1.000000 4
8665 -1.000000 4
8670 0.000000 5
8674 -1.000000 4
8679 0.000000 5
8684 0.000000 5
8689 1.000000 5
8692 1.000000 3
8697 1.000000 5
8700 1.000000 3
8704 1.000000 4
8708 -1.000000 4
8711 1.000000 3
8715 1.000000 4
8720 1.000000 5
8725 0.000000 5
8728 1.000000 3
8733 1.000000 5
8737 1.000000 4
8742 1.000000 5
8745 1.000000 3
8750 1.000000 5
8753 1.000000 3
8758 1.000000 5
8762 1.000000 4
8766 -1.000000 4
8771 0.000000 5
8775 1.000000 4
8780 1.000000 5
8784 1.000000 4
8789 1.000000 5
8794 1.000000 5
8798 -1.000000 4
8803 0.000000 5
8807 -1.000000 4
8810 1.000000 3
8814 -1.000000 4
8818 1.000000 4
8822 -1.000000 4
8827 1.000000 5
8831 1.000000 4
8835 1.000000 4
8839 -1.000000 4
8844 0.000000 5
8848 1.000000 4
8851 -1.000000 3
8856 1.000000 5
8860 1.000000 4
8864 1.000000 4
8868 1.000000 4
8872 1.000000 4
8876 1.000000 4
8879 1.000000 3
8884 0.000000 5
8888 -1.000000 4
8893 1.000000 5
8896 1.000000 3
8899 1.000000 3
8904 1.000000 5
8907 1.000000 3
8911 1.000000 4
8915 1.000000 4
8920 1.000000 5
8925 1.000000 5
8929 -1.000000 4
8933 -1.000000 4
8936 -1.000000 3
8940 -1.000000 4
8944 1.000000 4
8949 1.000000 5
8953 1.000000 4
8956 1.000000 3
8961 0.000000 5
8965 -1.000000 4
8969 1.000000 4
8974 1.000000 5
8977 -1.000000 3
8980 -1.000000 3
8985 1.000000 5
8990 0.000000 5
8995 1.000000 5
8998 1.000000 3
9002 1.000000 4
9007 1.000000 5
9011 1.000000 4
9015 1.000000 4
9018 1.000000 3
9022 -1.000000 4
9025 1.000000 3
9030 0.000000 5
9033 -1.000000 3
9037 -1.000000 4
9041 -1.000000 4
9045 1.000000 4
9050 0.000000 5
9053 1.000000 3
9056 -1.000000 3
9061 0.000000 5
9064 1.000000 3
9069 1.000000 5
9072 1.000000 3
9075 1.000000 3
9080 1.000000 5
9083 -1.000000 3
9088 0.000000 5
9093 1.000000 5
9097 -1.000000 4
9101 1.000000 4
9105 1.000000 4
9110 0.000000 5
9115 0.000000 5
9119 -1.000000 4
9122 1.000000 3
9125 1.000000 3
9129 1.000000 4
9133 1.000000 4
9137 1.000000 4
9141 1.000000 4
9145 1.000000 4
9149 1.000000 4
9154 0.000000 5
9158 1.000000 4
9163 1.000000 5
9167 1.000000 4
9170 -1.000000 3
9173 -1.000000 3
9178 1.000000 5
9183 0.000000 5
9187 1.000000 4
9192 0.000000 5
9197 1.000000 5
9202 1.000000 5
9205 1.000000 3
9209 1.000000 4
9213 1.000000 4
9217 1.000000 4
9222 1.000000 5
9226 1.000000 4
9229 -1.000000 3
9234 0.000000 5
9238 1.000000 4
9242 -1.000000 4
9246 1.000000 4
9251 1.000000 5
9256 1.000000 5
9259 -1.000000 3
9264 0.000000 5
9267 1.000000 3
9271 -1.000000 4
9276 1.000000 5
9281 0.000000 5
9285 1.000000 4
9289 1.000000 4
9294 1.000000 5
9297 1.000000 3
9301 1.000000 4
9305 1.000000 4
9309 1.000000 4
9312 -1.000000 3
9315 1.000000 3
9319 -1.000000 4
9323 -1.000000 4
9327 1.000000 4
9331 1.000000 4
9336 1.000000 5
9340 -1.000000 4
9344 1.000000 4
9348 -1.000000 4
9352 1.000000 4
9357 1.000000 5
9361 1.000000 4
9365 -1.000000 4
9369 1.000000 4
9374 1.000000 5
9378 -1.000000 4
9383 0.000000 5
9386 -1.000000 3
9391 0.000000 5
9395 1.000000 4
9399 1.000000 4
9404 1.000000 5
9407 -1.000000 3
9412 1.000000 5
9417 1.000000 5
9422 1.000000 5
9426 -1.000000 4
9430 1.000000 4
9434 -1.000000 4
9438 -1.000000 4
9443 0.000000 5
9447 -1.000000 4
9452 0.000000 5
9455 -1.000000 3
9459 -1.000000 4
9463 -1.000000 4
9466 1.000000 3
9470 1.000000 4
9475 0.000000 5
9478 -1.000000 3
9481 1.000000 3
9484 1.000000 3
9488 1.000000 4
9492 -1.000000 4
9495 -1.000000 3
9498 1.000000 3
9503 1.000000 5
9508 1.000000 5
9512 -1.000000 4
9517 1.000000 5
9522 0.000000 5
9527 1.000000 5
9532 0.000000 5
9536 1.000000 4
9540 1.000000 4
9545 1.000000 5
9549 -1.000000 4
9554 1.000000 5
9558 1.000000 4
9562 1.000000 4
9567 1.000000 5
9570 -1.000000 3
9574 1.000000 4
9579 1.000000 5
9584 1.000000 5
9589 0.000000 5
9593 -1.000000 4
9596 1.000000 3
9599 1.000000 3
9602 -1.000000 3
9605 -1.000000 3
9608 -1.000000 3
9612 -1.000000 4
9617 1.000000 5
9621 1.000000 4
9626 1.000000 5
9629 1.000000 3
9632 -1.000000 3
9636 1.000000 4
9640 -1.000000 4
9644 -1.000000 4
9647 -1.000000 3
9652 1.000000 5
9656 1.000000 4
9660 -1.000000 4
9664 1.000000 4
9668 1.000000 4
9672 -1.000000 4
9675 -1.000000 3
9680 1.000000 5
9683 1.000000 3
9687 1.000000 4
9692 1.000000 5
9696 -1.000000 4
9700 -1.000000 4
9705 1.000000 5
9709 1.000000 4
9713 -1.000000 4
9718 0.000000 5
9721 -1.000000 3
9726 0.000000 5
9730 -1.000000 4
9735 0.000000 5
9740 1.000000 5
9744 1.000000 4
9749 1.000000 5
9752 1.000000 3
9756 1.000000 4
9759 1.000000 3
9764 0.000000 5
9769 1.000000 5
9773 -1.000000 4
9777 -1.000000 4
9781 1.000000 4
9785 1.000000 4
9788 -1.000000 3
9793 1.000000 5
9797 1.000000 4
9801 -1.000000 4
9805 1.000000 4
9810 1.000000 5
9814 1.000000 4
9819 1.000000 5
9824 0.000000 5
9828 -1.000000 4
9832 1.000000 4
9836 1.000000 4
9839 -1.000000 3
9843 -1.000000 4
9848 1.000000 5
9851 -1.000000 3
9855 1.000000 4
9859 1.000000 4
9863 1.000000 4
9867 -1.000000 4
9870 1.000000 3
9874 -1.000000 4
9879 0.000000 5
9883 -1.000000 4
9887 1.000000 4
9892 1.000000 5
9895 1.000000 3
9899 -1.000000 4
9904 1.000000 5
9909 1.000000 5
9914 0.000000 5
9918 1.000000 4
9923 0.000000 5
9928 1.000000 5
9933 1.000000 5
9937 -1.000000 4
9941 -1.000000 4
9945 1.000000 4
9950 1.000000 5
9954 1.000000 4
9959 1.000000 5
9963 1.000000 4
9966 -1.000000 3
9970 1.000000 4
9974 1.000000 4
9979 1.000000 5
9983 1.000000 4
9988 1.000000 5
9992 -1.000000 4
9996 1.000000 4
10000 -1.000000 4
10003 -1.000000 3
10006 -1.000000 3
10009 -1.000000 3
10012 -1.000000 3
10015 -1.000000 3
10018 -1.000000 3
10021 -1.000000 3
10024 -1.000000 3
10027 -1.000000 3
10030 -1.000000 3
10033 -1.000000 3
10036 -1.000000 3
10039 -1.000000 3
10042 -1.000000 3
10045 -1.000000 3
10048 -1.000000 3
10051 -1.000000 3
10054 -1.000000 3
10057 -1.000000 3
10060 -1.000000 3
10063 -1.000000 3
10066 -1.000000 3
10069 -1.000000 3
10072 -1.000000 3
10075 -1.000000 3
10078 -1.000000 3
10081 -1.000000 3
10084 -1.000000 3
10087 -1.000000 3
10090 -1.000000 3
10093 -1.000000 3
10096 -1.000000 3
10099 -1.000000 3
10102 -1.000000 3
10105 -1.000000 3
10108 -1.000000 3
10111 -1.000000 3
10114 -1.000000 3
10117 -1.000000 3
10120 -1.000000 3
10123 -1.000000 3
10126 -1.000000 3
10129 -1.000000 3
10132 -1.000000 3
10135 -1.000000 3
10138 -1.000000 3
10141 -1.000000 3
10144 -1.000000 3
10147 -1.000000 3
10150 -1.000000 3
10153 -1.000000 3
10156 -1.000000 3
10159 -1.000000 3
10162 -1.000000 3
10165 -1.000000 3
10168 -1.000000 3
10171 -1.000000 3
10174 -1.000000 3
10177 -1.000000 3
10180 -1.000000 3
10183 -1.000000 3
10186 -1.000000 3
10189 -1.000000 3
10192 -1.000000 3
10195 -1.000000 3
10198 -1.000000 3
10201 -1.000000 3
10204 -1.000000 3
10207 -1.000000 3
10210 -1.000000 3
10213 -1.000000 3
10216 -1.000000 3
10219 -1.000000 3
10222 -1.000000 3
10225 -1.000000 3
10228 -1.000000 3
10231 -1.000000 3
10234 -1.000000 3
10237 -1.000000 3
10240 -1.000000 3
10243 -1.000000 3
10246 -1.000000 3
10249 -1.000000 3
10252 -1.000000 3
10255 -1.000000 3
10258 -1.000000 3
10261 -1.000000 3
10264 -1.000000 3
10267 -1.000000 3
10270 -1.000000 3
10273 -1.000000 3
10276 -1.000000 3
10279 -1.000000 3
10282 -1.000000 3
10285 -1.000000 3
10288 -1.000000 3
10291 -1.000000 3
10294 -1.000000 3
10297 -1.000000 3
10300 -1.000000 3
10303 -1.000000 3
10306 -1.000000 3
10309 -1.000000 3
10312 -1.000000 3
10315 -1.000000 3
10318 -1.000000 3
10321 -1.000000 3
10324 -1.000000 3
10327 -1.000000 3
10330 -1.000000 3
10333 -1.000000 3
10336 -1.000000 3
10339 -1.000000 3
10342 -1.000000 3
10345 -1.000000 3
10348 -1.000000 3
10351 -1.000000 3
10354 -1.000000 3
10357 -1.000000 3
10360 -1.000000 3
10363 -1.000000 3
10366 -1.000000 3
10369 -1.000000 3
10372 -1.000000 3
10375 -1.000000 3
10378 -1.000000 3
10381 -1.000000 3
10384 -1.000000 3
10387 -1.000000 3
10390 -1.000000 3
10393 -1.000000 3
10396 -1.000000 3
10399 -1.000000 3
10402 -1.000000 3
10405 -1.000000 3
10408 -1.000000 3
10411 -1.000000 3
10414 -1.000000 3
10417 -1.000000 3
10420 -1.000000 3
10423 -1.000000 3
10426 -1.000000 3
10429 -1.000000 3
10432 -1.000000 3
10435 -1.000000 3
10438 -1.000000 3
10441 -1.000000 3
10444 -1.000000 3
10447 -1.000000 3
10450 -1.000000 3
10453 -1.000000 3
10456 -1.000000 3
10459 -1.000000 3
10462 -1.000000 3
10465 -1.000000 3
10468 -1.000000 3
10471 -1.000000 3
10474 -1.000000 3
10477 -1.000000 3
10480 -1.000000 3
10483 -1.000000 3
10486 -1.000000 3
10489 -1.000000 3
10492 -1.000000 3
10495 -1.000000 3
10498 -1.000000 3
10501 -1.000000 3
10504 -1.000000 3
10507 -1.000000 3
10510 -1.000000 3
10513 -1.000000 3
10516 -1.000000 3
10519 -1.000000 3
10522 -1.000000 3
10525 -1.000000 3
10528 -1.000000 3
10531 -1.000000 3
10534 -1.000000 3
10537 -1.000000 3
10540 -1.000000 3
10543 -1.000000 3
10546 -1.000000 3
10549 -1.000000 3
10552 -1.000000 3
10555 -1.000000 3
10558 -1.000000 3
10561 -1.000000 3
10564 -1.000000 3
10567 -1.000000 3
10570 -1.000000 3
10573 -1.000000 3
10576 -1.000000 3
10579 -1.000000 3
10582 -1.000000 3
10585 -1.000000 3
10588 -1.000000 3
10591 -1.000000 3
10594 -1.000000 3
10597 -1.000000 3
10600 -1.000000 3
10603 -1.000000 3
10606 -1.000000 3
10609 -1.000000 3
10612 -1.000000 3
10615 -1.000000 3
10618 -1.000000 3
10621 -1.000000 3
10624 -1.000000 3
10627 -1.000000 3
10630 -1.000000 3
10633 -1.000000 3
10636 -1.000000 3
10639 -1.000000 3
10642 -1.000000 3
10645 -1.000000 3
10648 -1.000000 3
10651 -1.000000 3
10654 -1.000000 3
10657 -1.000000 3
10660 -1.000000 3
10663 -1.000000 3
10666 -1.000000 3
10669 -1.000000 3
10672 -1.000000 3
10675 -1.000000 3
10678 -1.000000 3
10681 -1.000000 3
10684 -1.000000 3
10687 -1.000000 3
10690 -1.000000 3
10693 -1.000000 3
10696 -1.000000 3
10699 -1.000000 3
10702 -1.000000 3
10705 -1.000000 3
10708 -1.000000 3
10711 -1.000000 3
10714 -1.000000 3
10717 -1.000000 3
10720 -1.000000 3
10723 -1.000000 3
10726 -1.000000 3
10729 -1.000000 3
10732 -1.000000 3
10735 -1.000000 3
10738 -1.000000 3
10741 -1.000000 3
10744 -1.000000 3
10747 -1.000000 3
10750 -1.000000 3
10753 -1.000000 3
10756 -1.000000 3
10759 -1.000000 3
10762 -1.000000 3
10765 -1.000000 3
10768 -1.000000 3
10771 -1.000000 3
10774 -1.000000 3
10777 -1.000000 3
10780 -1.000000 3
10783 -1.000000 3
10786 -1.000000 3
10789 -1.000000 3
10792 -1.000000 3
10795 -1.000000 3
10798 -1.000000 3
10801 -1.000000 3
10804 -1.000000 3
10807 -1.000000 3
10810 -1.000000 3
10813 -1.000000 3
10816 -1.000000 3
10819 -1.000000 3
10822 -1.000000 3
10825 -1.000000 3
10828 -1.000000 3
10831 -1.000000 3
10834 -1.000000 3
10837 -1.000000 3
10840 -1.000000 3
10843 -1.000000 3
10846 -1.000000 3
10849 -1.000000 3
10852 -1.000000 3
10855 -1.000000 3
10858 -1.000000 3
10861 -1.000000 3
10864 -1.000000 3
10867 -1.000000 3
10870 -1.000000 3
10873 -1.000000 3
10876 -1.000000 3
10879 -1.000000 3
10882 -1.000000 3
10885 -1.000000 3
10888 -1.000000 3
10891 -1.000000 3
10894 -1.000000 3
10897 -1.000000 3
10900 -1.000000 3
10903 -1.000000 3
10906 -1.000000 3
10909 -1.000000 3
10912 -1.000000 3
10915 -1.000000 3
10918 -1.000000 3
10921 -1.000000 3
10924 -1.000000 3
10927 -1.000000 3
10930 -1.000000 3
10933 -1.000000 3
10936 -1.000000 3
10939 -1.000000 3
10942 -1.000000 3
10945 -1.000000 3
10948 -1.000000 3
10951 -1.000000 3
10954 -1.000000 3
10957 -1.000000 3
10960 -1.000000 3
10963 -1.000000 3
10966 -1.000000 3
10969 -1.000000 3
10972 -1.000000 3
10975 -1.000000 3
10978 -1.000000 3
10981 -1.000000 3
10984 -1.000000 3
10987 -1.000000 3
10990 -1.000000 3
10993 -1.000000 3
10996 -1.000000 3
10999 -1.000000 3
11002 -1.000000 3
11005 1.000000 3
11009 1.000000 4
11013 1.000000 4
11017 1.000000 4
11021 1.000000 4
11025 1.000000 4
11029 1.000000 4
11032 1.000000 3
11035 1.000000 3
11039 1.000000 4
11043 1.000000 4
11047 1.000000 4
11051 1.000000 4
11055 1.000000 4
11058 1.000000 3
11062 1.000000 4
11066 1.000000 4
11070 1.000000 4
11074 1.000000 4
11078 1.000000 4
11081 1.000000 3
11084 1.000000 3
11088 1.000000 4
11092 1.000000 4
11096 1.000000 4
11100 1.000000 4
11104 1.000000 4
11107 1.000000 3
11111 1.000000 4
11115 1.000000 4
11119 1.000000 4
11122 1.000000 3
11126 1.000000 4
11130 1.000000 4
11134 1.000000 4
11138 1.000000 4
11142 1.000000 4
11146 1.000000 4
11149 1.000000 3
11152 1.000000 3
11156 1.000000 4
11160 1.000000 4
11164 1.000000 4
11168 1.000000 4
11172 1.000000 4
11176 1.000000 4
11180 1.000000 4
11184 1.000000 4
11187 1.000000 3
11190 1.000000 3
11194 1.000000 4
11198 1.000000 4
11201 1.000000 3
11205 1.000000 4
11209 1.000000 4
11213 1.000000 4
11216 1.000000 3
11219 1.000000 3
11223 1.000000 4
11227 1.000000 4
11231 1.000000 4
11235 1.000000 4
11239 1.000000 4
11243 1.000000 4
11246 1.000000 3
11250 1.000000 4
11254 1.000000 4
11257 1.000000 3
11261 1.000000 4
11265 1.000000 4
11269 1.000000 4
11273 1.000000 4
11277 1.000000 4
11281 1.000000 4
11285 1.000000 4
11289 1.000000 4
11293 1.000000 4
11297 1.000000 4
11301 1.000000 4
11305 1.000000 4
11309 1.000000 4
11313 1.000000 4
11317 1.000000 4
11320 1.000000 3
11324 1.000000 4
11328 1.000000 4
11332 1.000000 4
11336 1.000000 4
11339 1.000000 3
11343 1.000000 4
11347 1.000000 4
11350 1.000000 3
11354 1.000000 4
11357 1.000000 3
11361 1.000000 4
11365 1.000000 4
11368 1.000000 3
11372 1.000000 4
11376 1.000000 4
11380 1.000000 4
11384 1.000000 4
11388 1.000000 4
11392 1.000000 4
11395 1.000000 3
11399 1.000000 4
11403 1.000000 4
11407 1.000000 4
11411 1.000000 4
11415 1.000000 4
11419 1.000000 4
11423 1.000000 4
11427 1.000000 4
11431 1.000000 4
11435 1.000000 4
11439 1.000000 4
11443 1.000000 4
11447 1.000000 4
11451 1.000000 4
11455 1.000000 4
11459 1.000000 4
11463 1.000000 4
11467 1.000000 4
11471 1.000000 4
11475 1.000000 4
11479 1.000000 4
11482 1.000000 3
11486 1.000000 4
11490 1.000000 4
11494 1.000000 4
11497 1.000000 3
11501 1.000000 4
11505 1.000000 4
11509 1.000000 4
11513 1.000000 4
11517 1.000000 4
11521 1.000000 4
11525 1.000000 4
11529 1.000000 4
11533 1.000000 4
11536 1.000000 3
11540 1.000000 4
11543 1.000000 3
11546 1.000000 3
11550 1.000000 4
11554 1.000000 4
11558 1.000000 4
11562 1.000000 4
11566 1.000000 4
11569 1.000000 3
11572 1.000000 3
11576 1.000000 4
11580 1.000000 4
11583 1.000000 3
11587 1.000000 4
11591 1.000000 4
11595 1.000000 4
11599 1.000000 4
11603 1.000000 4
11607 1.000000 4
11611 1.000000 4
11615 1.000000 4
11619 1.000000 4
11623 1.000000 4
11627 1.000000 4
11630 1.000000 3
11633 1.000000 3
11637 1.000000 4
11641 1.000000 4
11644 1.000000 3
11648 1.000000 4
11652 1.000000 4
11656 1.000000 4
11659 1.000000 3
11663 1.000000 4
11666 1.000000 3
11670 1.000000 4
11674 1.000000 4
11678 1.000000 4
11682 1.000000 4
11686 1.000000 4
11690 1.000000 4
11693 1.000000 3
11697 1.000000 4
11700 1.000000 3
11704 1.000000 4
11708 1.000000 4
11712 1.000000 4
11716 1.000000 4
11720 1.000000 4
11724 1.000000 4
11727 1.000000 3
11730 1.000000 3
11733 1.000000 3
11737 1.000000 4
11741 1.000000 4
11745 1.000000 4
11749 1.000000 4
11753 1.000000 4
11756 1.000000 3
11760 1.000000 4
11764 1.000000 4
11768 1.000000 4
11772 1.000000 4
11775 1.000000 3
11779 1.000000 4
11783 1.000000 4
11786 1.000000 3
11790 1.000000 4
11794 1.000000 4
11798 1.000000 4
11801 1.000000 3
11805 1.000000 4
11809 1.000000 4
11813 1.000000 4
11817 1.000000 4
11821 1.000000 4
11825 1.000000 4
11829 1.000000 4
11832 1.000000 3
11836 1.000000 4
11840 1.000000 4
11844 1.000000 4
11848 1.000000 4
11851 1.000000 3
11855 1.000000 4
11858 1.000000 3
11861 1.000000 3
11865 1.000000 4
11869 1.000000 4
11873 1.000000 4
11877 1.000000 4
11880 1.000000 3
11884 1.000000 4
11887 1.000000 3
11891 1.000000 4
11895 1.000000 4
11898 1.000000 3
11902 1.000000 4
11906 1.000000 4
11909 1.000000 3
11913 1.000000 4
11917 1.000000 4
11921 1.000000 4
11924 1.000000 3
11928 1.000000 4
11931 1.000000 3
11934 1.000000 3
11938 1.000000 4
11941 1.000000 3
11945 1.000000 4
11949 1.000000 4
11953 1.000000 4
11957 1.000000 4
11961 1.000000 4
11965 1.000000 4
11969 1.000000 4
11973 1.000000 4
11977 1.000000 4
11981 1.000000 4
11984 1.000000 3
11988 1.000000 4
11992 1.000000 4
11995 1.000000 3
11999 1.000000 4
12002 1.000000 3
