5 -1.000000 5
10 0.000000 5
14 1.000000 4
19 1.000000 5
24 -1.000000 5
29 -1.000000 5
33 1.000000 4
37 -1.000000 4
42 1.000000 5
46 1.000000 4
50 -1.000000 4
55 1.000000 5
60 1.000000 5
65 1.000000 5
68 1.000000 3
73 1.000000 5
76 1.000000 3
81 1.000000 5
86 1.000000 5
91 0.000000 5
95 1.000000 4
99 1.000000 4
103 1.000000 4
108 1.000000 5
113 1.000000 5
118 -1.000000 5
121 1.000000 3
126 -1.000000 5
131 1.000000 5
136 1.000000 5
141 -1.000000 5
146 0.000000 5
151 -1.000000 5
156 0.000000 5
159 1.000000 3
163 1.000000 4
166 1.000000 3
171 1.000000 5
176 0.000000 5
180 -1.000000 4
185 -1.000000 5
190 0.000000 5
195 0.000000 5
198 1.000000 3
203 1.000000 5
206 1.000000 3
209 1.000000 3
213 1.000000 4
218 1.000000 5
223 1.000000 5
226 1.000000 3
231 -1.000000 5
236 1.000000 5
241 1.000000 5
246 -1.000000 5
249 1.000000 3
253 1.000000 4
258 -1.000000 5
262 1.000000 4
266 1.000000 4
271 1.000000 5
276 1.000000 5
280 -1.000000 4
285 0.000000 5
288 1.000000 3
293 -1.000000 5
297 -1.000000 4
301 1.000000 4
306 0.000000 5
310 1.000000 4
314 1.000000 4
318 1.000000 4
322 -1.000000 4
326 1.000000 4
331 -1.000000 5
336 -1.000000 5
340 1.000000 4
345 1.000000 5
349 -1.000000 4
353 -1.000000 4
358 1.000000 5
362 1.000000 4
367 0.000000 5
372 -1.000000 5
375 1.000000 3
379 1.000000 4
384 1.000000 5
389 -1.000000 5
394 0.000000 5
399 -1.000000 5
404 1.000000 5
409 1.000000 5
413 1.000000 4
418 1.000000 5
423 0.000000 5
428 1.000000 5
432 1.000000 4
435 1.000000 3
439 1.000000 4
443 1.000000 4
447 1.000000 4
452 1.000000 5
456 1.000000 4
460 1.000000 4
464 1.000000 4
469 0.000000 5
473 1.000000 4
478 -1.000000 5
483 -1.000000 5
488 1.000000 5
492 1.000000 4
497 0.000000 5
501 1.000000 4
506 0.000000 5
509 1.000000 3
513 1.000000 4
518 1.000000 5
523 1.000000 5
528 0.000000 5
533 0.000000 5
537 -1.000000 4
541 1.000000 4
546 1.000000 5
551 0.000000 5
556 1.000000 5
561 0.000000 5
565 -1.000000 4
569 1.000000 4
572 1.000000 3
577 0.000000 5
581 1.000000 4
586 -1.000000 5
591 1.000000 5
596 1.000000 5
600 1.000000 4
605 -1.000000 5
610 0.000000 5
614 -1.000000 4
618 1.000000 4
622 1.000000 4
626 1.000000 4
631 -1.000000 5
636 1.000000 5
640 -1.000000 4
644 1.000000 4
649 0.000000 5
653 1.000000 4
657 1.000000 4
662 1.000000 5
666 1.000000 4
671 -1.000000 5
675 1.000000 4
679 1.000000 4
684 -1.000000 5
688 1.000000 4
692 1.000000 4
696 1.000000 4
700 1.000000 4
703 1.000000 3
708 1.000000 5
713 1.000000 5
717 1.000000 4
721 -1.000000 4
725 1.000000 4
729 -1.000000 4
734 -1.000000 5
739 0.000000 5
744 1.000000 5
749 1.000000 5
753 1.000000 4
757 -1.000000 4
762 1.000000 5
766 1.000000 4
770 -1.000000 4
775 0.000000 5
779 1.000000 4
783 1.000000 4
788 -1.000000 5
792 1.000000 4
796 1.000000 4
801 1.000000 5
806 -1.000000 5
811 1.000000 5
816 1.000000 5
821 1.000000 5
826 -1.000000 5
830 -1.000000 4
834 1.000000 4
839 0.000000 5
844 1.000000 5
848 -1.000000 4
851 1.000000 3
856 1.000000 5
861 -1.000000 5
866 0.000000 5
871 1.000000 5
875 1.000000 4
878 1.000000 3
883 1.000000 5
888 -1.000000 5
892 1.000000 4
896 -1.000000 4
900 1.000000 4
905 1.000000 5
910 0.000000 5
915 0.000000 5
919 1.000000 4
922 1.000000 3
925 1.000000 3
930 1.000000 5
933 1.000000 3
938 -1.000000 5
942 1.000000 4
946 1.000000 4
951 1.000000 5
955 1.000000 4
959 1.000000 4
964 0.000000 5
969 -1.000000 5
972 1.000000 3
976 1.000000 4
980 -1.000000 4
985 -1.000000 5
990 -1.000000 5
994 1.000000 4
999 -1.000000 5
1002 1.000000 3
1005 1.000000 3
1009 1.000000 4
1014 1.000000 5
1017 1.000000 3
1021 1.000000 4
1025 1.000000 4
1030 1.000000 5
1034 1.000000 4
1037 1.000000 3
1042 1.000000 5
1047 1.000000 5
1052 0.000000 5
1055 1.000000 3
1059 1.000000 4
1063 -1.000000 4
1068 -1.000000 5
1073 1.000000 5
1078 1.000000 5
1083 -1.000000 5
1088 0.000000 5
1092 1.000000 4
1097 -1.000000 5
1101 1.000000 4
1106 1.000000 5
1111 1.000000 5
1116 1.000000 5
1119 1.000000 3
1124 1.000000 5
1129 1.000000 5
1133 1.000000 4
1138 -1.000000 5
1142 1.000000 4
1146 1.000000 4
1149 1.000000 3
1154 0.000000 5
1159 1.000000 5
1163 1.000000 4
1168 0.000000 5
1173 0.000000 5
1177 1.000000 4
1182 -1.000000 5
1186 1.000000 4
1190 -1.000000 4
1195 -1.000000 5
1200 1.000000 5
1204 1.000000 4
1208 1.000000 4
1213 -1.000000 5
1218 -1.000000 5
1223 -1.000000 5
1227 1.000000 4
1231 1.000000 4
1236 -1.000000 5
1241 1.000000 5
1246 0.000000 5
1250 1.000000 4
1254 1.000000 4
1258 1.000000 4
1262 1.000000 4
1267 1.000000 5
1272 0.000000 5
1277 0.000000 5
1281 -1.000000 4
1285 -1.000000 4
1290 0.000000 5
1294 1.000000 4
1299 -1.000000 5
1304 1.000000 5
1307 1.000000 3
1312 0.000000 5
1316 1.000000 4
1321 0.000000 5
1326 1.000000 5
1331 1.000000 5
1336 1.000000 5
1341 0.000000 5
1345 1.000000 4
1349 1.000000 4
1354 1.000000 5
1359 0.000000 5
1364 0.000000 5
1368 -1.000000 4
1372 1.000000 4
1376 1.000000 4
1379 1.000000 3
1384 1.000000 5
1388 -1.000000 4
1393 -1.000000 5
1397 1.000000 4
1400 1.000000 3
1405 1.000000 5
1410 1.000000 5
1414 1.000000 4
1419 1.000000 5
1424 -1.000000 5
1428 -1.000000 4
1433 -1.000000 5
1438 0.000000 5
1443 1.000000 5
1448 1.000000 5
1453 -1.000000 5
1458 -1.000000 5
1463 1.000000 5
1468 -1.000000 5
1473 1.000000 5
1477 1.000000 4
1482 0.000000 5
1486 -1.000000 4
1491 1.000000 5
1496 1.000000 5
1500 1.000000 4
1505 0.000000 5
1510 1.000000 5
1515 -1.000000 5
1519 1.000000 4
1523 1.000000 4
1527 -1.000000 4
1532 -1.000000 5
1537 0.000000 5
1542 0.000000 5
1545 1.000000 3
1550 1.000000 5
1555 -1.000000 5
1559 1.000000 4
1563 1.000000 4
1567 -1.000000 4
1572 1.000000 5
1577 -1.000000 5
1582 1.000000 5
1586 1.000000 4
1591 1.000000 5
1594 1.000000 3
1599 1.000000 5
1604 1.000000 5
1609 -1.000000 5
1614 1.000000 5
1618 1.000000 4
1622 1.000000 4
1626 1.000000 4
1630 1.000000 4
1635 -1.000000 5
1639 1.000000 4
1644 -1.000000 5
1649 -1.000000 5
1654 -1.000000 5
1658 -1.000000 4
1663 0.000000 5
1668 1.000000 5
1672 1.000000 4
1676 1.000000 4
1681 1.000000 5
1685 1.000000 4
1689 1.000000 4
1693 -1.000000 4
1698 -1.000000 5
1703 0.000000 5
1708 -1.000000 5
1712 1.000000 4
1717 1.000000 5
1721 1.000000 4
1726 1.000000 5
1731 -1.000000 5
1735 1.000000 4
1739 -1.000000 4
1744 -1.000000 5
1748 1.000000 4
1753 -1.000000 5
1756 1.000000 3
1760 -1.000000 4
1764 1.000000 4
1768 -1.000000 4
1773 -1.000000 5
1778 0.000000 5
1783 -1.000000 5
1787 1.000000 4
1791 1.000000 4
1796 1.000000 5
1801 0.000000 5
1806 1.000000 5
1811 0.000000 5
1815 -1.000000 4
1819 -1.000000 4
1823 1.000000 4
1826 1.000000 3
1831 0.000000 5
1836 -1.000000 5
1839 1.000000 3
1843 1.000000 4
1848 -1.000000 5
1852 -1.000000 4
1857 0.000000 5
1861 1.000000 4
1865 1.000000 4
1869 -1.000000 4
1873 1.000000 4
1877 -1.000000 4
1882 1.000000 5
1887 0.000000 5
1891 1.000000 4
1896 1.000000 5
1900 1.000000 4
1905 1.000000 5
1909 -1.000000 4
1913 1.000000 4
1917 1.000000 4
1922 -1.000000 5
1925 1.000000 3
1930 0.000000 5
1935 0.000000 5
1940 0.000000 5
1945 -1.000000 5
1950 1.000000 5
1955 1.000000 5
1960 -1.000000 5
1964 1.000000 4
1969 0.000000 5
1973 1.000000 4
1978 -1.000000 5
1982 1.000000 4
1987 0.000000 5
1992 1.000000 5
1996 1.000000 4
2000 -1.000000 4
2003 1.000000 3
2008 1.000000 5
2012 1.000000 4
2017 1.000000 5
2022 0.000000 5
2026 1.000000 4
2031 1.000000 5
2035 1.000000 4
2039 1.000000 4
2043 -1.000000 4
2047 1.000000 4
2050 1.000000 3
2055 1.000000 5
2060 0.000000 5
2065 -1.000000 5
2070 1.000000 5
2074 1.000000 4
2077 1.000000 3
2082 -1.000000 5
2087 1.000000 5
2091 1.000000 4
2094 1.000000 3
2099 1.000000 5
2102 1.000000 3
2107 1.000000 5
2112 0.000000 5
2116 1.000000 4
2121 0.000000 5
2124 1.000000 3
2129 0.000000 5
2134 -1.000000 5
2138 1.000000 4
2141 1.000000 3
2146 -1.000000 5
2150 -1.000000 4
2155 1.000000 5
2159 -1.000000 4
2163 -1.000000 4
2168 1.000000 5
2173 -1.000000 5
2178 1.000000 5
2182 1.000000 4
2186 1.000000 4
2191 -1.000000 5
2194 1.000000 3
2199 1.000000 5
2204 1.000000 5
2209 1.000000 5
2214 0.000000 5
2219 -1.000000 5
2224 -1.000000 5
2227 1.000000 3
2232 0.000000 5
2237 1.000000 5
2241 -1.000000 4
2246 -1.000000 5
2251 1.000000 5
2255 -1.000000 4
2260 1.000000 5
2265 1.000000 5
2270 1.000000 5
2275 1.000000 5
2280 1.000000 5
2285 0.000000 5
2289 1.000000 4
2293 -1.000000 4
2297 -1.000000 4
2302 -1.000000 5
2307 -1.000000 5
2311 1.000000 4
2315 -1.000000 4
2319 -1.000000 4
2323 1.000000 4
2327 1.000000 4
2332 1.000000 5
2337 1.000000 5
2342 -1.000000 5
2347 0.000000 5
2350 1.000000 3
2354 1.000000 4
2359 1.000000 5
2363 1.000000 4
2368 -1.000000 5
2372 1.000000 4
2377 -1.000000 5
2380 1.000000 3
2383 1.000000 3
2388 -1.000000 5
2392 1.000000 4
2397 -1.000000 5
2401 1.000000 4
2404 1.000000 3
2409 -1.000000 5
2413 -1.000000 4
2418 -1.000000 5
2422 1.000000 4
2427 1.000000 5
2432 -1.000000 5
2437 1.000000 5
2441 -1.000000 4
2445 1.000000 4
2450 1.000000 5
2453 1.000000 3
2458 1.000000 5
2463 1.000000 5
2467 1.000000 4
2472 -1.000000 5
2475 1.000000 3
2478 1.000000 3
2482 1.000000 4
2487 1.000000 5
2491 1.000000 4
2495 -1.000000 4
2500 -1.000000 5
2504 1.000000 4
2507 1.000000 3
2512 0.000000 5
2517 1.000000 5
2522 -1.000000 5
2525 1.000000 3
2528 1.000000 3
2533 0.000000 5
2538 0.000000 5
2542 -1.000000 4
2547 1.000000 5
2551 1.000000 4
2556 1.000000 5
2561 1.000000 5
2564 1.000000 3
2569 1.000000 5
2574 -1.000000 5
2579 1.000000 5
2583 1.000000 4
2588 -1.000000 5
2591 1.000000 3
2595 1.000000 4
2599 1.000000 4
2604 0.000000 5
2607 1.000000 3
2612 1.000000 5
2617 1.000000 5
2622 1.000000 5
2626 1.000000 4
2631 0.000000 5
2635 1.000000 4
2639 -1.000000 4
2644 -1.000000 5
2648 1.000000 4
2652 1.000000 4
2657 1.000000 5
2662 1.000000 5
2667 1.000000 5
2671 -1.000000 4
2676 -1.000000 5
2679 1.000000 3
2684 0.000000 5
2689 -1.000000 5
2693 1.000000 4
2696 1.000000 3
2700 1.000000 4
2705 1.000000 5
2709 1.000000 4
2714 1.000000 5
2719 0.000000 5
2723 1.000000 4
2726 1.000000 3
2731 -1.000000 5
2736 -1.000000 5
2739 1.000000 3
2744 1.000000 5
2749 1.000000 5
2754 1.000000 5
2759 1.000000 5
2764 0.000000 5
2768 1.000000 4
2772 1.000000 4
2777 0.000000 5
2782 0.000000 5
2787 -1.000000 5
2790 1.000000 3
2794 1.000000 4
2797 1.000000 3
2802 1.000000 5
2806 -1.000000 4
2810 1.000000 4
2815 -1.000000 5
2819 -1.000000 4
2822 1.000000 3
2827 -1.000000 5
2832 -1.000000 5
2836 1.000000 4
2841 -1.000000 5
2845 1.000000 4
2850 0.000000 5
2855 1.000000 5
2860 1.000000 5
2864 1.000000 4
2869 1.000000 5
2873 1.000000 4
2878 1.000000 5
2882 1.000000 4
2885 1.000000 3
2890 1.000000 5
2895 -1.000000 5
2900 0.000000 5
2905 1.000000 5
2910 1.000000 5
2915 -1.000000 5
2920 -1.000000 5
2925 1.000000 5
2930 1.000000 5
2933 1.000000 3
2938 1.000000 5
2941 1.000000 3
2946 -1.000000 5
2950 1.000000 4
2955 0.000000 5
2958 1.000000 3
2963 0.000000 5
2968 -1.000000 5
2971 1.000000 3
2976 0.000000 5
2981 -1.000000 5
2984 1.000000 3
2988 1.000000 4
2991 1.000000 3
2996 -1.000000 5
3000 1.000000 4
3005 -1.000000 5
3009 1.000000 4
3014 -1.000000 5
3018 -1.000000 4
3023 1.000000 5
3028 -1.000000 5
3033 1.000000 5
3038 0.000000 5
3041 1.000000 3
3045 1.000000 4
3050 -1.000000 5
3054 1.000000 4
3057 1.000000 3
3062 1.000000 5
3067 -1.000000 5
3071 1.000000 4
3075 1.000000 4
3079 1.000000 4
3084 0.000000 5
3089 -1.000000 5
3093 1.000000 4
3097 -1.000000 4
3101 -1.000000 4
3105 1.000000 4
3110 0.000000 5
3115 1.000000 5
3120 -1.000000 5
3125 0.000000 5
3130 1.000000 5
3135 -1.000000 5
3140 -1.000000 5
3144 1.000000 4
3149 -1.000000 5
3154 -1.000000 5
3158 1.000000 4
3163 -1.000000 5
3168 1.000000 5
3173 0.000000 5
3177 1.000000 4
3181 1.000000 4
3186 -1.000000 5
3191 1.000000 5
3196 0.000000 5
3199 1.000000 3
3204 1.000000 5
3208 1.000000 4
3212 -1.000000 4
3217 0.000000 5
3222 0.000000 5
3227 1.000000 5
3230 1.000000 3
3235 -1.000000 5
3240 0.000000 5
3245 1.000000 5
3248 1.000000 3
3253 -1.000000 5
3258 1.000000 5
3262 1.000000 4
3267 -1.000000 5
3271 1.000000 4
3275 1.000000 4
3280 1.000000 5
3284 -1.000000 4
3289 -1.000000 5
3294 1.000000 5
3299 1.000000 5
3304 1.000000 5
3309 -1.000000 5
3314 1.000000 5
3319 1.000000 5
3324 -1.000000 5
3328 -1.000000 4
3333 -1.000000 5
3338 -1.000000 5
3342 1.000000 4
3347 0.000000 5
3351 1.000000 4
3355 1.000000 4
3359 1.000000 4
3364 -1.000000 5
3367 1.000000 3
3372 0.000000 5
3377 1.000000 5
3382 0.000000 5
3387 1.000000 5
3391 1.000000 4
3395 1.000000 4
3400 0.000000 5
3404 1.000000 4
3409 1.000000 5
3414 1.000000 5
3419 -1.000000 5
3423 1.000000 4
3428 -1.000000 5
3432 -1.000000 4
3437 -1.000000 5
3441 -1.000000 4
3445 1.000000 4
3450 -1.000000 5
3453 1.000000 3
3458 -1.000000 5
3462 -1.000000 4
3467 1.000000 5
3471 1.000000 4
3475 -1.000000 4
3478 1.000000 3
3483 0.000000 5
3487 1.000000 4
3492 -1.000000 5
3495 1.000000 3
3499 1.000000 4
3503 1.000000 4
3508 1.000000 5
3513 1.000000 5
3517 1.000000 4
3522 0.000000 5
3527 0.000000 5
3532 -1.000000 5
3537 1.000000 5
3540 1.000000 3
3545 0.000000 5
3549 -1.000000 4
3554 1.000000 5
3559 -1.000000 5
3564 1.000000 5
3567 1.000000 3
3571 -1.000000 4
3576 0.000000 5
3581 -1.000000 5
3585 1.000000 4
3589 1.000000 4
3593 1.000000 4
3596 1.000000 3
3601 0.000000 5
3606 1.000000 5
3611 1.000000 5
3616 1.000000 5
3621 -1.000000 5
3626 -1.000000 5
3631 1.000000 5
3635 -1.000000 4
3640 0.000000 5
3645 0.000000 5
3650 0.000000 5
3654 1.000000 4
3658 1.000000 4
3663 0.000000 5
3667 1.000000 4
3671 -1.000000 4
3675 1.000000 4
3680 0.000000 5
3685 1.000000 5
3690 1.000000 5
3694 -1.000000 4
3698 1.000000 4
3703 1.000000 5
3707 -1.000000 4
3710 1.000000 3
3715 -1.000000 5
3718 1.000000 3
3722 1.000000 4
3727 -1.000000 5
3730 1.000000 3
3735 1.000000 5
3739 -1.000000 4
3743 -1.000000 4
3748 1.000000 5
3753 1.000000 5
3756 1.000000 3
3761 -1.000000 5
3766 0.000000 5
3771 0.000000 5
3776 -1.000000 5
3780 1.000000 4
3784 -1.000000 4
3789 -1.000000 5
3794 0.000000 5
3799 1.000000 5
3803 -1.000000 4
3807 -1.000000 4
3812 1.000000 5
3817 -1.000000 5
3822 1.000000 5
3826 1.000000 4
3831 -1.000000 5
3835 1.000000 4
3840 1.000000 5
3844 1.000000 4
3849 1.000000 5
3854 1.000000 5
3858 1.000000 4
3863 1.000000 5
3868 1.000000 5
3873 1.000000 5
3877 -1.000000 4
3880 1.000000 3
3885 0.000000 5
3890 -1.000000 5
3894 1.000000 4
3898 -1.000000 4
3903 0.000000 5
3908 1.000000 5
3912 1.000000 4
3917 0.000000 5
3920 1.000000 3
3925 0.000000 5
3930 0.000000 5
3935 1.000000 5
3939 1.000000 4
3943 1.000000 4
3948 -1.000000 5
3953 0.000000 5
3957 1.000000 4
3961 -1.000000 4
3965 1.000000 4
3970 1.000000 5
3975 1.000000 5
3978 1.000000 3
3983 1.000000 5
3987 -1.000000 4
3992 1.000000 5
3996 1.000000 4
4001 0.000000 5
4005 -1.000000 4
4010 -1.000000 5
4014 1.000000 4
4019 1.000000 5
4024 1.000000 5
4029 1.000000 5
4034 -1.000000 5
4038 1.000000 4
4042 1.000000 4
4047 1.000000 5
4050 1.000000 3
4053 1.000000 3
4057 -1.000000 4
4062 0.000000 5
4067 -1.000000 5
4071 1.000000 4
4076 0.000000 5
4079 1.000000 3
4083 1.000000 4
4086 1.000000 3
4091 -1.000000 5
4095 1.000000 4
4100 1.000000 5
4105 1.000000 5
4109 1.000000 4
4114 1.000000 5
4118 1.000000 4
4122 1.000000 4
4126 1.000000 4
4131 0.000000 5
4134 1.000000 3
4137 1.000000 3
4141 1.000000 4
4145 -1.000000 4
4149 1.000000 4
4154 1.000000 5
4159 -1.000000 5
4163 -1.000000 4
4167 1.000000 4
4172 -1.000000 5
4177 1.000000 5
4182 1.000000 5
4186 -1.000000 4
4190 1.000000 4
4195 1.000000 5
4200 0.000000 5
4205 -1.000000 5
4209 1.000000 4
4214 1.000000 5
4219 0.000000 5
4223 1.000000 4
4228 0.000000 5
4233 1.000000 5
4237 1.000000 4
4242 -1.000000 5
4246 1.000000 4
4251 1.000000 5
4256 1.000000 5
4260 -1.000000 4
4263 1.000000 3
4268 -1.000000 5
4271 1.000000 3
4276 1.000000 5
4280 1.000000 4
4285 0.000000 5
4290 0.000000 5
4294 1.000000 4
4299 0.000000 5
4304 0.000000 5
4308 -1.000000 4
4313 -1.000000 5
4318 -1.000000 5
4323 1.000000 5
4327 1.000000 4
4330 1.000000 3
4333 1.000000 3
4337 1.000000 4
4342 -1.000000 5
4347 1.000000 5
4350 1.000000 3
4354 1.000000 4
4358 1.000000 4
4363 1.000000 5
4367 -1.000000 4
4371 -1.000000 4
4374 1.000000 3
4378 1.000000 4
4383 1.000000 5
4388 1.000000 5
4393 1.000000 5
4398 -1.000000 5
4403 0.000000 5
4408 1.000000 5
4413 1.000000 5
4417 1.000000 4
4422 -1.000000 5
4426 1.000000 4
4430 -1.000000 4
4435 -1.000000 5
4440 0.000000 5
4445 -1.000000 5
4449 1.000000 4
4453 1.000000 4
4458 -1.000000 5
4463 -1.000000 5
4468 0.000000 5
4473 1.000000 5
4478 0.000000 5
4482 -1.000000 4
4486 1.000000 4
4491 -1.000000 5
4496 -1.000000 5
4499 1.000000 3
4503 1.000000 4
4508 1.000000 5
4513 -1.000000 5
4517 1.000000 4
4522 -1.000000 5
4527 -1.000000 5
4530 1.000000 3
4534 1.000000 4
4538 1.000000 4
4542 1.000000 4
4546 1.000000 4
4551 -1.000000 5
4554 1.000000 3
4559 1.000000 5
4564 1.000000 5
4569 1.000000 5
4574 -1.000000 5
4577 1.000000 3
4582 0.000000 5
4587 1.000000 5
4591 1.000000 4
4596 0.000000 5
4599 1.000000 3
4603 1.000000 4
4607 1.000000 4
4611 1.000000 4
4615 1.000000 4
4620 0.000000 5
4624 1.000000 4
4629 -1.000000 5
4633 1.000000 4
4637 1.000000 4
4642 -1.000000 5
4646 -1.000000 4
4651 -1.000000 5
4656 1.000000 5
4661 0.000000 5
4664 1.000000 3
4668 1.000000 4
4672 1.000000 4
4677 -1.000000 5
4680 1.000000 3
4685 -1.000000 5
4689 1.000000 4
4694 1.000000 5
4698 1.000000 4
4701 1.000000 3
4705 1.000000 4
4710 0.000000 5
4715 0.000000 5
4719 -1.000000 4
4724 1.000000 5
4728 1.000000 4
4732 -1.000000 4
4737 1.000000 5
4742 0.000000 5
4746 1.000000 4
4751 1.000000 5
4755 1.000000 4
4759 -1.000000 4
4762 1.000000 3
4767 1.000000 5
4772 1.000000 5
4777 -1.000000 5
4782 1.000000 5
4787 1.000000 5
4791 1.000000 4
4795 1.000000 4
4800 -1.000000 5
4804 1.000000 4
4809 1.000000 5
4814 1.000000 5
4819 1.000000 5
4824 1.000000 5
4829 1.000000 5
4832 1.000000 3
4837 -1.000000 5
4842 1.000000 5
4847 1.000000 5
4852 0.000000 5
4857 1.000000 5
4862 1.000000 5
4866 1.000000 4
4871 -1.000000 5
4875 1.000000 4
4879 1.000000 4
4884 0.000000 5
4889 -1.000000 5
4893 1.000000 4
4897 1.000000 4
4901 -1.000000 4
4905 1.000000 4
4908 1.000000 3
4913 1.000000 5
4918 -1.000000 5
4923 -1.000000 5
4926 1.000000 3
4930 1.000000 4
4934 1.000000 4
4939 -1.000000 5
4944 1.000000 5
4948 1.000000 4
4952 1.000000 4
4955 1.000000 3
4960 -1.000000 5
4965 0.000000 5
4970 1.000000 5
4974 -1.000000 4
4978 1.000000 4
4982 1.000000 4
4987 -1.000000 5
4991 1.000000 4
4994 1.000000 3
4999 -1.000000 5
5004 1.000000 5
5009 1.000000 5
5014 1.000000 5
5018 1.000000 4
5022 1.000000 4
5026 1.000000 4
5030 1.000000 4
5035 1.000000 5
5040 -1.000000 5
5044 1.000000 4
5049 1.000000 5
5052 1.000000 3
5056 1.000000 4
5060 1.000000 4
5063 1.000000 3
5068 -1.000000 5
5072 1.000000 4
5077 -1.000000 5
5082 -1.000000 5
5087 0.000000 5
5091 -1.000000 4
5096 1.000000 5
5099 1.000000 3
5104 1.000000 5
5109 1.000000 5
5113 1.000000 4
5116 1.000000 3
5121 1.000000 5
5126 1.000000 5
5130 1.000000 4
5135 1.000000 5
5139 1.000000 4
5144 1.000000 5
5147 1.000000 3
5151 -1.000000 4
5156 1.000000 5
5160 1.000000 4
5165 1.000000 5
5170 -1.000000 5
5174 1.000000 4
5178 1.000000 4
5183 1.000000 5
5188 0.000000 5
5193 0.000000 5
5197 1.000000 4
5202 1.000000 5
5207 1.000000 5
5210 1.000000 3
5213 1.000000 3
5217 1.000000 4
5220 1.000000 3
5224 -1.000000 4
5227 1.000000 3
5232 1.000000 5
5235 1.000000 3
5238 1.000000 3
5242 -1.000000 4
5245 1.000000 3
5249 -1.000000 4
5253 1.000000 4
5258 0.000000 5
5262 -1.000000 4
5265 1.000000 3
5270 1.000000 5
5275 0.000000 5
5280 0.000000 5
5285 1.000000 5
5290 0.000000 5
5295 1.000000 5
5299 -1.000000 4
5304 -1.000000 5
5309 -1.000000 5
5314 1.000000 5
5317 1.000000 3
5322 1.000000 5
5326 1.000000 4
5330 1.000000 4
5335 1.000000 5
5339 1.000000 4
5343 -1.000000 4
5348 -1.000000 5
5353 0.000000 5
5356 1.000000 3
5361 0.000000 5
5365 1.000000 4
5370 1.000000 5
5374 1.000000 4
5379 -1.000000 5
5384 -1.000000 5
5389 1.000000 5
5394 1.000000 5
5399 -1.000000 5
5404 -1.000000 5
5407 1.000000 3
5411 1.000000 4
5416 1.000000 5
5421 1.000000 5
5424 1.000000 3
5429 -1.000000 5
5432 1.000000 3
5436 -1.000000 4
5441 1.000000 5
5445 1.000000 4
5449 1.000000 4
5453 1.000000 4
5458 -1.000000 5
5463 1.000000 5
5468 1.000000 5
5473 -1.000000 5
5478 1.000000 5
5482 1.000000 4
5486 1.000000 4
5489 1.000000 3
5494 1.000000 5
5499 -1.000000 5
5504 -1.000000 5
5508 1.000000 4
5512 1.000000 4
5517 -1.000000 5
5522 1.000000 5
5526 1.000000 4
5529 1.000000 3
5534 1.000000 5
5538 1.000000 4
5543 0.000000 5
5546 1.000000 3
5550 1.000000 4
5555 1.000000 5
5559 1.000000 4
5563 1.000000 4
5568 -1.000000 5
5573 -1.000000 5
5578 1.000000 5
5583 -1.000000 5
5587 1.000000 4
5591 1.000000 4
5596 0.000000 5
5601 1.000000 5
5606 1.000000 5
5611 1.000000 5
5615 1.000000 4
5619 -1.000000 4
5623 1.000000 4
5628 1.000000 5
5631 1.000000 3
5636 -1.000000 5
5641 1.000000 5
5645 -1.000000 4
5650 -1.000000 5
5655 -1.000000 5
5660 0.000000 5
5665 -1.000000 5
5670 1.000000 5
5675 1.000000 5
5679 -1.000000 4
5683 1.000000 4
5686 1.000000 3
5691 1.000000 5
5696 1.000000 5
5701 -1.000000 5
5706 1.000000 5
5711 -1.000000 5
5714 1.000000 3
5719 0.000000 5
5724 1.000000 5
5728 1.000000 4
5733 -1.000000 5
5738 1.000000 5
5741 1.000000 3
5746 -1.000000 5
5750 1.000000 4
5755 -1.000000 5
5759 -1.000000 4
5764 1.000000 5
5768 1.000000 4
5772 1.000000 4
5777 1.000000 5
5782 0.000000 5
5787 1.000000 5
5790 1.000000 3
5795 0.000000 5
5800 1.000000 5
5805 -1.000000 5
5810 0.000000 5
5815 0.000000 5
5820 1.000000 5
5824 1.000000 4
5829 1.000000 5
5834 0.000000 5
5839 -1.000000 5
5843 1.000000 4
5848 1.000000 5
5852 1.000000 4
5857 1.000000 5
5861 1.000000 4
5866 1.000000 5
5871 1.000000 5
5876 0.000000 5
5880 1.000000 4
5885 -1.000000 5
5889 1.000000 4
5894 0.000000 5
5898 1.000000 4
5902 1.000000 4
5906 1.000000 4
5911 1.000000 5
5916 1.000000 5
5920 1.000000 4
5924 -1.000000 4
5929 -1.000000 5
5934 -1.000000 5
5939 -1.000000 5
5943 -1.000000 4
5947 1.000000 4
5952 -1.000000 5
5957 -1.000000 5
5962 1.000000 5
5966 1.000000 4
5971 1.000000 5
5975 1.000000 4
5979 1.000000 4
5982 1.000000 3
5987 -1.000000 5
5992 1.000000 5
5997 1.000000 5
6002 1.000000 5
6006 1.000000 4
6010 1.000000 4
6014 1.000000 4
6018 1.000000 4
6022 1.000000 4
6026 1.000000 4
6030 1.000000 4
6034 1.000000 4
6038 -1.000000 4
6043 0.000000 5
6047 1.000000 4
6051 1.000000 4
6056 0.000000 5
6060 1.000000 4
6064 1.000000 4
6068 1.000000 4
6072 1.000000 4
6076 1.000000 4
6079 1.000000 3
6083 1.000000 4
6087 1.000000 4
6091 1.000000 4
6095 1.000000 4
6099 1.000000 4
6103 1.000000 4
6108 0.000000 5
6112 1.000000 4
6116 1.000000 4
6120 1.000000 4
6124 1.000000 4
6128 1.000000 4
6132 1.000000 4
6137 -1.000000 5
6141 1.000000 4
6145 -1.000000 4
6149 1.000000 4
6154 0.000000 5
6158 -1.000000 4
6162 1.000000 4
6166 1.000000 4
6170 1.000000 4
6174 1.000000 4
6179 0.000000 5
6183 1.000000 4
6187 1.000000 4
6191 1.000000 4
6195 1.000000 4
6199 1.000000 4
6203 1.000000 4
6208 -1.000000 5
6212 1.000000 4
6216 1.000000 4
6220 -1.000000 4
6224 1.000000 4
6228 1.000000 4
6232 1.000000 4
6236 1.000000 4
6240 -1.000000 4
6244 1.000000 4
6248 1.000000 4
6253 0.000000 5
6257 1.000000 4
6261 1.000000 4
6265 1.000000 4
6269 1.000000 4
6273 1.000000 4
6276 1.000000 3
6281 0.000000 5
6285 1.000000 4
6289 1.000000 4
6293 1.000000 4
6297 1.000000 4
6301 1.000000 4
6305 1.000000 4
6310 0.000000 5
6314 1.000000 4
6318 1.000000 4
6322 1.000000 4
6326 1.000000 4
6330 1.000000 4
6334 1.000000 4
6338 1.000000 4
6342 1.000000 4
6346 1.000000 4
6351 0.000000 5
6355 1.000000 4
6359 1.000000 4
6363 1.000000 4
6367 1.000000 4
6372 0.000000 5
6376 -1.000000 4
6380 1.000000 4
6384 -1.000000 4
6388 1.000000 4
6392 1.000000 4
6396 1.000000 4
6400 1.000000 4
6405 0.000000 5
6409 1.000000 4
6413 1.000000 4
6417 1.000000 4
6421 -1.000000 4
6425 1.000000 4
6429 1.000000 4
6433 1.000000 4
6436 1.000000 3
