4 0.000000 4
8 1.000000 4
12 0.000000 4
14 -1.000000 2
17 1.000000 3
20 1.000000 3
24 1.000000 4
27 1.000000 3
29 -1.000000 2
32 1.000000 3
35 -1.000000 3
38 1.000000 3
40 -1.000000 2
44 1.000000 4
47 1.000000 3
50 1.000000 3
53 -1.000000 3
57 1.000000 4
60 -1.000000 3
63 1.000000 3
65 1.000000 2
68 1.000000 3
72 1.000000 4
74 1.000000 2
78 1.000000 4
81 -1.000000 3
85 1.000000 4
89 1.000000 4
92 -1.000000 3
95 1.000000 3
99 0.000000 4
102 -1.000000 3
105 1.000000 3
109 1.000000 4
112 1.000000 3
116 0.000000 4
118 -1.000000 2
121 1.000000 3
125 0.000000 4
129 1.000000 4
133 1.000000 4
136 1.000000 3
138 1.000000 2
141 1.000000 3
143 1.000000 2
146 1.000000 3
148 1.000000 2
150 1.000000 2
154 1.000000 4
158 1.000000 4
162 1.000000 4
166 0.000000 4
170 1.000000 4
173 1.000000 3
176 -1.000000 3
180 1.000000 4
183 1.000000 3
186 1.000000 3
189 -1.000000 3
192 1.000000 3
195 -1.000000 3
198 -1.000000 3
202 0.000000 4
206 1.000000 4
209 1.000000 3
212 1.000000 3
214 1.000000 2
217 1.000000 3
220 -1.000000 3
224 0.000000 4
227 1.000000 3
229 -1.000000 2
232 1.000000 3
235 -1.000000 3
237 -1.000000 2
241 1.000000 4
244 1.000000 3
248 0.000000 4
251 -1.000000 3
255 1.000000 4
257 -1.000000 2
261 0.000000 4
265 1.000000 4
269 1.000000 4
273 1.000000 4
275 -1.000000 2
277 1.000000 2
280 1.000000 3
283 -1.000000 3
287 1.000000 4
290 1.000000 3
293 -1.000000 3
296 1.000000 3
300 0.000000 4
302 1.000000 2
305 1.000000 3
308 1.000000 3
311 1.000000 3
315 1.000000 4
318 1.000000 3
322 1.000000 4
326 0.000000 4
330 0.000000 4
334 1.000000 4
336 -1.000000 2
339 -1.000000 3
342 -1.000000 3
344 -1.000000 2
348 1.000000 4
351 -1.000000 3
355 0.000000 4
358 -1.000000 3
362 1.000000 4
365 -1.000000 3
368 1.000000 3
372 1.000000 4
376 0.000000 4
380 0.000000 4
384 1.000000 4
388 1.000000 4
390 -1.000000 2
394 1.000000 4
397 1.000000 3
400 -1.000000 3
403 1.000000 3
407 1.000000 4
409 1.000000 2
412 1.000000 3
415 1.000000 3
418 1.000000 3
421 -1.000000 3
425 1.000000 4
427 1.000000 2
430 -1.000000 3
434 1.000000 4
437 1.000000 3
440 1.000000 3
442 -1.000000 2
444 -1.000000 2
447 -1.000000 3
451 1.000000 4
455 0.000000 4
457 -1.000000 2
461 1.000000 4
464 1.000000 3
468 0.000000 4
471 1.000000 3
475 0.000000 4
478 -1.000000 3
482 0.000000 4
485 1.000000 3
488 1.000000 3
490 1.000000 2
492 -1.000000 2
495 -1.000000 3
498 -1.000000 3
500 -1.000000 2
504 0.000000 4
507 1.000000 3
511 1.000000 4
514 1.000000 3
517 1.000000 3
521 0.000000 4
525 1.000000 4
529 0.000000 4
533 1.000000 4
536 -1.000000 3
540 1.000000 4
544 1.000000 4
548 0.000000 4
551 1.000000 3
554 1.000000 3
558 1.000000 4
562 0.000000 4
565 1.000000 3
568 1.000000 3
570 -1.000000 2
573 1.000000 3
576 1.000000 3
578 1.000000 2
581 1.000000 3
585 1.000000 4
589 1.000000 4
593 1.000000 4
596 -1.000000 3
600 1.000000 4
603 -1.000000 3
607 0.000000 4
610 -1.000000 3
614 0.000000 4
618 0.000000 4
621 1.000000 3
625 0.000000 4
629 1.000000 4
633 1.000000 4
636 1.000000 3
639 -1.000000 3
642 1.000000 3
646 0.000000 4
650 1.000000 4
652 -1.000000 2
654 -1.000000 2
656 -1.000000 2
660 0.000000 4
663 1.000000 3
667 1.000000 4
671 1.000000 4
674 -1.000000 3
677 -1.000000 3
681 0.000000 4
684 1.000000 3
688 1.000000 4
692 0.000000 4
696 1.000000 4
699 1.000000 3
701 1.000000 2
705 1.000000 4
709 1.000000 4
713 1.000000 4
716 -1.000000 3
720 1.000000 4
722 1.000000 2
726 1.000000 4
728 1.000000 2
732 0.000000 4
734 -1.000000 2
737 -1.000000 3
740 -1.000000 3
744 0.000000 4
748 1.000000 4
750 -1.000000 2
754 1.000000 4
758 1.000000 4
761 1.000000 3
764 -1.000000 3
768 0.000000 4
771 -1.000000 3
773 1.000000 2
776 1.000000 3
779 -1.000000 3
782 1.000000 3
785 1.000000 3
789 1.000000 4
791 -1.000000 2
794 1.000000 3
797 -1.000000 3
800 1.000000 3
803 1.000000 3
807 1.000000 4
811 1.000000 4
814 -1.000000 3
816 -1.000000 2
819 -1.000000 3
822 -1.000000 3
826 1.000000 4
829 1.000000 3
833 1.000000 4
837 1.000000 4
840 -1.000000 3
844 1.000000 4
848 1.000000 4
852 1.000000 4
855 1.000000 3
857 -1.000000 2
860 1.000000 3
862 1.000000 2
864 -1.000000 2
868 1.000000 4
872 1.000000 4
875 -1.000000 3
878 -1.000000 3
882 0.000000 4
885 1.000000 3
888 1.000000 3
892 1.000000 4
895 1.000000 3
898 1.000000 3
901 -1.000000 3
904 1.000000 3
908 0.000000 4
910 1.000000 2
914 0.000000 4
918 1.000000 4
921 -1.000000 3
924 -1.000000 3
927 1.000000 3
930 1.000000 3
934 0.000000 4
936 -1.000000 2
939 -1.000000 3
942 1.000000 3
944 1.000000 2
948 1.000000 4
951 1.000000 3
954 1.000000 3
957 1.000000 3
961 1.000000 4
965 1.000000 4
968 1.000000 3
970 1.000000 2
972 1.000000 2
975 1.000000 3
977 -1.000000 2
980 1.000000 3
984 1.000000 4
987 -1.000000 3
990 -1.000000 3
993 1.000000 3
995 -1.000000 2
998 1.000000 3
1001 -1.000000 3
1003 1.000000 2
1005 -1.000000 2
1007 1.000000 2
1010 1.000000 3
1014 0.000000 4
1017 1.000000 3
1020 1.000000 3
1023 -1.000000 3
1025 -1.000000 2
1028 -1.000000 3
1031 -1.000000 3
1033 -1.000000 2
1037 1.000000 4
1040 1.000000 3
1043 1.000000 3
1045 -1.000000 2
1048 -1.000000 3
1050 -1.000000 2
1054 1.000000 4
1058 1.000000 4
1062 1.000000 4
1065 -1.000000 3
1069 1.000000 4
1072 1.000000 3
1075 -1.000000 3
1079 0.000000 4
1083 1.000000 4
1085 1.000000 2
1088 -1.000000 3
1092 1.000000 4
1095 -1.000000 3
1099 1.000000 4
1102 -1.000000 3
1104 -1.000000 2
1106 -1.000000 2
1110 1.000000 4
1112 -1.000000 2
1116 1.000000 4
1120 0.000000 4
1122 1.000000 2
1125 1.000000 3
1129 0.000000 4
1133 0.000000 4
1136 1.000000 3
1140 1.000000 4
1144 0.000000 4
1147 1.000000 3
1150 -1.000000 3
1154 1.000000 4
1158 1.000000 4
1161 1.000000 3
1164 -1.000000 3
1167 -1.000000 3
1170 -1.000000 3
1173 -1.000000 3
1176 -1.000000 3
1179 1.000000 3
1182 -1.000000 3
1184 -1.000000 2
1188 1.000000 4
1190 1.000000 2
1193 -1.000000 3
1195 -1.000000 2
1199 0.000000 4
1203 1.000000 4
1205 1.000000 2
1209 1.000000 4
1213 1.000000 4
1215 1.000000 2
1219 1.000000 4
1223 0.000000 4
1227 0.000000 4
1231 0.000000 4
1234 -1.000000 3
1236 1.000000 2
1239 -1.000000 3
1242 -1.000000 3
1245 1.000000 3
1249 1.000000 4
1253 1.000000 4
1256 -1.000000 3
1259 1.000000 3
1262 1.000000 3
1265 1.000000 3
1268 -1.000000 3
1271 1.000000 3
1275 0.000000 4
1279 0.000000 4
1282 1.000000 3
1285 -1.000000 3
1289 0.000000 4
1293 1.000000 4
1297 0.000000 4
1299 1.000000 2
1303 1.000000 4
1307 1.000000 4
1309 -1.000000 2
1313 1.000000 4
1316 1.000000 3
1320 1.000000 4
1323 -1.000000 3
1326 1.000000 3
1329 -1.000000 3
1332 -1.000000 3
1335 -1.000000 3
1338 1.000000 3
1341 -1.000000 3
1345 0.000000 4
1348 1.000000 3
1351 -1.000000 3
1355 1.000000 4
1358 1.000000 3
1362 0.000000 4
1365 1.000000 3
1368 -1.000000 3
1372 1.000000 4
1375 -1.000000 3
1379 1.000000 4
1382 -1.000000 3
1386 1.000000 4
1389 -1.000000 3
1393 1.000000 4
1396 1.000000 3
1399 1.000000 3
1402 1.000000 3
1405 -1.000000 3
1409 1.000000 4
1413 1.000000 4
1416 1.000000 3
1419 1.000000 3
1423 0.000000 4
1426 -1.000000 3
1429 1.000000 3
1431 1.000000 2
1434 1.000000 3
1436 -1.000000 2
1440 1.000000 4
1442 1.000000 2
1445 1.000000 3
1448 -1.000000 3
1452 1.000000 4
1454 1.000000 2
1456 -1.000000 2
1459 1.000000 3
1462 1.000000 3
1465 -1.000000 3
1468 1.000000 3
1470 1.000000 2
1474 0.000000 4
1477 1.000000 3
1481 1.000000 4
1485 1.000000 4
1489 1.000000 4
1491 -1.000000 2
1494 1.000000 3
1498 1.000000 4
1500 -1.000000 2
1504 1.000000 4
1507 1.000000 3
1511 1.000000 4
1515 1.000000 4
1519 1.000000 4
1522 1.000000 3
1526 0.000000 4
1529 1.000000 3
1533 1.000000 4
1537 0.000000 4
1541 0.000000 4
1543 -1.000000 2
1545 -1.000000 2
1548 -1.000000 3
1551 1.000000 3
1553 1.000000 2
1557 1.000000 4
1560 1.000000 3
1563 -1.000000 3
1567 1.000000 4
1569 1.000000 2
1572 -1.000000 3
1575 1.000000 3
1579 1.000000 4
1583 1.000000 4
1585 1.000000 2
1588 -1.000000 3
1592 1.000000 4
1594 -1.000000 2
1597 1.000000 3
1601 1.000000 4
1605 0.000000 4
1607 1.000000 2
1610 1.000000 3
1612 1.000000 2
1616 1.000000 4
1619 -1.000000 3
1622 -1.000000 3
1626 1.000000 4
1628 -1.000000 2
1630 1.000000 2
1632 -1.000000 2
1636 1.000000 4
1640 1.000000 4
1643 1.000000 3
1647 1.000000 4
1650 -1.000000 3
1652 -1.000000 2
1655 1.000000 3
1658 1.000000 3
1661 -1.000000 3
1664 1.000000 3
1667 1.000000 3
1669 -1.000000 2
1672 1.000000 3
1675 1.000000 3
1678 1.000000 3
1682 1.000000 4
1685 1.000000 3
1688 -1.000000 3
1691 -1.000000 3
1695 1.000000 4
1698 1.000000 3
1701 1.000000 3
1704 1.000000 3
1706 -1.000000 2
1708 1.000000 2
1711 1.000000 3
1714 1.000000 3
1717 -1.000000 3
1720 -1.000000 3
1723 1.000000 3
1727 0.000000 4
1731 1.000000 4
1734 1.000000 3
1736 -1.000000 2
1740 1.000000 4
1743 1.000000 3
1745 1.000000 2
1747 -1.000000 2
1750 -1.000000 3
1754 1.000000 4
1757 -1.000000 3
1760 1.000000 3
1764 0.000000 4
1767 1.000000 3
1770 1.000000 3
1773 -1.000000 3
1776 1.000000 3
1779 1.000000 3
1783 1.000000 4
1785 1.000000 2
1788 -1.000000 3
1791 1.000000 3
1793 -1.000000 2
1796 -1.000000 3
1800 0.000000 4
1804 0.000000 4
1807 -1.000000 3
1811 0.000000 4
1813 -1.000000 2
1815 -1.000000 2
1818 1.000000 3
1820 -1.000000 2
1824 0.000000 4
1828 1.000000 4
1831 -1.000000 3
1833 1.000000 2
1836 1.000000 3
1839 -1.000000 3
1843 0.000000 4
1846 1.000000 3
1848 -1.000000 2
1850 -1.000000 2
1854 1.000000 4
1856 1.000000 2
1860 0.000000 4
1863 -1.000000 3
1867 1.000000 4
1870 1.000000 3
1873 1.000000 3
1877 1.000000 4
1880 -1.000000 3
1883 1.000000 3
1887 1.000000 4
1890 1.000000 3
1893 -1.000000 3
1897 0.000000 4
1899 1.000000 2
1903 1.000000 4
1907 1.000000 4
1910 -1.000000 3
1913 -1.000000 3
1916 -1.000000 3
1919 -1.000000 3
1922 1.000000 3
1925 1.000000 3
1927 1.000000 2
1930 1.000000 3
1934 0.000000 4
1936 1.000000 2
1940 1.000000 4
1944 1.000000 4
1947 1.000000 3
1951 1.000000 4
1954 1.000000 3
1958 0.000000 4
1961 -1.000000 3
1965 0.000000 4
1968 -1.000000 3
1971 1.000000 3
1974 1.000000 3
1977 -1.000000 3
1981 0.000000 4
1984 1.000000 3
1988 1.000000 4
1992 1.000000 4
1995 1.000000 3
1999 1.000000 4
2002 -1.000000 3
2005 1.000000 3
2008 1.000000 3
2012 0.000000 4
2015 -1.000000 3
2017 1.000000 2
2021 1.000000 4
2025 0.000000 4
2028 -1.000000 3
2032 1.000000 4
2034 1.000000 2
2037 1.000000 3
2040 1.000000 3
2044 0.000000 4
2048 0.000000 4
2051 1.000000 3
2054 -1.000000 3
2057 -1.000000 3
2061 0.000000 4
2064 -1.000000 3
2067 1.000000 3
2070 1.000000 3
2073 1.000000 3
2077 1.000000 4
2080 -1.000000 3
2083 1.000000 3
2085 -1.000000 2
2087 1.000000 2
2091 1.000000 4
2094 1.000000 3
2098 0.000000 4
2102 0.000000 4
2104 -1.000000 2
2108 1.000000 4
2111 -1.000000 3
2115 1.000000 4
2118 -1.000000 3
2120 1.000000 2
2124 1.000000 4
2127 1.000000 3
2131 0.000000 4
2134 -1.000000 3
2138 0.000000 4
2142 1.000000 4
2145 1.000000 3
2149 1.000000 4
2152 1.000000 3
2156 1.000000 4
2159 -1.000000 3
2162 -1.000000 3
2165 1.000000 3
2169 0.000000 4
2173 1.000000 4
2177 1.000000 4
2179 -1.000000 2
2182 1.000000 3
2186 0.000000 4
2189 1.000000 3
2193 1.000000 4
2196 -1.000000 3
2200 1.000000 4
2204 1.000000 4
2208 1.000000 4
2211 1.000000 3
2214 -1.000000 3
2217 -1.000000 3
2219 1.000000 2
2223 1.000000 4
2226 -1.000000 3
2229 1.000000 3
2233 1.000000 4
2236 1.000000 3
2239 1.000000 3
2243 1.000000 4
2245 1.000000 2
2248 1.000000 3
2252 1.000000 4
2256 1.000000 4
2259 1.000000 3
2262 1.000000 3
2265 -1.000000 3
2268 1.000000 3
2271 -1.000000 3
2275 1.000000 4
2278 1.000000 3
2282 0.000000 4
2284 -1.000000 2
2288 1.000000 4
2291 1.000000 3
2294 1.000000 3
2298 0.000000 4
2301 1.000000 3
2305 0.000000 4
2308 1.000000 3
2310 -1.000000 2
2314 1.000000 4
2318 0.000000 4
2320 1.000000 2
2323 -1.000000 3
2326 -1.000000 3
2330 1.000000 4
2334 1.000000 4
2337 -1.000000 3
2339 -1.000000 2
2343 1.000000 4
2347 1.000000 4
2349 -1.000000 2
2352 -1.000000 3
2355 1.000000 3
2358 -1.000000 3
2361 1.000000 3
2363 -1.000000 2
2367 1.000000 4
2371 0.000000 4
2374 1.000000 3
2377 -1.000000 3
2381 1.000000 4
2385 1.000000 4
2389 1.000000 4
2393 1.000000 4
2395 -1.000000 2
2398 1.000000 3
2401 1.000000 3
2405 1.000000 4
2408 -1.000000 3
2412 1.000000 4
2416 0.000000 4
2420 0.000000 4
2422 1.000000 2
2425 -1.000000 3
2429 1.000000 4
2432 1.000000 3
2436 1.000000 4
2439 1.000000 3
2441 1.000000 2
2443 1.000000 2
2445 -1.000000 2
2449 0.000000 4
2451 -1.000000 2
2455 0.000000 4
2458 -1.000000 3
2462 0.000000 4
2466 0.000000 4
2469 -1.000000 3
2472 1.000000 3
2475 -1.000000 3
2479 1.000000 4
2481 -1.000000 2
2484 -1.000000 3
2488 0.000000 4
2490 -1.000000 2
2494 0.000000 4
2498 1.000000 4
2502 0.000000 4
2505 1.000000 3
2509 1.000000 4
2511 1.000000 2
2514 1.000000 3
2518 1.000000 4
2521 1.000000 3
2523 -1.000000 2
2527 1.000000 4
2530 1.000000 3
2532 -1.000000 2
2536 1.000000 4
2539 1.000000 3
2542 1.000000 3
2545 -1.000000 3
2549 1.000000 4
2553 0.000000 4
2556 1.000000 3
2560 1.000000 4
2563 -1.000000 3
2565 1.000000 2
2569 1.000000 4
2572 1.000000 3
2575 -1.000000 3
2579 0.000000 4
2582 1.000000 3
2585 1.000000 3
2588 1.000000 3
2592 1.000000 4
2595 -1.000000 3
2598 1.000000 3
2602 1.000000 4
2606 1.000000 4
2610 1.000000 4
2613 -1.000000 3
2616 1.000000 3
2619 1.000000 3
2622 1.000000 3
2624 1.000000 2
2626 -1.000000 2
2628 1.000000 2
2630 1.000000 2
2634 1.000000 4
2637 1.000000 3
2639 -1.000000 2
2642 1.000000 3
2645 -1.000000 3
2648 -1.000000 3
2651 1.000000 3
2654 -1.000000 3
2657 1.000000 3
2660 1.000000 3
2664 1.000000 4
2667 1.000000 3
2671 1.000000 4
2673 1.000000 2
2676 1.000000 3
2678 -1.000000 2
2681 1.000000 3
2685 1.000000 4
2688 1.000000 3
2692 0.000000 4
2696 0.000000 4
2699 1.000000 3
2702 -1.000000 3
2704 1.000000 2
2708 1.000000 4
2710 -1.000000 2
2713 -1.000000 3
2717 0.000000 4
2720 1.000000 3
2724 1.000000 4
2726 1.000000 2
2729 -1.000000 3
2732 1.000000 3
2735 1.000000 3
2738 1.000000 3
2741 1.000000 3
2745 0.000000 4
2748 1.000000 3
2751 1.000000 3
2754 -1.000000 3
2757 1.000000 3
2761 1.000000 4
2765 1.000000 4
2768 1.000000 3
2772 1.000000 4
2775 -1.000000 3
2778 -1.000000 3
2782 1.000000 4
2784 -1.000000 2
2788 1.000000 4
2790 -1.000000 2
2794 0.000000 4
2798 0.000000 4
2801 -1.000000 3
2804 -1.000000 3
2806 1.000000 2
2809 1.000000 3
2812 1.000000 3
2816 1.000000 4
2819 -1.000000 3
2822 -1.000000 3
2826 1.000000 4
2828 1.000000 2
2831 1.000000 3
2835 1.000000 4
2838 1.000000 3
2840 1.000000 2
2844 1.000000 4
2848 1.000000 4
2852 1.000000 4
2855 -1.000000 3
2858 -1.000000 3
2862 1.000000 4
2865 -1.000000 3
2867 -1.000000 2
2870 -1.000000 3
2874 0.000000 4
2877 -1.000000 3
2880 1.000000 3
2883 1.000000 3
2885 1.000000 2
2888 1.000000 3
2892 1.000000 4
2894 -1.000000 2
2896 -1.000000 2
2898 -1.000000 2
2901 -1.000000 3
2904 1.000000 3
2906 -1.000000 2
2909 -1.000000 3
2912 -1.000000 3
2916 1.000000 4
2920 1.000000 4
2923 1.000000 3
2927 0.000000 4
2930 -1.000000 3
2933 1.000000 3
2937 1.000000 4
2941 1.000000 4
2945 1.000000 4
2947 -1.000000 2
2949 1.000000 2
2953 0.000000 4
2956 -1.000000 3
2959 1.000000 3
2962 1.000000 3
2964 1.000000 2
2968 1.000000 4
2970 1.000000 2
2972 -1.000000 2
2974 -1.000000 2
2977 1.000000 3
2980 1.000000 3
2984 1.000000 4
2987 -1.000000 3
2991 1.000000 4
2994 1.000000 3
2998 1.000000 4
3001 -1.000000 3
3004 1.000000 3
3008 0.000000 4
3012 0.000000 4
3015 -1.000000 3
3019 1.000000 4
3022 1.000000 3
3026 1.000000 4
3028 1.000000 2
3031 -1.000000 3
3033 1.000000 2
3035 -1.000000 2
3039 1.000000 4
3042 1.000000 3
3045 1.000000 3
3049 1.000000 4
3052 1.000000 3
3055 -1.000000 3
3058 -1.000000 3
3060 1.000000 2
3064 0.000000 4
3068 1.000000 4
3071 -1.000000 3
3075 1.000000 4
3079 1.000000 4
3083 0.000000 4
3086 1.000000 3
3090 1.000000 4
3093 1.000000 3
3097 1.000000 4
3100 1.000000 3
3104 1.000000 4
3107 -1.000000 3
3110 1.000000 3
3113 1.000000 3
3115 -1.000000 2
3117 -1.000000 2
3120 1.000000 3
3122 1.000000 2
3125 1.000000 3
3129 1.000000 4
3132 -1.000000 3
3135 1.000000 3
3139 1.000000 4
3143 1.000000 4
3146 1.000000 3
3150 1.000000 4
3152 -1.000000 2
3156 1.000000 4
3159 1.000000 3
3162 1.000000 3
3164 -1.000000 2
3167 1.000000 3
3171 0.000000 4
3174 1.000000 3
3178 1.000000 4
3182 0.000000 4
3185 -1.000000 3
3187 1.000000 2
3190 1.000000 3
3192 -1.000000 2
3195 1.000000 3
3198 1.000000 3
3201 1.000000 3
3205 1.000000 4
3209 1.000000 4
3212 -1.000000 3
3215 -1.000000 3
3219 1.000000 4
3223 0.000000 4
3226 -1.000000 3
3230 0.000000 4
3233 1.000000 3
3236 1.000000 3
3239 -1.000000 3
3242 -1.000000 3
3245 -1.000000 3
3248 -1.000000 3
3251 -1.000000 3
3254 -1.000000 3
3258 1.000000 4
3262 1.000000 4
3265 1.000000 3
3269 0.000000 4
3272 -1.000000 3
3275 1.000000 3
3279 1.000000 4
3283 0.000000 4
3287 0.000000 4
3291 1.000000 4
3294 -1.000000 3
3296 1.000000 2
3300 0.000000 4
3303 -1.000000 3
3307 0.000000 4
3310 1.000000 3
3314 0.000000 4
3317 1.000000 3
3320 1.000000 3
3323 1.000000 3
3327 0.000000 4
3331 1.000000 4
3334 -1.000000 3
3337 1.000000 3
3340 1.000000 3
3343 1.000000 3
3346 1.000000 3
3350 0.000000 4
3353 1.000000 3
3357 0.000000 4
3361 0.000000 4
3364 -1.000000 3
3367 1.000000 3
3370 1.000000 3
3373 1.000000 3
3377 0.000000 4
3380 -1.000000 3
3383 1.000000 3
3386 1.000000 3
3388 1.000000 2
3391 -1.000000 3
3393 -1.000000 2
3396 -1.000000 3
3400 1.000000 4
3403 -1.000000 3
3405 1.000000 2
3407 1.000000 2
3411 1.000000 4
3414 -1.000000 3
3417 -1.000000 3
3420 1.000000 3
3424 0.000000 4
3427 -1.000000 3
3429 1.000000 2
3432 -1.000000 3
3435 -1.000000 3
3439 1.000000 4
3443 1.000000 4
3446 -1.000000 3
3449 -1.000000 3
3452 1.000000 3
3455 -1.000000 3
3458 1.000000 3
3461 1.000000 3
3464 1.000000 3
3467 1.000000 3
3471 0.000000 4
3474 1.000000 3
3476 1.000000 2
3478 -1.000000 2
3480 -1.000000 2
3484 0.000000 4
3488 0.000000 4
3492 1.000000 4
3495 -1.000000 3
3498 -1.000000 3
3502 0.000000 4
3506 1.000000 4
3509 -1.000000 3
3513 0.000000 4
3515 1.000000 2
3517 1.000000 2
3519 1.000000 2
3523 0.000000 4
3526 -1.000000 3
3528 -1.000000 2
3531 1.000000 3
3535 1.000000 4
3538 1.000000 3
3541 -1.000000 3
3544 1.000000 3
3547 1.000000 3
3551 1.000000 4
3555 1.000000 4
3558 1.000000 3
3561 -1.000000 3
3564 -1.000000 3
3567 -1.000000 3
3571 1.000000 4
3573 1.000000 2
3575 1.000000 2
3579 0.000000 4
3581 -1.000000 2
3583 1.000000 2
3585 1.000000 2
3589 1.000000 4
3593 1.000000 4
3596 1.000000 3
3598 1.000000 2
3602 1.000000 4
3605 -1.000000 3
3607 1.000000 2
3610 1.000000 3
3612 -1.000000 2
3616 0.000000 4
3619 1.000000 3
3623 0.000000 4
3627 1.000000 4
3630 1.000000 3
3632 1.000000 2
3635 -1.000000 3
3639 1.000000 4
3642 -1.000000 3
3645 -1.000000 3
3647 1.000000 2
3651 1.000000 4
3655 0.000000 4
3658 1.000000 3
3661 -1.000000 3
3665 0.000000 4
3669 1.000000 4
3672 1.000000 3
3675 -1.000000 3
3679 0.000000 4
3682 1.000000 3
3684 1.000000 2
3686 -1.000000 2
3689 1.000000 3
3691 -1.000000 2
3693 -1.000000 2
3697 1.000000 4
3699 1.000000 2
3703 1.000000 4
3705 1.000000 2
3709 0.000000 4
3712 1.000000 3
3716 0.000000 4
3719 1.000000 3
3722 -1.000000 3
3725 1.000000 3
3727 -1.000000 2
3730 -1.000000 3
3733 1.000000 3
3737 0.000000 4
3741 1.000000 4
3743 -1.000000 2
3747 0.000000 4
3751 1.000000 4
3755 1.000000 4
3758 1.000000 3
3761 -1.000000 3
3764 1.000000 3
3767 -1.000000 3
3771 1.000000 4
3774 1.000000 3
3776 -1.000000 2
3779 1.000000 3
3781 -1.000000 2
3784 -1.000000 3
3788 0.000000 4
3790 1.000000 2
3793 -1.000000 3
3796 1.000000 3
3800 1.000000 4
3804 1.000000 4
3808 1.000000 4
3811 -1.000000 3
3813 1.000000 2
3817 1.000000 4
3820 -1.000000 3
3824 1.000000 4
3826 1.000000 2
3829 -1.000000 3
3831 -1.000000 2
3835 1.000000 4
3837 1.000000 2
3839 -1.000000 2
3841 1.000000 2
3845 1.000000 4
3848 1.000000 3
3852 0.000000 4
3856 1.000000 4
3859 1.000000 3
3863 1.000000 4
3865 -1.000000 2
3868 -1.000000 3
3871 1.000000 3
3873 1.000000 2
3877 1.000000 4
3881 1.000000 4
3884 1.000000 3
3888 1.000000 4
3892 0.000000 4
3896 1.000000 4
3900 1.000000 4
3903 1.000000 3
3905 1.000000 2
3907 1.000000 2
3910 -1.000000 3
3913 -1.000000 3
3916 1.000000 3
3920 1.000000 4
3923 -1.000000 3
3925 1.000000 2
3927 1.000000 2
3930 1.000000 3
3933 1.000000 3
3936 -1.000000 3
3938 1.000000 2
3941 1.000000 3
3945 1.000000 4
3948 -1.000000 3
3951 -1.000000 3
3954 1.000000 3
3958 1.000000 4
3960 1.000000 2
3964 0.000000 4
3967 1.000000 3
3971 1.000000 4
3975 1.000000 4
3979 0.000000 4
3983 1.000000 4
3987 0.000000 4
3990 1.000000 3
3993 1.000000 3
3996 -1.000000 3
4000 1.000000 4
4004 1.000000 4
4007 -1.000000 3
4010 -1.000000 3
4013 -1.000000 3
4016 1.000000 3
4019 -1.000000 3
4023 1.000000 4
4026 1.000000 3
4029 -1.000000 3
4033 0.000000 4
4035 -1.000000 2
4038 1.000000 3
4042 0.000000 4
4046 1.000000 4
4050 1.000000 4
4052 1.000000 2
4055 -1.000000 3
4057 1.000000 2
4060 1.000000 3
4064 1.000000 4
4068 0.000000 4
4072 0.000000 4
4076 0.000000 4
4079 -1.000000 3
4082 1.000000 3
4085 1.000000 3
4088 -1.000000 3
4092 1.000000 4
4095 1.000000 3
4098 1.000000 3
4101 1.000000 3
4105 1.000000 4
4108 -1.000000 3
4112 1.000000 4
4115 1.000000 3
4117 1.000000 2
4121 1.000000 4
4124 1.000000 3
4127 1.000000 3
4130 -1.000000 3
4132 1.000000 2
4136 1.000000 4
4140 1.000000 4
4144 0.000000 4
4148 1.000000 4
4150 1.000000 2
4152 1.000000 2
4156 0.000000 4
4158 -1.000000 2
4161 1.000000 3
4164 -1.000000 3
4168 1.000000 4
4171 1.000000 3
4175 1.000000 4
4177 -1.000000 2
4179 1.000000 2
4182 -1.000000 3
4185 -1.000000 3
4188 1.000000 3
4191 -1.000000 3
4193 -1.000000 2
4195 -1.000000 2
4199 1.000000 4
4203 0.000000 4
4207 1.000000 4
4211 1.000000 4
4213 1.000000 2
4217 0.000000 4
4220 1.000000 3
4223 1.000000 3
4226 1.000000 3
4229 1.000000 3
4232 -1.000000 3
4235 -1.000000 3
4238 1.000000 3
4240 -1.000000 2
4243 1.000000 3
4246 1.000000 3
4249 -1.000000 3
4252 -1.000000 3
4255 -1.000000 3
4258 1.000000 3
4260 1.000000 2
4262 -1.000000 2
4265 1.000000 3
4269 0.000000 4
4273 1.000000 4
4277 1.000000 4
4281 0.000000 4
4284 1.000000 3
4287 1.000000 3
4290 -1.000000 3
4293 -1.000000 3
4295 -1.000000 2
4298 1.000000 3
4301 -1.000000 3
4304 -1.000000 3
4306 1.000000 2
4308 -1.000000 2
4311 1.000000 3
4314 1.000000 3
4317 -1.000000 3
4319 -1.000000 2
4322 -1.000000 3
4326 0.000000 4
4329 1.000000 3
4333 1.000000 4
4337 1.000000 4
4340 1.000000 3
4342 1.000000 2
4344 1.000000 2
4347 1.000000 3
4350 -1.000000 3
4354 1.000000 4
4357 1.000000 3
4361 1.000000 4
4364 -1.000000 3
4368 1.000000 4
4372 1.000000 4
4375 1.000000 3
4378 1.000000 3
4382 0.000000 4
4386 0.000000 4
4389 -1.000000 3
4392 1.000000 3
4395 1.000000 3
4397 -1.000000 2
4400 1.000000 3
4402 -1.000000 2
4406 1.000000 4
4409 -1.000000 3
4412 1.000000 3
4414 1.000000 2
4417 1.000000 3
4421 1.000000 4
4424 -1.000000 3
4428 0.000000 4
4431 1.000000 3
4433 1.000000 2
4436 1.000000 3
4440 1.000000 4
4444 1.000000 4
4448 0.000000 4
4451 -1.000000 3
4454 -1.000000 3
4458 0.000000 4
4461 -1.000000 3
4464 1.000000 3
4466 1.000000 2
4469 1.000000 3
4473 1.000000 4
4477 0.000000 4
4479 -1.000000 2
4481 -1.000000 2
4485 0.000000 4
4487 1.000000 2
4490 1.000000 3
4493 1.000000 3
4496 1.000000 3
4499 -1.000000 3
4503 1.000000 4
4507 1.000000 4
4510 -1.000000 3
4514 1.000000 4
4518 0.000000 4
4522 0.000000 4
4525 -1.000000 3
4527 1.000000 2
4529 1.000000 2
4532 1.000000 3
4535 -1.000000 3
4538 1.000000 3
4541 1.000000 3
4544 -1.000000 3
4546 1.000000 2
4549 1.000000 3
4552 1.000000 3
4555 1.000000 3
4559 1.000000 4
4563 1.000000 4
4567 1.000000 4
4569 1.000000 2
4571 -1.000000 2
4574 1.000000 3
4577 -1.000000 3
4581 1.000000 4
4583 1.000000 2
4587 0.000000 4
4590 -1.000000 3
4594 1.000000 4
4597 1.000000 3
4601 1.000000 4
4604 1.000000 3
4607 1.000000 3
4610 -1.000000 3
4613 -1.000000 3
4616 -1.000000 3
4619 -1.000000 3
4621 1.000000 2
4624 -1.000000 3
4627 -1.000000 3
4630 1.000000 3
4632 1.000000 2
4635 1.000000 3
4638 -1.000000 3
4641 -1.000000 3
4644 -1.000000 3
4648 1.000000 4
4652 1.000000 4
4656 1.000000 4
4659 -1.000000 3
4662 1.000000 3
4664 -1.000000 2
4667 1.000000 3
4669 -1.000000 2
4672 -1.000000 3
4676 0.000000 4
4678 -1.000000 2
4681 -1.000000 3
4684 1.000000 3
4687 1.000000 3
4691 1.000000 4
4695 1.000000 4
4699 0.000000 4
4702 -1.000000 3
4705 -1.000000 3
4709 0.000000 4
4712 -1.000000 3
4716 1.000000 4
4719 -1.000000 3
4722 1.000000 3
4725 -1.000000 3
4728 1.000000 3
4730 1.000000 2
4732 1.000000 2
4735 -1.000000 3
4739 0.000000 4
4742 -1.000000 3
4746 0.000000 4
4749 -1.000000 3
4751 1.000000 2
4755 1.000000 4
4758 1.000000 3
4761 1.000000 3
4765 1.000000 4
4769 1.000000 4
4773 0.000000 4
4776 1.000000 3
4778 1.000000 2
4781 -1.000000 3
4785 0.000000 4
4788 -1.000000 3
4791 1.000000 3
4795 1.000000 4
4798 -1.000000 3
4802 1.000000 4
4805 -1.000000 3
4808 1.000000 3
4811 1.000000 3
4813 -1.000000 2
4817 1.000000 4
4820 1.000000 3
4823 1.000000 3
4826 -1.000000 3
4830 0.000000 4
4834 1.000000 4
4837 1.000000 3
4841 1.000000 4
4845 1.000000 4
4848 -1.000000 3
4852 0.000000 4
4855 -1.000000 3
4858 1.000000 3
4861 -1.000000 3
4865 1.000000 4
4868 -1.000000 3
4872 1.000000 4
4875 -1.000000 3
4879 1.000000 4
4882 1.000000 3
4885 -1.000000 3
4887 1.000000 2
4891 0.000000 4
4895 1.000000 4
4897 1.000000 2
4901 0.000000 4
4905 1.000000 4
4908 -1.000000 3
4910 -1.000000 2
4913 1.000000 3
4916 1.000000 3
4918 1.000000 2
4921 1.000000 3
4924 1.000000 3
4928 1.000000 4
4931 -1.000000 3
4935 1.000000 4
4938 -1.000000 3
4942 0.000000 4
4944 -1.000000 2
4947 1.000000 3
4950 1.000000 3
4953 1.000000 3
4957 1.000000 4
4961 0.000000 4
4964 -1.000000 3
4967 -1.000000 3
4971 1.000000 4
4974 1.000000 3
4978 1.000000 4
4981 1.000000 3
4984 -1.000000 3
4987 1.000000 3
4990 -1.000000 3
4993 1.000000 3
4996 1.000000 3
5000 0.000000 4
5003 -1.000000 3
5006 1.000000 3
5009 1.000000 3
5012 1.000000 3
5016 1.000000 4
5019 1.000000 3
5023 1.000000 4
5027 1.000000 4
5030 1.000000 3
5034 1.000000 4
5036 -1.000000 2
5040 1.000000 4
5042 1.000000 2
5046 1.000000 4
5049 -1.000000 3
5051 -1.000000 2
5054 1.000000 3
5057 1.000000 3
5059 -1.000000 2
5063 0.000000 4
5067 1.000000 4
5071 1.000000 4
5075 0.000000 4
5079 0.000000 4
5083 1.000000 4
5087 1.000000 4
5091 0.000000 4
5094 1.000000 3
5096 -1.000000 2
5100 1.000000 4
5104 0.000000 4
5108 0.000000 4
5111 -1.000000 3
5115 0.000000 4
5118 -1.000000 3
5121 1.000000 3
5123 1.000000 2
5126 1.000000 3
5130 1.000000 4
5134 1.000000 4
5138 1.000000 4
5142 1.000000 4
5146 0.000000 4
5148 -1.000000 2
5151 -1.000000 3
5154 -1.000000 3
5158 0.000000 4
5161 1.000000 3
5163 1.000000 2
5166 -1.000000 3
5170 0.000000 4
5173 -1.000000 3
5175 -1.000000 2
5178 1.000000 3
5182 1.000000 4
5186 0.000000 4
5189 1.000000 3
5193 0.000000 4
5196 -1.000000 3
5200 1.000000 4
5203 1.000000 3
5207 1.000000 4
5211 0.000000 4
5214 1.000000 3
5216 1.000000 2
5219 1.000000 3
5222 1.000000 3
5225 -1.000000 3
5228 -1.000000 3
5232 1.000000 4
5236 1.000000 4
5238 1.000000 2
5241 1.000000 3
5245 1.000000 4
5247 -1.000000 2
5250 1.000000 3
5254 0.000000 4
5258 1.000000 4
5261 1.000000 3
5265 0.000000 4
5269 0.000000 4
5272 1.000000 3
5275 -1.000000 3
5277 1.000000 2
5281 0.000000 4
5285 0.000000 4
5288 -1.000000 3
5291 -1.000000 3
5294 -1.000000 3
5296 1.000000 2
5300 0.000000 4
5303 -1.000000 3
5307 0.000000 4
5311 1.000000 4
5315 1.000000 4
5318 1.000000 3
5322 0.000000 4
5326 0.000000 4
5330 0.000000 4
5334 1.000000 4
5338 1.000000 4
5340 1.000000 2
5343 -1.000000 3
5346 -1.000000 3
5348 -1.000000 2
5351 1.000000 3
5355 1.000000 4
5358 1.000000 3
5361 -1.000000 3
5364 1.000000 3
5368 0.000000 4
5371 1.000000 3
5375 1.000000 4
5379 1.000000 4
5383 0.000000 4
5386 1.000000 3
5389 1.000000 3
5392 -1.000000 3
5395 1.000000 3
5398 1.000000 3
5401 -1.000000 3
5404 1.000000 3
5408 1.000000 4
5412 1.000000 4
5415 1.000000 3
5419 1.000000 4
5421 -1.000000 2
5424 -1.000000 3
5427 1.000000 3
5431 1.000000 4
5433 1.000000 2
5437 1.000000 4
5440 1.000000 3
5443 1.000000 3
5446 -1.000000 3
5448 -1.000000 2
5452 0.000000 4
5455 1.000000 3
5458 1.000000 3
5461 1.000000 3
5464 -1.000000 3
5467 1.000000 3
5470 1.000000 3
5472 -1.000000 2
5474 1.000000 2
5476 1.000000 2
5480 1.000000 4
5483 1.000000 3
5487 1.000000 4
5491 1.000000 4
5494 -1.000000 3
5497 1.000000 3
5500 1.000000 3
5502 1.000000 2
5504 1.000000 2
5508 1.000000 4
5512 1.000000 4
5516 1.000000 4
5520 0.000000 4
5523 1.000000 3
5527 1.000000 4
5531 0.000000 4
5534 1.000000 3
5537 -1.000000 3
5540 -1.000000 3
5543 1.000000 3
5547 1.000000 4
5551 1.000000 4
5553 1.000000 2
5557 0.000000 4
5559 1.000000 2
5561 1.000000 2
5563 -1.000000 2
5567 1.000000 4
5571 1.000000 4
5574 1.000000 3
5577 1.000000 3
5581 1.000000 4
5584 -1.000000 3
5586 -1.000000 2
5590 0.000000 4
5594 1.000000 4
5597 1.000000 3
5601 0.000000 4
5603 1.000000 2
5607 1.000000 4
5610 -1.000000 3
5613 1.000000 3
5617 1.000000 4
5620 -1.000000 3
5622 1.000000 2
5626 1.000000 4
5629 1.000000 3
5633 0.000000 4
5636 1.000000 3
5640 0.000000 4
5643 -1.000000 3
5645 -1.000000 2
5648 1.000000 3
5651 -1.000000 3
5655 1.000000 4
5658 1.000000 3
5660 1.000000 2
5664 1.000000 4
5667 1.000000 3
5671 0.000000 4
5673 1.000000 2
5677 1.000000 4
5680 -1.000000 3
5683 1.000000 3
5686 1.000000 3
5688 -1.000000 2
5692 1.000000 4
5696 1.000000 4
5698 -1.000000 2
5701 1.000000 3
5703 1.000000 2
5707 1.000000 4
5710 1.000000 3
5713 -1.000000 3
5716 -1.000000 3
5718 -1.000000 2
5721 -1.000000 3
5725 1.000000 4
5729 1.000000 4
5733 1.000000 4
5736 -1.000000 3
5740 1.000000 4
5744 1.000000 4
5748 0.000000 4
5752 0.000000 4
5755 1.000000 3
5757 1.000000 2
5760 1.000000 3
5763 -1.000000 3
5766 1.000000 3
5769 1.000000 3
5771 -1.000000 2
5775 1.000000 4
5779 1.000000 4
5782 -1.000000 3
5786 0.000000 4
5788 1.000000 2
5790 -1.000000 2
5793 -1.000000 3
5795 -1.000000 2
5798 1.000000 3
5801 -1.000000 3
5804 1.000000 3
5806 -1.000000 2
5810 1.000000 4
5812 1.000000 2
5815 1.000000 3
5819 1.000000 4
5823 0.000000 4
5826 1.000000 3
5829 -1.000000 3
5833 1.000000 4
5836 1.000000 3
5839 1.000000 3
5843 1.000000 4
5846 -1.000000 3
5849 -1.000000 3
5852 -1.000000 3
5856 1.000000 4
5859 -1.000000 3
5862 1.000000 3
5865 -1.000000 3
5868 -1.000000 3
5872 1.000000 4
5874 1.000000 2
5878 0.000000 4
5882 0.000000 4
5886 0.000000 4
5890 1.000000 4
5894 1.000000 4
5896 1.000000 2
5899 1.000000 3
5903 0.000000 4
5907 1.000000 4
5910 -1.000000 3
5913 -1.000000 3
5915 -1.000000 2
5919 0.000000 4
5923 1.000000 4
5925 1.000000 2
5928 -1.000000 3
5930 1.000000 2
5934 1.000000 4
5936 1.000000 2
5939 -1.000000 3
5941 1.000000 2
5944 1.000000 3
5948 0.000000 4
5951 1.000000 3
5955 1.000000 4
5958 1.000000 3
5962 0.000000 4
5966 0.000000 4
5969 -1.000000 3
5972 1.000000 3
5975 1.000000 3
5978 -1.000000 3
5980 -1.000000 2
5983 1.000000 3
5987 1.000000 4
5990 -1.000000 3
5993 -1.000000 3
5995 1.000000 2
5998 1.000000 3
6001 1.000000 3
6005 1.000000 4
6009 1.000000 4
6012 1.000000 3
6015 1.000000 3
6018 1.000000 3
6022 0.000000 4
6025 -1.000000 3
6028 1.000000 3
6030 -1.000000 2
6034 1.000000 4
6037 1.000000 3
6041 0.000000 4
6045 1.000000 4
6048 1.000000 3
6050 -1.000000 2
6054 0.000000 4
6057 1.000000 3
6060 1.000000 3
6064 0.000000 4
6068 1.000000 4
6070 -1.000000 2
6072 -1.000000 2
6074 -1.000000 2
6077 -1.000000 3
6080 1.000000 3
6082 1.000000 2
6086 1.000000 4
6089 1.000000 3
6092 -1.000000 3
6095 1.000000 3
6098 1.000000 3
6101 1.000000 3
6105 1.000000 4
6107 -1.000000 2
6110 1.000000 3
6114 1.000000 4
6117 -1.000000 3
6121 1.000000 4
6125 1.000000 4
6128 1.000000 3
6132 1.000000 4
6136 0.000000 4
6140 1.000000 4
6143 -1.000000 3
6147 1.000000 4
6151 1.000000 4
6155 0.000000 4
6159 1.000000 4
6162 1.000000 3
6164 1.000000 2
6168 1.000000 4
6171 -1.000000 3
6175 1.000000 4
6179 1.000000 4
6183 0.000000 4
6185 1.000000 2
6187 1.000000 2
6190 1.000000 3
6194 1.000000 4
6197 -1.000000 3
6200 1.000000 3
6203 1.000000 3
6206 -1.000000 3
6209 1.000000 3
6213 1.000000 4
6216 1.000000 3
6219 1.000000 3
6222 1.000000 3
6226 1.000000 4
6229 -1.000000 3
6232 -1.000000 3
6236 0.000000 4
6238 1.000000 2
6241 -1.000000 3
6243 1.000000 2
6245 1.000000 2
6249 1.000000 4
6252 1.000000 3
6255 1.000000 3
6259 0.000000 4
6262 -1.000000 3
6266 1.000000 4
6270 1.000000 4
6274 0.000000 4
6277 -1.000000 3
6280 1.000000 3
6282 1.000000 2
6286 1.000000 4
6289 -1.000000 3
6291 1.000000 2
6295 0.000000 4
6298 1.000000 3
6301 -1.000000 3
6304 1.000000 3
6307 1.000000 3
6311 1.000000 4
6314 -1.000000 3
6316 1.000000 2
6320 1.000000 4
6323 -1.000000 3
6326 -1.000000 3
6329 1.000000 3
6333 1.000000 4
6335 1.000000 2
6338 1.000000 3
6340 -1.000000 2
6343 -1.000000 3
6347 0.000000 4
6351 1.000000 4
6353 1.000000 2
6357 1.000000 4
6361 0.000000 4
6364 1.000000 3
6368 1.000000 4
6371 -1.000000 3
6374 -1.000000 3
6376 1.000000 2
6380 0.000000 4
6383 1.000000 3
6385 1.000000 2
6389 1.000000 4
6392 -1.000000 3
6395 -1.000000 3
6398 -1.000000 3
6400 -1.000000 2
6402 1.000000 2
6405 1.000000 3
6409 1.000000 4
6411 1.000000 2
6414 -1.000000 3
6418 1.000000 4
6421 1.000000 3
6424 -1.000000 3
6427 -1.000000 3
6429 1.000000 2
6432 -1.000000 3
6435 -1.000000 3
6438 1.000000 3
6441 -1.000000 3
6444 -1.000000 3
6446 -1.000000 2
6450 0.000000 4
6453 -1.000000 3
6456 1.000000 3
6459 -1.000000 3
6463 0.000000 4
6466 -1.000000 3
6469 -1.000000 3
6472 1.000000 3
6474 1.000000 2
6477 1.000000 3
6479 -1.000000 2
6482 -1.000000 3
6486 0.000000 4
6490 1.000000 4
6494 0.000000 4
6498 1.000000 4
6500 1.000000 2
6504 1.000000 4
6508 1.000000 4
6510 1.000000 2
6514 1.000000 4
6516 -1.000000 2
6518 -1.000000 2
6521 1.000000 3
6524 1.000000 3
6526 -1.000000 2
6529 -1.000000 3
6532 1.000000 3
6534 -1.000000 2
6537 1.000000 3
6540 -1.000000 3
6544 1.000000 4
6547 -1.000000 3
6550 1.000000 3
6554 0.000000 4
6557 -1.000000 3
6561 1.000000 4
6564 1.000000 3
6567 1.000000 3
6569 -1.000000 2
6573 1.000000 4
6577 1.000000 4
6581 1.000000 4
6585 1.000000 4
6589 0.000000 4
6592 -1.000000 3
6594 -1.000000 2
6598 0.000000 4
6601 1.000000 3
6604 -1.000000 3
6607 1.000000 3
6610 -1.000000 3
6612 -1.000000 2
6616 0.000000 4
6620 1.000000 4
6624 1.000000 4
6627 1.000000 3
6630 -1.000000 3
6634 1.000000 4
6637 1.000000 3
6639 -1.000000 2
6643 1.000000 4
6647 1.000000 4
6650 1.000000 3
6654 1.000000 4
6657 -1.000000 3
6659 1.000000 2
6663 1.000000 4
6666 1.000000 3
6669 -1.000000 3
6673 0.000000 4
6676 -1.000000 3
6680 0.000000 4
6683 -1.000000 3
6686 1.000000 3
6689 1.000000 3
6691 1.000000 2
6695 0.000000 4
6697 -1.000000 2
6701 1.000000 4
6705 0.000000 4
6708 1.000000 3
6712 1.000000 4
6716 0.000000 4
6720 1.000000 4
6724 0.000000 4
6727 -1.000000 3
6731 1.000000 4
6734 1.000000 3
6737 1.000000 3
6741 1.000000 4
6744 1.000000 3
6746 1.000000 2
6750 0.000000 4
6754 1.000000 4
6756 1.000000 2
6759 1.000000 3
6762 1.000000 3
6765 1.000000 3
6768 1.000000 3
6772 0.000000 4
6776 0.000000 4
6780 1.000000 4
6783 -1.000000 3
6787 1.000000 4
6790 1.000000 3
6794 1.000000 4
6797 -1.000000 3
6799 1.000000 2
6802 -1.000000 3
6805 -1.000000 3
6808 1.000000 3
6810 1.000000 2
6812 1.000000 2
6815 1.000000 3
6818 -1.000000 3
6821 1.000000 3
6825 1.000000 4
6829 0.000000 4
6833 1.000000 4
6835 1.000000 2
6838 -1.000000 3
6841 1.000000 3
6844 1.000000 3
6848 1.000000 4
6852 0.000000 4
6856 0.000000 4
6859 -1.000000 3
6862 1.000000 3
6865 -1.000000 3
6869 1.000000 4
6873 1.000000 4
6877 1.000000 4
6880 1.000000 3
6882 1.000000 2
6885 -1.000000 3
6889 0.000000 4
6891 1.000000 2
6895 1.000000 4
6899 1.000000 4
6902 -1.000000 3
6904 -1.000000 2
6907 -1.000000 3
6911 1.000000 4
6914 -1.000000 3
6917 -1.000000 3
6920 1.000000 3
6924 0.000000 4
6927 1.000000 3
6931 0.000000 4
6935 1.000000 4
6939 0.000000 4
6943 1.000000 4
6946 -1.000000 3
6950 1.000000 4
6953 1.000000 3
6956 -1.000000 3
6960 1.000000 4
6963 1.000000 3
6965 1.000000 2
6969 0.000000 4
6973 0.000000 4
6976 -1.000000 3
6979 -1.000000 3
6982 1.000000 3
6984 -1.000000 2
6988 1.000000 4
6991 -1.000000 3
6995 0.000000 4
6997 1.000000 2
6999 -1.000000 2
7002 1.000000 3
7005 1.000000 3
7008 1.000000 3
7011 -1.000000 3
7015 1.000000 4
7018 1.000000 3
7022 0.000000 4
7024 -1.000000 2
7028 0.000000 4
7031 -1.000000 3
7034 1.000000 3
7038 1.000000 4
7042 0.000000 4
7045 1.000000 3
7049 0.000000 4
7052 -1.000000 3
7056 1.000000 4
7058 1.000000 2
7061 -1.000000 3
7064 1.000000 3
7067 -1.000000 3
7070 -1.000000 3
7073 1.000000 3
7077 0.000000 4
7080 1.000000 3
7082 1.000000 2
7084 -1.000000 2
7087 1.000000 3
7090 1.000000 3
7094 0.000000 4
7096 -1.000000 2
7099 -1.000000 3
7102 -1.000000 3
7104 -1.000000 2
7108 1.000000 4
7111 -1.000000 3
7114 1.000000 3
7116 1.000000 2
7120 0.000000 4
7123 1.000000 3
7127 1.000000 4
7129 -1.000000 2
7132 -1.000000 3
7136 1.000000 4
7139 -1.000000 3
7143 0.000000 4
7146 -1.000000 3
7148 1.000000 2
7152 1.000000 4
7156 1.000000 4
7160 1.000000 4
7163 1.000000 3
7165 -1.000000 2
7167 -1.000000 2
7170 1.000000 3
7172 -1.000000 2
7174 1.000000 2
7176 -1.000000 2
7180 0.000000 4
7184 1.000000 4
7187 -1.000000 3
7190 1.000000 3
7194 1.000000 4
7197 -1.000000 3
7200 1.000000 3
7204 1.000000 4
7206 1.000000 2
7210 1.000000 4
7214 1.000000 4
7217 -1.000000 3
7221 0.000000 4
7223 1.000000 2
7226 1.000000 3
7229 1.000000 3
7233 0.000000 4
7236 1.000000 3
7240 0.000000 4
7244 0.000000 4
7247 1.000000 3
7250 1.000000 3
7253 1.000000 3
7257 1.000000 4
7260 1.000000 3
7264 0.000000 4
7267 1.000000 3
7270 -1.000000 3
7274 0.000000 4
7276 1.000000 2
7278 1.000000 2
7281 -1.000000 3
7285 1.000000 4
7288 -1.000000 3
7290 -1.000000 2
7293 1.000000 3
7297 1.000000 4
7300 1.000000 3
7303 -1.000000 3
7306 1.000000 3
7308 -1.000000 2
7312 1.000000 4
7315 -1.000000 3
7319 0.000000 4
7323 1.000000 4
7326 1.000000 3
7329 -1.000000 3
7332 1.000000 3
7334 1.000000 2
7338 1.000000 4
7342 1.000000 4
7346 1.000000 4
7349 -1.000000 3
7353 0.000000 4
7356 -1.000000 3
7360 1.000000 4
7364 1.000000 4
7367 -1.000000 3
7371 1.000000 4
7375 0.000000 4
7378 -1.000000 3
7380 -1.000000 2
7383 1.000000 3
7386 1.000000 3
7388 -1.000000 2
7392 0.000000 4
7396 0.000000 4
7400 0.000000 4
7403 -1.000000 3
7406 -1.000000 3
7410 1.000000 4
7414 1.000000 4
7416 -1.000000 2
7419 1.000000 3
7422 1.000000 3
7426 1.000000 4
7429 -1.000000 3
7433 1.000000 4
7437 1.000000 4
7441 1.000000 4
7445 1.000000 4
7449 1.000000 4
7452 -1.000000 3
7455 -1.000000 3
7457 -1.000000 2
7461 1.000000 4
7465 0.000000 4
7468 1.000000 3
7471 1.000000 3
7474 1.000000 3
7476 -1.000000 2
7480 1.000000 4
7482 -1.000000 2
7486 1.000000 4
7489 -1.000000 3
7492 1.000000 3
7496 1.000000 4
7498 1.000000 2
7502 1.000000 4
7505 -1.000000 3
7507 1.000000 2
7510 1.000000 3
7513 -1.000000 3
7516 1.000000 3
7520 1.000000 4
7524 1.000000 4
7528 1.000000 4
7531 -1.000000 3
7534 -1.000000 3
7537 1.000000 3
7540 1.000000 3
7543 -1.000000 3
7547 0.000000 4
7550 1.000000 3
7553 -1.000000 3
7555 1.000000 2
7558 1.000000 3
7561 -1.000000 3
7564 1.000000 3
7568 0.000000 4
7571 1.000000 3
7574 1.000000 3
7578 1.000000 4
7582 1.000000 4
7586 0.000000 4
7590 1.000000 4
7593 1.000000 3
7597 1.000000 4
7600 -1.000000 3
7604 0.000000 4
7607 -1.000000 3
7610 -1.000000 3
7613 1.000000 3
7617 1.000000 4
7621 1.000000 4
7625 1.000000 4
7627 1.000000 2
7630 -1.000000 3
7634 1.000000 4
7638 1.000000 4
7641 -1.000000 3
7645 0.000000 4
7649 1.000000 4
7653 0.000000 4
7656 -1.000000 3
7659 -1.000000 3
7662 1.000000 3
7664 1.000000 2
7667 1.000000 3
7671 1.000000 4
7674 -1.000000 3
7677 1.000000 3
7680 1.000000 3
7683 -1.000000 3
7686 1.000000 3
7689 -1.000000 3
7691 1.000000 2
7694 1.000000 3
7696 -1.000000 2
7699 -1.000000 3
7702 -1.000000 3
7705 1.000000 3
7708 1.000000 3
7711 1.000000 3
7714 -1.000000 3
7718 1.000000 4
7720 -1.000000 2
7723 -1.000000 3
7727 1.000000 4
7731 1.000000 4
7734 1.000000 3
7737 -1.000000 3
7740 1.000000 3
7743 -1.000000 3
7746 1.000000 3
7749 -1.000000 3
7753 1.000000 4
7756 1.000000 3
7760 1.000000 4
7763 -1.000000 3
7767 0.000000 4
7770 -1.000000 3
7774 0.000000 4
7778 0.000000 4
7781 1.000000 3
7785 1.000000 4
7787 1.000000 2
7791 0.000000 4
7795 1.000000 4
7799 0.000000 4
7801 1.000000 2
7805 1.000000 4
7808 1.000000 3
7811 1.000000 3
7813 -1.000000 2
7815 -1.000000 2
7817 1.000000 2
7820 -1.000000 3
7824 0.000000 4
7827 1.000000 3
7829 1.000000 2
7833 1.000000 4
7837 1.000000 4
7840 1.000000 3
7844 1.000000 4
7847 1.000000 3
7851 0.000000 4
7854 1.000000 3
7857 1.000000 3
7859 1.000000 2
7863 0.000000 4
7867 0.000000 4
7870 1.000000 3
7874 0.000000 4
7878 1.000000 4
7882 1.000000 4
7885 1.000000 3
7888 1.000000 3
7891 -1.000000 3
7895 0.000000 4
7897 1.000000 2
7900 1.000000 3
7904 1.000000 4
7908 1.000000 4
7911 1.000000 3
7914 1.000000 3
7918 1.000000 4
7921 -1.000000 3
7924 1.000000 3
7926 1.000000 2
7928 -1.000000 2
7932 1.000000 4
7936 1.000000 4
7940 1.000000 4
7942 -1.000000 2
7945 -1.000000 3
7949 1.000000 4
7951 1.000000 2
7954 1.000000 3
7957 -1.000000 3
7961 1.000000 4
7964 1.000000 3
7967 -1.000000 3
7970 1.000000 3
7974 1.000000 4
7976 -1.000000 2
7978 -1.000000 2
7981 -1.000000 3
7985 1.000000 4
7988 1.000000 3
7991 1.000000 3
7995 1.000000 4
7999 1.000000 4
8002 -1.000000 3
8006 0.000000 4
8009 -1.000000 3
8013 1.000000 4
8016 1.000000 3
8019 -1.000000 3
8021 -1.000000 2
8025 0.000000 4
8027 1.000000 2
8030 1.000000 3
8032 -1.000000 2
8036 1.000000 4
8039 1.000000 3
8043 1.000000 4
8045 -1.000000 2
8049 1.000000 4
8052 -1.000000 3
8055 1.000000 3
8057 -1.000000 2
8059 -1.000000 2
8063 0.000000 4
8065 -1.000000 2
8068 -1.000000 3
8072 1.000000 4
8076 0.000000 4
8079 -1.000000 3
8083 1.000000 4
8087 1.000000 4
8091 1.000000 4
8095 1.000000 4
8098 1.000000 3
8101 -1.000000 3
8105 1.000000 4
8109 0.000000 4
8112 -1.000000 3
8115 -1.000000 3
8119 1.000000 4
8123 1.000000 4
8125 1.000000 2
8128 -1.000000 3
8131 -1.000000 3
8135 1.000000 4
8138 1.000000 3
8140 1.000000 2
8144 0.000000 4
8147 1.000000 3
8150 -1.000000 3
8153 1.000000 3
8157 0.000000 4
8160 1.000000 3
8164 1.000000 4
8167 -1.000000 3
8170 1.000000 3
8172 1.000000 2
8175 1.000000 3
8179 1.000000 4
8181 1.000000 2
8184 -1.000000 3
8188 0.000000 4
8191 1.000000 3
8194 1.000000 3
8198 1.000000 4
8202 1.000000 4
8205 -1.000000 3
8208 -1.000000 3
8212 0.000000 4
8216 0.000000 4
8220 1.000000 4
8223 -1.000000 3
8227 1.000000 4
8230 1.000000 3
8234 0.000000 4
8237 -1.000000 3
8241 1.000000 4
8244 1.000000 3
8248 1.000000 4
8251 -1.000000 3
8254 -1.000000 3
8257 1.000000 3
8260 -1.000000 3
8262 1.000000 2
8266 1.000000 4
8270 1.000000 4
8272 1.000000 2
8275 -1.000000 3
8278 -1.000000 3
8280 -1.000000 2
8282 1.000000 2
8285 -1.000000 3
8287 -1.000000 2
8291 1.000000 4
8293 1.000000 2
8296 1.000000 3
8299 1.000000 3
8301 1.000000 2
8304 -1.000000 3
8307 -1.000000 3
8311 1.000000 4
8314 1.000000 3
8316 1.000000 2
8320 0.000000 4
8322 1.000000 2
8326 1.000000 4
8329 1.000000 3
8333 1.000000 4
8336 -1.000000 3
8338 1.000000 2
8341 -1.000000 3
8344 -1.000000 3
8346 -1.000000 2
8349 -1.000000 3
8352 1.000000 3
8355 1.000000 3
8358 1.000000 3
8361 -1.000000 3
8363 1.000000 2
8365 -1.000000 2
8369 0.000000 4
8371 1.000000 2
8374 -1.000000 3
8376 -1.000000 2
8380 1.000000 4
8384 0.000000 4
8388 1.000000 4
8391 1.000000 3
8395 0.000000 4
8398 -1.000000 3
8402 1.000000 4
8406 0.000000 4
8408 -1.000000 2
8412 1.000000 4
8415 1.000000 3
8417 -1.000000 2
8421 1.000000 4
8423 -1.000000 2
8426 1.000000 3
8428 1.000000 2
8431 1.000000 3
8434 1.000000 3
8438 0.000000 4
8441 -1.000000 3
8445 1.000000 4
8448 1.000000 3
8451 1.000000 3
8454 -1.000000 3
8457 -1.000000 3
8460 1.000000 3
8464 0.000000 4
8468 1.000000 4
8472 1.000000 4
8476 0.000000 4
8479 1.000000 3
8482 -1.000000 3
8485 -1.000000 3
8488 -1.000000 3
8490 -1.000000 2
8493 -1.000000 3
8495 1.000000 2
8498 -1.000000 3
8501 -1.000000 3
8504 -1.000000 3
8507 1.000000 3
8510 1.000000 3
8513 1.000000 3
8516 1.000000 3
8520 1.000000 4
8524 1.000000 4
8527 1.000000 3
8531 1.000000 4
8534 1.000000 3
8537 1.000000 3
8539 1.000000 2
8543 1.000000 4
8547 1.000000 4
8551 0.000000 4
8553 -1.000000 2
8557 0.000000 4
8560 1.000000 3
8563 1.000000 3
8565 -1.000000 2
8569 1.000000 4
8572 1.000000 3
8575 1.000000 3
8578 1.000000 3
8581 -1.000000 3
8585 1.000000 4
8588 1.000000 3
8592 1.000000 4
8595 -1.000000 3
8598 1.000000 3
8601 -1.000000 3
8603 -1.000000 2
8605 1.000000 2
8608 1.000000 3
8612 1.000000 4
8615 1.000000 3
8618 -1.000000 3
8622 1.000000 4
8625 -1.000000 3
8629 1.000000 4
8632 1.000000 3
8635 1.000000 3
8637 -1.000000 2
8640 -1.000000 3
8643 -1.000000 3
8646 -1.000000 3
8648 -1.000000 2
8651 -1.000000 3
8655 1.000000 4
8657 1.000000 2
8659 -1.000000 2
8661 1.000000 2
8664 -1.000000 3
8666 1.000000 2
8668 1.000000 2
8672 0.000000 4
8674 1.000000 2
8677 1.000000 3
8681 1.000000 4
8684 1.000000 3
8688 0.000000 4
8691 -1.000000 3
8693 -1.000000 2
8696 1.000000 3
8699 -1.000000 3
8703 0.000000 4
8707 0.000000 4
8709 -1.000000 2
8712 -1.000000 3
8715 1.000000 3
8719 1.000000 4
8722 1.000000 3
8726 1.000000 4
8730 0.000000 4
8733 1.000000 3
8736 -1.000000 3
8739 1.000000 3
8743 0.000000 4
8747 1.000000 4
8749 -1.000000 2
8753 1.000000 4
8756 -1.000000 3
8759 1.000000 3
8763 1.000000 4
8767 1.000000 4
8770 1.000000 3
8773 1.000000 3
8776 -1.000000 3
8778 1.000000 2
8781 -1.000000 3
8784 -1.000000 3
8787 1.000000 3
8790 -1.000000 3
8794 1.000000 4
8796 1.000000 2
8799 -1.000000 3
8801 1.000000 2
8805 1.000000 4
8809 1.000000 4
8812 -1.000000 3
8816 0.000000 4
8819 1.000000 3
8823 1.000000 4
8826 -1.000000 3
8828 -1.000000 2
8832 0.000000 4
8835 -1.000000 3
8839 0.000000 4
8841 -1.000000 2
8845 1.000000 4
8847 -1.000000 2
8850 1.000000 3
8852 1.000000 2
8854 1.000000 2
8858 0.000000 4
8862 0.000000 4
8865 -1.000000 3
8868 1.000000 3
8872 0.000000 4
8875 -1.000000 3
8879 0.000000 4
8882 1.000000 3
8885 1.000000 3
8888 1.000000 3
8891 -1.000000 3
8895 1.000000 4
8898 -1.000000 3
8901 -1.000000 3
8903 -1.000000 2
8906 1.000000 3
8910 1.000000 4
8913 1.000000 3
8917 1.000000 4
8919 1.000000 2
8922 -1.000000 3
8924 1.000000 2
8927 -1.000000 3
8929 -1.000000 2
8932 1.000000 3
8935 1.000000 3
8938 -1.000000 3
8942 1.000000 4
8945 -1.000000 3
8949 0.000000 4
8953 1.000000 4
8957 1.000000 4
8960 1.000000 3
8964 1.000000 4
8967 1.000000 3
8971 1.000000 4
8974 -1.000000 3
8977 1.000000 3
8980 -1.000000 3
8982 -1.000000 2
8985 -1.000000 3
8988 -1.000000 3
8990 1.000000 2
8993 1.000000 3
8996 1.000000 3
8999 1.000000 3
9003 1.000000 4
9007 1.000000 4
9010 -1.000000 3
9013 -1.000000 3
9017 1.000000 4
9020 1.000000 3
9022 1.000000 2
9025 -1.000000 3
9028 1.000000 3
9030 1.000000 2
9034 1.000000 4
9038 1.000000 4
9042 1.000000 4
9044 1.000000 2
9047 1.000000 3
9051 1.000000 4
9054 -1.000000 3
9056 -1.000000 2
9059 -1.000000 3
9062 -1.000000 3
9066 1.000000 4
9069 1.000000 3
9073 0.000000 4
9075 1.000000 2
9078 1.000000 3
9082 0.000000 4
9086 1.000000 4
9090 1.000000 4
9094 0.000000 4
9097 1.000000 3
9100 1.000000 3
9102 1.000000 2
9105 1.000000 3
9107 -1.000000 2
9110 1.000000 3
9114 1.000000 4
9118 1.000000 4
9122 0.000000 4
9125 1.000000 3
9127 -1.000000 2
9129 -1.000000 2
9132 1.000000 3
9136 1.000000 4
9140 1.000000 4
9143 1.000000 3
9145 1.000000 2
9148 1.000000 3
9152 1.000000 4
9154 -1.000000 2
9158 1.000000 4
9162 1.000000 4
9165 -1.000000 3
9167 -1.000000 2
9171 1.000000 4
9174 1.000000 3
9176 -1.000000 2
9179 1.000000 3
9183 0.000000 4
9187 0.000000 4
9191 0.000000 4
9195 0.000000 4
9197 -1.000000 2
9199 -1.000000 2
9202 1.000000 3
9205 1.000000 3
9209 1.000000 4
9211 1.000000 2
9213 1.000000 2
9216 1.000000 3
9219 -1.000000 3
9221 -1.000000 2
9225 1.000000 4
9228 1.000000 3
9231 -1.000000 3
9233 -1.000000 2
9236 1.000000 3
9240 1.000000 4
9243 1.000000 3
9246 1.000000 3
9249 1.000000 3
9252 -1.000000 3
9255 -1.000000 3
9259 1.000000 4
9262 1.000000 3
9265 -1.000000 3
9268 1.000000 3
9271 1.000000 3
9273 1.000000 2
9276 1.000000 3
9279 1.000000 3
9282 -1.000000 3
9285 -1.000000 3
9289 1.000000 4
9293 1.000000 4
9297 0.000000 4
9301 1.000000 4
9304 -1.000000 3
9307 1.000000 3
9309 1.000000 2
9312 -1.000000 3
9315 -1.000000 3
9318 -1.000000 3
9321 -1.000000 3
9323 1.000000 2
9327 1.000000 4
9331 1.000000 4
9335 1.000000 4
9339 1.000000 4
9341 1.000000 2
9345 1.000000 4
9348 1.000000 3
9351 -1.000000 3
9353 1.000000 2
9356 1.000000 3
9359 1.000000 3
9363 0.000000 4
9366 -1.000000 3
9370 0.000000 4
9372 1.000000 2
9375 1.000000 3
9378 1.000000 3
9381 1.000000 3
9384 1.000000 3
9388 0.000000 4
9391 1.000000 3
9395 0.000000 4
9397 1.000000 2
9400 1.000000 3
9404 1.000000 4
9406 1.000000 2
9409 -1.000000 3
9411 1.000000 2
9415 0.000000 4
9417 1.000000 2
9420 1.000000 3
9424 1.000000 4
9427 1.000000 3
9430 -1.000000 3
9433 1.000000 3
9437 1.000000 4
9441 1.000000 4
9443 1.000000 2
9445 -1.000000 2
9449 1.000000 4
9452 -1.000000 3
9455 -1.000000 3
9459 1.000000 4
9462 -1.000000 3
9465 1.000000 3
9469 0.000000 4
9472 1.000000 3
9475 -1.000000 3
9477 -1.000000 2
9480 1.000000 3
9483 -1.000000 3
9487 0.000000 4
9490 -1.000000 3
9493 -1.000000 3
9496 1.000000 3
9499 1.000000 3
9502 -1.000000 3
9505 -1.000000 3
9508 -1.000000 3
9512 0.000000 4
9514 -1.000000 2
9517 1.000000 3
9521 1.000000 4
9525 0.000000 4
9529 0.000000 4
9531 1.000000 2
9534 1.000000 3
9537 1.000000 3
9541 0.000000 4
9545 1.000000 4
9549 1.000000 4
9553 1.000000 4
9557 1.000000 4
9561 1.000000 4
9564 1.000000 3
9566 1.000000 2
9569 1.000000 3
9571 1.000000 2
9574 -1.000000 3
9577 1.000000 3
9581 1.000000 4
9584 1.000000 3
9588 1.000000 4
9590 1.000000 2
9594 1.000000 4
9598 0.000000 4
9600 1.000000 2
9603 1.000000 3
9606 -1.000000 3
9608 1.000000 2
9611 -1.000000 3
9614 -1.000000 3
9617 1.000000 3
9620 1.000000 3
9623 1.000000 3
9626 -1.000000 3
9629 1.000000 3
9632 1.000000 3
9635 -1.000000 3
9639 1.000000 4
9641 -1.000000 2
9645 0.000000 4
9647 1.000000 2
9651 0.000000 4
9655 1.000000 4
9658 1.000000 3
9661 1.000000 3
9663 1.000000 2
9666 -1.000000 3
9669 -1.000000 3
9671 1.000000 2
9675 1.000000 4
9679 1.000000 4
9682 1.000000 3
9685 1.000000 3
9688 -1.000000 3
9692 1.000000 4
9695 -1.000000 3
9698 1.000000 3
9702 0.000000 4
9705 -1.000000 3
9708 1.000000 3
9712 1.000000 4
9715 1.000000 3
9719 1.000000 4
9723 1.000000 4
9727 1.000000 4
9729 -1.000000 2
9731 -1.000000 2
9735 1.000000 4
9738 1.000000 3
9741 1.000000 3
9745 0.000000 4
9747 1.000000 2
9750 1.000000 3
9752 1.000000 2
9755 1.000000 3
9757 1.000000 2
9760 -1.000000 3
9764 1.000000 4
9767 1.000000 3
9769 1.000000 2
9772 -1.000000 3
9776 1.000000 4
9779 1.000000 3
9783 1.000000 4
9787 0.000000 4
9791 0.000000 4
9794 -1.000000 3
9797 -1.000000 3
9799 1.000000 2
9803 1.000000 4
9806 -1.000000 3
9809 -1.000000 3
9811 -1.000000 2
9814 -1.000000 3
9817 1.000000 3
9820 1.000000 3
9824 1.000000 4
9826 -1.000000 2
9830 1.000000 4
9832 1.000000 2
9834 1.000000 2
9837 1.000000 3
9840 1.000000 3
9843 1.000000 3
9847 0.000000 4
9849 -1.000000 2
9851 -1.000000 2
9854 1.000000 3
9858 0.000000 4
9862 1.000000 4
9864 1.000000 2
9867 -1.000000 3
9869 -1.000000 2
9871 1.000000 2
9874 1.000000 3
9876 1.000000 2
9879 1.000000 3
9882 1.000000 3
9885 1.000000 3
9888 -1.000000 3
9891 1.000000 3
9893 -1.000000 2
9896 1.000000 3
9900 1.000000 4
9903 -1.000000 3
9906 -1.000000 3
9910 1.000000 4
9913 1.000000 3
9916 1.000000 3
9918 -1.000000 2
9922 1.000000 4
9925 -1.000000 3
9929 1.000000 4
9931 1.000000 2
9934 1.000000 3
9936 -1.000000 2
9939 1.000000 3
9942 -1.000000 3
9946 0.000000 4
9948 1.000000 2
9951 -1.000000 3
9954 -1.000000 3
9957 -1.000000 3
9960 1.000000 3
9964 0.000000 4
9968 1.000000 4
9972 0.000000 4
9976 1.000000 4
9979 1.000000 3
9983 0.000000 4
9986 -1.000000 3
9989 -1.000000 3
9991 1.000000 2
9993 -1.000000 2
9996 1.000000 3
10000 1.000000 4
