3 -1.000000 3
6 -1.000000 3
10 -1.000000 4
15 1.000000 5
19 1.000000 4
23 1.000000 4
27 -1.000000 4
31 1.000000 4
34 -1.000000 3
38 1.000000 4
42 -1.000000 4
46 1.000000 4
51 1.000000 5
56 1.000000 5
60 -1.000000 4
64 1.000000 4
68 -1.000000 4
73 0.000000 5
78 1.000000 5
81 1.000000 3
85 1.000000 4
90 1.000000 5
93 -1.000000 3
98 1.000000 5
101 1.000000 3
105 1.000000 4
109 1.000000 4
114 0.000000 5
119 1.000000 5
122 -1.000000 3
127 1.000000 5
130 1.000000 3
133 -1.000000 3
137 -1.000000 4
140 1.000000 3
145 1.000000 5
150 1.000000 5
155 0.000000 5
159 -1.000000 4
164 1.000000 5
168 -1.000000 4
171 -1.000000 3
175 -1.000000 4
178 1.000000 3
183 0.000000 5
186 1.000000 3
191 1.000000 5
196 0.000000 5
201 1.000000 5
206 1.000000 5
210 -1.000000 4
214 -1.000000 4
219 0.000000 5
224 1.000000 5
229 1.000000 5
233 1.000000 4
238 1.000000 5
241 -1.000000 3
246 0.000000 5
250 1.000000 4
253 -1.000000 3
257 1.000000 4
261 1.000000 4
265 1.000000 4
269 1.000000 4
273 1.000000 4
278 0.000000 5
282 1.000000 4
286 -1.000000 4
291 0.000000 5
296 1.000000 5
300 1.000000 4
303 1.000000 3
307 -1.000000 4
312 0.000000 5
317 1.000000 5
320 -1.000000 3
324 1.000000 4
327 1.000000 3
331 1.000000 4
336 1.000000 5
341 0.000000 5
345 1.000000 4
350 1.000000 5
354 -1.000000 4
358 1.000000 4
363 0.000000 5
368 1.000000 5
372 -1.000000 4
376 -1.000000 4
379 1.000000 3
382 -1.000000 3
387 0.000000 5
391 1.000000 4
394 -1.000000 3
397 1.000000 3
401 -1.000000 4
404 -1.000000 3
409 0.000000 5
413 1.000000 4
417 -1.000000 4
421 -1.000000 4
425 1.000000 4
429 1.000000 4
433 -1.000000 4
437 -1.000000 4
442 0.000000 5
446 1.000000 4
449 1.000000 3
453 -1.000000 4
458 0.000000 5
462 1.000000 4
466 1.000000 4
469 -1.000000 3
472 -1.000000 3
477 0.000000 5
480 -1.000000 3
483 1.000000 3
488 1.000000 5
491 -1.000000 3
495 -1.000000 4
499 1.000000 4
504 0.000000 5
508 -1.000000 4
512 -1.000000 4
515 -1.000000 3
519 1.000000 4
523 1.000000 4
527 -1.000000 4
532 0.000000 5
537 1.000000 5
541 1.000000 4
546 1.000000 5
551 1.000000 5
556 1.000000 5
560 -1.000000 4
565 0.000000 5
569 1.000000 4
573 -1.000000 4
577 1.000000 4
581 1.000000 4
584 -1.000000 3
587 -1.000000 3
592 1.000000 5
597 0.000000 5
602 0.000000 5
606 1.000000 4
610 1.000000 4
615 0.000000 5
619 1.000000 4
624 0.000000 5
628 -1.000000 4
632 1.000000 4
636 -1.000000 4
641 1.000000 5
645 1.000000 4
650 1.000000 5
654 1.000000 4
659 0.000000 5
663 1.000000 4
668 1.000000 5
673 0.000000 5
677 -1.000000 4
682 0.000000 5
687 1.000000 5
692 1.000000 5
697 0.000000 5
701 -1.000000 4
704 -1.000000 3
708 -1.000000 4
712 1.000000 4
717 0.000000 5
720 1.000000 3
724 1.000000 4
728 1.000000 4
733 1.000000 5
737 1.000000 4
741 1.000000 4
745 -1.000000 4
750 1.000000 5
754 1.000000 4
759 1.000000 5
763 1.000000 4
768 0.000000 5
773 1.000000 5
777 1.000000 4
782 1.000000 5
786 -1.000000 4
790 1.000000 4
793 1.000000 3
798 0.000000 5
802 1.000000 4
807 1.000000 5
810 -1.000000 3
813 -1.000000 3
816 1.000000 3
819 -1.000000 3
824 1.000000 5
829 1.000000 5
833 -1.000000 4
836 1.000000 3
840 -1.000000 4
844 -1.000000 4
849 0.000000 5
854 1.000000 5
859 0.000000 5
863 1.000000 4
868 0.000000 5
872 -1.000000 4
876 -1.000000 4
880 1.000000 4
884 -1.000000 4
888 1.000000 4
892 -1.000000 4
895 1.000000 3
898 -1.000000 3
903 1.000000 5
907 1.000000 4
911 1.000000 4
914 1.000000 3
919 0.000000 5
924 1.000000 5
927 -1.000000 3
930 -1.000000 3
933 -1.000000 3
938 0.000000 5
943 1.000000 5
947 1.000000 4
952 0.000000 5
955 1.000000 3
959 1.000000 4
963 -1.000000 4
967 1.000000 4
972 1.000000 5
977 1.000000 5
981 -1.000000 4
986 0.000000 5
991 0.000000 5
996 0.000000 5
1000 1.000000 4
1004 1.000000 4
1007 1.000000 3
1010 -1.000000 3
1014 1.000000 4
1018 1.000000 4
1021 1.000000 3
1025 1.000000 4
1029 1.000000 4
1032 1.000000 3
1036 1.000000 4
1039 -1.000000 3
1043 1.000000 4
1046 -1.000000 3
1050 1.000000 4
1054 1.000000 4
1058 1.000000 4
1063 0.000000 5
1068 1.000000 5
1072 1.000000 4
1077 0.000000 5
1080 -1.000000 3
1084 1.000000 4
1088 1.000000 4
1093 0.000000 5
1097 1.000000 4
1102 0.000000 5
1106 1.000000 4
1110 1.000000 4
1113 1.000000 3
1118 1.000000 5
1121 1.000000 3
1125 1.000000 4
1128 1.000000 3
1131 1.000000 3
1134 1.000000 3
1138 1.000000 4
1141 -1.000000 3
1146 1.000000 5
1150 1.000000 4
1153 -1.000000 3
1157 1.000000 4
1161 1.000000 4
1164 1.000000 3
1168 1.000000 4
1171 1.000000 3
1174 1.000000 3
1178 -1.000000 4
1182 1.000000 4
1186 1.000000 4
1190 1.000000 4
1194 1.000000 4
1198 1.000000 4
1202 1.000000 4
1206 1.000000 4
1210 1.000000 4
1214 1.000000 4
1218 1.000000 4
1222 1.000000 4
1226 1.000000 4
1229 1.000000 3
1232 1.000000 3
1236 1.000000 4
1240 1.000000 4
1244 1.000000 4
1249 0.000000 5
1253 1.000000 4
1256 -1.000000 3
1260 1.000000 4
1264 1.000000 4
1269 0.000000 5
1273 1.000000 4
1277 1.000000 4
1282 0.000000 5
1286 1.000000 4
1290 1.000000 4
1294 1.000000 4
1298 1.000000 4
1302 1.000000 4
1306 1.000000 4
1310 1.000000 4
1314 1.000000 4
1318 1.000000 4
1322 1.000000 4
1325 1.000000 3
1328 1.000000 3
1332 1.000000 4
1335 1.000000 3
1339 1.000000 4
1343 1.000000 4
1347 1.000000 4
1351 1.000000 4
1354 1.000000 3
1358 1.000000 4
1362 -1.000000 4
1367 0.000000 5
1371 1.000000 4
1375 1.000000 4
1379 1.000000 4
1384 0.000000 5
1387 -1.000000 3
1391 1.000000 4
1394 -1.000000 3
1398 1.000000 4
1401 1.000000 3
1405 1.000000 4
1409 1.000000 4
1412 1.000000 3
1415 1.000000 3
1419 1.000000 4
1424 0.000000 5
1428 1.000000 4
1433 1.000000 5
1437 1.000000 4
1440 1.000000 3
1443 1.000000 3
1446 -1.000000 3
1450 1.000000 4
1453 1.000000 3
1457 1.000000 4
1461 1.000000 4
1464 1.000000 3
1468 1.000000 4
1472 1.000000 4
1476 1.000000 4
1479 -1.000000 3
1483 1.000000 4
1487 1.000000 4
1491 1.000000 4
1496 1.000000 5
1499 1.000000 3
1503 1.000000 4
1507 1.000000 4
1511 1.000000 4
1515 1.000000 4
1518 1.000000 3
1521 1.000000 3
1525 1.000000 4
1529 1.000000 4
1534 0.000000 5
1538 1.000000 4
1542 1.000000 4
1547 1.000000 5
1550 1.000000 3
1554 1.000000 4
1557 1.000000 3
1561 1.000000 4
1565 1.000000 4
1569 1.000000 4
1573 1.000000 4
1576 1.000000 3
1580 1.000000 4
1584 -1.000000 4
1589 1.000000 5
1593 1.000000 4
1596 1.000000 3
1600 -1.000000 4
1603 -1.000000 3
1607 1.000000 4
1611 1.000000 4
1614 -1.000000 3
1617 1.000000 3
1622 0.000000 5
1626 1.000000 4
1631 0.000000 5
1634 1.000000 3
1638 1.000000 4
1642 1.000000 4
1646 1.000000 4
1651 1.000000 5
1655 1.000000 4
1659 1.000000 4
1663 -1.000000 4
1666 -1.000000 3
1671 1.000000 5
1675 1.000000 4
1678 1.000000 3
1682 1.000000 4
1686 1.000000 4
1689 -1.000000 3
1693 1.000000 4
1697 1.000000 4
1702 0.000000 5
1705 -1.000000 3
1710 1.000000 5
1713 1.000000 3
1718 0.000000 5
1721 1.000000 3
1725 1.000000 4
1729 1.000000 4
1732 1.000000 3
1736 -1.000000 4
1740 1.000000 4
1744 1.000000 4
1747 1.000000 3
1750 1.000000 3
1755 0.000000 5
1758 1.000000 3
1761 1.000000 3
1764 1.000000 3
1769 0.000000 5
1772 1.000000 3
1775 1.000000 3
1779 1.000000 4
1782 1.000000 3
1786 1.000000 4
1789 1.000000 3
1792 1.000000 3
1795 1.000000 3
1798 1.000000 3
1802 1.000000 4
1805 1.000000 3
1808 -1.000000 3
1811 1.000000 3
1814 1.000000 3
1818 1.000000 4
1822 1.000000 4
1825 1.000000 3
1828 1.000000 3
1831 1.000000 3
1834 1.000000 3
1838 1.000000 4
1841 1.000000 3
1844 1.000000 3
1847 1.000000 3
1850 1.000000 3
1853 1.000000 3
1857 1.000000 4
1860 1.000000 3
1863 1.000000 3
1866 1.000000 3
1869 1.000000 3
1872 1.000000 3
1876 1.000000 4
1879 1.000000 3
1883 -1.000000 4
1887 1.000000 4
1890 1.000000 3
1894 -1.000000 4
1897 1.000000 3
1900 -1.000000 3
1903 1.000000 3
1906 -1.000000 3
1910 1.000000 4
1913 1.000000 3
1916 1.000000 3
1919 1.000000 3
1922 1.000000 3
1925 -1.000000 3
1929 1.000000 4
1933 1.000000 4
1936 1.000000 3
1939 1.000000 3
1943 1.000000 4
1946 1.000000 3
1949 1.000000 3
1952 1.000000 3
1956 1.000000 4
1959 1.000000 3
1962 1.000000 3
1966 1.000000 4
1969 1.000000 3
1972 1.000000 3
1975 1.000000 3
1979 1.000000 4
1982 1.000000 3
1986 1.000000 4
1989 1.000000 3
1992 1.000000 3
1995 1.000000 3
1998 1.000000 3
2001 1.000000 3
2004 -1.000000 3
2007 -1.000000 3
2010 -1.000000 3
2013 -1.000000 3
2016 -1.000000 3
2019 -1.000000 3
2022 -1.000000 3
2025 -1.000000 3
2028 -1.000000 3
2031 -1.000000 3
2034 -1.000000 3
2037 -1.000000 3
2040 -1.000000 3
2043 -1.000000 3
2046 -1.000000 3
2049 -1.000000 3
2052 -1.000000 3
2055 -1.000000 3
2058 -1.000000 3
2061 -1.000000 3
2064 -1.000000 3
2067 -1.000000 3
2070 -1.000000 3
2073 -1.000000 3
2076 -1.000000 3
2079 -1.000000 3
2082 -1.000000 3
2085 1.000000 3
2088 1.000000 3
2091 1.000000 3
2095 1.000000 4
2099 1.000000 4
2102 1.000000 3
2105 1.000000 3
2108 1.000000 3
2111 1.000000 3
2114 1.000000 3
2117 1.000000 3
2121 1.000000 4
2124 1.000000 3
2128 1.000000 4
2132 1.000000 4
2136 1.000000 4
2140 1.000000 4
2143 1.000000 3
2147 1.000000 4
2151 1.000000 4
2155 1.000000 4
2159 1.000000 4
2163 1.000000 4
2167 1.000000 4
2171 1.000000 4
2175 1.000000 4
2179 1.000000 4
2183 1.000000 4
2187 1.000000 4
2191 1.000000 4
2195 1.000000 4
2199 1.000000 4
2202 1.000000 3
2206 1.000000 4
2210 1.000000 4
2214 1.000000 4
2217 1.000000 3
2221 1.000000 4
2225 1.000000 4
2228 1.000000 3
2231 1.000000 3
2235 1.000000 4
2239 1.000000 4
2243 1.000000 4
2247 1.000000 4
2250 1.000000 3
2253 1.000000 3
2257 1.000000 4
2261 1.000000 4
2264 1.000000 3
2268 1.000000 4
2272 1.000000 4
2276 1.000000 4
2279 1.000000 3
2282 1.000000 3
2286 1.000000 4
2290 1.000000 4
2293 1.000000 3
2296 1.000000 3
2299 1.000000 3
2302 1.000000 3
2306 1.000000 4
2310 1.000000 4
2314 1.000000 4
2317 1.000000 3
2320 1.000000 3
2324 1.000000 4
2328 1.000000 4
2332 1.000000 4
2336 1.000000 4
2340 1.000000 4
2344 1.000000 4
2347 1.000000 3
2351 1.000000 4
2355 1.000000 4
2359 1.000000 4
2362 1.000000 3
2366 1.000000 4
2370 1.000000 4
2374 1.000000 4
2378 1.000000 4
2382 1.000000 4
2386 1.000000 4
2390 1.000000 4
2394 1.000000 4
2397 1.000000 3
2401 1.000000 4
2405 1.000000 4
2409 1.000000 4
2413 1.000000 4
2416 1.000000 3
2420 1.000000 4
2423 1.000000 3
2426 1.000000 3
2430 1.000000 4
2434 1.000000 4
2438 1.000000 4
2441 1.000000 3
2444 1.000000 3
2448 1.000000 4
2452 1.000000 4
2456 1.000000 4
2460 1.000000 4
2464 1.000000 4
2468 1.000000 4
2471 1.000000 3
2474 1.000000 3
2478 1.000000 4
2482 1.000000 4
2486 1.000000 4
2490 1.000000 4
2494 1.000000 4
2498 1.000000 4
2502 1.000000 4
2506 1.000000 4
2510 1.000000 4
2514 1.000000 4
2518 1.000000 4
2522 1.000000 4
2526 1.000000 4
2530 1.000000 4
2534 1.000000 4
2537 1.000000 3
2541 1.000000 4
2544 1.000000 3
2547 1.000000 3
2551 1.000000 4
2555 1.000000 4
2558 1.000000 3
2562 1.000000 4
2565 1.000000 3
2569 1.000000 4
2573 1.000000 4
2577 1.000000 4
2581 1.000000 4
2585 1.000000 4
2589 1.000000 4
2593 1.000000 4
2597 1.000000 4
2601 1.000000 4
2604 1.000000 3
2607 1.000000 3
2610 1.000000 3
2614 1.000000 4
2617 1.000000 3
2620 1.000000 3
2624 1.000000 4
2628 1.000000 4
2632 1.000000 4
2636 1.000000 4
2640 1.000000 4
2644 1.000000 4
2647 1.000000 3
2651 1.000000 4
2655 1.000000 4
2659 1.000000 4
2663 1.000000 4
2667 1.000000 4
2671 1.000000 4
2675 1.000000 4
2679 1.000000 4
2683 1.000000 4
2687 1.000000 4
2690 1.000000 3
2693 1.000000 3
2696 1.000000 3
2700 1.000000 4
2704 1.000000 4
2708 1.000000 4
2711 1.000000 3
2715 1.000000 4
2718 1.000000 3
2722 1.000000 4
2726 1.000000 4
2730 1.000000 4
2734 1.000000 4
2738 1.000000 4
2741 1.000000 3
2744 1.000000 3
2748 1.000000 4
2752 1.000000 4
2756 1.000000 4
2760 1.000000 4
2763 1.000000 3
2767 1.000000 4
2771 1.000000 4
2775 1.000000 4
2779 1.000000 4
2783 1.000000 4
2787 1.000000 4
2791 1.000000 4
2794 1.000000 3
2798 1.000000 4
2802 1.000000 4
2806 1.000000 4
2809 1.000000 3
2813 1.000000 4
2817 1.000000 4
2820 1.000000 3
2824 1.000000 4
2828 1.000000 4
2832 1.000000 4
2836 1.000000 4
2840 1.000000 4
2844 1.000000 4
2848 1.000000 4
2852 1.000000 4
2856 1.000000 4
2860 1.000000 4
2864 1.000000 4
2868 1.000000 4
2872 1.000000 4
2876 1.000000 4
2880 1.000000 4
2884 1.000000 4
2888 1.000000 4
2891 1.000000 3
2894 1.000000 3
2897 1.000000 3
2900 1.000000 3
2904 1.000000 4
2908 1.000000 4
2912 1.000000 4
2916 1.000000 4
2920 1.000000 4
2923 1.000000 3
2927 1.000000 4
2930 1.000000 3
2934 1.000000 4
2938 1.000000 4
2942 1.000000 4
2946 1.000000 4
2950 1.000000 4
2954 1.000000 4
2958 1.000000 4
2962 1.000000 4
2965 1.000000 3
2968 1.000000 3
2971 1.000000 3
2974 1.000000 3
2978 1.000000 4
2981 1.000000 3
2985 1.000000 4
2989 1.000000 4
2992 1.000000 3
2996 1.000000 4
2999 1.000000 3
3003 1.000000 4
3007 1.000000 4
3011 1.000000 4
3015 1.000000 4
3019 1.000000 4
3023 1.000000 4
3027 1.000000 4
3031 1.000000 4
3035 1.000000 4
3038 1.000000 3
3042 1.000000 4
3046 1.000000 4
3049 1.000000 3
3052 1.000000 3
3056 1.000000 4
3060 1.000000 4
3063 1.000000 3
3067 1.000000 4
3070 1.000000 3
3073 1.000000 3
3077 1.000000 4
3081 1.000000 4
3085 1.000000 4
3088 1.000000 3
3092 1.000000 4
3096 1.000000 4
3100 1.000000 4
3104 1.000000 4
3108 1.000000 4
3112 1.000000 4
3116 1.000000 4
3120 1.000000 4
3124 1.000000 4
3128 1.000000 4
3131 1.000000 3
3135 1.000000 4
3138 1.000000 3
3142 1.000000 4
3146 1.000000 4
3149 1.000000 3
3153 1.000000 4
3157 1.000000 4
3161 1.000000 4
3165 1.000000 4
3169 1.000000 4
3173 1.000000 4
3177 1.000000 4
3181 1.000000 4
3185 1.000000 4
3188 1.000000 3
3192 1.000000 4
3195 1.000000 3
3199 1.000000 4
3203 1.000000 4
3207 1.000000 4
3211 1.000000 4
3215 1.000000 4
3219 1.000000 4
3223 1.000000 4
3227 1.000000 4
3231 1.000000 4
3235 1.000000 4
3238 1.000000 3
3241 1.000000 3
3244 1.000000 3
3248 1.000000 4
3251 1.000000 3
3255 1.000000 4
3259 1.000000 4
3263 1.000000 4
3267 1.000000 4
3271 1.000000 4
3275 1.000000 4
3279 1.000000 4
3283 1.000000 4
3287 1.000000 4
3291 1.000000 4
3295 1.000000 4
3299 1.000000 4
3303 1.000000 4
3306 1.000000 3
3310 1.000000 4
3314 1.000000 4
3317 1.000000 3
3321 1.000000 4
3325 1.000000 4
3329 1.000000 4
3333 1.000000 4
3336 1.000000 3
3339 1.000000 3
3342 1.000000 3
3345 1.000000 3
3349 1.000000 4
3353 1.000000 4
3357 1.000000 4
3360 1.000000 3
3364 1.000000 4
3368 1.000000 4
3372 1.000000 4
3376 1.000000 4
3380 1.000000 4
3383 1.000000 3
3387 1.000000 4
3391 1.000000 4
3395 1.000000 4
3398 1.000000 3
3402 1.000000 4
3406 1.000000 4
3410 1.000000 4
3414 1.000000 4
3418 1.000000 4
3422 1.000000 4
3426 1.000000 4
3429 1.000000 3
3433 1.000000 4
3437 1.000000 4
3441 1.000000 4
3445 1.000000 4
3449 1.000000 4
3452 1.000000 3
3456 1.000000 4
3459 1.000000 3
3462 1.000000 3
3466 1.000000 4
3469 1.000000 3
3473 1.000000 4
3477 1.000000 4
3481 1.000000 4
3485 1.000000 4
3489 1.000000 4
3493 1.000000 4
3497 1.000000 4
3501 1.000000 4
3505 1.000000 4
3509 1.000000 4
3513 1.000000 4
3517 1.000000 4
3521 1.000000 4
3525 1.000000 4
3529 1.000000 4
3533 1.000000 4
3536 1.000000 3
3540 1.000000 4
3544 1.000000 4
3548 1.000000 4
3551 1.000000 3
3555 1.000000 4
3559 1.000000 4
3563 1.000000 4
3566 1.000000 3
3570 1.000000 4
3574 1.000000 4
3577 1.000000 3
3581 1.000000 4
3585 1.000000 4
3589 1.000000 4
3593 1.000000 4
3597 1.000000 4
3601 1.000000 4
3605 1.000000 4
3609 1.000000 4
3613 1.000000 4
3616 1.000000 3
3619 1.000000 3
3623 1.000000 4
3626 1.000000 3
3630 1.000000 4
3634 1.000000 4
3638 1.000000 4
3642 1.000000 4
3646 1.000000 4
3649 1.000000 3
3653 1.000000 4
3656 1.000000 3
3660 -1.000000 4
3663 1.000000 3
3667 1.000000 4
3671 1.000000 4
3675 1.000000 4
3678 1.000000 3
3682 1.000000 4
3686 1.000000 4
3689 1.000000 3
3693 1.000000 4
3697 1.000000 4
3701 1.000000 4
3704 1.000000 3
3707 1.000000 3
3711 1.000000 4
3715 1.000000 4
3719 1.000000 4
3723 1.000000 4
3726 1.000000 3
3729 1.000000 3
3732 1.000000 3
3735 1.000000 3
3738 1.000000 3
3742 1.000000 4
3745 1.000000 3
3749 1.000000 4
3753 1.000000 4
3757 1.000000 4
3761 1.000000 4
3765 1.000000 4
3768 1.000000 3
3772 1.000000 4
3776 1.000000 4
3780 1.000000 4
3784 1.000000 4
3788 1.000000 4
3792 1.000000 4
3796 1.000000 4
3800 1.000000 4
3804 1.000000 4
3808 1.000000 4
3811 1.000000 3
3815 1.000000 4
3818 1.000000 3
3822 1.000000 4
3826 1.000000 4
3830 1.000000 4
3834 1.000000 4
3838 1.000000 4
3842 1.000000 4
3846 1.000000 4
3850 1.000000 4
3853 1.000000 3
3857 1.000000 4
3860 1.000000 3
3864 1.000000 4
3867 1.000000 3
3871 1.000000 4
3875 1.000000 4
3879 1.000000 4
3882 1.000000 3
3885 1.000000 3
3889 1.000000 4
3893 1.000000 4
3897 1.000000 4
3901 1.000000 4
3905 1.000000 4
3909 1.000000 4
3913 1.000000 4
3917 1.000000 4
3920 1.000000 3
3924 1.000000 4
3928 1.000000 4
3932 1.000000 4
3936 1.000000 4
3940 1.000000 4
3944 1.000000 4
3947 1.000000 3
3950 1.000000 3
3954 1.000000 4
3958 1.000000 4
3962 1.000000 4
3966 1.000000 4
3970 1.000000 4
3974 1.000000 4
3978 1.000000 4
3981 1.000000 3
3985 1.000000 4
3988 1.000000 3
3992 1.000000 4
3996 1.000000 4
3999 1.000000 3
4003 1.000000 4
4006 1.000000 3
4010 1.000000 4
4014 1.000000 4
4018 1.000000 4
4022 1.000000 4
4026 1.000000 4
4029 1.000000 3
4033 1.000000 4
4037 1.000000 4
4041 1.000000 4
4045 1.000000 4
4048 1.000000 3
4051 1.000000 3
4054 1.000000 3
4059 1.000000 5
4062 1.000000 3
4066 1.000000 4
4070 1.000000 4
4074 1.000000 4
4077 1.000000 3
4081 1.000000 4
4084 1.000000 3
4088 1.000000 4
4091 -1.000000 3
4094 -1.000000 3
4097 -1.000000 3
4100 -1.000000 3
4103 -1.000000 3
4106 -1.000000 3
4109 -1.000000 3
4112 -1.000000 3
4115 -1.000000 3
4118 -1.000000 3
4121 -1.000000 3
4124 -1.000000 3
4127 -1.000000 3
4130 -1.000000 3
4133 -1.000000 3
4136 -1.000000 3
4139 -1.000000 3
4142 -1.000000 3
4145 -1.000000 3
4148 -1.000000 3
4151 -1.000000 3
4154 -1.000000 3
4157 -1.000000 3
4160 -1.000000 3
4163 -1.000000 3
4166 -1.000000 3
4169 -1.000000 3
4172 -1.000000 3
4175 -1.000000 3
4178 -1.000000 3
4181 -1.000000 3
4184 -1.000000 3
4187 -1.000000 3
4190 -1.000000 3
4193 -1.000000 3
4196 -1.000000 3
4199 -1.000000 3
4202 -1.000000 3
4205 -1.000000 3
4208 -1.000000 3
4211 -1.000000 3
4214 -1.000000 3
4217 -1.000000 3
4220 -1.000000 3
4223 -1.000000 3
4226 -1.000000 3
4229 -1.000000 3
4232 -1.000000 3
4235 -1.000000 3
4238 -1.000000 3
4241 -1.000000 3
4244 -1.000000 3
4247 -1.000000 3
4250 -1.000000 3
4253 -1.000000 3
4256 -1.000000 3
4259 -1.000000 3
4262 -1.000000 3
4265 -1.000000 3
4268 -1.000000 3
4271 -1.000000 3
4274 -1.000000 3
4277 -1.000000 3
4280 -1.000000 3
4283 -1.000000 3
4286 -1.000000 3
4289 -1.000000 3
4292 -1.000000 3
4295 -1.000000 3
4298 -1.000000 3
4301 -1.000000 3
4304 -1.000000 3
4307 -1.000000 3
4310 -1.000000 3
4313 -1.000000 3
4316 -1.000000 3
4319 -1.000000 3
4322 -1.000000 3
4325 -1.000000 3
4328 -1.000000 3
4331 -1.000000 3
4334 -1.000000 3
4337 -1.000000 3
4340 -1.000000 3
4343 -1.000000 3
4346 -1.000000 3
4349 -1.000000 3
4352 -1.000000 3
4355 -1.000000 3
4358 -1.000000 3
4361 -1.000000 3
4364 -1.000000 3
4367 -1.000000 3
4370 -1.000000 3
4373 -1.000000 3
4376 -1.000000 3
4379 -1.000000 3
4382 -1.000000 3
4385 -1.000000 3
4388 -1.000000 3
4391 -1.000000 3
4394 -1.000000 3
4397 -1.000000 3
4400 -1.000000 3
4403 -1.000000 3
4406 -1.000000 3
4409 -1.000000 3
4412 -1.000000 3
4415 -1.000000 3
4418 -1.000000 3
4421 -1.000000 3
4424 -1.000000 3
4427 -1.000000 3
4430 -1.000000 3
4433 -1.000000 3
4436 -1.000000 3
4439 -1.000000 3
4442 -1.000000 3
4445 -1.000000 3
4448 -1.000000 3
4451 -1.000000 3
4454 -1.000000 3
4457 -1.000000 3
4460 -1.000000 3
4463 -1.000000 3
4466 -1.000000 3
4469 -1.000000 3
4472 -1.000000 3
4475 -1.000000 3
4478 -1.000000 3
4481 -1.000000 3
4484 -1.000000 3
4487 -1.000000 3
4490 -1.000000 3
4493 -1.000000 3
4496 -1.000000 3
4499 -1.000000 3
4502 -1.000000 3
4505 -1.000000 3
4508 -1.000000 3
4511 -1.000000 3
4514 -1.000000 3
4517 -1.000000 3
4520 -1.000000 3
4523 -1.000000 3
4526 -1.000000 3
4529 -1.000000 3
4532 -1.000000 3
4535 -1.000000 3
4538 -1.000000 3
4541 -1.000000 3
4544 -1.000000 3
4547 -1.000000 3
4550 -1.000000 3
4553 -1.000000 3
4556 -1.000000 3
4559 -1.000000 3
4562 -1.000000 3
4565 -1.000000 3
4568 -1.000000 3
4571 -1.000000 3
4574 -1.000000 3
4577 -1.000000 3
4580 -1.000000 3
4583 -1.000000 3
4586 -1.000000 3
4589 -1.000000 3
4592 -1.000000 3
4595 -1.000000 3
4598 -1.000000 3
4601 -1.000000 3
4604 -1.000000 3
4607 -1.000000 3
4610 -1.000000 3
4613 -1.000000 3
4616 -1.000000 3
4619 -1.000000 3
4622 -1.000000 3
4625 -1.000000 3
4628 -1.000000 3
4631 -1.000000 3
4634 -1.000000 3
4637 -1.000000 3
4640 -1.000000 3
4643 -1.000000 3
4646 -1.000000 3
4649 -1.000000 3
4652 -1.000000 3
4655 -1.000000 3
4658 -1.000000 3
4661 -1.000000 3
4664 -1.000000 3
4667 -1.000000 3
4670 -1.000000 3
4673 -1.000000 3
4676 -1.000000 3
4679 -1.000000 3
4682 -1.000000 3
4685 -1.000000 3
4688 -1.000000 3
4691 -1.000000 3
4694 -1.000000 3
4697 -1.000000 3
4700 -1.000000 3
4703 -1.000000 3
4706 -1.000000 3
4709 -1.000000 3
4712 -1.000000 3
4715 -1.000000 3
4718 -1.000000 3
4721 -1.000000 3
4724 -1.000000 3
4727 -1.000000 3
4730 -1.000000 3
4733 -1.000000 3
4736 -1.000000 3
4739 -1.000000 3
4742 -1.000000 3
4745 -1.000000 3
4748 -1.000000 3
4751 -1.000000 3
4754 -1.000000 3
4757 -1.000000 3
4760 -1.000000 3
4763 -1.000000 3
4766 -1.000000 3
4769 -1.000000 3
4772 -1.000000 3
4775 -1.000000 3
4778 -1.000000 3
4781 -1.000000 3
4784 -1.000000 3
4787 -1.000000 3
4790 -1.000000 3
4793 -1.000000 3
4796 -1.000000 3
4799 -1.000000 3
4802 -1.000000 3
4805 -1.000000 3
4808 -1.000000 3
4811 -1.000000 3
4814 -1.000000 3
4817 -1.000000 3
4820 -1.000000 3
4823 -1.000000 3
4826 -1.000000 3
4829 -1.000000 3
4832 -1.000000 3
4835 -1.000000 3
4838 -1.000000 3
4841 -1.000000 3
4844 -1.000000 3
4847 -1.000000 3
4850 -1.000000 3
4853 -1.000000 3
4856 -1.000000 3
4859 -1.000000 3
4862 -1.000000 3
4865 -1.000000 3
4868 -1.000000 3
4871 -1.000000 3
4874 -1.000000 3
4877 -1.000000 3
4880 -1.000000 3
4883 -1.000000 3
4886 -1.000000 3
4889 -1.000000 3
4892 -1.000000 3
4895 -1.000000 3
4898 -1.000000 3
4901 -1.000000 3
4904 -1.000000 3
4907 -1.000000 3
4910 -1.000000 3
4913 -1.000000 3
4916 -1.000000 3
4919 -1.000000 3
4922 -1.000000 3
4925 -1.000000 3
4928 -1.000000 3
4931 -1.000000 3
4934 -1.000000 3
4937 -1.000000 3
4940 -1.000000 3
4943 -1.000000 3
4946 -1.000000 3
4949 -1.000000 3
4952 -1.000000 3
4955 -1.000000 3
4958 -1.000000 3
4961 -1.000000 3
4964 -1.000000 3
4967 -1.000000 3
4970 -1.000000 3
4973 -1.000000 3
4976 -1.000000 3
4979 -1.000000 3
4982 -1.000000 3
4985 -1.000000 3
4988 -1.000000 3
4991 -1.000000 3
4994 -1.000000 3
4997 -1.000000 3
5000 -1.000000 3
5003 -1.000000 3
5006 -1.000000 3
5009 -1.000000 3
5012 -1.000000 3
5015 -1.000000 3
5018 -1.000000 3
5021 -1.000000 3
5024 -1.000000 3
5027 -1.000000 3
5030 -1.000000 3
5033 -1.000000 3
5036 -1.000000 3
5039 -1.000000 3
5042 -1.000000 3
5045 -1.000000 3
5048 -1.000000 3
5051 -1.000000 3
5054 -1.000000 3
5057 -1.000000 3
5060 -1.000000 3
5063 -1.000000 3
5066 -1.000000 3
5069 -1.000000 3
5072 -1.000000 3
5075 -1.000000 3
5078 -1.000000 3
5081 -1.000000 3
5084 -1.000000 3
5087 -1.000000 3
5090 -1.000000 3
