3 -1.000000 3
8 1.000000 5
12 -1.000000 4
16 1.000000 4
21 1.000000 5
25 1.000000 4
29 1.000000 4
33 -1.000000 4
38 1.000000 5
41 1.000000 3
45 1.000000 4
49 -1.000000 4
54 1.000000 5
58 -1.000000 4
62 1.000000 4
65 -1.000000 3
68 1.000000 3
72 -1.000000 4
76 -1.000000 4
81 1.000000 5
85 -1.000000 4
89 1.000000 4
93 1.000000 4
97 1.000000 4
102 0.000000 5
106 1.000000 4
111 0.000000 5
114 -1.000000 3
118 1.000000 4
123 1.000000 5
127 -1.000000 4
132 1.000000 5
136 -1.000000 4
141 0.000000 5
145 1.000000 4
149 1.000000 4
153 -1.000000 4
158 1.000000 5
162 -1.000000 4
167 1.000000 5
171 -1.000000 4
176 1.000000 5
181 0.000000 5
186 1.000000 5
189 -1.000000 3
194 0.000000 5
197 1.000000 3
201 1.000000 4
205 1.000000 4
209 1.000000 4
214 1.000000 5
218 -1.000000 4
222 1.000000 4
226 1.000000 4
229 1.000000 3
232 1.000000 3
236 1.000000 4
239 1.000000 3
244 1.000000 5
248 1.000000 4
251 -1.000000 3
255 1.000000 4
258 1.000000 3
263 1.000000 5
268 0.000000 5
271 1.000000 3
275 -1.000000 4
280 1.000000 5
283 1.000000 3
288 1.000000 5
293 1.000000 5
297 -1.000000 4
302 1.000000 5
307 0.000000 5
311 1.000000 4
316 1.000000 5
320 1.000000 4
324 -1.000000 4
328 -1.000000 4
331 1.000000 3
336 0.000000 5
340 1.000000 4
345 0.000000 5
348 1.000000 3
352 -1.000000 4
356 1.000000 4
361 1.000000 5
365 -1.000000 4
369 1.000000 4
374 0.000000 5
378 1.000000 4
382 1.000000 4
387 1.000000 5
392 1.000000 5
396 1.000000 4
399 1.000000 3
404 1.000000 5
408 -1.000000 4
412 -1.000000 4
417 1.000000 5
420 1.000000 3
423 1.000000 3
427 1.000000 4
432 1.000000 5
436 -1.000000 4
440 1.000000 4
444 -1.000000 4
448 -1.000000 4
452 1.000000 4
457 1.000000 5
461 1.000000 4
466 1.000000 5
470 1.000000 4
473 -1.000000 3
476 1.000000 3
480 1.000000 4
484 1.000000 4
488 1.000000 4
492 1.000000 4
495 1.000000 3
500 1.000000 5
505 1.000000 5
508 1.000000 3
513 1.000000 5
517 1.000000 4
522 1.000000 5
527 1.000000 5
531 -1.000000 4
535 -1.000000 4
539 1.000000 4
543 1.000000 4
547 1.000000 4
552 1.000000 5
555 1.000000 3
559 1.000000 4
563 1.000000 4
567 1.000000 4
571 1.000000 4
576 1.000000 5
580 1.000000 4
583 -1.000000 3
587 -1.000000 4
592 0.000000 5
596 -1.000000 4
601 0.000000 5
606 1.000000 5
611 1.000000 5
615 1.000000 4
619 -1.000000 4
623 -1.000000 4
626 1.000000 3
631 1.000000 5
636 1.000000 5
639 1.000000 3
643 1.000000 4
647 -1.000000 4
652 1.000000 5
656 -1.000000 4
661 0.000000 5
666 0.000000 5
670 1.000000 4
674 -1.000000 4
677 -1.000000 3
682 1.000000 5
686 1.000000 4
690 -1.000000 4
693 1.000000 3
696 1.000000 3
701 1.000000 5
706 1.000000 5
709 1.000000 3
714 1.000000 5
717 -1.000000 3
721 -1.000000 4
725 1.000000 4
730 1.000000 5
735 0.000000 5
739 -1.000000 4
742 -1.000000 3
746 1.000000 4
750 -1.000000 4
754 -1.000000 4
758 1.000000 4
761 1.000000 3
766 1.000000 5
770 -1.000000 4
774 1.000000 4
779 1.000000 5
782 -1.000000 3
787 1.000000 5
791 -1.000000 4
795 1.000000 4
800 1.000000 5
805 0.000000 5
810 1.000000 5
814 1.000000 4
819 1.000000 5
823 -1.000000 4
826 -1.000000 3
829 1.000000 3
833 -1.000000 4
836 1.000000 3
841 0.000000 5
845 1.000000 4
850 0.000000 5
854 1.000000 4
858 1.000000 4
863 0.000000 5
867 1.000000 4
872 0.000000 5
875 1.000000 3
880 1.000000 5
885 1.000000 5
889 1.000000 4
894 1.000000 5
898 1.000000 4
903 0.000000 5
908 0.000000 5
912 -1.000000 4
916 -1.000000 4
919 1.000000 3
923 -1.000000 4
926 1.000000 3
929 1.000000 3
932 -1.000000 3
937 0.000000 5
942 1.000000 5
947 0.000000 5
951 -1.000000 4
956 1.000000 5
960 1.000000 4
964 1.000000 4
968 -1.000000 4
972 1.000000 4
976 1.000000 4
981 1.000000 5
984 -1.000000 3
989 1.000000 5
994 0.000000 5
998 1.000000 4
1001 1.000000 3
1006 1.000000 5
1010 1.000000 4
1013 1.000000 3
1018 1.000000 5
1022 1.000000 4
1027 1.000000 5
1032 1.000000 5
1037 1.000000 5
1042 1.000000 5
1047 1.000000 5
1051 -1.000000 4
1056 0.000000 5
1061 1.000000 5
1066 0.000000 5
1069 1.000000 3
1073 1.000000 4
1078 1.000000 5
1082 1.000000 4
1086 1.000000 4
1090 1.000000 4
1095 1.000000 5
1100 1.000000 5
1103 -1.000000 3
1106 -1.000000 3
1110 -1.000000 4
1114 1.000000 4
1118 1.000000 4
1122 -1.000000 4
1127 0.000000 5
1131 1.000000 4
1135 -1.000000 4
1139 1.000000 4
1143 1.000000 4
1147 1.000000 4
1151 -1.000000 4
1155 -1.000000 4
1160 1.000000 5
1165 1.000000 5
1170 1.000000 5
1174 1.000000 4
1178 1.000000 4
1182 -1.000000 4
1186 -1.000000 4
1190 -1.000000 4
1195 1.000000 5
1200 1.000000 5
1205 1.000000 5
1209 -1.000000 4
1214 1.000000 5
1218 1.000000 4
1223 1.000000 5
1226 -1.000000 3
1230 1.000000 4
1235 0.000000 5
1238 -1.000000 3
1243 1.000000 5
1248 1.000000 5
1252 1.000000 4
1256 1.000000 4
1260 1.000000 4
1264 -1.000000 4
1269 1.000000 5
1274 1.000000 5
1278 1.000000 4
1282 -1.000000 4
1286 -1.000000 4
1290 1.000000 4
1293 -1.000000 3
1296 -1.000000 3
1300 -1.000000 4
1305 1.000000 5
1308 -1.000000 3
1312 1.000000 4
1317 1.000000 5
1321 1.000000 4
1326 1.000000 5
1331 0.000000 5
1335 -1.000000 4
1340 1.000000 5
1344 -1.000000 4
1349 1.000000 5
1352 -1.000000 3
1355 -1.000000 3
1359 -1.000000 4
1364 0.000000 5
1367 -1.000000 3
1372 0.000000 5
1377 1.000000 5
1381 -1.000000 4
1385 -1.000000 4
1389 -1.000000 4
1392 -1.000000 3
1396 -1.000000 4
1400 -1.000000 4
1404 1.000000 4
1407 1.000000 3
1412 0.000000 5
1417 1.000000 5
1421 1.000000 4
1425 1.000000 4
1429 1.000000 4
1433 1.000000 4
1436 1.000000 3
1441 0.000000 5
1446 1.000000 5
1450 1.000000 4
1455 0.000000 5
1460 1.000000 5
1465 0.000000 5
1469 -1.000000 4
1473 1.000000 4
1477 -1.000000 4
1481 -1.000000 4
1485 -1.000000 4
1488 1.000000 3
1493 1.000000 5
1497 1.000000 4
1501 1.000000 4
1505 1.000000 4
1509 1.000000 4
1514 0.000000 5
1519 1.000000 5
1524 1.000000 5
1529 0.000000 5
1534 1.000000 5
1538 1.000000 4
1543 1.000000 5
1547 1.000000 4
1550 -1.000000 3
1554 1.000000 4
1558 1.000000 4
1561 -1.000000 3
1566 0.000000 5
1570 1.000000 4
1575 1.000000 5
1579 1.000000 4
1584 1.000000 5
1589 1.000000 5
1593 1.000000 4
1598 1.000000 5
1603 1.000000 5
1608 0.000000 5
1611 -1.000000 3
1615 -1.000000 4
1620 1.000000 5
1624 1.000000 4
1628 -1.000000 4
1632 1.000000 4
1636 -1.000000 4
1639 -1.000000 3
1643 1.000000 4
1647 1.000000 4
1651 -1.000000 4
1654 -1.000000 3
1657 1.000000 3
1661 -1.000000 4
1665 1.000000 4
1669 -1.000000 4
1673 1.000000 4
1678 1.000000 5
1682 1.000000 4
1686 -1.000000 4
1690 -1.000000 4
1694 1.000000 4
1699 1.000000 5
1704 1.000000 5
1709 1.000000 5
1714 0.000000 5
1719 1.000000 5
1723 1.000000 4
1727 -1.000000 4
1730 1.000000 3
1735 0.000000 5
1738 1.000000 3
1743 1.000000 5
1747 -1.000000 4
1751 1.000000 4
1754 -1.000000 3
1759 0.000000 5
1763 -1.000000 4
1767 1.000000 4
1771 1.000000 4
1776 1.000000 5
1779 1.000000 3
1783 -1.000000 4
1786 -1.000000 3
1790 -1.000000 4
1794 1.000000 4
1798 -1.000000 4
1801 1.000000 3
1805 1.000000 4
1810 1.000000 5
1814 1.000000 4
1817 1.000000 3
1821 -1.000000 4
1825 1.000000 4
1829 -1.000000 4
1833 -1.000000 4
1838 0.000000 5
1842 -1.000000 4
1847 0.000000 5
1851 1.000000 4
1854 1.000000 3
1858 -1.000000 4
1862 -1.000000 4
1867 0.000000 5
1870 -1.000000 3
1873 -1.000000 3
1877 1.000000 4
1881 1.000000 4
1885 1.000000 4
1890 0.000000 5
1893 -1.000000 3
1897 -1.000000 4
1901 1.000000 4
1905 1.000000 4
1910 1.000000 5
1915 1.000000 5
1920 0.000000 5
1925 1.000000 5
1929 1.000000 4
1934 0.000000 5
1938 -1.000000 4
1943 1.000000 5
1947 1.000000 4
1951 1.000000 4
1955 1.000000 4
1958 1.000000 3
1962 -1.000000 4
1966 -1.000000 4
1970 1.000000 4
1974 1.000000 4
1978 -1.000000 4
1982 -1.000000 4
1986 -1.000000 4
1990 -1.000000 4
1995 0.000000 5
1998 1.000000 3
2003 1.000000 5
2008 1.000000 5
2011 1.000000 3
2015 1.000000 4
2019 1.000000 4
2023 1.000000 4
2028 0.000000 5
2033 1.000000 5
2037 -1.000000 4
2041 -1.000000 4
2044 -1.000000 3
2048 1.000000 4
2053 1.000000 5
2056 -1.000000 3
2060 -1.000000 4
2065 0.000000 5
2069 -1.000000 4
2072 -1.000000 3
2077 1.000000 5
2082 0.000000 5
2086 1.000000 4
2090 -1.000000 4
2095 0.000000 5
2099 1.000000 4
2102 -1.000000 3
2106 1.000000 4
2110 1.000000 4
2114 1.000000 4
2119 1.000000 5
2123 1.000000 4
2127 1.000000 4
2130 1.000000 3
2133 1.000000 3
2136 -1.000000 3
2140 1.000000 4
2144 -1.000000 4
2149 0.000000 5
2154 1.000000 5
2159 0.000000 5
2164 1.000000 5
2168 -1.000000 4
2173 1.000000 5
2178 0.000000 5
2183 1.000000 5
2186 1.000000 3
2190 1.000000 4
2193 -1.000000 3
2198 1.000000 5
2202 1.000000 4
2207 0.000000 5
2211 1.000000 4
2215 1.000000 4
2219 1.000000 4
2222 -1.000000 3
2227 0.000000 5
2230 -1.000000 3
2234 1.000000 4
2237 -1.000000 3
2241 -1.000000 4
2245 -1.000000 4
2250 0.000000 5
2255 0.000000 5
2260 1.000000 5
2265 1.000000 5
2269 1.000000 4
2272 1.000000 3
2276 -1.000000 4
2280 1.000000 4
2284 -1.000000 4
2288 1.000000 4
2291 1.000000 3
2295 1.000000 4
2299 -1.000000 4
2302 1.000000 3
2306 -1.000000 4
2309 -1.000000 3
2314 1.000000 5
2318 1.000000 4
2323 1.000000 5
2327 1.000000 4
2330 1.000000 3
2334 1.000000 4
2338 -1.000000 4
2343 1.000000 5
2348 1.000000 5
2353 1.000000 5
2357 1.000000 4
2361 1.000000 4
2364 1.000000 3
2368 -1.000000 4
2372 1.000000 4
2377 1.000000 5
2382 1.000000 5
2385 1.000000 3
2390 1.000000 5
2394 -1.000000 4
2399 0.000000 5
2403 1.000000 4
2407 1.000000 4
2412 1.000000 5
2415 -1.000000 3
2419 1.000000 4
2422 1.000000 3
2426 1.000000 4
2430 1.000000 4
2434 -1.000000 4
2438 -1.000000 4
2441 1.000000 3
2444 1.000000 3
2447 1.000000 3
2451 -1.000000 4
2456 1.000000 5
2461 0.000000 5
2465 1.000000 4
2470 1.000000 5
2474 -1.000000 4
2477 -1.000000 3
2482 1.000000 5
2486 1.000000 4
2490 1.000000 4
2494 1.000000 4
2497 1.000000 3
2501 -1.000000 4
2506 0.000000 5
2511 1.000000 5
2515 -1.000000 4
2519 1.000000 4
2522 1.000000 3
2526 -1.000000 4
2530 -1.000000 4
2534 1.000000 4
2538 1.000000 4
2542 -1.000000 4
2547 0.000000 5
2552 1.000000 5
2556 1.000000 4
2560 -1.000000 4
2564 1.000000 4
2569 1.000000 5
2572 1.000000 3
2577 1.000000 5
2582 1.000000 5
2585 1.000000 3
2590 1.000000 5
2593 1.000000 3
2597 -1.000000 4
2602 0.000000 5
2607 1.000000 5
2611 1.000000 4
2615 -1.000000 4
2620 0.000000 5
2624 1.000000 4
2629 1.000000 5
2633 1.000000 4
2637 -1.000000 4
2642 0.000000 5
2645 -1.000000 3
2649 -1.000000 4
2653 1.000000 4
2657 -1.000000 4
2660 -1.000000 3
2664 1.000000 4
2667 -1.000000 3
2672 1.000000 5
2677 1.000000 5
2682 0.000000 5
2687 0.000000 5
2692 1.000000 5
2697 0.000000 5
2700 -1.000000 3
2704 1.000000 4
2708 1.000000 4
2712 1.000000 4
2716 -1.000000 4
2720 1.000000 4
2723 1.000000 3
2728 0.000000 5
2732 1.000000 4
2736 -1.000000 4
2740 -1.000000 4
2743 1.000000 3
2747 1.000000 4
2750 1.000000 3
2754 -1.000000 4
2759 1.000000 5
2764 1.000000 5
2769 1.000000 5
2773 1.000000 4
2776 1.000000 3
2780 1.000000 4
2784 1.000000 4
2789 1.000000 5
2793 1.000000 4
2796 1.000000 3
2801 0.000000 5
2806 0.000000 5
2811 1.000000 5
2814 -1.000000 3
2817 -1.000000 3
2822 0.000000 5
2825 -1.000000 3
2829 -1.000000 4
2833 -1.000000 4
2838 0.000000 5
2842 -1.000000 4
2846 1.000000 4
2849 -1.000000 3
2853 1.000000 4
2858 1.000000 5
2862 -1.000000 4
2865 1.000000 3
2870 1.000000 5
2874 -1.000000 4
2877 -1.000000 3
2880 1.000000 3
2884 1.000000 4
2888 -1.000000 4
2893 1.000000 5
2897 -1.000000 4
2901 1.000000 4
2905 -1.000000 4
2910 0.000000 5
2915 1.000000 5
2920 0.000000 5
2924 -1.000000 4
2929 1.000000 5
2934 1.000000 5
2939 0.000000 5
2944 0.000000 5
2948 1.000000 4
2952 -1.000000 4
2955 1.000000 3
2959 -1.000000 4
2964 1.000000 5
2968 -1.000000 4
2971 1.000000 3
2974 1.000000 3
2978 -1.000000 4
2983 1.000000 5
2986 1.000000 3
2991 1.000000 5
2994 -1.000000 3
2998 1.000000 4
3002 -1.000000 4
3007 0.000000 5
3012 1.000000 5
3016 1.000000 4
3020 -1.000000 4
3025 1.000000 5
3030 1.000000 5
3034 1.000000 4
3038 -1.000000 4
3043 1.000000 5
3046 1.000000 3
3049 1.000000 3
3053 1.000000 4
3057 -1.000000 4
3062 0.000000 5
3067 0.000000 5
3071 1.000000 4
3075 1.000000 4
3080 1.000000 5
3085 0.000000 5
3089 -1.000000 4
3094 1.000000 5
3097 1.000000 3
3101 1.000000 4
3105 1.000000 4
3109 -1.000000 4
3113 1.000000 4
3116 -1.000000 3
3119 1.000000 3
3123 -1.000000 4
3128 1.000000 5
3132 1.000000 4
3136 1.000000 4
3141 1.000000 5
3144 -1.000000 3
3148 1.000000 4
3153 1.000000 5
3158 1.000000 5
3163 1.000000 5
3168 1.000000 5
3173 1.000000 5
3176 1.000000 3
3180 -1.000000 4
3185 1.000000 5
3190 1.000000 5
3194 1.000000 4
3197 -1.000000 3
3200 1.000000 3
3204 -1.000000 4
3209 0.000000 5
3213 -1.000000 4
3217 1.000000 4
3221 1.000000 4
3225 1.000000 4
3229 1.000000 4
3234 0.000000 5
3238 1.000000 4
3243 0.000000 5
3247 -1.000000 4
3250 1.000000 3
3255 1.000000 5
3260 1.000000 5
3264 -1.000000 4
3269 1.000000 5
3274 1.000000 5
3279 0.000000 5
3283 1.000000 4
3286 -1.000000 3
3290 1.000000 4
3294 1.000000 4
3298 1.000000 4
3302 -1.000000 4
3306 -1.000000 4
3310 1.000000 4
3314 1.000000 4
3319 1.000000 5
3323 1.000000 4
3328 1.000000 5
3332 -1.000000 4
3337 1.000000 5
3342 0.000000 5
3347 1.000000 5
3350 -1.000000 3
3355 0.000000 5
3358 1.000000 3
3362 1.000000 4
3365 -1.000000 3
3370 1.000000 5
3373 -1.000000 3
3378 0.000000 5
3383 0.000000 5
3387 1.000000 4
3391 -1.000000 4
3395 1.000000 4
3399 -1.000000 4
3403 1.000000 4
3407 -1.000000 4
3410 1.000000 3
3413 -1.000000 3
3418 1.000000 5
3423 0.000000 5
3427 1.000000 4
3432 0.000000 5
3436 -1.000000 4
3440 1.000000 4
3444 1.000000 4
3448 1.000000 4
3452 1.000000 4
3456 -1.000000 4
3461 0.000000 5
3465 1.000000 4
3469 1.000000 4
3473 -1.000000 4
3477 1.000000 4
3481 1.000000 4
3485 1.000000 4
3490 0.000000 5
3493 1.000000 3
3496 1.000000 3
3500 -1.000000 4
3503 1.000000 3
3507 -1.000000 4
3512 1.000000 5
3517 1.000000 5
3520 1.000000 3
3523 -1.000000 3
3527 1.000000 4
3532 1.000000 5
3536 -1.000000 4
3539 -1.000000 3
3542 1.000000 3
3547 1.000000 5
3550 -1.000000 3
3555 1.000000 5
3560 0.000000 5
3564 1.000000 4
3569 0.000000 5
3573 -1.000000 4
3577 -1.000000 4
3582 1.000000 5
3587 0.000000 5
3591 -1.000000 4
3596 0.000000 5
3600 1.000000 4
3604 1.000000 4
3609 0.000000 5
3613 1.000000 4
3616 1.000000 3
3620 1.000000 4
3625 1.000000 5
3629 1.000000 4
3632 1.000000 3
3636 1.000000 4
3641 0.000000 5
3645 -1.000000 4
3650 0.000000 5
3655 1.000000 5
3659 1.000000 4
3663 1.000000 4
3668 1.000000 5
3672 1.000000 4
3677 0.000000 5
3681 -1.000000 4
3685 -1.000000 4
3690 1.000000 5
3694 1.000000 4
3697 -1.000000 3
3702 1.000000 5
3707 1.000000 5
3711 1.000000 4
3716 1.000000 5
3721 0.000000 5
3724 -1.000000 3
3729 1.000000 5
3734 0.000000 5
3738 1.000000 4
3742 1.000000 4
3746 1.000000 4
3749 1.000000 3
3753 -1.000000 4
3757 1.000000 4
3762 0.000000 5
3766 1.000000 4
3770 1.000000 4
3774 -1.000000 4
3778 -1.000000 4
3782 1.000000 4
3785 -1.000000 3
3789 -1.000000 4
3794 0.000000 5
3799 1.000000 5
3804 1.000000 5
3809 1.000000 5
3814 0.000000 5
3819 0.000000 5
3823 1.000000 4
3827 -1.000000 4
3830 1.000000 3
3834 -1.000000 4
3839 1.000000 5
3842 1.000000 3
3845 1.000000 3
3849 1.000000 4
3852 1.000000 3
3857 1.000000 5
3861 -1.000000 4
3865 -1.000000 4
3869 -1.000000 4
3873 -1.000000 4
3877 1.000000 4
3882 1.000000 5
3886 1.000000 4
3891 0.000000 5
3896 0.000000 5
3900 1.000000 4
3905 0.000000 5
3910 1.000000 5
3914 1.000000 4
3918 1.000000 4
3923 1.000000 5
3928 0.000000 5
3932 -1.000000 4
3936 -1.000000 4
3939 -1.000000 3
3944 1.000000 5
3947 -1.000000 3
3952 0.000000 5
3956 1.000000 4
3960 -1.000000 4
3964 1.000000 4
3968 -1.000000 4
3973 1.000000 5
3976 1.000000 3
3979 -1.000000 3
3983 1.000000 4
3988 0.000000 5
3993 0.000000 5
3997 -1.000000 4
4001 -1.000000 4
4004 1.000000 3
4009 1.000000 5
4013 1.000000 4
4016 1.000000 3
4020 1.000000 4
4023 1.000000 3
4027 -1.000000 4
4032 1.000000 5
4036 -1.000000 4
4040 -1.000000 4
4045 1.000000 5
4048 -1.000000 3
4053 1.000000 5
4057 -1.000000 4
4062 1.000000 5
4066 -1.000000 4
4071 1.000000 5
4075 -1.000000 4
4079 -1.000000 4
4084 1.000000 5
4087 -1.000000 3
4090 -1.000000 3
4094 1.000000 4
4099 0.000000 5
4103 1.000000 4
4106 -1.000000 3
4109 1.000000 3
4114 1.000000 5
4118 1.000000 4
4123 0.000000 5
4128 1.000000 5
4132 -1.000000 4
4137 0.000000 5
4140 1.000000 3
4144 -1.000000 4
4147 -1.000000 3
4151 -1.000000 4
4155 1.000000 4
4160 1.000000 5
4164 1.000000 4
4167 -1.000000 3
4172 0.000000 5
4175 1.000000 3
4178 -1.000000 3
4183 1.000000 5
4188 1.000000 5
4193 1.000000 5
4197 1.000000 4
4200 1.000000 3
4204 1.000000 4
4208 -1.000000 4
4211 -1.000000 3
4216 1.000000 5
4220 -1.000000 4
4224 -1.000000 4
4227 -1.000000 3
4232 1.000000 5
4236 -1.000000 4
4240 1.000000 4
4245 1.000000 5
4249 1.000000 4
4252 1.000000 3
4257 1.000000 5
4260 1.000000 3
4265 1.000000 5
4270 1.000000 5
4274 1.000000 4
4279 1.000000 5
4284 0.000000 5
4288 1.000000 4
4291 1.000000 3
4296 1.000000 5
4300 -1.000000 4
4305 0.000000 5
4309 -1.000000 4
4314 0.000000 5
4318 -1.000000 4
4322 1.000000 4
4326 1.000000 4
4331 1.000000 5
4334 1.000000 3
4337 1.000000 3
4340 -1.000000 3
4344 1.000000 4
4349 0.000000 5
4353 -1.000000 4
4358 0.000000 5
4363 0.000000 5
4367 -1.000000 4
4371 -1.000000 4
4375 1.000000 4
4378 1.000000 3
4382 1.000000 4
4386 -1.000000 4
4391 1.000000 5
4396 1.000000 5
4400 1.000000 4
4404 -1.000000 4
4408 -1.000000 4
4413 1.000000 5
4417 -1.000000 4
4421 1.000000 4
4425 -1.000000 4
4430 1.000000 5
4433 -1.000000 3
4438 1.000000 5
4443 1.000000 5
4447 1.000000 4
4452 1.000000 5
4456 1.000000 4
4460 -1.000000 4
4464 -1.000000 4
4467 1.000000 3
4470 -1.000000 3
4475 0.000000 5
4479 -1.000000 4
4483 -1.000000 4
4487 1.000000 4
4492 1.000000 5
4495 -1.000000 3
4500 0.000000 5
4504 -1.000000 4
4508 1.000000 4
4513 0.000000 5
4517 1.000000 4
4521 1.000000 4
4525 -1.000000 4
4530 0.000000 5
4535 0.000000 5
4539 1.000000 4
4544 1.000000 5
4548 -1.000000 4
4553 1.000000 5
4557 -1.000000 4
4562 0.000000 5
4566 1.000000 4
4571 1.000000 5
4575 1.000000 4
4578 1.000000 3
4583 1.000000 5
4587 1.000000 4
4592 1.000000 5
4596 1.000000 4
4599 1.000000 3
4602 -1.000000 3
4606 -1.000000 4
4611 1.000000 5
4616 0.000000 5
4621 1.000000 5
4625 1.000000 4
4630 1.000000 5
4634 1.000000 4
4639 0.000000 5
4642 1.000000 3
4645 1.000000 3
4649 -1.000000 4
4653 1.000000 4
4658 1.000000 5
4662 -1.000000 4
4665 -1.000000 3
4669 1.000000 4
4674 1.000000 5
4678 -1.000000 4
4681 -1.000000 3
4686 1.000000 5
4690 -1.000000 4
4695 1.000000 5
4700 1.000000 5
4705 1.000000 5
4710 1.000000 5
4713 -1.000000 3
4717 1.000000 4
4720 1.000000 3
4724 1.000000 4
4729 1.000000 5
4734 1.000000 5
4739 1.000000 5
4743 -1.000000 4
4747 1.000000 4
4751 1.000000 4
4754 -1.000000 3
4758 -1.000000 4
4762 1.000000 4
4767 1.000000 5
4771 -1.000000 4
4775 1.000000 4
4779 1.000000 4
4784 0.000000 5
4788 -1.000000 4
4791 1.000000 3
4795 1.000000 4
4800 1.000000 5
4804 1.000000 4
4807 1.000000 3
4811 1.000000 4
4815 1.000000 4
4819 1.000000 4
4824 0.000000 5
4828 1.000000 4
4833 0.000000 5
4838 1.000000 5
4841 -1.000000 3
4845 1.000000 4
4849 1.000000 4
4853 -1.000000 4
4857 1.000000 4
4862 1.000000 5
4865 -1.000000 3
4870 0.000000 5
4874 1.000000 4
4879 1.000000 5
4883 1.000000 4
4887 -1.000000 4
4892 1.000000 5
4897 1.000000 5
4901 1.000000 4
4906 1.000000 5
4910 -1.000000 4
4913 1.000000 3
4917 1.000000 4
4922 1.000000 5
4926 1.000000 4
4930 -1.000000 4
4934 1.000000 4
4937 -1.000000 3
4941 -1.000000 4
4946 1.000000 5
4950 -1.000000 4
4954 1.000000 4
4959 1.000000 5
4963 -1.000000 4
4968 0.000000 5
4972 1.000000 4
4976 -1.000000 4
4981 0.000000 5
4984 1.000000 3
4989 1.000000 5
4993 1.000000 4
4997 -1.000000 4
5001 1.000000 4
5006 0.000000 5
5009 -1.000000 3
5012 1.000000 3
5016 1.000000 4
5021 1.000000 5
5024 1.000000 3
5029 1.000000 5
5034 0.000000 5
5038 -1.000000 4
5042 1.000000 4
5046 -1.000000 4
5051 1.000000 5
5056 1.000000 5
5061 1.000000 5
5064 1.000000 3
5068 1.000000 4
5072 -1.000000 4
5076 1.000000 4
5079 -1.000000 3
5084 0.000000 5
5087 1.000000 3
5091 1.000000 4
5095 -1.000000 4
5098 -1.000000 3
5102 -1.000000 4
5107 1.000000 5
5112 0.000000 5
5116 1.000000 4
5121 1.000000 5
5124 1.000000 3
5128 1.000000 4
5133 0.000000 5
5137 -1.000000 4
5141 -1.000000 4
5144 1.000000 3
5148 1.000000 4
5152 -1.000000 4
5155 -1.000000 3
5160 0.000000 5
5163 -1.000000 3
5167 1.000000 4
5172 1.000000 5
5175 -1.000000 3
5180 0.000000 5
5184 1.000000 4
5189 1.000000 5
5193 1.000000 4
5198 0.000000 5
5202 1.000000 4
5205 -1.000000 3
5209 -1.000000 4
5214 0.000000 5
5218 1.000000 4
5222 1.000000 4
5226 -1.000000 4
5230 1.000000 4
5234 1.000000 4
5238 1.000000 4
5242 1.000000 4
5247 0.000000 5
5251 1.000000 4
5255 1.000000 4
5260 1.000000 5
5265 1.000000 5
5270 0.000000 5
5274 1.000000 4
5279 0.000000 5
5284 0.000000 5
5287 -1.000000 3
5291 1.000000 4
5294 1.000000 3
5298 -1.000000 4
5303 1.000000 5
5308 1.000000 5
5311 -1.000000 3
5316 0.000000 5
5320 1.000000 4
5325 0.000000 5
5330 1.000000 5
5334 1.000000 4
5339 1.000000 5
5343 -1.000000 4
5348 0.000000 5
5353 0.000000 5
5357 1.000000 4
5361 1.000000 4
5365 -1.000000 4
5368 -1.000000 3
5371 -1.000000 3
5376 0.000000 5
5380 1.000000 4
5383 1.000000 3
5388 0.000000 5
5393 1.000000 5
5397 1.000000 4
5401 -1.000000 4
5405 1.000000 4
5408 1.000000 3
5413 1.000000 5
5417 -1.000000 4
5421 -1.000000 4
5425 -1.000000 4
5429 1.000000 4
5434 0.000000 5
5438 -1.000000 4
5443 0.000000 5
5448 1.000000 5
5451 1.000000 3
5455 1.000000 4
5459 -1.000000 4
5464 1.000000 5
5469 1.000000 5
5474 1.000000 5
5478 1.000000 4
5482 -1.000000 4
5486 1.000000 4
5490 1.000000 4
5494 1.000000 4
5499 0.000000 5
5503 1.000000 4
5508 1.000000 5
5512 -1.000000 4
5516 -1.000000 4
5521 1.000000 5
5525 1.000000 4
5530 0.000000 5
5533 1.000000 3
5538 1.000000 5
5543 0.000000 5
5548 1.000000 5
5553 1.000000 5
5557 1.000000 4
5560 -1.000000 3
5565 1.000000 5
5569 1.000000 4
5573 -1.000000 4
5576 -1.000000 3
5581 0.000000 5
5585 -1.000000 4
5590 0.000000 5
5593 1.000000 3
5596 1.000000 3
5600 -1.000000 4
5604 -1.000000 4
5608 1.000000 4
5613 1.000000 5
5617 -1.000000 4
5621 1.000000 4
5626 0.000000 5
5629 1.000000 3
5633 -1.000000 4
5638 0.000000 5
5642 -1.000000 4
5646 -1.000000 4
5650 -1.000000 4
5655 1.000000 5
5660 0.000000 5
5665 1.000000 5
5668 1.000000 3
5671 1.000000 3
5675 -1.000000 4
5680 0.000000 5
5683 -1.000000 3
5687 1.000000 4
5692 1.000000 5
5696 -1.000000 4
5700 1.000000 4
5705 1.000000 5
5709 -1.000000 4
5713 1.000000 4
5718 0.000000 5
5722 1.000000 4
5726 1.000000 4
5730 -1.000000 4
5733 1.000000 3
5738 0.000000 5
5743 0.000000 5
5747 -1.000000 4
5752 1.000000 5
5756 1.000000 4
5760 1.000000 4
5764 1.000000 4
5769 1.000000 5
5772 1.000000 3
5777 1.000000 5
5782 1.000000 5
5787 0.000000 5
5791 1.000000 4
5796 1.000000 5
5801 1.000000 5
5805 -1.000000 4
5810 1.000000 5
5815 1.000000 5
5819 1.000000 4
5824 0.000000 5
5828 1.000000 4
5832 1.000000 4
5836 1.000000 4
5840 -1.000000 4
5844 1.000000 4
5848 -1.000000 4
5852 -1.000000 4
5856 -1.000000 4
5861 1.000000 5
5864 -1.000000 3
5868 1.000000 4
5872 -1.000000 4
5876 1.000000 4
5881 0.000000 5
5884 -1.000000 3
5888 1.000000 4
5891 1.000000 3
5895 1.000000 4
5900 1.000000 5
5905 0.000000 5
5909 1.000000 4
5913 -1.000000 4
5918 1.000000 5
5922 1.000000 4
5926 -1.000000 4
5930 -1.000000 4
5935 1.000000 5
5939 -1.000000 4
5943 1.000000 4
5948 0.000000 5
5953 1.000000 5
5958 0.000000 5
5963 1.000000 5
5968 1.000000 5
5971 1.000000 3
5976 0.000000 5
5980 1.000000 4
5984 1.000000 4
5988 1.000000 4
5991 1.000000 3
5996 1.000000 5
6001 1.000000 5
6006 0.000000 5
6009 1.000000 3
6014 0.000000 5
6019 1.000000 5
6023 1.000000 4
6028 1.000000 5
6031 1.000000 3
6035 1.000000 4
6040 1.000000 5
6045 0.000000 5
6050 1.000000 5
6055 1.000000 5
6059 -1.000000 4
6062 1.000000 3
6066 1.000000 4
6071 1.000000 5
6074 -1.000000 3
6079 1.000000 5
6082 1.000000 3
6085 1.000000 3
6089 -1.000000 4
6093 -1.000000 4
6097 -1.000000 4
6101 1.000000 4
6104 -1.000000 3
6107 -1.000000 3
6112 0.000000 5
6115 -1.000000 3
6120 1.000000 5
6125 1.000000 5
6129 1.000000 4
6134 1.000000 5
6138 -1.000000 4
6143 0.000000 5
6146 -1.000000 3
6151 0.000000 5
6154 -1.000000 3
6157 1.000000 3
6162 1.000000 5
6166 1.000000 4
6171 1.000000 5
6175 -1.000000 4
6178 1.000000 3
6182 1.000000 4
6186 -1.000000 4
6191 0.000000 5
6196 0.000000 5
6201 1.000000 5
6206 1.000000 5
6209 1.000000 3
6213 1.000000 4
6217 -1.000000 4
6221 -1.000000 4
6226 1.000000 5
6229 -1.000000 3
6233 -1.000000 4
6236 -1.000000 3
6241 1.000000 5
6246 0.000000 5
6250 -1.000000 4
6253 -1.000000 3
6258 1.000000 5
6262 -1.000000 4
6267 0.000000 5
6271 1.000000 4
6276 0.000000 5
6280 1.000000 4
6284 1.000000 4
6289 1.000000 5
6293 -1.000000 4
6296 1.000000 3
6300 1.000000 4
6303 -1.000000 3
6307 -1.000000 4
6311 -1.000000 4
6315 1.000000 4
6320 0.000000 5
6325 1.000000 5
6329 1.000000 4
6333 1.000000 4
6337 1.000000 4
6342 1.000000 5
6347 1.000000 5
6352 0.000000 5
6356 -1.000000 4
6361 1.000000 5
6365 1.000000 4
6369 -1.000000 4
6373 1.000000 4
6378 0.000000 5
6382 1.000000 4
6386 1.000000 4
6390 -1.000000 4
6395 1.000000 5
6399 1.000000 4
6403 -1.000000 4
6406 1.000000 3
6411 1.000000 5
6415 -1.000000 4
6418 1.000000 3
6422 -1.000000 4
6426 -1.000000 4
6431 1.000000 5
6436 1.000000 5
6440 1.000000 4
6444 -1.000000 4
6449 1.000000 5
6453 1.000000 4
6457 1.000000 4
6461 -1.000000 4
6464 1.000000 3
6467 -1.000000 3
6472 1.000000 5
6476 1.000000 4
6481 0.000000 5
6484 -1.000000 3
6488 1.000000 4
6491 1.000000 3
6496 0.000000 5
6501 1.000000 5
6506 1.000000 5
6510 -1.000000 4
6515 0.000000 5
6519 -1.000000 4
6522 -1.000000 3
6527 1.000000 5
6532 1.000000 5
6537 0.000000 5
6542 1.000000 5
6546 1.000000 4
6551 0.000000 5
6555 -1.000000 4
6559 -1.000000 4
6563 1.000000 4
6568 1.000000 5
6573 1.000000 5
6577 1.000000 4
6582 1.000000 5
6586 1.000000 4
6590 1.000000 4
6594 -1.000000 4
6599 1.000000 5
6604 0.000000 5
6608 1.000000 4
6612 1.000000 4
6616 1.000000 4
6620 -1.000000 4
6625 1.000000 5
6630 1.000000 5
6635 1.000000 5
6640 1.000000 5
6645 1.000000 5
6650 1.000000 5
6654 -1.000000 4
6658 1.000000 4
6662 -1.000000 4
6665 1.000000 3
6670 1.000000 5
6674 -1.000000 4
6679 1.000000 5
6682 1.000000 3
6686 1.000000 4
6690 1.000000 4
6693 1.000000 3
6696 -1.000000 3
6700 -1.000000 4
6704 -1.000000 4
6708 1.000000 4
6713 1.000000 5
6717 1.000000 4
6721 -1.000000 4
6726 1.000000 5
6731 0.000000 5
6735 1.000000 4
6740 0.000000 5
6744 1.000000 4
6749 1.000000 5
6754 1.000000 5
6759 1.000000 5
6763 1.000000 4
6766 -1.000000 3
6771 1.000000 5
6774 -1.000000 3
6779 1.000000 5
6782 -1.000000 3
6786 1.000000 4
6791 1.000000 5
6796 1.000000 5
6800 1.000000 4
6804 1.000000 4
6809 0.000000 5
6813 1.000000 4
6817 -1.000000 4
6821 1.000000 4
6824 -1.000000 3
6827 -1.000000 3
6832 1.000000 5
6836 -1.000000 4
6840 -1.000000 4
6844 1.000000 4
6849 1.000000 5
6854 1.000000 5
6858 -1.000000 4
6863 0.000000 5
6867 1.000000 4
6870 1.000000 3
6874 1.000000 4
6877 -1.000000 3
6882 1.000000 5
6886 1.000000 4
6891 1.000000 5
6895 1.000000 4
6899 1.000000 4
6902 1.000000 3
6907 1.000000 5
6912 0.000000 5
6917 1.000000 5
6922 1.000000 5
6927 1.000000 5
6931 1.000000 4
6936 1.000000 5
6940 1.000000 4
6945 1.000000 5
6949 1.000000 4
6954 1.000000 5
6959 0.000000 5
6964 1.000000 5
6968 1.000000 4
6972 -1.000000 4
6977 1.000000 5
6981 -1.000000 4
6984 1.000000 3
6989 0.000000 5
6993 1.000000 4
6997 -1.000000 4
7000 1.000000 3
7005 0.000000 5
7009 1.000000 4
7013 1.000000 4
7016 -1.000000 3
7021 0.000000 5
7024 1.000000 3
7029 1.000000 5
7032 -1.000000 3
7036 -1.000000 4
7040 -1.000000 4
7045 0.000000 5
7050 0.000000 5
7055 0.000000 5
7059 1.000000 4
7063 1.000000 4
7066 1.000000 3
7070 1.000000 4
7074 -1.000000 4
7078 -1.000000 4
7082 1.000000 4
7087 1.000000 5
7091 1.000000 4
7096 1.000000 5
7100 1.000000 4
7105 1.000000 5
7110 1.000000 5
7114 1.000000 4
7119 0.000000 5
7123 -1.000000 4
7128 0.000000 5
7133 0.000000 5
7138 1.000000 5
7143 1.000000 5
7146 -1.000000 3
7150 1.000000 4
7155 1.000000 5
7160 0.000000 5
7164 -1.000000 4
7169 0.000000 5
7174 1.000000 5
7178 1.000000 4
7182 -1.000000 4
7185 -1.000000 3
7190 0.000000 5
7194 -1.000000 4
7198 1.000000 4
7202 -1.000000 4
7205 1.000000 3
7209 -1.000000 4
7214 0.000000 5
7219 1.000000 5
7224 1.000000 5
7229 0.000000 5
7233 1.000000 4
7237 1.000000 4
7241 -1.000000 4
7244 -1.000000 3
7248 1.000000 4
7252 -1.000000 4
7257 0.000000 5
7262 1.000000 5
7266 1.000000 4
7271 1.000000 5
7275 1.000000 4
7280 0.000000 5
7285 1.000000 5
7288 -1.000000 3
7293 1.000000 5
7297 -1.000000 4
7302 1.000000 5
7307 1.000000 5
7312 0.000000 5
7316 1.000000 4
7320 -1.000000 4
7325 1.000000 5
7330 1.000000 5
7335 1.000000 5
7339 1.000000 4
7344 1.000000 5
7349 0.000000 5
7354 1.000000 5
7358 1.000000 4
7362 -1.000000 4
7366 1.000000 4
7370 1.000000 4
7373 -1.000000 3
7378 1.000000 5
7381 -1.000000 3
7385 1.000000 4
7389 1.000000 4
7393 1.000000 4
7397 1.000000 4
7400 1.000000 3
7404 -1.000000 4
7408 1.000000 4
7412 1.000000 4
7415 1.000000 3
7419 -1.000000 4
7424 1.000000 5
7428 1.000000 4
7433 1.000000 5
7438 1.000000 5
7443 0.000000 5
7448 1.000000 5
7452 1.000000 4
7457 1.000000 5
7460 1.000000 3
7465 1.000000 5
7469 -1.000000 4
7472 1.000000 3
7476 1.000000 4
7481 1.000000 5
7485 1.000000 4
7489 1.000000 4
7494 1.000000 5
7499 1.000000 5
7503 -1.000000 4
7507 1.000000 4
7511 1.000000 4
7514 1.000000 3
7518 -1.000000 4
7521 1.000000 3
7525 1.000000 4
7530 0.000000 5
7533 -1.000000 3
7538 1.000000 5
7543 0.000000 5
7547 1.000000 4
7551 1.000000 4
7556 0.000000 5
7561 1.000000 5
7566 0.000000 5
7571 1.000000 5
7574 -1.000000 3
7579 1.000000 5
7583 1.000000 4
7588 1.000000 5
7592 -1.000000 4
7595 -1.000000 3
7598 -1.000000 3
7603 1.000000 5
7607 1.000000 4
7611 1.000000 4
7616 0.000000 5
7620 1.000000 4
7623 -1.000000 3
7628 0.000000 5
7632 -1.000000 4
7636 1.000000 4
7639 -1.000000 3
7644 0.000000 5
7648 -1.000000 4
7652 -1.000000 4
7657 0.000000 5
7661 -1.000000 4
7665 1.000000 4
7669 1.000000 4
7674 0.000000 5
7678 1.000000 4
7681 1.000000 3
7685 -1.000000 4
7690 1.000000 5
7695 1.000000 5
7700 1.000000 5
7704 1.000000 4
7709 0.000000 5
7714 0.000000 5
7718 1.000000 4
7721 1.000000 3
7724 1.000000 3
7729 0.000000 5
7732 1.000000 3
7735 1.000000 3
7740 1.000000 5
7744 1.000000 4
7749 1.000000 5
7753 1.000000 4
7758 1.000000 5
7763 1.000000 5
7767 1.000000 4
7772 1.000000 5
7776 -1.000000 4
7781 1.000000 5
7786 1.000000 5
7791 1.000000 5
7796 1.000000 5
7800 1.000000 4
7804 -1.000000 4
7807 -1.000000 3
7811 1.000000 4
7815 1.000000 4
7819 1.000000 4
7823 -1.000000 4
7828 1.000000 5
7832 -1.000000 4
7835 -1.000000 3
7839 1.000000 4
7843 1.000000 4
7846 -1.000000 3
7850 1.000000 4
7853 1.000000 3
7858 0.000000 5
7862 1.000000 4
7867 1.000000 5
7871 1.000000 4
7876 1.000000 5
7880 -1.000000 4
7884 -1.000000 4
7887 1.000000 3
7892 0.000000 5
7897 0.000000 5
7902 1.000000 5
7905 1.000000 3
7908 1.000000 3
7912 -1.000000 4
7916 1.000000 4
7921 1.000000 5
7926 1.000000 5
7931 1.000000 5
7936 0.000000 5
7940 -1.000000 4
7944 1.000000 4
7948 -1.000000 4
7952 1.000000 4
7957 0.000000 5
7962 1.000000 5
7965 1.000000 3
7968 1.000000 3
7972 1.000000 4
7977 1.000000 5
7982 0.000000 5
7985 1.000000 3
7989 1.000000 4
7994 0.000000 5
7999 1.000000 5
8003 1.000000 4
8008 1.000000 5
8013 1.000000 5
8018 1.000000 5
8022 1.000000 4
8027 1.000000 5
8031 -1.000000 4
8036 1.000000 5
8039 -1.000000 3
8042 1.000000 3
8046 -1.000000 4
8051 1.000000 5
8055 -1.000000 4
8059 1.000000 4
8062 -1.000000 3
8065 1.000000 3
8069 1.000000 4
8073 -1.000000 4
8078 1.000000 5
8082 -1.000000 4
8087 1.000000 5
8092 0.000000 5
8095 -1.000000 3
8099 1.000000 4
8104 1.000000 5
8109 0.000000 5
8112 1.000000 3
8116 1.000000 4
8119 1.000000 3
8123 1.000000 4
8127 -1.000000 4
8132 0.000000 5
8137 0.000000 5
8141 1.000000 4
8145 1.000000 4
8149 -1.000000 4
8152 1.000000 3
8155 -1.000000 3
8159 -1.000000 4
8164 1.000000 5
8169 1.000000 5
8174 0.000000 5
8179 1.000000 5
8184 0.000000 5
8188 1.000000 4
8192 -1.000000 4
8196 -1.000000 4
8200 -1.000000 4
8204 1.000000 4
8209 1.000000 5
8214 1.000000 5
8219 0.000000 5
8223 1.000000 4
8227 1.000000 4
8230 1.000000 3
8234 1.000000 4
8239 1.000000 5
8244 0.000000 5
8248 -1.000000 4
8253 0.000000 5
8257 1.000000 4
8262 1.000000 5
8267 1.000000 5
8270 1.000000 3
8274 1.000000 4
8277 -1.000000 3
8282 0.000000 5
8286 -1.000000 4
8291 1.000000 5
8296 1.000000 5
8301 0.000000 5
8305 1.000000 4
8309 -1.000000 4
8313 1.000000 4
8317 1.000000 4
8322 0.000000 5
8326 1.000000 4
8329 1.000000 3
8334 1.000000 5
8337 1.000000 3
8340 1.000000 3
8345 1.000000 5
8349 -1.000000 4
8354 1.000000 5
8358 1.000000 4
8362 1.000000 4
8366 -1.000000 4
8371 0.000000 5
8376 0.000000 5
8381 1.000000 5
8385 1.000000 4
8390 1.000000 5
8393 1.000000 3
8398 1.000000 5
8402 -1.000000 4
8407 1.000000 5
8410 -1.000000 3
8414 1.000000 4
8418 1.000000 4
8423 0.000000 5
8426 -1.000000 3
8430 -1.000000 4
8435 0.000000 5
8439 1.000000 4
8442 1.000000 3
8447 0.000000 5
8451 1.000000 4
8455 1.000000 4
8458 -1.000000 3
8461 1.000000 3
8464 -1.000000 3
8468 -1.000000 4
8473 1.000000 5
8477 -1.000000 4
8481 -1.000000 4
8486 0.000000 5
8491 1.000000 5
8495 1.000000 4
8499 1.000000 4
8503 1.000000 4
8508 0.000000 5
8513 1.000000 5
8517 1.000000 4
8521 1.000000 4
8524 1.000000 3
8528 1.000000 4
8533 1.000000 5
8537 1.000000 4
8542 1.000000 5
8547 0.000000 5
8550 1.000000 3
8554 1.000000 4
8558 -1.000000 4
8563 1.000000 5
8567 -1.000000 4
8571 1.000000 4
8575 1.000000 4
8579 1.000000 4
8582 1.000000 3
8586 -1.000000 4
8591 0.000000 5
8596 0.000000 5
8600 -1.000000 4
8604 -1.000000 4
8608 1.000000 4
8613 0.000000 5
8616 1.000000 3
8620 1.000000 4
8625 1.000000 5
8629 -1.000000 4
8633 -1.000000 4
8637 1.000000 4
8641 1.000000 4
8645 -1.000000 4
8649 1.000000 4
8654 0.000000 5
8659 0.000000 5
8663 1.000000 4
8668 1.000000 5
8673 1.000000 5
8678 1.000000 5
8683 1.000000 5
8688 0.000000 5
8692 1.000000 4
8697 0.000000 5
8701 1.000000 4
8706 1.000000 5
8710 1.000000 4
8714 1.000000 4
8719 1.000000 5
8723 -1.000000 4
8727 1.000000 4
8731 -1.000000 4
8735 1.000000 4
8739 -1.000000 4
8744 1.000000 5
8748 1.000000 4
8752 -1.000000 4
8757 0.000000 5
8761 1.000000 4
8765 1.000000 4
8769 -1.000000 4
8772 1.000000 3
8776 -1.000000 4
8780 1.000000 4
8784 -1.000000 4
8789 1.000000 5
8793 1.000000 4
8797 -1.000000 4
8802 1.000000 5
8806 -1.000000 4
8811 1.000000 5
8816 0.000000 5
8820 1.000000 4
8825 1.000000 5
8829 -1.000000 4
8834 0.000000 5
8838 -1.000000 4
8843 0.000000 5
8846 1.000000 3
8850 1.000000 4
8854 1.000000 4
8858 1.000000 4
8863 1.000000 5
8867 -1.000000 4
8871 1.000000 4
8876 1.000000 5
8880 1.000000 4
8884 1.000000 4
8888 -1.000000 4
8893 0.000000 5
8897 1.000000 4
8902 0.000000 5
8905 1.000000 3
8910 0.000000 5
8915 1.000000 5
8920 1.000000 5
8923 1.000000 3
8928 1.000000 5
8931 1.000000 3
8934 1.000000 3
8939 0.000000 5
8943 1.000000 4
8947 -1.000000 4
8951 1.000000 4
8955 1.000000 4
8958 1.000000 3
8963 1.000000 5
8966 1.000000 3
8969 1.000000 3
8974 0.000000 5
8979 1.000000 5
8984 0.000000 5
8988 1.000000 4
8993 1.000000 5
8997 1.000000 4
9001 1.000000 4
9004 -1.000000 3
9007 1.000000 3
9010 -1.000000 3
9015 0.000000 5
9019 1.000000 4
9024 1.000000 5
9028 -1.000000 4
9033 0.000000 5
9036 -1.000000 3
9041 1.000000 5
9045 -1.000000 4
9048 -1.000000 3
9052 -1.000000 4
9057 1.000000 5
9061 1.000000 4
9065 -1.000000 4
9068 1.000000 3
9071 -1.000000 3
9076 1.000000 5
9080 -1.000000 4
9083 -1.000000 3
9088 0.000000 5
9092 -1.000000 4
9096 1.000000 4
9099 1.000000 3
9103 1.000000 4
9107 -1.000000 4
9112 1.000000 5
9115 1.000000 3
9120 1.000000 5
9123 1.000000 3
9126 1.000000 3
9129 -1.000000 3
9133 -1.000000 4
9137 1.000000 4
9142 0.000000 5
9146 1.000000 4
9151 1.000000 5
9154 1.000000 3
9158 1.000000 4
9161 -1.000000 3
9166 1.000000 5
9170 1.000000 4
9173 -1.000000 3
9176 1.000000 3
9180 -1.000000 4
9183 1.000000 3
9188 1.000000 5
9192 -1.000000 4
9196 1.000000 4
9199 1.000000 3
9203 -1.000000 4
9206 -1.000000 3
9211 1.000000 5
9215 1.000000 4
9218 1.000000 3
9222 1.000000 4
9226 1.000000 4
9230 -1.000000 4
9234 1.000000 4
9238 1.000000 4
9242 1.000000 4
9246 1.000000 4
9251 1.000000 5
9254 -1.000000 3
9258 1.000000 4
9261 1.000000 3
9266 1.000000 5
9271 0.000000 5
9276 1.000000 5
9280 1.000000 4
9284 1.000000 4
9287 -1.000000 3
9290 1.000000 3
9294 -1.000000 4
9297 1.000000 3
9300 -1.000000 3
9305 0.000000 5
9309 -1.000000 4
9313 1.000000 4
9316 -1.000000 3
9321 1.000000 5
9325 -1.000000 4
9330 1.000000 5
9334 -1.000000 4
9339 1.000000 5
9344 0.000000 5
9347 1.000000 3
9351 1.000000 4
9355 -1.000000 4
9358 1.000000 3
9362 1.000000 4
9366 -1.000000 4
9369 1.000000 3
9374 0.000000 5
9378 1.000000 4
9383 0.000000 5
9387 -1.000000 4
9392 1.000000 5
9395 -1.000000 3
9399 -1.000000 4
9402 1.000000 3
9407 0.000000 5
9411 1.000000 4
9414 1.000000 3
9419 1.000000 5
9422 1.000000 3
9426 -1.000000 4
9429 -1.000000 3
9432 1.000000 3
9436 1.000000 4
9440 1.000000 4
9444 1.000000 4
9448 -1.000000 4
9452 1.000000 4
9455 1.000000 3
9460 1.000000 5
9465 0.000000 5
9470 0.000000 5
9475 0.000000 5
9479 1.000000 4
9483 -1.000000 4
9487 1.000000 4
9491 1.000000 4
9496 0.000000 5
9499 -1.000000 3
9504 0.000000 5
9507 1.000000 3
9511 1.000000 4
9516 0.000000 5
9519 1.000000 3
9524 1.000000 5
9528 1.000000 4
9533 1.000000 5
9538 1.000000 5
9542 1.000000 4
9545 1.000000 3
9549 -1.000000 4
9553 1.000000 4
9557 1.000000 4
9561 -1.000000 4
9564 1.000000 3
9568 -1.000000 4
9572 1.000000 4
9576 1.000000 4
9580 -1.000000 4
9584 -1.000000 4
9588 1.000000 4
9592 -1.000000 4
9595 1.000000 3
9600 1.000000 5
9604 -1.000000 4
9609 1.000000 5
9613 -1.000000 4
9617 -1.000000 4
9620 1.000000 3
9624 1.000000 4
9629 1.000000 5
9634 1.000000 5
9637 1.000000 3
9641 -1.000000 4
9644 -1.000000 3
9649 1.000000 5
9652 -1.000000 3
9656 1.000000 4
9660 1.000000 4
9665 1.000000 5
9669 1.000000 4
9673 1.000000 4
9678 1.000000 5
9683 0.000000 5
9686 -1.000000 3
9690 -1.000000 4
9695 0.000000 5
9699 1.000000 4
9704 1.000000 5
9709 0.000000 5
9714 1.000000 5
9718 -1.000000 4
9722 1.000000 4
9726 1.000000 4
9730 1.000000 4
9733 1.000000 3
9736 -1.000000 3
9739 1.000000 3
9744 0.000000 5
9748 -1.000000 4
9751 -1.000000 3
9755 1.000000 4
9759 -1.000000 4
9764 0.000000 5
9767 -1.000000 3
9770 1.000000 3
9774 -1.000000 4
9779 1.000000 5
9782 -1.000000 3
9787 0.000000 5
9791 1.000000 4
9796 1.000000 5
9800 -1.000000 4
9804 -1.000000 4
9808 1.000000 4
9811 1.000000 3
9816 1.000000 5
9821 0.000000 5
9826 0.000000 5
9831 0.000000 5
9834 1.000000 3
9838 1.000000 4
9842 1.000000 4
9847 1.000000 5
9851 1.000000 4
9856 1.000000 5
9860 -1.000000 4
9863 -1.000000 3
9868 0.000000 5
9871 1.000000 3
9876 1.000000 5
9880 1.000000 4
9885 0.000000 5
9890 1.000000 5
9894 1.000000 4
9898 1.000000 4
9902 1.000000 4
9907 1.000000 5
9910 -1.000000 3
9914 1.000000 4
9917 1.000000 3
9921 -1.000000 4
9926 1.000000 5
9931 1.000000 5
9935 -1.000000 4
9938 -1.000000 3
9943 1.000000 5
9947 1.000000 4
9952 1.000000 5
9957 1.000000 5
9962 1.000000 5
9965 1.000000 3
9969 1.000000 4
9974 0.000000 5
9979 1.000000 5
9983 -1.000000 4
9987 1.000000 4
9991 1.000000 4
9995 1.000000 4
10000 1.000000 5
10003 -1.000000 3
10006 -1.000000 3
10009 -1.000000 3
10012 -1.000000 3
10015 -1.000000 3
10018 -1.000000 3
10021 -1.000000 3
10024 -1.000000 3
10027 -1.000000 3
10030 -1.000000 3
10033 -1.000000 3
10036 -1.000000 3
10039 -1.000000 3
10042 -1.000000 3
10045 -1.000000 3
10048 -1.000000 3
10051 -1.000000 3
10054 -1.000000 3
10057 -1.000000 3
10060 -1.000000 3
10065 0.000000 5
10068 -1.000000 3
10071 -1.000000 3
10074 -1.000000 3
10077 -1.000000 3
10080 -1.000000 3
10083 -1.000000 3
10086 -1.000000 3
10089 -1.000000 3
10092 -1.000000 3
10095 -1.000000 3
10098 -1.000000 3
10101 -1.000000 3
10104 -1.000000 3
10107 -1.000000 3
10110 -1.000000 3
10113 -1.000000 3
10116 -1.000000 3
10119 -1.000000 3
10122 -1.000000 3
10125 -1.000000 3
10128 -1.000000 3
10131 -1.000000 3
10134 -1.000000 3
10137 -1.000000 3
10140 -1.000000 3
10143 -1.000000 3
10146 -1.000000 3
10149 -1.000000 3
10152 -1.000000 3
10155 -1.000000 3
10158 -1.000000 3
10161 -1.000000 3
10164 -1.000000 3
10167 -1.000000 3
10170 -1.000000 3
10173 -1.000000 3
10176 -1.000000 3
10179 -1.000000 3
10182 -1.000000 3
10185 -1.000000 3
10188 -1.000000 3
10191 -1.000000 3
10194 -1.000000 3
10197 -1.000000 3
10200 -1.000000 3
10203 -1.000000 3
10206 -1.000000 3
10209 -1.000000 3
10212 -1.000000 3
10215 -1.000000 3
10218 -1.000000 3
10221 -1.000000 3
10224 -1.000000 3
10227 -1.000000 3
10230 -1.000000 3
10233 -1.000000 3
10236 -1.000000 3
10239 -1.000000 3
10242 -1.000000 3
10245 -1.000000 3
10248 -1.000000 3
10251 -1.000000 3
10254 -1.000000 3
10257 -1.000000 3
10260 -1.000000 3
10263 -1.000000 3
10266 -1.000000 3
10269 -1.000000 3
10272 -1.000000 3
10275 -1.000000 3
10278 -1.000000 3
10281 -1.000000 3
10284 -1.000000 3
10287 -1.000000 3
10290 -1.000000 3
10293 -1.000000 3
10296 -1.000000 3
10299 -1.000000 3
10302 -1.000000 3
10305 -1.000000 3
10308 -1.000000 3
10311 -1.000000 3
10314 -1.000000 3
10317 -1.000000 3
10320 -1.000000 3
10323 -1.000000 3
10326 -1.000000 3
10329 -1.000000 3
10332 -1.000000 3
10335 -1.000000 3
10338 -1.000000 3
10341 -1.000000 3
10344 -1.000000 3
10347 -1.000000 3
10350 -1.000000 3
10353 -1.000000 3
10356 -1.000000 3
10359 -1.000000 3
10362 -1.000000 3
10365 -1.000000 3
10368 -1.000000 3
10371 -1.000000 3
10374 -1.000000 3
10377 -1.000000 3
10380 -1.000000 3
10383 -1.000000 3
10386 -1.000000 3
10389 -1.000000 3
10392 -1.000000 3
10395 -1.000000 3
10398 -1.000000 3
10401 -1.000000 3
10404 -1.000000 3
10407 -1.000000 3
10410 -1.000000 3
10413 -1.000000 3
10416 -1.000000 3
10419 -1.000000 3
10422 -1.000000 3
10425 -1.000000 3
10428 -1.000000 3
10431 -1.000000 3
10434 -1.000000 3
10437 -1.000000 3
10440 -1.000000 3
10443 -1.000000 3
10446 -1.000000 3
10449 -1.000000 3
10452 -1.000000 3
10455 -1.000000 3
10458 -1.000000 3
10461 -1.000000 3
10464 -1.000000 3
10467 -1.000000 3
10470 -1.000000 3
10473 -1.000000 3
10476 -1.000000 3
10479 -1.000000 3
10482 -1.000000 3
10485 -1.000000 3
10488 -1.000000 3
10491 -1.000000 3
10494 -1.000000 3
10497 -1.000000 3
10500 -1.000000 3
10503 -1.000000 3
10506 -1.000000 3
10509 -1.000000 3
10512 -1.000000 3
10515 -1.000000 3
10518 -1.000000 3
10521 -1.000000 3
10524 -1.000000 3
10527 -1.000000 3
10530 -1.000000 3
10533 -1.000000 3
10536 -1.000000 3
10539 -1.000000 3
10542 -1.000000 3
10545 -1.000000 3
10548 -1.000000 3
10551 -1.000000 3
10554 -1.000000 3
10557 -1.000000 3
10560 -1.000000 3
10563 -1.000000 3
10566 -1.000000 3
10569 -1.000000 3
10572 -1.000000 3
10575 -1.000000 3
10578 -1.000000 3
10581 -1.000000 3
10584 -1.000000 3
10587 -1.000000 3
10590 -1.000000 3
10593 -1.000000 3
10596 -1.000000 3
10599 -1.000000 3
10602 -1.000000 3
10605 -1.000000 3
10608 -1.000000 3
10611 -1.000000 3
10614 -1.000000 3
10617 -1.000000 3
10620 -1.000000 3
10623 -1.000000 3
10626 -1.000000 3
10629 -1.000000 3
10632 -1.000000 3
10635 -1.000000 3
10638 -1.000000 3
10641 -1.000000 3
10644 -1.000000 3
10647 -1.000000 3
10650 -1.000000 3
10653 -1.000000 3
10656 -1.000000 3
10659 -1.000000 3
10662 -1.000000 3
10665 -1.000000 3
10668 -1.000000 3
10671 -1.000000 3
10674 -1.000000 3
10677 -1.000000 3
10680 -1.000000 3
10683 -1.000000 3
10686 -1.000000 3
10689 -1.000000 3
10692 -1.000000 3
10695 -1.000000 3
10698 -1.000000 3
10701 -1.000000 3
10704 -1.000000 3
10707 -1.000000 3
10710 -1.000000 3
10713 -1.000000 3
10716 -1.000000 3
10719 -1.000000 3
10722 -1.000000 3
10725 -1.000000 3
10728 -1.000000 3
10731 -1.000000 3
10734 -1.000000 3
10737 -1.000000 3
10740 -1.000000 3
10743 -1.000000 3
10746 -1.000000 3
10749 -1.000000 3
10752 -1.000000 3
10755 -1.000000 3
10758 -1.000000 3
10761 -1.000000 3
10764 -1.000000 3
10767 -1.000000 3
10770 -1.000000 3
10773 -1.000000 3
10776 -1.000000 3
10779 -1.000000 3
10782 -1.000000 3
10785 -1.000000 3
10788 -1.000000 3
10791 -1.000000 3
10794 -1.000000 3
10797 -1.000000 3
10800 -1.000000 3
10803 -1.000000 3
10806 -1.000000 3
10809 -1.000000 3
10812 -1.000000 3
10815 -1.000000 3
10818 -1.000000 3
10821 -1.000000 3
10824 -1.000000 3
10827 -1.000000 3
10830 -1.000000 3
10833 -1.000000 3
10836 -1.000000 3
10839 -1.000000 3
10842 -1.000000 3
10845 -1.000000 3
10848 -1.000000 3
10851 -1.000000 3
10854 -1.000000 3
10857 -1.000000 3
10860 -1.000000 3
10863 -1.000000 3
10866 -1.000000 3
10869 -1.000000 3
10872 -1.000000 3
10875 -1.000000 3
10878 -1.000000 3
10881 -1.000000 3
10884 -1.000000 3
10887 -1.000000 3
10890 -1.000000 3
10893 -1.000000 3
10896 -1.000000 3
10899 -1.000000 3
10902 -1.000000 3
10905 -1.000000 3
10908 -1.000000 3
10911 -1.000000 3
10914 -1.000000 3
10917 -1.000000 3
10920 -1.000000 3
10923 -1.000000 3
10926 -1.000000 3
10929 -1.000000 3
10932 -1.000000 3
10935 -1.000000 3
10938 -1.000000 3
10941 -1.000000 3
10944 -1.000000 3
10947 -1.000000 3
10950 -1.000000 3
10953 -1.000000 3
10956 -1.000000 3
10959 -1.000000 3
10962 -1.000000 3
10965 -1.000000 3
10968 -1.000000 3
10971 -1.000000 3
10974 -1.000000 3
10977 -1.000000 3
10980 -1.000000 3
10983 -1.000000 3
10986 -1.000000 3
10989 -1.000000 3
10992 -1.000000 3
10995 -1.000000 3
10998 -1.000000 3
11001 -1.000000 3
11006 0.000000 5
11010 1.000000 4
11014 1.000000 4
11018 1.000000 4
11022 1.000000 4
11027 0.000000 5
11031 1.000000 4
11035 1.000000 4
11040 0.000000 5
11043 1.000000 3
11047 1.000000 4
11051 1.000000 4
11054 1.000000 3
11057 1.000000 3
11060 -1.000000 3
11064 1.000000 4
11068 1.000000 4
11073 1.000000 5
11077 1.000000 4
11081 1.000000 4
11085 1.000000 4
11090 0.000000 5
11094 1.000000 4
11097 1.000000 3
11101 1.000000 4
11106 0.000000 5
11109 1.000000 3
11114 0.000000 5
11117 1.000000 3
11121 1.000000 4
11124 1.000000 3
11128 1.000000 4
11131 1.000000 3
11136 0.000000 5
11139 -1.000000 3
11143 1.000000 4
11146 1.000000 3
11150 -1.000000 4
11155 0.000000 5
11160 0.000000 5
11164 1.000000 4
11167 1.000000 3
11171 1.000000 4
11175 1.000000 4
11178 1.000000 3
11181 1.000000 3
11185 1.000000 4
11189 1.000000 4
11193 1.000000 4
11196 -1.000000 3
11199 1.000000 3
11203 1.000000 4
11208 1.000000 5
11212 1.000000 4
11215 -1.000000 3
11219 1.000000 4
11223 1.000000 4
11228 0.000000 5
11232 1.000000 4
11237 1.000000 5
11241 1.000000 4
11245 1.000000 4
11248 -1.000000 3
11251 1.000000 3
11254 1.000000 3
11258 1.000000 4
11263 0.000000 5
11267 1.000000 4
11271 1.000000 4
11274 1.000000 3
11279 0.000000 5
11283 1.000000 4
11286 1.000000 3
11289 1.000000 3
11294 0.000000 5
11298 1.000000 4
11302 1.000000 4
11306 -1.000000 4
11309 1.000000 3
11314 0.000000 5
11318 1.000000 4
11322 1.000000 4
11326 1.000000 4
11330 1.000000 4
11334 1.000000 4
11338 1.000000 4
11342 1.000000 4
11346 1.000000 4
11350 1.000000 4
11353 1.000000 3
11358 0.000000 5
11362 1.000000 4
11366 1.000000 4
11370 1.000000 4
11373 1.000000 3
11377 1.000000 4
11380 1.000000 3
11384 1.000000 4
11388 1.000000 4
11392 1.000000 4
11396 1.000000 4
11400 1.000000 4
11404 1.000000 4
11407 1.000000 3
11411 -1.000000 4
11414 1.000000 3
11418 1.000000 4
11421 1.000000 3
11424 1.000000 3
11429 0.000000 5
11434 0.000000 5
11437 -1.000000 3
11441 1.000000 4
11444 1.000000 3
11447 1.000000 3
11452 0.000000 5
11457 0.000000 5
11461 1.000000 4
11465 1.000000 4
11469 1.000000 4
11473 1.000000 4
11477 1.000000 4
11481 1.000000 4
11484 1.000000 3
11488 1.000000 4
11493 1.000000 5
11497 1.000000 4
11502 0.000000 5
11507 0.000000 5
11510 1.000000 3
11514 1.000000 4
11518 1.000000 4
11522 1.000000 4
11526 1.000000 4
11530 1.000000 4
11533 1.000000 3
11537 1.000000 4
11540 1.000000 3
11544 1.000000 4
11547 1.000000 3
11551 -1.000000 4
11555 1.000000 4
11558 1.000000 3
11562 1.000000 4
11566 1.000000 4
11570 1.000000 4
11573 1.000000 3
11577 1.000000 4
11581 1.000000 4
11585 1.000000 4
11589 1.000000 4
11593 1.000000 4
11598 1.000000 5
11603 1.000000 5
11607 1.000000 4
11611 1.000000 4
11615 1.000000 4
11619 1.000000 4
11622 1.000000 3
11625 1.000000 3
11629 1.000000 4
11633 -1.000000 4
11636 1.000000 3
11641 0.000000 5
11645 1.000000 4
11649 1.000000 4
11654 0.000000 5
11657 1.000000 3
11661 -1.000000 4
11664 1.000000 3
11667 1.000000 3
11671 1.000000 4
11675 1.000000 4
11679 1.000000 4
11682 -1.000000 3
11687 0.000000 5
11691 1.000000 4
11695 1.000000 4
11699 1.000000 4
11703 1.000000 4
11707 -1.000000 4
11712 0.000000 5
11716 1.000000 4
11720 1.000000 4
11724 1.000000 4
11728 1.000000 4
11732 1.000000 4
11737 0.000000 5
11741 1.000000 4
11744 1.000000 3
11748 1.000000 4
11752 1.000000 4
11756 1.000000 4
11760 1.000000 4
11764 1.000000 4
11768 1.000000 4
11772 -1.000000 4
11776 1.000000 4
11779 1.000000 3
11783 1.000000 4
11786 1.000000 3
11790 1.000000 4
11795 0.000000 5
11799 1.000000 4
11803 1.000000 4
11807 1.000000 4
11811 1.000000 4
11815 1.000000 4
11818 1.000000 3
11822 1.000000 4
11826 1.000000 4
11830 1.000000 4
11834 1.000000 4
11838 1.000000 4
11842 1.000000 4
11846 1.000000 4
11850 1.000000 4
11853 1.000000 3
11858 1.000000 5
11863 0.000000 5
11868 0.000000 5
11872 1.000000 4
11875 1.000000 3
11879 1.000000 4
11883 1.000000 4
11887 1.000000 4
11891 1.000000 4
11895 -1.000000 4
11899 1.000000 4
11902 1.000000 3
11906 1.000000 4
11909 1.000000 3
11913 1.000000 4
11918 0.000000 5
11922 1.000000 4
11927 1.000000 5
11931 1.000000 4
11936 0.000000 5
11940 1.000000 4
11944 1.000000 4
11948 1.000000 4
11953 1.000000 5
11957 1.000000 4
11961 1.000000 4
11964 1.000000 3
11967 -1.000000 3
11970 1.000000 3
11974 1.000000 4
11978 1.000000 4
11982 1.000000 4
11986 1.000000 4
11989 1.000000 3
11993 1.000000 4
11998 0.000000 5
12001 1.000000 3
12004 1.000000 3
12008 1.000000 4
12013 0.000000 5
12018 1.000000 5
12023 1.000000 5
12028 1.000000 5
12032 1.000000 4
12035 1.000000 3
12039 1.000000 4
12043 1.000000 4
12046 -1.000000 3
12050 1.000000 4
12053 1.000000 3
12057 -1.000000 4
12060 -1.000000 3
12063 -1.000000 3
12067 1.000000 4
12071 1.000000 4
12075 1.000000 4
12080 1.000000 5
12084 1.000000 4
12088 1.000000 4
12092 1.000000 4
12096 1.000000 4
12100 1.000000 4
12105 1.000000 5
12110 0.000000 5
12114 1.000000 4
12118 1.000000 4
12122 1.000000 4
12126 1.000000 4
12130 1.000000 4
12133 1.000000 3
12138 0.000000 5
12143 0.000000 5
12146 1.000000 3
12151 0.000000 5
12154 1.000000 3
12157 1.000000 3
12161 1.000000 4
12165 1.000000 4
12169 1.000000 4
12173 1.000000 4
12177 1.000000 4
12181 1.000000 4
12185 1.000000 4
12189 1.000000 4
12193 1.000000 4
12197 1.000000 4
12201 1.000000 4
12205 1.000000 4
12209 1.000000 4
12212 1.000000 3
12216 -1.000000 4
12220 1.000000 4
12225 1.000000 5
12229 1.000000 4
12234 0.000000 5
12238 1.000000 4
12242 1.000000 4
12247 0.000000 5
12251 1.000000 4
12254 1.000000 3
12259 0.000000 5
12263 1.000000 4
12267 1.000000 4
12271 1.000000 4
12275 1.000000 4
12280 0.000000 5
12284 1.000000 4
12288 1.000000 4
12292 1.000000 4
12296 1.000000 4
12299 1.000000 3
12302 1.000000 3
12306 1.000000 4
12311 1.000000 5
12315 1.000000 4
12319 -1.000000 4
12322 1.000000 3
12326 1.000000 4
12330 1.000000 4
12334 1.000000 4
12337 1.000000 3
12342 0.000000 5
12346 1.000000 4
12350 1.000000 4
12354 1.000000 4
12358 1.000000 4
12362 1.000000 4
12366 1.000000 4
12370 1.000000 4
12374 1.000000 4
12378 1.000000 4
12382 1.000000 4
12385 -1.000000 3
12389 1.000000 4
12394 0.000000 5
12398 1.000000 4
12402 1.000000 4
12406 1.000000 4
12409 1.000000 3
12413 1.000000 4
12417 1.000000 4
12421 1.000000 4
12425 1.000000 4
12429 1.000000 4
12434 1.000000 5
12438 1.000000 4
12442 1.000000 4
12445 -1.000000 3
12449 1.000000 4
12453 1.000000 4
12457 1.000000 4
12461 1.000000 4
12465 1.000000 4
12469 -1.000000 4
12473 1.000000 4
12477 1.000000 4
12482 0.000000 5
12486 1.000000 4
12490 1.000000 4
12493 1.000000 3
12497 1.000000 4
12501 1.000000 4
12504 -1.000000 3
12509 1.000000 5
12512 -1.000000 3
12516 1.000000 4
12521 0.000000 5
12525 1.000000 4
12528 1.000000 3
12532 1.000000 4
12536 1.000000 4
12539 -1.000000 3
12542 1.000000 3
12546 1.000000 4
12550 -1.000000 4
12554 1.000000 4
12557 1.000000 3
12561 1.000000 4
12565 1.000000 4
12569 1.000000 4
12573 1.000000 4
12577 1.000000 4
12581 1.000000 4
12585 1.000000 4
12589 1.000000 4
12592 1.000000 3
12597 0.000000 5
12601 1.000000 4
12604 1.000000 3
12608 1.000000 4
12611 1.000000 3
12614 1.000000 3
12619 0.000000 5
12623 1.000000 4
12627 1.000000 4
12631 1.000000 4
12634 1.000000 3
12638 1.000000 4
12642 1.000000 4
12645 1.000000 3
12650 0.000000 5
12653 -1.000000 3
12656 1.000000 3
12660 1.000000 4
12664 1.000000 4
12668 1.000000 4
12673 1.000000 5
12677 -1.000000 4
12681 1.000000 4
12684 1.000000 3
12688 1.000000 4
12691 1.000000 3
12694 1.000000 3
12699 0.000000 5
12702 1.000000 3
12706 1.000000 4
12711 0.000000 5
12715 1.000000 4
12719 1.000000 4
12722 1.000000 3
12725 1.000000 3
12729 1.000000 4
12733 1.000000 4
12737 1.000000 4
12742 1.000000 5
12745 1.000000 3
12749 1.000000 4
12753 1.000000 4
12756 -1.000000 3
12760 1.000000 4
12764 1.000000 4
12768 1.000000 4
12772 1.000000 4
12776 1.000000 4
12781 0.000000 5
12785 1.000000 4
12789 1.000000 4
12792 -1.000000 3
12795 -1.000000 3
12799 -1.000000 4
12804 1.000000 5
12807 1.000000 3
12811 1.000000 4
12815 1.000000 4
12818 1.000000 3
12823 1.000000 5
12827 1.000000 4
12832 0.000000 5
12836 1.000000 4
12840 1.000000 4
12844 1.000000 4
12848 1.000000 4
12851 -1.000000 3
12854 1.000000 3
12857 1.000000 3
12860 1.000000 3
12864 1.000000 4
12868 1.000000 4
12872 1.000000 4
12876 1.000000 4
12880 1.000000 4
12884 1.000000 4
12887 1.000000 3
12892 1.000000 5
12895 1.000000 3
12900 0.000000 5
12903 1.000000 3
12907 1.000000 4
12911 1.000000 4
12916 0.000000 5
12920 1.000000 4
12924 1.000000 4
12927 -1.000000 3
12931 1.000000 4
12934 -1.000000 3
12937 1.000000 3
12941 1.000000 4
12946 1.000000 5
12951 0.000000 5
12955 1.000000 4
12959 1.000000 4
12962 1.000000 3
12966 1.000000 4
12969 1.000000 3
12973 1.000000 4
12977 1.000000 4
12980 -1.000000 3
12983 1.000000 3
12986 1.000000 3
12989 1.000000 3
12993 1.000000 4
12996 1.000000 3
13000 1.000000 4
13004 1.000000 4
