4 1.000000 4
7 -1.000000 3
11 1.000000 4
15 1.000000 4
20 1.000000 5
24 1.000000 4
27 -1.000000 3
31 -1.000000 4
35 1.000000 4
40 1.000000 5
44 -1.000000 4
48 -1.000000 4
53 1.000000 5
58 1.000000 5
63 0.000000 5
67 1.000000 4
72 0.000000 5
76 1.000000 4
80 -1.000000 4
84 -1.000000 4
88 1.000000 4
92 1.000000 4
97 1.000000 5
101 1.000000 4
106 1.000000 5
110 1.000000 4
113 -1.000000 3
117 -1.000000 4
121 1.000000 4
124 -1.000000 3
129 0.000000 5
133 1.000000 4
137 1.000000 4
141 -1.000000 4
146 1.000000 5
151 1.000000 5
156 1.000000 5
159 1.000000 3
164 0.000000 5
168 1.000000 4
172 1.000000 4
177 0.000000 5
181 1.000000 4
184 -1.000000 3
188 -1.000000 4
192 1.000000 4
197 0.000000 5
200 1.000000 3
204 1.000000 4
208 1.000000 4
212 -1.000000 4
216 1.000000 4
220 1.000000 4
224 1.000000 4
229 1.000000 5
232 1.000000 3
237 0.000000 5
240 -1.000000 3
244 -1.000000 4
247 -1.000000 3
250 1.000000 3
255 0.000000 5
259 -1.000000 4
262 -1.000000 3
266 1.000000 4
270 -1.000000 4
275 1.000000 5
280 1.000000 5
283 -1.000000 3
287 1.000000 4
291 -1.000000 4
296 0.000000 5
300 1.000000 4
305 0.000000 5
308 1.000000 3
313 1.000000 5
318 1.000000 5
322 1.000000 4
325 1.000000 3
329 -1.000000 4
333 -1.000000 4
338 1.000000 5
342 1.000000 4
345 -1.000000 3
350 0.000000 5
354 1.000000 4
358 -1.000000 4
362 1.000000 4
366 -1.000000 4
371 0.000000 5
374 1.000000 3
379 0.000000 5
383 -1.000000 4
388 1.000000 5
393 1.000000 5
396 1.000000 3
399 1.000000 3
404 1.000000 5
408 1.000000 4
413 1.000000 5
417 1.000000 4
421 -1.000000 4
425 -1.000000 4
429 1.000000 4
433 1.000000 4
438 1.000000 5
443 1.000000 5
446 1.000000 3
449 1.000000 3
454 1.000000 5
457 1.000000 3
462 1.000000 5
465 -1.000000 3
469 1.000000 4
473 1.000000 4
477 1.000000 4
481 1.000000 4
485 -1.000000 4
489 1.000000 4
494 0.000000 5
499 1.000000 5
504 1.000000 5
509 0.000000 5
512 1.000000 3
516 1.000000 4
520 -1.000000 4
523 1.000000 3
526 1.000000 3
530 1.000000 4
535 0.000000 5
539 1.000000 4
542 -1.000000 3
546 1.000000 4
550 1.000000 4
554 -1.000000 4
558 -1.000000 4
562 -1.000000 4
565 1.000000 3
570 1.000000 5
574 -1.000000 4
578 1.000000 4
582 1.000000 4
585 -1.000000 3
589 1.000000 4
594 1.000000 5
599 1.000000 5
603 1.000000 4
608 1.000000 5
613 1.000000 5
618 0.000000 5
621 -1.000000 3
626 1.000000 5
630 1.000000 4
635 0.000000 5
640 0.000000 5
644 -1.000000 4
647 1.000000 3
650 -1.000000 3
654 1.000000 4
658 -1.000000 4
663 0.000000 5
666 -1.000000 3
670 -1.000000 4
674 1.000000 4
678 1.000000 4
682 -1.000000 4
686 1.000000 4
691 1.000000 5
694 -1.000000 3
699 1.000000 5
703 -1.000000 4
708 0.000000 5
713 1.000000 5
718 1.000000 5
721 1.000000 3
726 0.000000 5
730 1.000000 4
734 1.000000 4
739 1.000000 5
744 1.000000 5
748 -1.000000 4
751 1.000000 3
755 1.000000 4
760 1.000000 5
763 1.000000 3
767 1.000000 4
771 1.000000 4
774 -1.000000 3
779 0.000000 5
782 -1.000000 3
786 1.000000 4
790 1.000000 4
795 0.000000 5
799 1.000000 4
803 -1.000000 4
808 1.000000 5
811 -1.000000 3
816 0.000000 5
821 1.000000 5
825 1.000000 4
829 1.000000 4
834 0.000000 5
837 1.000000 3
841 1.000000 4
846 0.000000 5
850 1.000000 4
855 0.000000 5
858 1.000000 3
861 1.000000 3
865 1.000000 4
869 1.000000 4
873 -1.000000 4
878 1.000000 5
882 -1.000000 4
886 -1.000000 4
891 0.000000 5
896 1.000000 5
901 1.000000 5
905 1.000000 4
909 -1.000000 4
914 1.000000 5
919 1.000000 5
924 1.000000 5
928 -1.000000 4
933 1.000000 5
938 1.000000 5
943 1.000000 5
947 1.000000 4
952 0.000000 5
957 1.000000 5
962 1.000000 5
966 1.000000 4
970 -1.000000 4
973 -1.000000 3
977 -1.000000 4
980 -1.000000 3
984 1.000000 4
988 1.000000 4
992 1.000000 4
995 1.000000 3
998 -1.000000 3
1001 -1.000000 3
1004 -1.000000 3
1009 1.000000 5
1013 1.000000 4
1016 -1.000000 3
1020 1.000000 4
1024 1.000000 4
1028 -1.000000 4
1032 1.000000 4
1035 1.000000 3
1039 1.000000 4
1043 1.000000 4
1048 0.000000 5
1053 0.000000 5
1057 1.000000 4
1062 1.000000 5
1066 1.000000 4
1071 1.000000 5
1076 0.000000 5
1080 -1.000000 4
1084 1.000000 4
1089 1.000000 5
1092 -1.000000 3
1095 -1.000000 3
1100 0.000000 5
1104 1.000000 4
1108 1.000000 4
1113 0.000000 5
1117 -1.000000 4
1120 -1.000000 3
1124 -1.000000 4
1128 1.000000 4
1133 1.000000 5
1138 1.000000 5
1142 1.000000 4
1146 1.000000 4
1150 -1.000000 4
1153 1.000000 3
1156 1.000000 3
1160 1.000000 4
1163 1.000000 3
1166 1.000000 3
1171 0.000000 5
1174 -1.000000 3
1178 1.000000 4
1183 1.000000 5
1187 1.000000 4
1192 1.000000 5
1195 -1.000000 3
1198 1.000000 3
1202 -1.000000 4
1207 0.000000 5
1211 1.000000 4
1216 1.000000 5
1221 0.000000 5
1225 1.000000 4
1229 -1.000000 4
1234 1.000000 5
1237 1.000000 3
1241 1.000000 4
1245 1.000000 4
1249 -1.000000 4
1252 1.000000 3
1255 -1.000000 3
1259 1.000000 4
1264 1.000000 5
1269 1.000000 5
1273 -1.000000 4
1278 0.000000 5
1283 1.000000 5
1288 0.000000 5
1291 -1.000000 3
1295 1.000000 4
1300 0.000000 5
1304 1.000000 4
1309 0.000000 5
1314 0.000000 5
1317 1.000000 3
1320 1.000000 3
1325 1.000000 5
1329 1.000000 4
1333 1.000000 4
1337 1.000000 4
1341 -1.000000 4
1344 -1.000000 3
1349 1.000000 5
1353 -1.000000 4
1358 1.000000 5
1363 1.000000 5
1368 0.000000 5
1373 0.000000 5
1378 1.000000 5
1383 1.000000 5
1388 1.000000 5
1393 0.000000 5
1396 -1.000000 3
1400 1.000000 4
1405 0.000000 5
1410 0.000000 5
1414 1.000000 4
1418 -1.000000 4
1422 1.000000 4
1425 1.000000 3
1428 -1.000000 3
1432 1.000000 4
1437 1.000000 5
1440 1.000000 3
1444 -1.000000 4
1449 0.000000 5
1452 1.000000 3
1457 1.000000 5
1462 1.000000 5
1466 -1.000000 4
1471 1.000000 5
1475 1.000000 4
1478 1.000000 3
1482 -1.000000 4
1485 1.000000 3
1490 1.000000 5
1495 1.000000 5
1500 0.000000 5
1504 1.000000 4
1509 1.000000 5
1513 -1.000000 4
1518 1.000000 5
1522 -1.000000 4
1526 1.000000 4
1529 -1.000000 3
1534 1.000000 5
1539 1.000000 5
1543 -1.000000 4
1547 -1.000000 4
1552 1.000000 5
1556 1.000000 4
1559 -1.000000 3
1562 1.000000 3
1566 1.000000 4
1570 -1.000000 4
1574 1.000000 4
1579 0.000000 5
1583 -1.000000 4
1586 1.000000 3
1591 1.000000 5
1596 1.000000 5
1599 -1.000000 3
1604 1.000000 5
1608 -1.000000 4
1611 -1.000000 3
1614 1.000000 3
1618 1.000000 4
1622 1.000000 4
1627 1.000000 5
1631 1.000000 4
1635 1.000000 4
1638 -1.000000 3
1642 1.000000 4
1646 -1.000000 4
1651 1.000000 5
1655 1.000000 4
1658 -1.000000 3
1662 1.000000 4
1667 0.000000 5
1672 0.000000 5
1677 1.000000 5
1682 0.000000 5
1686 -1.000000 4
1690 1.000000 4
1693 1.000000 3
1697 1.000000 4
1700 1.000000 3
1705 1.000000 5
1710 0.000000 5
1714 1.000000 4
1719 1.000000 5
1722 1.000000 3
1726 1.000000 4
1730 1.000000 4
1734 -1.000000 4
1737 -1.000000 3
1741 -1.000000 4
1745 1.000000 4
1749 1.000000 4
1752 -1.000000 3
1757 1.000000 5
1761 1.000000 4
1766 0.000000 5
1771 1.000000 5
1774 1.000000 3
1778 -1.000000 4
1783 0.000000 5
1787 -1.000000 4
1790 1.000000 3
1793 1.000000 3
1797 1.000000 4
1800 1.000000 3
1804 -1.000000 4
1807 1.000000 3
1811 1.000000 4
1816 1.000000 5
1820 1.000000 4
1824 1.000000 4
1829 0.000000 5
1834 1.000000 5
1838 1.000000 4
1843 1.000000 5
1848 0.000000 5
1852 -1.000000 4
1857 1.000000 5
1860 -1.000000 3
1864 1.000000 4
1867 1.000000 3
1871 -1.000000 4
1875 -1.000000 4
1879 1.000000 4
1882 1.000000 3
1886 -1.000000 4
1890 1.000000 4
1893 1.000000 3
1898 0.000000 5
1903 1.000000 5
1908 1.000000 5
1911 -1.000000 3
1914 1.000000 3
1918 1.000000 4
1923 1.000000 5
1927 -1.000000 4
1931 1.000000 4
1935 1.000000 4
1939 1.000000 4
1942 1.000000 3
1946 1.000000 4
1950 1.000000 4
1954 -1.000000 4
1957 1.000000 3
1961 -1.000000 4
1964 1.000000 3
1969 1.000000 5
1973 1.000000 4
1976 1.000000 3
1979 -1.000000 3
1983 1.000000 4
1987 -1.000000 4
1992 1.000000 5
1997 1.000000 5
2000 1.000000 3
2004 -1.000000 4
2008 -1.000000 4
2012 -1.000000 4
2016 -1.000000 4
2020 1.000000 4
2025 0.000000 5
2029 1.000000 4
2034 0.000000 5
2038 -1.000000 4
2042 1.000000 4
2046 1.000000 4
2050 1.000000 4
2053 1.000000 3
2057 1.000000 4
2061 -1.000000 4
2065 1.000000 4
2070 1.000000 5
2075 0.000000 5
2078 -1.000000 3
2083 1.000000 5
2088 1.000000 5
2093 1.000000 5
2097 1.000000 4
2101 1.000000 4
2105 1.000000 4
2109 1.000000 4
2112 1.000000 3
2117 0.000000 5
2121 1.000000 4
2125 1.000000 4
2129 1.000000 4
2133 1.000000 4
2137 1.000000 4
2141 1.000000 4
2146 0.000000 5
2151 1.000000 5
2155 -1.000000 4
2160 1.000000 5
2164 1.000000 4
2168 -1.000000 4
2173 0.000000 5
2177 1.000000 4
2180 1.000000 3
2184 1.000000 4
2189 0.000000 5
2193 1.000000 4
2197 1.000000 4
2201 1.000000 4
2206 0.000000 5
2211 1.000000 5
2214 1.000000 3
2219 0.000000 5
2224 0.000000 5
2228 1.000000 4
2231 1.000000 3
2236 1.000000 5
2241 1.000000 5
2245 1.000000 4
2248 1.000000 3
2253 0.000000 5
2257 -1.000000 4
2260 1.000000 3
2265 1.000000 5
2268 1.000000 3
2271 -1.000000 3
2275 -1.000000 4
2279 1.000000 4
2283 1.000000 4
2288 0.000000 5
2293 0.000000 5
2298 0.000000 5
2302 -1.000000 4
2305 -1.000000 3
2309 -1.000000 4
2313 1.000000 4
2318 1.000000 5
2323 1.000000 5
2327 1.000000 4
2330 1.000000 3
2333 1.000000 3
2337 -1.000000 4
2340 1.000000 3
2344 -1.000000 4
2347 -1.000000 3
2352 1.000000 5
2356 -1.000000 4
2361 1.000000 5
2366 0.000000 5
2371 0.000000 5
2376 1.000000 5
2381 0.000000 5
2386 0.000000 5
2390 -1.000000 4
2395 0.000000 5
2399 1.000000 4
2403 -1.000000 4
2406 1.000000 3
2411 0.000000 5
2415 -1.000000 4
2420 1.000000 5
2425 1.000000 5
2430 1.000000 5
2435 1.000000 5
2440 0.000000 5
2444 -1.000000 4
2449 1.000000 5
2454 0.000000 5
2459 0.000000 5
2463 1.000000 4
2467 1.000000 4
2472 1.000000 5
2477 1.000000 5
2481 1.000000 4
2485 1.000000 4
2489 1.000000 4
2493 -1.000000 4
2497 1.000000 4
2501 -1.000000 4
2505 1.000000 4
2509 -1.000000 4
2512 1.000000 3
2517 1.000000 5
2522 1.000000 5
2527 1.000000 5
2531 1.000000 4
2535 -1.000000 4
2539 1.000000 4
2543 1.000000 4
2548 1.000000 5
2553 1.000000 5
2557 1.000000 4
2561 1.000000 4
2565 1.000000 4
2569 1.000000 4
2574 1.000000 5
2577 -1.000000 3
2581 1.000000 4
2584 1.000000 3
2588 1.000000 4
2593 0.000000 5
2597 1.000000 4
2602 0.000000 5
2606 1.000000 4
2610 -1.000000 4
2614 -1.000000 4
2619 1.000000 5
2624 1.000000 5
2627 -1.000000 3
2631 1.000000 4
2635 -1.000000 4
2638 -1.000000 3
2642 -1.000000 4
2646 -1.000000 4
2651 0.000000 5
2655 1.000000 4
2658 -1.000000 3
2663 1.000000 5
2667 1.000000 4
2671 -1.000000 4
2675 -1.000000 4
2680 1.000000 5
2684 -1.000000 4
2688 1.000000 4
2692 1.000000 4
2697 1.000000 5
2702 0.000000 5
2706 -1.000000 4
2710 1.000000 4
2714 1.000000 4
2719 0.000000 5
2723 1.000000 4
2727 1.000000 4
2732 1.000000 5
2735 -1.000000 3
2739 1.000000 4
2743 -1.000000 4
2747 -1.000000 4
2751 -1.000000 4
2755 1.000000 4
2759 -1.000000 4
2764 0.000000 5
2768 -1.000000 4
2773 1.000000 5
2777 -1.000000 4
2782 1.000000 5
2787 0.000000 5
2792 1.000000 5
2795 1.000000 3
2800 1.000000 5
2805 1.000000 5
2809 1.000000 4
2814 0.000000 5
2817 1.000000 3
2820 -1.000000 3
2824 -1.000000 4
2827 1.000000 3
2831 1.000000 4
2835 -1.000000 4
2839 1.000000 4
2844 1.000000 5
2848 1.000000 4
2853 1.000000 5
2856 1.000000 3
2860 -1.000000 4
2864 -1.000000 4
2868 -1.000000 4
2872 1.000000 4
2877 0.000000 5
2882 1.000000 5
2885 1.000000 3
2889 1.000000 4
2893 1.000000 4
2898 0.000000 5
2903 0.000000 5
2907 -1.000000 4
2912 0.000000 5
2916 -1.000000 4
2920 1.000000 4
2924 1.000000 4
2928 1.000000 4
2932 1.000000 4
2936 1.000000 4
2940 1.000000 4
2944 -1.000000 4
2949 1.000000 5
2954 1.000000 5
2959 1.000000 5
2963 -1.000000 4
2967 -1.000000 4
2971 1.000000 4
2976 1.000000 5
2980 1.000000 4
2984 1.000000 4
2988 -1.000000 4
2993 0.000000 5
2998 0.000000 5
3002 1.000000 4
3006 -1.000000 4
3009 1.000000 3
3014 1.000000 5
3019 1.000000 5
3022 -1.000000 3
3025 1.000000 3
3029 1.000000 4
3034 0.000000 5
3037 1.000000 3
3041 -1.000000 4
3045 1.000000 4
3049 -1.000000 4
3052 -1.000000 3
3057 1.000000 5
3062 1.000000 5
3065 1.000000 3
3070 1.000000 5
3075 1.000000 5
3080 1.000000 5
3084 1.000000 4
3087 1.000000 3
3091 1.000000 4
3094 1.000000 3
3098 -1.000000 4
3102 -1.000000 4
3105 1.000000 3
3108 1.000000 3
3113 0.000000 5
3117 1.000000 4
3122 1.000000 5
3127 1.000000 5
3132 1.000000 5
3137 0.000000 5
3140 1.000000 3
3144 -1.000000 4
3148 1.000000 4
3152 1.000000 4
3156 -1.000000 4
3160 1.000000 4
3165 1.000000 5
3169 1.000000 4
3173 -1.000000 4
3177 1.000000 4
3182 0.000000 5
3187 1.000000 5
3190 1.000000 3
3195 1.000000 5
3199 1.000000 4
3204 1.000000 5
3208 -1.000000 4
3212 -1.000000 4
3216 -1.000000 4
3220 1.000000 4
3224 -1.000000 4
3229 0.000000 5
3233 -1.000000 4
3236 1.000000 3
3241 0.000000 5
3246 1.000000 5
3250 1.000000 4
3254 -1.000000 4
3259 1.000000 5
3263 1.000000 4
3267 -1.000000 4
3271 1.000000 4
3275 -1.000000 4
3278 1.000000 3
3281 1.000000 3
3286 1.000000 5
3289 -1.000000 3
3293 1.000000 4
3297 -1.000000 4
3301 1.000000 4
3305 -1.000000 4
3309 1.000000 4
3313 1.000000 4
3317 1.000000 4
3322 1.000000 5
3327 0.000000 5
3331 1.000000 4
3334 1.000000 3
3338 1.000000 4
3342 1.000000 4
3346 1.000000 4
3351 1.000000 5
3355 1.000000 4
3358 1.000000 3
3362 -1.000000 4
3366 1.000000 4
3371 1.000000 5
3375 -1.000000 4
3378 -1.000000 3
3382 1.000000 4
3387 1.000000 5
3392 0.000000 5
3396 1.000000 4
3399 1.000000 3
3403 1.000000 4
3408 0.000000 5
3411 -1.000000 3
3416 0.000000 5
3420 1.000000 4
3424 -1.000000 4
3429 1.000000 5
3434 1.000000 5
3438 -1.000000 4
3441 -1.000000 3
3444 -1.000000 3
3449 1.000000 5
3453 1.000000 4
3457 1.000000 4
3461 1.000000 4
3465 -1.000000 4
3469 1.000000 4
3473 -1.000000 4
3478 1.000000 5
3481 -1.000000 3
3486 0.000000 5
3491 1.000000 5
3496 1.000000 5
3500 1.000000 4
3504 -1.000000 4
3508 1.000000 4
3512 -1.000000 4
3515 1.000000 3
3518 1.000000 3
3522 1.000000 4
3527 1.000000 5
3530 1.000000 3
3534 1.000000 4
3538 -1.000000 4
3541 1.000000 3
3545 -1.000000 4
3550 0.000000 5
3554 1.000000 4
3559 1.000000 5
3564 1.000000 5
3569 0.000000 5
3573 -1.000000 4
3576 1.000000 3
3581 0.000000 5
3586 1.000000 5
3591 1.000000 5
3595 -1.000000 4
3599 1.000000 4
3604 1.000000 5
3609 1.000000 5
3613 1.000000 4
3618 0.000000 5
3622 -1.000000 4
3625 1.000000 3
3630 0.000000 5
3635 1.000000 5
3639 1.000000 4
3644 1.000000 5
3648 1.000000 4
3652 -1.000000 4
3657 1.000000 5
3660 1.000000 3
3664 1.000000 4
3667 -1.000000 3
3672 1.000000 5
3675 1.000000 3
3680 0.000000 5
3685 0.000000 5
3689 1.000000 4
3693 1.000000 4
3698 1.000000 5
3701 1.000000 3
3705 1.000000 4
3709 -1.000000 4
3713 -1.000000 4
3717 1.000000 4
3722 1.000000 5
3727 1.000000 5
3732 1.000000 5
3736 1.000000 4
3740 1.000000 4
3743 1.000000 3
3747 1.000000 4
3751 1.000000 4
3756 0.000000 5
3759 1.000000 3
3764 1.000000 5
3768 1.000000 4
3771 1.000000 3
3776 1.000000 5
3781 1.000000 5
3785 -1.000000 4
3788 1.000000 3
3793 1.000000 5
3798 1.000000 5
3803 1.000000 5
3806 -1.000000 3
3811 0.000000 5
3815 1.000000 4
3819 1.000000 4
3823 -1.000000 4
3827 1.000000 4
3830 -1.000000 3
3834 -1.000000 4
3837 -1.000000 3
3841 1.000000 4
3845 -1.000000 4
3849 -1.000000 4
3854 0.000000 5
3858 -1.000000 4
3863 1.000000 5
3866 1.000000 3
3870 1.000000 4
3873 -1.000000 3
3878 1.000000 5
3883 0.000000 5
3887 1.000000 4
3891 -1.000000 4
3895 1.000000 4
3899 1.000000 4
3903 1.000000 4
3907 1.000000 4
3911 1.000000 4
3915 -1.000000 4
3919 -1.000000 4
3923 -1.000000 4
3927 -1.000000 4
3932 1.000000 5
3936 1.000000 4
3940 1.000000 4
3944 1.000000 4
3949 1.000000 5
3954 1.000000 5
3958 -1.000000 4
3963 1.000000 5
3968 0.000000 5
3972 1.000000 4
3975 -1.000000 3
3978 -1.000000 3
3983 1.000000 5
3988 0.000000 5
3991 1.000000 3
3995 -1.000000 4
3999 -1.000000 4
4003 1.000000 4
4008 1.000000 5
4012 -1.000000 4
4015 -1.000000 3
4020 1.000000 5
4025 0.000000 5
4029 -1.000000 4
4033 1.000000 4
4038 1.000000 5
4041 -1.000000 3
4045 1.000000 4
4049 1.000000 4
4053 1.000000 4
4058 1.000000 5
4062 -1.000000 4
4065 1.000000 3
4069 1.000000 4
4072 -1.000000 3
4075 -1.000000 3
4079 -1.000000 4
4083 1.000000 4
4087 1.000000 4
4091 -1.000000 4
4096 0.000000 5
4101 1.000000 5
4104 -1.000000 3
4108 1.000000 4
4111 1.000000 3
4114 -1.000000 3
4118 1.000000 4
4122 1.000000 4
4126 1.000000 4
4130 -1.000000 4
4134 -1.000000 4
4137 1.000000 3
4142 1.000000 5
4145 -1.000000 3
4150 1.000000 5
4155 0.000000 5
4159 -1.000000 4
4162 1.000000 3
4167 0.000000 5
4171 -1.000000 4
4175 1.000000 4
4180 0.000000 5
4184 1.000000 4
4188 -1.000000 4
4192 1.000000 4
4196 1.000000 4
4201 1.000000 5
4205 1.000000 4
4209 -1.000000 4
4212 -1.000000 3
4216 1.000000 4
4220 1.000000 4
4224 1.000000 4
4229 1.000000 5
4234 1.000000 5
4239 0.000000 5
4242 1.000000 3
4247 0.000000 5
4252 0.000000 5
4256 1.000000 4
4260 -1.000000 4
4264 1.000000 4
4268 1.000000 4
4273 0.000000 5
4277 1.000000 4
4282 1.000000 5
4285 -1.000000 3
4289 1.000000 4
4293 -1.000000 4
4296 -1.000000 3
4299 -1.000000 3
4304 1.000000 5
4309 1.000000 5
4313 1.000000 4
4317 1.000000 4
4321 1.000000 4
4325 -1.000000 4
4328 -1.000000 3
4333 1.000000 5
4338 1.000000 5
4342 -1.000000 4
4346 1.000000 4
4351 1.000000 5
4355 1.000000 4
4358 -1.000000 3
4361 1.000000 3
4365 -1.000000 4
4368 -1.000000 3
4371 -1.000000 3
4374 1.000000 3
4378 1.000000 4
4381 1.000000 3
4385 1.000000 4
4389 1.000000 4
4393 1.000000 4
4398 1.000000 5
4401 -1.000000 3
4406 1.000000 5
4411 0.000000 5
4416 1.000000 5
4420 -1.000000 4
4424 -1.000000 4
4428 1.000000 4
4433 1.000000 5
4438 1.000000 5
4443 1.000000 5
4448 1.000000 5
4453 1.000000 5
4456 -1.000000 3
4460 1.000000 4
4464 1.000000 4
4467 1.000000 3
4471 1.000000 4
4476 1.000000 5
4480 -1.000000 4
4485 1.000000 5
4488 -1.000000 3
4492 1.000000 4
4497 1.000000 5
4502 1.000000 5
4506 -1.000000 4
4510 1.000000 4
4513 1.000000 3
4517 1.000000 4
4520 1.000000 3
4523 -1.000000 3
4527 1.000000 4
4531 1.000000 4
4535 -1.000000 4
4539 1.000000 4
4544 1.000000 5
4548 1.000000 4
4553 0.000000 5
4557 -1.000000 4
4561 1.000000 4
4565 1.000000 4
4570 1.000000 5
4573 1.000000 3
4576 1.000000 3
4580 1.000000 4
4584 1.000000 4
4588 1.000000 4
4593 1.000000 5
4596 -1.000000 3
4600 1.000000 4
4604 -1.000000 4
4609 1.000000 5
4614 1.000000 5
4618 1.000000 4
4623 0.000000 5
4627 -1.000000 4
4632 1.000000 5
4637 1.000000 5
4641 1.000000 4
4645 1.000000 4
4650 1.000000 5
4653 -1.000000 3
4657 1.000000 4
4661 -1.000000 4
4666 1.000000 5
4670 1.000000 4
4675 0.000000 5
4680 0.000000 5
4684 -1.000000 4
4688 1.000000 4
4691 1.000000 3
4696 0.000000 5
4699 1.000000 3
4704 0.000000 5
4708 -1.000000 4
4712 1.000000 4
4715 -1.000000 3
4719 -1.000000 4
4723 -1.000000 4
4728 0.000000 5
4733 1.000000 5
4736 1.000000 3
4739 -1.000000 3
4743 1.000000 4
4747 1.000000 4
4751 1.000000 4
4755 -1.000000 4
4759 1.000000 4
4763 -1.000000 4
4767 -1.000000 4
4771 -1.000000 4
4774 1.000000 3
4779 1.000000 5
4783 1.000000 4
4788 0.000000 5
4793 0.000000 5
4798 1.000000 5
4803 1.000000 5
4806 1.000000 3
4809 1.000000 3
4814 0.000000 5
4817 1.000000 3
4821 1.000000 4
4826 0.000000 5
4830 -1.000000 4
4835 1.000000 5
4839 1.000000 4
4842 -1.000000 3
4846 1.000000 4
4850 -1.000000 4
4854 1.000000 4
4858 -1.000000 4
4861 1.000000 3
4865 -1.000000 4
4869 1.000000 4
4873 1.000000 4
4877 -1.000000 4
4882 1.000000 5
4885 1.000000 3
4888 1.000000 3
4892 1.000000 4
4896 -1.000000 4
4899 1.000000 3
4903 1.000000 4
4908 0.000000 5
4911 -1.000000 3
4915 1.000000 4
4919 -1.000000 4
4922 -1.000000 3
4926 1.000000 4
4930 -1.000000 4
4934 -1.000000 4
4937 -1.000000 3
4941 1.000000 4
4945 1.000000 4
4948 1.000000 3
4953 1.000000 5
4957 -1.000000 4
4962 1.000000 5
4966 1.000000 4
4969 1.000000 3
4972 1.000000 3
4976 1.000000 4
4979 -1.000000 3
4984 1.000000 5
4988 -1.000000 4
4993 1.000000 5
4997 1.000000 4
5001 -1.000000 4
5006 0.000000 5
5011 1.000000 5
5014 -1.000000 3
5017 1.000000 3
5020 -1.000000 3
5025 1.000000 5
5029 1.000000 4
5034 0.000000 5
5038 -1.000000 4
5043 1.000000 5
5047 -1.000000 4
5051 1.000000 4
5055 -1.000000 4
5060 0.000000 5
5065 0.000000 5
5069 -1.000000 4
5073 1.000000 4
5078 0.000000 5
5081 1.000000 3
5086 1.000000 5
5091 1.000000 5
5094 1.000000 3
5098 -1.000000 4
5101 1.000000 3
5105 1.000000 4
5110 0.000000 5
5115 1.000000 5
5120 1.000000 5
5125 1.000000 5
5129 1.000000 4
5133 1.000000 4
5137 -1.000000 4
5142 1.000000 5
5146 1.000000 4
5150 1.000000 4
5155 1.000000 5
5158 -1.000000 3
5162 -1.000000 4
5165 -1.000000 3
5168 1.000000 3
5173 0.000000 5
