3 1.000000 3
7 1.000000 4
11 1.000000 4
13 1.000000 2
16 -1.000000 3
20 1.000000 4
24 1.000000 4
27 1.000000 3
30 1.000000 3
34 0.000000 4
38 0.000000 4
41 -1.000000 3
45 1.000000 4
47 -1.000000 2
50 1.000000 3
54 1.000000 4
57 1.000000 3
60 -1.000000 3
63 1.000000 3
65 -1.000000 2
69 1.000000 4
72 -1.000000 3
75 1.000000 3
77 1.000000 2
80 -1.000000 3
83 -1.000000 3
86 1.000000 3
90 1.000000 4
94 1.000000 4
97 1.000000 3
100 -1.000000 3
103 1.000000 3
106 1.000000 3
109 -1.000000 3
111 -1.000000 2
114 1.000000 3
118 1.000000 4
121 1.000000 3
124 -1.000000 3
127 1.000000 3
130 1.000000 3
134 1.000000 4
137 -1.000000 3
141 1.000000 4
143 -1.000000 2
146 -1.000000 3
149 1.000000 3
152 -1.000000 3
156 0.000000 4
159 -1.000000 3
162 1.000000 3
165 1.000000 3
167 -1.000000 2
170 1.000000 3
173 1.000000 3
176 1.000000 3
179 -1.000000 3
183 1.000000 4
187 1.000000 4
191 1.000000 4
194 1.000000 3
198 1.000000 4
200 1.000000 2
204 0.000000 4
207 1.000000 3
211 1.000000 4
213 1.000000 2
216 -1.000000 3
219 1.000000 3
223 1.000000 4
227 1.000000 4
231 0.000000 4
234 1.000000 3
237 -1.000000 3
240 1.000000 3
243 1.000000 3
247 0.000000 4
250 1.000000 3
253 1.000000 3
256 -1.000000 3
260 1.000000 4
262 1.000000 2
265 1.000000 3
268 1.000000 3
272 1.000000 4
275 -1.000000 3
279 0.000000 4
281 1.000000 2
283 1.000000 2
286 -1.000000 3
289 1.000000 3
291 1.000000 2
294 1.000000 3
296 1.000000 2
300 1.000000 4
303 -1.000000 3
306 1.000000 3
309 -1.000000 3
312 -1.000000 3
316 0.000000 4
320 0.000000 4
324 1.000000 4
328 1.000000 4
332 1.000000 4
335 -1.000000 3
339 0.000000 4
343 0.000000 4
347 1.000000 4
351 1.000000 4
354 -1.000000 3
357 -1.000000 3
361 1.000000 4
364 -1.000000 3
368 1.000000 4
371 -1.000000 3
374 -1.000000 3
378 1.000000 4
382 1.000000 4
385 1.000000 3
388 1.000000 3
392 0.000000 4
396 0.000000 4
400 1.000000 4
402 1.000000 2
406 0.000000 4
409 1.000000 3
412 -1.000000 3
415 -1.000000 3
418 1.000000 3
421 -1.000000 3
425 1.000000 4
429 1.000000 4
433 1.000000 4
435 1.000000 2
438 1.000000 3
442 1.000000 4
446 0.000000 4
448 1.000000 2
450 -1.000000 2
454 0.000000 4
457 -1.000000 3
460 1.000000 3
462 -1.000000 2
466 1.000000 4
469 1.000000 3
472 -1.000000 3
476 1.000000 4
479 1.000000 3
483 0.000000 4
487 1.000000 4
490 1.000000 3
493 -1.000000 3
497 0.000000 4
499 -1.000000 2
502 -1.000000 3
505 -1.000000 3
508 1.000000 3
512 1.000000 4
515 1.000000 3
518 -1.000000 3
520 -1.000000 2
523 -1.000000 3
526 1.000000 3
529 -1.000000 3
532 1.000000 3
535 -1.000000 3
539 1.000000 4
542 1.000000 3
546 1.000000 4
550 0.000000 4
554 1.000000 4
558 0.000000 4
560 1.000000 2
563 1.000000 3
565 -1.000000 2
568 1.000000 3
572 1.000000 4
576 0.000000 4
580 1.000000 4
583 1.000000 3
586 1.000000 3
590 1.000000 4
593 -1.000000 3
597 0.000000 4
599 1.000000 2
602 -1.000000 3
604 1.000000 2
607 1.000000 3
610 1.000000 3
614 1.000000 4
618 0.000000 4
622 0.000000 4
624 -1.000000 2
627 1.000000 3
631 1.000000 4
634 1.000000 3
637 -1.000000 3
639 -1.000000 2
642 1.000000 3
644 -1.000000 2
646 1.000000 2
649 -1.000000 3
653 0.000000 4
656 1.000000 3
660 1.000000 4
662 -1.000000 2
665 1.000000 3
669 1.000000 4
672 -1.000000 3
675 -1.000000 3
677 -1.000000 2
681 1.000000 4
683 1.000000 2
687 1.000000 4
691 1.000000 4
694 1.000000 3
697 1.000000 3
700 1.000000 3
703 1.000000 3
705 1.000000 2
709 1.000000 4
711 1.000000 2
715 1.000000 4
719 1.000000 4
722 1.000000 3
725 1.000000 3
727 -1.000000 2
730 1.000000 3
733 1.000000 3
735 1.000000 2
739 0.000000 4
742 1.000000 3
746 0.000000 4
749 -1.000000 3
753 0.000000 4
756 1.000000 3
759 1.000000 3
762 1.000000 3
765 -1.000000 3
768 -1.000000 3
771 1.000000 3
774 1.000000 3
778 1.000000 4
782 1.000000 4
786 1.000000 4
790 0.000000 4
794 1.000000 4
798 1.000000 4
802 1.000000 4
806 0.000000 4
809 -1.000000 3
812 -1.000000 3
814 -1.000000 2
818 1.000000 4
821 1.000000 3
825 1.000000 4
827 -1.000000 2
830 1.000000 3
833 1.000000 3
836 -1.000000 3
839 -1.000000 3
842 1.000000 3
846 0.000000 4
850 1.000000 4
854 1.000000 4
858 0.000000 4
862 0.000000 4
864 1.000000 2
866 -1.000000 2
868 -1.000000 2
870 1.000000 2
874 1.000000 4
877 -1.000000 3
881 1.000000 4
885 0.000000 4
889 1.000000 4
892 1.000000 3
896 1.000000 4
900 1.000000 4
904 0.000000 4
908 0.000000 4
911 -1.000000 3
914 1.000000 3
917 -1.000000 3
919 -1.000000 2
921 1.000000 2
925 1.000000 4
929 1.000000 4
932 1.000000 3
935 -1.000000 3
938 -1.000000 3
941 1.000000 3
943 1.000000 2
946 -1.000000 3
949 -1.000000 3
952 -1.000000 3
956 1.000000 4
959 1.000000 3
962 -1.000000 3
965 1.000000 3
969 1.000000 4
973 0.000000 4
975 1.000000 2
979 1.000000 4
982 1.000000 3
984 1.000000 2
988 0.000000 4
991 -1.000000 3
994 1.000000 3
997 -1.000000 3
1000 -1.000000 3
1004 1.000000 4
1006 1.000000 2
1008 -1.000000 2
1010 -1.000000 2
1014 0.000000 4
1017 1.000000 3
1020 -1.000000 3
1024 1.000000 4
1027 1.000000 3
1030 -1.000000 3
1033 1.000000 3
1037 0.000000 4
1039 1.000000 2
1042 -1.000000 3
1046 0.000000 4
1050 1.000000 4
1052 1.000000 2
1055 1.000000 3
1058 -1.000000 3
1061 1.000000 3
1065 0.000000 4
1069 1.000000 4
1072 1.000000 3
1076 1.000000 4
1078 -1.000000 2
1081 -1.000000 3
1084 1.000000 3
1087 1.000000 3
1091 1.000000 4
1093 1.000000 2
1096 -1.000000 3
1100 1.000000 4
1103 1.000000 3
1107 1.000000 4
1109 -1.000000 2
1111 -1.000000 2
1114 -1.000000 3
1118 1.000000 4
1122 0.000000 4
1125 -1.000000 3
1129 1.000000 4
1132 -1.000000 3
1135 1.000000 3
1139 1.000000 4
1142 1.000000 3
1145 -1.000000 3
1147 -1.000000 2
1151 1.000000 4
1154 -1.000000 3
1156 1.000000 2
1159 1.000000 3
1162 1.000000 3
1164 -1.000000 2
1167 -1.000000 3
1171 1.000000 4
1175 0.000000 4
1179 1.000000 4
1183 1.000000 4
1186 -1.000000 3
1190 1.000000 4
1192 -1.000000 2
1195 1.000000 3
1199 1.000000 4
1202 -1.000000 3
1205 -1.000000 3
1208 1.000000 3
1212 1.000000 4
1216 1.000000 4
1219 -1.000000 3
1222 1.000000 3
1226 0.000000 4
1229 1.000000 3
1231 1.000000 2
1233 -1.000000 2
1236 1.000000 3
1239 1.000000 3
1243 1.000000 4
1246 -1.000000 3
1249 -1.000000 3
1252 -1.000000 3
1256 0.000000 4
1258 1.000000 2
1260 -1.000000 2
1262 1.000000 2
1264 1.000000 2
1267 -1.000000 3
1270 1.000000 3
1273 -1.000000 3
1277 1.000000 4
1281 1.000000 4
1285 1.000000 4
1287 1.000000 2
1291 1.000000 4
1295 1.000000 4
1298 -1.000000 3
1302 1.000000 4
1306 1.000000 4
1310 1.000000 4
1314 0.000000 4
1317 1.000000 3
1321 0.000000 4
1324 -1.000000 3
1328 1.000000 4
1331 -1.000000 3
1335 1.000000 4
1338 -1.000000 3
1342 0.000000 4
1345 -1.000000 3
1347 1.000000 2
1350 1.000000 3
1353 -1.000000 3
1356 -1.000000 3
1359 -1.000000 3
1361 -1.000000 2
1365 0.000000 4
1368 1.000000 3
1371 -1.000000 3
1374 -1.000000 3
1376 1.000000 2
1380 1.000000 4
1382 -1.000000 2
1386 1.000000 4
1388 1.000000 2
1391 -1.000000 3
1394 -1.000000 3
1398 0.000000 4
1400 1.000000 2
1404 1.000000 4
1408 1.000000 4
1412 1.000000 4
1416 0.000000 4
1419 1.000000 3
1422 -1.000000 3
1426 1.000000 4
1428 -1.000000 2
1432 1.000000 4
1434 -1.000000 2
1437 -1.000000 3
1441 1.000000 4
1444 -1.000000 3
1447 1.000000 3
1450 -1.000000 3
1454 1.000000 4
1456 -1.000000 2
1459 -1.000000 3
1462 -1.000000 3
1464 1.000000 2
1468 0.000000 4
1472 1.000000 4
1476 0.000000 4
1478 1.000000 2
1482 0.000000 4
1485 -1.000000 3
1488 -1.000000 3
1492 0.000000 4
1495 1.000000 3
1497 -1.000000 2
1501 1.000000 4
1505 0.000000 4
1508 -1.000000 3
1512 1.000000 4
1515 -1.000000 3
1518 1.000000 3
1521 -1.000000 3
1524 1.000000 3
1527 -1.000000 3
1530 1.000000 3
1533 -1.000000 3
1537 1.000000 4
1540 -1.000000 3
1544 1.000000 4
1546 -1.000000 2
1549 -1.000000 3
1551 1.000000 2
1555 1.000000 4
1559 1.000000 4
1562 -1.000000 3
1565 -1.000000 3
1568 1.000000 3
1572 1.000000 4
1575 -1.000000 3
1578 1.000000 3
1582 1.000000 4
1585 -1.000000 3
1588 -1.000000 3
1590 1.000000 2
1594 1.000000 4
1597 -1.000000 3
1601 0.000000 4
1604 -1.000000 3
1608 1.000000 4
1611 -1.000000 3
1615 1.000000 4
1619 1.000000 4
1623 0.000000 4
1625 -1.000000 2
1628 1.000000 3
1632 0.000000 4
1636 0.000000 4
1639 1.000000 3
1642 -1.000000 3
1646 1.000000 4
1650 1.000000 4
1654 1.000000 4
1657 1.000000 3
1660 -1.000000 3
1663 -1.000000 3
1666 -1.000000 3
1670 0.000000 4
1674 0.000000 4
1677 -1.000000 3
1680 -1.000000 3
1683 1.000000 3
1687 1.000000 4
1690 1.000000 3
1693 -1.000000 3
1697 1.000000 4
1700 -1.000000 3
1702 1.000000 2
1704 1.000000 2
1708 1.000000 4
1710 1.000000 2
1714 1.000000 4
1718 1.000000 4
1721 1.000000 3
1725 0.000000 4
1729 1.000000 4
1732 1.000000 3
1736 0.000000 4
1738 1.000000 2
1741 1.000000 3
1744 1.000000 3
1747 1.000000 3
1750 -1.000000 3
1753 1.000000 3
1755 -1.000000 2
1758 1.000000 3
1761 -1.000000 3
1764 -1.000000 3
1767 1.000000 3
1769 1.000000 2
1773 1.000000 4
1777 0.000000 4
1779 1.000000 2
1782 -1.000000 3
1786 1.000000 4
1789 -1.000000 3
1793 1.000000 4
1796 1.000000 3
1799 1.000000 3
1802 1.000000 3
1804 1.000000 2
1806 1.000000 2
1810 0.000000 4
1813 1.000000 3
1816 -1.000000 3
1818 1.000000 2
1822 1.000000 4
1825 1.000000 3
1828 1.000000 3
1831 1.000000 3
1833 1.000000 2
1836 1.000000 3
1840 0.000000 4
1844 1.000000 4
1847 1.000000 3
1851 0.000000 4
1855 0.000000 4
1858 1.000000 3
1860 1.000000 2
1864 1.000000 4
1868 1.000000 4
1870 -1.000000 2
1873 -1.000000 3
1877 1.000000 4
1881 0.000000 4
1885 0.000000 4
1889 1.000000 4
1893 1.000000 4
1897 0.000000 4
1901 0.000000 4
1905 0.000000 4
1907 1.000000 2
1911 1.000000 4
1914 1.000000 3
1917 1.000000 3
1919 -1.000000 2
1922 1.000000 3
1925 -1.000000 3
1928 -1.000000 3
1932 1.000000 4
1936 1.000000 4
1940 1.000000 4
1944 1.000000 4
1948 1.000000 4
1951 1.000000 3
1955 1.000000 4
1958 -1.000000 3
1961 -1.000000 3
1964 -1.000000 3
1968 0.000000 4
1970 1.000000 2
1973 -1.000000 3
1976 -1.000000 3
1979 1.000000 3
1981 -1.000000 2
1984 1.000000 3
1988 1.000000 4
1990 1.000000 2
1993 1.000000 3
1995 -1.000000 2
1998 -1.000000 3
2002 1.000000 4
2005 1.000000 3
2009 0.000000 4
2013 1.000000 4
2016 1.000000 3
2019 1.000000 3
2022 1.000000 3
2026 0.000000 4
2030 1.000000 4
2033 1.000000 3
2035 1.000000 2
2037 -1.000000 2
2040 1.000000 3
2043 1.000000 3
2045 -1.000000 2
2049 1.000000 4
2052 1.000000 3
2056 1.000000 4
2058 1.000000 2
2060 -1.000000 2
2064 0.000000 4
2068 0.000000 4
2070 1.000000 2
2073 1.000000 3
2076 1.000000 3
2078 -1.000000 2
2082 0.000000 4
2086 0.000000 4
2089 -1.000000 3
2093 0.000000 4
2097 0.000000 4
2099 1.000000 2
2103 0.000000 4
2105 1.000000 2
2108 -1.000000 3
2112 0.000000 4
2116 0.000000 4
2119 1.000000 3
2122 1.000000 3
2125 -1.000000 3
2127 1.000000 2
2131 1.000000 4
2134 -1.000000 3
2136 -1.000000 2
2139 1.000000 3
2141 1.000000 2
2144 -1.000000 3
2148 1.000000 4
2151 -1.000000 3
2153 -1.000000 2
2157 0.000000 4
2161 1.000000 4
2165 0.000000 4
2169 1.000000 4
2172 1.000000 3
2174 -1.000000 2
2177 -1.000000 3
2180 -1.000000 3
2183 1.000000 3
2187 0.000000 4
2190 1.000000 3
2194 0.000000 4
2198 1.000000 4
2202 0.000000 4
2204 1.000000 2
2207 -1.000000 3
2210 1.000000 3
2214 0.000000 4
2217 -1.000000 3
2221 1.000000 4
2223 1.000000 2
2226 1.000000 3
2229 1.000000 3
2231 1.000000 2
2234 -1.000000 3
2236 1.000000 2
2239 1.000000 3
2242 -1.000000 3
2246 1.000000 4
2250 1.000000 4
2254 1.000000 4
2258 1.000000 4
2261 1.000000 3
2263 1.000000 2
2266 -1.000000 3
2269 1.000000 3
2272 -1.000000 3
2276 1.000000 4
2278 1.000000 2
2282 1.000000 4
2285 1.000000 3
2287 -1.000000 2
2291 1.000000 4
2293 -1.000000 2
2297 1.000000 4
2300 1.000000 3
2302 -1.000000 2
2306 0.000000 4
2310 1.000000 4
2312 -1.000000 2
2315 1.000000 3
2318 1.000000 3
2322 1.000000 4
2325 1.000000 3
2328 1.000000 3
2331 -1.000000 3
2333 1.000000 2
2335 -1.000000 2
2338 -1.000000 3
2342 1.000000 4
2344 1.000000 2
2348 0.000000 4
2351 1.000000 3
2355 1.000000 4
2357 -1.000000 2
2359 1.000000 2
2362 -1.000000 3
2366 1.000000 4
2369 -1.000000 3
2371 -1.000000 2
2374 1.000000 3
2376 1.000000 2
2379 1.000000 3
2383 0.000000 4
2385 1.000000 2
2388 1.000000 3
2391 1.000000 3
2393 1.000000 2
2395 1.000000 2
2399 1.000000 4
2403 1.000000 4
2406 1.000000 3
2410 1.000000 4
2413 -1.000000 3
2416 1.000000 3
2420 0.000000 4
2423 1.000000 3
2426 1.000000 3
2429 1.000000 3
2432 1.000000 3
2436 1.000000 4
2439 -1.000000 3
2442 1.000000 3
2446 1.000000 4
2449 1.000000 3
2451 1.000000 2
2453 1.000000 2
2455 1.000000 2
2458 1.000000 3
2461 1.000000 3
2464 -1.000000 3
2466 -1.000000 2
2468 -1.000000 2
2470 1.000000 2
2473 1.000000 3
2476 -1.000000 3
2480 1.000000 4
2484 0.000000 4
2488 1.000000 4
2492 0.000000 4
2496 1.000000 4
2499 -1.000000 3
2502 1.000000 3
2505 1.000000 3
2509 1.000000 4
2511 1.000000 2
2515 0.000000 4
2519 0.000000 4
2521 -1.000000 2
2524 -1.000000 3
2527 1.000000 3
2529 1.000000 2
2532 -1.000000 3
2535 -1.000000 3
2539 0.000000 4
2542 1.000000 3
2545 -1.000000 3
2549 1.000000 4
2553 1.000000 4
2556 -1.000000 3
2559 1.000000 3
2562 1.000000 3
2565 -1.000000 3
2569 1.000000 4
2573 0.000000 4
2576 -1.000000 3
2579 -1.000000 3
2582 -1.000000 3
2585 1.000000 3
2587 1.000000 2
2591 1.000000 4
2595 1.000000 4
2598 1.000000 3
2601 1.000000 3
2603 1.000000 2
2606 1.000000 3
2609 1.000000 3
2613 0.000000 4
2615 -1.000000 2
2619 1.000000 4
2622 -1.000000 3
2625 1.000000 3
2627 1.000000 2
2631 1.000000 4
2634 1.000000 3
2637 -1.000000 3
2640 -1.000000 3
2643 -1.000000 3
2647 0.000000 4
2650 1.000000 3
2654 0.000000 4
2657 -1.000000 3
2660 -1.000000 3
2662 1.000000 2
2665 -1.000000 3
2667 1.000000 2
2670 1.000000 3
2674 1.000000 4
2678 1.000000 4
2682 0.000000 4
2686 1.000000 4
2690 0.000000 4
2694 0.000000 4
2697 -1.000000 3
2700 -1.000000 3
2703 1.000000 3
2707 1.000000 4
2709 -1.000000 2
2713 1.000000 4
2716 1.000000 3
2718 -1.000000 2
2721 -1.000000 3
2724 -1.000000 3
2727 -1.000000 3
2731 1.000000 4
2734 1.000000 3
2737 1.000000 3
2740 -1.000000 3
2744 0.000000 4
2748 0.000000 4
2752 1.000000 4
2755 1.000000 3
2759 0.000000 4
2763 1.000000 4
2766 -1.000000 3
2769 -1.000000 3
2773 1.000000 4
2775 -1.000000 2
2778 1.000000 3
2782 1.000000 4
2784 1.000000 2
2787 -1.000000 3
2790 1.000000 3
2793 1.000000 3
2795 -1.000000 2
2798 -1.000000 3
2802 0.000000 4
2806 1.000000 4
2810 1.000000 4
2814 1.000000 4
2818 1.000000 4
2822 0.000000 4
2826 0.000000 4
2830 1.000000 4
2833 -1.000000 3
2836 1.000000 3
2838 -1.000000 2
2842 0.000000 4
2846 0.000000 4
2850 0.000000 4
2853 1.000000 3
2855 -1.000000 2
2858 1.000000 3
2862 1.000000 4
2864 -1.000000 2
2867 1.000000 3
2870 1.000000 3
2873 1.000000 3
2876 -1.000000 3
2879 1.000000 3
2881 1.000000 2
2883 1.000000 2
2886 1.000000 3
2889 1.000000 3
2892 -1.000000 3
2895 -1.000000 3
2899 1.000000 4
2902 1.000000 3
2905 -1.000000 3
2908 -1.000000 3
2910 -1.000000 2
2912 1.000000 2
2914 -1.000000 2
2917 -1.000000 3
2919 1.000000 2
2923 1.000000 4
2927 0.000000 4
2930 -1.000000 3
2934 1.000000 4
2938 1.000000 4
2941 -1.000000 3
2945 0.000000 4
2949 1.000000 4
2952 1.000000 3
2954 -1.000000 2
2957 -1.000000 3
2961 1.000000 4
2964 1.000000 3
2967 -1.000000 3
2970 -1.000000 3
2974 1.000000 4
2977 -1.000000 3
2980 1.000000 3
2984 1.000000 4
2987 -1.000000 3
2990 1.000000 3
2994 1.000000 4
2998 0.000000 4
3001 -1.000000 3
3004 1.000000 3
3007 1.000000 3
3011 0.000000 4
3015 1.000000 4
3017 -1.000000 2
3019 1.000000 2
3022 1.000000 3
3025 -1.000000 3
3027 -1.000000 2
3030 1.000000 3
3033 1.000000 3
3037 1.000000 4
3040 -1.000000 3
3044 1.000000 4
3046 1.000000 2
3049 -1.000000 3
3052 1.000000 3
3056 1.000000 4
3059 -1.000000 3
3063 1.000000 4
3066 1.000000 3
3070 1.000000 4
3074 0.000000 4
3077 1.000000 3
3079 -1.000000 2
3083 1.000000 4
3086 1.000000 3
3089 -1.000000 3
3092 1.000000 3
3094 1.000000 2
3097 1.000000 3
3099 1.000000 2
3103 1.000000 4
3106 1.000000 3
3109 1.000000 3
3113 1.000000 4
3116 -1.000000 3
3119 1.000000 3
3122 1.000000 3
3126 0.000000 4
3128 1.000000 2
3132 1.000000 4
3136 0.000000 4
3139 1.000000 3
3141 1.000000 2
3145 1.000000 4
3148 1.000000 3
3151 1.000000 3
3155 0.000000 4
3158 -1.000000 3
3161 1.000000 3
3165 1.000000 4
3169 0.000000 4
3173 0.000000 4
3177 0.000000 4
3180 -1.000000 3
3183 -1.000000 3
3186 1.000000 3
3189 1.000000 3
3192 -1.000000 3
3196 0.000000 4
3199 -1.000000 3
3203 1.000000 4
3206 1.000000 3
3209 -1.000000 3
3213 0.000000 4
3216 1.000000 3
3219 1.000000 3
3222 -1.000000 3
3224 -1.000000 2
3226 1.000000 2
3228 -1.000000 2
3232 0.000000 4
3235 -1.000000 3
3238 1.000000 3
3241 1.000000 3
3243 -1.000000 2
3246 1.000000 3
3249 1.000000 3
3253 1.000000 4
3256 1.000000 3
3260 1.000000 4
3264 0.000000 4
3268 0.000000 4
3271 1.000000 3
3274 1.000000 3
3278 0.000000 4
3282 1.000000 4
3286 1.000000 4
3288 -1.000000 2
3291 1.000000 3
3294 1.000000 3
3298 1.000000 4
3302 1.000000 4
3304 -1.000000 2
3307 -1.000000 3
3311 0.000000 4
3315 0.000000 4
3318 1.000000 3
3322 0.000000 4
3325 1.000000 3
3328 1.000000 3
3331 1.000000 3
3333 1.000000 2
3337 0.000000 4
3341 0.000000 4
3343 -1.000000 2
3347 1.000000 4
3350 1.000000 3
3354 1.000000 4
3358 1.000000 4
3362 0.000000 4
3365 -1.000000 3
3367 1.000000 2
3369 -1.000000 2
3373 1.000000 4
3377 1.000000 4
3380 -1.000000 3
3383 1.000000 3
3387 1.000000 4
3391 1.000000 4
3394 -1.000000 3
3398 1.000000 4
3401 1.000000 3
3403 1.000000 2
3405 -1.000000 2
3409 0.000000 4
3413 1.000000 4
3416 -1.000000 3
3419 1.000000 3
3422 1.000000 3
3426 0.000000 4
3430 0.000000 4
3433 -1.000000 3
3436 -1.000000 3
3438 1.000000 2
3441 1.000000 3
3445 0.000000 4
3449 1.000000 4
3451 1.000000 2
3454 -1.000000 3
3457 -1.000000 3
3460 1.000000 3
3464 0.000000 4
3466 1.000000 2
3470 0.000000 4
3473 -1.000000 3
3475 1.000000 2
3478 -1.000000 3
3481 1.000000 3
3485 1.000000 4
3489 0.000000 4
3492 -1.000000 3
3495 1.000000 3
3498 1.000000 3
3501 -1.000000 3
3505 1.000000 4
3508 -1.000000 3
3512 1.000000 4
3515 1.000000 3
3518 -1.000000 3
3521 1.000000 3
3523 -1.000000 2
3526 -1.000000 3
3529 1.000000 3
3532 1.000000 3
3535 -1.000000 3
3537 -1.000000 2
3540 1.000000 3
3543 -1.000000 3
3547 0.000000 4
3551 0.000000 4
3553 -1.000000 2
3557 0.000000 4
3560 1.000000 3
3562 1.000000 2
3564 1.000000 2
3566 1.000000 2
3568 1.000000 2
3571 1.000000 3
3573 1.000000 2
3577 1.000000 4
3580 1.000000 3
3582 -1.000000 2
3585 1.000000 3
3587 -1.000000 2
3591 0.000000 4
3595 1.000000 4
3597 1.000000 2
3601 1.000000 4
3605 1.000000 4
3608 -1.000000 3
3610 -1.000000 2
3613 1.000000 3
3615 -1.000000 2
3619 1.000000 4
3622 1.000000 3
3625 -1.000000 3
3629 1.000000 4
3633 1.000000 4
3636 1.000000 3
3638 -1.000000 2
3642 1.000000 4
3645 -1.000000 3
3648 1.000000 3
3651 1.000000 3
3654 1.000000 3
3657 -1.000000 3
3660 -1.000000 3
3662 1.000000 2
3665 -1.000000 3
3669 1.000000 4
3672 1.000000 3
3676 1.000000 4
3678 -1.000000 2
3681 -1.000000 3
3684 1.000000 3
3687 1.000000 3
3690 -1.000000 3
3694 1.000000 4
3696 -1.000000 2
3699 -1.000000 3
3703 1.000000 4
3707 1.000000 4
3710 1.000000 3
3714 1.000000 4
3717 -1.000000 3
3721 1.000000 4
3724 1.000000 3
3728 1.000000 4
3732 1.000000 4
3734 -1.000000 2
3736 -1.000000 2
3739 1.000000 3
3743 1.000000 4
3746 -1.000000 3
3749 1.000000 3
3751 -1.000000 2
3755 1.000000 4
3759 1.000000 4
3762 1.000000 3
3765 -1.000000 3
3768 1.000000 3
3772 1.000000 4
3775 -1.000000 3
3777 -1.000000 2
3781 0.000000 4
3783 -1.000000 2
3787 1.000000 4
3790 1.000000 3
3792 -1.000000 2
3795 -1.000000 3
3799 0.000000 4
3802 1.000000 3
3806 1.000000 4
3810 1.000000 4
3813 -1.000000 3
3817 1.000000 4
3821 0.000000 4
3823 1.000000 2
3826 1.000000 3
3829 1.000000 3
3832 -1.000000 3
3836 1.000000 4
3839 -1.000000 3
3842 1.000000 3
3845 1.000000 3
3849 1.000000 4
3852 1.000000 3
3856 1.000000 4
3858 1.000000 2
3861 -1.000000 3
3863 -1.000000 2
3865 1.000000 2
3868 -1.000000 3
3871 1.000000 3
3873 -1.000000 2
3876 -1.000000 3
3879 1.000000 3
3881 1.000000 2
3884 -1.000000 3
3888 1.000000 4
3892 1.000000 4
3894 1.000000 2
3897 1.000000 3
3900 1.000000 3
3904 1.000000 4
3906 1.000000 2
3909 1.000000 3
3911 1.000000 2
3915 1.000000 4
3918 1.000000 3
3920 -1.000000 2
3923 -1.000000 3
3925 1.000000 2
3928 1.000000 3
3932 1.000000 4
3936 0.000000 4
3938 1.000000 2
3942 1.000000 4
3946 1.000000 4
3950 1.000000 4
3954 1.000000 4
3958 1.000000 4
3961 -1.000000 3
3964 -1.000000 3
3967 -1.000000 3
3970 -1.000000 3
3974 1.000000 4
3977 1.000000 3
3979 1.000000 2
3982 1.000000 3
3986 0.000000 4
3988 1.000000 2
3991 1.000000 3
3994 1.000000 3
3998 1.000000 4
4002 1.000000 4
4005 -1.000000 3
4009 1.000000 4
4011 1.000000 2
4015 1.000000 4
4018 1.000000 3
4020 1.000000 2
4022 -1.000000 2
4026 0.000000 4
4029 -1.000000 3
4033 0.000000 4
4037 1.000000 4
4040 -1.000000 3
4043 1.000000 3
4045 -1.000000 2
4048 1.000000 3
4052 0.000000 4
4055 -1.000000 3
4058 -1.000000 3
4061 1.000000 3
4064 -1.000000 3
4067 1.000000 3
4070 1.000000 3
4073 -1.000000 3
4076 -1.000000 3
4080 0.000000 4
4083 -1.000000 3
4086 1.000000 3
4089 -1.000000 3
4093 0.000000 4
4097 0.000000 4
4101 0.000000 4
4104 1.000000 3
4108 1.000000 4
4110 1.000000 2
4114 1.000000 4
4116 1.000000 2
4120 1.000000 4
4124 1.000000 4
4127 1.000000 3
4129 -1.000000 2
4133 1.000000 4
4136 1.000000 3
4139 -1.000000 3
4142 -1.000000 3
4144 1.000000 2
4148 0.000000 4
4152 0.000000 4
4156 1.000000 4
4158 -1.000000 2
4162 0.000000 4
4166 0.000000 4
4169 -1.000000 3
4172 -1.000000 3
4174 -1.000000 2
4177 1.000000 3
4179 1.000000 2
4182 1.000000 3
4185 -1.000000 3
4189 1.000000 4
4192 1.000000 3
4194 -1.000000 2
4196 -1.000000 2
4199 1.000000 3
4202 1.000000 3
4205 -1.000000 3
4208 -1.000000 3
4211 1.000000 3
4215 1.000000 4
4218 -1.000000 3
4221 -1.000000 3
4224 -1.000000 3
4227 -1.000000 3
4231 0.000000 4
4233 1.000000 2
4235 -1.000000 2
4237 1.000000 2
4240 1.000000 3
4243 -1.000000 3
4247 1.000000 4
4251 1.000000 4
4254 1.000000 3
4257 1.000000 3
4259 -1.000000 2
4262 1.000000 3
4265 -1.000000 3
4268 1.000000 3
4271 -1.000000 3
4275 1.000000 4
4278 1.000000 3
4281 1.000000 3
4284 -1.000000 3
4287 -1.000000 3
4290 1.000000 3
4294 0.000000 4
4297 -1.000000 3
4300 -1.000000 3
4303 -1.000000 3
4305 1.000000 2
4308 -1.000000 3
4310 1.000000 2
4314 0.000000 4
4317 -1.000000 3
4319 1.000000 2
4322 -1.000000 3
4324 -1.000000 2
4328 0.000000 4
4332 1.000000 4
4336 1.000000 4
4338 1.000000 2
4341 1.000000 3
4344 1.000000 3
4348 1.000000 4
4351 -1.000000 3
4354 -1.000000 3
4356 1.000000 2
4359 1.000000 3
4361 -1.000000 2
4365 0.000000 4
4369 0.000000 4
4373 0.000000 4
4376 1.000000 3
4380 1.000000 4
4383 -1.000000 3
4386 1.000000 3
4389 -1.000000 3
4392 -1.000000 3
4394 1.000000 2
4397 1.000000 3
4401 1.000000 4
4404 1.000000 3
4407 1.000000 3
4411 1.000000 4
4414 -1.000000 3
4417 -1.000000 3
4420 1.000000 3
4422 -1.000000 2
4424 -1.000000 2
4428 1.000000 4
4430 1.000000 2
4434 0.000000 4
4438 1.000000 4
4442 0.000000 4
4445 -1.000000 3
4449 0.000000 4
4452 1.000000 3
4455 -1.000000 3
4458 -1.000000 3
4462 1.000000 4
4466 1.000000 4
4469 -1.000000 3
4472 -1.000000 3
4475 -1.000000 3
4478 1.000000 3
4481 -1.000000 3
4485 0.000000 4
4489 1.000000 4
4492 1.000000 3
4496 1.000000 4
4498 1.000000 2
4501 1.000000 3
4505 0.000000 4
4508 -1.000000 3
4510 1.000000 2
4514 0.000000 4
4518 1.000000 4
4521 -1.000000 3
4523 1.000000 2
4526 -1.000000 3
4530 0.000000 4
4533 -1.000000 3
4537 1.000000 4
4541 0.000000 4
4544 -1.000000 3
4548 0.000000 4
4552 1.000000 4
4555 -1.000000 3
4559 1.000000 4
4562 1.000000 3
4566 1.000000 4
4568 -1.000000 2
4571 1.000000 3
4573 -1.000000 2
4577 1.000000 4
4580 -1.000000 3
4582 1.000000 2
4586 1.000000 4
4590 0.000000 4
4593 1.000000 3
4596 1.000000 3
4600 1.000000 4
4603 1.000000 3
4606 -1.000000 3
4609 1.000000 3
4612 -1.000000 3
4615 -1.000000 3
4619 0.000000 4
4623 1.000000 4
4626 1.000000 3
4630 1.000000 4
4634 1.000000 4
4637 1.000000 3
4640 1.000000 3
4643 1.000000 3
4646 -1.000000 3
4650 0.000000 4
4653 -1.000000 3
4657 1.000000 4
4660 -1.000000 3
4663 1.000000 3
4667 0.000000 4
4670 1.000000 3
4674 0.000000 4
4678 1.000000 4
4681 -1.000000 3
4684 -1.000000 3
4688 1.000000 4
4691 1.000000 3
4694 -1.000000 3
4698 1.000000 4
4701 1.000000 3
4704 -1.000000 3
4706 1.000000 2
4708 1.000000 2
4712 0.000000 4
4716 1.000000 4
4720 0.000000 4
4722 1.000000 2
4725 1.000000 3
4727 1.000000 2
4730 -1.000000 3
4732 1.000000 2
4735 -1.000000 3
4738 -1.000000 3
4741 1.000000 3
4745 1.000000 4
4749 0.000000 4
4752 -1.000000 3
4755 1.000000 3
4759 1.000000 4
4762 -1.000000 3
4765 1.000000 3
4768 1.000000 3
4771 -1.000000 3
4775 0.000000 4
4779 1.000000 4
4782 1.000000 3
4784 -1.000000 2
4787 1.000000 3
4791 1.000000 4
4795 0.000000 4
4799 1.000000 4
4801 1.000000 2
4804 -1.000000 3
4807 1.000000 3
4809 1.000000 2
4813 1.000000 4
4816 1.000000 3
4818 1.000000 2
4822 1.000000 4
4826 1.000000 4
4830 1.000000 4
4833 1.000000 3
4835 -1.000000 2
4839 1.000000 4
4843 1.000000 4
4846 -1.000000 3
4849 -1.000000 3
4853 0.000000 4
4857 1.000000 4
4859 -1.000000 2
4863 0.000000 4
4867 1.000000 4
4871 0.000000 4
4875 1.000000 4
4879 1.000000 4
4882 1.000000 3
4885 1.000000 3
4889 1.000000 4
4892 1.000000 3
4896 0.000000 4
4900 0.000000 4
4904 1.000000 4
4907 -1.000000 3
4910 -1.000000 3
4913 -1.000000 3
4915 1.000000 2
4918 1.000000 3
4921 -1.000000 3
4923 1.000000 2
4927 0.000000 4
4930 -1.000000 3
4933 1.000000 3
4935 -1.000000 2
4938 1.000000 3
4941 -1.000000 3
4944 1.000000 3
4947 1.000000 3
4949 1.000000 2
4953 1.000000 4
4955 1.000000 2
4959 1.000000 4
4962 1.000000 3
4966 0.000000 4
4969 1.000000 3
4973 1.000000 4
4975 1.000000 2
4979 1.000000 4
4983 0.000000 4
4987 1.000000 4
4990 -1.000000 3
4994 1.000000 4
4996 -1.000000 2
4999 1.000000 3
5002 1.000000 3
5006 1.000000 4
5009 -1.000000 3
5013 0.000000 4
5015 -1.000000 2
5018 1.000000 3
5020 1.000000 2
5024 1.000000 4
5028 0.000000 4
5032 1.000000 4
5035 -1.000000 3
5038 -1.000000 3
5040 1.000000 2
5043 -1.000000 3
5045 -1.000000 2
5049 1.000000 4
5053 0.000000 4
5055 -1.000000 2
5058 -1.000000 3
5062 1.000000 4
5064 1.000000 2
5068 1.000000 4
5072 1.000000 4
5074 -1.000000 2
5077 -1.000000 3
5080 1.000000 3
5082 -1.000000 2
5085 -1.000000 3
5087 1.000000 2
5089 1.000000 2
5093 0.000000 4
5097 1.000000 4
5101 1.000000 4
5105 0.000000 4
5108 1.000000 3
5111 1.000000 3
5114 1.000000 3
5118 0.000000 4
5122 1.000000 4
5126 1.000000 4
5128 1.000000 2
5131 -1.000000 3
5133 -1.000000 2
5136 1.000000 3
5138 -1.000000 2
5141 1.000000 3
5144 1.000000 3
5146 -1.000000 2
5149 -1.000000 3
5152 -1.000000 3
5154 -1.000000 2
5157 1.000000 3
5161 1.000000 4
5163 1.000000 2
5166 1.000000 3
5169 -1.000000 3
5173 1.000000 4
5176 -1.000000 3
5179 -1.000000 3
5182 -1.000000 3
5186 0.000000 4
5188 1.000000 2
5192 0.000000 4
5194 1.000000 2
5197 1.000000 3
5201 1.000000 4
5204 -1.000000 3
5207 -1.000000 3
5211 0.000000 4
5215 0.000000 4
5217 -1.000000 2
5220 1.000000 3
5224 1.000000 4
5227 1.000000 3
5230 1.000000 3
5232 -1.000000 2
5236 0.000000 4
5239 1.000000 3
5242 -1.000000 3
5245 1.000000 3
5248 1.000000 3
5252 0.000000 4
5255 1.000000 3
5259 1.000000 4
5261 -1.000000 2
5265 0.000000 4
5268 -1.000000 3
5272 1.000000 4
5275 -1.000000 3
5279 1.000000 4
5283 0.000000 4
5285 -1.000000 2
5288 1.000000 3
5291 -1.000000 3
5295 1.000000 4
5298 1.000000 3
5302 0.000000 4
5306 1.000000 4
5309 1.000000 3
5312 -1.000000 3
5314 -1.000000 2
5318 1.000000 4
5322 0.000000 4
5326 1.000000 4
5330 0.000000 4
5334 1.000000 4
5336 1.000000 2
5339 1.000000 3
5342 1.000000 3
5346 1.000000 4
5350 1.000000 4
5353 1.000000 3
5357 0.000000 4
5361 0.000000 4
5364 1.000000 3
5367 1.000000 3
5371 1.000000 4
5375 1.000000 4
5378 1.000000 3
5381 1.000000 3
5384 1.000000 3
5388 1.000000 4
5392 1.000000 4
5395 -1.000000 3
5398 1.000000 3
5401 -1.000000 3
5405 1.000000 4
5409 1.000000 4
5413 0.000000 4
5417 1.000000 4
5420 1.000000 3
5423 1.000000 3
5426 -1.000000 3
5430 1.000000 4
5432 -1.000000 2
5436 0.000000 4
5438 1.000000 2
5442 1.000000 4
5445 1.000000 3
5449 1.000000 4
5453 1.000000 4
5456 1.000000 3
5460 1.000000 4
5463 1.000000 3
5466 -1.000000 3
5470 1.000000 4
5474 0.000000 4
5477 -1.000000 3
5479 -1.000000 2
5482 1.000000 3
5485 1.000000 3
5488 -1.000000 3
5492 1.000000 4
5495 -1.000000 3
5498 1.000000 3
5500 -1.000000 2
5503 1.000000 3
5507 1.000000 4
5510 1.000000 3
5512 -1.000000 2
5514 -1.000000 2
5518 0.000000 4
5520 1.000000 2
5524 0.000000 4
5527 1.000000 3
5530 1.000000 3
5534 0.000000 4
5538 1.000000 4
5541 1.000000 3
5544 1.000000 3
5547 -1.000000 3
5550 1.000000 3
5554 0.000000 4
5557 -1.000000 3
5561 1.000000 4
5564 1.000000 3
5566 -1.000000 2
5569 -1.000000 3
5572 -1.000000 3
5576 0.000000 4
5579 1.000000 3
5581 1.000000 2
5583 -1.000000 2
5585 1.000000 2
5589 1.000000 4
5592 1.000000 3
5595 1.000000 3
5599 1.000000 4
5603 1.000000 4
5607 0.000000 4
5610 -1.000000 3
5613 -1.000000 3
5616 1.000000 3
5620 0.000000 4
5624 0.000000 4
5628 1.000000 4
5630 -1.000000 2
5633 1.000000 3
5637 1.000000 4
5640 1.000000 3
5643 -1.000000 3
5646 -1.000000 3
5650 1.000000 4
5653 1.000000 3
5657 1.000000 4
5661 1.000000 4
5664 -1.000000 3
5668 1.000000 4
5672 1.000000 4
5675 1.000000 3
5677 -1.000000 2
5681 0.000000 4
5684 1.000000 3
5687 -1.000000 3
5689 1.000000 2
5692 -1.000000 3
5695 -1.000000 3
5698 1.000000 3
5700 1.000000 2
5703 -1.000000 3
5705 -1.000000 2
5708 -1.000000 3
5710 1.000000 2
5714 1.000000 4
5717 1.000000 3
5721 1.000000 4
5725 1.000000 4
5728 1.000000 3
5731 -1.000000 3
5733 -1.000000 2
5736 1.000000 3
5739 1.000000 3
5742 1.000000 3
5745 1.000000 3
5748 -1.000000 3
5752 1.000000 4
5756 1.000000 4
5759 -1.000000 3
5761 1.000000 2
5763 1.000000 2
5766 -1.000000 3
5769 1.000000 3
5772 -1.000000 3
5776 0.000000 4
5778 1.000000 2
5781 1.000000 3
5783 1.000000 2
5785 1.000000 2
5789 1.000000 4
5793 0.000000 4
5796 -1.000000 3
5799 1.000000 3
5801 1.000000 2
5804 1.000000 3
5807 1.000000 3
5809 -1.000000 2
5812 1.000000 3
5816 1.000000 4
5818 1.000000 2
5822 1.000000 4
5826 0.000000 4
5829 1.000000 3
5832 1.000000 3
5834 -1.000000 2
5838 1.000000 4
5841 -1.000000 3
5844 -1.000000 3
5848 1.000000 4
5850 1.000000 2
5854 1.000000 4
5858 0.000000 4
5861 -1.000000 3
5864 -1.000000 3
5868 1.000000 4
5870 -1.000000 2
5873 -1.000000 3
5876 1.000000 3
5880 1.000000 4
5884 0.000000 4
5887 -1.000000 3
5890 1.000000 3
5893 1.000000 3
5896 1.000000 3
5899 1.000000 3
5903 1.000000 4
5907 1.000000 4
5911 1.000000 4
5914 -1.000000 3
5918 1.000000 4
5920 1.000000 2
5924 1.000000 4
5928 1.000000 4
5931 1.000000 3
5933 -1.000000 2
5935 -1.000000 2
5939 1.000000 4
5942 1.000000 3
5944 -1.000000 2
5947 -1.000000 3
5951 1.000000 4
5954 1.000000 3
5957 -1.000000 3
5961 1.000000 4
5964 1.000000 3
5967 1.000000 3
5971 1.000000 4
5974 1.000000 3
5976 1.000000 2
5979 1.000000 3
5983 0.000000 4
5986 1.000000 3
5988 1.000000 2
5991 1.000000 3
5993 1.000000 2
5996 1.000000 3
6000 1.000000 4
6004 0.000000 4
6007 -1.000000 3
6009 1.000000 2
6013 1.000000 4
6017 0.000000 4
6020 -1.000000 3
6024 0.000000 4
6026 -1.000000 2
6029 -1.000000 3
6032 -1.000000 3
6035 1.000000 3
6037 -1.000000 2
6040 -1.000000 3
6044 0.000000 4
6048 0.000000 4
6050 1.000000 2
6052 -1.000000 2
6055 1.000000 3
6058 1.000000 3
6062 1.000000 4
6065 1.000000 3
6068 1.000000 3
6071 1.000000 3
6074 -1.000000 3
6077 1.000000 3
6081 1.000000 4
6085 1.000000 4
6088 1.000000 3
6090 -1.000000 2
6094 0.000000 4
6097 -1.000000 3
6101 0.000000 4
6104 -1.000000 3
6107 1.000000 3
6111 1.000000 4
6114 -1.000000 3
6116 1.000000 2
6120 1.000000 4
6123 1.000000 3
6127 1.000000 4
6130 1.000000 3
6132 -1.000000 2
6136 0.000000 4
6139 -1.000000 3
6142 1.000000 3
6145 -1.000000 3
6147 -1.000000 2
6151 1.000000 4
6154 -1.000000 3
6157 1.000000 3
6161 0.000000 4
6165 1.000000 4
6167 1.000000 2
6170 1.000000 3
6173 -1.000000 3
6175 1.000000 2
6178 -1.000000 3
6182 1.000000 4
6186 1.000000 4
6190 1.000000 4
6193 -1.000000 3
6195 -1.000000 2
6197 1.000000 2
6201 1.000000 4
6204 1.000000 3
6207 -1.000000 3
6211 1.000000 4
6214 1.000000 3
6218 0.000000 4
6221 1.000000 3
6225 1.000000 4
6229 0.000000 4
6232 1.000000 3
6235 -1.000000 3
6237 -1.000000 2
6240 1.000000 3
6243 1.000000 3
6245 1.000000 2
6248 1.000000 3
6251 1.000000 3
6254 1.000000 3
6258 0.000000 4
6261 1.000000 3
6263 1.000000 2
6266 1.000000 3
6269 -1.000000 3
6273 1.000000 4
6277 1.000000 4
6280 1.000000 3
6283 -1.000000 3
6287 0.000000 4
6291 0.000000 4
6294 -1.000000 3
6298 1.000000 4
6301 1.000000 3
6304 -1.000000 3
6307 -1.000000 3
6310 1.000000 3
6312 1.000000 2
6316 1.000000 4
6318 -1.000000 2
6320 -1.000000 2
6323 1.000000 3
6325 -1.000000 2
6328 1.000000 3
6331 1.000000 3
6334 1.000000 3
6337 1.000000 3
6341 0.000000 4
6344 -1.000000 3
6347 1.000000 3
6351 1.000000 4
6355 0.000000 4
6358 1.000000 3
6361 1.000000 3
6365 1.000000 4
6367 -1.000000 2
6371 0.000000 4
6374 1.000000 3
6378 1.000000 4
6382 0.000000 4
6385 -1.000000 3
6389 1.000000 4
6392 -1.000000 3
6395 1.000000 3
6398 1.000000 3
6401 -1.000000 3
6405 0.000000 4
6408 -1.000000 3
6411 -1.000000 3
6415 0.000000 4
6418 -1.000000 3
6421 -1.000000 3
6424 1.000000 3
6427 -1.000000 3
6430 -1.000000 3
6432 1.000000 2
6434 -1.000000 2
6438 1.000000 4
6440 1.000000 2
6444 1.000000 4
6447 1.000000 3
6449 -1.000000 2
6453 1.000000 4
6457 1.000000 4
6460 -1.000000 3
6462 1.000000 2
6465 -1.000000 3
6468 -1.000000 3
6471 -1.000000 3
6474 -1.000000 3
6478 1.000000 4
6482 1.000000 4
6486 0.000000 4
6490 1.000000 4
6494 1.000000 4
6498 1.000000 4
6501 -1.000000 3
6505 1.000000 4
6509 1.000000 4
6512 -1.000000 3
6516 1.000000 4
6519 1.000000 3
6522 -1.000000 3
6526 1.000000 4
6530 0.000000 4
6534 1.000000 4
6537 1.000000 3
6539 -1.000000 2
6542 -1.000000 3
6546 1.000000 4
6549 -1.000000 3
6552 1.000000 3
6554 -1.000000 2
6557 1.000000 3
6560 1.000000 3
6563 1.000000 3
6566 -1.000000 3
6568 1.000000 2
6571 1.000000 3
6574 1.000000 3
6577 -1.000000 3
6581 0.000000 4
6584 -1.000000 3
6587 1.000000 3
6590 -1.000000 3
6592 -1.000000 2
6594 1.000000 2
6597 -1.000000 3
6600 -1.000000 3
6602 1.000000 2
6606 0.000000 4
6610 1.000000 4
6613 1.000000 3
6617 0.000000 4
6621 0.000000 4
6623 -1.000000 2
6626 1.000000 3
6629 -1.000000 3
6632 -1.000000 3
6635 1.000000 3
6639 1.000000 4
6643 0.000000 4
6647 1.000000 4
6650 -1.000000 3
6653 1.000000 3
6655 1.000000 2
6658 1.000000 3
6662 1.000000 4
6665 1.000000 3
6669 0.000000 4
6673 1.000000 4
6676 -1.000000 3
6678 -1.000000 2
6681 1.000000 3
6683 -1.000000 2
6686 1.000000 3
6688 -1.000000 2
6692 1.000000 4
6696 0.000000 4
6699 1.000000 3
6702 1.000000 3
6705 1.000000 3
6707 1.000000 2
6710 1.000000 3
6712 1.000000 2
6716 0.000000 4
6719 1.000000 3
6722 1.000000 3
6725 -1.000000 3
6728 1.000000 3
6730 -1.000000 2
6733 1.000000 3
6736 1.000000 3
6739 -1.000000 3
6742 -1.000000 3
6746 1.000000 4
6748 -1.000000 2
6751 -1.000000 3
6754 1.000000 3
6757 1.000000 3
6761 0.000000 4
6764 1.000000 3
6767 -1.000000 3
6770 -1.000000 3
6773 -1.000000 3
6777 0.000000 4
6779 1.000000 2
6783 0.000000 4
6785 -1.000000 2
6789 0.000000 4
6793 1.000000 4
6797 0.000000 4
6801 0.000000 4
6805 1.000000 4
6808 1.000000 3
6811 -1.000000 3
6815 0.000000 4
6818 -1.000000 3
6821 1.000000 3
6823 -1.000000 2
6826 1.000000 3
6828 1.000000 2
6832 1.000000 4
6835 -1.000000 3
6838 1.000000 3
6840 1.000000 2
6843 1.000000 3
6846 1.000000 3
6850 1.000000 4
6852 -1.000000 2
6856 0.000000 4
6859 1.000000 3
6862 1.000000 3
6864 -1.000000 2
6867 -1.000000 3
6871 1.000000 4
6874 1.000000 3
6878 1.000000 4
6881 -1.000000 3
6885 0.000000 4
6888 1.000000 3
6892 0.000000 4
6894 1.000000 2
6898 1.000000 4
6901 -1.000000 3
6904 -1.000000 3
6906 -1.000000 2
6908 -1.000000 2
6912 0.000000 4
6916 0.000000 4
6918 -1.000000 2
6921 1.000000 3
6925 1.000000 4
6927 1.000000 2
6931 1.000000 4
6933 -1.000000 2
6936 1.000000 3
6939 -1.000000 3
6941 1.000000 2
6943 1.000000 2
6945 1.000000 2
6948 -1.000000 3
6951 1.000000 3
6954 -1.000000 3
6956 1.000000 2
6959 -1.000000 3
6962 -1.000000 3
6965 1.000000 3
6969 1.000000 4
6973 1.000000 4
6977 0.000000 4
6981 0.000000 4
6983 1.000000 2
6985 1.000000 2
6987 1.000000 2
6990 1.000000 3
6993 -1.000000 3
6997 1.000000 4
7000 1.000000 3
7003 1.000000 3
7007 1.000000 4
7011 0.000000 4
7014 1.000000 3
7018 1.000000 4
7022 1.000000 4
7025 1.000000 3
7028 1.000000 3
7031 1.000000 3
7034 -1.000000 3
7037 -1.000000 3
7040 1.000000 3
7042 -1.000000 2
7045 -1.000000 3
7048 -1.000000 3
7052 1.000000 4
7056 0.000000 4
7059 -1.000000 3
7062 -1.000000 3
7065 1.000000 3
7069 0.000000 4
7073 1.000000 4
7077 1.000000 4
7080 -1.000000 3
7082 -1.000000 2
7086 0.000000 4
7089 1.000000 3
7092 1.000000 3
7096 1.000000 4
7099 -1.000000 3
7101 -1.000000 2
7104 1.000000 3
7106 -1.000000 2
7108 1.000000 2
7111 1.000000 3
7113 -1.000000 2
7116 1.000000 3
7119 1.000000 3
7122 -1.000000 3
7125 1.000000 3
7128 1.000000 3
7131 1.000000 3
7134 1.000000 3
7137 -1.000000 3
7141 1.000000 4
7145 1.000000 4
7149 1.000000 4
7153 1.000000 4
7155 1.000000 2
7159 1.000000 4
7162 -1.000000 3
7165 1.000000 3
7168 1.000000 3
7171 -1.000000 3
7175 0.000000 4
7179 1.000000 4
7182 -1.000000 3
7186 1.000000 4
7189 1.000000 3
7191 1.000000 2
7195 1.000000 4
7198 -1.000000 3
7201 1.000000 3
7203 1.000000 2
7207 0.000000 4
7211 1.000000 4
7213 -1.000000 2
7215 1.000000 2
7217 1.000000 2
7220 1.000000 3
7223 1.000000 3
7225 -1.000000 2
7228 -1.000000 3
7231 1.000000 3
7233 -1.000000 2
7237 1.000000 4
7241 1.000000 4
7244 1.000000 3
7248 0.000000 4
7250 -1.000000 2
7253 -1.000000 3
7257 1.000000 4
7261 1.000000 4
7265 1.000000 4
7268 1.000000 3
7271 -1.000000 3
7275 0.000000 4
7278 -1.000000 3
7281 1.000000 3
7285 1.000000 4
7288 -1.000000 3
7291 1.000000 3
7295 0.000000 4
7298 1.000000 3
7300 -1.000000 2
7303 -1.000000 3
7307 0.000000 4
7310 1.000000 3
7314 1.000000 4
7317 1.000000 3
7320 -1.000000 3
7322 1.000000 2
7325 1.000000 3
7327 1.000000 2
7331 1.000000 4
7334 -1.000000 3
7338 0.000000 4
7342 1.000000 4
7346 0.000000 4
7349 1.000000 3
7352 -1.000000 3
7355 -1.000000 3
7358 -1.000000 3
7361 1.000000 3
7365 1.000000 4
7369 1.000000 4
7372 -1.000000 3
7375 1.000000 3
7379 1.000000 4
7382 -1.000000 3
7386 1.000000 4
7389 -1.000000 3
7393 1.000000 4
7396 -1.000000 3
7399 -1.000000 3
7403 1.000000 4
7406 -1.000000 3
7408 1.000000 2
7411 1.000000 3
7415 0.000000 4
7419 0.000000 4
7423 0.000000 4
7425 -1.000000 2
7429 1.000000 4
7432 -1.000000 3
7434 1.000000 2
7437 1.000000 3
7441 1.000000 4
7444 -1.000000 3
7447 1.000000 3
7450 1.000000 3
7453 1.000000 3
7456 1.000000 3
7459 -1.000000 3
7463 0.000000 4
7466 1.000000 3
7469 1.000000 3
7473 0.000000 4
7476 -1.000000 3
7480 0.000000 4
7483 -1.000000 3
7485 -1.000000 2
7488 1.000000 3
7492 0.000000 4
7495 1.000000 3
7499 0.000000 4
7502 -1.000000 3
7505 -1.000000 3
7508 -1.000000 3
7512 1.000000 4
7516 0.000000 4
7519 1.000000 3
7523 0.000000 4
7527 1.000000 4
7530 -1.000000 3
7532 -1.000000 2
7534 -1.000000 2
7538 1.000000 4
7542 0.000000 4
7546 0.000000 4
7550 0.000000 4
7554 1.000000 4
7558 1.000000 4
7561 1.000000 3
7564 -1.000000 3
7567 1.000000 3
7571 1.000000 4
7573 1.000000 2
7576 1.000000 3
7579 1.000000 3
7583 1.000000 4
7586 1.000000 3
7590 1.000000 4
7592 1.000000 2
7595 -1.000000 3
7598 -1.000000 3
7602 0.000000 4
7606 1.000000 4
7609 1.000000 3
7613 0.000000 4
7617 1.000000 4
7619 -1.000000 2
7621 -1.000000 2
7623 1.000000 2
7627 0.000000 4
7631 1.000000 4
7635 1.000000 4
7638 -1.000000 3
7642 1.000000 4
7645 -1.000000 3
7649 1.000000 4
7652 1.000000 3
7654 -1.000000 2
7657 1.000000 3
7659 1.000000 2
7662 -1.000000 3
7664 -1.000000 2
7667 1.000000 3
7670 -1.000000 3
7673 -1.000000 3
7677 0.000000 4
7680 -1.000000 3
7683 1.000000 3
7686 -1.000000 3
7688 -1.000000 2
7692 0.000000 4
7694 1.000000 2
7698 1.000000 4
7702 1.000000 4
7706 1.000000 4
7709 1.000000 3
7712 -1.000000 3
7716 0.000000 4
7720 1.000000 4
7722 1.000000 2
7726 1.000000 4
7730 1.000000 4
7734 0.000000 4
7737 1.000000 3
7740 -1.000000 3
7743 -1.000000 3
7746 1.000000 3
7748 -1.000000 2
7751 1.000000 3
7754 -1.000000 3
7757 1.000000 3
7759 -1.000000 2
7762 -1.000000 3
7766 0.000000 4
7770 1.000000 4
7772 -1.000000 2
7774 1.000000 2
7777 -1.000000 3
7779 -1.000000 2
7782 -1.000000 3
7785 1.000000 3
7788 -1.000000 3
7792 1.000000 4
7795 1.000000 3
7799 0.000000 4
7802 1.000000 3
7805 1.000000 3
7808 -1.000000 3
7812 0.000000 4
7815 -1.000000 3
7819 0.000000 4
7821 -1.000000 2
7825 1.000000 4
7829 1.000000 4
7832 1.000000 3
7835 -1.000000 3
7839 1.000000 4
7842 1.000000 3
7846 1.000000 4
7850 1.000000 4
7853 -1.000000 3
7856 -1.000000 3
7858 1.000000 2
7861 -1.000000 3
7863 -1.000000 2
7866 -1.000000 3
7870 0.000000 4
7873 1.000000 3
7876 -1.000000 3
7878 1.000000 2
7882 0.000000 4
7884 1.000000 2
7888 1.000000 4
7890 -1.000000 2
7892 1.000000 2
7896 0.000000 4
7899 -1.000000 3
7903 1.000000 4
7906 1.000000 3
7910 1.000000 4
7913 1.000000 3
7916 1.000000 3
7920 1.000000 4
7924 0.000000 4
7927 -1.000000 3
7931 1.000000 4
7935 0.000000 4
7937 -1.000000 2
7941 1.000000 4
7945 1.000000 4
7948 1.000000 3
7951 1.000000 3
7953 1.000000 2
7956 1.000000 3
7959 1.000000 3
7962 -1.000000 3
7964 -1.000000 2
7967 -1.000000 3
7970 1.000000 3
7973 1.000000 3
7976 -1.000000 3
7980 1.000000 4
7983 1.000000 3
7986 1.000000 3
7990 0.000000 4
7993 -1.000000 3
7995 -1.000000 2
7998 1.000000 3
8001 -1.000000 3
8004 1.000000 3
8007 1.000000 3
8011 1.000000 4
8014 -1.000000 3
8016 -1.000000 2
8019 -1.000000 3
8022 -1.000000 3
8024 -1.000000 2
8027 -1.000000 3
8031 1.000000 4
8033 1.000000 2
8037 1.000000 4
8040 1.000000 3
8044 0.000000 4
8048 0.000000 4
8051 1.000000 3
8054 1.000000 3
8057 -1.000000 3
8060 -1.000000 3
8062 -1.000000 2
8066 1.000000 4
8069 -1.000000 3
8071 -1.000000 2
8075 1.000000 4
8078 1.000000 3
8082 0.000000 4
8085 1.000000 3
8089 1.000000 4
8092 -1.000000 3
8096 1.000000 4
8099 1.000000 3
8103 1.000000 4
8105 1.000000 2
8108 1.000000 3
8112 0.000000 4
8116 1.000000 4
8120 0.000000 4
8123 -1.000000 3
8127 1.000000 4
8130 1.000000 3
8134 1.000000 4
8136 -1.000000 2
8140 1.000000 4
8143 1.000000 3
8145 -1.000000 2
8148 -1.000000 3
8152 0.000000 4
8154 -1.000000 2
8157 -1.000000 3
8161 1.000000 4
8165 1.000000 4
8167 -1.000000 2
8169 -1.000000 2
8172 -1.000000 3
8174 1.000000 2
8177 1.000000 3
8179 -1.000000 2
8182 1.000000 3
8184 -1.000000 2
8186 1.000000 2
8190 0.000000 4
8194 1.000000 4
8196 1.000000 2
8199 1.000000 3
8202 1.000000 3
8205 -1.000000 3
8207 -1.000000 2
8211 1.000000 4
8214 -1.000000 3
8217 -1.000000 3
8219 1.000000 2
8223 1.000000 4
8227 1.000000 4
8230 -1.000000 3
8233 1.000000 3
8237 1.000000 4
8241 1.000000 4
8245 0.000000 4
8249 0.000000 4
8253 0.000000 4
8256 -1.000000 3
8258 -1.000000 2
8262 1.000000 4
8264 -1.000000 2
8267 1.000000 3
8271 1.000000 4
8275 1.000000 4
8278 1.000000 3
8282 1.000000 4
8285 1.000000 3
8288 1.000000 3
8292 1.000000 4
8295 1.000000 3
8297 1.000000 2
8300 1.000000 3
8304 1.000000 4
8308 0.000000 4
8311 -1.000000 3
8315 0.000000 4
8318 1.000000 3
8321 -1.000000 3
8323 1.000000 2
8325 1.000000 2
8328 1.000000 3
8330 1.000000 2
8333 -1.000000 3
8337 0.000000 4
8339 -1.000000 2
8343 0.000000 4
8346 1.000000 3
8349 1.000000 3
8352 -1.000000 3
8356 1.000000 4
8359 -1.000000 3
8363 1.000000 4
8366 1.000000 3
8370 1.000000 4
8373 -1.000000 3
8376 1.000000 3
8379 -1.000000 3
8382 1.000000 3
8386 0.000000 4
8389 1.000000 3
8391 1.000000 2
8395 1.000000 4
8398 -1.000000 3
8402 1.000000 4
8405 1.000000 3
8409 1.000000 4
8411 -1.000000 2
8414 -1.000000 3
8418 0.000000 4
8421 1.000000 3
8424 -1.000000 3
8426 -1.000000 2
8430 1.000000 4
8434 0.000000 4
8436 1.000000 2
8440 1.000000 4
8444 1.000000 4
8446 1.000000 2
8449 -1.000000 3
8452 1.000000 3
8455 1.000000 3
8459 0.000000 4
8463 1.000000 4
8467 1.000000 4
8471 1.000000 4
8473 -1.000000 2
8476 -1.000000 3
8480 1.000000 4
8484 0.000000 4
8487 -1.000000 3
8491 1.000000 4
8494 1.000000 3
8497 1.000000 3
8500 1.000000 3
8504 1.000000 4
8508 0.000000 4
8511 1.000000 3
8514 -1.000000 3
8517 -1.000000 3
8520 1.000000 3
8522 -1.000000 2
8525 -1.000000 3
8529 0.000000 4
8532 1.000000 3
8536 1.000000 4
8540 0.000000 4
8544 1.000000 4
8548 0.000000 4
8551 1.000000 3
8555 1.000000 4
8558 1.000000 3
8561 1.000000 3
8564 1.000000 3
8567 -1.000000 3
8569 1.000000 2
8572 1.000000 3
8575 1.000000 3
8577 -1.000000 2
8581 0.000000 4
8585 0.000000 4
8587 1.000000 2
8590 1.000000 3
8594 1.000000 4
8597 1.000000 3
8599 1.000000 2
8602 -1.000000 3
8605 1.000000 3
8608 1.000000 3
8610 -1.000000 2
8614 1.000000 4
8617 1.000000 3
8620 1.000000 3
8624 0.000000 4
8628 1.000000 4
8631 -1.000000 3
8633 1.000000 2
8637 0.000000 4
8641 1.000000 4
8644 1.000000 3
8647 1.000000 3
8651 0.000000 4
8654 1.000000 3
8658 0.000000 4
8660 -1.000000 2
8664 0.000000 4
8667 1.000000 3
8671 0.000000 4
8675 1.000000 4
8678 -1.000000 3
8681 1.000000 3
8684 -1.000000 3
8687 -1.000000 3
8691 1.000000 4
8694 1.000000 3
8697 1.000000 3
8701 1.000000 4
8705 0.000000 4
8708 1.000000 3
8712 1.000000 4
8715 1.000000 3
8718 1.000000 3
8721 -1.000000 3
8725 1.000000 4
8728 -1.000000 3
8732 0.000000 4
8734 1.000000 2
8738 1.000000 4
8742 0.000000 4
8746 0.000000 4
8749 -1.000000 3
8752 -1.000000 3
8756 1.000000 4
8758 -1.000000 2
8760 -1.000000 2
8764 1.000000 4
8768 0.000000 4
8771 -1.000000 3
8774 -1.000000 3
8777 1.000000 3
8781 1.000000 4
8783 -1.000000 2
8786 -1.000000 3
8790 1.000000 4
8793 -1.000000 3
8797 1.000000 4
8801 1.000000 4
8804 1.000000 3
8807 -1.000000 3
8809 -1.000000 2
8813 0.000000 4
8816 1.000000 3
8818 1.000000 2
8822 1.000000 4
8826 0.000000 4
8829 -1.000000 3
8832 1.000000 3
8834 -1.000000 2
8837 -1.000000 3
8839 -1.000000 2
8843 1.000000 4
8847 0.000000 4
8850 -1.000000 3
8854 0.000000 4
8857 -1.000000 3
8861 0.000000 4
8865 1.000000 4
8869 0.000000 4
8872 -1.000000 3
8875 1.000000 3
8878 -1.000000 3
8881 1.000000 3
8884 1.000000 3
8887 -1.000000 3
8889 -1.000000 2
8893 1.000000 4
8897 0.000000 4
8901 1.000000 4
8905 0.000000 4
8908 1.000000 3
8911 -1.000000 3
8915 1.000000 4
8919 1.000000 4
8922 -1.000000 3
8925 -1.000000 3
8928 -1.000000 3
8931 -1.000000 3
8933 1.000000 2
8936 -1.000000 3
8938 1.000000 2
8941 1.000000 3
8945 1.000000 4
8948 1.000000 3
8952 0.000000 4
8955 1.000000 3
8959 1.000000 4
8963 1.000000 4
8966 -1.000000 3
8969 -1.000000 3
8972 1.000000 3
8974 1.000000 2
8977 -1.000000 3
8980 1.000000 3
8983 -1.000000 3
8986 1.000000 3
8989 -1.000000 3
8992 1.000000 3
8995 1.000000 3
8997 -1.000000 2
8999 1.000000 2
9002 1.000000 3
9004 -1.000000 2
9007 -1.000000 3
9011 0.000000 4
9014 -1.000000 3
9017 1.000000 3
9020 1.000000 3
9023 -1.000000 3
9027 1.000000 4
9030 1.000000 3
9033 -1.000000 3
9036 -1.000000 3
9039 1.000000 3
9042 1.000000 3
9046 1.000000 4
9050 1.000000 4
9054 0.000000 4
9058 1.000000 4
9061 1.000000 3
9064 1.000000 3
9067 -1.000000 3
9070 -1.000000 3
9073 1.000000 3
9076 1.000000 3
9079 1.000000 3
9082 -1.000000 3
9085 -1.000000 3
9087 1.000000 2
9091 0.000000 4
9095 1.000000 4
9098 1.000000 3
9100 -1.000000 2
9103 -1.000000 3
9106 1.000000 3
9109 1.000000 3
9112 1.000000 3
9115 1.000000 3
9117 1.000000 2
9121 1.000000 4
9125 1.000000 4
9128 1.000000 3
9131 -1.000000 3
9135 1.000000 4
9139 1.000000 4
9142 1.000000 3
9146 0.000000 4
9149 1.000000 3
9151 -1.000000 2
9155 1.000000 4
9159 1.000000 4
9163 1.000000 4
9166 -1.000000 3
9169 1.000000 3
9173 0.000000 4
9177 1.000000 4
9181 1.000000 4
9184 -1.000000 3
9187 1.000000 3
9190 -1.000000 3
9193 1.000000 3
9196 1.000000 3
9199 -1.000000 3
9201 1.000000 2
9204 1.000000 3
9207 1.000000 3
9211 0.000000 4
9215 1.000000 4
9217 1.000000 2
9221 1.000000 4
9225 1.000000 4
9229 1.000000 4
9232 -1.000000 3
9235 1.000000 3
9238 -1.000000 3
9242 1.000000 4
9246 1.000000 4
9250 0.000000 4
9253 1.000000 3
9256 -1.000000 3
9259 -1.000000 3
9262 -1.000000 3
9265 1.000000 3
9268 1.000000 3
9272 1.000000 4
9274 1.000000 2
9277 -1.000000 3
9280 1.000000 3
9283 -1.000000 3
9286 -1.000000 3
9290 0.000000 4
9293 -1.000000 3
9297 1.000000 4
9301 0.000000 4
9305 0.000000 4
9308 1.000000 3
9311 -1.000000 3
9314 -1.000000 3
9317 -1.000000 3
9321 0.000000 4
9324 1.000000 3
9326 1.000000 2
9329 1.000000 3
9331 -1.000000 2
9333 1.000000 2
9336 -1.000000 3
9339 1.000000 3
9342 -1.000000 3
9345 -1.000000 3
9348 1.000000 3
9351 1.000000 3
9354 -1.000000 3
9356 1.000000 2
9358 -1.000000 2
9360 1.000000 2
9364 1.000000 4
9367 1.000000 3
9371 1.000000 4
9374 1.000000 3
9378 0.000000 4
9381 -1.000000 3
9384 1.000000 3
9388 1.000000 4
9390 -1.000000 2
9393 1.000000 3
9397 0.000000 4
9401 0.000000 4
9403 1.000000 2
9407 1.000000 4
9409 -1.000000 2
9412 1.000000 3
9416 1.000000 4
9420 1.000000 4
9424 1.000000 4
9428 0.000000 4
9431 -1.000000 3
9433 -1.000000 2
9435 1.000000 2
9439 0.000000 4
9442 -1.000000 3
9445 -1.000000 3
9449 0.000000 4
9452 -1.000000 3
9456 1.000000 4
9459 1.000000 3
9463 1.000000 4
9467 0.000000 4
9469 1.000000 2
9472 1.000000 3
9475 -1.000000 3
9478 1.000000 3
9481 -1.000000 3
9485 1.000000 4
9489 1.000000 4
9492 1.000000 3
9496 1.000000 4
9500 0.000000 4
9503 1.000000 3
9507 0.000000 4
9510 -1.000000 3
9514 0.000000 4
9517 1.000000 3
9519 1.000000 2
9521 -1.000000 2
9523 -1.000000 2
9527 1.000000 4
9530 1.000000 3
9532 1.000000 2
9536 0.000000 4
9539 -1.000000 3
9542 -1.000000 3
9546 0.000000 4
9549 -1.000000 3
9552 1.000000 3
9555 1.000000 3
9559 1.000000 4
9562 1.000000 3
9565 1.000000 3
9569 1.000000 4
9573 0.000000 4
9576 1.000000 3
9579 1.000000 3
9583 1.000000 4
9587 1.000000 4
9591 0.000000 4
9594 1.000000 3
9598 1.000000 4
9601 -1.000000 3
9604 -1.000000 3
9606 -1.000000 2
9610 1.000000 4
9614 1.000000 4
9617 -1.000000 3
9620 1.000000 3
9624 1.000000 4
9627 -1.000000 3
9630 1.000000 3
9634 0.000000 4
9638 0.000000 4
9641 -1.000000 3
9644 -1.000000 3
9646 -1.000000 2
9649 -1.000000 3
9651 1.000000 2
9654 1.000000 3
9657 -1.000000 3
9661 1.000000 4
9665 1.000000 4
9669 1.000000 4
9672 1.000000 3
9675 -1.000000 3
9677 -1.000000 2
9680 1.000000 3
9683 -1.000000 3
9687 1.000000 4
9690 1.000000 3
9692 1.000000 2
9695 1.000000 3
9698 1.000000 3
9700 -1.000000 2
9703 -1.000000 3
9705 -1.000000 2
9709 1.000000 4
9712 1.000000 3
9716 0.000000 4
9720 0.000000 4
9722 1.000000 2
9726 1.000000 4
9730 0.000000 4
9732 1.000000 2
9736 0.000000 4
9739 -1.000000 3
9742 1.000000 3
9745 1.000000 3
9748 -1.000000 3
9751 -1.000000 3
9754 1.000000 3
9758 1.000000 4
9760 1.000000 2
9764 1.000000 4
9768 1.000000 4
9772 1.000000 4
9776 0.000000 4
9779 1.000000 3
9782 1.000000 3
9784 -1.000000 2
9788 0.000000 4
9792 0.000000 4
9795 -1.000000 3
9797 1.000000 2
9799 1.000000 2
9802 1.000000 3
9805 -1.000000 3
9808 1.000000 3
9810 1.000000 2
9813 1.000000 3
9815 1.000000 2
9819 0.000000 4
9822 1.000000 3
9826 0.000000 4
9829 1.000000 3
9833 1.000000 4
9835 1.000000 2
9838 -1.000000 3
9841 1.000000 3
9843 1.000000 2
9846 1.000000 3
9849 1.000000 3
9852 1.000000 3
9854 -1.000000 2
9857 -1.000000 3
9861 1.000000 4
9864 1.000000 3
9867 -1.000000 3
9871 0.000000 4
9875 1.000000 4
9877 1.000000 2
9880 1.000000 3
9883 1.000000 3
9885 1.000000 2
9888 1.000000 3
9892 0.000000 4
9896 0.000000 4
9900 1.000000 4
9904 1.000000 4
9907 -1.000000 3
9910 1.000000 3
9913 1.000000 3
9916 1.000000 3
9920 1.000000 4
9923 1.000000 3
9926 1.000000 3
9929 1.000000 3
9933 0.000000 4
9937 0.000000 4
9940 1.000000 3
9943 1.000000 3
9946 -1.000000 3
9950 0.000000 4
9954 0.000000 4
9956 1.000000 2
9959 1.000000 3
9961 -1.000000 2
9964 1.000000 3
9967 1.000000 3
9970 -1.000000 3
9973 1.000000 3
9977 0.000000 4
9980 1.000000 3
9983 1.000000 3
9987 1.000000 4
9991 1.000000 4
9994 1.000000 3
9998 1.000000 4
10002 1.000000 4
