4 1.000000 4
8 -1.000000 4
13 1.000000 5
17 -1.000000 4
21 1.000000 4
25 1.000000 4
30 1.000000 5
34 1.000000 4
37 -1.000000 3
41 1.000000 4
45 1.000000 4
50 1.000000 5
53 1.000000 3
58 1.000000 5
62 -1.000000 4
67 1.000000 5
71 -1.000000 4
75 1.000000 4
79 1.000000 4
84 0.000000 5
88 -1.000000 4
91 -1.000000 3
94 1.000000 3
98 1.000000 4
102 -1.000000 4
105 -1.000000 3
109 -1.000000 4
114 1.000000 5
118 1.000000 4
121 1.000000 3
125 -1.000000 4
130 1.000000 5
135 1.000000 5
140 1.000000 5
143 1.000000 3
146 -1.000000 3
151 0.000000 5
156 1.000000 5
161 1.000000 5
166 1.000000 5
171 0.000000 5
175 1.000000 4
180 1.000000 5
184 -1.000000 4
188 1.000000 4
192 1.000000 4
197 1.000000 5
201 1.000000 4
206 1.000000 5
209 1.000000 3
212 -1.000000 3
217 1.000000 5
222 1.000000 5
225 1.000000 3
230 1.000000 5
235 1.000000 5
240 1.000000 5
244 1.000000 4
249 1.000000 5
254 1.000000 5
259 1.000000 5
263 -1.000000 4
267 1.000000 4
271 1.000000 4
276 0.000000 5
281 0.000000 5
285 1.000000 4
289 -1.000000 4
293 -1.000000 4
298 1.000000 5
303 1.000000 5
308 1.000000 5
313 0.000000 5
317 -1.000000 4
320 1.000000 3
324 1.000000 4
329 1.000000 5
333 1.000000 4
337 1.000000 4
341 1.000000 4
344 -1.000000 3
348 -1.000000 4
353 1.000000 5
357 1.000000 4
362 1.000000 5
367 0.000000 5
372 0.000000 5
375 1.000000 3
380 1.000000 5
384 1.000000 4
388 1.000000 4
391 -1.000000 3
395 1.000000 4
399 -1.000000 4
402 -1.000000 3
407 1.000000 5
412 1.000000 5
416 1.000000 4
420 -1.000000 4
424 1.000000 4
428 1.000000 4
433 1.000000 5
437 -1.000000 4
442 0.000000 5
446 1.000000 4
450 1.000000 4
453 1.000000 3
457 -1.000000 4
462 1.000000 5
467 1.000000 5
471 1.000000 4
474 -1.000000 3
478 1.000000 4
483 1.000000 5
487 -1.000000 4
491 -1.000000 4
495 -1.000000 4
499 -1.000000 4
502 1.000000 3
506 1.000000 4
511 0.000000 5
516 1.000000 5
520 1.000000 4
523 -1.000000 3
528 0.000000 5
533 0.000000 5
538 1.000000 5
541 1.000000 3
546 0.000000 5
550 -1.000000 4
553 -1.000000 3
558 1.000000 5
563 1.000000 5
567 1.000000 4
571 -1.000000 4
574 1.000000 3
578 -1.000000 4
581 1.000000 3
586 0.000000 5
590 1.000000 4
594 -1.000000 4
599 1.000000 5
604 1.000000 5
609 1.000000 5
613 -1.000000 4
618 0.000000 5
622 -1.000000 4
626 -1.000000 4
630 1.000000 4
635 0.000000 5
639 1.000000 4
643 1.000000 4
648 0.000000 5
653 1.000000 5
657 1.000000 4
661 -1.000000 4
666 1.000000 5
671 0.000000 5
675 1.000000 4
678 1.000000 3
683 1.000000 5
686 1.000000 3
690 -1.000000 4
695 0.000000 5
698 -1.000000 3
702 -1.000000 4
706 1.000000 4
709 -1.000000 3
713 1.000000 4
718 1.000000 5
721 -1.000000 3
724 1.000000 3
728 1.000000 4
732 -1.000000 4
736 -1.000000 4
741 0.000000 5
745 -1.000000 4
749 -1.000000 4
754 0.000000 5
758 1.000000 4
763 0.000000 5
767 1.000000 4
771 1.000000 4
774 1.000000 3
777 1.000000 3
782 1.000000 5
785 -1.000000 3
789 1.000000 4
793 1.000000 4
797 -1.000000 4
800 -1.000000 3
803 1.000000 3
807 1.000000 4
812 1.000000 5
816 1.000000 4
820 -1.000000 4
824 -1.000000 4
828 -1.000000 4
831 -1.000000 3
835 -1.000000 4
840 0.000000 5
844 1.000000 4
849 0.000000 5
853 -1.000000 4
857 1.000000 4
861 -1.000000 4
865 -1.000000 4
870 1.000000 5
873 -1.000000 3
878 1.000000 5
881 -1.000000 3
885 -1.000000 4
889 1.000000 4
892 1.000000 3
896 1.000000 4
899 1.000000 3
902 1.000000 3
907 0.000000 5
911 1.000000 4
915 -1.000000 4
920 1.000000 5
923 1.000000 3
928 1.000000 5
933 1.000000 5
937 1.000000 4
942 1.000000 5
947 0.000000 5
952 1.000000 5
956 1.000000 4
960 1.000000 4
965 0.000000 5
969 -1.000000 4
973 -1.000000 4
978 1.000000 5
982 -1.000000 4
986 -1.000000 4
991 1.000000 5
996 1.000000 5
1000 1.000000 4
1004 1.000000 4
1007 1.000000 3
1011 1.000000 4
1014 1.000000 3
1017 1.000000 3
1022 0.000000 5
1026 1.000000 4
1030 1.000000 4
1035 0.000000 5
1039 1.000000 4
1044 0.000000 5
1047 1.000000 3
1051 1.000000 4
1055 1.000000 4
1059 1.000000 4
1063 1.000000 4
1066 1.000000 3
1069 1.000000 3
1073 1.000000 4
1077 1.000000 4
1081 1.000000 4
1085 1.000000 4
1089 1.000000 4
1093 1.000000 4
1097 1.000000 4
1101 1.000000 4
1105 1.000000 4
1109 1.000000 4
1112 1.000000 3
1116 1.000000 4
1120 1.000000 4
1123 1.000000 3
1127 -1.000000 4
1131 1.000000 4
1135 1.000000 4
1139 1.000000 4
1143 1.000000 4
1147 1.000000 4
1151 -1.000000 4
1156 0.000000 5
1159 1.000000 3
1163 1.000000 4
1167 1.000000 4
1171 1.000000 4
1175 1.000000 4
1178 1.000000 3
1181 1.000000 3
1184 1.000000 3
1188 1.000000 4
1192 1.000000 4
1196 1.000000 4
1200 1.000000 4
1203 1.000000 3
1207 1.000000 4
1211 1.000000 4
1215 1.000000 4
1218 -1.000000 3
1222 1.000000 4
1225 -1.000000 3
1229 1.000000 4
1232 1.000000 3
1235 1.000000 3
1238 1.000000 3
1242 1.000000 4
1247 0.000000 5
1251 1.000000 4
1254 1.000000 3
1257 1.000000 3
1260 1.000000 3
1263 1.000000 3
1268 0.000000 5
1271 1.000000 3
1274 1.000000 3
1277 1.000000 3
1282 0.000000 5
1285 -1.000000 3
1288 1.000000 3
1292 1.000000 4
1296 1.000000 4
1300 -1.000000 4
1304 1.000000 4
1307 1.000000 3
1310 1.000000 3
1313 1.000000 3
1316 -1.000000 3
1321 0.000000 5
1324 1.000000 3
1327 1.000000 3
1330 1.000000 3
1334 1.000000 4
1337 1.000000 3
1340 1.000000 3
1343 1.000000 3
1346 1.000000 3
1349 1.000000 3
1354 0.000000 5
1359 0.000000 5
1362 1.000000 3
1366 1.000000 4
1370 1.000000 4
1374 1.000000 4
1377 1.000000 3
1382 1.000000 5
1386 1.000000 4
1389 1.000000 3
1392 1.000000 3
1396 1.000000 4
1400 1.000000 4
1404 1.000000 4
1408 1.000000 4
1412 1.000000 4
1416 1.000000 4
1420 1.000000 4
1424 1.000000 4
1427 1.000000 3
1431 1.000000 4
1434 1.000000 3
1437 1.000000 3
1441 1.000000 4
1445 1.000000 4
1449 1.000000 4
1453 1.000000 4
1457 1.000000 4
1461 1.000000 4
1465 1.000000 4
1469 1.000000 4
1472 1.000000 3
1475 1.000000 3
1478 1.000000 3
1481 1.000000 3
1484 1.000000 3
1487 1.000000 3
1490 1.000000 3
1494 1.000000 4
1497 -1.000000 3
1501 -1.000000 4
1504 -1.000000 3
1508 -1.000000 4
1512 1.000000 4
1515 1.000000 3
1519 1.000000 4
1523 1.000000 4
1527 1.000000 4
1530 1.000000 3
1533 1.000000 3
1536 -1.000000 3
1540 1.000000 4
1543 1.000000 3
1546 1.000000 3
1549 1.000000 3
1552 1.000000 3
1555 1.000000 3
1558 1.000000 3
1561 1.000000 3
1565 1.000000 4
1569 1.000000 4
1572 1.000000 3
1575 1.000000 3
1578 1.000000 3
1581 1.000000 3
1584 1.000000 3
1587 1.000000 3
1592 1.000000 5
1596 1.000000 4
1601 0.000000 5
1605 1.000000 4
1608 1.000000 3
1611 1.000000 3
1614 1.000000 3
1618 1.000000 4
1621 1.000000 3
1624 1.000000 3
1628 1.000000 4
1632 1.000000 4
1636 1.000000 4
1639 1.000000 3
1642 -1.000000 3
1645 1.000000 3
1648 1.000000 3
1651 1.000000 3
1654 1.000000 3
1658 1.000000 4
1662 1.000000 4
1666 1.000000 4
1670 1.000000 4
1673 1.000000 3
1677 1.000000 4
1680 1.000000 3
1683 1.000000 3
1686 1.000000 3
1689 1.000000 3
1692 1.000000 3
1696 1.000000 4
1700 1.000000 4
1704 1.000000 4
1708 1.000000 4
1712 1.000000 4
1716 1.000000 4
1720 1.000000 4
1723 1.000000 3
1727 1.000000 4
1730 1.000000 3
1733 1.000000 3
1737 1.000000 4
1740 1.000000 3
1744 1.000000 4
1747 -1.000000 3
1752 0.000000 5
1756 1.000000 4
1760 1.000000 4
1763 1.000000 3
1767 1.000000 4
1771 1.000000 4
1775 1.000000 4
1778 1.000000 3
1782 1.000000 4
1786 1.000000 4
1790 1.000000 4
1793 1.000000 3
1798 0.000000 5
1802 1.000000 4
1806 1.000000 4
1809 1.000000 3
1812 1.000000 3
1817 0.000000 5
1821 1.000000 4
1826 0.000000 5
1830 1.000000 4
1833 -1.000000 3
1836 1.000000 3
1840 1.000000 4
1844 1.000000 4
1848 1.000000 4
1852 1.000000 4
1856 1.000000 4
1860 1.000000 4
1864 1.000000 4
1867 -1.000000 3
1871 1.000000 4
1875 1.000000 4
1879 1.000000 4
1884 0.000000 5
1887 1.000000 3
1890 1.000000 3
1894 1.000000 4
1897 1.000000 3
1902 0.000000 5
1906 1.000000 4
1910 1.000000 4
1913 -1.000000 3
1917 1.000000 4
1920 -1.000000 3
1923 -1.000000 3
1927 1.000000 4
1932 0.000000 5
1935 1.000000 3
1939 1.000000 4
1943 1.000000 4
1947 1.000000 4
1951 1.000000 4
1954 1.000000 3
1958 1.000000 4
1962 1.000000 4
1965 -1.000000 3
1969 1.000000 4
1973 1.000000 4
1976 1.000000 3
1979 -1.000000 3
1983 1.000000 4
1986 -1.000000 3
1990 1.000000 4
1993 1.000000 3
1997 -1.000000 4
2002 0.000000 5
2005 -1.000000 3
2008 -1.000000 3
2011 -1.000000 3
2014 -1.000000 3
2017 -1.000000 3
2020 -1.000000 3
2023 -1.000000 3
2026 -1.000000 3
2029 -1.000000 3
2032 -1.000000 3
2035 -1.000000 3
2038 -1.000000 3
2041 -1.000000 3
2044 -1.000000 3
2047 -1.000000 3
2050 -1.000000 3
2053 -1.000000 3
2056 -1.000000 3
2059 -1.000000 3
2062 -1.000000 3
2065 -1.000000 3
2068 -1.000000 3
2071 -1.000000 3
2074 -1.000000 3
2077 -1.000000 3
2080 -1.000000 3
2083 -1.000000 3
