3 1.000000 3
8 1.000000 5
13 1.000000 5
18 0.000000 5
22 1.000000 4
27 1.000000 5
30 1.000000 3
34 1.000000 4
39 1.000000 5
44 1.000000 5
48 1.000000 4
52 -1.000000 4
57 0.000000 5
61 1.000000 4
64 -1.000000 3
68 -1.000000 4
72 1.000000 4
77 1.000000 5
82 0.000000 5
87 0.000000 5
92 1.000000 5
97 1.000000 5
101 1.000000 4
105 1.000000 4
109 -1.000000 4
114 1.000000 5
119 1.000000 5
124 0.000000 5
128 -1.000000 4
132 1.000000 4
136 -1.000000 4
140 -1.000000 4
145 1.000000 5
149 -1.000000 4
154 0.000000 5
158 1.000000 4
161 -1.000000 3
165 1.000000 4
169 -1.000000 4
173 1.000000 4
176 1.000000 3
180 -1.000000 4
185 1.000000 5
188 -1.000000 3
193 0.000000 5
198 1.000000 5
203 1.000000 5
207 1.000000 4
210 -1.000000 3
214 -1.000000 4
218 1.000000 4
222 1.000000 4
226 -1.000000 4
230 1.000000 4
235 1.000000 5
239 1.000000 4
244 1.000000 5
249 0.000000 5
254 1.000000 5
259 1.000000 5
263 1.000000 4
267 1.000000 4
272 1.000000 5
277 1.000000 5
280 1.000000 3
284 1.000000 4
289 1.000000 5
293 1.000000 4
297 1.000000 4
301 -1.000000 4
305 1.000000 4
309 1.000000 4
314 0.000000 5
318 1.000000 4
323 0.000000 5
327 1.000000 4
332 1.000000 5
336 1.000000 4
341 1.000000 5
346 1.000000 5
351 0.000000 5
355 1.000000 4
359 1.000000 4
363 -1.000000 4
367 1.000000 4
372 1.000000 5
376 1.000000 4
379 -1.000000 3
383 -1.000000 4
387 1.000000 4
390 1.000000 3
394 1.000000 4
398 1.000000 4
402 1.000000 4
405 -1.000000 3
409 1.000000 4
412 1.000000 3
416 1.000000 4
420 -1.000000 4
425 0.000000 5
429 -1.000000 4
433 1.000000 4
436 1.000000 3
441 1.000000 5
446 0.000000 5
450 -1.000000 4
454 -1.000000 4
457 -1.000000 3
461 1.000000 4
465 1.000000 4
469 -1.000000 4
472 1.000000 3
477 1.000000 5
481 -1.000000 4
485 -1.000000 4
489 1.000000 4
492 -1.000000 3
495 -1.000000 3
498 1.000000 3
502 1.000000 4
507 1.000000 5
511 1.000000 4
516 1.000000 5
521 1.000000 5
524 -1.000000 3
528 -1.000000 4
532 -1.000000 4
536 1.000000 4
539 1.000000 3
543 -1.000000 4
547 -1.000000 4
550 1.000000 3
555 1.000000 5
559 -1.000000 4
564 1.000000 5
569 1.000000 5
574 1.000000 5
579 1.000000 5
584 1.000000 5
588 1.000000 4
593 1.000000 5
596 1.000000 3
600 1.000000 4
603 -1.000000 3
607 -1.000000 4
611 -1.000000 4
615 1.000000 4
619 -1.000000 4
624 1.000000 5
628 1.000000 4
633 0.000000 5
637 1.000000 4
641 -1.000000 4
646 1.000000 5
650 1.000000 4
655 1.000000 5
659 -1.000000 4
663 1.000000 4
666 -1.000000 3
671 0.000000 5
676 1.000000 5
681 0.000000 5
686 1.000000 5
691 1.000000 5
694 -1.000000 3
699 0.000000 5
703 1.000000 4
707 1.000000 4
712 1.000000 5
716 1.000000 4
721 0.000000 5
725 1.000000 4
730 1.000000 5
735 0.000000 5
739 1.000000 4
744 1.000000 5
748 -1.000000 4
752 -1.000000 4
755 1.000000 3
760 1.000000 5
764 -1.000000 4
767 1.000000 3
770 1.000000 3
775 0.000000 5
780 1.000000 5
784 -1.000000 4
788 1.000000 4
792 -1.000000 4
796 1.000000 4
800 1.000000 4
805 1.000000 5
810 1.000000 5
815 1.000000 5
819 -1.000000 4
823 -1.000000 4
827 -1.000000 4
832 1.000000 5
836 1.000000 4
841 1.000000 5
846 0.000000 5
851 0.000000 5
856 1.000000 5
860 1.000000 4
863 1.000000 3
866 -1.000000 3
870 -1.000000 4
874 1.000000 4
878 -1.000000 4
883 1.000000 5
886 1.000000 3
890 -1.000000 4
894 1.000000 4
899 0.000000 5
904 1.000000 5
908 1.000000 4
912 -1.000000 4
917 1.000000 5
922 0.000000 5
926 -1.000000 4
929 -1.000000 3
934 0.000000 5
939 1.000000 5
942 -1.000000 3
946 -1.000000 4
949 1.000000 3
953 -1.000000 4
956 1.000000 3
960 1.000000 4
963 1.000000 3
967 -1.000000 4
971 1.000000 4
975 1.000000 4
979 1.000000 4
984 1.000000 5
989 0.000000 5
993 -1.000000 4
997 1.000000 4
1001 -1.000000 4
1005 -1.000000 4
1009 -1.000000 4
1013 -1.000000 4
1018 1.000000 5
1023 1.000000 5
1027 -1.000000 4
1032 0.000000 5
1036 -1.000000 4
1039 1.000000 3
1044 1.000000 5
1049 1.000000 5
1054 1.000000 5
1058 -1.000000 4
1063 1.000000 5
1067 1.000000 4
1071 1.000000 4
1076 1.000000 5
1080 1.000000 4
1085 1.000000 5
1089 1.000000 4
1093 1.000000 4
1097 -1.000000 4
1101 -1.000000 4
1106 0.000000 5
1110 -1.000000 4
1114 -1.000000 4
1118 1.000000 4
1122 1.000000 4
1126 1.000000 4
1130 1.000000 4
1135 0.000000 5
1138 1.000000 3
1142 -1.000000 4
1145 1.000000 3
1149 1.000000 4
1154 0.000000 5
1158 1.000000 4
1163 1.000000 5
1168 1.000000 5
1172 1.000000 4
1176 -1.000000 4
1180 1.000000 4
1184 1.000000 4
1188 -1.000000 4
1191 -1.000000 3
1195 1.000000 4
1198 1.000000 3
1202 1.000000 4
1207 1.000000 5
1211 1.000000 4
1215 -1.000000 4
1220 1.000000 5
1224 1.000000 4
1228 1.000000 4
1231 -1.000000 3
1236 0.000000 5
1240 1.000000 4
1243 -1.000000 3
1248 0.000000 5
1252 1.000000 4
1256 1.000000 4
1260 -1.000000 4
1264 1.000000 4
1267 -1.000000 3
1271 -1.000000 4
1275 -1.000000 4
1279 1.000000 4
1283 1.000000 4
1287 1.000000 4
1291 1.000000 4
1295 1.000000 4
1299 -1.000000 4
1304 1.000000 5
1309 0.000000 5
1313 -1.000000 4
1317 1.000000 4
1321 -1.000000 4
1325 1.000000 4
1329 1.000000 4
1332 -1.000000 3
1336 1.000000 4
1340 1.000000 4
1344 -1.000000 4
1349 0.000000 5
1354 1.000000 5
1358 -1.000000 4
1362 1.000000 4
1366 1.000000 4
1370 1.000000 4
1375 1.000000 5
1380 1.000000 5
1384 1.000000 4
1387 1.000000 3
1392 0.000000 5
1396 -1.000000 4
1400 1.000000 4
1405 1.000000 5
1410 1.000000 5
1413 1.000000 3
1416 1.000000 3
1421 1.000000 5
1425 1.000000 4
1429 1.000000 4
1433 -1.000000 4
1437 -1.000000 4
1442 1.000000 5
1446 1.000000 4
1450 -1.000000 4
1454 -1.000000 4
1457 1.000000 3
1462 0.000000 5
1467 1.000000 5
1471 -1.000000 4
1475 1.000000 4
1480 1.000000 5
1483 1.000000 3
1487 -1.000000 4
1492 0.000000 5
1496 1.000000 4
1500 1.000000 4
1504 1.000000 4
1507 1.000000 3
1511 1.000000 4
1515 1.000000 4
1518 -1.000000 3
1521 1.000000 3
1524 1.000000 3
1527 1.000000 3
1532 1.000000 5
1537 1.000000 5
1541 -1.000000 4
1545 1.000000 4
1550 1.000000 5
1554 1.000000 4
1559 0.000000 5
1564 1.000000 5
1568 1.000000 4
1572 1.000000 4
1576 -1.000000 4
1579 -1.000000 3
1584 0.000000 5
1589 0.000000 5
1593 1.000000 4
1597 1.000000 4
1600 -1.000000 3
1604 1.000000 4
1608 1.000000 4
1612 1.000000 4
1616 1.000000 4
1619 -1.000000 3
1623 1.000000 4
1627 1.000000 4
1631 1.000000 4
1634 1.000000 3
1638 1.000000 4
1643 0.000000 5
1647 1.000000 4
1651 1.000000 4
1656 1.000000 5
1661 1.000000 5
1666 1.000000 5
1671 0.000000 5
1675 1.000000 4
1679 1.000000 4
1683 -1.000000 4
1687 1.000000 4
1691 1.000000 4
1696 0.000000 5
1699 -1.000000 3
1703 -1.000000 4
1708 0.000000 5
1712 1.000000 4
1716 1.000000 4
1721 1.000000 5
1725 1.000000 4
1729 -1.000000 4
1733 1.000000 4
1736 1.000000 3
1740 1.000000 4
1744 1.000000 4
1749 0.000000 5
1752 1.000000 3
1756 -1.000000 4
1759 1.000000 3
1764 1.000000 5
1768 1.000000 4
1772 1.000000 4
1776 1.000000 4
1781 1.000000 5
1784 -1.000000 3
1788 1.000000 4
1791 -1.000000 3
1795 1.000000 4
1799 -1.000000 4
1803 1.000000 4
1806 1.000000 3
1809 1.000000 3
1813 1.000000 4
1817 1.000000 4
1821 -1.000000 4
1826 1.000000 5
1830 1.000000 4
1834 -1.000000 4
1838 -1.000000 4
1843 1.000000 5
1847 -1.000000 4
1852 1.000000 5
1856 1.000000 4
1861 0.000000 5
1865 1.000000 4
1869 1.000000 4
1874 1.000000 5
1877 -1.000000 3
1881 1.000000 4
1885 1.000000 4
1890 0.000000 5
1894 -1.000000 4
1898 1.000000 4
1902 -1.000000 4
1906 -1.000000 4
1910 1.000000 4
1913 1.000000 3
1917 1.000000 4
1921 -1.000000 4
1924 -1.000000 3
1928 1.000000 4
1933 1.000000 5
1936 -1.000000 3
1939 1.000000 3
1943 1.000000 4
1948 1.000000 5
1952 1.000000 4
1956 1.000000 4
1961 1.000000 5
1965 -1.000000 4
1969 1.000000 4
1973 1.000000 4
1977 1.000000 4
1981 1.000000 4
1985 1.000000 4
1990 1.000000 5
1994 -1.000000 4
1998 -1.000000 4
2002 1.000000 4
2006 1.000000 4
2011 1.000000 5
2015 1.000000 4
2019 -1.000000 4
2023 1.000000 4
2027 -1.000000 4
2030 1.000000 3
2034 -1.000000 4
2037 1.000000 3
2042 1.000000 5
2046 -1.000000 4
2051 1.000000 5
2056 1.000000 5
2060 -1.000000 4
2064 1.000000 4
2069 1.000000 5
2074 1.000000 5
2077 -1.000000 3
2081 1.000000 4
2085 1.000000 4
2090 0.000000 5
2093 1.000000 3
2097 1.000000 4
2101 -1.000000 4
2106 1.000000 5
2110 1.000000 4
2113 1.000000 3
2117 -1.000000 4
2121 1.000000 4
2126 0.000000 5
2131 0.000000 5
2136 1.000000 5
2139 1.000000 3
2143 1.000000 4
2147 -1.000000 4
2152 1.000000 5
2156 1.000000 4
2160 -1.000000 4
2164 -1.000000 4
2168 -1.000000 4
2172 1.000000 4
2177 1.000000 5
2182 1.000000 5
2186 1.000000 4
2191 1.000000 5
2195 1.000000 4
2200 1.000000 5
2203 -1.000000 3
2207 1.000000 4
2211 1.000000 4
2216 0.000000 5
2220 -1.000000 4
2223 1.000000 3
2228 1.000000 5
2232 1.000000 4
2237 1.000000 5
2242 1.000000 5
2246 1.000000 4
2250 1.000000 4
2253 -1.000000 3
2258 1.000000 5
2261 -1.000000 3
2264 1.000000 3
2267 1.000000 3
2271 1.000000 4
2274 -1.000000 3
2278 1.000000 4
2283 0.000000 5
2287 1.000000 4
2292 1.000000 5
2296 -1.000000 4
2300 -1.000000 4
2303 1.000000 3
2307 -1.000000 4
2312 1.000000 5
2315 -1.000000 3
2319 1.000000 4
2324 1.000000 5
2328 -1.000000 4
2333 1.000000 5
2337 1.000000 4
2341 1.000000 4
2345 1.000000 4
2350 1.000000 5
2355 1.000000 5
2360 0.000000 5
2364 1.000000 4
2368 1.000000 4
2372 -1.000000 4
2377 0.000000 5
2380 1.000000 3
2384 -1.000000 4
2388 1.000000 4
2392 1.000000 4
2396 -1.000000 4
2401 0.000000 5
2404 1.000000 3
2408 1.000000 4
2411 1.000000 3
2415 1.000000 4
2419 1.000000 4
2424 0.000000 5
2427 -1.000000 3
2431 1.000000 4
2435 -1.000000 4
2440 1.000000 5
2443 1.000000 3
2448 1.000000 5
2453 1.000000 5
2457 -1.000000 4
2461 1.000000 4
2465 -1.000000 4
2469 1.000000 4
2472 1.000000 3
2477 0.000000 5
2481 -1.000000 4
2486 1.000000 5
2491 0.000000 5
2496 1.000000 5
2500 1.000000 4
2504 1.000000 4
2509 1.000000 5
2513 1.000000 4
2516 -1.000000 3
2520 1.000000 4
2524 -1.000000 4
2529 1.000000 5
2533 -1.000000 4
2537 1.000000 4
2541 1.000000 4
2546 1.000000 5
2550 1.000000 4
2555 1.000000 5
2560 1.000000 5
2565 1.000000 5
2570 1.000000 5
2575 1.000000 5
2578 1.000000 3
2581 -1.000000 3
2585 -1.000000 4
2589 -1.000000 4
2593 -1.000000 4
2598 1.000000 5
2602 1.000000 4
2607 1.000000 5
2612 1.000000 5
2616 -1.000000 4
2620 -1.000000 4
2623 1.000000 3
2627 -1.000000 4
2631 1.000000 4
2636 1.000000 5
2641 1.000000 5
2646 1.000000 5
2650 -1.000000 4
2655 0.000000 5
2658 -1.000000 3
2662 1.000000 4
2667 1.000000 5
2672 0.000000 5
2676 1.000000 4
2679 -1.000000 3
2683 1.000000 4
2687 1.000000 4
2692 1.000000 5
2696 -1.000000 4
2701 1.000000 5
2705 1.000000 4
2710 0.000000 5
2714 1.000000 4
2719 1.000000 5
2724 1.000000 5
2728 -1.000000 4
2732 1.000000 4
2735 1.000000 3
2739 1.000000 4
2744 0.000000 5
2748 -1.000000 4
2752 1.000000 4
2756 1.000000 4
2761 0.000000 5
2766 1.000000 5
2770 -1.000000 4
2774 -1.000000 4
2778 -1.000000 4
2783 1.000000 5
2788 0.000000 5
2793 1.000000 5
2797 1.000000 4
2801 1.000000 4
2805 1.000000 4
2809 1.000000 4
2813 1.000000 4
2817 -1.000000 4
2821 -1.000000 4
2826 0.000000 5
2829 1.000000 3
2834 1.000000 5
2839 1.000000 5
2844 1.000000 5
2849 0.000000 5
2854 0.000000 5
2857 -1.000000 3
2860 1.000000 3
2865 1.000000 5
2868 -1.000000 3
2872 1.000000 4
2877 0.000000 5
2880 -1.000000 3
2883 1.000000 3
2887 1.000000 4
2892 1.000000 5
2897 1.000000 5
2900 1.000000 3
2903 -1.000000 3
2908 1.000000 5
2912 -1.000000 4
2916 1.000000 4
2921 0.000000 5
2924 1.000000 3
2928 -1.000000 4
2933 1.000000 5
2937 1.000000 4
2941 -1.000000 4
2945 -1.000000 4
2948 -1.000000 3
2952 1.000000 4
2957 1.000000 5
2961 1.000000 4
2966 1.000000 5
2971 1.000000 5
2975 1.000000 4
2980 1.000000 5
2985 0.000000 5
2988 -1.000000 3
2992 1.000000 4
2995 1.000000 3
3000 1.000000 5
3005 1.000000 5
3008 -1.000000 3
3012 -1.000000 4
3016 -1.000000 4
3021 1.000000 5
3025 -1.000000 4
3030 1.000000 5
3034 -1.000000 4
3037 -1.000000 3
3042 0.000000 5
3046 -1.000000 4
3050 1.000000 4
3054 -1.000000 4
3058 1.000000 4
3063 0.000000 5
3067 1.000000 4
3071 1.000000 4
3076 1.000000 5
3080 1.000000 4
3084 1.000000 4
3089 1.000000 5
3094 1.000000 5
3098 -1.000000 4
3102 1.000000 4
3107 1.000000 5
3110 1.000000 3
3113 -1.000000 3
3117 -1.000000 4
3122 1.000000 5
3127 1.000000 5
3131 -1.000000 4
3135 1.000000 4
3140 0.000000 5
3143 1.000000 3
3146 1.000000 3
3150 1.000000 4
3155 1.000000 5
3159 -1.000000 4
3163 1.000000 4
3168 0.000000 5
3171 -1.000000 3
3175 -1.000000 4
3179 -1.000000 4
3182 -1.000000 3
3186 -1.000000 4
3189 -1.000000 3
3192 1.000000 3
3196 -1.000000 4
3199 1.000000 3
3203 -1.000000 4
3208 1.000000 5
3212 1.000000 4
3216 1.000000 4
3220 1.000000 4
3224 -1.000000 4
3228 -1.000000 4
3232 -1.000000 4
3236 -1.000000 4
3240 -1.000000 4
3244 -1.000000 4
3248 -1.000000 4
3253 1.000000 5
3258 0.000000 5
3262 -1.000000 4
3265 -1.000000 3
3268 1.000000 3
3273 1.000000 5
3277 1.000000 4
3281 -1.000000 4
3286 0.000000 5
3291 0.000000 5
3295 -1.000000 4
3299 1.000000 4
3304 1.000000 5
3308 1.000000 4
3313 0.000000 5
3318 1.000000 5
3322 -1.000000 4
3327 1.000000 5
3332 1.000000 5
3336 1.000000 4
3341 0.000000 5
3344 1.000000 3
