905 2982.000000 905
2081 3819.000000 1176
2622 1029.000000 541
3344 2893.000000 722
4757 5033.000000 1413
5567 1727.000000 810
6333 2182.000000 766
7197 2490.000000 864
7719 1287.000000 522
8520 3720.000000 801
9331 1995.000000 811
9925 507.000000 594
11105 3868.000000 1180
11740 1212.000000 635
12210 990.000000 470
13176 5083.000000 966
13818 1870.000000 642
14590 1737.000000 772
15244 1994.000000 654
15670 352.000000 426
16175 2107.000000 505
16858 1377.000000 683
17254 468.000000 396
18068 1889.000000 814
18817 2129.000000 749
19947 6306.000000 1130
20675 2136.000000 728
21656 2863.000000 981
22640 2558.000000 984
23489 2894.000000 849
24109 3809.000000 620
24507 406.000000 398
25279 1636.000000 772
26259 3974.000000 980
27359 4345.000000 1100
28107 1941.000000 748
28591 897.000000 484
29341 2284.000000 750
30124 3370.000000 783
30891 2684.000000 767
31500 2558.000000 609
32129 1994.000000 629
33031 1068.000000 902
33572 1636.000000 541
34151 1899.000000 579
34803 1602.000000 652
35465 1476.000000 662
36655 4592.000000 1190
37341 2385.000000 686
38111 2708.000000 770
39066 3824.000000 955
39614 2762.000000 548
40143 460.000000 529
40776 2472.000000 633
41885 4742.000000 1109
42704 2933.000000 819
43332 1999.000000 628
44103 2512.000000 771
44837 1652.000000 734
45667 1261.000000 830
46402 2541.000000 735
47181 3520.000000 779
47789 968.000000 608
48268 822.000000 479
48911 999.000000 643
49467 976.000000 556
50008 1885.000000 541
50592 1417.000000 584
51388 1823.000000 796
52083 1998.000000 695
