631 2935.000000 631
1416 4578.000000 785
2036 2265.000000 620
2782 2496.000000 746
3423 2841.000000 641
4054 2090.000000 631
4652 1272.000000 598
5163 921.000000 511
5681 791.000000 518
6325 2404.000000 644
6948 1508.000000 623
7830 1169.000000 882
8210 1080.000000 380
8894 2020.000000 684
9459 1607.000000 565
10208 2157.000000 749
10773 1614.000000 565
11776 4481.000000 1003
12268 1685.000000 492
13125 4236.000000 857
13634 424.000000 509
14122 675.000000 488
15069 3190.000000 947
15749 2724.000000 680
16152 270.000000 403
16777 1659.000000 625
17248 805.000000 471
18061 2939.000000 813
18752 2785.000000 691
19347 2467.000000 595
20085 2591.000000 738
20892 2423.000000 807
21481 822.000000 589
22275 3138.000000 794
22904 3328.000000 629
23675 2626.000000 771
24476 4487.000000 801
25041 510.000000 565
25816 1823.000000 775
26447 1237.000000 631
27340 2462.000000 893
27936 807.000000 596
29134 5848.000000 1198
29943 2738.000000 809
30822 2573.000000 879
31552 2849.000000 730
32156 2597.000000 604
32713 219.000000 557
33339 4273.000000 626
33864 701.000000 525
34580 2215.000000 716
35456 4128.000000 876
36115 1868.000000 659
36740 1055.000000 625
37802 3449.000000 1062
38448 1600.000000 646
39548 5162.000000 1100
40371 3467.000000 823
40990 2276.000000 619
41511 986.000000 521
42253 703.000000 742
43680 5528.000000 1427
44293 2463.000000 613
45505 4150.000000 1212
46108 1587.000000 603
46639 683.000000 531
47277 1168.000000 638
48012 1596.000000 735
48751 2388.000000 739
