2 1.000000 2
3 1.000000 1
4 1.000000 1
5 1.000000 1
6 1.000000 1
7 1.000000 1
8 1.000000 1
9 1.000000 1
10 1.000000 1
11 1.000000 1
12 1.000000 1
13 1.000000 1
14 1.000000 1
15 1.000000 1
16 1.000000 1
17 1.000000 1
18 1.000000 1
19 1.000000 1
20 1.000000 1
21 1.000000 1
22 1.000000 1
23 1.000000 1
24 1.000000 1
25 1.000000 1
26 1.000000 1
27 1.000000 1
28 1.000000 1
29 1.000000 1
30 1.000000 1
31 1.000000 1
32 1.000000 1
33 1.000000 1
35 1.000000 2
36 1.000000 1
37 1.000000 1
38 1.000000 1
39 1.000000 1
40 1.000000 1
41 1.000000 1
43 1.000000 2
44 1.000000 1
46 1.000000 2
49 1.000000 3
50 1.000000 1
51 1.000000 1
52 1.000000 1
53 1.000000 1
54 1.000000 1
55 1.000000 1
56 1.000000 1
57 1.000000 1
58 1.000000 1
59 1.000000 1
60 1.000000 1
61 1.000000 1
62 1.000000 1
63 1.000000 1
64 1.000000 1
65 1.000000 1
66 1.000000 1
67 1.000000 1
68 1.000000 1
69 1.000000 1
70 1.000000 1
72 1.000000 2
73 1.000000 1
74 1.000000 1
75 1.000000 1
76 1.000000 1
77 1.000000 1
78 1.000000 1
79 1.000000 1
80 1.000000 1
81 1.000000 1
82 1.000000 1
83 1.000000 1
84 1.000000 1
86 1.000000 2
87 1.000000 1
88 1.000000 1
90 1.000000 2
91 1.000000 1
94 1.000000 3
95 1.000000 1
96 1.000000 1
97 1.000000 1
98 1.000000 1
99 1.000000 1
100 1.000000 1
101 1.000000 1
102 1.000000 1
103 1.000000 1
104 1.000000 1
105 1.000000 1
106 1.000000 1
107 1.000000 1
108 1.000000 1
109 1.000000 1
110 1.000000 1
111 1.000000 1
112 1.000000 1
113 1.000000 1
114 1.000000 1
115 1.000000 1
116 1.000000 1
117 1.000000 1
118 1.000000 1
119 1.000000 1
120 1.000000 1
121 1.000000 1
122 1.000000 1
123 1.000000 1
124 1.000000 1
125 1.000000 1
126 1.000000 1
127 1.000000 1
128 1.000000 1
129 1.000000 1
130 1.000000 1
132 1.000000 2
133 1.000000 1
134 1.000000 1
135 1.000000 1
136 1.000000 1
137 1.000000 1
138 1.000000 1
139 1.000000 1
140 1.000000 1
141 1.000000 1
142 1.000000 1
143 1.000000 1
144 1.000000 1
145 1.000000 1
146 1.000000 1
147 1.000000 1
148 1.000000 1
149 1.000000 1
150 1.000000 1
151 1.000000 1
153 1.000000 2
155 1.000000 2
156 1.000000 1
157 1.000000 1
158 1.000000 1
159 1.000000 1
160 1.000000 1
161 1.000000 1
162 1.000000 1
163 1.000000 1
164 1.000000 1
165 1.000000 1
166 1.000000 1
167 1.000000 1
168 1.000000 1
169 1.000000 1
170 1.000000 1
171 1.000000 1
172 1.000000 1
173 1.000000 1
174 1.000000 1
175 1.000000 1
176 1.000000 1
177 1.000000 1
178 1.000000 1
180 1.000000 2
181 1.000000 1
182 1.000000 1
184 1.000000 2
185 1.000000 1
186 1.000000 1
187 1.000000 1
188 1.000000 1
189 1.000000 1
190 1.000000 1
191 1.000000 1
192 1.000000 1
193 1.000000 1
194 1.000000 1
195 1.000000 1
196 1.000000 1
197 1.000000 1
198 1.000000 1
199 1.000000 1
200 1.000000 1
201 1.000000 1
202 1.000000 1
203 1.000000 1
204 1.000000 1
205 1.000000 1
206 1.000000 1
207 1.000000 1
208 1.000000 1
209 1.000000 1
210 1.000000 1
211 1.000000 1
212 1.000000 1
214 1.000000 2
215 1.000000 1
216 1.000000 1
217 1.000000 1
218 1.000000 1
219 1.000000 1
220 1.000000 1
221 1.000000 1
222 1.000000 1
223 1.000000 1
224 1.000000 1
226 1.000000 2
227 1.000000 1
228 1.000000 1
229 1.000000 1
230 1.000000 1
231 1.000000 1
232 1.000000 1
233 1.000000 1
234 1.000000 1
235 1.000000 1
236 1.000000 1
237 1.000000 1
238 1.000000 1
239 1.000000 1
240 1.000000 1
241 1.000000 1
242 1.000000 1
243 1.000000 1
244 1.000000 1
245 1.000000 1
246 1.000000 1
247 1.000000 1
248 1.000000 1
249 1.000000 1
250 1.000000 1
251 1.000000 1
252 1.000000 1
253 1.000000 1
254 1.000000 1
255 1.000000 1
256 1.000000 1
257 1.000000 1
258 1.000000 1
259 1.000000 1
260 1.000000 1
261 1.000000 1
262 1.000000 1
263 1.000000 1
264 1.000000 1
265 1.000000 1
266 1.000000 1
267 1.000000 1
268 1.000000 1
269 1.000000 1
271 1.000000 2
272 1.000000 1
273 1.000000 1
274 1.000000 1
275 1.000000 1
276 1.000000 1
277 1.000000 1
278 1.000000 1
280 1.000000 2
281 1.000000 1
282 1.000000 1
283 1.000000 1
284 1.000000 1
285 1.000000 1
287 1.000000 2
288 1.000000 1
289 1.000000 1
290 1.000000 1
291 1.000000 1
292 1.000000 1
293 1.000000 1
294 1.000000 1
295 1.000000 1
298 1.000000 3
299 1.000000 1
300 1.000000 1
301 1.000000 1
302 1.000000 1
303 1.000000 1
304 1.000000 1
305 1.000000 1
306 1.000000 1
307 1.000000 1
308 1.000000 1
309 1.000000 1
310 1.000000 1
311 1.000000 1
312 1.000000 1
313 1.000000 1
314 1.000000 1
315 1.000000 1
316 1.000000 1
317 1.000000 1
318 1.000000 1
319 1.000000 1
320 1.000000 1
321 1.000000 1
322 1.000000 1
323 1.000000 1
324 1.000000 1
325 1.000000 1
326 1.000000 1
327 1.000000 1
328 1.000000 1
329 1.000000 1
330 1.000000 1
331 1.000000 1
332 1.000000 1
333 1.000000 1
334 1.000000 1
335 1.000000 1
336 1.000000 1
337 1.000000 1
338 1.000000 1
339 1.000000 1
340 1.000000 1
342 1.000000 2
343 1.000000 1
344 1.000000 1
345 1.000000 1
347 1.000000 2
348 1.000000 1
349 1.000000 1
350 1.000000 1
351 1.000000 1
352 1.000000 1
353 1.000000 1
355 1.000000 2
356 1.000000 1
357 1.000000 1
358 1.000000 1
359 1.000000 1
360 1.000000 1
361 1.000000 1
362 1.000000 1
363 1.000000 1
364 1.000000 1
365 1.000000 1
366 1.000000 1
368 1.000000 2
369 1.000000 1
370 1.000000 1
371 1.000000 1
373 1.000000 2
374 1.000000 1
375 1.000000 1
376 1.000000 1
377 1.000000 1
378 1.000000 1
379 1.000000 1
380 1.000000 1
381 1.000000 1
382 1.000000 1
383 1.000000 1
384 1.000000 1
385 1.000000 1
386 1.000000 1
387 1.000000 1
388 1.000000 1
390 1.000000 2
391 1.000000 1
392 1.000000 1
394 1.000000 2
396 1.000000 2
397 1.000000 1
398 1.000000 1
399 1.000000 1
400 1.000000 1
401 1.000000 1
402 1.000000 1
403 1.000000 1
404 1.000000 1
405 1.000000 1
406 1.000000 1
407 1.000000 1
408 1.000000 1
409 1.000000 1
410 1.000000 1
411 1.000000 1
413 1.000000 2
414 1.000000 1
415 1.000000 1
416 1.000000 1
417 1.000000 1
418 1.000000 1
419 1.000000 1
420 1.000000 1
421 1.000000 1
422 1.000000 1
424 1.000000 2
425 1.000000 1
426 1.000000 1
427 1.000000 1
428 1.000000 1
429 1.000000 1
430 1.000000 1
431 1.000000 1
432 1.000000 1
433 1.000000 1
434 1.000000 1
435 1.000000 1
436 1.000000 1
437 1.000000 1
438 1.000000 1
439 1.000000 1
440 1.000000 1
441 1.000000 1
442 1.000000 1
443 1.000000 1
444 1.000000 1
445 1.000000 1
446 1.000000 1
447 1.000000 1
448 1.000000 1
449 1.000000 1
451 1.000000 2
452 1.000000 1
453 1.000000 1
454 1.000000 1
455 1.000000 1
456 1.000000 1
457 1.000000 1
458 1.000000 1
459 1.000000 1
460 1.000000 1
461 1.000000 1
462 1.000000 1
463 1.000000 1
464 1.000000 1
465 1.000000 1
466 1.000000 1
467 1.000000 1
468 1.000000 1
469 1.000000 1
471 1.000000 2
472 1.000000 1
473 1.000000 1
474 1.000000 1
475 1.000000 1
476 1.000000 1
477 1.000000 1
478 1.000000 1
479 1.000000 1
480 1.000000 1
482 1.000000 2
483 1.000000 1
484 1.000000 1
485 1.000000 1
486 1.000000 1
487 1.000000 1
488 1.000000 1
489 1.000000 1
490 1.000000 1
491 1.000000 1
492 1.000000 1
493 1.000000 1
494 1.000000 1
495 1.000000 1
496 1.000000 1
497 1.000000 1
498 1.000000 1
500 1.000000 2
501 1.000000 1
502 1.000000 1
503 1.000000 1
504 1.000000 1
505 1.000000 1
506 1.000000 1
508 1.000000 2
509 1.000000 1
510 1.000000 1
511 1.000000 1
512 1.000000 1
514 1.000000 2
515 1.000000 1
516 1.000000 1
517 1.000000 1
518 1.000000 1
519 1.000000 1
520 1.000000 1
521 1.000000 1
522 1.000000 1
523 1.000000 1
524 1.000000 1
525 1.000000 1
526 1.000000 1
527 1.000000 1
528 1.000000 1
530 1.000000 2
531 1.000000 1
532 1.000000 1
533 1.000000 1
534 1.000000 1
535 1.000000 1
536 1.000000 1
537 1.000000 1
538 1.000000 1
539 1.000000 1
540 1.000000 1
541 1.000000 1
542 1.000000 1
543 1.000000 1
545 1.000000 2
546 1.000000 1
548 1.000000 2
549 1.000000 1
550 1.000000 1
551 1.000000 1
552 1.000000 1
553 1.000000 1
554 1.000000 1
555 1.000000 1
556 1.000000 1
557 1.000000 1
558 1.000000 1
559 1.000000 1
560 1.000000 1
561 1.000000 1
562 1.000000 1
563 1.000000 1
564 1.000000 1
565 1.000000 1
566 1.000000 1
567 1.000000 1
568 1.000000 1
569 1.000000 1
570 1.000000 1
571 1.000000 1
572 1.000000 1
573 1.000000 1
575 1.000000 2
576 1.000000 1
577 1.000000 1
578 1.000000 1
579 1.000000 1
580 1.000000 1
582 1.000000 2
583 1.000000 1
584 1.000000 1
585 1.000000 1
586 1.000000 1
587 1.000000 1
588 1.000000 1
589 1.000000 1
590 1.000000 1
591 1.000000 1
592 1.000000 1
593 1.000000 1
595 1.000000 2
596 1.000000 1
597 1.000000 1
598 1.000000 1
599 1.000000 1
600 1.000000 1
601 1.000000 1
602 1.000000 1
604 1.000000 2
605 1.000000 1
606 1.000000 1
607 1.000000 1
608 1.000000 1
610 1.000000 2
611 1.000000 1
612 1.000000 1
613 1.000000 1
614 1.000000 1
615 1.000000 1
616 1.000000 1
617 1.000000 1
618 1.000000 1
619 1.000000 1
621 1.000000 2
623 1.000000 2
624 1.000000 1
625 1.000000 1
626 1.000000 1
627 1.000000 1
629 1.000000 2
630 1.000000 1
631 1.000000 1
632 1.000000 1
633 1.000000 1
634 1.000000 1
635 1.000000 1
636 1.000000 1
637 1.000000 1
638 1.000000 1
639 1.000000 1
642 1.000000 3
643 1.000000 1
644 1.000000 1
645 1.000000 1
647 1.000000 2
648 1.000000 1
649 1.000000 1
650 1.000000 1
651 1.000000 1
652 1.000000 1
653 1.000000 1
654 1.000000 1
655 1.000000 1
656 1.000000 1
657 1.000000 1
658 1.000000 1
659 1.000000 1
660 1.000000 1
661 1.000000 1
662 1.000000 1
663 1.000000 1
665 1.000000 2
666 1.000000 1
667 1.000000 1
668 1.000000 1
669 1.000000 1
670 1.000000 1
671 1.000000 1
672 1.000000 1
673 1.000000 1
674 1.000000 1
675 1.000000 1
676 1.000000 1
677 1.000000 1
678 1.000000 1
679 1.000000 1
681 1.000000 2
682 1.000000 1
683 1.000000 1
684 1.000000 1
685 1.000000 1
686 1.000000 1
687 1.000000 1
688 1.000000 1
689 1.000000 1
690 1.000000 1
691 1.000000 1
692 1.000000 1
693 1.000000 1
694 1.000000 1
695 1.000000 1
696 1.000000 1
697 1.000000 1
698 1.000000 1
699 1.000000 1
700 1.000000 1
701 1.000000 1
702 1.000000 1
703 1.000000 1
704 1.000000 1
705 1.000000 1
706 1.000000 1
708 1.000000 2
709 1.000000 1
710 1.000000 1
711 1.000000 1
712 1.000000 1
713 1.000000 1
714 1.000000 1
715 1.000000 1
716 1.000000 1
717 1.000000 1
718 1.000000 1
719 1.000000 1
720 1.000000 1
721 1.000000 1
722 1.000000 1
723 1.000000 1
724 1.000000 1
725 1.000000 1
726 1.000000 1
727 1.000000 1
728 1.000000 1
729 1.000000 1
730 1.000000 1
731 1.000000 1
732 1.000000 1
733 1.000000 1
734 1.000000 1
735 1.000000 1
737 1.000000 2
738 1.000000 1
739 1.000000 1
740 1.000000 1
741 1.000000 1
742 1.000000 1
743 1.000000 1
744 1.000000 1
745 1.000000 1
746 1.000000 1
747 1.000000 1
748 1.000000 1
749 1.000000 1
750 1.000000 1
751 1.000000 1
752 1.000000 1
754 1.000000 2
755 1.000000 1
756 1.000000 1
757 1.000000 1
758 1.000000 1
760 1.000000 2
761 1.000000 1
762 1.000000 1
763 1.000000 1
764 1.000000 1
766 1.000000 2
767 1.000000 1
769 1.000000 2
770 1.000000 1
771 1.000000 1
772 1.000000 1
773 1.000000 1
774 1.000000 1
775 1.000000 1
776 1.000000 1
777 1.000000 1
778 1.000000 1
779 1.000000 1
780 1.000000 1
781 1.000000 1
782 1.000000 1
783 1.000000 1
784 1.000000 1
785 1.000000 1
786 1.000000 1
787 1.000000 1
788 1.000000 1
789 1.000000 1
790 1.000000 1
791 1.000000 1
792 1.000000 1
793 1.000000 1
794 1.000000 1
795 1.000000 1
796 1.000000 1
797 1.000000 1
798 1.000000 1
801 1.000000 3
803 1.000000 2
806 1.000000 3
807 1.000000 1
808 1.000000 1
809 1.000000 1
810 1.000000 1
811 1.000000 1
812 1.000000 1
813 1.000000 1
814 1.000000 1
815 1.000000 1
816 1.000000 1
817 1.000000 1
818 1.000000 1
820 1.000000 2
823 1.000000 3
824 1.000000 1
825 1.000000 1
826 1.000000 1
827 1.000000 1
828 1.000000 1
829 1.000000 1
830 1.000000 1
831 1.000000 1
832 1.000000 1
833 1.000000 1
834 1.000000 1
835 1.000000 1
836 1.000000 1
837 1.000000 1
838 1.000000 1
839 1.000000 1
840 1.000000 1
841 1.000000 1
842 1.000000 1
843 1.000000 1
844 1.000000 1
845 1.000000 1
846 1.000000 1
847 1.000000 1
849 1.000000 2
850 1.000000 1
851 1.000000 1
852 1.000000 1
853 1.000000 1
854 1.000000 1
855 1.000000 1
857 1.000000 2
858 1.000000 1
859 1.000000 1
860 1.000000 1
861 1.000000 1
862 1.000000 1
863 1.000000 1
864 1.000000 1
865 1.000000 1
866 1.000000 1
867 1.000000 1
868 1.000000 1
869 1.000000 1
870 1.000000 1
871 1.000000 1
872 1.000000 1
873 1.000000 1
874 1.000000 1
875 1.000000 1
876 1.000000 1
877 1.000000 1
878 1.000000 1
879 1.000000 1
880 1.000000 1
881 1.000000 1
882 1.000000 1
883 1.000000 1
884 1.000000 1
885 1.000000 1
886 1.000000 1
887 1.000000 1
888 1.000000 1
889 1.000000 1
890 1.000000 1
891 1.000000 1
892 1.000000 1
893 1.000000 1
894 1.000000 1
895 1.000000 1
896 1.000000 1
897 1.000000 1
899 1.000000 2
900 1.000000 1
901 1.000000 1
902 1.000000 1
903 1.000000 1
904 1.000000 1
905 1.000000 1
906 1.000000 1
907 1.000000 1
908 1.000000 1
909 1.000000 1
910 1.000000 1
911 1.000000 1
912 1.000000 1
913 1.000000 1
914 1.000000 1
915 1.000000 1
916 1.000000 1
917 1.000000 1
918 1.000000 1
919 1.000000 1
920 1.000000 1
921 1.000000 1
922 1.000000 1
923 1.000000 1
924 1.000000 1
925 1.000000 1
926 1.000000 1
927 1.000000 1
928 1.000000 1
929 1.000000 1
931 1.000000 2
932 1.000000 1
933 1.000000 1
934 1.000000 1
935 1.000000 1
936 1.000000 1
937 1.000000 1
939 1.000000 2
940 1.000000 1
941 1.000000 1
942 1.000000 1
943 1.000000 1
944 1.000000 1
945 1.000000 1
946 1.000000 1
947 1.000000 1
950 1.000000 3
951 1.000000 1
952 1.000000 1
953 1.000000 1
954 1.000000 1
955 1.000000 1
956 1.000000 1
957 1.000000 1
958 1.000000 1
959 1.000000 1
960 1.000000 1
962 1.000000 2
964 1.000000 2
965 1.000000 1
966 1.000000 1
967 1.000000 1
968 1.000000 1
969 1.000000 1
971 1.000000 2
972 1.000000 1
973 1.000000 1
974 1.000000 1
975 1.000000 1
976 1.000000 1
977 1.000000 1
978 1.000000 1
979 1.000000 1
980 1.000000 1
982 1.000000 2
983 1.000000 1
984 1.000000 1
985 1.000000 1
986 1.000000 1
987 1.000000 1
989 1.000000 2
990 1.000000 1
991 1.000000 1
992 1.000000 1
993 1.000000 1
994 1.000000 1
996 1.000000 2
997 1.000000 1
998 1.000000 1
999 1.000000 1
1000 1.000000 1
1001 1.000000 1
1002 1.000000 1
1003 1.000000 1
1004 1.000000 1
1005 1.000000 1
1006 1.000000 1
1008 1.000000 2
1009 1.000000 1
1010 1.000000 1
1011 1.000000 1
1012 1.000000 1
1013 1.000000 1
1014 1.000000 1
1015 1.000000 1
1016 1.000000 1
1017 1.000000 1
1018 1.000000 1
1019 1.000000 1
1020 1.000000 1
1021 1.000000 1
1024 1.000000 3
1025 1.000000 1
1026 1.000000 1
1027 1.000000 1
1028 1.000000 1
1029 1.000000 1
1030 1.000000 1
1031 1.000000 1
1032 1.000000 1
1033 1.000000 1
1035 1.000000 2
1036 1.000000 1
1037 1.000000 1
1038 1.000000 1
1039 1.000000 1
1040 1.000000 1
1041 1.000000 1
1042 1.000000 1
1043 1.000000 1
1044 1.000000 1
1045 1.000000 1
1046 1.000000 1
1047 1.000000 1
1048 1.000000 1
1049 1.000000 1
1050 1.000000 1
1051 1.000000 1
1052 1.000000 1
1053 1.000000 1
1054 1.000000 1
1055 1.000000 1
1056 1.000000 1
1057 1.000000 1
1058 1.000000 1
1059 1.000000 1
1060 1.000000 1
1061 1.000000 1
1062 1.000000 1
1063 1.000000 1
1064 1.000000 1
1065 1.000000 1
1066 1.000000 1
1068 1.000000 2
1069 1.000000 1
1070 1.000000 1
1071 1.000000 1
1072 1.000000 1
1073 1.000000 1
1074 1.000000 1
1075 1.000000 1
1076 1.000000 1
1077 1.000000 1
1078 1.000000 1
1079 1.000000 1
1080 1.000000 1
1081 1.000000 1
1083 1.000000 2
1084 1.000000 1
1085 1.000000 1
1086 1.000000 1
1087 1.000000 1
1089 1.000000 2
1090 1.000000 1
1092 1.000000 2
1093 1.000000 1
1094 1.000000 1
1095 1.000000 1
1096 1.000000 1
1098 1.000000 2
1099 1.000000 1
1100 1.000000 1
1101 1.000000 1
1102 1.000000 1
1103 1.000000 1
1104 1.000000 1
1105 1.000000 1
1106 1.000000 1
1107 1.000000 1
1108 1.000000 1
1109 1.000000 1
1110 1.000000 1
1111 1.000000 1
1112 1.000000 1
1113 1.000000 1
1114 1.000000 1
1115 1.000000 1
1116 1.000000 1
1117 1.000000 1
1118 1.000000 1
1119 1.000000 1
1120 1.000000 1
1121 1.000000 1
1122 1.000000 1
1123 1.000000 1
1124 1.000000 1
1125 1.000000 1
1126 1.000000 1
1127 1.000000 1
1128 1.000000 1
1129 1.000000 1
1130 1.000000 1
1131 1.000000 1
1132 1.000000 1
1133 1.000000 1
1134 1.000000 1
1135 1.000000 1
1137 1.000000 2
1138 1.000000 1
1139 1.000000 1
1140 1.000000 1
1141 1.000000 1
1142 1.000000 1
1143 1.000000 1
1145 1.000000 2
1146 1.000000 1
1147 1.000000 1
1148 1.000000 1
1149 1.000000 1
1150 1.000000 1
1151 1.000000 1
1152 1.000000 1
1153 1.000000 1
1154 1.000000 1
1155 1.000000 1
1156 1.000000 1
1157 1.000000 1
1158 1.000000 1
1159 1.000000 1
1160 1.000000 1
1161 1.000000 1
1162 1.000000 1
1163 1.000000 1
1164 1.000000 1
1165 1.000000 1
1166 1.000000 1
1168 1.000000 2
1169 1.000000 1
1170 1.000000 1
1171 1.000000 1
1172 1.000000 1
1173 1.000000 1
1174 1.000000 1
1175 1.000000 1
1176 1.000000 1
1177 1.000000 1
1178 1.000000 1
1179 1.000000 1
1180 1.000000 1
1181 1.000000 1
1182 1.000000 1
1184 1.000000 2
1185 1.000000 1
1186 1.000000 1
1187 1.000000 1
1188 1.000000 1
1189 1.000000 1
1191 1.000000 2
1192 1.000000 1
1193 1.000000 1
1194 1.000000 1
1195 1.000000 1
1196 1.000000 1
1197 1.000000 1
1198 1.000000 1
1199 1.000000 1
1200 1.000000 1
1201 1.000000 1
1202 1.000000 1
1203 1.000000 1
1204 1.000000 1
1206 1.000000 2
1207 1.000000 1
1208 1.000000 1
1209 1.000000 1
1210 1.000000 1
1211 1.000000 1
1212 1.000000 1
1213 1.000000 1
1214 1.000000 1
1215 1.000000 1
1216 1.000000 1
1217 1.000000 1
1218 1.000000 1
1219 1.000000 1
1220 1.000000 1
1221 1.000000 1
1222 1.000000 1
1223 1.000000 1
1224 1.000000 1
1225 1.000000 1
1226 1.000000 1
1227 1.000000 1
1228 1.000000 1
1229 1.000000 1
1231 1.000000 2
1232 1.000000 1
1233 1.000000 1
1234 1.000000 1
1235 1.000000 1
1236 1.000000 1
1237 1.000000 1
1238 1.000000 1
1239 1.000000 1
1240 1.000000 1
1242 1.000000 2
1243 1.000000 1
1244 1.000000 1
1245 1.000000 1
1246 1.000000 1
1247 1.000000 1
1248 1.000000 1
1249 1.000000 1
1250 1.000000 1
1251 1.000000 1
1252 1.000000 1
1253 1.000000 1
1254 1.000000 1
1255 1.000000 1
1257 1.000000 2
1258 1.000000 1
1259 1.000000 1
1260 1.000000 1
1261 1.000000 1
1262 1.000000 1
1263 1.000000 1
1264 1.000000 1
1265 1.000000 1
1266 1.000000 1
1267 1.000000 1
1269 1.000000 2
1270 1.000000 1
1272 1.000000 2
1273 1.000000 1
1274 1.000000 1
1275 1.000000 1
1276 1.000000 1
1277 1.000000 1
1278 1.000000 1
1279 1.000000 1
1280 1.000000 1
1281 1.000000 1
1284 1.000000 3
1285 1.000000 1
1286 1.000000 1
1287 1.000000 1
1288 1.000000 1
1289 1.000000 1
1290 1.000000 1
1291 1.000000 1
1292 1.000000 1
1293 1.000000 1
1294 1.000000 1
1295 1.000000 1
1296 1.000000 1
1297 1.000000 1
1298 1.000000 1
1299 1.000000 1
1300 1.000000 1
1301 1.000000 1
1302 1.000000 1
1303 1.000000 1
1304 1.000000 1
1305 1.000000 1
1306 1.000000 1
1307 1.000000 1
1308 1.000000 1
1309 1.000000 1
1310 1.000000 1
1311 1.000000 1
1312 1.000000 1
1313 1.000000 1
1315 1.000000 2
1316 1.000000 1
1317 1.000000 1
1318 1.000000 1
1319 1.000000 1
1320 1.000000 1
1321 1.000000 1
1322 1.000000 1
1323 1.000000 1
1324 1.000000 1
1325 1.000000 1
1326 1.000000 1
1327 1.000000 1
1328 1.000000 1
1330 1.000000 2
1331 1.000000 1
1332 1.000000 1
1333 1.000000 1
1334 1.000000 1
1335 1.000000 1
1336 1.000000 1
1337 1.000000 1
1338 1.000000 1
1339 1.000000 1
1340 1.000000 1
1341 1.000000 1
1342 1.000000 1
1344 1.000000 2
1345 1.000000 1
1346 1.000000 1
1347 1.000000 1
1348 1.000000 1
1349 1.000000 1
1350 1.000000 1
1351 1.000000 1
1352 1.000000 1
1355 1.000000 3
1356 1.000000 1
1357 1.000000 1
1358 1.000000 1
1359 1.000000 1
1360 1.000000 1
1361 1.000000 1
1362 1.000000 1
1363 1.000000 1
1364 1.000000 1
1365 1.000000 1
1366 1.000000 1
1367 1.000000 1
1368 1.000000 1
1369 1.000000 1
1370 1.000000 1
1371 1.000000 1
1373 1.000000 2
1374 1.000000 1
1375 1.000000 1
1376 1.000000 1
1377 1.000000 1
1378 1.000000 1
1379 1.000000 1
1381 1.000000 2
1382 1.000000 1
1383 1.000000 1
1384 1.000000 1
1386 1.000000 2
1387 1.000000 1
1388 1.000000 1
1389 1.000000 1
1390 1.000000 1
1391 1.000000 1
1392 1.000000 1
1393 1.000000 1
1394 1.000000 1
1396 1.000000 2
1397 1.000000 1
1399 1.000000 2
1400 1.000000 1
1401 1.000000 1
1402 1.000000 1
1403 1.000000 1
1404 1.000000 1
1405 1.000000 1
1406 1.000000 1
1407 1.000000 1
1408 1.000000 1
1409 1.000000 1
1410 1.000000 1
1411 1.000000 1
1412 1.000000 1
1413 1.000000 1
1414 1.000000 1
1415 1.000000 1
1416 1.000000 1
1417 1.000000 1
1419 1.000000 2
1420 1.000000 1
1421 1.000000 1
1422 1.000000 1
1423 1.000000 1
1424 1.000000 1
1425 1.000000 1
1426 1.000000 1
1427 1.000000 1
1428 1.000000 1
1429 1.000000 1
1430 1.000000 1
1431 1.000000 1
1432 1.000000 1
1433 1.000000 1
1434 1.000000 1
1435 1.000000 1
1436 1.000000 1
1437 1.000000 1
1438 1.000000 1
1439 1.000000 1
1440 1.000000 1
1441 1.000000 1
1442 1.000000 1
1443 1.000000 1
1444 1.000000 1
1446 1.000000 2
1447 1.000000 1
1448 1.000000 1
1449 1.000000 1
1450 1.000000 1
1451 1.000000 1
1452 1.000000 1
1454 1.000000 2
1455 1.000000 1
1456 1.000000 1
1457 1.000000 1
1458 1.000000 1
1459 1.000000 1
1460 1.000000 1
1461 1.000000 1
1462 1.000000 1
1463 1.000000 1
1464 1.000000 1
1465 1.000000 1
1467 1.000000 2
1468 1.000000 1
1469 1.000000 1
1470 1.000000 1
1472 1.000000 2
1473 1.000000 1
1474 1.000000 1
1475 1.000000 1
1476 1.000000 1
1477 1.000000 1
1478 1.000000 1
1479 1.000000 1
1480 1.000000 1
1481 1.000000 1
1482 1.000000 1
1483 1.000000 1
1484 1.000000 1
1485 1.000000 1
1486 1.000000 1
1487 1.000000 1
1488 1.000000 1
1490 1.000000 2
1491 1.000000 1
1492 1.000000 1
1493 1.000000 1
1494 1.000000 1
1495 1.000000 1
1496 1.000000 1
1497 1.000000 1
1498 1.000000 1
1499 1.000000 1
1500 1.000000 1
1501 1.000000 1
1502 1.000000 1
1503 1.000000 1
1504 1.000000 1
1505 1.000000 1
1506 1.000000 1
1507 1.000000 1
1508 1.000000 1
1509 1.000000 1
1510 1.000000 1
1511 1.000000 1
1512 1.000000 1
1513 1.000000 1
1514 1.000000 1
1515 1.000000 1
1516 1.000000 1
1517 1.000000 1
1519 1.000000 2
1520 1.000000 1
1521 1.000000 1
1522 1.000000 1
1523 1.000000 1
1524 1.000000 1
1525 1.000000 1
1526 1.000000 1
1527 1.000000 1
1528 1.000000 1
1529 1.000000 1
1530 1.000000 1
1531 1.000000 1
1533 1.000000 2
1534 1.000000 1
1535 1.000000 1
1537 1.000000 2
1538 1.000000 1
1539 1.000000 1
1541 1.000000 2
1542 1.000000 1
1543 1.000000 1
1544 1.000000 1
1545 1.000000 1
1546 1.000000 1
1547 1.000000 1
1548 1.000000 1
1549 1.000000 1
1550 1.000000 1
1551 1.000000 1
1552 1.000000 1
1553 1.000000 1
1555 1.000000 2
1556 1.000000 1
1558 1.000000 2
1559 1.000000 1
1560 1.000000 1
1561 1.000000 1
1562 1.000000 1
1563 1.000000 1
1564 1.000000 1
1565 1.000000 1
1566 1.000000 1
1567 1.000000 1
1568 1.000000 1
1569 1.000000 1
1570 1.000000 1
1571 1.000000 1
1572 1.000000 1
1573 1.000000 1
1574 1.000000 1
1575 1.000000 1
1576 1.000000 1
1577 1.000000 1
1579 1.000000 2
1580 1.000000 1
1581 1.000000 1
1582 1.000000 1
1583 1.000000 1
1584 1.000000 1
1585 1.000000 1
1586 1.000000 1
1587 1.000000 1
1588 1.000000 1
1589 1.000000 1
1590 1.000000 1
1591 1.000000 1
1592 1.000000 1
1593 1.000000 1
1594 1.000000 1
1595 1.000000 1
1596 1.000000 1
1597 1.000000 1
1598 1.000000 1
1599 1.000000 1
1600 1.000000 1
1601 1.000000 1
1602 1.000000 1
1603 1.000000 1
1604 1.000000 1
1605 1.000000 1
1606 1.000000 1
1607 1.000000 1
1608 1.000000 1
1609 1.000000 1
1610 1.000000 1
1611 1.000000 1
1612 1.000000 1
1613 1.000000 1
1614 1.000000 1
1615 1.000000 1
1616 1.000000 1
1617 1.000000 1
1618 1.000000 1
1619 1.000000 1
1620 1.000000 1
1621 1.000000 1
1622 1.000000 1
1623 1.000000 1
1625 1.000000 2
1626 1.000000 1
1629 1.000000 3
1630 1.000000 1
1631 1.000000 1
1632 1.000000 1
1633 1.000000 1
1634 1.000000 1
1635 1.000000 1
1636 1.000000 1
1637 1.000000 1
1638 1.000000 1
1639 1.000000 1
1640 1.000000 1
1642 1.000000 2
1644 1.000000 2
1645 1.000000 1
1646 1.000000 1
1647 1.000000 1
1648 1.000000 1
1649 1.000000 1
1650 1.000000 1
1651 1.000000 1
1652 1.000000 1
1653 1.000000 1
1654 1.000000 1
1655 1.000000 1
1656 1.000000 1
1658 1.000000 2
1659 1.000000 1
1660 1.000000 1
1661 1.000000 1
1662 1.000000 1
1663 1.000000 1
1664 1.000000 1
1665 1.000000 1
1666 1.000000 1
1667 1.000000 1
1668 1.000000 1
1669 1.000000 1
1670 1.000000 1
1671 1.000000 1
1672 1.000000 1
1673 1.000000 1
1674 1.000000 1
1675 1.000000 1
1676 1.000000 1
1677 1.000000 1
1678 1.000000 1
1679 1.000000 1
1680 1.000000 1
1681 1.000000 1
1682 1.000000 1
1683 1.000000 1
1684 1.000000 1
1685 1.000000 1
1686 1.000000 1
1687 1.000000 1
1688 1.000000 1
1689 1.000000 1
1690 1.000000 1
1691 1.000000 1
1693 1.000000 2
1694 1.000000 1
1695 1.000000 1
1696 1.000000 1
1697 1.000000 1
1698 1.000000 1
1699 1.000000 1
1701 1.000000 2
1702 1.000000 1
1703 1.000000 1
1704 1.000000 1
1705 1.000000 1
1706 1.000000 1
1707 1.000000 1
1708 1.000000 1
1709 1.000000 1
1710 1.000000 1
1711 1.000000 1
1712 1.000000 1
1713 1.000000 1
1714 1.000000 1
1715 1.000000 1
1716 1.000000 1
1717 1.000000 1
1718 1.000000 1
1719 1.000000 1
1720 1.000000 1
1721 1.000000 1
1722 1.000000 1
1723 1.000000 1
1724 1.000000 1
1725 1.000000 1
1726 1.000000 1
1727 1.000000 1
1729 1.000000 2
1730 1.000000 1
1731 1.000000 1
1732 1.000000 1
1733 1.000000 1
1734 1.000000 1
1735 1.000000 1
1736 1.000000 1
1737 1.000000 1
1738 1.000000 1
1739 1.000000 1
1740 1.000000 1
1741 1.000000 1
1742 1.000000 1
1743 1.000000 1
1744 1.000000 1
1745 1.000000 1
1746 1.000000 1
1747 1.000000 1
1748 1.000000 1
1749 1.000000 1
1750 1.000000 1
1751 1.000000 1
1752 1.000000 1
1753 1.000000 1
1754 1.000000 1
1755 1.000000 1
1756 1.000000 1
1757 1.000000 1
1758 1.000000 1
1759 1.000000 1
1760 1.000000 1
1761 1.000000 1
1763 1.000000 2
1764 1.000000 1
1765 1.000000 1
1766 1.000000 1
1767 1.000000 1
1768 1.000000 1
1769 1.000000 1
1770 1.000000 1
1772 1.000000 2
1773 1.000000 1
1774 1.000000 1
1775 1.000000 1
1776 1.000000 1
1777 1.000000 1
1778 1.000000 1
1779 1.000000 1
1780 1.000000 1
1781 1.000000 1
1782 1.000000 1
1783 1.000000 1
1784 1.000000 1
1785 1.000000 1
1786 1.000000 1
1787 1.000000 1
1788 1.000000 1
1789 1.000000 1
1790 1.000000 1
1791 1.000000 1
1792 1.000000 1
1793 1.000000 1
1794 1.000000 1
1795 1.000000 1
1797 1.000000 2
1798 1.000000 1
1799 1.000000 1
1800 1.000000 1
1801 1.000000 1
1802 1.000000 1
1803 1.000000 1
1804 1.000000 1
1805 1.000000 1
1806 1.000000 1
1807 1.000000 1
1808 1.000000 1
1809 1.000000 1
1811 1.000000 2
1812 1.000000 1
1813 1.000000 1
1814 1.000000 1
1815 1.000000 1
1816 1.000000 1
1817 1.000000 1
1818 1.000000 1
1819 1.000000 1
1820 1.000000 1
1821 1.000000 1
1822 1.000000 1
1823 1.000000 1
1824 1.000000 1
1825 1.000000 1
1826 1.000000 1
1827 1.000000 1
1829 1.000000 2
1830 1.000000 1
1831 1.000000 1
1832 1.000000 1
1833 1.000000 1
1834 1.000000 1
1835 1.000000 1
1836 1.000000 1
1837 1.000000 1
1839 1.000000 2
1840 1.000000 1
1842 1.000000 2
1845 1.000000 3
1846 1.000000 1
1847 1.000000 1
1849 1.000000 2
1852 1.000000 3
1853 1.000000 1
1854 1.000000 1
1855 1.000000 1
1856 1.000000 1
1857 1.000000 1
1858 1.000000 1
1859 1.000000 1
1860 1.000000 1
1861 1.000000 1
1862 1.000000 1
1863 1.000000 1
1864 1.000000 1
1865 1.000000 1
1866 1.000000 1
1867 1.000000 1
1868 1.000000 1
1869 1.000000 1
1870 1.000000 1
1871 1.000000 1
1872 1.000000 1
1873 1.000000 1
1874 1.000000 1
1875 1.000000 1
1876 1.000000 1
1877 1.000000 1
1878 1.000000 1
1879 1.000000 1
1880 1.000000 1
1881 1.000000 1
1882 1.000000 1
1884 1.000000 2
1885 1.000000 1
1886 1.000000 1
1887 1.000000 1
1888 1.000000 1
1889 1.000000 1
1890 1.000000 1
1891 1.000000 1
1892 1.000000 1
1893 1.000000 1
1895 1.000000 2
1896 1.000000 1
1897 1.000000 1
1898 1.000000 1
1899 1.000000 1
1902 1.000000 3
1903 1.000000 1
1904 1.000000 1
1905 1.000000 1
1906 1.000000 1
1907 1.000000 1
1908 1.000000 1
1910 1.000000 2
1911 1.000000 1
1912 1.000000 1
1913 1.000000 1
1914 1.000000 1
1915 1.000000 1
1916 1.000000 1
1917 1.000000 1
1918 1.000000 1
1919 1.000000 1
1920 1.000000 1
1921 1.000000 1
1922 1.000000 1
1923 1.000000 1
1924 1.000000 1
1925 1.000000 1
1926 1.000000 1
1927 1.000000 1
1928 1.000000 1
1929 1.000000 1
1930 1.000000 1
1931 1.000000 1
1932 1.000000 1
1933 1.000000 1
1934 1.000000 1
1935 1.000000 1
1936 1.000000 1
1937 1.000000 1
1938 1.000000 1
1939 1.000000 1
1940 1.000000 1
1941 1.000000 1
1942 1.000000 1
1943 1.000000 1
1944 1.000000 1
1945 1.000000 1
1946 1.000000 1
1947 1.000000 1
1948 1.000000 1
1949 1.000000 1
1950 1.000000 1
1951 1.000000 1
1952 1.000000 1
1953 1.000000 1
1954 1.000000 1
1955 1.000000 1
1956 1.000000 1
1957 1.000000 1
1958 1.000000 1
1959 1.000000 1
1960 1.000000 1
1961 1.000000 1
1962 1.000000 1
1963 1.000000 1
1965 1.000000 2
1966 1.000000 1
1967 1.000000 1
1968 1.000000 1
1969 1.000000 1
1971 1.000000 2
1972 1.000000 1
1973 1.000000 1
1974 1.000000 1
1975 1.000000 1
1977 1.000000 2
1978 1.000000 1
1979 1.000000 1
1980 1.000000 1
1981 1.000000 1
1982 1.000000 1
1983 1.000000 1
1984 1.000000 1
1985 1.000000 1
1986 1.000000 1
1987 1.000000 1
1988 1.000000 1
1989 1.000000 1
1990 1.000000 1
1991 1.000000 1
1992 1.000000 1
1993 1.000000 1
1995 1.000000 2
1996 1.000000 1
1997 1.000000 1
1998 1.000000 1
1999 1.000000 1
2000 1.000000 1
2001 1.000000 1
2002 1.000000 1
2003 1.000000 1
2004 1.000000 1
2005 1.000000 1
2007 1.000000 2
2008 1.000000 1
2009 1.000000 1
2010 1.000000 1
2011 1.000000 1
2012 1.000000 1
2018 1.000000 6
2019 1.000000 1
2020 1.000000 1
2021 1.000000 1
2022 1.000000 1
2023 1.000000 1
2025 1.000000 2
2026 1.000000 1
2027 1.000000 1
2028 1.000000 1
2030 1.000000 2
2031 1.000000 1
2033 1.000000 2
2035 1.000000 2
2036 1.000000 1
2037 1.000000 1
2038 1.000000 1
2039 1.000000 1
2040 1.000000 1
2041 1.000000 1
2042 1.000000 1
2043 1.000000 1
2044 1.000000 1
2045 1.000000 1
2046 1.000000 1
2047 1.000000 1
2048 1.000000 1
2049 1.000000 1
2050 1.000000 1
2051 1.000000 1
2052 1.000000 1
2053 1.000000 1
2054 1.000000 1
2055 1.000000 1
2056 1.000000 1
2057 1.000000 1
2058 1.000000 1
2059 1.000000 1
2060 1.000000 1
2061 1.000000 1
2062 1.000000 1
2063 1.000000 1
2064 1.000000 1
2065 1.000000 1
2066 1.000000 1
2067 1.000000 1
2068 1.000000 1
2069 1.000000 1
2070 1.000000 1
2071 1.000000 1
2072 1.000000 1
2073 1.000000 1
2074 1.000000 1
2075 1.000000 1
2076 1.000000 1
2077 1.000000 1
2078 1.000000 1
2079 1.000000 1
2080 1.000000 1
2081 1.000000 1
2082 1.000000 1
2083 1.000000 1
2084 1.000000 1
2085 1.000000 1
2086 1.000000 1
2087 1.000000 1
2089 1.000000 2
2090 1.000000 1
2091 1.000000 1
2092 1.000000 1
2093 1.000000 1
2094 1.000000 1
2095 1.000000 1
2097 1.000000 2
2098 1.000000 1
2099 1.000000 1
2100 1.000000 1
2101 1.000000 1
2102 1.000000 1
2103 1.000000 1
2104 1.000000 1
2105 1.000000 1
2106 1.000000 1
2107 1.000000 1
2108 1.000000 1
2109 1.000000 1
2110 1.000000 1
2111 1.000000 1
2112 1.000000 1
2113 1.000000 1
2114 1.000000 1
2115 1.000000 1
2116 1.000000 1
2117 1.000000 1
2118 1.000000 1
2119 1.000000 1
2120 1.000000 1
2121 1.000000 1
2122 1.000000 1
2123 1.000000 1
2124 1.000000 1
2125 1.000000 1
2126 1.000000 1
2127 1.000000 1
2128 1.000000 1
2129 1.000000 1
2130 1.000000 1
2131 1.000000 1
2132 1.000000 1
2133 1.000000 1
2134 1.000000 1
2135 1.000000 1
2136 1.000000 1
2137 1.000000 1
2138 1.000000 1
2140 1.000000 2
2141 1.000000 1
2142 1.000000 1
2143 1.000000 1
2144 1.000000 1
2145 1.000000 1
2146 1.000000 1
2147 1.000000 1
2148 1.000000 1
2149 1.000000 1
2150 1.000000 1
2151 1.000000 1
2152 1.000000 1
2154 1.000000 2
2155 1.000000 1
2156 1.000000 1
2157 1.000000 1
2158 1.000000 1
2161 1.000000 3
2162 1.000000 1
2163 1.000000 1
2164 1.000000 1
2165 1.000000 1
2166 1.000000 1
2167 1.000000 1
2169 1.000000 2
2170 1.000000 1
2171 1.000000 1
2172 1.000000 1
2173 1.000000 1
2174 1.000000 1
2175 1.000000 1
2176 1.000000 1
2178 1.000000 2
2179 1.000000 1
2180 1.000000 1
2181 1.000000 1
2182 1.000000 1
2183 1.000000 1
2184 1.000000 1
2185 1.000000 1
2186 1.000000 1
2187 1.000000 1
2188 1.000000 1
2189 1.000000 1
2191 1.000000 2
2192 1.000000 1
2193 1.000000 1
2194 1.000000 1
2196 1.000000 2
2197 1.000000 1
2198 1.000000 1
2199 1.000000 1
2200 1.000000 1
2201 1.000000 1
2202 1.000000 1
2203 1.000000 1
2204 1.000000 1
2205 1.000000 1
2206 1.000000 1
2207 1.000000 1
2208 1.000000 1
2209 1.000000 1
2210 1.000000 1
2211 1.000000 1
2212 1.000000 1
2213 1.000000 1
2214 1.000000 1
2215 1.000000 1
2216 1.000000 1
2217 1.000000 1
2218 1.000000 1
2219 1.000000 1
2220 1.000000 1
2221 1.000000 1
2222 1.000000 1
2223 1.000000 1
