3 1.000000 3
7 1.000000 4
11 1.000000 4
15 -1.000000 4
19 -1.000000 4
23 -1.000000 4
26 1.000000 3
30 1.000000 4
34 1.000000 4
38 1.000000 4
43 1.000000 5
47 1.000000 4
50 -1.000000 3
54 1.000000 4
58 -1.000000 4
61 1.000000 3
65 1.000000 4
69 1.000000 4
74 1.000000 5
77 1.000000 3
81 1.000000 4
84 -1.000000 3
89 1.000000 5
93 -1.000000 4
98 1.000000 5
103 1.000000 5
107 1.000000 4
110 1.000000 3
114 -1.000000 4
118 1.000000 4
122 1.000000 4
127 0.000000 5
132 0.000000 5
137 1.000000 5
140 1.000000 3
143 -1.000000 3
148 1.000000 5
153 1.000000 5
157 -1.000000 4
161 -1.000000 4
164 -1.000000 3
169 1.000000 5
173 -1.000000 4
176 1.000000 3
179 -1.000000 3
184 1.000000 5
187 1.000000 3
192 1.000000 5
196 1.000000 4
200 -1.000000 4
204 1.000000 4
209 0.000000 5
213 -1.000000 4
217 1.000000 4
222 1.000000 5
227 0.000000 5
232 1.000000 5
236 1.000000 4
240 -1.000000 4
244 1.000000 4
248 1.000000 4
252 1.000000 4
256 -1.000000 4
260 -1.000000 4
264 1.000000 4
268 -1.000000 4
272 1.000000 4
275 1.000000 3
279 1.000000 4
282 -1.000000 3
286 1.000000 4
290 -1.000000 4
295 1.000000 5
298 -1.000000 3
303 1.000000 5
306 1.000000 3
310 -1.000000 4
315 1.000000 5
319 -1.000000 4
324 0.000000 5
327 -1.000000 3
332 1.000000 5
336 -1.000000 4
340 1.000000 4
344 -1.000000 4
348 1.000000 4
353 1.000000 5
357 -1.000000 4
362 0.000000 5
366 -1.000000 4
370 1.000000 4
375 0.000000 5
379 -1.000000 4
382 1.000000 3
387 0.000000 5
391 -1.000000 4
396 1.000000 5
400 1.000000 4
405 0.000000 5
409 1.000000 4
414 1.000000 5
418 1.000000 4
421 1.000000 3
424 1.000000 3
428 1.000000 4
433 1.000000 5
437 -1.000000 4
442 1.000000 5
447 1.000000 5
451 1.000000 4
455 -1.000000 4
459 -1.000000 4
463 1.000000 4
468 0.000000 5
472 1.000000 4
476 1.000000 4
480 1.000000 4
483 -1.000000 3
487 -1.000000 4
491 -1.000000 4
495 -1.000000 4
499 -1.000000 4
504 1.000000 5
509 0.000000 5
514 1.000000 5
519 1.000000 5
524 1.000000 5
528 1.000000 4
532 -1.000000 4
535 1.000000 3
540 1.000000 5
545 1.000000 5
549 -1.000000 4
553 -1.000000 4
556 1.000000 3
561 1.000000 5
565 -1.000000 4
569 1.000000 4
573 1.000000 4
576 -1.000000 3
581 0.000000 5
584 -1.000000 3
589 1.000000 5
594 1.000000 5
597 1.000000 3
602 0.000000 5
605 -1.000000 3
608 -1.000000 3
613 1.000000 5
616 -1.000000 3
621 1.000000 5
625 -1.000000 4
629 1.000000 4
633 1.000000 4
638 1.000000 5
642 1.000000 4
646 1.000000 4
649 1.000000 3
652 1.000000 3
656 -1.000000 4
661 1.000000 5
666 1.000000 5
670 1.000000 4
675 1.000000 5
680 0.000000 5
685 1.000000 5
688 -1.000000 3
691 -1.000000 3
695 -1.000000 4
700 1.000000 5
704 -1.000000 4
707 -1.000000 3
711 -1.000000 4
714 1.000000 3
718 -1.000000 4
723 0.000000 5
728 0.000000 5
731 1.000000 3
736 1.000000 5
741 0.000000 5
745 1.000000 4
750 0.000000 5
755 1.000000 5
759 1.000000 4
764 0.000000 5
768 -1.000000 4
773 0.000000 5
776 -1.000000 3
779 -1.000000 3
782 -1.000000 3
785 1.000000 3
788 1.000000 3
793 1.000000 5
798 0.000000 5
803 1.000000 5
808 0.000000 5
812 1.000000 4
815 1.000000 3
819 1.000000 4
822 1.000000 3
826 1.000000 4
830 1.000000 4
834 1.000000 4
839 1.000000 5
843 -1.000000 4
846 -1.000000 3
851 0.000000 5
855 1.000000 4
860 1.000000 5
865 1.000000 5
869 -1.000000 4
872 -1.000000 3
876 -1.000000 4
879 -1.000000 3
883 -1.000000 4
887 -1.000000 4
890 1.000000 3
895 1.000000 5
900 1.000000 5
905 1.000000 5
909 1.000000 4
912 1.000000 3
916 1.000000 4
920 1.000000 4
925 1.000000 5
930 1.000000 5
934 1.000000 4
939 0.000000 5
944 0.000000 5
949 0.000000 5
953 -1.000000 4
958 0.000000 5
963 0.000000 5
968 1.000000 5
973 0.000000 5
978 1.000000 5
982 1.000000 4
986 1.000000 4
989 -1.000000 3
993 1.000000 4
998 0.000000 5
1002 1.000000 4
1005 1.000000 3
1009 1.000000 4
1013 1.000000 4
1017 -1.000000 4
1021 1.000000 4
1024 1.000000 3
1028 -1.000000 4
1033 1.000000 5
1038 1.000000 5
1042 1.000000 4
1046 1.000000 4
1050 1.000000 4
1054 -1.000000 4
1059 0.000000 5
1064 1.000000 5
1068 -1.000000 4
1072 1.000000 4
1077 0.000000 5
1082 1.000000 5
1086 1.000000 4
1090 1.000000 4
1093 1.000000 3
1098 1.000000 5
1102 1.000000 4
1107 0.000000 5
1112 0.000000 5
1117 1.000000 5
1122 1.000000 5
1127 1.000000 5
1131 -1.000000 4
1135 -1.000000 4
1139 1.000000 4
1143 -1.000000 4
1146 -1.000000 3
1150 1.000000 4
1155 1.000000 5
1159 1.000000 4
1163 -1.000000 4
1167 -1.000000 4
1172 0.000000 5
1177 1.000000 5
1181 1.000000 4
1184 1.000000 3
1189 1.000000 5
1194 1.000000 5
1199 1.000000 5
1204 1.000000 5
1208 1.000000 4
1213 0.000000 5
1217 -1.000000 4
1221 1.000000 4
1225 1.000000 4
1228 1.000000 3
1232 1.000000 4
1236 1.000000 4
1240 1.000000 4
1244 1.000000 4
1248 -1.000000 4
1252 -1.000000 4
1256 -1.000000 4
1259 1.000000 3
1263 1.000000 4
1267 -1.000000 4
1272 0.000000 5
1276 1.000000 4
1281 0.000000 5
1286 0.000000 5
1289 1.000000 3
1293 -1.000000 4
1296 1.000000 3
1300 1.000000 4
1305 1.000000 5
1309 1.000000 4
1314 1.000000 5
1317 1.000000 3
1322 1.000000 5
1326 1.000000 4
1331 1.000000 5
1335 -1.000000 4
1338 1.000000 3
1342 1.000000 4
1347 0.000000 5
1351 1.000000 4
1356 0.000000 5
1361 1.000000 5
1366 1.000000 5
1369 1.000000 3
1374 1.000000 5
1378 -1.000000 4
1383 0.000000 5
1387 -1.000000 4
1391 1.000000 4
1395 1.000000 4
1399 -1.000000 4
1403 -1.000000 4
1407 -1.000000 4
1411 1.000000 4
1414 -1.000000 3
1419 1.000000 5
1423 1.000000 4
1427 1.000000 4
1431 1.000000 4
1436 1.000000 5
1441 1.000000 5
1445 1.000000 4
1449 1.000000 4
1453 -1.000000 4
1458 0.000000 5
1462 -1.000000 4
1466 1.000000 4
1470 1.000000 4
1474 -1.000000 4
1479 0.000000 5
1483 -1.000000 4
1487 1.000000 4
1492 1.000000 5
1497 0.000000 5
1501 -1.000000 4
1505 -1.000000 4
1510 0.000000 5
1514 1.000000 4
1518 -1.000000 4
1522 -1.000000 4
1527 1.000000 5
1531 -1.000000 4
1536 1.000000 5
1539 1.000000 3
1542 1.000000 3
1547 1.000000 5
1551 -1.000000 4
1554 -1.000000 3
1558 -1.000000 4
1562 1.000000 4
1565 -1.000000 3
1570 1.000000 5
1573 -1.000000 3
1578 1.000000 5
1583 0.000000 5
1588 0.000000 5
1592 -1.000000 4
1595 1.000000 3
1599 1.000000 4
1604 1.000000 5
1608 -1.000000 4
1611 1.000000 3
1616 1.000000 5
1621 1.000000 5
1625 -1.000000 4
1629 1.000000 4
1633 -1.000000 4
1638 1.000000 5
1643 0.000000 5
1646 1.000000 3
1651 1.000000 5
1655 1.000000 4
1659 -1.000000 4
1664 1.000000 5
1668 1.000000 4
1673 1.000000 5
1678 1.000000 5
1682 1.000000 4
1686 -1.000000 4
1690 -1.000000 4
1693 -1.000000 3
1697 -1.000000 4
1701 -1.000000 4
1705 1.000000 4
1708 1.000000 3
1713 1.000000 5
1718 1.000000 5
1723 1.000000 5
1728 1.000000 5
1732 -1.000000 4
1735 1.000000 3
1740 0.000000 5
1745 1.000000 5
1749 -1.000000 4
1753 -1.000000 4
1758 1.000000 5
1762 1.000000 4
1766 -1.000000 4
1770 1.000000 4
1773 -1.000000 3
1777 -1.000000 4
1782 1.000000 5
1786 1.000000 4
1790 -1.000000 4
1794 1.000000 4
1799 0.000000 5
1804 1.000000 5
1809 0.000000 5
1813 -1.000000 4
1816 1.000000 3
1820 -1.000000 4
1825 1.000000 5
1829 1.000000 4
1833 -1.000000 4
1836 -1.000000 3
1841 1.000000 5
1846 1.000000 5
1851 0.000000 5
1855 1.000000 4
1859 1.000000 4
1864 1.000000 5
1869 0.000000 5
1873 1.000000 4
1877 1.000000 4
1881 1.000000 4
1886 0.000000 5
1891 0.000000 5
1896 1.000000 5
1901 1.000000 5
1905 1.000000 4
1908 1.000000 3
1913 0.000000 5
1916 -1.000000 3
1920 1.000000 4
1925 1.000000 5
1930 1.000000 5
1934 1.000000 4
1938 -1.000000 4
1941 1.000000 3
1945 1.000000 4
1950 0.000000 5
1953 1.000000 3
1957 1.000000 4
1961 1.000000 4
1965 1.000000 4
1969 1.000000 4
1973 1.000000 4
1976 1.000000 3
1980 -1.000000 4
1985 1.000000 5
1989 1.000000 4
1994 1.000000 5
1999 1.000000 5
2003 1.000000 4
2007 1.000000 4
2011 1.000000 4
2016 1.000000 5
2020 -1.000000 4
2024 1.000000 4
2029 1.000000 5
2034 1.000000 5
2039 1.000000 5
2042 -1.000000 3
2046 1.000000 4
2049 -1.000000 3
2054 1.000000 5
2058 -1.000000 4
2063 0.000000 5
2067 1.000000 4
2072 1.000000 5
2076 1.000000 4
2080 1.000000 4
2084 -1.000000 4
2088 -1.000000 4
2091 -1.000000 3
2096 1.000000 5
2100 -1.000000 4
2104 1.000000 4
2109 0.000000 5
2113 1.000000 4
2117 -1.000000 4
2121 1.000000 4
2126 1.000000 5
2131 1.000000 5
2135 -1.000000 4
2139 -1.000000 4
2143 -1.000000 4
2148 1.000000 5
2151 1.000000 3
2156 1.000000 5
2160 1.000000 4
2164 -1.000000 4
2168 1.000000 4
2171 1.000000 3
2175 1.000000 4
2179 1.000000 4
2183 1.000000 4
2187 1.000000 4
2191 -1.000000 4
2194 1.000000 3
2199 0.000000 5
2203 -1.000000 4
2208 1.000000 5
2212 1.000000 4
2215 -1.000000 3
2220 1.000000 5
2225 1.000000 5
2229 -1.000000 4
2233 -1.000000 4
2238 0.000000 5
2243 1.000000 5
2248 1.000000 5
2252 1.000000 4
2256 1.000000 4
2259 1.000000 3
2264 0.000000 5
2269 1.000000 5
2272 1.000000 3
2277 0.000000 5
2282 1.000000 5
2286 -1.000000 4
2291 0.000000 5
2296 0.000000 5
2299 1.000000 3
2303 -1.000000 4
2308 1.000000 5
2313 1.000000 5
2316 1.000000 3
2320 -1.000000 4
2325 0.000000 5
2328 1.000000 3
2333 0.000000 5
2338 1.000000 5
2342 1.000000 4
2347 0.000000 5
2352 1.000000 5
2356 -1.000000 4
2360 -1.000000 4
2363 1.000000 3
2368 0.000000 5
2372 -1.000000 4
2375 1.000000 3
2380 1.000000 5
2384 1.000000 4
2389 1.000000 5
2394 0.000000 5
2398 -1.000000 4
2401 -1.000000 3
2404 1.000000 3
2408 1.000000 4
2412 1.000000 4
2416 1.000000 4
2421 1.000000 5
2426 0.000000 5
2429 1.000000 3
2433 1.000000 4
2436 1.000000 3
2439 1.000000 3
2444 1.000000 5
2448 1.000000 4
2452 -1.000000 4
2456 1.000000 4
2461 1.000000 5
2465 1.000000 4
2470 0.000000 5
2474 -1.000000 4
2479 1.000000 5
2483 1.000000 4
2486 -1.000000 3
2490 1.000000 4
2495 0.000000 5
2499 -1.000000 4
2502 -1.000000 3
2505 1.000000 3
2509 -1.000000 4
2514 1.000000 5
2518 1.000000 4
2523 0.000000 5
2528 1.000000 5
2533 0.000000 5
2538 0.000000 5
2542 1.000000 4
2545 -1.000000 3
2549 1.000000 4
2554 0.000000 5
2557 1.000000 3
2562 1.000000 5
2567 0.000000 5
2570 1.000000 3
2575 0.000000 5
2578 -1.000000 3
2582 -1.000000 4
2587 0.000000 5
2591 -1.000000 4
2595 1.000000 4
2599 -1.000000 4
2603 1.000000 4
2607 -1.000000 4
2612 0.000000 5
2617 1.000000 5
2621 -1.000000 4
2626 1.000000 5
2630 1.000000 4
2634 1.000000 4
2638 1.000000 4
2642 -1.000000 4
2645 1.000000 3
2649 1.000000 4
2653 -1.000000 4
2658 1.000000 5
2662 -1.000000 4
2665 -1.000000 3
2670 1.000000 5
2674 -1.000000 4
2678 -1.000000 4
2682 1.000000 4
2686 -1.000000 4
2689 -1.000000 3
2693 1.000000 4
2697 1.000000 4
2702 0.000000 5
2707 0.000000 5
2711 1.000000 4
2714 1.000000 3
2718 1.000000 4
2722 1.000000 4
2726 -1.000000 4
2729 -1.000000 3
2733 -1.000000 4
2738 1.000000 5
2742 1.000000 4
2746 -1.000000 4
2750 1.000000 4
2755 1.000000 5
2760 0.000000 5
2764 1.000000 4
2768 1.000000 4
2773 0.000000 5
2776 1.000000 3
2780 -1.000000 4
2784 1.000000 4
2788 1.000000 4
2791 -1.000000 3
2796 0.000000 5
2800 1.000000 4
2803 1.000000 3
2808 1.000000 5
2811 -1.000000 3
2816 0.000000 5
2819 -1.000000 3
2824 1.000000 5
2827 -1.000000 3
2831 1.000000 4
2836 1.000000 5
2841 0.000000 5
2845 1.000000 4
2850 1.000000 5
2854 1.000000 4
2858 1.000000 4
2862 -1.000000 4
2867 0.000000 5
2871 1.000000 4
2875 1.000000 4
2878 1.000000 3
2882 -1.000000 4
2887 1.000000 5
2891 -1.000000 4
2895 -1.000000 4
2899 -1.000000 4
2904 1.000000 5
2909 1.000000 5
2913 -1.000000 4
2918 1.000000 5
2922 -1.000000 4
2926 -1.000000 4
2930 -1.000000 4
2934 -1.000000 4
2938 1.000000 4
2943 1.000000 5
2947 1.000000 4
2950 -1.000000 3
2954 -1.000000 4
2958 1.000000 4
2962 1.000000 4
2965 -1.000000 3
2969 1.000000 4
2973 1.000000 4
2977 1.000000 4
2981 1.000000 4
2985 1.000000 4
2989 1.000000 4
2992 1.000000 3
2996 1.000000 4
3001 1.000000 5
3005 -1.000000 4
3009 -1.000000 4
3014 1.000000 5
3018 1.000000 4
3021 -1.000000 3
3025 -1.000000 4
3028 -1.000000 3
3032 -1.000000 4
3037 1.000000 5
3041 1.000000 4
3045 1.000000 4
3049 1.000000 4
3054 1.000000 5
3058 -1.000000 4
3061 1.000000 3
3064 1.000000 3
3068 -1.000000 4
3072 1.000000 4
3076 -1.000000 4
3079 1.000000 3
3082 -1.000000 3
3086 1.000000 4
3090 -1.000000 4
3095 1.000000 5
3100 1.000000 5
3104 1.000000 4
3109 1.000000 5
3113 1.000000 4
3118 1.000000 5
3123 0.000000 5
3128 1.000000 5
3133 0.000000 5
3136 1.000000 3
3139 1.000000 3
3143 -1.000000 4
3147 -1.000000 4
3152 0.000000 5
3156 1.000000 4
3160 1.000000 4
3163 -1.000000 3
3168 1.000000 5
3171 1.000000 3
3176 1.000000 5
3179 -1.000000 3
3183 1.000000 4
3187 1.000000 4
3191 -1.000000 4
3195 1.000000 4
3200 1.000000 5
3204 -1.000000 4
3208 1.000000 4
3212 -1.000000 4
3215 1.000000 3
3220 1.000000 5
3225 1.000000 5
3230 0.000000 5
3235 1.000000 5
3239 1.000000 4
3243 -1.000000 4
3248 1.000000 5
3251 -1.000000 3
3255 -1.000000 4
3258 1.000000 3
3263 0.000000 5
3268 1.000000 5
3273 1.000000 5
3278 1.000000 5
3282 -1.000000 4
3287 1.000000 5
3292 1.000000 5
3296 1.000000 4
3300 1.000000 4
3303 1.000000 3
3307 -1.000000 4
3312 1.000000 5
3317 1.000000 5
3320 -1.000000 3
3323 -1.000000 3
3328 0.000000 5
3331 1.000000 3
3335 1.000000 4
3339 1.000000 4
3342 1.000000 3
3346 1.000000 4
3351 1.000000 5
3354 1.000000 3
3358 1.000000 4
3362 -1.000000 4
3366 -1.000000 4
3371 1.000000 5
3375 -1.000000 4
3380 1.000000 5
3384 -1.000000 4
3389 0.000000 5
3393 -1.000000 4
3396 -1.000000 3
3401 1.000000 5
3405 1.000000 4
3409 -1.000000 4
3412 1.000000 3
3416 1.000000 4
3419 1.000000 3
3424 0.000000 5
3428 -1.000000 4
3431 -1.000000 3
3436 1.000000 5
3441 0.000000 5
3444 -1.000000 3
3448 1.000000 4
3453 1.000000 5
3458 1.000000 5
3463 0.000000 5
3468 0.000000 5
3473 0.000000 5
3477 -1.000000 4
3482 1.000000 5
3486 -1.000000 4
3491 1.000000 5
3495 1.000000 4
3500 0.000000 5
3504 -1.000000 4
3508 -1.000000 4
3513 1.000000 5
3517 -1.000000 4
3521 1.000000 4
3525 -1.000000 4
3529 1.000000 4
3534 1.000000 5
3538 1.000000 4
3541 1.000000 3
3545 1.000000 4
3549 1.000000 4
3553 1.000000 4
3558 1.000000 5
3563 1.000000 5
3568 1.000000 5
3572 1.000000 4
3576 -1.000000 4
3580 -1.000000 4
3584 -1.000000 4
3587 -1.000000 3
3592 1.000000 5
3597 0.000000 5
3602 0.000000 5
3606 1.000000 4
3610 1.000000 4
3615 1.000000 5
3620 1.000000 5
3625 1.000000 5
3630 0.000000 5
3633 1.000000 3
3636 -1.000000 3
3640 1.000000 4
3644 -1.000000 4
3649 1.000000 5
3653 -1.000000 4
3657 1.000000 4
3661 1.000000 4
3665 1.000000 4
3670 0.000000 5
3675 0.000000 5
3678 1.000000 3
3683 1.000000 5
3687 -1.000000 4
3690 1.000000 3
3693 1.000000 3
3697 1.000000 4
3700 1.000000 3
3703 1.000000 3
3706 -1.000000 3
3711 0.000000 5
3715 1.000000 4
3719 -1.000000 4
3723 1.000000 4
3728 0.000000 5
3732 1.000000 4
3737 1.000000 5
3741 1.000000 4
3746 1.000000 5
3751 0.000000 5
3754 -1.000000 3
3758 1.000000 4
3762 -1.000000 4
3765 1.000000 3
3769 -1.000000 4
3774 1.000000 5
3779 0.000000 5
3783 1.000000 4
3787 1.000000 4
3791 1.000000 4
3796 1.000000 5
3799 1.000000 3
3804 0.000000 5
3808 -1.000000 4
3811 1.000000 3
3815 1.000000 4
3819 -1.000000 4
3822 1.000000 3
3825 -1.000000 3
3829 -1.000000 4
3834 1.000000 5
3838 -1.000000 4
3842 1.000000 4
3845 1.000000 3
3849 -1.000000 4
3854 1.000000 5
3858 1.000000 4
3862 -1.000000 4
3866 -1.000000 4
3871 1.000000 5
3875 -1.000000 4
3878 1.000000 3
3882 -1.000000 4
3887 1.000000 5
3892 1.000000 5
3896 -1.000000 4
3900 1.000000 4
3905 0.000000 5
3910 0.000000 5
3914 -1.000000 4
3918 -1.000000 4
3922 1.000000 4
3925 -1.000000 3
3929 1.000000 4
3933 1.000000 4
3938 0.000000 5
3942 1.000000 4
3947 0.000000 5
3952 1.000000 5
3956 1.000000 4
3960 1.000000 4
3965 0.000000 5
3968 -1.000000 3
3972 1.000000 4
3976 1.000000 4
3980 -1.000000 4
3983 1.000000 3
3988 1.000000 5
3992 1.000000 4
3996 -1.000000 4
4000 1.000000 4
4004 1.000000 4
4008 1.000000 4
4012 1.000000 4
4017 1.000000 5
4021 1.000000 4
4025 1.000000 4
4028 -1.000000 3
4032 1.000000 4
4037 1.000000 5
4042 1.000000 5
4046 1.000000 4
4050 1.000000 4
4053 1.000000 3
4058 0.000000 5
4061 1.000000 3
4066 0.000000 5
4070 1.000000 4
4073 1.000000 3
4077 1.000000 4
4081 1.000000 4
4084 1.000000 3
4088 -1.000000 4
4092 1.000000 4
4096 1.000000 4
4101 0.000000 5
4105 1.000000 4
4109 1.000000 4
4113 1.000000 4
4117 1.000000 4
4121 1.000000 4
4126 1.000000 5
4130 1.000000 4
4134 -1.000000 4
4137 1.000000 3
4142 1.000000 5
4146 1.000000 4
4150 -1.000000 4
4155 1.000000 5
4159 1.000000 4
4162 1.000000 3
4166 1.000000 4
4170 1.000000 4
4174 -1.000000 4
4178 -1.000000 4
4183 1.000000 5
4187 1.000000 4
4191 -1.000000 4
4196 0.000000 5
4199 1.000000 3
4202 -1.000000 3
4207 1.000000 5
4212 1.000000 5
4216 1.000000 4
4220 -1.000000 4
4225 0.000000 5
4229 1.000000 4
4232 -1.000000 3
4237 0.000000 5
4242 0.000000 5
4245 1.000000 3
4248 1.000000 3
4253 0.000000 5
4257 1.000000 4
4260 -1.000000 3
4265 1.000000 5
4270 1.000000 5
4274 -1.000000 4
4279 1.000000 5
4284 1.000000 5
4288 1.000000 4
4293 1.000000 5
4296 -1.000000 3
4300 -1.000000 4
4305 0.000000 5
4309 1.000000 4
4313 -1.000000 4
4317 1.000000 4
4321 -1.000000 4
4326 0.000000 5
4331 0.000000 5
4335 -1.000000 4
4338 1.000000 3
4342 1.000000 4
4346 1.000000 4
4349 1.000000 3
4352 1.000000 3
4356 1.000000 4
4360 -1.000000 4
4364 -1.000000 4
4368 1.000000 4
4372 1.000000 4
4376 1.000000 4
4380 1.000000 4
4384 -1.000000 4
4388 -1.000000 4
4392 -1.000000 4
4396 1.000000 4
4401 1.000000 5
4405 -1.000000 4
4408 1.000000 3
4412 -1.000000 4
4416 1.000000 4
4421 1.000000 5
4424 -1.000000 3
4428 -1.000000 4
4432 1.000000 4
4436 -1.000000 4
4441 0.000000 5
4444 -1.000000 3
4448 -1.000000 4
4453 1.000000 5
4457 1.000000 4
4462 0.000000 5
4466 -1.000000 4
4470 1.000000 4
4473 1.000000 3
4477 1.000000 4
4482 1.000000 5
4485 1.000000 3
4489 1.000000 4
4494 1.000000 5
4497 1.000000 3
4502 1.000000 5
4507 1.000000 5
4511 1.000000 4
4515 -1.000000 4
4519 -1.000000 4
4524 1.000000 5
4529 1.000000 5
4533 1.000000 4
4538 1.000000 5
4541 -1.000000 3
4546 1.000000 5
4550 -1.000000 4
4553 1.000000 3
4557 -1.000000 4
4561 1.000000 4
4565 1.000000 4
4568 1.000000 3
4571 -1.000000 3
4574 -1.000000 3
4578 1.000000 4
4583 0.000000 5
4586 -1.000000 3
4589 -1.000000 3
4593 1.000000 4
4596 1.000000 3
4601 1.000000 5
4605 1.000000 4
4610 0.000000 5
4615 1.000000 5
4619 1.000000 4
4623 1.000000 4
4626 1.000000 3
4630 -1.000000 4
4633 1.000000 3
4636 1.000000 3
4640 1.000000 4
4643 1.000000 3
4646 1.000000 3
4650 -1.000000 4
4654 1.000000 4
4657 1.000000 3
4662 1.000000 5
4666 1.000000 4
4671 1.000000 5
4676 0.000000 5
4681 0.000000 5
4684 -1.000000 3
4688 1.000000 4
4692 1.000000 4
4697 0.000000 5
4701 -1.000000 4
4706 1.000000 5
4710 -1.000000 4
4715 1.000000 5
4719 -1.000000 4
4722 1.000000 3
4726 1.000000 4
4730 -1.000000 4
4733 1.000000 3
4737 -1.000000 4
4740 -1.000000 3
4745 1.000000 5
4750 0.000000 5
4755 1.000000 5
4758 1.000000 3
4763 0.000000 5
4768 1.000000 5
4773 0.000000 5
4778 0.000000 5
4782 1.000000 4
4787 0.000000 5
4792 0.000000 5
4796 -1.000000 4
4801 1.000000 5
4806 1.000000 5
4809 1.000000 3
4812 -1.000000 3
4817 1.000000 5
4821 -1.000000 4
4824 1.000000 3
4827 -1.000000 3
4831 -1.000000 4
4835 1.000000 4
4839 -1.000000 4
4843 1.000000 4
4847 1.000000 4
4852 1.000000 5
4856 -1.000000 4
4859 1.000000 3
4862 -1.000000 3
4866 1.000000 4
4870 -1.000000 4
4874 -1.000000 4
4879 1.000000 5
4883 -1.000000 4
4888 1.000000 5
4893 1.000000 5
4896 1.000000 3
4900 -1.000000 4
4904 -1.000000 4
4909 0.000000 5
4913 1.000000 4
4916 1.000000 3
4920 -1.000000 4
4924 1.000000 4
4929 1.000000 5
4932 1.000000 3
4935 -1.000000 3
4939 -1.000000 4
4943 1.000000 4
4947 1.000000 4
4951 -1.000000 4
4955 1.000000 4
4960 1.000000 5
4964 -1.000000 4
4968 -1.000000 4
4973 1.000000 5
4978 1.000000 5
4983 1.000000 5
4988 1.000000 5
4992 1.000000 4
4996 1.000000 4
5000 1.000000 4
5004 -1.000000 4
5008 -1.000000 4
5012 1.000000 4
5015 -1.000000 3
5019 1.000000 4
5022 1.000000 3
5026 -1.000000 4
5029 1.000000 3
5034 1.000000 5
5038 1.000000 4
5042 -1.000000 4
5047 1.000000 5
5050 1.000000 3
5053 -1.000000 3
5058 0.000000 5
5063 1.000000 5
5067 -1.000000 4
5070 1.000000 3
5073 1.000000 3
5077 -1.000000 4
5080 1.000000 3
5085 0.000000 5
5089 -1.000000 4
5093 -1.000000 4
5097 1.000000 4
5102 1.000000 5
5105 -1.000000 3
5110 1.000000 5
5113 -1.000000 3
5118 1.000000 5
5122 1.000000 4
5126 -1.000000 4
5130 -1.000000 4
5135 1.000000 5
5138 1.000000 3
5142 1.000000 4
5146 -1.000000 4
5151 1.000000 5
5155 1.000000 4
5160 0.000000 5
5164 1.000000 4
5169 0.000000 5
5172 -1.000000 3
5177 1.000000 5
5182 1.000000 5
5186 1.000000 4
5190 1.000000 4
5194 -1.000000 4
5198 1.000000 4
5203 0.000000 5
5206 1.000000 3
5210 -1.000000 4
5215 1.000000 5
5220 1.000000 5
5224 1.000000 4
5229 1.000000 5
5233 1.000000 4
5237 -1.000000 4
5242 1.000000 5
5245 -1.000000 3
5249 1.000000 4
5253 -1.000000 4
5258 1.000000 5
5262 -1.000000 4
5266 1.000000 4
5270 -1.000000 4
5275 0.000000 5
5279 -1.000000 4
5283 -1.000000 4
5286 -1.000000 3
5290 1.000000 4
5295 0.000000 5
5300 0.000000 5
5304 1.000000 4
5309 1.000000 5
5313 -1.000000 4
5317 1.000000 4
5321 1.000000 4
5324 -1.000000 3
5329 0.000000 5
5334 0.000000 5
5339 1.000000 5
5343 1.000000 4
5348 0.000000 5
5351 1.000000 3
5356 0.000000 5
5360 1.000000 4
5363 -1.000000 3
5368 1.000000 5
5371 1.000000 3
5376 1.000000 5
5380 1.000000 4
5383 1.000000 3
5388 1.000000 5
5392 -1.000000 4
5397 1.000000 5
5401 1.000000 4
5406 1.000000 5
5411 1.000000 5
5416 0.000000 5
5421 1.000000 5
5425 -1.000000 4
5429 1.000000 4
5434 1.000000 5
5438 -1.000000 4
5442 1.000000 4
5446 -1.000000 4
5450 -1.000000 4
5454 1.000000 4
5458 1.000000 4
5463 1.000000 5
5466 1.000000 3
5470 1.000000 4
5475 1.000000 5
5479 1.000000 4
5484 0.000000 5
5488 1.000000 4
5491 -1.000000 3
5496 0.000000 5
5500 -1.000000 4
5504 1.000000 4
5509 0.000000 5
5512 -1.000000 3
5516 -1.000000 4
5520 -1.000000 4
5523 -1.000000 3
5526 1.000000 3
5530 1.000000 4
5534 -1.000000 4
5537 1.000000 3
5542 0.000000 5
5546 1.000000 4
5550 -1.000000 4
5553 1.000000 3
5558 0.000000 5
5562 1.000000 4
5565 1.000000 3
5570 1.000000 5
5575 1.000000 5
5578 1.000000 3
5582 1.000000 4
5586 -1.000000 4
5590 1.000000 4
5594 -1.000000 4
5598 1.000000 4
5601 -1.000000 3
5605 -1.000000 4
5609 1.000000 4
5612 1.000000 3
5617 1.000000 5
5621 1.000000 4
5625 1.000000 4
5628 -1.000000 3
5632 1.000000 4
5636 1.000000 4
5640 -1.000000 4
5645 1.000000 5
5650 1.000000 5
5654 1.000000 4
5657 -1.000000 3
5660 1.000000 3
5665 1.000000 5
5669 1.000000 4
5674 1.000000 5
5677 -1.000000 3
5681 1.000000 4
5686 1.000000 5
5689 -1.000000 3
5693 -1.000000 4
5697 1.000000 4
5701 -1.000000 4
5706 0.000000 5
5710 1.000000 4
5715 1.000000 5
5720 1.000000 5
5724 1.000000 4
5727 -1.000000 3
5731 1.000000 4
5734 1.000000 3
5738 -1.000000 4
5743 0.000000 5
5748 1.000000 5
5751 1.000000 3
5755 -1.000000 4
5760 0.000000 5
5764 -1.000000 4
5767 -1.000000 3
5771 1.000000 4
5776 0.000000 5
5780 -1.000000 4
5784 -1.000000 4
5787 1.000000 3
5791 -1.000000 4
5794 -1.000000 3
5798 -1.000000 4
5803 1.000000 5
5807 -1.000000 4
5811 1.000000 4
5814 1.000000 3
5819 1.000000 5
5824 0.000000 5
5828 1.000000 4
5832 1.000000 4
5837 0.000000 5
5842 0.000000 5
5846 -1.000000 4
5849 -1.000000 3
5854 1.000000 5
5858 -1.000000 4
5861 1.000000 3
5865 1.000000 4
5869 1.000000 4
5874 1.000000 5
5878 1.000000 4
5883 0.000000 5
5888 1.000000 5
5893 0.000000 5
5898 0.000000 5
5903 1.000000 5
5907 1.000000 4
5911 -1.000000 4
5916 1.000000 5
5921 1.000000 5
5924 1.000000 3
5929 0.000000 5
5932 -1.000000 3
5936 1.000000 4
5939 1.000000 3
5943 1.000000 4
5947 1.000000 4
5952 0.000000 5
5956 1.000000 4
5959 1.000000 3
5962 1.000000 3
5967 1.000000 5
5970 1.000000 3
5974 1.000000 4
5978 1.000000 4
5982 1.000000 4
5986 -1.000000 4
5991 0.000000 5
5995 -1.000000 4
6000 0.000000 5
6003 -1.000000 3
6006 1.000000 3
6010 -1.000000 4
6015 0.000000 5
6020 0.000000 5
6025 1.000000 5
6030 1.000000 5
6035 1.000000 5
6039 -1.000000 4
6044 1.000000 5
6049 1.000000 5
6053 -1.000000 4
6057 1.000000 4
6062 1.000000 5
6067 1.000000 5
6072 1.000000 5
6077 1.000000 5
6081 -1.000000 4
6085 1.000000 4
6090 1.000000 5
6093 1.000000 3
6097 -1.000000 4
6101 1.000000 4
6105 1.000000 4
6108 1.000000 3
6113 1.000000 5
6118 1.000000 5
6123 0.000000 5
6126 -1.000000 3
6130 -1.000000 4
6134 -1.000000 4
6139 0.000000 5
6143 1.000000 4
6147 1.000000 4
6152 1.000000 5
6156 -1.000000 4
6161 1.000000 5
6165 1.000000 4
6168 1.000000 3
6172 1.000000 4
6176 1.000000 4
6180 -1.000000 4
6184 -1.000000 4
6188 1.000000 4
6192 1.000000 4
6196 -1.000000 4
6201 1.000000 5
6206 1.000000 5
6210 1.000000 4
6214 -1.000000 4
6218 1.000000 4
6223 1.000000 5
6228 1.000000 5
6232 -1.000000 4
6235 -1.000000 3
6239 -1.000000 4
6244 1.000000 5
6247 -1.000000 3
6251 1.000000 4
6254 1.000000 3
6258 -1.000000 4
6262 1.000000 4
6266 1.000000 4
6270 -1.000000 4
6273 1.000000 3
6278 0.000000 5
6283 1.000000 5
6288 0.000000 5
6293 0.000000 5
6298 0.000000 5
6302 1.000000 4
6305 1.000000 3
6310 1.000000 5
6315 0.000000 5
6319 -1.000000 4
6323 1.000000 4
6327 1.000000 4
6330 -1.000000 3
6333 -1.000000 3
6337 1.000000 4
6342 1.000000 5
6345 1.000000 3
6349 1.000000 4
6352 -1.000000 3
6356 -1.000000 4
6360 -1.000000 4
6364 1.000000 4
6369 0.000000 5
6372 1.000000 3
6377 1.000000 5
6382 0.000000 5
6385 -1.000000 3
6390 1.000000 5
6393 1.000000 3
6397 -1.000000 4
6402 1.000000 5
6407 0.000000 5
6412 0.000000 5
6417 1.000000 5
6421 1.000000 4
6426 1.000000 5
6429 1.000000 3
6432 1.000000 3
6437 1.000000 5
6441 1.000000 4
6446 1.000000 5
6450 -1.000000 4
6455 1.000000 5
6459 1.000000 4
6463 1.000000 4
6467 -1.000000 4
6472 1.000000 5
6477 1.000000 5
6482 0.000000 5
6486 1.000000 4
6491 1.000000 5
6495 -1.000000 4
6499 1.000000 4
6503 -1.000000 4
6508 0.000000 5
6512 1.000000 4
6515 1.000000 3
6519 -1.000000 4
6523 1.000000 4
6526 -1.000000 3
6530 -1.000000 4
6535 0.000000 5
6539 1.000000 4
6543 -1.000000 4
6547 -1.000000 4
6552 0.000000 5
6557 1.000000 5
6562 1.000000 5
6566 1.000000 4
6570 1.000000 4
6574 1.000000 4
6579 1.000000 5
6583 -1.000000 4
6586 -1.000000 3
6590 -1.000000 4
6594 1.000000 4
6599 0.000000 5
6604 0.000000 5
6608 1.000000 4
6613 1.000000 5
6618 0.000000 5
6622 1.000000 4
6627 1.000000 5
6631 1.000000 4
6636 1.000000 5
6641 1.000000 5
6644 -1.000000 3
6648 -1.000000 4
6651 -1.000000 3
6656 0.000000 5
6659 1.000000 3
6663 1.000000 4
6668 0.000000 5
6673 0.000000 5
6678 1.000000 5
6681 -1.000000 3
6685 -1.000000 4
6689 1.000000 4
6693 -1.000000 4
6697 1.000000 4
6702 1.000000 5
6707 1.000000 5
6710 -1.000000 3
6714 -1.000000 4
6719 1.000000 5
6724 1.000000 5
6728 -1.000000 4
6733 1.000000 5
6738 1.000000 5
6742 1.000000 4
6747 1.000000 5
6750 1.000000 3
6754 1.000000 4
6758 1.000000 4
6762 1.000000 4
6766 1.000000 4
6770 1.000000 4
6775 1.000000 5
6780 1.000000 5
6784 1.000000 4
6788 -1.000000 4
6793 1.000000 5
6798 0.000000 5
6802 -1.000000 4
6806 -1.000000 4
6809 1.000000 3
6813 -1.000000 4
6817 1.000000 4
6822 0.000000 5
6827 1.000000 5
6831 1.000000 4
6835 1.000000 4
6839 1.000000 4
6843 1.000000 4
6848 0.000000 5
6853 1.000000 5
6858 0.000000 5
6863 1.000000 5
6868 1.000000 5
6872 -1.000000 4
6875 -1.000000 3
6878 -1.000000 3
6882 -1.000000 4
6887 1.000000 5
6891 -1.000000 4
6894 -1.000000 3
6898 -1.000000 4
6903 1.000000 5
6907 1.000000 4
6911 1.000000 4
6914 1.000000 3
6918 -1.000000 4
6922 -1.000000 4
6926 1.000000 4
6931 1.000000 5
6935 1.000000 4
6940 1.000000 5
6944 1.000000 4
6949 1.000000 5
6953 1.000000 4
6958 1.000000 5
6962 -1.000000 4
6965 1.000000 3
6969 1.000000 4
6973 -1.000000 4
6976 1.000000 3
6980 1.000000 4
6984 -1.000000 4
6989 1.000000 5
6994 0.000000 5
6999 0.000000 5
7004 0.000000 5
7009 0.000000 5
7013 1.000000 4
7016 1.000000 3
7020 -1.000000 4
7024 1.000000 4
7028 1.000000 4
7033 1.000000 5
7036 1.000000 3
7040 -1.000000 4
7044 1.000000 4
7048 1.000000 4
7052 1.000000 4
7055 -1.000000 3
7060 1.000000 5
7065 0.000000 5
7069 1.000000 4
7074 1.000000 5
7078 1.000000 4
7082 1.000000 4
7086 1.000000 4
7091 0.000000 5
7096 1.000000 5
7100 1.000000 4
7104 -1.000000 4
7109 1.000000 5
7113 -1.000000 4
7118 1.000000 5
7122 1.000000 4
7126 -1.000000 4
7131 0.000000 5
7135 1.000000 4
7140 0.000000 5
7144 1.000000 4
7148 -1.000000 4
7152 1.000000 4
7156 1.000000 4
7160 -1.000000 4
7163 1.000000 3
7167 1.000000 4
7170 1.000000 3
7175 0.000000 5
7180 1.000000 5
7185 1.000000 5
7188 -1.000000 3
7192 -1.000000 4
7196 1.000000 4
7201 1.000000 5
7205 -1.000000 4
7209 -1.000000 4
7214 0.000000 5
7219 1.000000 5
7223 1.000000 4
7227 -1.000000 4
7231 1.000000 4
7236 0.000000 5
7241 1.000000 5
7246 1.000000 5
7251 0.000000 5
7254 1.000000 3
7258 -1.000000 4
7261 -1.000000 3
7265 1.000000 4
7268 1.000000 3
7273 1.000000 5
7277 1.000000 4
7281 1.000000 4
7286 1.000000 5
7290 1.000000 4
7295 0.000000 5
7298 1.000000 3
7303 1.000000 5
7307 1.000000 4
7312 1.000000 5
7316 -1.000000 4
7320 1.000000 4
7324 1.000000 4
7328 -1.000000 4
7331 1.000000 3
7334 -1.000000 3
7338 1.000000 4
7343 1.000000 5
7347 1.000000 4
7351 1.000000 4
7355 1.000000 4
7358 1.000000 3
7361 1.000000 3
7365 1.000000 4
7370 0.000000 5
7374 -1.000000 4
7379 0.000000 5
7384 1.000000 5
7389 1.000000 5
7393 1.000000 4
7397 1.000000 4
7401 1.000000 4
7405 1.000000 4
7409 1.000000 4
7413 1.000000 4
7417 1.000000 4
7420 1.000000 3
7425 1.000000 5
7430 0.000000 5
7435 0.000000 5
7438 1.000000 3
7443 1.000000 5
7447 1.000000 4
7450 1.000000 3
7454 -1.000000 4
7457 1.000000 3
7461 -1.000000 4
7464 1.000000 3
7467 -1.000000 3
7471 -1.000000 4
7474 -1.000000 3
7478 1.000000 4
7482 1.000000 4
7486 -1.000000 4
7490 1.000000 4
7495 1.000000 5
7498 -1.000000 3
7502 -1.000000 4
7507 0.000000 5
7510 -1.000000 3
7514 -1.000000 4
7518 1.000000 4
7521 -1.000000 3
7526 1.000000 5
7529 -1.000000 3
7534 0.000000 5
7538 1.000000 4
7542 1.000000 4
7547 0.000000 5
7552 1.000000 5
7556 -1.000000 4
7560 1.000000 4
7564 -1.000000 4
7569 0.000000 5
7574 1.000000 5
7579 1.000000 5
7583 -1.000000 4
7588 1.000000 5
7592 1.000000 4
7596 -1.000000 4
7600 -1.000000 4
7604 -1.000000 4
7607 1.000000 3
7612 0.000000 5
7616 -1.000000 4
7619 1.000000 3
7623 -1.000000 4
7628 1.000000 5
7632 -1.000000 4
7635 1.000000 3
7639 -1.000000 4
7644 0.000000 5
7649 1.000000 5
7653 -1.000000 4
7657 1.000000 4
7662 0.000000 5
7666 1.000000 4
7670 1.000000 4
7674 -1.000000 4
7678 -1.000000 4
7681 -1.000000 3
7684 -1.000000 3
7689 1.000000 5
7694 1.000000 5
7698 -1.000000 4
7703 1.000000 5
7707 -1.000000 4
7710 1.000000 3
7713 1.000000 3
7718 1.000000 5
7722 1.000000 4
7725 -1.000000 3
7730 0.000000 5
7735 1.000000 5
7739 -1.000000 4
7743 1.000000 4
7748 1.000000 5
7752 1.000000 4
7757 1.000000 5
7760 -1.000000 3
7763 1.000000 3
7766 1.000000 3
7771 1.000000 5
7775 1.000000 4
7778 1.000000 3
7782 1.000000 4
7786 -1.000000 4
7791 1.000000 5
7795 1.000000 4
7800 0.000000 5
7803 1.000000 3
7806 -1.000000 3
7811 1.000000 5
7814 -1.000000 3
7819 0.000000 5
7823 1.000000 4
7827 -1.000000 4
7832 1.000000 5
7837 1.000000 5
7841 -1.000000 4
7845 -1.000000 4
7850 1.000000 5
7854 -1.000000 4
7857 -1.000000 3
7862 0.000000 5
7866 -1.000000 4
7871 1.000000 5
7874 -1.000000 3
7878 1.000000 4
7882 1.000000 4
7886 -1.000000 4
7891 1.000000 5
7896 1.000000 5
7901 1.000000 5
7906 0.000000 5
7910 1.000000 4
7914 -1.000000 4
7918 -1.000000 4
7923 1.000000 5
7928 1.000000 5
7932 -1.000000 4
7937 1.000000 5
7942 0.000000 5
7946 1.000000 4
7950 1.000000 4
7954 1.000000 4
7959 1.000000 5
7963 1.000000 4
7967 1.000000 4
7971 -1.000000 4
7975 1.000000 4
7978 1.000000 3
7982 1.000000 4
7986 -1.000000 4
7989 1.000000 3
7993 -1.000000 4
7997 -1.000000 4
8001 1.000000 4
8004 1.000000 3
8008 1.000000 4
8013 0.000000 5
8017 1.000000 4
8022 0.000000 5
8027 1.000000 5
8031 -1.000000 4
8035 1.000000 4
8040 0.000000 5
8045 1.000000 5
8050 1.000000 5
8054 -1.000000 4
8058 1.000000 4
8063 1.000000 5
8068 1.000000 5
8073 0.000000 5
8077 -1.000000 4
8080 1.000000 3
8085 0.000000 5
8089 -1.000000 4
8094 0.000000 5
8098 -1.000000 4
8103 0.000000 5
8108 1.000000 5
8112 -1.000000 4
8117 1.000000 5
8121 1.000000 4
8126 1.000000 5
8130 1.000000 4
8135 1.000000 5
8139 1.000000 4
8142 -1.000000 3
8146 -1.000000 4
8149 1.000000 3
8152 1.000000 3
8157 1.000000 5
8162 1.000000 5
8166 -1.000000 4
8171 1.000000 5
8175 1.000000 4
8180 1.000000 5
8185 1.000000 5
8189 1.000000 4
8193 1.000000 4
8198 1.000000 5
8202 1.000000 4
8206 -1.000000 4
8211 1.000000 5
8215 1.000000 4
8219 -1.000000 4
8223 1.000000 4
8228 1.000000 5
8233 1.000000 5
8237 -1.000000 4
8240 1.000000 3
8243 -1.000000 3
8247 1.000000 4
8251 1.000000 4
8254 1.000000 3
8258 1.000000 4
8262 -1.000000 4
8267 1.000000 5
8270 1.000000 3
8273 1.000000 3
8278 1.000000 5
8281 1.000000 3
8285 1.000000 4
8289 1.000000 4
8294 1.000000 5
8298 -1.000000 4
8302 -1.000000 4
8306 -1.000000 4
8310 1.000000 4
8314 1.000000 4
8319 1.000000 5
8323 1.000000 4
8327 1.000000 4
8331 1.000000 4
8334 1.000000 3
8337 1.000000 3
8341 1.000000 4
8346 1.000000 5
8350 1.000000 4
8354 1.000000 4
8358 -1.000000 4
8361 1.000000 3
8366 1.000000 5
8371 0.000000 5
8375 1.000000 4
8378 1.000000 3
8382 1.000000 4
8386 -1.000000 4
8391 1.000000 5
8395 -1.000000 4
8399 -1.000000 4
8402 -1.000000 3
8405 1.000000 3
8410 0.000000 5
8414 1.000000 4
8419 1.000000 5
8423 -1.000000 4
8428 1.000000 5
8432 1.000000 4
8435 1.000000 3
8439 -1.000000 4
8443 1.000000 4
8448 1.000000 5
8453 0.000000 5
8457 1.000000 4
8462 0.000000 5
8465 -1.000000 3
8469 1.000000 4
8473 -1.000000 4
8476 -1.000000 3
8479 1.000000 3
8484 1.000000 5
8488 1.000000 4
8491 1.000000 3
8496 0.000000 5
8500 1.000000 4
8504 1.000000 4
8507 1.000000 3
8512 1.000000 5
8517 0.000000 5
8522 0.000000 5
8525 1.000000 3
8529 -1.000000 4
8533 -1.000000 4
8537 1.000000 4
8541 1.000000 4
8545 1.000000 4
8550 1.000000 5
8554 -1.000000 4
8558 1.000000 4
8563 1.000000 5
8567 1.000000 4
8572 1.000000 5
8575 1.000000 3
8580 0.000000 5
8585 1.000000 5
8590 1.000000 5
8594 -1.000000 4
8599 0.000000 5
8603 1.000000 4
8607 1.000000 4
8612 1.000000 5
8617 0.000000 5
8622 1.000000 5
8626 -1.000000 4
8631 0.000000 5
8636 1.000000 5
8639 1.000000 3
8644 0.000000 5
8649 0.000000 5
8653 1.000000 4
8656 -1.000000 3
8659 -1.000000 3
8664 0.000000 5
8667 -1.000000 3
8672 0.000000 5
8675 -1.000000 3
8679 1.000000 4
8684 0.000000 5
8687 1.000000 3
8691 1.000000 4
8695 1.000000 4
8698 1.000000 3
8701 1.000000 3
8704 -1.000000 3
8708 1.000000 4
8712 1.000000 4
8717 1.000000 5
8720 1.000000 3
8724 -1.000000 4
8727 -1.000000 3
8732 0.000000 5
8737 0.000000 5
8740 1.000000 3
8745 0.000000 5
8749 1.000000 4
8752 1.000000 3
8756 1.000000 4
8760 1.000000 4
8764 -1.000000 4
8767 1.000000 3
8771 1.000000 4
8775 -1.000000 4
8779 1.000000 4
8782 1.000000 3
8786 -1.000000 4
8791 1.000000 5
8795 1.000000 4
8799 1.000000 4
8803 1.000000 4
8807 1.000000 4
8812 0.000000 5
8816 1.000000 4
8820 1.000000 4
8825 1.000000 5
8828 1.000000 3
8832 1.000000 4
8835 1.000000 3
8838 -1.000000 3
8842 1.000000 4
8846 -1.000000 4
8850 1.000000 4
8854 1.000000 4
8858 -1.000000 4
8862 -1.000000 4
8865 -1.000000 3
8870 1.000000 5
8874 1.000000 4
8878 1.000000 4
8882 1.000000 4
8887 1.000000 5
8892 1.000000 5
8896 -1.000000 4
8900 -1.000000 4
8905 0.000000 5
8910 0.000000 5
8913 -1.000000 3
8918 1.000000 5
8922 1.000000 4
8926 -1.000000 4
8930 -1.000000 4
8933 -1.000000 3
8937 -1.000000 4
8942 1.000000 5
8946 -1.000000 4
8950 1.000000 4
8953 1.000000 3
8957 1.000000 4
8961 1.000000 4
8966 0.000000 5
8970 1.000000 4
8974 1.000000 4
8979 0.000000 5
8983 1.000000 4
8988 0.000000 5
8992 1.000000 4
8997 1.000000 5
9001 -1.000000 4
9004 -1.000000 3
9008 -1.000000 4
9012 -1.000000 4
9016 1.000000 4
9020 -1.000000 4
9023 -1.000000 3
9027 -1.000000 4
9030 -1.000000 3
9033 -1.000000 3
9038 0.000000 5
9043 1.000000 5
9047 -1.000000 4
9051 1.000000 4
9054 1.000000 3
9058 -1.000000 4
9063 1.000000 5
9067 1.000000 4
9071 1.000000 4
9076 1.000000 5
9080 -1.000000 4
9084 1.000000 4
9089 0.000000 5
9094 0.000000 5
9099 1.000000 5
9103 1.000000 4
9107 -1.000000 4
9111 -1.000000 4
9116 1.000000 5
9120 -1.000000 4
9125 1.000000 5
9130 0.000000 5
9135 1.000000 5
9139 -1.000000 4
9144 1.000000 5
9148 -1.000000 4
9153 1.000000 5
9157 -1.000000 4
9160 1.000000 3
9164 1.000000 4
9168 -1.000000 4
9172 1.000000 4
9177 1.000000 5
9182 1.000000 5
9187 0.000000 5
9190 1.000000 3
9194 1.000000 4
9198 1.000000 4
9202 -1.000000 4
9207 1.000000 5
9210 -1.000000 3
9213 -1.000000 3
9217 1.000000 4
9222 1.000000 5
9227 1.000000 5
9230 -1.000000 3
9233 1.000000 3
9236 1.000000 3
9240 1.000000 4
9245 0.000000 5
9248 1.000000 3
9253 1.000000 5
9258 1.000000 5
9262 -1.000000 4
9265 1.000000 3
9269 1.000000 4
9273 1.000000 4
9277 -1.000000 4
9281 -1.000000 4
9286 1.000000 5
9290 -1.000000 4
9293 1.000000 3
9297 -1.000000 4
9302 0.000000 5
9306 -1.000000 4
9310 1.000000 4
9314 -1.000000 4
9318 1.000000 4
9323 1.000000 5
9327 1.000000 4
9331 -1.000000 4
9335 1.000000 4
9340 0.000000 5
9344 1.000000 4
9348 1.000000 4
9353 1.000000 5
9357 1.000000 4
9362 1.000000 5
9366 1.000000 4
9369 -1.000000 3
9373 1.000000 4
9377 -1.000000 4
9381 1.000000 4
9386 1.000000 5
9390 1.000000 4
9394 -1.000000 4
9399 1.000000 5
9403 1.000000 4
9408 1.000000 5
9411 1.000000 3
9414 1.000000 3
9419 1.000000 5
9424 0.000000 5
9428 1.000000 4
9433 0.000000 5
9436 -1.000000 3
9439 1.000000 3
9444 1.000000 5
9447 1.000000 3
9451 1.000000 4
9454 -1.000000 3
9458 -1.000000 4
9462 1.000000 4
9467 0.000000 5
9472 1.000000 5
9476 -1.000000 4
9481 1.000000 5
9485 -1.000000 4
9488 1.000000 3
9492 1.000000 4
9497 1.000000 5
9500 1.000000 3
9504 1.000000 4
9508 1.000000 4
9511 -1.000000 3
9515 1.000000 4
9520 1.000000 5
9523 -1.000000 3
9528 1.000000 5
9531 -1.000000 3
9536 1.000000 5
9540 -1.000000 4
9545 1.000000 5
9549 1.000000 4
9554 1.000000 5
9559 1.000000 5
9563 1.000000 4
9566 -1.000000 3
9570 1.000000 4
9573 1.000000 3
9578 0.000000 5
9582 1.000000 4
9587 0.000000 5
9591 -1.000000 4
9595 1.000000 4
9598 1.000000 3
9603 1.000000 5
9608 1.000000 5
9611 -1.000000 3
9615 -1.000000 4
9620 1.000000 5
9623 1.000000 3
9627 -1.000000 4
9631 1.000000 4
9636 0.000000 5
9641 1.000000 5
9645 1.000000 4
9650 0.000000 5
9653 -1.000000 3
9656 1.000000 3
9660 -1.000000 4
9664 1.000000 4
9669 0.000000 5
9672 1.000000 3
9675 1.000000 3
9679 -1.000000 4
9684 1.000000 5
9688 1.000000 4
9691 -1.000000 3
9695 -1.000000 4
9700 0.000000 5
9705 0.000000 5
9710 1.000000 5
9715 1.000000 5
9720 0.000000 5
9724 1.000000 4
9728 1.000000 4
9732 1.000000 4
9736 -1.000000 4
9739 1.000000 3
9744 0.000000 5
9749 1.000000 5
9753 -1.000000 4
9756 -1.000000 3
9761 1.000000 5
9764 1.000000 3
9768 -1.000000 4
9772 -1.000000 4
9776 1.000000 4
9781 0.000000 5
9786 1.000000 5
9791 1.000000 5
9795 1.000000 4
9799 -1.000000 4
9802 1.000000 3
9805 1.000000 3
9810 1.000000 5
9814 1.000000 4
9819 0.000000 5
9822 1.000000 3
9826 -1.000000 4
9830 1.000000 4
9835 0.000000 5
9840 1.000000 5
9843 -1.000000 3
9847 -1.000000 4
9852 1.000000 5
9856 -1.000000 4
9859 1.000000 3
9864 1.000000 5
9869 0.000000 5
9873 1.000000 4
9878 1.000000 5
9883 1.000000 5
9887 -1.000000 4
9890 1.000000 3
9895 0.000000 5
9899 -1.000000 4
9903 1.000000 4
9908 0.000000 5
9912 -1.000000 4
9916 -1.000000 4
9921 0.000000 5
9925 -1.000000 4
9930 1.000000 5
9935 1.000000 5
9940 0.000000 5
9943 1.000000 3
9948 0.000000 5
9953 1.000000 5
9957 1.000000 4
9961 1.000000 4
9964 -1.000000 3
9968 -1.000000 4
9972 1.000000 4
9975 -1.000000 3
9980 1.000000 5
9984 -1.000000 4
9988 1.000000 4
9991 1.000000 3
9996 1.000000 5
10000 -1.000000 4
10004 -1.000000 4
10007 -1.000000 3
10011 1.000000 4
10014 1.000000 3
10019 1.000000 5
10024 1.000000 5
10028 -1.000000 4
10033 1.000000 5
10037 -1.000000 4
10042 0.000000 5
10046 1.000000 4
10051 0.000000 5
10056 1.000000 5
10060 1.000000 4
10065 0.000000 5
10069 -1.000000 4
10074 0.000000 5
10078 -1.000000 4
10083 0.000000 5
10087 -1.000000 4
10091 1.000000 4
10096 1.000000 5
10100 -1.000000 4
10104 1.000000 4
10108 -1.000000 4
10112 -1.000000 4
10117 1.000000 5
10121 -1.000000 4
10125 -1.000000 4
10129 1.000000 4
10134 0.000000 5
10139 1.000000 5
10143 1.000000 4
10147 1.000000 4
10151 1.000000 4
10156 1.000000 5
10159 -1.000000 3
10163 -1.000000 4
10167 -1.000000 4
10172 1.000000 5
10177 1.000000 5
10182 0.000000 5
10187 0.000000 5
10191 -1.000000 4
10196 0.000000 5
10201 1.000000 5
10204 -1.000000 3
10209 1.000000 5
10212 -1.000000 3
10217 1.000000 5
10222 0.000000 5
10226 1.000000 4
10231 1.000000 5
10234 -1.000000 3
10237 -1.000000 3
10240 -1.000000 3
10244 1.000000 4
10249 1.000000 5
10254 0.000000 5
10258 -1.000000 4
10262 1.000000 4
10267 1.000000 5
10271 -1.000000 4
10275 -1.000000 4
10280 1.000000 5
10285 1.000000 5
10289 -1.000000 4
10293 -1.000000 4
10298 1.000000 5
10303 0.000000 5
10307 -1.000000 4
10311 1.000000 4
10315 1.000000 4
10318 1.000000 3
10323 0.000000 5
10327 1.000000 4
10332 1.000000 5
10337 0.000000 5
10342 1.000000 5
10346 -1.000000 4
10351 0.000000 5
10356 1.000000 5
10360 1.000000 4
10364 1.000000 4
10368 1.000000 4
10373 0.000000 5
10378 1.000000 5
10383 0.000000 5
10388 1.000000 5
10391 -1.000000 3
10396 0.000000 5
10400 1.000000 4
10404 -1.000000 4
10409 0.000000 5
10413 1.000000 4
10417 -1.000000 4
10421 -1.000000 4
10424 -1.000000 3
10429 1.000000 5
10434 1.000000 5
10438 -1.000000 4
10442 -1.000000 4
10447 1.000000 5
10451 -1.000000 4
10456 1.000000 5
10461 0.000000 5
10465 1.000000 4
10470 1.000000 5
10474 -1.000000 4
10478 -1.000000 4
10483 1.000000 5
10487 -1.000000 4
10490 -1.000000 3
10495 1.000000 5
10499 -1.000000 4
10504 1.000000 5
10508 1.000000 4
10513 1.000000 5
10518 1.000000 5
10522 1.000000 4
10527 1.000000 5
10532 1.000000 5
10536 -1.000000 4
10540 -1.000000 4
10544 1.000000 4
10549 0.000000 5
10553 1.000000 4
10557 -1.000000 4
10562 0.000000 5
10566 1.000000 4
10570 -1.000000 4
10574 1.000000 4
10579 0.000000 5
10584 0.000000 5
10589 0.000000 5
10593 1.000000 4
10598 1.000000 5
10603 1.000000 5
10607 -1.000000 4
10611 -1.000000 4
10616 1.000000 5
10620 1.000000 4
10625 1.000000 5
10630 1.000000 5
10634 -1.000000 4
10639 0.000000 5
10643 1.000000 4
10647 1.000000 4
10651 1.000000 4
10655 1.000000 4
10660 1.000000 5
10664 1.000000 4
10669 0.000000 5
10672 -1.000000 3
10676 1.000000 4
10681 1.000000 5
10685 1.000000 4
10689 -1.000000 4
10694 1.000000 5
10698 1.000000 4
10703 0.000000 5
10707 -1.000000 4
10711 -1.000000 4
10716 1.000000 5
10719 -1.000000 3
10722 1.000000 3
10726 1.000000 4
10731 1.000000 5
10736 0.000000 5
10740 1.000000 4
10744 -1.000000 4
10749 0.000000 5
10754 0.000000 5
10759 1.000000 5
10763 -1.000000 4
10768 0.000000 5
10772 1.000000 4
10777 1.000000 5
10782 1.000000 5
10785 -1.000000 3
10790 1.000000 5
10794 1.000000 4
10798 -1.000000 4
10802 1.000000 4
10807 1.000000 5
10811 -1.000000 4
10816 1.000000 5
10820 -1.000000 4
10824 1.000000 4
10829 1.000000 5
10834 1.000000 5
10838 -1.000000 4
10843 1.000000 5
10846 1.000000 3
10850 1.000000 4
10854 -1.000000 4
10857 1.000000 3
10862 1.000000 5
10866 -1.000000 4
10870 1.000000 4
10874 1.000000 4
10879 1.000000 5
10883 -1.000000 4
10887 1.000000 4
10890 -1.000000 3
10894 1.000000 4
10898 -1.000000 4
10903 0.000000 5
10907 1.000000 4
10911 1.000000 4
10915 1.000000 4
10920 0.000000 5
10925 1.000000 5
10928 -1.000000 3
10932 1.000000 4
10937 1.000000 5
10942 0.000000 5
10946 1.000000 4
10949 -1.000000 3
10953 -1.000000 4
10956 -1.000000 3
10960 -1.000000 4
10963 -1.000000 3
10968 0.000000 5
10972 -1.000000 4
10977 1.000000 5
10981 1.000000 4
10984 -1.000000 3
10989 1.000000 5
10993 -1.000000 4
10998 1.000000 5
11002 1.000000 4
11007 1.000000 5
11012 0.000000 5
11016 1.000000 4
11021 1.000000 5
11025 1.000000 4
11030 1.000000 5
11035 0.000000 5
11040 0.000000 5
11044 1.000000 4
11047 -1.000000 3
11051 -1.000000 4
11055 1.000000 4
11059 1.000000 4
11063 -1.000000 4
11067 1.000000 4
11071 1.000000 4
11075 1.000000 4
11079 1.000000 4
11084 1.000000 5
11089 1.000000 5
11093 1.000000 4
11097 -1.000000 4
11102 0.000000 5
11106 1.000000 4
11111 1.000000 5
11116 0.000000 5
11121 1.000000 5
11126 0.000000 5
11130 1.000000 4
11133 -1.000000 3
11136 -1.000000 3
11140 1.000000 4
11145 0.000000 5
11149 1.000000 4
11153 -1.000000 4
11156 -1.000000 3
11160 1.000000 4
11165 1.000000 5
11169 -1.000000 4
11174 1.000000 5
11179 0.000000 5
11183 -1.000000 4
11188 0.000000 5
11192 1.000000 4
11196 1.000000 4
11199 -1.000000 3
11204 1.000000 5
11209 1.000000 5
11214 1.000000 5
11219 0.000000 5
11224 1.000000 5
11229 1.000000 5
11234 1.000000 5
11239 0.000000 5
11242 -1.000000 3
11247 1.000000 5
11252 1.000000 5
11257 0.000000 5
11262 1.000000 5
11267 0.000000 5
11270 -1.000000 3
11275 0.000000 5
11280 1.000000 5
11285 0.000000 5
11290 1.000000 5
11294 -1.000000 4
11297 -1.000000 3
11301 -1.000000 4
11306 1.000000 5
11311 1.000000 5
11316 0.000000 5
11319 -1.000000 3
11323 1.000000 4
11328 0.000000 5
11332 -1.000000 4
11337 1.000000 5
11342 1.000000 5
11346 1.000000 4
11351 1.000000 5
11355 1.000000 4
11359 -1.000000 4
11363 -1.000000 4
11366 1.000000 3
11371 0.000000 5
11376 1.000000 5
11381 0.000000 5
11385 1.000000 4
11389 -1.000000 4
11393 -1.000000 4
11397 -1.000000 4
11400 1.000000 3
11403 -1.000000 3
11407 1.000000 4
11412 0.000000 5
11417 0.000000 5
11421 -1.000000 4
11425 -1.000000 4
11429 -1.000000 4
11433 1.000000 4
11437 1.000000 4
11441 -1.000000 4
11444 -1.000000 3
11448 1.000000 4
11452 1.000000 4
11456 -1.000000 4
11461 0.000000 5
11465 1.000000 4
11470 1.000000 5
11474 -1.000000 4
11477 -1.000000 3
11481 1.000000 4
11485 -1.000000 4
11489 1.000000 4
11492 -1.000000 3
11497 1.000000 5
11501 1.000000 4
11506 0.000000 5
11510 -1.000000 4
11515 1.000000 5
11520 0.000000 5
11525 1.000000 5
11530 0.000000 5
11535 1.000000 5
11540 0.000000 5
11544 1.000000 4
11549 1.000000 5
11554 1.000000 5
11559 1.000000 5
11563 1.000000 4
11568 0.000000 5
11573 1.000000 5
11576 -1.000000 3
11579 -1.000000 3
11583 -1.000000 4
11588 1.000000 5
11593 1.000000 5
11598 1.000000 5
11603 0.000000 5
11608 1.000000 5
11611 -1.000000 3
11615 1.000000 4
11618 -1.000000 3
11622 1.000000 4
11626 1.000000 4
11631 1.000000 5
11635 -1.000000 4
11638 1.000000 3
11642 -1.000000 4
11646 -1.000000 4
11650 -1.000000 4
11655 1.000000 5
11658 -1.000000 3
11662 -1.000000 4
11667 0.000000 5
11672 1.000000 5
11677 0.000000 5
11681 -1.000000 4
11685 1.000000 4
11690 0.000000 5
11694 -1.000000 4
11698 1.000000 4
11702 1.000000 4
11707 1.000000 5
11711 1.000000 4
11715 1.000000 4
11719 -1.000000 4
11723 -1.000000 4
11728 1.000000 5
11733 1.000000 5
11738 1.000000 5
11743 1.000000 5
11747 1.000000 4
11751 -1.000000 4
11755 1.000000 4
11760 1.000000 5
11764 1.000000 4
11767 -1.000000 3
11772 1.000000 5
11776 1.000000 4
11780 -1.000000 4
11785 1.000000 5
11789 1.000000 4
11793 -1.000000 4
11797 1.000000 4
11800 -1.000000 3
11804 -1.000000 4
11808 -1.000000 4
11812 1.000000 4
11816 -1.000000 4
11820 1.000000 4
11824 1.000000 4
11828 -1.000000 4
11832 1.000000 4
11837 0.000000 5
11842 1.000000 5
11846 1.000000 4
11849 -1.000000 3
11854 1.000000 5
11858 1.000000 4
11862 -1.000000 4
11866 -1.000000 4
11870 -1.000000 4
11874 -1.000000 4
11878 1.000000 4
11883 0.000000 5
11887 -1.000000 4
11892 1.000000 5
11896 1.000000 4
11901 1.000000 5
11905 -1.000000 4
11909 1.000000 4
11913 1.000000 4
11917 1.000000 4
11922 0.000000 5
11927 1.000000 5
11931 -1.000000 4
11935 1.000000 4
11938 -1.000000 3
11942 -1.000000 4
11947 0.000000 5
11950 1.000000 3
11954 -1.000000 4
11959 0.000000 5
11964 1.000000 5
11968 -1.000000 4
11972 1.000000 4
11977 1.000000 5
11982 0.000000 5
11986 -1.000000 4
11991 1.000000 5
11995 1.000000 4
11999 1.000000 4
12002 -1.000000 3
12006 -1.000000 4
12009 -1.000000 3
12014 1.000000 5
12018 1.000000 4
12022 1.000000 4
12026 1.000000 4
12031 1.000000 5
12035 1.000000 4
12040 1.000000 5
12045 0.000000 5
12050 1.000000 5
12053 -1.000000 3
12058 1.000000 5
12063 1.000000 5
12067 1.000000 4
12071 -1.000000 4
12076 1.000000 5
12080 1.000000 4
12085 0.000000 5
12090 1.000000 5
12095 0.000000 5
12100 0.000000 5
12103 -1.000000 3
12108 0.000000 5
12113 1.000000 5
12118 0.000000 5
12122 -1.000000 4
12127 1.000000 5
12132 0.000000 5
12135 -1.000000 3
12139 1.000000 4
12144 1.000000 5
12149 1.000000 5
12153 1.000000 4
12157 1.000000 4
12161 -1.000000 4
12165 -1.000000 4
12168 -1.000000 3
12172 1.000000 4
12177 0.000000 5
12181 1.000000 4
12186 1.000000 5
12191 0.000000 5
12196 1.000000 5
12200 1.000000 4
12204 1.000000 4
12209 0.000000 5
12213 -1.000000 4
12216 1.000000 3
12221 1.000000 5
12226 0.000000 5
12230 1.000000 4
12234 -1.000000 4
12239 1.000000 5
12244 1.000000 5
12249 1.000000 5
12253 -1.000000 4
12258 1.000000 5
12261 -1.000000 3
12265 1.000000 4
12268 1.000000 3
12273 1.000000 5
12277 1.000000 4
12282 1.000000 5
12286 1.000000 4
12290 1.000000 4
12295 1.000000 5
12300 1.000000 5
12304 1.000000 4
12308 -1.000000 4
12313 0.000000 5
12317 -1.000000 4
12322 1.000000 5
12325 -1.000000 3
12329 1.000000 4
12333 -1.000000 4
12338 0.000000 5
12343 1.000000 5
12348 1.000000 5
12352 -1.000000 4
12356 -1.000000 4
12361 0.000000 5
12366 1.000000 5
12371 1.000000 5
12376 1.000000 5
12381 0.000000 5
12384 -1.000000 3
12387 -1.000000 3
12391 1.000000 4
12394 -1.000000 3
12398 1.000000 4
12402 1.000000 4
12406 -1.000000 4
12409 -1.000000 3
12413 1.000000 4
12418 0.000000 5
12421 -1.000000 3
12426 0.000000 5
12431 1.000000 5
12435 -1.000000 4
12438 -1.000000 3
12442 -1.000000 4
12446 -1.000000 4
12451 1.000000 5
12455 -1.000000 4
12460 0.000000 5
12464 -1.000000 4
12468 -1.000000 4
12472 1.000000 4
12476 -1.000000 4
12480 1.000000 4
12484 1.000000 4
12488 -1.000000 4
12493 1.000000 5
12496 -1.000000 3
12500 -1.000000 4
12505 1.000000 5
12509 1.000000 4
12514 1.000000 5
12518 1.000000 4
12523 0.000000 5
12527 -1.000000 4
12531 -1.000000 4
12535 -1.000000 4
12539 -1.000000 4
12543 -1.000000 4
12548 1.000000 5
12553 0.000000 5
12557 1.000000 4
12562 0.000000 5
12565 -1.000000 3
12570 1.000000 5
12575 1.000000 5
12580 1.000000 5
12584 -1.000000 4
12588 -1.000000 4
12592 -1.000000 4
12596 -1.000000 4
12601 1.000000 5
12605 1.000000 4
12609 -1.000000 4
12613 1.000000 4
12618 1.000000 5
12623 1.000000 5
12627 1.000000 4
12631 1.000000 4
12635 -1.000000 4
12639 1.000000 4
12643 -1.000000 4
12648 1.000000 5
12653 0.000000 5
12657 1.000000 4
12661 1.000000 4
12665 -1.000000 4
12670 1.000000 5
12673 1.000000 3
12676 -1.000000 3
12680 -1.000000 4
12685 1.000000 5
12690 1.000000 5
12695 1.000000 5
12698 -1.000000 3
12702 1.000000 4
12707 0.000000 5
12711 -1.000000 4
12715 -1.000000 4
12718 -1.000000 3
12722 -1.000000 4
12726 -1.000000 4
12730 1.000000 4
12734 -1.000000 4
12738 1.000000 4
12742 -1.000000 4
12747 1.000000 5
12752 1.000000 5
12756 1.000000 4
12761 1.000000 5
12765 -1.000000 4
12770 1.000000 5
12774 -1.000000 4
12779 1.000000 5
12783 -1.000000 4
12787 1.000000 4
12791 -1.000000 4
12796 1.000000 5
12800 1.000000 4
12805 0.000000 5
12810 1.000000 5
12814 1.000000 4
12818 -1.000000 4
12822 1.000000 4
12827 1.000000 5
12831 1.000000 4
12834 -1.000000 3
12838 1.000000 4
12842 1.000000 4
12847 1.000000 5
12852 1.000000 5
12856 1.000000 4
12861 1.000000 5
12865 -1.000000 4
12869 -1.000000 4
12872 1.000000 3
12877 0.000000 5
12882 0.000000 5
12886 1.000000 4
12890 -1.000000 4
12895 1.000000 5
12899 1.000000 4
12904 1.000000 5
12909 1.000000 5
12913 1.000000 4
12918 1.000000 5
12922 -1.000000 4
12926 1.000000 4
12930 1.000000 4
12935 1.000000 5
12939 1.000000 4
12944 1.000000 5
12948 -1.000000 4
12953 1.000000 5
12958 0.000000 5
12961 1.000000 3
12966 0.000000 5
12971 1.000000 5
12976 1.000000 5
12981 0.000000 5
12985 -1.000000 4
12989 1.000000 4
12993 -1.000000 4
12998 0.000000 5
13003 1.000000 5
13008 1.000000 5
13013 0.000000 5
13017 1.000000 4
13021 -1.000000 4
13025 -1.000000 4
13030 1.000000 5
13035 1.000000 5
13040 0.000000 5
13045 1.000000 5
13049 -1.000000 4
13053 1.000000 4
13057 1.000000 4
13062 1.000000 5
13066 1.000000 4
13071 1.000000 5
13075 -1.000000 4
13079 -1.000000 4
13084 1.000000 5
13089 1.000000 5
13092 1.000000 3
13097 1.000000 5
13100 -1.000000 3
13104 1.000000 4
13108 1.000000 4
13113 0.000000 5
13118 1.000000 5
13122 -1.000000 4
13127 0.000000 5
13131 -1.000000 4
13136 1.000000 5
13141 0.000000 5
13146 0.000000 5
13151 0.000000 5
13155 -1.000000 4
13159 1.000000 4
13163 1.000000 4
13167 1.000000 4
13171 -1.000000 4
13176 1.000000 5
13179 1.000000 3
13183 1.000000 4
13187 1.000000 4
13190 -1.000000 3
13195 1.000000 5
13200 1.000000 5
13205 1.000000 5
13210 1.000000 5
13214 1.000000 4
13219 1.000000 5
13224 1.000000 5
13228 1.000000 4
13233 1.000000 5
13237 -1.000000 4
13241 1.000000 4
13245 -1.000000 4
13250 0.000000 5
13254 1.000000 4
13258 -1.000000 4
13262 -1.000000 4
13267 0.000000 5
13271 -1.000000 4
13275 1.000000 4
13279 -1.000000 4
13284 1.000000 5
13287 -1.000000 3
13291 -1.000000 4
13295 -1.000000 4
13299 1.000000 4
13303 -1.000000 4
13307 1.000000 4
13311 -1.000000 4
13316 0.000000 5
13320 -1.000000 4
13325 1.000000 5
13328 -1.000000 3
13331 1.000000 3
13336 0.000000 5
13341 1.000000 5
13346 1.000000 5
13351 1.000000 5
13354 -1.000000 3
13359 1.000000 5
13364 0.000000 5
13368 1.000000 4
13373 1.000000 5
13378 1.000000 5
13383 1.000000 5
13388 1.000000 5
13392 1.000000 4
13397 1.000000 5
13401 1.000000 4
13405 1.000000 4
13408 -1.000000 3
13412 1.000000 4
13417 0.000000 5
13421 -1.000000 4
13426 1.000000 5
13430 -1.000000 4
13435 1.000000 5
13438 -1.000000 3
13443 0.000000 5
13447 1.000000 4
13451 -1.000000 4
13455 -1.000000 4
13459 -1.000000 4
13463 -1.000000 4
13467 1.000000 4
13470 -1.000000 3
13474 -1.000000 4
13478 -1.000000 4
13482 -1.000000 4
13487 1.000000 5
13491 1.000000 4
13495 1.000000 4
13499 -1.000000 4
13504 1.000000 5
13509 1.000000 5
13514 1.000000 5
13518 -1.000000 4
13523 1.000000 5
13527 1.000000 4
13531 -1.000000 4
13536 1.000000 5
13541 0.000000 5
13545 -1.000000 4
13550 0.000000 5
13555 1.000000 5
13560 1.000000 5
13563 -1.000000 3
13567 -1.000000 4
13572 1.000000 5
13577 1.000000 5
13581 -1.000000 4
13585 1.000000 4
13590 0.000000 5
13595 1.000000 5
13600 0.000000 5
13605 1.000000 5
13609 -1.000000 4
13613 1.000000 4
13617 -1.000000 4
13621 1.000000 4
13625 -1.000000 4
13629 -1.000000 4
13634 0.000000 5
13638 1.000000 4
13642 1.000000 4
13646 -1.000000 4
13650 -1.000000 4
13653 -1.000000 3
13657 1.000000 4
13662 0.000000 5
13666 1.000000 4
13670 1.000000 4
13675 0.000000 5
13678 -1.000000 3
13682 1.000000 4
13686 -1.000000 4
13690 -1.000000 4
13694 -1.000000 4
13698 1.000000 4
13702 -1.000000 4
13705 -1.000000 3
13709 1.000000 4
13713 1.000000 4
13717 -1.000000 4
13722 1.000000 5
13727 1.000000 5
13731 -1.000000 4
13736 1.000000 5
13741 0.000000 5
13745 1.000000 4
13749 1.000000 4
13753 1.000000 4
13758 1.000000 5
13762 -1.000000 4
13766 1.000000 4
13770 -1.000000 4
13774 -1.000000 4
13779 1.000000 5
13782 -1.000000 3
13787 1.000000 5
13790 -1.000000 3
13795 0.000000 5
13799 1.000000 4
13803 1.000000 4
13806 -1.000000 3
13810 1.000000 4
13815 1.000000 5
13819 1.000000 4
13824 1.000000 5
13828 1.000000 4
13832 1.000000 4
13836 -1.000000 4
13840 1.000000 4
13844 -1.000000 4
13848 -1.000000 4
13852 1.000000 4
13856 1.000000 4
13860 -1.000000 4
13865 1.000000 5
13870 1.000000 5
13875 0.000000 5
13879 1.000000 4
13883 1.000000 4
13886 -1.000000 3
13891 0.000000 5
13894 -1.000000 3
13898 1.000000 4
13902 -1.000000 4
13905 -1.000000 3
13910 0.000000 5
13915 1.000000 5
13920 1.000000 5
13924 -1.000000 4
13929 1.000000 5
13933 1.000000 4
13938 1.000000 5
13942 1.000000 4
13946 -1.000000 4
13950 -1.000000 4
13954 -1.000000 4
13959 1.000000 5
13963 1.000000 4
13967 -1.000000 4
13971 1.000000 4
13976 0.000000 5
13980 1.000000 4
13984 -1.000000 4
13987 -1.000000 3
13992 0.000000 5
13997 0.000000 5
14002 1.000000 5
14007 1.000000 5
14012 0.000000 5
14016 1.000000 4
14021 1.000000 5
14025 -1.000000 4
14029 1.000000 4
14034 1.000000 5
14038 -1.000000 4
14042 1.000000 4
14046 -1.000000 4
14050 -1.000000 4
14054 1.000000 4
14058 1.000000 4
14062 -1.000000 4
14065 -1.000000 3
14069 1.000000 4
14073 -1.000000 4
14078 1.000000 5
14083 1.000000 5
14088 1.000000 5
14092 1.000000 4
14096 -1.000000 4
14100 1.000000 4
14105 1.000000 5
14109 1.000000 4
14113 -1.000000 4
14118 0.000000 5
14122 1.000000 4
14127 0.000000 5
14132 1.000000 5
14135 1.000000 3
14139 1.000000 4
14143 1.000000 4
14147 1.000000 4
14151 1.000000 4
14155 1.000000 4
14159 1.000000 4
14164 0.000000 5
14169 1.000000 5
14173 1.000000 4
14178 1.000000 5
14182 1.000000 4
14187 0.000000 5
14192 1.000000 5
14195 -1.000000 3
14200 1.000000 5
14203 -1.000000 3
14206 -1.000000 3
14211 1.000000 5
14215 1.000000 4
14219 -1.000000 4
14224 1.000000 5
14229 1.000000 5
14233 -1.000000 4
14238 1.000000 5
14243 1.000000 5
14246 -1.000000 3
14251 1.000000 5
14254 -1.000000 3
14259 1.000000 5
14264 1.000000 5
14268 1.000000 4
14272 1.000000 4
14276 -1.000000 4
14280 -1.000000 4
14283 -1.000000 3
14288 1.000000 5
14293 1.000000 5
14298 1.000000 5
14303 1.000000 5
14308 1.000000 5
14313 1.000000 5
14318 1.000000 5
14323 0.000000 5
14326 -1.000000 3
14330 1.000000 4
14335 0.000000 5
14340 1.000000 5
14344 1.000000 4
14348 1.000000 4
14351 -1.000000 3
14356 1.000000 5
14361 0.000000 5
14366 1.000000 5
14370 -1.000000 4
14374 1.000000 4
14378 -1.000000 4
14383 1.000000 5
14387 1.000000 4
14391 -1.000000 4
14396 1.000000 5
14401 1.000000 5
14405 1.000000 4
14409 1.000000 4
14413 -1.000000 4
14417 1.000000 4
14421 1.000000 4
14426 1.000000 5
14430 -1.000000 4
14434 -1.000000 4
14438 -1.000000 4
14442 1.000000 4
14446 1.000000 4
14451 0.000000 5
14456 1.000000 5
14461 0.000000 5
14465 1.000000 4
14469 -1.000000 4
14474 1.000000 5
14478 1.000000 4
14482 1.000000 4
14486 -1.000000 4
14491 1.000000 5
14495 1.000000 4
14499 1.000000 4
14504 1.000000 5
14509 1.000000 5
14513 1.000000 4
14518 1.000000 5
14522 -1.000000 4
14526 1.000000 4
14531 1.000000 5
14534 -1.000000 3
14537 -1.000000 3
14541 1.000000 4
14546 1.000000 5
14550 -1.000000 4
14555 0.000000 5
14559 1.000000 4
14562 -1.000000 3
14567 0.000000 5
14572 1.000000 5
14576 1.000000 4
14580 1.000000 4
14584 1.000000 4
14588 -1.000000 4
14592 -1.000000 4
14596 1.000000 4
14600 1.000000 4
14605 1.000000 5
14609 -1.000000 4
14613 -1.000000 4
14617 -1.000000 4
14621 -1.000000 4
14626 0.000000 5
14631 0.000000 5
14635 1.000000 4
14640 1.000000 5
14645 1.000000 5
14649 1.000000 4
14654 1.000000 5
14658 1.000000 4
14661 -1.000000 3
14665 1.000000 4
14670 1.000000 5
14674 -1.000000 4
14678 1.000000 4
14683 1.000000 5
14687 -1.000000 4
14690 -1.000000 3
14694 1.000000 4
14699 1.000000 5
14703 1.000000 4
14708 0.000000 5
14712 1.000000 4
14717 1.000000 5
14722 0.000000 5
14727 1.000000 5
14731 1.000000 4
14734 1.000000 3
14738 -1.000000 4
14742 1.000000 4
14747 0.000000 5
14751 -1.000000 4
14756 1.000000 5
14759 -1.000000 3
14763 -1.000000 4
14767 1.000000 4
14772 1.000000 5
14776 1.000000 4
14781 0.000000 5
14786 0.000000 5
14790 1.000000 4
14794 1.000000 4
14799 1.000000 5
14803 -1.000000 4
14808 0.000000 5
14812 -1.000000 4
14816 -1.000000 4
14820 1.000000 4
14824 -1.000000 4
14829 0.000000 5
14833 -1.000000 4
14837 -1.000000 4
14841 -1.000000 4
14845 -1.000000 4
14850 1.000000 5
14853 -1.000000 3
14857 -1.000000 4
14862 1.000000 5
14866 1.000000 4
14870 1.000000 4
14875 1.000000 5
14880 1.000000 5
14883 -1.000000 3
14888 1.000000 5
14893 1.000000 5
14896 -1.000000 3
14900 -1.000000 4
14905 1.000000 5
14910 0.000000 5
14914 1.000000 4
14918 -1.000000 4
14923 0.000000 5
14927 -1.000000 4
14931 -1.000000 4
14935 -1.000000 4
14940 0.000000 5
14945 1.000000 5
14950 0.000000 5
14953 -1.000000 3
14958 1.000000 5
14963 0.000000 5
14967 -1.000000 4
14971 -1.000000 4
14975 -1.000000 4
14979 -1.000000 4
14984 0.000000 5
14988 1.000000 4
14993 0.000000 5
14997 -1.000000 4
15001 1.000000 4
15006 1.000000 5
15010 1.000000 4
15015 0.000000 5
15020 1.000000 5
15024 -1.000000 4
15028 1.000000 4
15032 -1.000000 4
15036 -1.000000 4
15039 -1.000000 3
15044 0.000000 5
15048 -1.000000 4
15052 -1.000000 4
15055 -1.000000 3
15059 1.000000 4
15062 -1.000000 3
15067 1.000000 5
15070 -1.000000 3
15075 1.000000 5
15079 1.000000 4
15083 1.000000 4
15087 1.000000 4
15090 -1.000000 3
15094 1.000000 4
15098 -1.000000 4
15103 0.000000 5
15108 1.000000 5
15112 1.000000 4
15116 1.000000 4
15121 0.000000 5
15125 -1.000000 4
15130 0.000000 5
15134 1.000000 4
15138 1.000000 4
15141 -1.000000 3
15145 1.000000 4
15150 0.000000 5
15154 -1.000000 4
15159 1.000000 5
15163 1.000000 4
15168 1.000000 5
15172 1.000000 4
15177 0.000000 5
15182 1.000000 5
15185 -1.000000 3
15189 -1.000000 4
15194 0.000000 5
15198 1.000000 4
15202 -1.000000 4
15206 -1.000000 4
15210 -1.000000 4
15214 1.000000 4
15219 1.000000 5
15224 1.000000 5
15229 1.000000 5
15232 -1.000000 3
15237 0.000000 5
15242 0.000000 5
15247 1.000000 5
15251 1.000000 4
15255 1.000000 4
15260 1.000000 5
15264 -1.000000 4
15268 -1.000000 4
15273 1.000000 5
15278 0.000000 5
15283 1.000000 5
15288 0.000000 5
15292 1.000000 4
15297 1.000000 5
15301 -1.000000 4
15305 1.000000 4
15309 -1.000000 4
15313 1.000000 4
15318 0.000000 5
15322 -1.000000 4
15326 1.000000 4
15330 1.000000 4
15335 1.000000 5
15340 0.000000 5
15344 -1.000000 4
15348 1.000000 4
15353 1.000000 5
15358 1.000000 5
15363 1.000000 5
15367 -1.000000 4
15372 0.000000 5
15376 1.000000 4
15380 1.000000 4
15384 -1.000000 4
15388 -1.000000 4
15391 -1.000000 3
15395 -1.000000 4
15399 1.000000 4
15404 1.000000 5
15409 0.000000 5
15414 1.000000 5
15417 -1.000000 3
15421 1.000000 4
15425 1.000000 4
15429 1.000000 4
15433 1.000000 4
15437 1.000000 4
15441 -1.000000 4
15445 1.000000 4
15450 0.000000 5
15455 0.000000 5
15460 1.000000 5
15465 1.000000 5
15470 1.000000 5
15474 -1.000000 4
15478 1.000000 4
15483 1.000000 5
15488 0.000000 5
15492 -1.000000 4
15496 -1.000000 4
15500 1.000000 4
15503 -1.000000 3
15507 -1.000000 4
15511 1.000000 4
15514 1.000000 3
15518 1.000000 4
15522 1.000000 4
15526 1.000000 4
15529 1.000000 3
15534 1.000000 5
15539 1.000000 5
15543 -1.000000 4
15546 -1.000000 3
15550 1.000000 4
15555 1.000000 5
15560 1.000000 5
15565 1.000000 5
15570 0.000000 5
15575 1.000000 5
15579 1.000000 4
15583 -1.000000 4
15586 -1.000000 3
15589 -1.000000 3
15594 0.000000 5
15598 -1.000000 4
15603 1.000000 5
15608 1.000000 5
15611 -1.000000 3
15615 1.000000 4
15619 1.000000 4
15624 1.000000 5
15628 1.000000 4
15632 1.000000 4
15636 1.000000 4
15640 -1.000000 4
15644 -1.000000 4
15648 1.000000 4
15652 -1.000000 4
15657 1.000000 5
15662 1.000000 5
15667 1.000000 5
15672 0.000000 5
15676 -1.000000 4
15680 1.000000 4
15684 -1.000000 4
15689 0.000000 5
15693 -1.000000 4
15698 1.000000 5
15701 -1.000000 3
15705 -1.000000 4
15709 1.000000 4
15714 1.000000 5
15719 1.000000 5
15723 -1.000000 4
15728 1.000000 5
15732 -1.000000 4
15736 -1.000000 4
15741 1.000000 5
15745 -1.000000 4
15749 1.000000 4
15753 -1.000000 4
15758 1.000000 5
15762 1.000000 4
15767 1.000000 5
15771 1.000000 4
15776 1.000000 5
15780 1.000000 4
15784 1.000000 4
15788 -1.000000 4
15792 -1.000000 4
15797 1.000000 5
15801 1.000000 4
15806 1.000000 5
15810 1.000000 4
15814 -1.000000 4
15817 -1.000000 3
15821 1.000000 4
15826 1.000000 5
15830 1.000000 4
15835 1.000000 5
15838 -1.000000 3
15842 1.000000 4
15846 1.000000 4
15850 1.000000 4
15855 1.000000 5
15859 -1.000000 4
15864 1.000000 5
15868 -1.000000 4
15873 0.000000 5
15877 -1.000000 4
15882 0.000000 5
15887 1.000000 5
15892 0.000000 5
15895 -1.000000 3
15900 1.000000 5
15903 -1.000000 3
15907 1.000000 4
15911 -1.000000 4
15916 0.000000 5
15920 1.000000 4
15924 -1.000000 4
15927 1.000000 3
15932 0.000000 5
15937 1.000000 5
15942 0.000000 5
15945 -1.000000 3
15949 -1.000000 4
15954 1.000000 5
15959 0.000000 5
15964 1.000000 5
15968 1.000000 4
15972 -1.000000 4
15976 -1.000000 4
15980 -1.000000 4
15985 1.000000 5
15989 1.000000 4
15994 0.000000 5
15997 1.000000 3
16001 1.000000 4
16006 1.000000 5
16010 1.000000 4
16015 1.000000 5
16019 1.000000 4
16024 1.000000 5
16029 1.000000 5
16032 -1.000000 3
16036 1.000000 4
16040 -1.000000 4
16045 1.000000 5
16050 1.000000 5
16054 1.000000 4
16059 1.000000 5
16063 -1.000000 4
16066 1.000000 3
16070 1.000000 4
16074 -1.000000 4
16079 1.000000 5
16084 1.000000 5
16088 1.000000 4
16092 -1.000000 4
16096 1.000000 4
16100 -1.000000 4
16104 -1.000000 4
16108 1.000000 4
16112 -1.000000 4
16116 1.000000 4
16119 -1.000000 3
16123 1.000000 4
16128 1.000000 5
16132 1.000000 4
16136 1.000000 4
16140 -1.000000 4
16144 1.000000 4
16149 1.000000 5
16154 0.000000 5
16159 1.000000 5
16163 1.000000 4
16167 -1.000000 4
16172 1.000000 5
16176 -1.000000 4
16180 -1.000000 4
16184 1.000000 4
16188 1.000000 4
16193 0.000000 5
16197 -1.000000 4
16201 1.000000 4
16205 -1.000000 4
16209 1.000000 4
16213 -1.000000 4
16217 -1.000000 4
16221 1.000000 4
16225 -1.000000 4
16229 -1.000000 4
16234 0.000000 5
16239 1.000000 5
16244 1.000000 5
16248 1.000000 4
16252 -1.000000 4
16256 -1.000000 4
16259 -1.000000 3
16262 -1.000000 3
16267 1.000000 5
16271 -1.000000 4
16276 0.000000 5
16281 1.000000 5
16284 -1.000000 3
16288 1.000000 4
16292 1.000000 4
16296 -1.000000 4
16301 1.000000 5
16305 -1.000000 4
16310 1.000000 5
16314 1.000000 4
16319 1.000000 5
16323 -1.000000 4
16327 -1.000000 4
16331 1.000000 4
16335 1.000000 4
16339 -1.000000 4
16343 -1.000000 4
16347 -1.000000 4
16352 1.000000 5
16356 -1.000000 4
16360 -1.000000 4
16364 -1.000000 4
16367 -1.000000 3
16372 1.000000 5
16376 -1.000000 4
16381 0.000000 5
16385 -1.000000 4
16389 1.000000 4
16393 -1.000000 4
16398 1.000000 5
16402 -1.000000 4
16406 -1.000000 4
16410 1.000000 4
16414 -1.000000 4
16418 1.000000 4
16423 1.000000 5
16428 0.000000 5
16432 1.000000 4
16436 1.000000 4
16440 1.000000 4
16444 -1.000000 4
16448 1.000000 4
16452 -1.000000 4
16457 0.000000 5
16461 1.000000 4
16465 -1.000000 4
16469 -1.000000 4
16473 1.000000 4
16478 1.000000 5
16481 -1.000000 3
16485 -1.000000 4
16489 1.000000 4
16493 1.000000 4
16498 0.000000 5
16502 -1.000000 4
16506 -1.000000 4
16510 -1.000000 4
16514 -1.000000 4
16519 1.000000 5
16523 -1.000000 4
16528 1.000000 5
16533 0.000000 5
16537 -1.000000 4
16541 1.000000 4
16546 1.000000 5
16550 -1.000000 4
16554 -1.000000 4
16559 1.000000 5
16564 1.000000 5
16569 1.000000 5
16573 -1.000000 4
16578 0.000000 5
16581 -1.000000 3
16586 0.000000 5
16591 1.000000 5
16595 -1.000000 4
16600 1.000000 5
16605 0.000000 5
16609 1.000000 4
16613 -1.000000 4
16617 -1.000000 4
16622 0.000000 5
16626 1.000000 4
16631 0.000000 5
16634 -1.000000 3
16638 -1.000000 4
16642 1.000000 4
16646 -1.000000 4
16650 1.000000 4
16655 0.000000 5
16660 1.000000 5
16664 1.000000 4
16669 1.000000 5
16674 1.000000 5
16678 -1.000000 4
16682 -1.000000 4
16687 0.000000 5
16691 -1.000000 4
16696 0.000000 5
16700 1.000000 4
16704 1.000000 4
16708 1.000000 4
16712 -1.000000 4
16716 1.000000 4
16721 0.000000 5
16726 1.000000 5
16729 1.000000 3
16733 -1.000000 4
16737 1.000000 4
16741 1.000000 4
16745 1.000000 4
16749 1.000000 4
16753 1.000000 4
16757 -1.000000 4
16761 1.000000 4
16765 -1.000000 4
16769 -1.000000 4
16773 1.000000 4
16778 1.000000 5
16783 1.000000 5
16788 1.000000 5
16792 1.000000 4
16797 1.000000 5
16800 -1.000000 3
16805 1.000000 5
16809 1.000000 4
16813 1.000000 4
16817 -1.000000 4
16821 1.000000 4
16826 1.000000 5
16830 -1.000000 4
16835 1.000000 5
16839 -1.000000 4
16843 -1.000000 4
16847 -1.000000 4
16851 -1.000000 4
16854 1.000000 3
16858 1.000000 4
16863 0.000000 5
16867 -1.000000 4
16872 1.000000 5
16876 1.000000 4
16881 1.000000 5
16886 1.000000 5
16890 1.000000 4
16894 -1.000000 4
16898 -1.000000 4
16901 -1.000000 3
16906 1.000000 5
16910 -1.000000 4
16915 0.000000 5
16919 -1.000000 4
16924 1.000000 5
16929 1.000000 5
16933 1.000000 4
16938 1.000000 5
16942 1.000000 4
16946 1.000000 4
16949 -1.000000 3
16953 -1.000000 4
16957 -1.000000 4
16961 1.000000 4
16965 1.000000 4
16969 1.000000 4
16973 1.000000 4
16977 1.000000 4
16981 -1.000000 4
16985 -1.000000 4
16988 -1.000000 3
16992 1.000000 4
16997 0.000000 5
17001 -1.000000 4
17005 -1.000000 4
17010 1.000000 5
17014 1.000000 4
17018 1.000000 4
17022 -1.000000 4
17026 -1.000000 4
17030 -1.000000 4
17034 -1.000000 4
17039 0.000000 5
17043 -1.000000 4
17047 1.000000 4
17051 -1.000000 4
17056 1.000000 5
17061 1.000000 5
17065 1.000000 4
17070 1.000000 5
17074 -1.000000 4
17079 1.000000 5
17084 1.000000 5
17088 1.000000 4
17093 0.000000 5
17097 1.000000 4
17101 1.000000 4
17105 1.000000 4
17109 -1.000000 4
17114 1.000000 5
17118 -1.000000 4
17123 0.000000 5
17127 1.000000 4
17132 1.000000 5
17136 1.000000 4
17140 1.000000 4
17144 1.000000 4
17148 -1.000000 4
17153 1.000000 5
17158 1.000000 5
17163 0.000000 5
17167 1.000000 4
17172 1.000000 5
17176 -1.000000 4
17180 1.000000 4
17183 -1.000000 3
17187 1.000000 4
17191 -1.000000 4
17196 0.000000 5
17200 -1.000000 4
17205 0.000000 5
17208 -1.000000 3
17212 -1.000000 4
17217 1.000000 5
17220 -1.000000 3
17223 -1.000000 3
17227 -1.000000 4
17230 -1.000000 3
17233 -1.000000 3
17237 1.000000 4
17241 -1.000000 4
17246 1.000000 5
17251 1.000000 5
17255 1.000000 4
17259 1.000000 4
17263 -1.000000 4
17268 1.000000 5
17273 0.000000 5
17277 1.000000 4
17280 -1.000000 3
17284 -1.000000 4
17288 -1.000000 4
17292 -1.000000 4
17297 1.000000 5
17302 1.000000 5
17305 -1.000000 3
17308 -1.000000 3
17312 1.000000 4
17317 1.000000 5
17322 1.000000 5
17326 1.000000 4
17329 -1.000000 3
17333 -1.000000 4
17337 -1.000000 4
17341 1.000000 4
17345 -1.000000 4
17350 1.000000 5
17354 1.000000 4
17358 1.000000 4
17362 1.000000 4
17366 1.000000 4
17370 1.000000 4
17374 1.000000 4
17378 -1.000000 4
17382 -1.000000 4
17387 1.000000 5
17391 -1.000000 4
17395 1.000000 4
17399 -1.000000 4
17402 -1.000000 3
17406 -1.000000 4
17409 -1.000000 3
17414 1.000000 5
17418 -1.000000 4
17422 -1.000000 4
17425 -1.000000 3
17429 1.000000 4
17433 -1.000000 4
17436 -1.000000 3
17441 1.000000 5
17445 1.000000 4
17449 -1.000000 4
17453 1.000000 4
17458 1.000000 5
17462 -1.000000 4
17467 1.000000 5
17471 1.000000 4
17476 1.000000 5
17481 1.000000 5
17486 1.000000 5
17491 1.000000 5
17495 1.000000 4
17499 1.000000 4
17504 0.000000 5
17508 1.000000 4
17513 1.000000 5
17517 -1.000000 4
17521 1.000000 4
17524 -1.000000 3
17528 -1.000000 4
17532 1.000000 4
17537 1.000000 5
17542 1.000000 5
17546 1.000000 4
17550 1.000000 4
17553 -1.000000 3
17558 0.000000 5
17563 1.000000 5
17567 -1.000000 4
17571 -1.000000 4
17576 0.000000 5
17581 0.000000 5
17585 -1.000000 4
17590 1.000000 5
17594 -1.000000 4
17597 1.000000 3
17601 1.000000 4
17605 -1.000000 4
17609 -1.000000 4
17613 -1.000000 4
17617 -1.000000 4
17620 -1.000000 3
17624 1.000000 4
17628 1.000000 4
17633 1.000000 5
17638 1.000000 5
17642 1.000000 4
17646 1.000000 4
17649 -1.000000 3
17654 0.000000 5
17657 -1.000000 3
17662 1.000000 5
17666 1.000000 4
17671 1.000000 5
17676 1.000000 5
17679 1.000000 3
17683 -1.000000 4
17687 -1.000000 4
17691 1.000000 4
17696 1.000000 5
17699 -1.000000 3
17703 -1.000000 4
17708 1.000000 5
17713 1.000000 5
17717 1.000000 4
17721 1.000000 4
17726 0.000000 5
17731 0.000000 5
17736 0.000000 5
17741 0.000000 5
17745 -1.000000 4
17749 1.000000 4
17754 1.000000 5
17759 1.000000 5
17762 -1.000000 3
17765 -1.000000 3
17770 1.000000 5
17774 -1.000000 4
17778 -1.000000 4
17783 0.000000 5
17786 -1.000000 3
17790 -1.000000 4
17794 1.000000 4
17799 1.000000 5
17804 1.000000 5
17809 1.000000 5
17814 0.000000 5
17818 -1.000000 4
17822 1.000000 4
17825 -1.000000 3
17829 -1.000000 4
17834 1.000000 5
17839 1.000000 5
17843 -1.000000 4
17847 -1.000000 4
17851 1.000000 4
17856 0.000000 5
17860 -1.000000 4
17863 -1.000000 3
17868 0.000000 5
17872 1.000000 4
17875 -1.000000 3
17880 0.000000 5
17884 1.000000 4
17888 1.000000 4
17892 -1.000000 4
17896 -1.000000 4
17899 1.000000 3
17903 1.000000 4
17907 1.000000 4
17910 -1.000000 3
17914 1.000000 4
17917 -1.000000 3
17921 -1.000000 4
17925 1.000000 4
17929 1.000000 4
17934 1.000000 5
17938 1.000000 4
17942 1.000000 4
17945 -1.000000 3
17949 1.000000 4
17954 0.000000 5
17957 -1.000000 3
17962 1.000000 5
17967 0.000000 5
17971 1.000000 4
17975 -1.000000 4
17979 1.000000 4
17984 1.000000 5
17988 1.000000 4
17993 1.000000 5
17997 1.000000 4
18001 -1.000000 4
18005 1.000000 4
18010 0.000000 5
18013 -1.000000 3
18017 1.000000 4
18020 -1.000000 3
18024 -1.000000 4
18028 1.000000 4
18032 -1.000000 4
18037 1.000000 5
18041 1.000000 4
18045 -1.000000 4
18050 1.000000 5
18053 -1.000000 3
18058 1.000000 5
18063 1.000000 5
18067 -1.000000 4
18071 -1.000000 4
18075 1.000000 4
18079 1.000000 4
18084 1.000000 5
18088 1.000000 4
18092 -1.000000 4
18096 -1.000000 4
18101 0.000000 5
18106 1.000000 5
18110 1.000000 4
18114 -1.000000 4
18118 1.000000 4
18122 1.000000 4
18127 1.000000 5
18131 1.000000 4
18136 1.000000 5
18141 1.000000 5
18145 -1.000000 4
18149 -1.000000 4
18154 1.000000 5
18159 1.000000 5
18164 0.000000 5
18168 1.000000 4
18172 1.000000 4
18175 1.000000 3
18180 1.000000 5
18185 1.000000 5
18189 -1.000000 4
18194 1.000000 5
18199 0.000000 5
18204 0.000000 5
18207 -1.000000 3
18212 1.000000 5
18217 1.000000 5
18222 0.000000 5
18226 1.000000 4
18230 1.000000 4
18234 -1.000000 4
18239 1.000000 5
18243 -1.000000 4
18246 -1.000000 3
18250 1.000000 4
18253 -1.000000 3
18257 -1.000000 4
18261 1.000000 4
18265 -1.000000 4
18270 0.000000 5
18275 1.000000 5
18279 1.000000 4
18283 1.000000 4
18288 1.000000 5
18293 0.000000 5
18297 -1.000000 4
18302 1.000000 5
18306 -1.000000 4
18310 1.000000 4
18314 1.000000 4
18318 1.000000 4
18322 -1.000000 4
18326 -1.000000 4
18330 1.000000 4
18333 -1.000000 3
18337 1.000000 4
18341 1.000000 4
18345 1.000000 4
18349 -1.000000 4
18354 1.000000 5
18359 1.000000 5
18364 1.000000 5
18368 1.000000 4
18373 0.000000 5
18377 1.000000 4
18381 1.000000 4
18386 0.000000 5
18390 -1.000000 4
18394 1.000000 4
18399 0.000000 5
18403 1.000000 4
18408 0.000000 5
18411 -1.000000 3
18415 1.000000 4
18420 1.000000 5
18425 1.000000 5
18429 -1.000000 4
18434 1.000000 5
18439 1.000000 5
18444 1.000000 5
18449 1.000000 5
18454 1.000000 5
18458 1.000000 4
18461 -1.000000 3
18464 -1.000000 3
18469 1.000000 5
18473 -1.000000 4
18477 -1.000000 4
18481 1.000000 4
18486 1.000000 5
18490 -1.000000 4
18494 1.000000 4
18499 1.000000 5
18503 1.000000 4
18507 1.000000 4
18511 -1.000000 4
18515 -1.000000 4
18520 1.000000 5
18523 -1.000000 3
18528 1.000000 5
18532 -1.000000 4
18536 -1.000000 4
18540 -1.000000 4
18545 1.000000 5
18549 -1.000000 4
18554 0.000000 5
18558 -1.000000 4
18563 0.000000 5
18567 1.000000 4
18572 0.000000 5
18576 -1.000000 4
18581 0.000000 5
18584 1.000000 3
18587 -1.000000 3
18591 -1.000000 4
18595 1.000000 4
18599 1.000000 4
18604 0.000000 5
18608 -1.000000 4
18611 -1.000000 3
18616 1.000000 5
18621 1.000000 5
18626 1.000000 5
18631 0.000000 5
18636 1.000000 5
18640 -1.000000 4
18644 -1.000000 4
18648 -1.000000 4
18652 1.000000 4
18656 1.000000 4
18661 0.000000 5
18665 -1.000000 4
18670 0.000000 5
18673 -1.000000 3
18677 -1.000000 4
18681 1.000000 4
18686 0.000000 5
18691 1.000000 5
18696 1.000000 5
18701 1.000000 5
18705 -1.000000 4
18709 -1.000000 4
18714 1.000000 5
18718 -1.000000 4
18722 1.000000 4
18727 0.000000 5
18731 -1.000000 4
18735 -1.000000 4
18740 0.000000 5
18744 -1.000000 4
18748 -1.000000 4
18752 -1.000000 4
18757 1.000000 5
18761 1.000000 4
18765 -1.000000 4
18770 1.000000 5
18774 -1.000000 4
18779 1.000000 5
18784 1.000000 5
18787 1.000000 3
18792 1.000000 5
18796 1.000000 4
18800 1.000000 4
18805 0.000000 5
18809 1.000000 4
18814 1.000000 5
18818 -1.000000 4
18822 1.000000 4
18827 1.000000 5
18832 1.000000 5
18836 1.000000 4
18840 -1.000000 4
18845 0.000000 5
18849 1.000000 4
18854 0.000000 5
18859 0.000000 5
18863 -1.000000 4
18866 -1.000000 3
18871 1.000000 5
18875 -1.000000 4
18878 -1.000000 3
18882 -1.000000 4
18886 -1.000000 4
18890 -1.000000 4
18894 1.000000 4
18897 1.000000 3
18902 1.000000 5
18906 -1.000000 4
18910 1.000000 4
18914 1.000000 4
18919 1.000000 5
18923 1.000000 4
18927 1.000000 4
18931 1.000000 4
18934 -1.000000 3
18938 1.000000 4
18942 1.000000 4
18947 1.000000 5
18951 1.000000 4
18955 1.000000 4
18959 -1.000000 4
18963 -1.000000 4
18968 1.000000 5
18972 1.000000 4
18977 1.000000 5
18982 0.000000 5
18985 -1.000000 3
18990 1.000000 5
18994 -1.000000 4
18998 1.000000 4
19003 1.000000 5
19007 -1.000000 4
19011 1.000000 4
19015 -1.000000 4
19019 1.000000 4
19023 1.000000 4
19027 1.000000 4
19030 -1.000000 3
19034 1.000000 4
19037 -1.000000 3
19041 1.000000 4
19045 -1.000000 4
19050 1.000000 5
19054 -1.000000 4
19059 1.000000 5
19063 1.000000 4
19067 1.000000 4
19072 1.000000 5
19077 1.000000 5
19080 -1.000000 3
19084 1.000000 4
19087 -1.000000 3
19092 1.000000 5
19097 1.000000 5
19100 -1.000000 3
19105 1.000000 5
19110 0.000000 5
19115 1.000000 5
19119 1.000000 4
19122 1.000000 3
19127 1.000000 5
19132 1.000000 5
19136 1.000000 4
19141 1.000000 5
19145 -1.000000 4
19149 1.000000 4
19153 -1.000000 4
19158 1.000000 5
19163 1.000000 5
19167 1.000000 4
19170 -1.000000 3
19174 1.000000 4
19177 -1.000000 3
19182 0.000000 5
19186 1.000000 4
19191 1.000000 5
19196 1.000000 5
19201 1.000000 5
19204 -1.000000 3
19207 -1.000000 3
19212 0.000000 5
19217 0.000000 5
19221 -1.000000 4
19224 -1.000000 3
19229 0.000000 5
19233 1.000000 4
19238 1.000000 5
19243 1.000000 5
19247 -1.000000 4
19252 1.000000 5
19257 1.000000 5
19261 1.000000 4
19265 1.000000 4
19270 0.000000 5
19274 1.000000 4
19278 1.000000 4
19283 0.000000 5
19287 -1.000000 4
19292 1.000000 5
19296 -1.000000 4
19300 1.000000 4
19305 0.000000 5
19310 1.000000 5
19313 -1.000000 3
19317 -1.000000 4
19321 1.000000 4
19326 1.000000 5
19331 0.000000 5
19336 0.000000 5
19340 1.000000 4
19343 -1.000000 3
19346 -1.000000 3
19350 1.000000 4
19354 1.000000 4
19358 1.000000 4
19362 1.000000 4
19366 1.000000 4
19370 -1.000000 4
19374 -1.000000 4
19378 1.000000 4
19381 -1.000000 3
19386 0.000000 5
19391 1.000000 5
19396 0.000000 5
19401 0.000000 5
19405 1.000000 4
19410 0.000000 5
19414 1.000000 4
19418 -1.000000 4
19422 -1.000000 4
19426 1.000000 4
19430 1.000000 4
19434 1.000000 4
19438 1.000000 4
19441 -1.000000 3
19446 0.000000 5
19450 -1.000000 4
19455 0.000000 5
19459 -1.000000 4
19462 1.000000 3
19467 1.000000 5
19472 1.000000 5
19475 -1.000000 3
19480 0.000000 5
19485 1.000000 5
19489 -1.000000 4
19493 -1.000000 4
19497 -1.000000 4
19501 1.000000 4
19506 0.000000 5
19511 0.000000 5
19515 1.000000 4
19520 1.000000 5
19524 1.000000 4
19528 1.000000 4
19533 1.000000 5
19537 -1.000000 4
19541 -1.000000 4
19546 1.000000 5
19551 1.000000 5
19555 1.000000 4
19559 -1.000000 4
19563 -1.000000 4
19567 -1.000000 4
19570 1.000000 3
19574 -1.000000 4
19578 -1.000000 4
19582 -1.000000 4
19585 -1.000000 3
19590 1.000000 5
19594 -1.000000 4
19598 1.000000 4
19601 1.000000 3
19605 -1.000000 4
19608 -1.000000 3
19613 1.000000 5
19617 -1.000000 4
19621 1.000000 4
19625 1.000000 4
19630 1.000000 5
19635 0.000000 5
19640 1.000000 5
19644 1.000000 4
19649 1.000000 5
19654 1.000000 5
19658 1.000000 4
19662 -1.000000 4
19667 1.000000 5
19671 -1.000000 4
19675 -1.000000 4
19680 0.000000 5
19684 1.000000 4
19688 1.000000 4
19692 -1.000000 4
19697 1.000000 5
19702 0.000000 5
19707 1.000000 5
19712 1.000000 5
19717 1.000000 5
19722 0.000000 5
19726 1.000000 4
19729 -1.000000 3
19734 0.000000 5
19738 -1.000000 4
19742 -1.000000 4
19745 -1.000000 3
19750 1.000000 5
19754 1.000000 4
19758 1.000000 4
19763 1.000000 5
19768 1.000000 5
19773 1.000000 5
19778 1.000000 5
19782 1.000000 4
19786 -1.000000 4
19790 1.000000 4
19794 -1.000000 4
19798 1.000000 4
19803 0.000000 5
19808 0.000000 5
19813 1.000000 5
19818 1.000000 5
19823 1.000000 5
19827 1.000000 4
19832 1.000000 5
19837 1.000000 5
19841 1.000000 4
19844 -1.000000 3
19849 0.000000 5
19854 0.000000 5
19859 1.000000 5
19864 1.000000 5
19869 1.000000 5
19873 1.000000 4
19877 -1.000000 4
19880 -1.000000 3
19884 1.000000 4
19888 -1.000000 4
19893 0.000000 5
19898 1.000000 5
19902 -1.000000 4
19907 1.000000 5
19911 1.000000 4
19914 -1.000000 3
19919 0.000000 5
19922 -1.000000 3
19925 -1.000000 3
19929 1.000000 4
19933 -1.000000 4
19937 1.000000 4
19941 1.000000 4
19945 1.000000 4
19950 0.000000 5
19954 1.000000 4
19959 1.000000 5
19963 1.000000 4
19967 -1.000000 4
19971 -1.000000 4
19976 1.000000 5
19981 0.000000 5
19985 1.000000 4
19989 -1.000000 4
19994 1.000000 5
19999 1.000000 5
20003 -1.000000 4
