4 1.000000 4
9 1.000000 5
14 0.000000 5
19 -1.000000 5
24 0.000000 5
29 0.000000 5
34 1.000000 5
38 1.000000 4
43 0.000000 5
48 -1.000000 5
53 0.000000 5
58 -1.000000 5
63 0.000000 5
67 -1.000000 4
72 -1.000000 5
76 1.000000 4
80 -1.000000 4
84 1.000000 4
89 1.000000 5
93 1.000000 4
96 1.000000 3
100 1.000000 4
105 1.000000 5
108 1.000000 3
112 1.000000 4
116 1.000000 4
121 0.000000 5
125 1.000000 4
129 1.000000 4
133 1.000000 4
138 1.000000 5
143 1.000000 5
146 1.000000 3
150 1.000000 4
155 1.000000 5
159 1.000000 4
164 1.000000 5
168 -1.000000 4
171 1.000000 3
175 -1.000000 4
180 0.000000 5
185 0.000000 5
190 1.000000 5
194 1.000000 4
197 1.000000 3
202 1.000000 5
205 1.000000 3
209 1.000000 4
213 1.000000 4
217 1.000000 4
220 1.000000 3
224 1.000000 4
229 -1.000000 5
233 1.000000 4
238 -1.000000 5
243 0.000000 5
247 1.000000 4
252 1.000000 5
256 1.000000 4
260 1.000000 4
264 -1.000000 4
267 1.000000 3
271 1.000000 4
275 -1.000000 4
279 1.000000 4
282 1.000000 3
286 1.000000 4
290 1.000000 4
293 1.000000 3
297 -1.000000 4
302 -1.000000 5
305 1.000000 3
309 1.000000 4
314 -1.000000 5
319 0.000000 5
323 -1.000000 4
326 1.000000 3
331 -1.000000 5
334 1.000000 3
337 1.000000 3
342 1.000000 5
347 -1.000000 5
350 1.000000 3
354 -1.000000 4
359 1.000000 5
364 -1.000000 5
369 0.000000 5
374 0.000000 5
378 -1.000000 4
383 -1.000000 5
388 -1.000000 5
392 -1.000000 4
397 1.000000 5
402 1.000000 5
405 1.000000 3
410 0.000000 5
415 -1.000000 5
419 -1.000000 4
424 0.000000 5
428 1.000000 4
433 -1.000000 5
438 -1.000000 5
442 -1.000000 4
447 0.000000 5
452 -1.000000 5
455 1.000000 3
458 1.000000 3
463 1.000000 5
467 1.000000 4
472 0.000000 5
477 -1.000000 5
482 -1.000000 5
486 1.000000 4
491 1.000000 5
496 1.000000 5
501 -1.000000 5
506 -1.000000 5
511 0.000000 5
516 0.000000 5
520 -1.000000 4
525 -1.000000 5
530 0.000000 5
535 0.000000 5
540 1.000000 5
545 -1.000000 5
548 1.000000 3
552 1.000000 4
557 1.000000 5
562 1.000000 5
566 1.000000 4
571 0.000000 5
575 1.000000 4
580 -1.000000 5
583 1.000000 3
588 0.000000 5
593 1.000000 5
598 0.000000 5
603 1.000000 5
608 -1.000000 5
613 -1.000000 5
618 -1.000000 5
622 -1.000000 4
626 1.000000 4
631 -1.000000 5
636 -1.000000 5
641 0.000000 5
646 1.000000 5
651 0.000000 5
655 1.000000 4
659 1.000000 4
664 1.000000 5
669 -1.000000 5
673 1.000000 4
678 1.000000 5
683 -1.000000 5
688 0.000000 5
693 -1.000000 5
698 -1.000000 5
703 1.000000 5
708 1.000000 5
713 1.000000 5
717 -1.000000 4
722 -1.000000 5
726 -1.000000 4
730 1.000000 4
734 1.000000 4
739 0.000000 5
744 -1.000000 5
748 1.000000 4
753 -1.000000 5
758 1.000000 5
763 0.000000 5
768 -1.000000 5
772 1.000000 4
776 1.000000 4
781 1.000000 5
785 -1.000000 4
790 -1.000000 5
794 1.000000 4
799 1.000000 5
803 1.000000 4
808 0.000000 5
812 1.000000 4
816 -1.000000 4
820 1.000000 4
825 -1.000000 5
829 -1.000000 4
833 -1.000000 4
836 1.000000 3
841 -1.000000 5
844 1.000000 3
848 1.000000 4
852 1.000000 4
857 1.000000 5
860 1.000000 3
865 0.000000 5
869 -1.000000 4
873 1.000000 4
877 -1.000000 4
882 -1.000000 5
887 1.000000 5
891 1.000000 4
896 -1.000000 5
901 1.000000 5
905 1.000000 4
910 0.000000 5
915 -1.000000 5
920 1.000000 5
924 1.000000 4
928 -1.000000 4
931 1.000000 3
935 1.000000 4
939 -1.000000 4
943 1.000000 4
948 -1.000000 5
953 -1.000000 5
958 0.000000 5
962 -1.000000 4
965 1.000000 3
968 1.000000 3
972 1.000000 4
977 -1.000000 5
982 -1.000000 5
987 -1.000000 5
990 1.000000 3
993 1.000000 3
997 1.000000 4
1000 1.000000 3
1005 0.000000 5
1010 1.000000 5
1015 -1.000000 5
1020 1.000000 5
1023 1.000000 3
1028 1.000000 5
1033 1.000000 5
1038 -1.000000 5
1043 1.000000 5
1047 1.000000 4
1052 0.000000 5
1057 1.000000 5
1061 1.000000 4
1066 -1.000000 5
1070 1.000000 4
1075 -1.000000 5
1080 0.000000 5
1083 1.000000 3
1086 1.000000 3
1090 -1.000000 4
1095 0.000000 5
1100 0.000000 5
1105 1.000000 5
1108 1.000000 3
1113 1.000000 5
1117 1.000000 4
1122 -1.000000 5
1127 -1.000000 5
1132 0.000000 5
1137 1.000000 5
1141 1.000000 4
1146 0.000000 5
1151 0.000000 5
1154 1.000000 3
1159 0.000000 5
1162 1.000000 3
1167 -1.000000 5
1170 1.000000 3
1175 1.000000 5
1179 1.000000 4
1184 1.000000 5
1189 -1.000000 5
1193 1.000000 4
1196 1.000000 3
1201 -1.000000 5
1206 1.000000 5
1210 1.000000 4
1215 1.000000 5
1220 0.000000 5
1225 1.000000 5
1230 1.000000 5
1234 1.000000 4
1239 1.000000 5
1244 1.000000 5
1247 1.000000 3
1251 1.000000 4
1256 1.000000 5
1261 1.000000 5
1265 1.000000 4
1270 0.000000 5
1275 -1.000000 5
1280 1.000000 5
1284 1.000000 4
1289 1.000000 5
1293 1.000000 4
1297 1.000000 4
1302 -1.000000 5
1305 1.000000 3
1310 -1.000000 5
1313 1.000000 3
1317 1.000000 4
1321 1.000000 4
1325 1.000000 4
1329 1.000000 4
1334 0.000000 5
1339 0.000000 5
1343 -1.000000 4
1348 0.000000 5
1352 1.000000 4
1357 1.000000 5
1361 -1.000000 4
1365 1.000000 4
1370 -1.000000 5
1374 1.000000 4
1379 0.000000 5
1383 1.000000 4
1388 1.000000 5
1393 1.000000 5
1398 1.000000 5
1403 -1.000000 5
1407 1.000000 4
1412 1.000000 5
1417 1.000000 5
1422 1.000000 5
1425 1.000000 3
1429 1.000000 4
1434 1.000000 5
1439 -1.000000 5
1444 1.000000 5
1449 1.000000 5
1453 -1.000000 4
1457 1.000000 4
1461 1.000000 4
1465 1.000000 4
1470 1.000000 5
1475 -1.000000 5
1479 1.000000 4
1482 1.000000 3
1487 -1.000000 5
1492 1.000000 5
1497 1.000000 5
1501 1.000000 4
1505 -1.000000 4
1510 -1.000000 5
1514 1.000000 4
1518 -1.000000 4
1522 1.000000 4
1527 -1.000000 5
1532 -1.000000 5
1537 0.000000 5
1542 0.000000 5
1547 -1.000000 5
1551 -1.000000 4
1556 -1.000000 5
1559 1.000000 3
1564 1.000000 5
1568 1.000000 4
1572 -1.000000 4
1577 -1.000000 5
1582 1.000000 5
1586 -1.000000 4
1591 0.000000 5
1594 1.000000 3
1598 1.000000 4
1603 1.000000 5
1607 -1.000000 4
1612 1.000000 5
1617 0.000000 5
1621 1.000000 4
1626 -1.000000 5
1631 1.000000 5
1635 1.000000 4
1639 1.000000 4
1643 -1.000000 4
1648 -1.000000 5
1653 1.000000 5
1658 0.000000 5
1663 1.000000 5
1667 -1.000000 4
1671 1.000000 4
1676 1.000000 5
1681 1.000000 5
1685 1.000000 4
1690 -1.000000 5
1695 1.000000 5
1700 0.000000 5
1705 1.000000 5
1710 1.000000 5
1714 -1.000000 4
1718 1.000000 4
1723 0.000000 5
1727 1.000000 4
1732 1.000000 5
1735 1.000000 3
1738 1.000000 3
1743 1.000000 5
1747 -1.000000 4
1751 -1.000000 4
1755 -1.000000 4
1760 -1.000000 5
1763 1.000000 3
1767 1.000000 4
1771 1.000000 4
1776 -1.000000 5
1781 -1.000000 5
1785 -1.000000 4
1789 1.000000 4
1794 -1.000000 5
1799 1.000000 5
1803 1.000000 4
1808 0.000000 5
1812 1.000000 4
1816 1.000000 4
1821 1.000000 5
1824 1.000000 3
1828 1.000000 4
1833 -1.000000 5
1836 1.000000 3
1841 0.000000 5
1845 1.000000 4
1849 -1.000000 4
1854 1.000000 5
1859 1.000000 5
1864 0.000000 5
1869 -1.000000 5
1872 1.000000 3
1876 -1.000000 4
1881 1.000000 5
1886 1.000000 5
1890 1.000000 4
1895 1.000000 5
1900 -1.000000 5
1905 1.000000 5
1910 -1.000000 5
1915 0.000000 5
1920 1.000000 5
1924 1.000000 4
1929 -1.000000 5
1933 1.000000 4
1938 0.000000 5
1943 -1.000000 5
1948 -1.000000 5
1951 1.000000 3
1955 1.000000 4
1960 0.000000 5
1964 1.000000 4
1968 -1.000000 4
1973 0.000000 5
1978 -1.000000 5
1982 -1.000000 4
1987 1.000000 5
1991 1.000000 4
1996 -1.000000 5
2000 -1.000000 4
2003 1.000000 3
2008 1.000000 5
2013 1.000000 5
2018 -1.000000 5
2023 -1.000000 5
2028 0.000000 5
2032 1.000000 4
2036 1.000000 4
2041 1.000000 5
2045 -1.000000 4
2049 1.000000 4
2053 -1.000000 4
2058 -1.000000 5
2062 1.000000 4
2067 1.000000 5
2071 1.000000 4
2076 0.000000 5
2079 1.000000 3
2084 0.000000 5
2088 -1.000000 4
2092 -1.000000 4
2097 -1.000000 5
2101 -1.000000 4
2106 -1.000000 5
2111 1.000000 5
2115 -1.000000 4
2120 -1.000000 5
2125 1.000000 5
2130 -1.000000 5
2135 0.000000 5
2139 1.000000 4
2144 1.000000 5
2149 -1.000000 5
2154 1.000000 5
2159 -1.000000 5
2164 -1.000000 5
2169 1.000000 5
2173 1.000000 4
2178 1.000000 5
2181 1.000000 3
2186 1.000000 5
2190 1.000000 4
2193 1.000000 3
2197 1.000000 4
2201 1.000000 4
2206 -1.000000 5
2211 0.000000 5
2216 1.000000 5
2220 1.000000 4
2225 -1.000000 5
2230 0.000000 5
2235 1.000000 5
2239 1.000000 4
2244 -1.000000 5
2248 -1.000000 4
2252 -1.000000 4
2257 0.000000 5
2262 1.000000 5
2266 -1.000000 4
2271 -1.000000 5
2276 1.000000 5
2280 1.000000 4
2285 1.000000 5
2290 -1.000000 5
2295 0.000000 5
2300 1.000000 5
2305 -1.000000 5
2310 0.000000 5
2315 1.000000 5
2320 1.000000 5
2324 1.000000 4
2329 1.000000 5
2334 1.000000 5
2339 0.000000 5
2344 -1.000000 5
2349 -1.000000 5
2354 -1.000000 5
2358 1.000000 4
2363 -1.000000 5
2366 1.000000 3
2371 -1.000000 5
2376 0.000000 5
2381 -1.000000 5
2385 1.000000 4
2389 1.000000 4
2394 1.000000 5
2397 1.000000 3
2401 1.000000 4
2405 1.000000 4
2409 1.000000 4
2413 1.000000 4
2417 -1.000000 4
2422 -1.000000 5
2427 -1.000000 5
2431 -1.000000 4
2436 0.000000 5
2441 0.000000 5
2445 1.000000 4
2449 1.000000 4
2453 -1.000000 4
2457 1.000000 4
2462 0.000000 5
2467 -1.000000 5
2471 1.000000 4
2475 1.000000 4
2480 -1.000000 5
2485 0.000000 5
2490 -1.000000 5
2494 1.000000 4
2498 1.000000 4
2503 1.000000 5
2508 0.000000 5
2513 0.000000 5
2518 -1.000000 5
2522 1.000000 4
2526 -1.000000 4
2531 0.000000 5
2536 1.000000 5
2540 1.000000 4
2545 0.000000 5
2550 1.000000 5
2555 0.000000 5
2559 1.000000 4
2563 1.000000 4
2567 1.000000 4
2571 1.000000 4
2575 1.000000 4
2580 -1.000000 5
2584 1.000000 4
2589 0.000000 5
2592 1.000000 3
2597 -1.000000 5
2601 1.000000 4
2606 -1.000000 5
2609 1.000000 3
2612 1.000000 3
2617 -1.000000 5
2622 1.000000 5
2627 -1.000000 5
2632 1.000000 5
2636 1.000000 4
2639 1.000000 3
2644 -1.000000 5
2648 1.000000 4
2653 -1.000000 5
2657 1.000000 4
2662 0.000000 5
2667 -1.000000 5
2672 -1.000000 5
2675 1.000000 3
2680 0.000000 5
2685 -1.000000 5
2689 1.000000 4
2694 0.000000 5
2699 0.000000 5
2702 1.000000 3
2706 -1.000000 4
2710 1.000000 4
2714 1.000000 4
2719 -1.000000 5
2724 -1.000000 5
2729 1.000000 5
2734 -1.000000 5
2739 1.000000 5
2743 -1.000000 4
2748 0.000000 5
2751 1.000000 3
2755 1.000000 4
2760 -1.000000 5
2765 1.000000 5
2770 0.000000 5
2775 -1.000000 5
2780 -1.000000 5
2783 1.000000 3
2787 -1.000000 4
2792 -1.000000 5
2797 -1.000000 5
2801 1.000000 4
2806 -1.000000 5
2811 1.000000 5
2816 -1.000000 5
2819 1.000000 3
2823 1.000000 4
2828 0.000000 5
2832 1.000000 4
2837 -1.000000 5
2840 1.000000 3
2844 1.000000 4
2848 1.000000 4
2853 1.000000 5
2857 1.000000 4
2861 1.000000 4
2865 1.000000 4
2869 1.000000 4
2874 0.000000 5
2878 1.000000 4
2883 -1.000000 5
2887 -1.000000 4
2892 -1.000000 5
2897 1.000000 5
2902 0.000000 5
2905 1.000000 3
2910 1.000000 5
2914 1.000000 4
2918 1.000000 4
2923 0.000000 5
2928 -1.000000 5
2932 1.000000 4
2937 1.000000 5
2942 -1.000000 5
2946 -1.000000 4
2950 1.000000 4
2955 1.000000 5
2960 1.000000 5
2965 1.000000 5
2970 0.000000 5
2975 1.000000 5
2980 -1.000000 5
2984 1.000000 4
2988 -1.000000 4
2993 1.000000 5
2998 -1.000000 5
3003 0.000000 5
3008 -1.000000 5
3012 -1.000000 4
3015 1.000000 3
3020 0.000000 5
3024 1.000000 4
3029 -1.000000 5
3034 0.000000 5
3038 -1.000000 4
3043 1.000000 5
3048 0.000000 5
3052 -1.000000 4
3056 1.000000 4
3061 1.000000 5
3065 1.000000 4
3069 1.000000 4
3074 -1.000000 5
3078 1.000000 4
3083 -1.000000 5
3088 -1.000000 5
3092 1.000000 4
3096 1.000000 4
3101 -1.000000 5
3105 1.000000 4
3108 1.000000 3
3113 0.000000 5
3117 -1.000000 4
3122 -1.000000 5
3127 0.000000 5
3131 1.000000 4
3136 -1.000000 5
3141 1.000000 5
3145 1.000000 4
3150 1.000000 5
3155 -1.000000 5
3159 1.000000 4
3164 -1.000000 5
3168 1.000000 4
3172 -1.000000 4
3177 1.000000 5
3182 1.000000 5
3187 0.000000 5
3192 -1.000000 5
3197 -1.000000 5
3200 1.000000 3
3204 1.000000 4
3209 -1.000000 5
3213 -1.000000 4
3218 -1.000000 5
3223 0.000000 5
3227 1.000000 4
3231 1.000000 4
3235 1.000000 4
3239 1.000000 4
3243 1.000000 4
3247 1.000000 4
3250 1.000000 3
3255 1.000000 5
3259 1.000000 4
3263 1.000000 4
3268 0.000000 5
3273 -1.000000 5
3278 1.000000 5
3283 -1.000000 5
3288 1.000000 5
3293 0.000000 5
3298 0.000000 5
3302 1.000000 4
3307 1.000000 5
3312 -1.000000 5
3316 1.000000 4
3320 -1.000000 4
3325 -1.000000 5
3330 0.000000 5
3335 0.000000 5
3339 1.000000 4
3344 1.000000 5
3349 1.000000 5
3354 1.000000 5
3358 1.000000 4
3362 -1.000000 4
3366 1.000000 4
3371 -1.000000 5
3374 1.000000 3
3379 -1.000000 5
3384 1.000000 5
3388 -1.000000 4
3393 1.000000 5
3398 -1.000000 5
3403 1.000000 5
3408 1.000000 5
3413 1.000000 5
3418 -1.000000 5
3423 1.000000 5
3427 -1.000000 4
3432 0.000000 5
3437 1.000000 5
3440 1.000000 3
3445 -1.000000 5
3450 1.000000 5
3455 0.000000 5
3460 1.000000 5
3464 1.000000 4
3469 1.000000 5
3474 1.000000 5
3479 -1.000000 5
3482 1.000000 3
3486 1.000000 4
3491 1.000000 5
3496 1.000000 5
3500 1.000000 4
3505 1.000000 5
3510 1.000000 5
3514 1.000000 4
3519 0.000000 5
3524 0.000000 5
3529 -1.000000 5
3533 1.000000 4
3538 1.000000 5
3543 -1.000000 5
3548 1.000000 5
3553 -1.000000 5
3558 1.000000 5
3563 1.000000 5
3567 1.000000 4
3571 1.000000 4
3575 1.000000 4
3579 -1.000000 4
3583 -1.000000 4
3587 1.000000 4
3592 -1.000000 5
3597 0.000000 5
3602 1.000000 5
3607 1.000000 5
3612 1.000000 5
3617 -1.000000 5
3621 -1.000000 4
3626 0.000000 5
3629 1.000000 3
3634 -1.000000 5
3639 0.000000 5
3643 -1.000000 4
3648 -1.000000 5
3651 1.000000 3
3655 -1.000000 4
3660 -1.000000 5
3664 1.000000 4
3668 1.000000 4
3672 1.000000 4
3677 -1.000000 5
3681 1.000000 4
3685 1.000000 4
3689 1.000000 4
3694 -1.000000 5
3698 -1.000000 4
3703 -1.000000 5
3708 1.000000 5
3713 0.000000 5
3718 -1.000000 5
3722 1.000000 4
3727 1.000000 5
3732 -1.000000 5
3736 -1.000000 4
3740 1.000000 4
3745 0.000000 5
3750 1.000000 5
3754 1.000000 4
3759 1.000000 5
3764 1.000000 5
3769 -1.000000 5
3774 1.000000 5
3778 1.000000 4
3783 0.000000 5
3787 1.000000 4
3792 -1.000000 5
3796 1.000000 4
3800 1.000000 4
3804 1.000000 4
3807 1.000000 3
3812 -1.000000 5
3816 1.000000 4
3821 -1.000000 5
3826 -1.000000 5
3830 1.000000 4
3835 1.000000 5
3840 1.000000 5
3845 1.000000 5
3850 0.000000 5
3855 -1.000000 5
3859 1.000000 4
3864 -1.000000 5
3869 1.000000 5
3874 0.000000 5
3878 1.000000 4
3882 1.000000 4
3886 1.000000 4
3889 1.000000 3
3893 1.000000 4
3898 -1.000000 5
3903 1.000000 5
3908 -1.000000 5
3913 1.000000 5
3918 1.000000 5
3923 1.000000 5
3928 -1.000000 5
3932 -1.000000 4
3935 1.000000 3
3938 1.000000 3
3942 1.000000 4
3947 1.000000 5
3950 1.000000 3
3955 -1.000000 5
3959 1.000000 4
3963 1.000000 4
3967 1.000000 4
3972 1.000000 5
3975 1.000000 3
3980 -1.000000 5
3985 0.000000 5
3990 1.000000 5
3993 1.000000 3
3998 -1.000000 5
4003 -1.000000 5
4007 -1.000000 4
4012 1.000000 5
4017 0.000000 5
4022 1.000000 5
4026 1.000000 4
4030 1.000000 4
4035 -1.000000 5
4039 1.000000 4
4044 -1.000000 5
4049 -1.000000 5
4054 -1.000000 5
4059 0.000000 5
4063 1.000000 4
4067 -1.000000 4
4072 -1.000000 5
4077 1.000000 5
4081 1.000000 4
4084 1.000000 3
4089 -1.000000 5
4094 -1.000000 5
4099 1.000000 5
4103 -1.000000 4
4108 -1.000000 5
4111 1.000000 3
4115 1.000000 4
4120 1.000000 5
4125 -1.000000 5
4130 -1.000000 5
4134 1.000000 4
4139 1.000000 5
4144 0.000000 5
4148 1.000000 4
4153 0.000000 5
4158 -1.000000 5
4162 1.000000 4
4167 0.000000 5
4172 1.000000 5
4177 -1.000000 5
4182 1.000000 5
4186 1.000000 4
4191 0.000000 5
4195 1.000000 4
4199 -1.000000 4
4202 1.000000 3
4205 1.000000 3
4210 0.000000 5
4214 1.000000 4
4219 1.000000 5
4224 -1.000000 5
4229 1.000000 5
4234 0.000000 5
4237 1.000000 3
4241 1.000000 4
4246 -1.000000 5
4250 -1.000000 4
4255 -1.000000 5
4260 -1.000000 5
4265 1.000000 5
4270 0.000000 5
4275 1.000000 5
4278 1.000000 3
4282 1.000000 4
4287 0.000000 5
4291 1.000000 4
4296 0.000000 5
4300 1.000000 4
4305 1.000000 5
4310 0.000000 5
4315 -1.000000 5
4318 1.000000 3
4323 1.000000 5
4328 -1.000000 5
4332 1.000000 4
4335 1.000000 3
4340 0.000000 5
4344 1.000000 4
4348 -1.000000 4
4353 0.000000 5
4357 1.000000 4
4361 -1.000000 4
4365 1.000000 4
4369 -1.000000 4
4373 -1.000000 4
4377 1.000000 4
4382 0.000000 5
4387 1.000000 5
4392 0.000000 5
4395 1.000000 3
4398 1.000000 3
4402 1.000000 4
4407 -1.000000 5
4412 0.000000 5
4417 0.000000 5
4422 0.000000 5
4426 1.000000 4
4431 1.000000 5
4436 0.000000 5
4441 -1.000000 5
4445 -1.000000 4
4450 1.000000 5
4454 1.000000 4
4458 1.000000 4
4462 1.000000 4
4467 -1.000000 5
4472 1.000000 5
4476 -1.000000 4
4480 -1.000000 4
4485 0.000000 5
4490 0.000000 5
4494 1.000000 4
4499 1.000000 5
4503 1.000000 4
4508 0.000000 5
4512 1.000000 4
4517 0.000000 5
4521 1.000000 4
4525 1.000000 4
4530 -1.000000 5
4535 0.000000 5
4539 -1.000000 4
4544 -1.000000 5
4549 1.000000 5
4552 1.000000 3
4557 -1.000000 5
4560 1.000000 3
4563 1.000000 3
4568 1.000000 5
4572 1.000000 4
4575 1.000000 3
4580 0.000000 5
4583 1.000000 3
4587 1.000000 4
4592 0.000000 5
4597 -1.000000 5
4602 1.000000 5
4606 1.000000 4
4609 1.000000 3
4613 1.000000 4
4617 1.000000 4
4622 0.000000 5
4627 -1.000000 5
4632 1.000000 5
4637 1.000000 5
4641 1.000000 4
4646 -1.000000 5
4650 -1.000000 4
4655 0.000000 5
4660 -1.000000 5
4664 -1.000000 4
4669 -1.000000 5
4673 1.000000 4
4677 1.000000 4
4682 1.000000 5
4686 -1.000000 4
4691 0.000000 5
4696 -1.000000 5
4701 -1.000000 5
4705 1.000000 4
4709 1.000000 4
4713 1.000000 4
4717 1.000000 4
4722 1.000000 5
4725 1.000000 3
4730 1.000000 5
4734 -1.000000 4
4739 1.000000 5
4742 1.000000 3
4746 -1.000000 4
4750 1.000000 4
4755 -1.000000 5
4760 -1.000000 5
4765 1.000000 5
4769 1.000000 4
4772 1.000000 3
4776 1.000000 4
4781 -1.000000 5
4785 1.000000 4
4790 -1.000000 5
4795 1.000000 5
4800 1.000000 5
4805 -1.000000 5
4810 1.000000 5
4814 1.000000 4
4819 1.000000 5
4822 1.000000 3
4827 0.000000 5
4830 1.000000 3
4835 1.000000 5
4840 -1.000000 5
4845 0.000000 5
4850 1.000000 5
4854 1.000000 4
4857 1.000000 3
4862 -1.000000 5
4867 -1.000000 5
4872 -1.000000 5
4876 1.000000 4
4881 0.000000 5
4886 -1.000000 5
4890 1.000000 4
4895 0.000000 5
4900 1.000000 5
4905 -1.000000 5
4910 -1.000000 5
4915 1.000000 5
4920 1.000000 5
4925 -1.000000 5
4928 1.000000 3
4932 -1.000000 4
4936 1.000000 4
4941 1.000000 5
4945 -1.000000 4
4950 -1.000000 5
4953 1.000000 3
4958 0.000000 5
4963 0.000000 5
4968 0.000000 5
4973 1.000000 5
4978 0.000000 5
4983 -1.000000 5
4988 0.000000 5
4993 0.000000 5
4998 1.000000 5
5003 -1.000000 5
5007 1.000000 4
5012 1.000000 5
5017 1.000000 5
5021 1.000000 4
5026 -1.000000 5
5029 1.000000 3
5034 1.000000 5
5038 -1.000000 4
5042 1.000000 4
5047 1.000000 5
5052 -1.000000 5
5057 -1.000000 5
5062 -1.000000 5
5067 0.000000 5
5072 -1.000000 5
5077 0.000000 5
5082 -1.000000 5
5086 1.000000 4
5091 1.000000 5
5095 1.000000 4
5100 0.000000 5
5105 1.000000 5
5110 0.000000 5
5115 -1.000000 5
5118 1.000000 3
5122 -1.000000 4
5126 1.000000 4
5131 1.000000 5
5136 1.000000 5
5141 0.000000 5
5146 1.000000 5
5150 -1.000000 4
5155 1.000000 5
5159 -1.000000 4
5162 1.000000 3
5167 0.000000 5
5170 1.000000 3
5175 -1.000000 5
5179 1.000000 4
5184 0.000000 5
5189 -1.000000 5
5193 -1.000000 4
5198 1.000000 5
5202 1.000000 4
5207 -1.000000 5
5212 0.000000 5
5216 1.000000 4
5221 1.000000 5
5226 1.000000 5
5230 1.000000 4
5234 1.000000 4
5238 1.000000 4
5242 1.000000 4
5246 -1.000000 4
5251 1.000000 5
5256 0.000000 5
5260 1.000000 4
5265 1.000000 5
5269 -1.000000 4
5273 -1.000000 4
5278 -1.000000 5
5283 -1.000000 5
5287 1.000000 4
5292 -1.000000 5
5297 1.000000 5
5300 1.000000 3
5305 -1.000000 5
5310 1.000000 5
5315 -1.000000 5
5320 1.000000 5
5325 1.000000 5
5328 1.000000 3
5333 0.000000 5
5338 1.000000 5
5343 0.000000 5
5347 -1.000000 4
5352 -1.000000 5
5357 0.000000 5
5362 0.000000 5
5367 1.000000 5
5371 -1.000000 4
5376 -1.000000 5
5379 1.000000 3
5382 1.000000 3
5386 1.000000 4
5391 1.000000 5
5396 1.000000 5
5401 1.000000 5
5406 1.000000 5
5411 -1.000000 5
5415 1.000000 4
5419 1.000000 4
5424 -1.000000 5
5429 0.000000 5
5434 1.000000 5
5439 0.000000 5
5443 1.000000 4
5446 1.000000 3
5450 1.000000 4
5454 1.000000 4
5459 1.000000 5
5464 -1.000000 5
5469 -1.000000 5
5472 1.000000 3
5477 1.000000 5
5482 0.000000 5
5486 1.000000 4
5489 1.000000 3
5493 1.000000 4
5497 -1.000000 4
5501 1.000000 4
5505 1.000000 4
5510 0.000000 5
5515 -1.000000 5
5519 1.000000 4
5524 1.000000 5
5529 -1.000000 5
5534 1.000000 5
5538 1.000000 4
5542 1.000000 4
5545 1.000000 3
5550 -1.000000 5
5555 1.000000 5
5560 0.000000 5
5565 -1.000000 5
5570 -1.000000 5
5574 1.000000 4
5579 0.000000 5
5584 0.000000 5
5589 -1.000000 5
5593 1.000000 4
5598 -1.000000 5
5601 1.000000 3
5606 1.000000 5
5610 -1.000000 4
5615 0.000000 5
5620 1.000000 5
5625 1.000000 5
5629 1.000000 4
5634 1.000000 5
5639 1.000000 5
5644 1.000000 5
5649 0.000000 5
5653 1.000000 4
5657 1.000000 4
5662 0.000000 5
5667 -1.000000 5
5671 1.000000 4
5676 1.000000 5
5681 0.000000 5
5686 1.000000 5
5691 0.000000 5
5694 1.000000 3
5699 1.000000 5
5703 -1.000000 4
5707 1.000000 4
5710 1.000000 3
5714 1.000000 4
5718 1.000000 4
5722 -1.000000 4
5727 -1.000000 5
5731 1.000000 4
5735 1.000000 4
5739 1.000000 4
5743 1.000000 4
5748 1.000000 5
5752 1.000000 4
5756 -1.000000 4
5760 1.000000 4
5764 -1.000000 4
5768 -1.000000 4
5773 1.000000 5
5777 -1.000000 4
5780 1.000000 3
5783 1.000000 3
5788 1.000000 5
5792 1.000000 4
5797 1.000000 5
5802 0.000000 5
5806 1.000000 4
5811 -1.000000 5
5815 1.000000 4
5820 -1.000000 5
5825 1.000000 5
5830 -1.000000 5
5834 -1.000000 4
5839 0.000000 5
5844 -1.000000 5
5849 -1.000000 5
5854 1.000000 5
5859 0.000000 5
5863 -1.000000 4
5867 1.000000 4
5871 1.000000 4
5876 -1.000000 5
5880 1.000000 4
5885 -1.000000 5
5890 -1.000000 5
5893 1.000000 3
5898 1.000000 5
5902 1.000000 4
5907 1.000000 5
5912 -1.000000 5
5917 0.000000 5
5920 1.000000 3
5925 -1.000000 5
5929 1.000000 4
5934 -1.000000 5
5938 1.000000 4
5943 1.000000 5
5947 1.000000 4
5952 -1.000000 5
5957 -1.000000 5
5961 1.000000 4
5965 -1.000000 4
5969 -1.000000 4
5973 1.000000 4
5978 1.000000 5
5983 -1.000000 5
5988 1.000000 5
5992 -1.000000 4
5997 -1.000000 5
6001 1.000000 4
6006 -1.000000 5
6011 -1.000000 5
6016 -1.000000 5
6021 -1.000000 5
6026 -1.000000 5
6030 1.000000 4
6035 -1.000000 5
6040 -1.000000 5
6045 -1.000000 5
6050 -1.000000 5
6055 -1.000000 5
6060 -1.000000 5
6065 -1.000000 5
6069 1.000000 4
6074 -1.000000 5
6079 -1.000000 5
6084 -1.000000 5
6089 -1.000000 5
6094 -1.000000 5
6099 -1.000000 5
6104 -1.000000 5
6109 -1.000000 5
6114 -1.000000 5
6119 -1.000000 5
6123 1.000000 4
6128 -1.000000 5
6133 -1.000000 5
6138 -1.000000 5
6143 -1.000000 5
6147 1.000000 4
6152 -1.000000 5
6157 -1.000000 5
6162 -1.000000 5
6167 -1.000000 5
6172 -1.000000 5
6177 -1.000000 5
6182 -1.000000 5
6187 -1.000000 5
6192 -1.000000 5
6197 -1.000000 5
6202 -1.000000 5
6207 -1.000000 5
6212 -1.000000 5
6217 -1.000000 5
6222 -1.000000 5
6227 -1.000000 5
6232 -1.000000 5
6237 -1.000000 5
6242 -1.000000 5
6247 -1.000000 5
6252 -1.000000 5
6257 -1.000000 5
6262 -1.000000 5
6267 -1.000000 5
6272 -1.000000 5
6277 -1.000000 5
6282 -1.000000 5
6287 -1.000000 5
6292 -1.000000 5
6297 -1.000000 5
6302 -1.000000 5
6307 -1.000000 5
6312 -1.000000 5
6317 -1.000000 5
6322 -1.000000 5
6327 -1.000000 5
6332 -1.000000 5
6337 -1.000000 5
6342 -1.000000 5
6347 -1.000000 5
6352 -1.000000 5
6357 -1.000000 5
6362 -1.000000 5
6367 -1.000000 5
6372 -1.000000 5
6377 -1.000000 5
6382 -1.000000 5
6387 -1.000000 5
6392 -1.000000 5
6397 -1.000000 5
6402 -1.000000 5
6407 -1.000000 5
6412 -1.000000 5
6417 -1.000000 5
6422 -1.000000 5
6427 -1.000000 5
6432 -1.000000 5
6437 -1.000000 5
6442 -1.000000 5
6447 -1.000000 5
6452 -1.000000 5
6457 -1.000000 5
6462 -1.000000 5
6467 -1.000000 5
6471 1.000000 4
6476 -1.000000 5
6481 -1.000000 5
6486 -1.000000 5
6491 -1.000000 5
6496 -1.000000 5
6501 -1.000000 5
6506 -1.000000 5
6511 -1.000000 5
6516 -1.000000 5
6521 -1.000000 5
6526 -1.000000 5
6531 -1.000000 5
6535 1.000000 4
6540 -1.000000 5
6545 -1.000000 5
6550 -1.000000 5
6555 -1.000000 5
6559 1.000000 4
6564 -1.000000 5
6569 -1.000000 5
6574 -1.000000 5
6579 -1.000000 5
6584 -1.000000 5
6589 -1.000000 5
6594 -1.000000 5
6599 -1.000000 5
6604 -1.000000 5
6609 -1.000000 5
6614 -1.000000 5
6619 -1.000000 5
6624 -1.000000 5
6629 -1.000000 5
6634 -1.000000 5
6638 1.000000 4
6643 -1.000000 5
6648 -1.000000 5
6653 -1.000000 5
6657 1.000000 4
6662 -1.000000 5
6667 -1.000000 5
6672 -1.000000 5
6677 -1.000000 5
6682 -1.000000 5
6686 1.000000 4
6691 -1.000000 5
6696 -1.000000 5
6701 -1.000000 5
6706 -1.000000 5
6711 -1.000000 5
6716 -1.000000 5
6721 -1.000000 5
6726 -1.000000 5
6730 1.000000 4
6735 -1.000000 5
6739 1.000000 4
6744 -1.000000 5
6749 -1.000000 5
6754 -1.000000 5
6759 -1.000000 5
6764 -1.000000 5
6769 -1.000000 5
6774 -1.000000 5
6779 -1.000000 5
6784 -1.000000 5
6788 1.000000 4
6793 -1.000000 5
6798 -1.000000 5
6803 -1.000000 5
6807 1.000000 4
6812 -1.000000 5
6816 1.000000 4
6821 -1.000000 5
6826 -1.000000 5
6831 -1.000000 5
6836 -1.000000 5
6841 -1.000000 5
6846 -1.000000 5
6851 -1.000000 5
6856 -1.000000 5
6861 -1.000000 5
6866 -1.000000 5
6871 -1.000000 5
6876 -1.000000 5
6881 -1.000000 5
6886 -1.000000 5
6891 -1.000000 5
6896 -1.000000 5
6901 -1.000000 5
6906 -1.000000 5
6911 -1.000000 5
6916 -1.000000 5
6921 -1.000000 5
6926 -1.000000 5
6931 -1.000000 5
6936 -1.000000 5
6941 -1.000000 5
6946 -1.000000 5
6951 -1.000000 5
6956 -1.000000 5
6961 -1.000000 5
6966 -1.000000 5
6971 -1.000000 5
6976 -1.000000 5
6981 -1.000000 5
6986 -1.000000 5
6991 -1.000000 5
6996 -1.000000 5
7001 -1.000000 5
7006 -1.000000 5
7010 1.000000 4
7015 -1.000000 5
7020 -1.000000 5
7025 -1.000000 5
7030 -1.000000 5
7035 -1.000000 5
7040 -1.000000 5
7045 -1.000000 5
7050 -1.000000 5
7055 -1.000000 5
7060 -1.000000 5
7065 -1.000000 5
7069 1.000000 4
7074 -1.000000 5
7079 -1.000000 5
7084 -1.000000 5
7089 -1.000000 5
7094 -1.000000 5
7099 -1.000000 5
7104 -1.000000 5
7109 -1.000000 5
7114 -1.000000 5
7119 -1.000000 5
7124 -1.000000 5
7129 -1.000000 5
7134 -1.000000 5
7139 -1.000000 5
7144 -1.000000 5
7149 -1.000000 5
7154 -1.000000 5
7159 -1.000000 5
7164 -1.000000 5
7169 -1.000000 5
7174 -1.000000 5
7179 -1.000000 5
7184 -1.000000 5
7189 -1.000000 5
7194 -1.000000 5
7199 -1.000000 5
7204 -1.000000 5
7209 -1.000000 5
7214 -1.000000 5
7218 1.000000 4
7223 -1.000000 5
7228 -1.000000 5
7233 -1.000000 5
7238 -1.000000 5
7243 -1.000000 5
7248 -1.000000 5
7253 -1.000000 5
7258 -1.000000 5
7263 -1.000000 5
7268 -1.000000 5
7273 -1.000000 5
7278 -1.000000 5
7283 -1.000000 5
7288 -1.000000 5
7293 -1.000000 5
7298 -1.000000 5
7303 -1.000000 5
7308 -1.000000 5
7313 -1.000000 5
7318 -1.000000 5
7323 -1.000000 5
7328 -1.000000 5
7333 -1.000000 5
7338 -1.000000 5
7343 -1.000000 5
7348 -1.000000 5
7353 -1.000000 5
7358 -1.000000 5
7363 -1.000000 5
7368 -1.000000 5
7372 1.000000 4
7377 -1.000000 5
7382 -1.000000 5
7387 -1.000000 5
7392 -1.000000 5
7397 -1.000000 5
7402 -1.000000 5
7407 -1.000000 5
7412 -1.000000 5
7417 -1.000000 5
7422 -1.000000 5
7427 -1.000000 5
7432 -1.000000 5
7436 1.000000 4
7441 -1.000000 5
7446 -1.000000 5
7451 -1.000000 5
7456 -1.000000 5
7461 -1.000000 5
7466 -1.000000 5
7471 -1.000000 5
7476 -1.000000 5
7481 -1.000000 5
7486 -1.000000 5
7491 -1.000000 5
7496 -1.000000 5
7501 -1.000000 5
7506 -1.000000 5
7511 -1.000000 5
7516 -1.000000 5
7521 -1.000000 5
7526 -1.000000 5
7531 -1.000000 5
7536 -1.000000 5
7541 -1.000000 5
7546 -1.000000 5
7551 -1.000000 5
7556 -1.000000 5
7561 -1.000000 5
7566 -1.000000 5
7571 -1.000000 5
7576 -1.000000 5
7581 -1.000000 5
7586 -1.000000 5
7591 -1.000000 5
7596 -1.000000 5
7601 -1.000000 5
7606 -1.000000 5
7611 -1.000000 5
7616 -1.000000 5
7621 -1.000000 5
7626 -1.000000 5
7631 -1.000000 5
7636 -1.000000 5
7640 1.000000 4
7645 -1.000000 5
7650 -1.000000 5
7655 -1.000000 5
7660 -1.000000 5
7665 -1.000000 5
7670 -1.000000 5
7675 -1.000000 5
7680 -1.000000 5
7685 -1.000000 5
7690 -1.000000 5
7695 -1.000000 5
7700 -1.000000 5
7705 -1.000000 5
7709 1.000000 4
7714 -1.000000 5
7719 -1.000000 5
7724 -1.000000 5
7729 -1.000000 5
7733 1.000000 4
7738 -1.000000 5
7742 1.000000 4
7746 1.000000 4
7750 1.000000 4
7755 -1.000000 5
7760 -1.000000 5
7765 -1.000000 5
7770 -1.000000 5
7775 -1.000000 5
7780 -1.000000 5
7785 -1.000000 5
7790 -1.000000 5
7795 -1.000000 5
7800 -1.000000 5
7805 1.000000 5
7810 -1.000000 5
7815 -1.000000 5
7820 -1.000000 5
7825 -1.000000 5
7829 1.000000 4
7834 -1.000000 5
7839 -1.000000 5
7843 1.000000 4
7848 -1.000000 5
7853 -1.000000 5
7858 -1.000000 5
7863 -1.000000 5
7868 -1.000000 5
7873 -1.000000 5
7878 -1.000000 5
7883 -1.000000 5
7888 -1.000000 5
7893 -1.000000 5
7898 -1.000000 5
7903 -1.000000 5
7908 -1.000000 5
7912 1.000000 4
7917 -1.000000 5
7922 -1.000000 5
7927 -1.000000 5
7932 -1.000000 5
7937 -1.000000 5
7942 -1.000000 5
7946 1.000000 4
7951 -1.000000 5
7956 -1.000000 5
7961 -1.000000 5
7966 -1.000000 5
7971 -1.000000 5
7976 -1.000000 5
7981 -1.000000 5
7986 -1.000000 5
7991 -1.000000 5
7996 -1.000000 5
8001 -1.000000 5
8006 -1.000000 5
8011 -1.000000 5
8016 -1.000000 5
8021 -1.000000 5
8026 -1.000000 5
8031 -1.000000 5
8036 -1.000000 5
8041 -1.000000 5
8046 -1.000000 5
8051 -1.000000 5
8056 -1.000000 5
8061 -1.000000 5
8066 -1.000000 5
8071 -1.000000 5
8076 -1.000000 5
8081 -1.000000 5
8086 -1.000000 5
8091 -1.000000 5
8096 -1.000000 5
8101 -1.000000 5
8106 -1.000000 5
8111 -1.000000 5
8116 -1.000000 5
8121 -1.000000 5
8126 -1.000000 5
8131 -1.000000 5
8136 -1.000000 5
8141 -1.000000 5
8146 -1.000000 5
8151 -1.000000 5
8156 -1.000000 5
8161 -1.000000 5
8166 -1.000000 5
8171 -1.000000 5
8176 -1.000000 5
8181 -1.000000 5
8186 -1.000000 5
8191 -1.000000 5
8196 -1.000000 5
8201 -1.000000 5
8206 -1.000000 5
8211 -1.000000 5
8216 -1.000000 5
8221 -1.000000 5
8226 -1.000000 5
8231 -1.000000 5
8236 -1.000000 5
8241 -1.000000 5
8246 -1.000000 5
8250 1.000000 4
8255 -1.000000 5
8260 -1.000000 5
8265 -1.000000 5
8270 -1.000000 5
8275 -1.000000 5
8280 -1.000000 5
8285 -1.000000 5
8290 -1.000000 5
8295 -1.000000 5
8300 -1.000000 5
8305 -1.000000 5
8310 -1.000000 5
8315 -1.000000 5
8320 -1.000000 5
8325 -1.000000 5
8330 -1.000000 5
8335 -1.000000 5
8340 -1.000000 5
8345 -1.000000 5
8350 -1.000000 5
8355 -1.000000 5
8360 -1.000000 5
8365 -1.000000 5
8370 -1.000000 5
8375 -1.000000 5
8380 -1.000000 5
8385 -1.000000 5
8390 -1.000000 5
8395 -1.000000 5
8400 -1.000000 5
8405 -1.000000 5
8410 -1.000000 5
8415 -1.000000 5
8420 -1.000000 5
8425 -1.000000 5
8430 -1.000000 5
8435 -1.000000 5
8440 -1.000000 5
8445 -1.000000 5
8450 -1.000000 5
8454 1.000000 4
8459 -1.000000 5
8464 -1.000000 5
8469 -1.000000 5
8474 -1.000000 5
8479 -1.000000 5
8484 -1.000000 5
8489 -1.000000 5
8494 -1.000000 5
8499 1.000000 5
8504 -1.000000 5
8509 -1.000000 5
8514 -1.000000 5
8519 -1.000000 5
8524 -1.000000 5
8529 -1.000000 5
8534 -1.000000 5
8539 -1.000000 5
8544 -1.000000 5
8549 -1.000000 5
8554 -1.000000 5
8559 -1.000000 5
8564 -1.000000 5
8569 -1.000000 5
8574 -1.000000 5
8579 -1.000000 5
8584 -1.000000 5
8589 -1.000000 5
8594 -1.000000 5
8599 -1.000000 5
8604 -1.000000 5
8609 -1.000000 5
8614 -1.000000 5
8619 -1.000000 5
8624 1.000000 5
8628 1.000000 4
8633 -1.000000 5
8638 -1.000000 5
8643 -1.000000 5
8648 -1.000000 5
8653 -1.000000 5
8658 -1.000000 5
8663 -1.000000 5
8668 -1.000000 5
8673 -1.000000 5
8678 -1.000000 5
8683 -1.000000 5
8688 -1.000000 5
8693 -1.000000 5
8698 -1.000000 5
8703 -1.000000 5
8708 -1.000000 5
8713 -1.000000 5
8718 -1.000000 5
8723 -1.000000 5
8728 -1.000000 5
8733 -1.000000 5
8738 -1.000000 5
8743 -1.000000 5
8748 -1.000000 5
8752 1.000000 4
8756 1.000000 4
8761 -1.000000 5
8766 -1.000000 5
8771 -1.000000 5
8776 -1.000000 5
8781 -1.000000 5
8786 -1.000000 5
8791 -1.000000 5
8796 -1.000000 5
8801 -1.000000 5
8806 -1.000000 5
8811 -1.000000 5
8816 -1.000000 5
8821 -1.000000 5
8826 -1.000000 5
8831 -1.000000 5
8836 -1.000000 5
8841 -1.000000 5
8846 -1.000000 5
8851 -1.000000 5
8856 -1.000000 5
8861 -1.000000 5
8866 -1.000000 5
8871 -1.000000 5
8876 -1.000000 5
8881 -1.000000 5
8886 -1.000000 5
8891 -1.000000 5
8896 -1.000000 5
8901 -1.000000 5
8906 -1.000000 5
8911 -1.000000 5
8916 -1.000000 5
8921 -1.000000 5
8926 -1.000000 5
8931 -1.000000 5
8936 1.000000 5
8941 -1.000000 5
8946 -1.000000 5
8951 -1.000000 5
8956 -1.000000 5
8961 -1.000000 5
8966 -1.000000 5
8971 -1.000000 5
8976 -1.000000 5
8981 -1.000000 5
8986 -1.000000 5
8991 -1.000000 5
8996 -1.000000 5
9000 1.000000 4
9005 -1.000000 5
