4 1.000000 4
8 1.000000 4
14 -1.000000 6
18 1.000000 4
22 -1.000000 4
27 1.000000 5
31 1.000000 4
36 1.000000 5
39 1.000000 3
45 0.000000 6
48 -1.000000 3
53 -1.000000 5
59 1.000000 6
64 -1.000000 5
68 -1.000000 4
73 -1.000000 5
77 -1.000000 4
81 -1.000000 4
85 -1.000000 4
92 0.000000 7
95 -1.000000 3
99 -1.000000 4
102 1.000000 3
108 -1.000000 6
112 1.000000 4
115 -1.000000 3
121 1.000000 6
125 1.000000 4
129 1.000000 4
132 1.000000 3
139 -1.000000 7
143 -1.000000 4
148 1.000000 5
151 1.000000 3
155 -1.000000 4
158 -1.000000 3
163 1.000000 5
166 1.000000 3
172 1.000000 6
178 -1.000000 6
184 -1.000000 6
189 0.000000 5
196 1.000000 7
201 1.000000 5
206 -1.000000 5
210 1.000000 4
214 -1.000000 4
219 -1.000000 5
224 -1.000000 5
230 0.000000 6
233 -1.000000 3
238 1.000000 5
242 1.000000 4
247 -1.000000 5
252 -1.000000 5
257 -1.000000 5
261 -1.000000 4
265 -1.000000 4
270 -1.000000 5
274 1.000000 4
279 -1.000000 5
283 1.000000 4
287 -1.000000 4
293 -1.000000 6
297 -1.000000 4
302 -1.000000 5
307 1.000000 5
312 1.000000 5
316 1.000000 4
320 -1.000000 4
326 -1.000000 6
332 1.000000 6
337 1.000000 5
341 -1.000000 4
346 1.000000 5
351 0.000000 5
355 1.000000 4
360 -1.000000 5
366 -1.000000 6
372 1.000000 6
376 1.000000 4
381 1.000000 5
387 1.000000 6
392 -1.000000 5
398 1.000000 6
403 1.000000 5
407 -1.000000 4
412 -1.000000 5
417 -1.000000 5
423 0.000000 6
427 1.000000 4
433 -1.000000 6
436 -1.000000 3
441 1.000000 5
447 1.000000 6
450 -1.000000 3
454 -1.000000 4
458 1.000000 4
463 -1.000000 5
468 1.000000 5
474 -1.000000 6
478 1.000000 4
484 1.000000 6
489 1.000000 5
496 1.000000 7
501 1.000000 5
505 1.000000 4
510 -1.000000 5
515 -1.000000 5
518 1.000000 3
524 -1.000000 6
529 1.000000 5
535 0.000000 6
539 -1.000000 4
544 1.000000 5
548 -1.000000 4
552 -1.000000 4
557 1.000000 5
561 -1.000000 4
566 -1.000000 5
570 1.000000 4
575 1.000000 5
580 -1.000000 5
584 1.000000 4
587 -1.000000 3
592 -1.000000 5
597 1.000000 5
602 -1.000000 5
608 1.000000 6
612 1.000000 4
616 1.000000 4
620 1.000000 4
624 1.000000 4
629 -1.000000 5
636 -1.000000 7
641 -1.000000 5
646 -1.000000 5
652 1.000000 6
656 -1.000000 4
661 1.000000 5
668 1.000000 7
674 1.000000 6
677 1.000000 3
682 1.000000 5
686 -1.000000 4
693 0.000000 7
696 -1.000000 3
699 -1.000000 3
705 1.000000 6
712 1.000000 7
717 1.000000 5
720 -1.000000 3
726 0.000000 6
732 -1.000000 6
737 -1.000000 5
741 1.000000 4
745 1.000000 4
748 1.000000 3
753 1.000000 5
757 -1.000000 4
762 -1.000000 5
765 -1.000000 3
771 -1.000000 6
775 1.000000 4
778 -1.000000 3
782 1.000000 4
787 -1.000000 5
793 0.000000 6
799 -1.000000 6
804 -1.000000 5
809 1.000000 5
813 1.000000 4
819 1.000000 6
824 -1.000000 5
828 1.000000 4
832 -1.000000 4
839 1.000000 7
845 0.000000 6
848 -1.000000 3
853 -1.000000 5
857 -1.000000 4
862 -1.000000 5
866 1.000000 4
871 -1.000000 5
876 -1.000000 5
880 1.000000 4
886 1.000000 6
891 -1.000000 5
897 0.000000 6
901 -1.000000 4
906 -1.000000 5
911 -1.000000 5
915 1.000000 4
920 -1.000000 5
924 -1.000000 4
930 -1.000000 6
935 -1.000000 5
940 1.000000 5
945 1.000000 5
951 -1.000000 6
954 -1.000000 3
959 -1.000000 5
964 -1.000000 5
969 0.000000 5
975 1.000000 6
978 1.000000 3
984 1.000000 6
988 -1.000000 4
991 -1.000000 3
995 1.000000 4
999 -1.000000 4
1003 1.000000 4
1009 -1.000000 6
1014 -1.000000 5
1020 0.000000 6
1026 1.000000 6
1032 -1.000000 6
1037 -1.000000 5
1041 -1.000000 4
1046 -1.000000 5
1052 -1.000000 6
1058 -1.000000 6
1064 0.000000 6
1067 1.000000 3
1073 1.000000 6
1078 -1.000000 5
1082 1.000000 4
1087 -1.000000 5
1091 -1.000000 4
1095 -1.000000 4
1099 1.000000 4
1104 -1.000000 5
1109 1.000000 5
1113 1.000000 4
1119 1.000000 6
1122 -1.000000 3
1129 0.000000 7
1134 -1.000000 5
1138 -1.000000 4
1142 -1.000000 4
1148 1.000000 6
1152 -1.000000 4
1156 1.000000 4
1162 -1.000000 6
1166 1.000000 4
1172 1.000000 6
1177 1.000000 5
1181 -1.000000 4
1185 -1.000000 4
1190 -1.000000 5
1194 -1.000000 4
1198 1.000000 4
1203 1.000000 5
1209 0.000000 6
1212 -1.000000 3
1216 -1.000000 4
1220 1.000000 4
1226 -1.000000 6
1231 -1.000000 5
1234 1.000000 3
1240 0.000000 6
1243 1.000000 3
1247 1.000000 4
1251 -1.000000 4
1257 -1.000000 6
1261 -1.000000 4
1266 1.000000 5
1269 1.000000 3
1274 -1.000000 5
1279 1.000000 5
1282 1.000000 3
1287 -1.000000 5
1290 1.000000 3
1295 1.000000 5
1299 1.000000 4
1303 -1.000000 4
1308 -1.000000 5
1313 1.000000 5
1316 -1.000000 3
1320 -1.000000 4
1325 -1.000000 5
1330 1.000000 5
1336 1.000000 6
1340 1.000000 4
1344 -1.000000 4
1348 1.000000 4
1354 0.000000 6
1358 -1.000000 4
1362 1.000000 4
1367 -1.000000 5
1371 -1.000000 4
1377 -1.000000 6
1382 -1.000000 5
1385 -1.000000 3
1390 1.000000 5
1396 -1.000000 6
1401 1.000000 5
1406 -1.000000 5
1413 0.000000 7
1416 -1.000000 3
1422 -1.000000 6
1425 1.000000 3
1429 -1.000000 4
1434 1.000000 5
1438 -1.000000 4
1442 1.000000 4
1445 -1.000000 3
1450 -1.000000 5
1455 -1.000000 5
1461 0.000000 6
1467 0.000000 6
1474 1.000000 7
1481 1.000000 7
1485 1.000000 4
1490 -1.000000 5
1496 1.000000 6
1501 1.000000 5
1504 -1.000000 3
1509 -1.000000 5
1513 1.000000 4
1518 1.000000 5
1522 -1.000000 4
1526 -1.000000 4
1530 -1.000000 4
1535 1.000000 5
1540 -1.000000 5
1544 -1.000000 4
1551 -1.000000 7
1555 1.000000 4
1559 -1.000000 4
1564 -1.000000 5
1568 -1.000000 4
1573 1.000000 5
1578 0.000000 5
1582 -1.000000 4
1587 1.000000 5
1591 1.000000 4
1595 -1.000000 4
1600 -1.000000 5
1604 -1.000000 4
1609 -1.000000 5
1614 -1.000000 5
1620 -1.000000 6
1623 -1.000000 3
1629 0.000000 6
1634 1.000000 5
1639 1.000000 5
1643 1.000000 4
1648 -1.000000 5
1652 -1.000000 4
1656 1.000000 4
1659 1.000000 3
1666 1.000000 7
1671 1.000000 5
1675 -1.000000 4
1679 -1.000000 4
1685 0.000000 6
1689 1.000000 4
1694 1.000000 5
1698 1.000000 4
1701 -1.000000 3
1705 1.000000 4
1709 1.000000 4
1714 -1.000000 5
1717 1.000000 3
1723 -1.000000 6
1730 0.000000 7
1734 -1.000000 4
1741 -1.000000 7
1745 1.000000 4
1749 -1.000000 4
1754 -1.000000 5
1759 -1.000000 5
1765 1.000000 6
1770 -1.000000 5
1774 1.000000 4
1778 -1.000000 4
1783 0.000000 5
1787 -1.000000 4
1792 0.000000 5
1797 -1.000000 5
1802 -1.000000 5
1806 1.000000 4
1811 1.000000 5
1816 0.000000 5
1822 -1.000000 6
1826 -1.000000 4
