4 1.000000 4
8 1.000000 4
13 0.000000 5
17 -1.000000 4
21 -1.000000 4
24 -1.000000 3
29 1.000000 5
34 1.000000 5
38 -1.000000 4
42 1.000000 4
46 -1.000000 4
49 -1.000000 3
54 1.000000 5
58 1.000000 4
62 -1.000000 4
66 1.000000 4
71 1.000000 5
76 0.000000 5
80 -1.000000 4
85 1.000000 5
89 1.000000 4
93 1.000000 4
96 -1.000000 3
99 -1.000000 3
104 0.000000 5
109 1.000000 5
113 1.000000 4
116 1.000000 3
121 1.000000 5
126 0.000000 5
131 1.000000 5
135 1.000000 4
139 1.000000 4
143 1.000000 4
148 1.000000 5
151 -1.000000 3
155 -1.000000 4
159 1.000000 4
164 0.000000 5
168 -1.000000 4
172 1.000000 4
177 1.000000 5
182 1.000000 5
185 -1.000000 3
188 1.000000 3
192 1.000000 4
197 1.000000 5
202 1.000000 5
206 -1.000000 4
210 1.000000 4
215 1.000000 5
219 -1.000000 4
223 1.000000 4
227 1.000000 4
231 -1.000000 4
235 1.000000 4
238 -1.000000 3
241 1.000000 3
245 1.000000 4
249 -1.000000 4
253 -1.000000 4
257 -1.000000 4
261 1.000000 4
265 1.000000 4
269 -1.000000 4
273 1.000000 4
276 -1.000000 3
280 -1.000000 4
284 -1.000000 4
288 1.000000 4
293 1.000000 5
298 1.000000 5
302 1.000000 4
305 1.000000 3
308 1.000000 3
311 1.000000 3
315 1.000000 4
319 -1.000000 4
322 1.000000 3
326 -1.000000 4
331 0.000000 5
335 1.000000 4
340 0.000000 5
345 0.000000 5
350 1.000000 5
354 -1.000000 4
359 1.000000 5
364 1.000000 5
368 1.000000 4
373 0.000000 5
377 1.000000 4
381 1.000000 4
385 1.000000 4
390 0.000000 5
395 1.000000 5
398 1.000000 3
403 1.000000 5
407 1.000000 4
411 -1.000000 4
416 1.000000 5
419 -1.000000 3
424 1.000000 5
428 1.000000 4
432 -1.000000 4
437 0.000000 5
440 1.000000 3
444 1.000000 4
449 1.000000 5
452 1.000000 3
456 -1.000000 4
461 0.000000 5
466 0.000000 5
470 1.000000 4
474 1.000000 4
479 1.000000 5
483 1.000000 4
488 1.000000 5
493 1.000000 5
497 -1.000000 4
501 1.000000 4
506 1.000000 5
511 0.000000 5
515 -1.000000 4
520 1.000000 5
525 0.000000 5
530 0.000000 5
533 1.000000 3
537 1.000000 4
541 1.000000 4
546 0.000000 5
550 1.000000 4
554 -1.000000 4
557 -1.000000 3
562 1.000000 5
565 -1.000000 3
568 1.000000 3
572 1.000000 4
576 1.000000 4
581 1.000000 5
586 1.000000 5
589 1.000000 3
593 1.000000 4
598 1.000000 5
603 1.000000 5
607 -1.000000 4
612 1.000000 5
616 1.000000 4
619 -1.000000 3
623 -1.000000 4
628 0.000000 5
633 1.000000 5
638 1.000000 5
643 1.000000 5
646 1.000000 3
651 1.000000 5
656 1.000000 5
661 1.000000 5
664 1.000000 3
668 -1.000000 4
672 -1.000000 4
676 -1.000000 4
681 0.000000 5
685 1.000000 4
689 1.000000 4
693 -1.000000 4
697 1.000000 4
701 -1.000000 4
705 1.000000 4
709 1.000000 4
713 1.000000 4
717 -1.000000 4
721 1.000000 4
724 -1.000000 3
727 -1.000000 3
732 0.000000 5
737 1.000000 5
741 1.000000 4
746 0.000000 5
750 -1.000000 4
755 0.000000 5
759 1.000000 4
764 0.000000 5
768 1.000000 4
772 -1.000000 4
777 1.000000 5
782 0.000000 5
786 -1.000000 4
789 1.000000 3
792 -1.000000 3
797 1.000000 5
800 1.000000 3
804 1.000000 4
809 1.000000 5
814 1.000000 5
819 1.000000 5
822 -1.000000 3
826 1.000000 4
831 1.000000 5
835 -1.000000 4
839 1.000000 4
842 1.000000 3
847 0.000000 5
852 1.000000 5
856 -1.000000 4
861 1.000000 5
865 -1.000000 4
870 1.000000 5
874 1.000000 4
878 1.000000 4
882 1.000000 4
885 1.000000 3
888 1.000000 3
893 0.000000 5
897 1.000000 4
902 1.000000 5
907 0.000000 5
910 1.000000 3
914 -1.000000 4
918 -1.000000 4
921 -1.000000 3
924 1.000000 3
928 -1.000000 4
933 1.000000 5
937 1.000000 4
941 -1.000000 4
944 1.000000 3
947 1.000000 3
952 1.000000 5
956 1.000000 4
959 1.000000 3
962 -1.000000 3
965 1.000000 3
969 -1.000000 4
972 -1.000000 3
975 1.000000 3
980 0.000000 5
984 -1.000000 4
987 -1.000000 3
992 0.000000 5
997 1.000000 5
1000 1.000000 3
1004 -1.000000 4
1008 1.000000 4
1011 -1.000000 3
1016 1.000000 5
1021 1.000000 5
1026 1.000000 5
1030 1.000000 4
1034 -1.000000 4
1039 1.000000 5
1044 0.000000 5
1048 1.000000 4
1052 1.000000 4
1057 1.000000 5
1062 1.000000 5
1065 -1.000000 3
1069 -1.000000 4
1072 -1.000000 3
1076 1.000000 4
1081 0.000000 5
1085 -1.000000 4
1089 -1.000000 4
1094 0.000000 5
1098 -1.000000 4
1102 1.000000 4
1105 -1.000000 3
1109 1.000000 4
1113 1.000000 4
1117 -1.000000 4
1120 1.000000 3
1125 0.000000 5
1130 1.000000 5
1133 -1.000000 3
1137 1.000000 4
1142 1.000000 5
1146 1.000000 4
1150 -1.000000 4
1155 1.000000 5
1159 -1.000000 4
1163 -1.000000 4
1167 1.000000 4
1172 1.000000 5
1176 1.000000 4
1181 1.000000 5
1184 -1.000000 3
1188 1.000000 4
1191 1.000000 3
1196 0.000000 5
1201 0.000000 5
1206 0.000000 5
1211 0.000000 5
1214 1.000000 3
1219 1.000000 5
1223 1.000000 4
1226 -1.000000 3
1231 1.000000 5
1236 0.000000 5
1239 1.000000 3
1244 1.000000 5
1248 -1.000000 4
1252 1.000000 4
1257 0.000000 5
1260 1.000000 3
1265 1.000000 5
1270 0.000000 5
1275 1.000000 5
1279 1.000000 4
1283 -1.000000 4
1288 0.000000 5
1293 0.000000 5
1298 0.000000 5
1301 1.000000 3
1306 0.000000 5
1310 -1.000000 4
1314 1.000000 4
1318 -1.000000 4
1323 0.000000 5
1328 1.000000 5
1331 -1.000000 3
1335 -1.000000 4
1340 0.000000 5
1343 -1.000000 3
1347 1.000000 4
1351 1.000000 4
1356 0.000000 5
1361 0.000000 5
1364 1.000000 3
1368 1.000000 4
1372 -1.000000 4
1377 1.000000 5
1380 -1.000000 3
1384 -1.000000 4
1389 1.000000 5
1394 1.000000 5
1398 -1.000000 4
1402 1.000000 4
1405 -1.000000 3
1408 -1.000000 3
1413 1.000000 5
1417 1.000000 4
1421 -1.000000 4
1424 1.000000 3
1429 1.000000 5
1433 -1.000000 4
1438 1.000000 5
1442 -1.000000 4
1446 -1.000000 4
1451 0.000000 5
1455 1.000000 4
1459 1.000000 4
1463 -1.000000 4
1466 1.000000 3
1470 -1.000000 4
1474 1.000000 4
1479 1.000000 5
1483 1.000000 4
1488 0.000000 5
1493 1.000000 5
1497 1.000000 4
1500 1.000000 3
1505 0.000000 5
1509 1.000000 4
1514 1.000000 5
1517 1.000000 3
1521 1.000000 4
1525 1.000000 4
1528 1.000000 3
1533 0.000000 5
1537 -1.000000 4
1540 1.000000 3
1544 1.000000 4
1547 1.000000 3
1552 1.000000 5
1555 1.000000 3
1560 0.000000 5
1563 1.000000 3
1566 -1.000000 3
1570 -1.000000 4
1574 -1.000000 4
1578 -1.000000 4
1583 0.000000 5
1588 1.000000 5
1592 -1.000000 4
1596 -1.000000 4
1600 -1.000000 4
1603 1.000000 3
1608 1.000000 5
1611 1.000000 3
1614 1.000000 3
1617 -1.000000 3
1621 -1.000000 4
1626 1.000000 5
1631 1.000000 5
1634 1.000000 3
1637 1.000000 3
1641 -1.000000 4
1646 1.000000 5
1650 -1.000000 4
1654 1.000000 4
1657 1.000000 3
1661 -1.000000 4
1665 1.000000 4
1670 1.000000 5
1674 -1.000000 4
1679 0.000000 5
1683 1.000000 4
1686 1.000000 3
1691 0.000000 5
1696 0.000000 5
1700 1.000000 4
1704 -1.000000 4
1707 -1.000000 3
1711 -1.000000 4
1715 1.000000 4
1719 1.000000 4
1724 0.000000 5
1727 -1.000000 3
1731 1.000000 4
1734 1.000000 3
1738 -1.000000 4
1741 1.000000 3
1744 1.000000 3
1749 1.000000 5
1753 1.000000 4
1757 1.000000 4
1762 1.000000 5
1765 1.000000 3
1769 -1.000000 4
1774 0.000000 5
1778 1.000000 4
1783 1.000000 5
1788 0.000000 5
1792 -1.000000 4
1797 0.000000 5
1802 1.000000 5
1806 1.000000 4
1809 1.000000 3
1814 0.000000 5
1819 1.000000 5
1824 0.000000 5
1829 1.000000 5
1833 1.000000 4
1837 1.000000 4
1842 1.000000 5
1846 1.000000 4
1851 1.000000 5
1856 0.000000 5
1860 1.000000 4
1865 0.000000 5
1869 -1.000000 4
1873 1.000000 4
1878 0.000000 5
1883 1.000000 5
1887 1.000000 4
1892 1.000000 5
1896 1.000000 4
1901 0.000000 5
1904 1.000000 3
1907 -1.000000 3
1912 1.000000 5
1917 1.000000 5
1920 -1.000000 3
1923 1.000000 3
1928 1.000000 5
1932 -1.000000 4
1936 -1.000000 4
1940 1.000000 4
1945 1.000000 5
1949 -1.000000 4
1954 1.000000 5
1958 -1.000000 4
1963 0.000000 5
1966 1.000000 3
1970 1.000000 4
1975 0.000000 5
1978 -1.000000 3
1983 1.000000 5
1987 1.000000 4
1991 -1.000000 4
1995 -1.000000 4
1999 -1.000000 4
2002 -1.000000 3
2006 1.000000 4
2010 1.000000 4
2014 1.000000 4
2017 -1.000000 3
2021 -1.000000 4
2024 1.000000 3
2029 1.000000 5
2034 1.000000 5
2039 0.000000 5
2042 -1.000000 3
2047 1.000000 5
2051 1.000000 4
2056 0.000000 5
2059 -1.000000 3
2063 1.000000 4
2068 0.000000 5
2073 1.000000 5
2078 0.000000 5
2083 1.000000 5
2088 1.000000 5
2092 1.000000 4
2097 0.000000 5
2100 1.000000 3
2104 1.000000 4
2108 1.000000 4
2113 1.000000 5
2117 1.000000 4
2122 0.000000 5
2126 -1.000000 4
2130 1.000000 4
2133 -1.000000 3
2138 1.000000 5
2143 1.000000 5
2147 -1.000000 4
2151 -1.000000 4
2156 1.000000 5
2160 1.000000 4
2165 0.000000 5
2169 1.000000 4
2172 1.000000 3
2177 1.000000 5
2182 1.000000 5
2186 -1.000000 4
2190 -1.000000 4
2193 -1.000000 3
2198 1.000000 5
2202 -1.000000 4
2205 -1.000000 3
2210 1.000000 5
2214 1.000000 4
2218 -1.000000 4
2222 -1.000000 4
2226 -1.000000 4
2231 0.000000 5
2234 1.000000 3
2238 -1.000000 4
2242 1.000000 4
2246 1.000000 4
2251 0.000000 5
2254 -1.000000 3
2257 -1.000000 3
2262 1.000000 5
2266 1.000000 4
2271 0.000000 5
2276 1.000000 5
2280 -1.000000 4
2284 -1.000000 4
2287 -1.000000 3
2290 -1.000000 3
2294 -1.000000 4
2299 0.000000 5
2303 -1.000000 4
2306 1.000000 3
2310 -1.000000 4
2314 -1.000000 4
2319 1.000000 5
2324 1.000000 5
2328 -1.000000 4
2331 1.000000 3
2335 1.000000 4
2339 1.000000 4
2343 -1.000000 4
2347 1.000000 4
2351 1.000000 4
2355 1.000000 4
2359 1.000000 4
2363 -1.000000 4
2367 1.000000 4
2370 1.000000 3
2374 1.000000 4
2379 1.000000 5
2382 -1.000000 3
2387 1.000000 5
2391 1.000000 4
2394 -1.000000 3
2399 0.000000 5
2403 -1.000000 4
2407 1.000000 4
2411 1.000000 4
2415 1.000000 4
2420 1.000000 5
2424 1.000000 4
2428 1.000000 4
2432 -1.000000 4
2437 1.000000 5
2442 1.000000 5
2446 1.000000 4
2449 -1.000000 3
2453 1.000000 4
2457 -1.000000 4
2460 -1.000000 3
2465 1.000000 5
2468 1.000000 3
2472 -1.000000 4
2477 1.000000 5
2480 -1.000000 3
2485 1.000000 5
2489 1.000000 4
2492 -1.000000 3
2497 0.000000 5
2501 -1.000000 4
2506 1.000000 5
2510 1.000000 4
2514 -1.000000 4
2519 1.000000 5
2522 -1.000000 3
2525 1.000000 3
2529 -1.000000 4
2533 -1.000000 4
2538 0.000000 5
2542 -1.000000 4
2547 0.000000 5
2552 1.000000 5
2557 1.000000 5
2561 -1.000000 4
2565 -1.000000 4
2569 1.000000 4
2573 1.000000 4
2577 1.000000 4
2581 1.000000 4
2585 1.000000 4
2590 1.000000 5
2595 1.000000 5
2599 1.000000 4
2603 -1.000000 4
2606 1.000000 3
2610 -1.000000 4
2614 1.000000 4
2618 1.000000 4
2622 -1.000000 4
2627 0.000000 5
2631 1.000000 4
2636 1.000000 5
2640 -1.000000 4
2645 0.000000 5
2650 1.000000 5
2654 -1.000000 4
2657 -1.000000 3
2660 -1.000000 3
2665 0.000000 5
2669 1.000000 4
2674 1.000000 5
2679 0.000000 5
2682 -1.000000 3
2687 1.000000 5
2692 1.000000 5
2695 1.000000 3
2699 -1.000000 4
2703 -1.000000 4
2707 1.000000 4
2711 -1.000000 4
2715 1.000000 4
2720 1.000000 5
2725 1.000000 5
2729 1.000000 4
2733 -1.000000 4
2736 -1.000000 3
2740 1.000000 4
2743 1.000000 3
2747 1.000000 4
2751 -1.000000 4
2756 0.000000 5
2760 -1.000000 4
2763 -1.000000 3
2767 1.000000 4
2771 1.000000 4
2776 0.000000 5
2781 0.000000 5
2786 0.000000 5
2790 1.000000 4
2793 -1.000000 3
2797 -1.000000 4
2801 -1.000000 4
2806 0.000000 5
2809 1.000000 3
2813 1.000000 4
2817 1.000000 4
2821 1.000000 4
2826 1.000000 5
2830 1.000000 4
2834 -1.000000 4
2839 1.000000 5
2842 -1.000000 3
2847 1.000000 5
2852 1.000000 5
2857 1.000000 5
2862 0.000000 5
2866 -1.000000 4
2870 1.000000 4
2874 1.000000 4
2877 1.000000 3
2882 1.000000 5
2886 -1.000000 4
2890 -1.000000 4
2894 1.000000 4
2897 1.000000 3
2900 -1.000000 3
2904 1.000000 4
2908 1.000000 4
2913 1.000000 5
2917 1.000000 4
2921 1.000000 4
2925 1.000000 4
2930 1.000000 5
2934 1.000000 4
2939 0.000000 5
2943 1.000000 4
2948 0.000000 5
2952 -1.000000 4
2955 1.000000 3
2958 -1.000000 3
2961 1.000000 3
2964 -1.000000 3
2968 1.000000 4
2973 1.000000 5
2978 1.000000 5
2982 1.000000 4
2986 -1.000000 4
2990 -1.000000 4
2994 -1.000000 4
2998 -1.000000 4
3002 1.000000 4
3006 -1.000000 4
3011 1.000000 5
3016 1.000000 5
3021 0.000000 5
3025 1.000000 4
3029 1.000000 4
3033 -1.000000 4
3037 1.000000 4
3040 -1.000000 3
3044 1.000000 4
3048 -1.000000 4
3051 -1.000000 3
3055 1.000000 4
3059 1.000000 4
3064 1.000000 5
3068 1.000000 4
3071 -1.000000 3
3074 -1.000000 3
3079 1.000000 5
3083 -1.000000 4
3088 1.000000 5
3093 1.000000 5
3098 1.000000 5
3102 1.000000 4
3106 1.000000 4
3111 1.000000 5
3114 -1.000000 3
3117 -1.000000 3
3121 -1.000000 4
3124 -1.000000 3
3127 -1.000000 3
3130 1.000000 3
3135 0.000000 5
3139 -1.000000 4
3143 1.000000 4
3148 1.000000 5
3152 1.000000 4
3156 -1.000000 4
3160 1.000000 4
3165 1.000000 5
3169 1.000000 4
3174 1.000000 5
3178 1.000000 4
3182 1.000000 4
3187 1.000000 5
3190 -1.000000 3
3194 -1.000000 4
3198 1.000000 4
3202 1.000000 4
3207 0.000000 5
3211 -1.000000 4
3216 1.000000 5
3221 0.000000 5
3224 1.000000 3
3229 1.000000 5
3234 1.000000 5
3238 1.000000 4
3243 0.000000 5
3246 1.000000 3
3250 1.000000 4
3254 -1.000000 4
3259 1.000000 5
3263 1.000000 4
3266 1.000000 3
3270 1.000000 4
3273 -1.000000 3
3277 1.000000 4
3281 -1.000000 4
3284 1.000000 3
3288 1.000000 4
3291 -1.000000 3
3296 1.000000 5
3299 1.000000 3
3303 1.000000 4
3308 1.000000 5
3313 1.000000 5
3316 1.000000 3
3321 1.000000 5
3326 1.000000 5
3331 0.000000 5
3335 -1.000000 4
3339 1.000000 4
3343 1.000000 4
3348 1.000000 5
3353 1.000000 5
3356 1.000000 3
3360 -1.000000 4
3364 1.000000 4
3367 -1.000000 3
3371 1.000000 4
3376 0.000000 5
3380 -1.000000 4
3384 1.000000 4
3389 1.000000 5
3392 -1.000000 3
3397 1.000000 5
3402 1.000000 5
3405 1.000000 3
3409 -1.000000 4
3413 -1.000000 4
3417 1.000000 4
3422 1.000000 5
3426 1.000000 4
3430 1.000000 4
3435 1.000000 5
3439 1.000000 4
3443 -1.000000 4
3447 1.000000 4
3452 1.000000 5
3456 -1.000000 4
3459 1.000000 3
3462 1.000000 3
3466 -1.000000 4
3470 -1.000000 4
3474 1.000000 4
3478 1.000000 4
3482 1.000000 4
3486 1.000000 4
3491 0.000000 5
3496 1.000000 5
3500 1.000000 4
3504 -1.000000 4
3508 1.000000 4
3512 1.000000 4
3516 -1.000000 4
3521 1.000000 5
3525 -1.000000 4
3529 1.000000 4
3534 1.000000 5
3538 1.000000 4
3542 -1.000000 4
3545 -1.000000 3
3550 1.000000 5
3554 1.000000 4
3557 1.000000 3
3561 -1.000000 4
3565 1.000000 4
3568 1.000000 3
3572 -1.000000 4
3577 1.000000 5
3581 -1.000000 4
3584 -1.000000 3
3588 -1.000000 4
3591 1.000000 3
3594 1.000000 3
3598 1.000000 4
3603 0.000000 5
3608 1.000000 5
3611 -1.000000 3
3615 -1.000000 4
3620 1.000000 5
3624 -1.000000 4
3629 1.000000 5
3633 1.000000 4
3638 0.000000 5
3643 1.000000 5
3646 -1.000000 3
3650 -1.000000 4
3654 1.000000 4
3658 1.000000 4
3663 0.000000 5
3666 -1.000000 3
3671 1.000000 5
3675 1.000000 4
3680 1.000000 5
3685 1.000000 5
3690 1.000000 5
3694 1.000000 4
3698 -1.000000 4
3703 0.000000 5
3708 1.000000 5
3713 1.000000 5
3718 1.000000 5
3723 1.000000 5
3726 1.000000 3
3730 -1.000000 4
3733 -1.000000 3
3738 1.000000 5
3743 1.000000 5
3748 1.000000 5
3752 -1.000000 4
3756 1.000000 4
3761 0.000000 5
3764 -1.000000 3
3769 0.000000 5
3774 1.000000 5
3777 1.000000 3
3780 -1.000000 3
3784 -1.000000 4
3789 1.000000 5
3792 1.000000 3
3796 -1.000000 4
3801 1.000000 5
3804 -1.000000 3
3808 1.000000 4
3811 1.000000 3
3816 0.000000 5
3820 -1.000000 4
3824 1.000000 4
3828 1.000000 4
3832 -1.000000 4
3835 -1.000000 3
3838 -1.000000 3
3841 1.000000 3
3844 -1.000000 3
3847 1.000000 3
3851 1.000000 4
3855 -1.000000 4
3859 1.000000 4
3864 0.000000 5
3869 1.000000 5
3872 -1.000000 3
3876 -1.000000 4
3879 -1.000000 3
3884 1.000000 5
3888 1.000000 4
3892 -1.000000 4
3897 1.000000 5
3901 -1.000000 4
3906 1.000000 5
3910 1.000000 4
3914 1.000000 4
3918 1.000000 4
3923 0.000000 5
3926 -1.000000 3
3929 1.000000 3
3933 1.000000 4
3938 1.000000 5
3943 1.000000 5
3947 1.000000 4
3951 -1.000000 4
3956 1.000000 5
3960 -1.000000 4
3965 1.000000 5
3969 -1.000000 4
3973 1.000000 4
3977 1.000000 4
3981 -1.000000 4
3984 -1.000000 3
3988 1.000000 4
3993 1.000000 5
3997 1.000000 4
4001 1.000000 4
4006 1.000000 5
4010 -1.000000 4
4013 -1.000000 3
4017 -1.000000 4
4021 1.000000 4
4024 -1.000000 3
4028 1.000000 4
4031 -1.000000 3
4036 1.000000 5
4040 -1.000000 4
4044 1.000000 4
4049 1.000000 5
4053 -1.000000 4
4057 -1.000000 4
4060 -1.000000 3
4065 1.000000 5
4068 -1.000000 3
4072 1.000000 4
4077 0.000000 5
4081 1.000000 4
4085 1.000000 4
4090 1.000000 5
4094 1.000000 4
4099 0.000000 5
4104 0.000000 5
4108 1.000000 4
4111 -1.000000 3
4115 1.000000 4
4119 -1.000000 4
4123 1.000000 4
4126 1.000000 3
4129 1.000000 3
4134 0.000000 5
4138 1.000000 4
4143 0.000000 5
4148 1.000000 5
4153 1.000000 5
4156 -1.000000 3
4160 -1.000000 4
4165 0.000000 5
4170 1.000000 5
4174 -1.000000 4
4179 0.000000 5
4184 1.000000 5
4188 1.000000 4
4191 -1.000000 3
4194 -1.000000 3
4199 1.000000 5
4204 1.000000 5
4209 1.000000 5
4213 -1.000000 4
4218 1.000000 5
4223 1.000000 5
4228 1.000000 5
4233 1.000000 5
4236 -1.000000 3
4241 0.000000 5
4245 1.000000 4
4250 1.000000 5
4255 1.000000 5
4260 0.000000 5
4263 1.000000 3
4268 0.000000 5
4272 1.000000 4
4277 0.000000 5
4280 -1.000000 3
4285 1.000000 5
4290 1.000000 5
4295 1.000000 5
4299 -1.000000 4
4304 0.000000 5
4308 -1.000000 4
4312 1.000000 4
4316 1.000000 4
4320 1.000000 4
4324 1.000000 4
4328 1.000000 4
4333 1.000000 5
4338 0.000000 5
4342 1.000000 4
4346 1.000000 4
4349 1.000000 3
4354 0.000000 5
4359 0.000000 5
4363 1.000000 4
4366 1.000000 3
4370 1.000000 4
4373 -1.000000 3
4378 1.000000 5
4382 1.000000 4
4385 1.000000 3
4390 1.000000 5
4395 0.000000 5
4400 0.000000 5
4404 1.000000 4
4409 1.000000 5
4412 1.000000 3
4416 -1.000000 4
4420 1.000000 4
4423 -1.000000 3
4426 1.000000 3
4430 -1.000000 4
4434 1.000000 4
4438 -1.000000 4
4442 1.000000 4
4445 1.000000 3
4449 1.000000 4
4454 1.000000 5
4459 0.000000 5
4463 -1.000000 4
4466 1.000000 3
4470 1.000000 4
4473 1.000000 3
4478 1.000000 5
4482 -1.000000 4
4486 1.000000 4
4490 -1.000000 4
4495 1.000000 5
4499 -1.000000 4
4503 -1.000000 4
4508 1.000000 5
4513 1.000000 5
4518 1.000000 5
4523 0.000000 5
4528 0.000000 5
4533 1.000000 5
4538 1.000000 5
4541 1.000000 3
4545 1.000000 4
4549 -1.000000 4
4554 0.000000 5
4558 1.000000 4
4562 1.000000 4
4567 0.000000 5
4571 1.000000 4
4576 0.000000 5
4580 -1.000000 4
4585 1.000000 5
4589 -1.000000 4
4592 1.000000 3
4596 -1.000000 4
4601 0.000000 5
4605 1.000000 4
4609 1.000000 4
4614 1.000000 5
4619 1.000000 5
4623 1.000000 4
4627 1.000000 4
4630 1.000000 3
4633 1.000000 3
4637 1.000000 4
4641 1.000000 4
4646 1.000000 5
4651 1.000000 5
4655 1.000000 4
4660 1.000000 5
4664 1.000000 4
4668 1.000000 4
4672 1.000000 4
4677 0.000000 5
4681 -1.000000 4
4684 -1.000000 3
4688 1.000000 4
4693 1.000000 5
4698 0.000000 5
4701 1.000000 3
4705 -1.000000 4
4709 1.000000 4
4714 1.000000 5
4718 -1.000000 4
4723 1.000000 5
4727 1.000000 4
4730 -1.000000 3
4735 1.000000 5
4739 1.000000 4
4743 1.000000 4
4747 -1.000000 4
4752 0.000000 5
4756 -1.000000 4
4761 1.000000 5
4766 1.000000 5
4770 -1.000000 4
4775 0.000000 5
4779 -1.000000 4
4783 1.000000 4
4787 -1.000000 4
4791 1.000000 4
4795 1.000000 4
4799 1.000000 4
4804 1.000000 5
4809 1.000000 5
4813 1.000000 4
4816 1.000000 3
4821 1.000000 5
4825 -1.000000 4
4830 0.000000 5
4835 1.000000 5
4840 0.000000 5
4844 -1.000000 4
4849 1.000000 5
4853 -1.000000 4
4856 1.000000 3
4860 1.000000 4
4864 -1.000000 4
4869 0.000000 5
4873 1.000000 4
4878 1.000000 5
4882 -1.000000 4
4887 1.000000 5
4892 0.000000 5
4896 -1.000000 4
4901 0.000000 5
4904 -1.000000 3
4907 1.000000 3
4910 -1.000000 3
4914 1.000000 4
4917 1.000000 3
4921 -1.000000 4
4926 1.000000 5
4930 1.000000 4
4933 -1.000000 3
4937 -1.000000 4
4942 1.000000 5
4945 1.000000 3
4949 1.000000 4
4953 -1.000000 4
4956 -1.000000 3
4961 0.000000 5
4965 -1.000000 4
4969 1.000000 4
4973 -1.000000 4
4977 1.000000 4
4982 1.000000 5
4986 1.000000 4
4991 1.000000 5
4995 1.000000 4
4999 1.000000 4
5003 -1.000000 4
5007 -1.000000 4
5011 -1.000000 4
5016 1.000000 5
5020 -1.000000 4
5024 1.000000 4
5028 -1.000000 4
5032 1.000000 4
5036 -1.000000 4
5040 1.000000 4
5045 1.000000 5
5049 -1.000000 4
5053 -1.000000 4
5056 -1.000000 3
5060 -1.000000 4
5064 -1.000000 4
5068 1.000000 4
5072 1.000000 4
5075 -1.000000 3
5078 1.000000 3
5082 1.000000 4
5087 1.000000 5
5092 1.000000 5
5095 1.000000 3
5100 1.000000 5
5104 -1.000000 4
5109 1.000000 5
5112 1.000000 3
5117 1.000000 5
5121 -1.000000 4
5125 1.000000 4
5129 1.000000 4
5134 1.000000 5
5138 -1.000000 4
5143 1.000000 5
5147 1.000000 4
5151 1.000000 4
5156 1.000000 5
5159 1.000000 3
5164 0.000000 5
5169 1.000000 5
5174 1.000000 5
5178 1.000000 4
5182 -1.000000 4
5186 -1.000000 4
5190 1.000000 4
5194 1.000000 4
5199 1.000000 5
5203 1.000000 4
5207 1.000000 4
5210 1.000000 3
5215 1.000000 5
5219 1.000000 4
5224 1.000000 5
5227 -1.000000 3
5231 1.000000 4
5236 1.000000 5
5241 0.000000 5
5246 0.000000 5
5251 1.000000 5
5255 -1.000000 4
5260 1.000000 5
5264 1.000000 4
5269 1.000000 5
5273 -1.000000 4
5277 -1.000000 4
5282 1.000000 5
5285 -1.000000 3
5290 1.000000 5
5295 0.000000 5
5299 -1.000000 4
5303 -1.000000 4
5307 1.000000 4
5311 -1.000000 4
5315 -1.000000 4
5319 1.000000 4
5324 1.000000 5
5328 1.000000 4
5331 -1.000000 3
5336 1.000000 5
5341 0.000000 5
5346 0.000000 5
5350 1.000000 4
5353 -1.000000 3
5357 1.000000 4
5360 1.000000 3
5365 0.000000 5
5370 1.000000 5
5375 0.000000 5
5379 1.000000 4
5384 1.000000 5
5388 1.000000 4
5392 1.000000 4
5395 1.000000 3
5399 1.000000 4
5403 1.000000 4
5406 -1.000000 3
5411 1.000000 5
5415 1.000000 4
5418 -1.000000 3
5423 0.000000 5
5426 -1.000000 3
5431 0.000000 5
5435 1.000000 4
5440 1.000000 5
5444 -1.000000 4
5448 1.000000 4
5453 0.000000 5
5457 1.000000 4
5460 1.000000 3
5465 1.000000 5
5469 -1.000000 4
5473 1.000000 4
5476 1.000000 3
5481 0.000000 5
5485 -1.000000 4
5489 -1.000000 4
5494 0.000000 5
5498 1.000000 4
5501 -1.000000 3
5505 -1.000000 4
5510 1.000000 5
5515 1.000000 5
5520 1.000000 5
5525 1.000000 5
5530 1.000000 5
5534 1.000000 4
5537 -1.000000 3
5541 1.000000 4
5544 1.000000 3
5549 1.000000 5
5554 1.000000 5
5557 1.000000 3
5561 1.000000 4
5565 1.000000 4
5569 -1.000000 4
5572 1.000000 3
5577 0.000000 5
5581 1.000000 4
5584 1.000000 3
5587 -1.000000 3
5591 1.000000 4
5595 -1.000000 4
5599 1.000000 4
5602 1.000000 3
5607 0.000000 5
5611 -1.000000 4
5616 1.000000 5
5621 0.000000 5
5626 0.000000 5
5630 1.000000 4
5635 1.000000 5
5639 1.000000 4
5643 1.000000 4
5647 1.000000 4
5651 1.000000 4
5655 -1.000000 4
5659 1.000000 4
5664 1.000000 5
5667 -1.000000 3
5672 1.000000 5
5677 1.000000 5
5682 1.000000 5
5686 1.000000 4
5690 -1.000000 4
5694 1.000000 4
5697 1.000000 3
5702 1.000000 5
5705 -1.000000 3
5710 1.000000 5
5713 1.000000 3
5718 0.000000 5
5723 0.000000 5
5728 1.000000 5
5732 1.000000 4
5737 1.000000 5
5742 1.000000 5
5745 -1.000000 3
5748 -1.000000 3
5751 1.000000 3
5756 1.000000 5
5760 1.000000 4
5764 -1.000000 4
5768 -1.000000 4
5772 -1.000000 4
5776 1.000000 4
5781 1.000000 5
5785 -1.000000 4
5789 -1.000000 4
5794 0.000000 5
5799 1.000000 5
5803 1.000000 4
5808 0.000000 5
5812 1.000000 4
5817 1.000000 5
5821 1.000000 4
5825 1.000000 4
5830 1.000000 5
5833 -1.000000 3
5837 1.000000 4
5841 -1.000000 4
5844 -1.000000 3
5847 -1.000000 3
5852 0.000000 5
5857 1.000000 5
5862 1.000000 5
5866 1.000000 4
5869 1.000000 3
5873 1.000000 4
5876 -1.000000 3
5880 -1.000000 4
5884 1.000000 4
5887 1.000000 3
5891 -1.000000 4
5894 1.000000 3
5898 1.000000 4
5903 1.000000 5
5907 -1.000000 4
5912 1.000000 5
5915 -1.000000 3
5920 1.000000 5
5924 -1.000000 4
5929 1.000000 5
5933 -1.000000 4
5937 -1.000000 4
5942 1.000000 5
5945 -1.000000 3
5950 0.000000 5
5953 1.000000 3
5957 -1.000000 4
5962 1.000000 5
5967 1.000000 5
5971 1.000000 4
5975 -1.000000 4
5980 1.000000 5
5983 -1.000000 3
5987 -1.000000 4
5990 -1.000000 3
5993 -1.000000 3
5997 1.000000 4
6001 -1.000000 4
6006 0.000000 5
6011 1.000000 5
6016 1.000000 5
6021 1.000000 5
6025 -1.000000 4
6030 1.000000 5
6033 1.000000 3
6036 1.000000 3
6039 1.000000 3
6043 -1.000000 4
6048 1.000000 5
6051 -1.000000 3
6055 1.000000 4
6059 1.000000 4
6063 1.000000 4
6066 -1.000000 3
6070 1.000000 4
6074 1.000000 4
6078 -1.000000 4
6081 1.000000 3
6086 1.000000 5
6089 -1.000000 3
6094 1.000000 5
6098 1.000000 4
6103 1.000000 5
6107 1.000000 4
6111 -1.000000 4
6114 1.000000 3
6117 1.000000 3
6121 1.000000 4
6125 -1.000000 4
6130 1.000000 5
6135 1.000000 5
6139 -1.000000 4
6142 1.000000 3
6146 1.000000 4
6150 -1.000000 4
6155 1.000000 5
6159 1.000000 4
6163 1.000000 4
6166 -1.000000 3
6171 1.000000 5
6175 1.000000 4
6180 0.000000 5
6184 1.000000 4
6188 -1.000000 4
6191 1.000000 3
6194 1.000000 3
6199 1.000000 5
6204 1.000000 5
6209 1.000000 5
6214 1.000000 5
6218 -1.000000 4
6221 1.000000 3
6225 1.000000 4
6229 1.000000 4
6233 -1.000000 4
6238 0.000000 5
6242 1.000000 4
6247 0.000000 5
6252 1.000000 5
6257 0.000000 5
6262 0.000000 5
6266 1.000000 4
6270 1.000000 4
6273 1.000000 3
6278 1.000000 5
6282 -1.000000 4
6286 -1.000000 4
6291 1.000000 5
6294 1.000000 3
6298 1.000000 4
6302 -1.000000 4
6305 1.000000 3
6308 1.000000 3
6312 -1.000000 4
6316 1.000000 4
6320 1.000000 4
6324 -1.000000 4
6328 -1.000000 4
6332 -1.000000 4
6336 -1.000000 4
6341 0.000000 5
6345 1.000000 4
6348 -1.000000 3
6351 1.000000 3
6354 -1.000000 3
6359 1.000000 5
6363 1.000000 4
6368 0.000000 5
6372 -1.000000 4
6377 1.000000 5
6382 1.000000 5
6385 -1.000000 3
6390 0.000000 5
6395 1.000000 5
6399 1.000000 4
6404 1.000000 5
6408 1.000000 4
6412 -1.000000 4
6417 0.000000 5
6420 -1.000000 3
6424 -1.000000 4
6429 1.000000 5
6434 1.000000 5
6439 0.000000 5
6443 1.000000 4
6447 1.000000 4
6450 -1.000000 3
6455 1.000000 5
6459 -1.000000 4
6462 1.000000 3
6465 -1.000000 3
6468 -1.000000 3
6473 1.000000 5
6477 -1.000000 4
6482 1.000000 5
6486 -1.000000 4
6490 1.000000 4
6495 1.000000 5
6498 1.000000 3
6501 1.000000 3
6505 -1.000000 4
6508 -1.000000 3
6512 1.000000 4
6515 -1.000000 3
6519 1.000000 4
6523 -1.000000 4
6528 1.000000 5
6532 1.000000 4
6536 1.000000 4
6539 1.000000 3
6542 1.000000 3
6547 1.000000 5
6551 1.000000 4
6556 1.000000 5
6561 1.000000 5
6564 -1.000000 3
6568 1.000000 4
6573 1.000000 5
6577 1.000000 4
6582 1.000000 5
6586 -1.000000 4
6590 1.000000 4
6594 1.000000 4
6597 1.000000 3
6601 1.000000 4
6606 0.000000 5
6610 1.000000 4
6613 1.000000 3
6616 -1.000000 3
6620 -1.000000 4
6624 1.000000 4
6627 1.000000 3
6631 -1.000000 4
6634 1.000000 3
6639 1.000000 5
6642 -1.000000 3
6647 0.000000 5
6651 1.000000 4
6656 0.000000 5
6660 1.000000 4
6664 -1.000000 4
6668 -1.000000 4
6673 0.000000 5
6677 -1.000000 4
6682 0.000000 5
6687 0.000000 5
6691 1.000000 4
6695 1.000000 4
6699 -1.000000 4
6704 1.000000 5
6708 1.000000 4
6712 1.000000 4
6717 1.000000 5
6721 1.000000 4
6724 1.000000 3
6729 0.000000 5
6734 0.000000 5
6738 1.000000 4
6743 1.000000 5
6748 1.000000 5
6752 -1.000000 4
6756 1.000000 4
6759 -1.000000 3
6764 1.000000 5
6767 -1.000000 3
6771 1.000000 4
6775 -1.000000 4
6780 1.000000 5
6784 1.000000 4
6789 0.000000 5
6793 1.000000 4
6796 -1.000000 3
6800 -1.000000 4
6804 -1.000000 4
6808 -1.000000 4
6811 1.000000 3
6814 1.000000 3
6819 0.000000 5
6824 1.000000 5
6829 1.000000 5
6833 -1.000000 4
6836 1.000000 3
6841 1.000000 5
6844 1.000000 3
6847 1.000000 3
6851 -1.000000 4
6856 0.000000 5
6860 -1.000000 4
6864 1.000000 4
6868 -1.000000 4
6872 -1.000000 4
6875 -1.000000 3
6880 1.000000 5
6885 1.000000 5
6890 1.000000 5
6895 0.000000 5
6899 -1.000000 4
6903 1.000000 4
6907 1.000000 4
6912 1.000000 5
6917 0.000000 5
6921 1.000000 4
6924 -1.000000 3
6927 -1.000000 3
6930 1.000000 3
6935 1.000000 5
6939 1.000000 4
6943 1.000000 4
6946 -1.000000 3
6950 -1.000000 4
6953 1.000000 3
6957 1.000000 4
6962 1.000000 5
6965 1.000000 3
6969 1.000000 4
6974 1.000000 5
6977 1.000000 3
6982 1.000000 5
6987 1.000000 5
6991 1.000000 4
6995 -1.000000 4
6998 1.000000 3
7003 1.000000 5
7007 1.000000 4
7012 1.000000 5
7016 1.000000 4
7020 1.000000 4
7025 0.000000 5
7029 1.000000 4
7033 1.000000 4
7038 0.000000 5
7043 0.000000 5
7048 1.000000 5
7052 1.000000 4
7056 -1.000000 4
7060 -1.000000 4
7064 1.000000 4
7068 -1.000000 4
7071 1.000000 3
7075 1.000000 4
7080 0.000000 5
7085 1.000000 5
7089 -1.000000 4
7094 0.000000 5
7098 -1.000000 4
7102 -1.000000 4
7106 -1.000000 4
7109 1.000000 3
7114 1.000000 5
7117 -1.000000 3
7122 1.000000 5
7126 -1.000000 4
7130 1.000000 4
7134 -1.000000 4
7139 1.000000 5
7144 1.000000 5
7149 1.000000 5
7154 1.000000 5
7158 1.000000 4
7163 0.000000 5
7167 1.000000 4
7170 -1.000000 3
7173 1.000000 3
7178 0.000000 5
7182 -1.000000 4
7186 1.000000 4
7190 1.000000 4
7194 -1.000000 4
7197 -1.000000 3
7200 1.000000 3
7204 1.000000 4
7208 -1.000000 4
7212 -1.000000 4
7216 -1.000000 4
7220 1.000000 4
7224 1.000000 4
7227 1.000000 3
7231 1.000000 4
7235 1.000000 4
7239 1.000000 4
7243 1.000000 4
7246 1.000000 3
7251 0.000000 5
7254 1.000000 3
7259 1.000000 5
7264 0.000000 5
7268 -1.000000 4
7271 -1.000000 3
7274 -1.000000 3
7279 1.000000 5
7284 1.000000 5
7287 -1.000000 3
7291 1.000000 4
7296 0.000000 5
7299 -1.000000 3
7303 1.000000 4
7308 1.000000 5
7312 1.000000 4
7316 1.000000 4
7319 1.000000 3
7323 1.000000 4
7327 1.000000 4
7331 1.000000 4
7335 -1.000000 4
7339 1.000000 4
7342 1.000000 3
7347 1.000000 5
7350 -1.000000 3
7353 1.000000 3
7357 -1.000000 4
7360 -1.000000 3
7365 1.000000 5
7369 1.000000 4
7373 1.000000 4
7377 -1.000000 4
7381 1.000000 4
7385 -1.000000 4
7389 1.000000 4
7394 1.000000 5
7399 0.000000 5
7404 1.000000 5
7409 0.000000 5
7412 1.000000 3
7417 1.000000 5
7422 0.000000 5
7426 -1.000000 4
7431 1.000000 5
7435 1.000000 4
7440 1.000000 5
7445 1.000000 5
7448 1.000000 3
7453 1.000000 5
7456 -1.000000 3
7460 -1.000000 4
7464 -1.000000 4
7468 -1.000000 4
7472 1.000000 4
7477 0.000000 5
7481 1.000000 4
7486 1.000000 5
7491 0.000000 5
7495 -1.000000 4
7499 1.000000 4
7504 1.000000 5
7509 0.000000 5
7513 1.000000 4
7518 1.000000 5
7523 1.000000 5
7528 0.000000 5
7532 1.000000 4
7536 1.000000 4
7540 1.000000 4
7543 1.000000 3
7548 1.000000 5
7551 -1.000000 3
7555 1.000000 4
7559 1.000000 4
7564 1.000000 5
7568 1.000000 4
7572 1.000000 4
7575 -1.000000 3
7580 1.000000 5
7584 1.000000 4
7588 -1.000000 4
7593 0.000000 5
7598 1.000000 5
7602 1.000000 4
7605 -1.000000 3
7609 -1.000000 4
7613 -1.000000 4
7618 1.000000 5
7623 1.000000 5
7627 1.000000 4
7631 1.000000 4
7635 1.000000 4
7640 1.000000 5
7644 -1.000000 4
7649 1.000000 5
7652 1.000000 3
7657 1.000000 5
7662 0.000000 5
7667 0.000000 5
7671 1.000000 4
7675 1.000000 4
7679 -1.000000 4
7682 1.000000 3
7687 1.000000 5
7690 -1.000000 3
7694 1.000000 4
7697 -1.000000 3
7701 1.000000 4
7706 0.000000 5
7711 0.000000 5
7715 -1.000000 4
7718 1.000000 3
7723 0.000000 5
7726 -1.000000 3
7730 1.000000 4
7734 -1.000000 4
7738 1.000000 4
7743 0.000000 5
7747 -1.000000 4
7750 -1.000000 3
7754 1.000000 4
7758 -1.000000 4
7762 -1.000000 4
7765 -1.000000 3
7769 -1.000000 4
7774 1.000000 5
7778 -1.000000 4
7782 1.000000 4
7786 1.000000 4
7789 -1.000000 3
7794 0.000000 5
7798 1.000000 4
7803 0.000000 5
7807 1.000000 4
7810 -1.000000 3
7815 1.000000 5
7819 -1.000000 4
7823 -1.000000 4
7828 0.000000 5
7833 0.000000 5
7838 1.000000 5
7842 1.000000 4
7846 1.000000 4
7851 1.000000 5
7856 1.000000 5
7860 1.000000 4
7863 1.000000 3
7867 1.000000 4
7871 -1.000000 4
7874 1.000000 3
7877 -1.000000 3
7880 1.000000 3
7885 1.000000 5
7889 1.000000 4
7893 1.000000 4
7898 0.000000 5
7903 0.000000 5
7906 -1.000000 3
7910 -1.000000 4
7914 1.000000 4
7919 0.000000 5
7924 1.000000 5
7928 1.000000 4
7931 -1.000000 3
7935 -1.000000 4
7938 1.000000 3
7941 -1.000000 3
7945 -1.000000 4
7949 1.000000 4
7952 1.000000 3
7955 1.000000 3
7958 -1.000000 3
7962 1.000000 4
7966 1.000000 4
7970 1.000000 4
7974 -1.000000 4
7977 -1.000000 3
7981 -1.000000 4
7985 1.000000 4
7989 1.000000 4
7994 1.000000 5
7999 0.000000 5
8004 0.000000 5
8008 -1.000000 4
8012 1.000000 4
8016 -1.000000 4
8020 1.000000 4
8023 -1.000000 3
8026 1.000000 3
8031 0.000000 5
8035 1.000000 4
8040 1.000000 5
8045 0.000000 5
8050 1.000000 5
8055 0.000000 5
8058 -1.000000 3
8062 1.000000 4
8067 1.000000 5
8072 0.000000 5
8076 -1.000000 4
8079 1.000000 3
8084 0.000000 5
8087 1.000000 3
8091 1.000000 4
8096 1.000000 5
8100 -1.000000 4
8104 1.000000 4
8109 1.000000 5
8113 -1.000000 4
8117 1.000000 4
8121 1.000000 4
8125 1.000000 4
8130 1.000000 5
8134 1.000000 4
8138 1.000000 4
8143 1.000000 5
8147 1.000000 4
8151 -1.000000 4
8155 -1.000000 4
8158 1.000000 3
8162 -1.000000 4
8166 -1.000000 4
8170 -1.000000 4
8174 -1.000000 4
8179 1.000000 5
8183 1.000000 4
8186 1.000000 3
8191 1.000000 5
8196 0.000000 5
8200 -1.000000 4
8204 1.000000 4
8208 1.000000 4
8212 1.000000 4
8216 1.000000 4
8221 0.000000 5
8225 -1.000000 4
8229 -1.000000 4
8233 1.000000 4
8237 1.000000 4
8242 1.000000 5
8245 1.000000 3
8250 0.000000 5
8255 1.000000 5
8260 0.000000 5
8264 1.000000 4
8268 1.000000 4
8273 1.000000 5
8276 1.000000 3
8281 0.000000 5
8286 0.000000 5
8289 1.000000 3
8294 1.000000 5
8298 -1.000000 4
8303 1.000000 5
8308 1.000000 5
8313 1.000000 5
8317 -1.000000 4
8321 -1.000000 4
8324 1.000000 3
8327 -1.000000 3
8331 1.000000 4
8335 1.000000 4
8340 1.000000 5
8345 1.000000 5
8350 0.000000 5
8355 1.000000 5
8359 1.000000 4
8362 -1.000000 3
8367 1.000000 5
8371 -1.000000 4
8376 0.000000 5
8380 1.000000 4
8384 -1.000000 4
8388 1.000000 4
8391 -1.000000 3
8395 1.000000 4
8400 1.000000 5
8403 1.000000 3
8408 0.000000 5
8412 1.000000 4
8416 1.000000 4
8419 1.000000 3
8423 -1.000000 4
8428 0.000000 5
8432 -1.000000 4
8436 1.000000 4
8439 1.000000 3
8444 1.000000 5
8448 -1.000000 4
8453 1.000000 5
8457 1.000000 4
8461 -1.000000 4
8464 1.000000 3
8469 1.000000 5
8474 1.000000 5
8479 1.000000 5
8482 1.000000 3
8486 1.000000 4
8490 1.000000 4
8493 -1.000000 3
8496 1.000000 3
8501 0.000000 5
8506 1.000000 5
8511 1.000000 5
8515 -1.000000 4
8520 1.000000 5
8525 1.000000 5
8530 1.000000 5
8534 1.000000 4
8539 1.000000 5
8543 1.000000 4
8548 1.000000 5
8552 -1.000000 4
8556 1.000000 4
8560 1.000000 4
8563 -1.000000 3
8567 -1.000000 4
8572 1.000000 5
8575 -1.000000 3
8579 -1.000000 4
8583 1.000000 4
8588 1.000000 5
8592 1.000000 4
8596 -1.000000 4
8600 1.000000 4
8604 -1.000000 4
8608 1.000000 4
8612 -1.000000 4
8617 1.000000 5
8622 1.000000 5
8627 1.000000 5
8632 0.000000 5
8635 -1.000000 3
8639 1.000000 4
8643 -1.000000 4
8646 -1.000000 3
8650 1.000000 4
8654 1.000000 4
8659 1.000000 5
8663 -1.000000 4
8668 0.000000 5
8672 -1.000000 4
8677 1.000000 5
8682 0.000000 5
8686 -1.000000 4
8691 1.000000 5
8695 -1.000000 4
8699 -1.000000 4
8704 1.000000 5
8707 1.000000 3
8712 1.000000 5
8716 -1.000000 4
8720 -1.000000 4
8725 0.000000 5
8729 1.000000 4
8733 1.000000 4
8737 -1.000000 4
8742 0.000000 5
8747 0.000000 5
8751 -1.000000 4
8755 1.000000 4
8760 0.000000 5
8764 1.000000 4
8769 1.000000 5
8773 1.000000 4
8777 -1.000000 4
8781 -1.000000 4
8785 -1.000000 4
8790 1.000000 5
8794 1.000000 4
8798 1.000000 4
8803 1.000000 5
8807 1.000000 4
8811 1.000000 4
8815 -1.000000 4
8818 1.000000 3
8822 1.000000 4
8825 1.000000 3
8829 1.000000 4
8832 -1.000000 3
8836 1.000000 4
8841 0.000000 5
8844 1.000000 3
8847 -1.000000 3
8850 -1.000000 3
8855 1.000000 5
8859 -1.000000 4
8864 1.000000 5
8869 0.000000 5
8873 -1.000000 4
8878 1.000000 5
8881 -1.000000 3
8885 1.000000 4
8889 -1.000000 4
8892 1.000000 3
8896 1.000000 4
8900 1.000000 4
8905 0.000000 5
8909 1.000000 4
8914 1.000000 5
8918 -1.000000 4
8922 1.000000 4
8926 1.000000 4
8930 -1.000000 4
8934 -1.000000 4
8938 -1.000000 4
8942 1.000000 4
8947 0.000000 5
8951 -1.000000 4
8956 1.000000 5
8961 0.000000 5
8964 1.000000 3
8968 1.000000 4
8972 -1.000000 4
8977 0.000000 5
8982 1.000000 5
8985 -1.000000 3
8990 0.000000 5
8994 -1.000000 4
8998 1.000000 4
9002 1.000000 4
9005 -1.000000 3
9010 1.000000 5
9013 -1.000000 3
9017 1.000000 4
9021 1.000000 4
9026 0.000000 5
9029 -1.000000 3
9032 -1.000000 3
9036 -1.000000 4
9040 1.000000 4
9044 -1.000000 4
9048 -1.000000 4
9052 1.000000 4
9056 1.000000 4
9060 -1.000000 4
9064 1.000000 4
9067 1.000000 3
9071 -1.000000 4
9074 1.000000 3
9078 1.000000 4
9082 -1.000000 4
9085 -1.000000 3
9089 1.000000 4
9093 -1.000000 4
9098 1.000000 5
9103 0.000000 5
9107 1.000000 4
9111 -1.000000 4
9116 1.000000 5
9120 1.000000 4
9125 1.000000 5
9130 1.000000 5
9135 1.000000 5
9139 1.000000 4
9144 1.000000 5
9149 0.000000 5
9154 0.000000 5
9158 1.000000 4
9161 1.000000 3
9166 0.000000 5
9171 0.000000 5
9176 1.000000 5
9180 -1.000000 4
9185 1.000000 5
9189 -1.000000 4
9193 1.000000 4
9197 1.000000 4
9201 -1.000000 4
9205 -1.000000 4
9208 -1.000000 3
9212 -1.000000 4
9217 1.000000 5
9220 -1.000000 3
9223 1.000000 3
9227 -1.000000 4
9230 1.000000 3
9235 1.000000 5
9240 1.000000 5
9244 1.000000 4
9248 -1.000000 4
9253 1.000000 5
9257 -1.000000 4
9262 1.000000 5
9267 0.000000 5
9271 1.000000 4
9276 0.000000 5
9281 0.000000 5
9285 1.000000 4
9290 1.000000 5
9294 1.000000 4
9299 0.000000 5
9303 -1.000000 4
9308 1.000000 5
9313 0.000000 5
9317 1.000000 4
9321 1.000000 4
9326 1.000000 5
9329 1.000000 3
9334 0.000000 5
9338 -1.000000 4
9343 0.000000 5
9346 1.000000 3
9350 -1.000000 4
9354 1.000000 4
9359 0.000000 5
9363 1.000000 4
9366 -1.000000 3
9371 0.000000 5
9375 1.000000 4
9380 1.000000 5
9384 -1.000000 4
9388 1.000000 4
9393 1.000000 5
9397 -1.000000 4
9402 0.000000 5
9406 1.000000 4
9411 1.000000 5
9415 -1.000000 4
9419 -1.000000 4
9423 1.000000 4
9426 -1.000000 3
9429 -1.000000 3
9433 -1.000000 4
9438 0.000000 5
9442 -1.000000 4
9446 -1.000000 4
9450 1.000000 4
9454 1.000000 4
9458 -1.000000 4
9461 1.000000 3
9466 0.000000 5
9470 -1.000000 4
9474 -1.000000 4
9479 1.000000 5
9484 0.000000 5
9488 -1.000000 4
9491 -1.000000 3
9495 -1.000000 4
9499 1.000000 4
9504 1.000000 5
9507 -1.000000 3
9511 1.000000 4
9516 1.000000 5
9520 -1.000000 4
9524 1.000000 4
9528 -1.000000 4
9532 1.000000 4
9537 0.000000 5
9542 1.000000 5
9545 -1.000000 3
9549 1.000000 4
9553 -1.000000 4
9556 1.000000 3
9561 1.000000 5
9565 -1.000000 4
9570 0.000000 5
9575 1.000000 5
9579 1.000000 4
9584 1.000000 5
9587 -1.000000 3
9591 1.000000 4
9595 1.000000 4
9598 -1.000000 3
9602 1.000000 4
9606 -1.000000 4
9610 1.000000 4
9613 1.000000 3
9618 0.000000 5
9622 -1.000000 4
9626 1.000000 4
9630 -1.000000 4
9635 0.000000 5
9639 -1.000000 4
9643 1.000000 4
9648 1.000000 5
9653 1.000000 5
9656 1.000000 3
9660 -1.000000 4
9664 1.000000 4
9668 1.000000 4
9673 1.000000 5
9677 1.000000 4
9681 -1.000000 4
9685 -1.000000 4
9688 -1.000000 3
9692 1.000000 4
9696 1.000000 4
9700 1.000000 4
9704 1.000000 4
9708 1.000000 4
9712 -1.000000 4
9716 1.000000 4
9720 -1.000000 4
9724 1.000000 4
9727 -1.000000 3
9730 1.000000 3
9735 1.000000 5
9740 1.000000 5
9744 1.000000 4
9748 1.000000 4
9752 -1.000000 4
9757 1.000000 5
9761 1.000000 4
9765 -1.000000 4
9770 1.000000 5
9774 1.000000 4
9777 1.000000 3
9781 -1.000000 4
9786 1.000000 5
9791 0.000000 5
9796 1.000000 5
9801 1.000000 5
9804 -1.000000 3
9809 1.000000 5
9813 1.000000 4
9816 1.000000 3
9821 1.000000 5
9824 1.000000 3
9828 1.000000 4
9832 1.000000 4
9837 1.000000 5
9842 1.000000 5
9847 1.000000 5
9851 -1.000000 4
9855 1.000000 4
9860 1.000000 5
9865 1.000000 5
9868 1.000000 3
9872 1.000000 4
9876 1.000000 4
9879 1.000000 3
9883 1.000000 4
9888 0.000000 5
9893 0.000000 5
9898 1.000000 5
9903 0.000000 5
9907 1.000000 4
9912 1.000000 5
9917 1.000000 5
9920 -1.000000 3
9925 0.000000 5
9929 1.000000 4
9932 1.000000 3
9936 -1.000000 4
9939 1.000000 3
9943 -1.000000 4
9948 1.000000 5
9952 -1.000000 4
9956 1.000000 4
9959 -1.000000 3
9962 1.000000 3
9966 1.000000 4
9969 1.000000 3
9973 1.000000 4
9977 1.000000 4
9981 1.000000 4
9986 0.000000 5
9991 1.000000 5
9995 1.000000 4
9998 1.000000 3
10003 1.000000 5
10006 -1.000000 3
10009 -1.000000 3
10012 -1.000000 3
10015 -1.000000 3
10018 -1.000000 3
10021 -1.000000 3
10024 -1.000000 3
10027 -1.000000 3
10030 -1.000000 3
10033 -1.000000 3
10036 -1.000000 3
10039 -1.000000 3
10042 -1.000000 3
10045 -1.000000 3
10048 -1.000000 3
10051 -1.000000 3
10054 -1.000000 3
10057 -1.000000 3
10060 -1.000000 3
10063 -1.000000 3
10066 -1.000000 3
10069 -1.000000 3
10072 -1.000000 3
10075 -1.000000 3
10078 -1.000000 3
10081 -1.000000 3
10084 -1.000000 3
10087 -1.000000 3
10090 -1.000000 3
10093 -1.000000 3
10096 -1.000000 3
10099 -1.000000 3
10102 -1.000000 3
10105 -1.000000 3
10108 -1.000000 3
10111 -1.000000 3
10114 -1.000000 3
10117 -1.000000 3
10120 -1.000000 3
10123 -1.000000 3
10126 -1.000000 3
10129 -1.000000 3
10132 -1.000000 3
10135 -1.000000 3
10138 -1.000000 3
10141 -1.000000 3
10144 -1.000000 3
10147 -1.000000 3
10150 -1.000000 3
10153 -1.000000 3
10156 -1.000000 3
10159 -1.000000 3
10162 -1.000000 3
10165 -1.000000 3
10168 -1.000000 3
10171 -1.000000 3
10174 -1.000000 3
10177 -1.000000 3
10180 -1.000000 3
10183 -1.000000 3
10186 -1.000000 3
10189 -1.000000 3
10192 -1.000000 3
10195 -1.000000 3
10198 -1.000000 3
10201 -1.000000 3
10204 -1.000000 3
10207 -1.000000 3
10210 -1.000000 3
10213 -1.000000 3
10216 -1.000000 3
10219 -1.000000 3
10222 -1.000000 3
10225 -1.000000 3
10228 -1.000000 3
10231 -1.000000 3
10234 -1.000000 3
10237 -1.000000 3
10240 -1.000000 3
10243 -1.000000 3
10246 -1.000000 3
10249 -1.000000 3
10252 -1.000000 3
10255 -1.000000 3
10258 -1.000000 3
10261 -1.000000 3
10264 -1.000000 3
10267 -1.000000 3
10270 -1.000000 3
10273 -1.000000 3
10276 -1.000000 3
10279 -1.000000 3
10282 -1.000000 3
10285 -1.000000 3
10288 -1.000000 3
10291 -1.000000 3
10294 -1.000000 3
10297 -1.000000 3
10300 -1.000000 3
10303 -1.000000 3
10306 -1.000000 3
10309 -1.000000 3
10312 -1.000000 3
10315 -1.000000 3
10318 -1.000000 3
10321 -1.000000 3
10324 -1.000000 3
10327 -1.000000 3
10330 -1.000000 3
10333 -1.000000 3
10336 -1.000000 3
10339 -1.000000 3
10342 -1.000000 3
10345 -1.000000 3
10348 -1.000000 3
10351 -1.000000 3
10354 -1.000000 3
10357 -1.000000 3
10360 -1.000000 3
10363 -1.000000 3
10366 -1.000000 3
10369 -1.000000 3
10372 -1.000000 3
10375 -1.000000 3
10378 -1.000000 3
10381 -1.000000 3
10384 -1.000000 3
10387 -1.000000 3
10390 -1.000000 3
10393 -1.000000 3
10396 -1.000000 3
10399 -1.000000 3
10402 -1.000000 3
10405 -1.000000 3
10408 -1.000000 3
10411 -1.000000 3
10414 -1.000000 3
10417 -1.000000 3
10420 -1.000000 3
10423 -1.000000 3
10426 -1.000000 3
10429 -1.000000 3
10432 -1.000000 3
10435 -1.000000 3
10438 -1.000000 3
10441 -1.000000 3
10444 -1.000000 3
10447 -1.000000 3
10450 -1.000000 3
10453 -1.000000 3
10456 -1.000000 3
10459 -1.000000 3
10462 -1.000000 3
10465 -1.000000 3
10468 -1.000000 3
10471 -1.000000 3
10474 -1.000000 3
10477 -1.000000 3
10480 -1.000000 3
10483 -1.000000 3
10486 -1.000000 3
10489 -1.000000 3
10492 -1.000000 3
10495 -1.000000 3
10498 -1.000000 3
10501 -1.000000 3
10504 -1.000000 3
10507 -1.000000 3
10510 -1.000000 3
10513 -1.000000 3
10516 -1.000000 3
10519 -1.000000 3
10522 -1.000000 3
10525 -1.000000 3
10528 -1.000000 3
10531 -1.000000 3
10534 -1.000000 3
10537 -1.000000 3
10540 -1.000000 3
10543 -1.000000 3
10546 -1.000000 3
10549 -1.000000 3
10552 -1.000000 3
10555 -1.000000 3
10558 -1.000000 3
10561 -1.000000 3
10564 -1.000000 3
10567 -1.000000 3
10570 -1.000000 3
10573 -1.000000 3
10576 -1.000000 3
10579 -1.000000 3
10582 -1.000000 3
10585 -1.000000 3
10588 -1.000000 3
10591 -1.000000 3
10594 -1.000000 3
10597 -1.000000 3
10600 -1.000000 3
10603 -1.000000 3
10606 -1.000000 3
10609 -1.000000 3
10612 -1.000000 3
10615 -1.000000 3
10618 -1.000000 3
10621 -1.000000 3
10624 -1.000000 3
10627 -1.000000 3
10630 -1.000000 3
10633 -1.000000 3
10636 -1.000000 3
10639 -1.000000 3
10642 -1.000000 3
10645 -1.000000 3
10648 -1.000000 3
10651 -1.000000 3
10654 -1.000000 3
10657 -1.000000 3
10660 -1.000000 3
10663 -1.000000 3
10666 -1.000000 3
10669 -1.000000 3
10672 -1.000000 3
10675 -1.000000 3
10678 -1.000000 3
10681 -1.000000 3
10684 -1.000000 3
10687 -1.000000 3
10690 -1.000000 3
10693 -1.000000 3
10696 -1.000000 3
10699 -1.000000 3
10702 -1.000000 3
10705 -1.000000 3
10708 -1.000000 3
10711 -1.000000 3
10714 -1.000000 3
10717 -1.000000 3
10720 -1.000000 3
10723 -1.000000 3
10726 -1.000000 3
10729 -1.000000 3
10732 -1.000000 3
10735 -1.000000 3
10738 -1.000000 3
10741 -1.000000 3
10744 -1.000000 3
10747 -1.000000 3
10750 -1.000000 3
10753 -1.000000 3
10756 -1.000000 3
10759 -1.000000 3
10762 -1.000000 3
10765 -1.000000 3
10768 -1.000000 3
10771 -1.000000 3
10774 -1.000000 3
10777 -1.000000 3
10780 -1.000000 3
10783 -1.000000 3
10786 -1.000000 3
10789 -1.000000 3
10792 -1.000000 3
10795 -1.000000 3
10798 -1.000000 3
10801 -1.000000 3
10804 -1.000000 3
10807 -1.000000 3
10810 -1.000000 3
10813 -1.000000 3
10816 -1.000000 3
10819 -1.000000 3
10822 -1.000000 3
10825 -1.000000 3
10828 -1.000000 3
10831 -1.000000 3
10834 -1.000000 3
10837 -1.000000 3
10840 -1.000000 3
10843 -1.000000 3
10846 -1.000000 3
10849 -1.000000 3
10852 -1.000000 3
10855 -1.000000 3
10858 -1.000000 3
10861 -1.000000 3
10864 -1.000000 3
10867 -1.000000 3
10870 -1.000000 3
10873 -1.000000 3
10876 -1.000000 3
10879 -1.000000 3
10882 -1.000000 3
10885 -1.000000 3
10888 -1.000000 3
10891 -1.000000 3
10894 -1.000000 3
10897 -1.000000 3
10900 -1.000000 3
10903 -1.000000 3
10906 -1.000000 3
10909 -1.000000 3
10912 -1.000000 3
10915 -1.000000 3
10918 -1.000000 3
10921 -1.000000 3
10924 -1.000000 3
10927 -1.000000 3
10930 -1.000000 3
10933 -1.000000 3
10936 -1.000000 3
10939 -1.000000 3
10942 -1.000000 3
10945 -1.000000 3
10948 -1.000000 3
10951 -1.000000 3
10954 -1.000000 3
10957 -1.000000 3
10960 -1.000000 3
10963 -1.000000 3
10966 -1.000000 3
10969 -1.000000 3
10972 -1.000000 3
10975 -1.000000 3
10978 -1.000000 3
10981 -1.000000 3
10984 -1.000000 3
10987 -1.000000 3
10990 -1.000000 3
10993 -1.000000 3
10996 -1.000000 3
10999 -1.000000 3
11002 -1.000000 3
11005 -1.000000 3
