4 -1.000000 4
8 -1.000000 4
13 0.000000 5
17 1.000000 4
21 -1.000000 4
26 1.000000 5
30 -1.000000 4
35 1.000000 5
39 1.000000 4
42 -1.000000 3
45 1.000000 3
49 1.000000 4
52 1.000000 3
57 0.000000 5
60 -1.000000 3
65 1.000000 5
70 1.000000 5
74 1.000000 4
78 1.000000 4
82 1.000000 4
85 -1.000000 3
89 1.000000 4
94 0.000000 5
98 1.000000 4
103 0.000000 5
106 1.000000 3
111 0.000000 5
116 1.000000 5
120 -1.000000 4
125 1.000000 5
129 -1.000000 4
132 -1.000000 3
136 1.000000 4
141 1.000000 5
145 -1.000000 4
149 1.000000 4
153 -1.000000 4
158 1.000000 5
161 -1.000000 3
165 -1.000000 4
170 1.000000 5
174 1.000000 4
178 -1.000000 4
182 1.000000 4
187 1.000000 5
190 -1.000000 3
194 1.000000 4
197 -1.000000 3
201 1.000000 4
205 1.000000 4
209 -1.000000 4
213 -1.000000 4
217 1.000000 4
222 0.000000 5
227 1.000000 5
231 1.000000 4
235 1.000000 4
240 1.000000 5
245 0.000000 5
248 1.000000 3
252 1.000000 4
257 1.000000 5
262 0.000000 5
266 1.000000 4
270 1.000000 4
274 -1.000000 4
279 1.000000 5
284 1.000000 5
288 -1.000000 4
293 1.000000 5
296 1.000000 3
299 1.000000 3
304 0.000000 5
308 1.000000 4
312 1.000000 4
316 1.000000 4
319 1.000000 3
322 1.000000 3
327 1.000000 5
332 1.000000 5
335 1.000000 3
340 1.000000 5
345 1.000000 5
350 1.000000 5
355 1.000000 5
359 -1.000000 4
364 1.000000 5
368 -1.000000 4
373 0.000000 5
377 1.000000 4
381 -1.000000 4
386 0.000000 5
389 -1.000000 3
394 0.000000 5
399 1.000000 5
404 1.000000 5
407 1.000000 3
410 1.000000 3
414 -1.000000 4
418 1.000000 4
423 0.000000 5
428 0.000000 5
432 1.000000 4
437 0.000000 5
440 1.000000 3
445 0.000000 5
448 1.000000 3
452 -1.000000 4
456 1.000000 4
461 0.000000 5
464 -1.000000 3
468 1.000000 4
471 -1.000000 3
475 1.000000 4
480 1.000000 5
484 -1.000000 4
489 1.000000 5
493 1.000000 4
496 1.000000 3
499 1.000000 3
502 1.000000 3
507 1.000000 5
512 1.000000 5
516 -1.000000 4
521 1.000000 5
525 -1.000000 4
529 -1.000000 4
534 0.000000 5
537 -1.000000 3
541 1.000000 4
544 -1.000000 3
548 1.000000 4
553 0.000000 5
556 1.000000 3
561 1.000000 5
565 -1.000000 4
570 1.000000 5
575 0.000000 5
578 -1.000000 3
583 1.000000 5
587 -1.000000 4
591 -1.000000 4
594 1.000000 3
599 1.000000 5
603 -1.000000 4
606 1.000000 3
611 0.000000 5
615 1.000000 4
619 1.000000 4
622 1.000000 3
626 -1.000000 4
631 0.000000 5
634 -1.000000 3
639 1.000000 5
644 0.000000 5
648 -1.000000 4
652 1.000000 4
655 1.000000 3
658 1.000000 3
663 1.000000 5
667 1.000000 4
670 1.000000 3
673 1.000000 3
677 -1.000000 4
681 1.000000 4
685 1.000000 4
690 1.000000 5
693 -1.000000 3
696 -1.000000 3
701 1.000000 5
705 -1.000000 4
708 -1.000000 3
712 -1.000000 4
715 1.000000 3
719 -1.000000 4
723 -1.000000 4
727 1.000000 4
732 1.000000 5
736 1.000000 4
740 1.000000 4
745 0.000000 5
749 -1.000000 4
753 -1.000000 4
757 1.000000 4
761 1.000000 4
765 -1.000000 4
769 1.000000 4
773 1.000000 4
777 -1.000000 4
782 1.000000 5
785 -1.000000 3
789 -1.000000 4
794 1.000000 5
799 0.000000 5
803 1.000000 4
808 1.000000 5
812 -1.000000 4
816 1.000000 4
820 -1.000000 4
824 1.000000 4
828 1.000000 4
832 -1.000000 4
836 1.000000 4
839 1.000000 3
842 -1.000000 3
846 1.000000 4
850 -1.000000 4
855 1.000000 5
859 1.000000 4
862 -1.000000 3
866 1.000000 4
871 0.000000 5
876 1.000000 5
880 -1.000000 4
885 0.000000 5
889 -1.000000 4
894 1.000000 5
898 1.000000 4
902 -1.000000 4
907 1.000000 5
911 -1.000000 4
914 1.000000 3
918 -1.000000 4
923 1.000000 5
928 1.000000 5
933 1.000000 5
937 1.000000 4
941 1.000000 4
946 1.000000 5
950 -1.000000 4
954 1.000000 4
959 0.000000 5
964 1.000000 5
968 1.000000 4
973 1.000000 5
977 1.000000 4
981 1.000000 4
986 1.000000 5
991 1.000000 5
996 1.000000 5
1001 1.000000 5
1004 -1.000000 3
1007 -1.000000 3
1010 -1.000000 3
1013 -1.000000 3
1016 -1.000000 3
1019 -1.000000 3
1022 -1.000000 3
1025 -1.000000 3
1028 -1.000000 3
1031 -1.000000 3
1034 -1.000000 3
1037 -1.000000 3
1040 -1.000000 3
1043 -1.000000 3
1046 -1.000000 3
1049 -1.000000 3
1052 -1.000000 3
1055 -1.000000 3
1058 -1.000000 3
1061 -1.000000 3
1064 -1.000000 3
1067 -1.000000 3
1070 -1.000000 3
1073 -1.000000 3
1076 -1.000000 3
1079 -1.000000 3
1082 -1.000000 3
1085 -1.000000 3
1088 -1.000000 3
1092 -1.000000 4
1095 -1.000000 3
1099 -1.000000 4
1102 -1.000000 3
1105 -1.000000 3
1108 -1.000000 3
1111 -1.000000 3
1114 -1.000000 3
1117 -1.000000 3
1120 -1.000000 3
1123 -1.000000 3
1126 -1.000000 3
1129 -1.000000 3
1132 -1.000000 3
1135 -1.000000 3
1138 -1.000000 3
1141 -1.000000 3
1144 -1.000000 3
1147 -1.000000 3
1150 -1.000000 3
1153 -1.000000 3
1156 -1.000000 3
1159 -1.000000 3
1162 -1.000000 3
1165 -1.000000 3
1169 -1.000000 4
1173 -1.000000 4
1176 -1.000000 3
1180 -1.000000 4
1184 -1.000000 4
1187 -1.000000 3
1190 -1.000000 3
1194 -1.000000 4
1197 -1.000000 3
1200 -1.000000 3
1203 -1.000000 3
1206 -1.000000 3
1209 -1.000000 3
1212 -1.000000 3
1215 -1.000000 3
1218 -1.000000 3
1221 -1.000000 3
1224 -1.000000 3
1227 -1.000000 3
1230 -1.000000 3
1233 -1.000000 3
1236 -1.000000 3
1239 -1.000000 3
1242 -1.000000 3
1245 -1.000000 3
1249 -1.000000 4
1252 -1.000000 3
1255 -1.000000 3
1258 -1.000000 3
1261 -1.000000 3
1264 -1.000000 3
1267 -1.000000 3
1270 -1.000000 3
1273 -1.000000 3
1276 -1.000000 3
1279 -1.000000 3
1282 -1.000000 3
1285 -1.000000 3
1288 -1.000000 3
1291 -1.000000 3
1294 -1.000000 3
1297 -1.000000 3
1300 -1.000000 3
1303 -1.000000 3
1307 -1.000000 4
1310 -1.000000 3
1313 -1.000000 3
1316 -1.000000 3
1319 -1.000000 3
1322 -1.000000 3
1325 -1.000000 3
1328 -1.000000 3
1331 -1.000000 3
1334 -1.000000 3
1337 -1.000000 3
1340 -1.000000 3
1344 -1.000000 4
1347 -1.000000 3
1350 -1.000000 3
1353 -1.000000 3
1356 -1.000000 3
1359 -1.000000 3
1362 -1.000000 3
1365 -1.000000 3
1368 -1.000000 3
1371 -1.000000 3
1374 -1.000000 3
1377 -1.000000 3
1380 -1.000000 3
1383 -1.000000 3
1386 -1.000000 3
1389 -1.000000 3
1392 -1.000000 3
1395 -1.000000 3
1398 -1.000000 3
1401 -1.000000 3
1404 -1.000000 3
1407 -1.000000 3
1411 -1.000000 4
1414 -1.000000 3
1417 -1.000000 3
1420 -1.000000 3
1423 -1.000000 3
1426 -1.000000 3
1429 -1.000000 3
1432 -1.000000 3
1435 -1.000000 3
1438 -1.000000 3
1442 -1.000000 4
1445 -1.000000 3
1448 -1.000000 3
1451 -1.000000 3
1455 -1.000000 4
1458 -1.000000 3
1461 -1.000000 3
1464 -1.000000 3
1467 -1.000000 3
1470 -1.000000 3
1473 -1.000000 3
1476 -1.000000 3
1479 -1.000000 3
1482 -1.000000 3
1485 -1.000000 3
1488 -1.000000 3
1491 -1.000000 3
1494 -1.000000 3
1497 -1.000000 3
1500 -1.000000 3
1503 -1.000000 3
1506 -1.000000 3
1509 -1.000000 3
1512 -1.000000 3
1515 -1.000000 3
1518 -1.000000 3
1521 -1.000000 3
1524 -1.000000 3
1527 -1.000000 3
1530 -1.000000 3
1533 -1.000000 3
1536 -1.000000 3
1539 -1.000000 3
1542 -1.000000 3
1545 -1.000000 3
1548 -1.000000 3
1551 -1.000000 3
1554 -1.000000 3
1557 -1.000000 3
1560 -1.000000 3
1563 -1.000000 3
1566 -1.000000 3
1569 -1.000000 3
1572 -1.000000 3
1575 -1.000000 3
1578 -1.000000 3
1581 -1.000000 3
1584 -1.000000 3
1588 -1.000000 4
1591 -1.000000 3
1594 -1.000000 3
1597 -1.000000 3
1600 -1.000000 3
1603 -1.000000 3
1606 -1.000000 3
1609 -1.000000 3
1612 -1.000000 3
1615 -1.000000 3
1618 -1.000000 3
1621 -1.000000 3
1624 -1.000000 3
1627 -1.000000 3
1630 -1.000000 3
1633 -1.000000 3
1636 -1.000000 3
1639 -1.000000 3
1642 -1.000000 3
1646 -1.000000 4
1649 -1.000000 3
1652 -1.000000 3
1655 -1.000000 3
1658 -1.000000 3
1661 -1.000000 3
1664 -1.000000 3
1668 -1.000000 4
1671 -1.000000 3
1674 -1.000000 3
1677 -1.000000 3
1680 -1.000000 3
1683 -1.000000 3
1686 -1.000000 3
1689 -1.000000 3
1692 -1.000000 3
1695 -1.000000 3
1698 -1.000000 3
1701 -1.000000 3
1704 -1.000000 3
1708 -1.000000 4
1711 -1.000000 3
1715 -1.000000 4
1718 -1.000000 3
1721 -1.000000 3
1724 -1.000000 3
1727 -1.000000 3
1730 -1.000000 3
1734 -1.000000 4
1737 -1.000000 3
1740 -1.000000 3
1743 -1.000000 3
1746 -1.000000 3
1750 -1.000000 4
1754 -1.000000 4
1757 -1.000000 3
1760 -1.000000 3
1763 -1.000000 3
1766 -1.000000 3
1769 -1.000000 3
1772 -1.000000 3
1775 -1.000000 3
1778 -1.000000 3
1781 -1.000000 3
1785 -1.000000 4
1788 -1.000000 3
1791 -1.000000 3
1794 -1.000000 3
1797 -1.000000 3
1800 -1.000000 3
1803 -1.000000 3
1806 -1.000000 3
1809 -1.000000 3
1812 -1.000000 3
1815 -1.000000 3
1818 -1.000000 3
1822 -1.000000 4
1825 -1.000000 3
1828 -1.000000 3
1832 -1.000000 4
1835 -1.000000 3
1838 -1.000000 3
1841 -1.000000 3
1845 -1.000000 4
1849 -1.000000 4
1852 -1.000000 3
1855 -1.000000 3
1858 -1.000000 3
1861 -1.000000 3
1864 -1.000000 3
1867 -1.000000 3
1870 -1.000000 3
1874 -1.000000 4
1877 -1.000000 3
1880 -1.000000 3
1883 -1.000000 3
1886 -1.000000 3
1889 -1.000000 3
1892 -1.000000 3
1895 -1.000000 3
1898 -1.000000 3
1901 -1.000000 3
1904 -1.000000 3
1907 -1.000000 3
1910 -1.000000 3
1914 -1.000000 4
1917 -1.000000 3
1920 -1.000000 3
1923 -1.000000 3
1926 -1.000000 3
1929 -1.000000 3
1932 -1.000000 3
1935 -1.000000 3
1938 -1.000000 3
1941 -1.000000 3
1944 -1.000000 3
1947 -1.000000 3
1950 -1.000000 3
1953 -1.000000 3
1957 -1.000000 4
1960 -1.000000 3
1963 -1.000000 3
1966 -1.000000 3
1969 -1.000000 3
1972 -1.000000 3
1975 -1.000000 3
1978 -1.000000 3
1981 -1.000000 3
1984 -1.000000 3
1987 -1.000000 3
1990 -1.000000 3
1993 -1.000000 3
1996 -1.000000 3
2000 -1.000000 4
2003 -1.000000 3
2006 -1.000000 3
2010 -1.000000 4
2013 -1.000000 3
2016 -1.000000 3
2019 -1.000000 3
2022 -1.000000 3
2025 -1.000000 3
2029 -1.000000 4
2033 -1.000000 4
2036 -1.000000 3
2039 -1.000000 3
2042 -1.000000 3
2045 -1.000000 3
2048 -1.000000 3
2051 -1.000000 3
2054 -1.000000 3
2057 -1.000000 3
2060 -1.000000 3
2063 -1.000000 3
2066 -1.000000 3
2069 -1.000000 3
2072 -1.000000 3
2075 -1.000000 3
2078 -1.000000 3
2081 -1.000000 3
2084 -1.000000 3
2088 1.000000 4
2092 1.000000 4
2096 1.000000 4
2099 1.000000 3
2103 1.000000 4
2107 1.000000 4
2111 1.000000 4
2115 1.000000 4
2120 0.000000 5
2124 1.000000 4
2127 1.000000 3
2131 1.000000 4
2135 1.000000 4
2140 0.000000 5
2145 0.000000 5
2149 1.000000 4
2152 -1.000000 3
2156 1.000000 4
2160 1.000000 4
2164 1.000000 4
2168 1.000000 4
2171 1.000000 3
2175 1.000000 4
2179 1.000000 4
2183 1.000000 4
2186 -1.000000 3
2189 1.000000 3
2193 1.000000 4
2197 -1.000000 4
2200 1.000000 3
2204 1.000000 4
2208 1.000000 4
2212 1.000000 4
2216 1.000000 4
2220 1.000000 4
2224 1.000000 4
2228 1.000000 4
2231 1.000000 3
2236 0.000000 5
2240 1.000000 4
2244 1.000000 4
2248 1.000000 4
2251 -1.000000 3
2255 1.000000 4
2258 1.000000 3
2262 1.000000 4
2266 1.000000 4
2269 1.000000 3
2273 1.000000 4
2277 1.000000 4
2281 1.000000 4
2284 1.000000 3
2287 1.000000 3
2291 1.000000 4
2295 1.000000 4
2299 1.000000 4
2303 1.000000 4
2307 1.000000 4
2312 1.000000 5
2316 1.000000 4
2320 1.000000 4
2323 1.000000 3
2326 1.000000 3
2329 -1.000000 3
2333 1.000000 4
2336 1.000000 3
2339 1.000000 3
2342 1.000000 3
2346 1.000000 4
2350 1.000000 4
2353 1.000000 3
2357 1.000000 4
2361 1.000000 4
2365 1.000000 4
2368 1.000000 3
2372 1.000000 4
2376 1.000000 4
2381 0.000000 5
2384 -1.000000 3
2387 1.000000 3
2391 1.000000 4
2394 1.000000 3
2398 1.000000 4
2402 1.000000 4
2406 1.000000 4
2410 1.000000 4
2413 1.000000 3
2417 1.000000 4
2420 1.000000 3
2424 1.000000 4
2428 -1.000000 4
2432 1.000000 4
2436 1.000000 4
2439 1.000000 3
2443 1.000000 4
2447 1.000000 4
2451 1.000000 4
2455 1.000000 4
2459 1.000000 4
2462 1.000000 3
2466 1.000000 4
2470 1.000000 4
2474 1.000000 4
2478 1.000000 4
2482 1.000000 4
2485 1.000000 3
2488 1.000000 3
2492 1.000000 4
2496 1.000000 4
2501 0.000000 5
2504 1.000000 3
2508 1.000000 4
2512 1.000000 4
2517 0.000000 5
2521 1.000000 4
2525 1.000000 4
2529 1.000000 4
2533 1.000000 4
2536 1.000000 3
2540 1.000000 4
2544 1.000000 4
2547 1.000000 3
2550 -1.000000 3
2554 1.000000 4
2557 1.000000 3
2561 1.000000 4
2565 1.000000 4
2568 1.000000 3
2571 1.000000 3
2575 1.000000 4
2579 1.000000 4
2583 1.000000 4
2587 1.000000 4
2591 1.000000 4
2595 1.000000 4
2598 1.000000 3
2602 1.000000 4
2606 1.000000 4
2610 -1.000000 4
2613 1.000000 3
2616 -1.000000 3
2620 1.000000 4
2624 1.000000 4
2628 1.000000 4
2631 1.000000 3
2635 1.000000 4
2638 1.000000 3
2642 1.000000 4
2646 1.000000 4
2650 1.000000 4
2654 1.000000 4
2658 1.000000 4
2661 1.000000 3
2665 1.000000 4
2669 1.000000 4
2672 -1.000000 3
2676 1.000000 4
2680 1.000000 4
2684 1.000000 4
2688 1.000000 4
2692 1.000000 4
2697 0.000000 5
2701 1.000000 4
2705 1.000000 4
2708 1.000000 3
2712 1.000000 4
2715 1.000000 3
2719 1.000000 4
2722 1.000000 3
2727 0.000000 5
2731 1.000000 4
2734 1.000000 3
2737 1.000000 3
2740 1.000000 3
2744 1.000000 4
2748 1.000000 4
2752 1.000000 4
2756 1.000000 4
2760 1.000000 4
2764 1.000000 4
2767 -1.000000 3
2770 1.000000 3
2774 1.000000 4
2778 1.000000 4
2782 1.000000 4
2786 1.000000 4
2790 1.000000 4
2794 1.000000 4
2797 1.000000 3
2801 1.000000 4
2805 -1.000000 4
2809 1.000000 4
2813 1.000000 4
2817 1.000000 4
2820 1.000000 3
2824 -1.000000 4
2828 1.000000 4
2831 1.000000 3
2835 1.000000 4
2839 1.000000 4
2843 1.000000 4
2847 1.000000 4
2851 1.000000 4
2855 1.000000 4
2858 1.000000 3
2862 -1.000000 4
2866 1.000000 4
2870 1.000000 4
2874 1.000000 4
2879 0.000000 5
2883 1.000000 4
2888 0.000000 5
2891 -1.000000 3
2894 1.000000 3
2898 1.000000 4
2902 -1.000000 4
2907 0.000000 5
2910 1.000000 3
2915 0.000000 5
2919 1.000000 4
2922 1.000000 3
2925 1.000000 3
2929 1.000000 4
2933 1.000000 4
2937 1.000000 4
2941 1.000000 4
2945 1.000000 4
2949 1.000000 4
2953 1.000000 4
2957 1.000000 4
2962 1.000000 5
2966 1.000000 4
2970 1.000000 4
2974 1.000000 4
2978 1.000000 4
2981 -1.000000 3
2984 1.000000 3
2987 1.000000 3
2991 1.000000 4
2995 1.000000 4
3000 0.000000 5
3005 1.000000 5
3009 1.000000 4
3012 1.000000 3
3015 1.000000 3
3019 1.000000 4
3024 0.000000 5
3028 1.000000 4
3031 -1.000000 3
3035 1.000000 4
3039 -1.000000 4
3044 0.000000 5
3048 1.000000 4
3052 1.000000 4
3055 -1.000000 3
3059 1.000000 4
3063 1.000000 4
3068 0.000000 5
3072 1.000000 4
3076 1.000000 4
3079 1.000000 3
3083 1.000000 4
3086 1.000000 3
3090 -1.000000 4
3094 -1.000000 4
3098 1.000000 4
3102 1.000000 4
3107 0.000000 5
3111 -1.000000 4
3115 -1.000000 4
3118 1.000000 3
3121 -1.000000 3
3125 -1.000000 4
3129 -1.000000 4
3133 1.000000 4
3137 1.000000 4
3141 1.000000 4
3146 1.000000 5
3150 1.000000 4
3154 1.000000 4
3158 -1.000000 4
3163 1.000000 5
3167 1.000000 4
3171 1.000000 4
3175 -1.000000 4
3178 1.000000 3
3182 -1.000000 4
3186 -1.000000 4
3190 1.000000 4
3195 1.000000 5
3199 -1.000000 4
3203 -1.000000 4
3207 1.000000 4
3211 -1.000000 4
3215 1.000000 4
3219 1.000000 4
3223 1.000000 4
3228 0.000000 5
3232 -1.000000 4
3235 1.000000 3
3240 0.000000 5
3245 0.000000 5
3250 1.000000 5
3254 -1.000000 4
3257 -1.000000 3
3261 1.000000 4
3265 1.000000 4
3269 -1.000000 4
3273 -1.000000 4
3278 1.000000 5
3282 1.000000 4
3286 1.000000 4
3290 -1.000000 4
3294 -1.000000 4
3298 1.000000 4
3302 1.000000 4
3306 1.000000 4
3309 -1.000000 3
3312 -1.000000 3
3316 1.000000 4
3321 1.000000 5
3326 0.000000 5
3330 -1.000000 4
3334 -1.000000 4
3339 1.000000 5
3343 -1.000000 4
3347 1.000000 4
3350 -1.000000 3
3354 1.000000 4
3357 -1.000000 3
3361 -1.000000 4
3365 1.000000 4
3369 1.000000 4
3373 1.000000 4
3377 1.000000 4
3381 -1.000000 4
3386 1.000000 5
3390 1.000000 4
3394 -1.000000 4
3398 1.000000 4
3402 -1.000000 4
3406 1.000000 4
3410 -1.000000 4
3415 1.000000 5
3419 -1.000000 4
3423 1.000000 4
3427 1.000000 4
3431 -1.000000 4
3436 1.000000 5
3440 -1.000000 4
3444 -1.000000 4
3448 1.000000 4
3453 1.000000 5
3457 1.000000 4
3461 1.000000 4
3466 1.000000 5
3471 0.000000 5
3475 1.000000 4
3479 1.000000 4
3483 1.000000 4
3488 1.000000 5
3493 1.000000 5
3497 1.000000 4
3501 -1.000000 4
3505 1.000000 4
3509 1.000000 4
3513 -1.000000 4
3517 -1.000000 4
3520 -1.000000 3
3524 1.000000 4
3528 -1.000000 4
3532 1.000000 4
3536 -1.000000 4
3539 -1.000000 3
3544 1.000000 5
3548 1.000000 4
3551 1.000000 3
3555 -1.000000 4
3559 -1.000000 4
3563 1.000000 4
3567 -1.000000 4
3572 1.000000 5
3576 1.000000 4
3581 1.000000 5
3585 -1.000000 4
3589 1.000000 4
3593 -1.000000 4
3596 -1.000000 3
3600 1.000000 4
3604 1.000000 4
3608 1.000000 4
3613 1.000000 5
3618 1.000000 5
3623 1.000000 5
3626 1.000000 3
3630 1.000000 4
3635 1.000000 5
3640 1.000000 5
3644 -1.000000 4
3648 1.000000 4
3652 -1.000000 4
3655 -1.000000 3
3659 1.000000 4
3662 -1.000000 3
3665 1.000000 3
3670 0.000000 5
3674 1.000000 4
3678 1.000000 4
3682 -1.000000 4
3686 1.000000 4
3690 -1.000000 4
3695 1.000000 5
3700 1.000000 5
3704 1.000000 4
3708 1.000000 4
3713 1.000000 5
3717 1.000000 4
3721 -1.000000 4
3725 1.000000 4
3730 1.000000 5
3733 1.000000 3
3738 1.000000 5
3743 1.000000 5
3747 -1.000000 4
3750 1.000000 3
3754 1.000000 4
3758 1.000000 4
3762 1.000000 4
3766 1.000000 4
3770 1.000000 4
3774 1.000000 4
3778 -1.000000 4
3782 1.000000 4
3786 -1.000000 4
3790 -1.000000 4
3794 1.000000 4
3798 1.000000 4
3803 1.000000 5
3807 -1.000000 4
3812 0.000000 5
3816 1.000000 4
3821 1.000000 5
3826 1.000000 5
3829 -1.000000 3
3833 -1.000000 4
3837 1.000000 4
3841 1.000000 4
3845 -1.000000 4
3849 -1.000000 4
3853 1.000000 4
3857 -1.000000 4
3862 1.000000 5
3866 1.000000 4
3870 1.000000 4
3875 1.000000 5
3879 1.000000 4
3883 1.000000 4
3886 1.000000 3
3890 1.000000 4
3895 1.000000 5
3899 -1.000000 4
3903 -1.000000 4
3907 1.000000 4
3911 1.000000 4
3915 1.000000 4
3919 1.000000 4
3923 1.000000 4
3928 0.000000 5
3932 -1.000000 4
3937 1.000000 5
3942 0.000000 5
3946 -1.000000 4
3950 1.000000 4
3954 1.000000 4
3958 1.000000 4
3962 -1.000000 4
3966 1.000000 4
3970 -1.000000 4
3974 -1.000000 4
3978 1.000000 4
3981 1.000000 3
3985 1.000000 4
3988 -1.000000 3
3992 1.000000 4
3996 1.000000 4
3999 1.000000 3
4002 -1.000000 3
4007 1.000000 5
4011 1.000000 4
4015 1.000000 4
4018 -1.000000 3
4022 1.000000 4
4026 1.000000 4
4029 -1.000000 3
4033 1.000000 4
4037 -1.000000 4
4041 1.000000 4
4046 1.000000 5
4050 1.000000 4
4054 -1.000000 4
4057 -1.000000 3
4061 1.000000 4
4065 1.000000 4
4068 -1.000000 3
4072 -1.000000 4
4076 1.000000 4
4081 0.000000 5
4085 1.000000 4
4088 1.000000 3
