5 1.000000 5
9 1.000000 4
12 -1.000000 3
15 1.000000 3
18 1.000000 3
22 -1.000000 4
27 0.000000 5
30 -1.000000 3
34 -1.000000 4
39 0.000000 5
42 -1.000000 3
45 -1.000000 3
49 -1.000000 4
53 -1.000000 4
57 1.000000 4
62 1.000000 5
66 1.000000 4
71 0.000000 5
76 1.000000 5
80 -1.000000 4
85 1.000000 5
88 1.000000 3
92 -1.000000 4
95 -1.000000 3
100 1.000000 5
103 1.000000 3
107 1.000000 4
111 1.000000 4
116 0.000000 5
120 -1.000000 4
124 1.000000 4
129 0.000000 5
132 -1.000000 3
137 1.000000 5
142 0.000000 5
145 -1.000000 3
149 -1.000000 4
152 -1.000000 3
156 -1.000000 4
161 0.000000 5
165 1.000000 4
170 1.000000 5
174 1.000000 4
179 1.000000 5
183 1.000000 4
186 1.000000 3
189 1.000000 3
193 -1.000000 4
197 -1.000000 4
201 -1.000000 4
204 1.000000 3
209 0.000000 5
213 -1.000000 4
216 -1.000000 3
221 1.000000 5
226 1.000000 5
230 -1.000000 4
234 1.000000 4
239 0.000000 5
243 -1.000000 4
248 0.000000 5
252 -1.000000 4
256 1.000000 4
261 1.000000 5
266 1.000000 5
270 1.000000 4
273 1.000000 3
276 1.000000 3
281 0.000000 5
286 0.000000 5
289 1.000000 3
292 1.000000 3
297 1.000000 5
302 1.000000 5
306 1.000000 4
311 1.000000 5
316 0.000000 5
321 1.000000 5
326 1.000000 5
331 1.000000 5
335 -1.000000 4
339 1.000000 4
343 1.000000 4
348 1.000000 5
352 1.000000 4
355 1.000000 3
359 1.000000 4
362 -1.000000 3
366 -1.000000 4
370 -1.000000 4
375 1.000000 5
380 1.000000 5
384 -1.000000 4
388 -1.000000 4
392 1.000000 4
397 1.000000 5
402 1.000000 5
406 1.000000 4
410 1.000000 4
413 -1.000000 3
416 -1.000000 3
421 0.000000 5
425 -1.000000 4
428 1.000000 3
431 1.000000 3
434 -1.000000 3
438 1.000000 4
441 -1.000000 3
445 1.000000 4
448 -1.000000 3
452 -1.000000 4
457 1.000000 5
461 1.000000 4
464 -1.000000 3
469 1.000000 5
473 1.000000 4
477 1.000000 4
482 1.000000 5
486 -1.000000 4
490 1.000000 4
495 1.000000 5
498 -1.000000 3
503 1.000000 5
508 1.000000 5
512 1.000000 4
517 1.000000 5
522 1.000000 5
526 1.000000 4
531 0.000000 5
536 0.000000 5
540 -1.000000 4
544 1.000000 4
549 1.000000 5
553 -1.000000 4
557 1.000000 4
561 -1.000000 4
565 -1.000000 4
569 -1.000000 4
574 1.000000 5
578 -1.000000 4
582 1.000000 4
585 1.000000 3
588 1.000000 3
591 1.000000 3
595 1.000000 4
598 -1.000000 3
602 -1.000000 4
607 1.000000 5
610 1.000000 3
614 -1.000000 4
619 1.000000 5
623 -1.000000 4
626 -1.000000 3
631 0.000000 5
636 0.000000 5
640 1.000000 4
645 1.000000 5
649 1.000000 4
652 1.000000 3
656 1.000000 4
661 1.000000 5
665 1.000000 4
670 1.000000 5
674 -1.000000 4
678 -1.000000 4
683 0.000000 5
687 1.000000 4
691 -1.000000 4
695 1.000000 4
699 1.000000 4
703 -1.000000 4
707 -1.000000 4
711 -1.000000 4
715 1.000000 4
719 -1.000000 4
723 1.000000 4
728 1.000000 5
732 1.000000 4
736 1.000000 4
740 1.000000 4
743 1.000000 3
748 0.000000 5
752 1.000000 4
757 0.000000 5
760 1.000000 3
765 1.000000 5
768 1.000000 3
771 1.000000 3
774 1.000000 3
778 1.000000 4
781 1.000000 3
785 1.000000 4
790 0.000000 5
793 1.000000 3
797 -1.000000 4
801 -1.000000 4
804 1.000000 3
808 -1.000000 4
812 1.000000 4
815 1.000000 3
818 -1.000000 3
823 0.000000 5
828 1.000000 5
832 1.000000 4
837 0.000000 5
841 1.000000 4
844 -1.000000 3
848 1.000000 4
853 0.000000 5
858 1.000000 5
862 -1.000000 4
866 -1.000000 4
869 -1.000000 3
874 1.000000 5
877 1.000000 3
880 1.000000 3
885 1.000000 5
890 1.000000 5
895 1.000000 5
898 1.000000 3
902 1.000000 4
907 1.000000 5
910 -1.000000 3
914 1.000000 4
918 1.000000 4
922 -1.000000 4
927 1.000000 5
931 -1.000000 4
935 1.000000 4
939 -1.000000 4
944 1.000000 5
948 1.000000 4
951 -1.000000 3
954 1.000000 3
958 -1.000000 4
962 1.000000 4
966 -1.000000 4
970 1.000000 4
974 1.000000 4
979 1.000000 5
983 1.000000 4
988 1.000000 5
992 1.000000 4
997 1.000000 5
1001 1.000000 4
1005 -1.000000 4
1010 0.000000 5
1015 1.000000 5
1018 1.000000 3
1021 1.000000 3
1024 -1.000000 3
1029 0.000000 5
1034 1.000000 5
1038 -1.000000 4
1043 1.000000 5
1047 -1.000000 4
1051 1.000000 4
1054 -1.000000 3
1057 -1.000000 3
1062 1.000000 5
1066 -1.000000 4
1070 -1.000000 4
1075 0.000000 5
1080 0.000000 5
1084 -1.000000 4
1089 1.000000 5
1094 0.000000 5
1099 1.000000 5
1103 -1.000000 4
1108 1.000000 5
1113 1.000000 5
1118 1.000000 5
1122 -1.000000 4
1126 1.000000 4
1130 -1.000000 4
1134 1.000000 4
1139 0.000000 5
1144 0.000000 5
1148 1.000000 4
1153 0.000000 5
1157 -1.000000 4
1162 1.000000 5
1167 0.000000 5
1170 1.000000 3
1174 -1.000000 4
1178 -1.000000 4
1182 1.000000 4
1186 1.000000 4
1191 0.000000 5
1195 -1.000000 4
1200 1.000000 5
1205 1.000000 5
1210 1.000000 5
1214 1.000000 4
1218 -1.000000 4
1222 -1.000000 4
1226 -1.000000 4
1231 0.000000 5
1235 -1.000000 4
1238 -1.000000 3
1241 -1.000000 3
1245 1.000000 4
1249 -1.000000 4
1252 -1.000000 3
1257 1.000000 5
1261 -1.000000 4
1265 -1.000000 4
1268 1.000000 3
1273 0.000000 5
1278 1.000000 5
1283 0.000000 5
1287 1.000000 4
1292 0.000000 5
1297 0.000000 5
1300 -1.000000 3
1303 -1.000000 3
1308 1.000000 5
1313 0.000000 5
1316 -1.000000 3
1320 1.000000 4
1324 -1.000000 4
1329 1.000000 5
1333 1.000000 4
1336 1.000000 3
1341 1.000000 5
1345 -1.000000 4
1350 1.000000 5
1355 1.000000 5
1360 1.000000 5
1364 1.000000 4
1368 1.000000 4
1372 1.000000 4
1376 -1.000000 4
1380 1.000000 4
1384 -1.000000 4
1388 -1.000000 4
1392 -1.000000 4
1397 0.000000 5
1402 1.000000 5
1407 0.000000 5
1412 1.000000 5
1417 0.000000 5
1422 1.000000 5
1426 1.000000 4
1431 1.000000 5
1435 1.000000 4
1439 -1.000000 4
1444 1.000000 5
1449 0.000000 5
1453 -1.000000 4
1458 1.000000 5
1462 1.000000 4
1467 0.000000 5
1470 -1.000000 3
1473 -1.000000 3
1477 -1.000000 4
1482 1.000000 5
1487 0.000000 5
1491 -1.000000 4
1495 -1.000000 4
1499 -1.000000 4
1502 1.000000 3
1506 1.000000 4
1510 -1.000000 4
1515 1.000000 5
1520 0.000000 5
1524 1.000000 4
1529 1.000000 5
1534 1.000000 5
1539 0.000000 5
1543 1.000000 4
1548 0.000000 5
1551 -1.000000 3
1556 1.000000 5
1559 1.000000 3
1562 -1.000000 3
1565 -1.000000 3
1570 1.000000 5
1575 1.000000 5
1579 1.000000 4
1583 -1.000000 4
1588 0.000000 5
1593 1.000000 5
1598 1.000000 5
1602 1.000000 4
1606 1.000000 4
1610 1.000000 4
1615 0.000000 5
1619 1.000000 4
1623 1.000000 4
1627 1.000000 4
1631 -1.000000 4
1634 1.000000 3
1639 1.000000 5
1643 -1.000000 4
1647 -1.000000 4
1652 1.000000 5
1656 -1.000000 4
1660 -1.000000 4
1663 1.000000 3
1666 1.000000 3
1670 -1.000000 4
1674 1.000000 4
1678 1.000000 4
1682 -1.000000 4
1685 1.000000 3
1690 1.000000 5
1695 1.000000 5
1700 1.000000 5
1705 1.000000 5
1710 0.000000 5
1714 -1.000000 4
1718 1.000000 4
1721 1.000000 3
1725 -1.000000 4
1729 -1.000000 4
1733 -1.000000 4
1737 -1.000000 4
1742 1.000000 5
1747 0.000000 5
1752 1.000000 5
1757 0.000000 5
1760 1.000000 3
1764 -1.000000 4
1767 1.000000 3
1772 0.000000 5
1777 1.000000 5
1782 0.000000 5
1787 1.000000 5
1792 0.000000 5
1797 0.000000 5
1800 -1.000000 3
1804 1.000000 4
1808 -1.000000 4
1812 1.000000 4
1816 1.000000 4
1820 -1.000000 4
1824 -1.000000 4
1828 1.000000 4
1831 -1.000000 3
1835 -1.000000 4
1839 1.000000 4
1844 1.000000 5
1848 -1.000000 4
1852 -1.000000 4
1856 -1.000000 4
1860 -1.000000 4
1864 -1.000000 4
1869 0.000000 5
1873 1.000000 4
1877 1.000000 4
1880 1.000000 3
1884 1.000000 4
1887 1.000000 3
1892 0.000000 5
1897 0.000000 5
1900 1.000000 3
1905 1.000000 5
1909 1.000000 4
1914 1.000000 5
1918 -1.000000 4
1922 1.000000 4
1926 1.000000 4
1930 1.000000 4
1935 0.000000 5
1940 0.000000 5
1945 1.000000 5
1950 1.000000 5
1954 -1.000000 4
1958 -1.000000 4
1961 -1.000000 3
1966 1.000000 5
1971 1.000000 5
1976 1.000000 5
1981 1.000000 5
1985 -1.000000 4
1990 1.000000 5
1994 1.000000 4
1997 1.000000 3
2000 1.000000 3
2004 1.000000 4
2007 1.000000 3
2010 1.000000 3
2014 1.000000 4
2019 1.000000 5
2023 1.000000 4
2028 0.000000 5
2032 1.000000 4
2036 1.000000 4
2040 1.000000 4
2044 1.000000 4
2049 1.000000 5
2052 1.000000 3
2055 1.000000 3
2060 1.000000 5
2063 1.000000 3
2068 1.000000 5
2072 1.000000 4
2076 1.000000 4
2080 1.000000 4
2085 0.000000 5
2090 0.000000 5
2095 0.000000 5
2099 -1.000000 4
2104 1.000000 5
2108 -1.000000 4
2112 1.000000 4
2116 -1.000000 4
2120 1.000000 4
2124 1.000000 4
2128 1.000000 4
2132 -1.000000 4
2136 -1.000000 4
2141 1.000000 5
2144 1.000000 3
2148 1.000000 4
2152 1.000000 4
2156 1.000000 4
2160 -1.000000 4
2165 0.000000 5
2169 1.000000 4
2173 1.000000 4
2178 1.000000 5
2183 1.000000 5
2187 1.000000 4
2192 0.000000 5
2196 1.000000 4
2200 -1.000000 4
2203 1.000000 3
2207 1.000000 4
2211 1.000000 4
2215 1.000000 4
2218 -1.000000 3
2222 1.000000 4
2226 1.000000 4
2231 0.000000 5
2236 1.000000 5
2241 0.000000 5
2246 0.000000 5
2251 0.000000 5
2255 1.000000 4
2260 0.000000 5
2264 1.000000 4
2269 0.000000 5
2273 1.000000 4
2276 -1.000000 3
2281 1.000000 5
2286 0.000000 5
2291 0.000000 5
2296 1.000000 5
2301 1.000000 5
2305 1.000000 4
2309 -1.000000 4
2313 1.000000 4
2318 1.000000 5
2321 1.000000 3
2324 -1.000000 3
2328 1.000000 4
2333 1.000000 5
2338 1.000000 5
2341 -1.000000 3
2345 1.000000 4
2349 -1.000000 4
2352 1.000000 3
2357 1.000000 5
2361 -1.000000 4
2366 0.000000 5
2371 0.000000 5
2374 -1.000000 3
2378 1.000000 4
2382 1.000000 4
2387 0.000000 5
2391 -1.000000 4
2395 -1.000000 4
2399 1.000000 4
2403 1.000000 4
2407 -1.000000 4
2411 -1.000000 4
2414 1.000000 3
2419 0.000000 5
2423 1.000000 4
2427 -1.000000 4
2432 0.000000 5
2437 1.000000 5
2441 -1.000000 4
2445 -1.000000 4
2449 1.000000 4
2452 -1.000000 3
2455 1.000000 3
2460 1.000000 5
2464 -1.000000 4
2469 1.000000 5
2473 1.000000 4
2476 -1.000000 3
2481 1.000000 5
2486 1.000000 5
2489 -1.000000 3
2494 1.000000 5
2498 1.000000 4
2501 1.000000 3
2505 1.000000 4
2509 -1.000000 4
2514 0.000000 5
2519 1.000000 5
2522 -1.000000 3
2527 0.000000 5
2532 1.000000 5
2537 0.000000 5
2542 1.000000 5
2545 -1.000000 3
2550 1.000000 5
2554 -1.000000 4
2559 1.000000 5
2563 -1.000000 4
2567 1.000000 4
2570 1.000000 3
2573 -1.000000 3
2577 1.000000 4
2581 -1.000000 4
2584 1.000000 3
2587 1.000000 3
2590 1.000000 3
2595 1.000000 5
2600 1.000000 5
2605 1.000000 5
2609 1.000000 4
2612 1.000000 3
2616 1.000000 4
2619 -1.000000 3
2624 0.000000 5
2629 1.000000 5
2632 1.000000 3
2637 1.000000 5
2642 1.000000 5
2647 1.000000 5
2650 1.000000 3
2654 -1.000000 4
2658 -1.000000 4
2661 1.000000 3
2665 -1.000000 4
2668 -1.000000 3
2672 1.000000 4
2677 0.000000 5
2682 1.000000 5
2687 0.000000 5
2691 1.000000 4
2694 1.000000 3
2698 1.000000 4
2702 -1.000000 4
2706 -1.000000 4
2709 1.000000 3
2713 1.000000 4
2717 1.000000 4
2722 1.000000 5
2725 -1.000000 3
2730 0.000000 5
2735 1.000000 5
2740 1.000000 5
2745 1.000000 5
2749 1.000000 4
2752 1.000000 3
2757 0.000000 5
2761 1.000000 4
2764 1.000000 3
2768 -1.000000 4
2773 1.000000 5
2777 1.000000 4
2782 1.000000 5
2786 -1.000000 4
2789 1.000000 3
2793 1.000000 4
2797 -1.000000 4
2800 1.000000 3
2804 -1.000000 4
2808 1.000000 4
2813 1.000000 5
2817 1.000000 4
2820 -1.000000 3
2825 0.000000 5
2829 1.000000 4
2834 0.000000 5
2839 1.000000 5
2842 1.000000 3
2846 1.000000 4
2850 1.000000 4
2854 -1.000000 4
2859 1.000000 5
2864 0.000000 5
2869 1.000000 5
2874 0.000000 5
2878 1.000000 4
2882 1.000000 4
2886 -1.000000 4
2889 1.000000 3
2893 -1.000000 4
2896 -1.000000 3
2899 1.000000 3
2904 1.000000 5
2909 1.000000 5
2913 -1.000000 4
2916 1.000000 3
2921 0.000000 5
2925 1.000000 4
2929 1.000000 4
2932 -1.000000 3
2937 1.000000 5
2941 -1.000000 4
2945 -1.000000 4
2950 0.000000 5
2953 1.000000 3
2956 1.000000 3
2961 1.000000 5
2966 0.000000 5
2971 0.000000 5
2976 1.000000 5
2980 1.000000 4
2985 0.000000 5
2989 1.000000 4
2993 -1.000000 4
2997 1.000000 4
3002 1.000000 5
3007 0.000000 5
3011 1.000000 4
3014 1.000000 3
3019 1.000000 5
3022 1.000000 3
3026 -1.000000 4
3030 -1.000000 4
3035 1.000000 5
3040 1.000000 5
3045 1.000000 5
3049 1.000000 4
3053 1.000000 4
3058 0.000000 5
3062 1.000000 4
3067 1.000000 5
3071 -1.000000 4
3075 -1.000000 4
3079 1.000000 4
3083 -1.000000 4
3087 -1.000000 4
3091 1.000000 4
3096 1.000000 5
3100 1.000000 4
3105 0.000000 5
3109 1.000000 4
3113 -1.000000 4
3117 1.000000 4
3121 1.000000 4
3126 0.000000 5
3130 1.000000 4
3134 1.000000 4
3138 -1.000000 4
3143 0.000000 5
3147 1.000000 4
3150 1.000000 3
3154 1.000000 4
3159 1.000000 5
3164 1.000000 5
3168 -1.000000 4
3173 1.000000 5
3177 -1.000000 4
3180 -1.000000 3
3185 1.000000 5
3190 0.000000 5
3195 1.000000 5
3199 1.000000 4
3204 1.000000 5
3209 1.000000 5
3214 1.000000 5
3218 -1.000000 4
3223 1.000000 5
3226 -1.000000 3
3230 1.000000 4
3235 1.000000 5
3239 -1.000000 4
3242 1.000000 3
3245 -1.000000 3
3250 1.000000 5
3254 1.000000 4
3258 1.000000 4
3262 1.000000 4
3267 0.000000 5
3272 0.000000 5
3276 1.000000 4
3280 -1.000000 4
3285 0.000000 5
3288 1.000000 3
3291 1.000000 3
3296 1.000000 5
3301 1.000000 5
3306 0.000000 5
3310 -1.000000 4
3313 1.000000 3
3318 0.000000 5
3322 -1.000000 4
3326 1.000000 4
3330 -1.000000 4
3333 1.000000 3
3337 1.000000 4
3342 0.000000 5
3347 1.000000 5
3350 -1.000000 3
3354 1.000000 4
3358 -1.000000 4
3363 1.000000 5
3368 0.000000 5
3372 -1.000000 4
3377 1.000000 5
3382 1.000000 5
3385 1.000000 3
3389 -1.000000 4
3394 1.000000 5
3398 1.000000 4
3401 -1.000000 3
3406 0.000000 5
3410 -1.000000 4
3414 -1.000000 4
3418 -1.000000 4
3423 1.000000 5
3427 -1.000000 4
3431 -1.000000 4
3435 1.000000 4
3440 1.000000 5
3445 1.000000 5
3448 1.000000 3
3452 1.000000 4
3456 1.000000 4
3460 -1.000000 4
3465 1.000000 5
3470 0.000000 5
3474 1.000000 4
3477 1.000000 3
3481 -1.000000 4
3484 -1.000000 3
3489 0.000000 5
3493 1.000000 4
3498 1.000000 5
3503 1.000000 5
3506 -1.000000 3
3509 -1.000000 3
3512 1.000000 3
3516 1.000000 4
3520 -1.000000 4
3525 0.000000 5
3530 1.000000 5
3535 0.000000 5
3538 1.000000 3
3542 1.000000 4
3547 1.000000 5
3550 1.000000 3
3554 1.000000 4
3558 -1.000000 4
3563 1.000000 5
3567 -1.000000 4
3571 -1.000000 4
3574 -1.000000 3
3577 -1.000000 3
3582 0.000000 5
3585 -1.000000 3
3588 -1.000000 3
3592 -1.000000 4
3597 1.000000 5
3601 1.000000 4
3605 1.000000 4
3608 1.000000 3
3612 -1.000000 4
3617 1.000000 5
3621 -1.000000 4
3624 -1.000000 3
3629 1.000000 5
3634 1.000000 5
3638 -1.000000 4
3643 0.000000 5
3648 1.000000 5
3652 1.000000 4
3657 1.000000 5
3662 1.000000 5
3667 1.000000 5
3672 1.000000 5
3675 1.000000 3
3680 1.000000 5
3684 1.000000 4
3689 1.000000 5
3694 0.000000 5
3699 1.000000 5
3703 1.000000 4
3708 0.000000 5
3712 1.000000 4
3716 1.000000 4
3720 -1.000000 4
3724 1.000000 4
3729 1.000000 5
3733 1.000000 4
3737 -1.000000 4
3742 1.000000 5
3745 1.000000 3
3750 1.000000 5
3755 0.000000 5
3760 0.000000 5
3764 1.000000 4
3768 1.000000 4
3771 -1.000000 3
3775 1.000000 4
3779 -1.000000 4
3784 0.000000 5
3789 1.000000 5
3793 1.000000 4
3797 1.000000 4
3800 1.000000 3
3803 -1.000000 3
3808 0.000000 5
3812 -1.000000 4
3816 -1.000000 4
3820 -1.000000 4
3824 -1.000000 4
3828 -1.000000 4
3832 1.000000 4
3836 1.000000 4
3841 1.000000 5
3846 0.000000 5
3850 1.000000 4
3855 0.000000 5
3860 1.000000 5
3865 1.000000 5
3870 0.000000 5
3874 -1.000000 4
3878 -1.000000 4
3882 -1.000000 4
3885 -1.000000 3
3889 -1.000000 4
3894 1.000000 5
3898 -1.000000 4
3902 1.000000 4
3907 0.000000 5
3912 1.000000 5
3917 1.000000 5
3921 1.000000 4
3925 -1.000000 4
3929 1.000000 4
3932 1.000000 3
3936 1.000000 4
3939 1.000000 3
3944 1.000000 5
3949 0.000000 5
3952 -1.000000 3
3956 1.000000 4
3960 1.000000 4
3965 0.000000 5
3969 -1.000000 4
3973 1.000000 4
3977 -1.000000 4
3980 1.000000 3
3984 1.000000 4
3988 1.000000 4
3991 -1.000000 3
3996 1.000000 5
4001 1.000000 5
4005 -1.000000 4
4010 1.000000 5
4015 0.000000 5
4019 -1.000000 4
4023 1.000000 4
4027 1.000000 4
4031 -1.000000 4
4034 1.000000 3
4038 1.000000 4
4043 1.000000 5
4048 1.000000 5
4051 1.000000 3
4055 1.000000 4
4059 1.000000 4
4062 1.000000 3
4066 -1.000000 4
4071 0.000000 5
4075 1.000000 4
4079 1.000000 4
4083 1.000000 4
4088 0.000000 5
4092 -1.000000 4
4095 1.000000 3
4098 1.000000 3
4103 0.000000 5
4108 0.000000 5
4112 1.000000 4
4117 1.000000 5
4121 1.000000 4
4125 1.000000 4
4130 1.000000 5
4134 1.000000 4
4139 0.000000 5
4144 0.000000 5
4147 -1.000000 3
4151 1.000000 4
4154 -1.000000 3
4159 1.000000 5
4162 -1.000000 3
4165 -1.000000 3
4168 1.000000 3
4172 1.000000 4
4175 -1.000000 3
4179 1.000000 4
4182 -1.000000 3
4185 1.000000 3
4189 1.000000 4
4192 1.000000 3
4196 -1.000000 4
4200 -1.000000 4
4205 1.000000 5
4210 1.000000 5
4215 1.000000 5
4220 0.000000 5
4224 1.000000 4
4229 0.000000 5
4233 1.000000 4
4238 1.000000 5
4243 1.000000 5
4248 1.000000 5
4253 1.000000 5
4256 -1.000000 3
4261 1.000000 5
4265 1.000000 4
4269 1.000000 4
4274 0.000000 5
4278 -1.000000 4
4281 1.000000 3
4286 0.000000 5
4291 1.000000 5
4295 1.000000 4
4299 -1.000000 4
4302 -1.000000 3
4307 1.000000 5
4311 -1.000000 4
4316 0.000000 5
4321 1.000000 5
4325 1.000000 4
4328 1.000000 3
4331 1.000000 3
4336 1.000000 5
4339 1.000000 3
4344 1.000000 5
4349 1.000000 5
4353 -1.000000 4
4356 -1.000000 3
4359 -1.000000 3
4364 1.000000 5
4369 1.000000 5
4373 -1.000000 4
4377 -1.000000 4
4381 1.000000 4
4386 1.000000 5
4389 1.000000 3
4393 1.000000 4
4397 -1.000000 4
4401 -1.000000 4
4405 1.000000 4
4409 1.000000 4
4413 1.000000 4
4417 1.000000 4
4420 -1.000000 3
4423 -1.000000 3
4428 1.000000 5
4433 1.000000 5
4437 -1.000000 4
4441 -1.000000 4
4446 0.000000 5
4451 0.000000 5
4454 1.000000 3
4459 0.000000 5
4464 1.000000 5
4468 -1.000000 4
4472 -1.000000 4
4475 -1.000000 3
4478 -1.000000 3
4483 1.000000 5
4487 -1.000000 4
4491 1.000000 4
4496 1.000000 5
4500 -1.000000 4
4504 1.000000 4
4508 1.000000 4
4512 1.000000 4
4517 1.000000 5
4521 1.000000 4
4526 1.000000 5
4531 1.000000 5
4536 1.000000 5
4541 1.000000 5
4545 1.000000 4
4550 1.000000 5
4554 -1.000000 4
4559 1.000000 5
4563 1.000000 4
4567 1.000000 4
4570 1.000000 3
4573 -1.000000 3
4578 1.000000 5
4582 -1.000000 4
4585 -1.000000 3
4589 1.000000 4
4592 1.000000 3
4595 1.000000 3
4599 -1.000000 4
4602 1.000000 3
4605 -1.000000 3
4609 -1.000000 4
4613 1.000000 4
4617 -1.000000 4
4621 1.000000 4
4625 -1.000000 4
4629 -1.000000 4
4634 1.000000 5
4637 -1.000000 3
4641 1.000000 4
4645 -1.000000 4
4649 1.000000 4
4653 1.000000 4
4657 -1.000000 4
4661 1.000000 4
4664 -1.000000 3
4669 1.000000 5
4673 -1.000000 4
4678 0.000000 5
4681 -1.000000 3
4685 -1.000000 4
4689 1.000000 4
4693 1.000000 4
4697 1.000000 4
4701 -1.000000 4
4704 1.000000 3
4707 -1.000000 3
4712 1.000000 5
4715 -1.000000 3
4720 1.000000 5
4725 1.000000 5
4728 1.000000 3
4732 -1.000000 4
4736 -1.000000 4
4739 1.000000 3
4743 1.000000 4
4748 1.000000 5
4752 -1.000000 4
4756 1.000000 4
4761 1.000000 5
4764 1.000000 3
4769 0.000000 5
4772 1.000000 3
4776 1.000000 4
4779 1.000000 3
4782 -1.000000 3
4785 -1.000000 3
4790 1.000000 5
4794 -1.000000 4
4799 1.000000 5
4804 0.000000 5
4808 1.000000 4
4812 -1.000000 4
4816 -1.000000 4
4821 1.000000 5
4826 1.000000 5
4829 1.000000 3
4833 1.000000 4
4837 -1.000000 4
4841 -1.000000 4
4845 -1.000000 4
4849 -1.000000 4
4853 1.000000 4
4856 -1.000000 3
4860 1.000000 4
4865 0.000000 5
4869 -1.000000 4
4873 1.000000 4
4877 -1.000000 4
4882 0.000000 5
4886 -1.000000 4
4891 1.000000 5
4894 -1.000000 3
4899 0.000000 5
4902 1.000000 3
4907 1.000000 5
4912 0.000000 5
4916 1.000000 4
4921 1.000000 5
4924 1.000000 3
4928 -1.000000 4
4932 -1.000000 4
4936 -1.000000 4
4939 -1.000000 3
4944 0.000000 5
4948 1.000000 4
4953 0.000000 5
4958 1.000000 5
4963 1.000000 5
4967 1.000000 4
4972 1.000000 5
4976 1.000000 4
4980 -1.000000 4
4983 1.000000 3
4987 1.000000 4
4992 0.000000 5
4996 -1.000000 4
5001 1.000000 5
5006 0.000000 5
5010 1.000000 4
5014 1.000000 4
5019 1.000000 5
5022 1.000000 3
5025 -1.000000 3
5029 1.000000 4
5033 1.000000 4
5037 1.000000 4
5040 1.000000 3
5045 1.000000 5
5050 0.000000 5
5055 1.000000 5
5059 1.000000 4
5062 -1.000000 3
5067 1.000000 5
5071 1.000000 4
5075 1.000000 4
5080 0.000000 5
5084 -1.000000 4
5089 1.000000 5
5093 1.000000 4
5097 -1.000000 4
5100 -1.000000 3
5104 -1.000000 4
5109 1.000000 5
5113 1.000000 4
5117 1.000000 4
5122 1.000000 5
5127 1.000000 5
5131 -1.000000 4
5135 1.000000 4
5139 -1.000000 4
5144 1.000000 5
5148 1.000000 4
5151 -1.000000 3
5155 1.000000 4
5160 1.000000 5
5165 1.000000 5
5170 1.000000 5
5174 1.000000 4
5179 0.000000 5
5183 1.000000 4
5188 1.000000 5
5191 -1.000000 3
5196 0.000000 5
5199 -1.000000 3
5203 1.000000 4
5206 -1.000000 3
5210 1.000000 4
5214 1.000000 4
5218 -1.000000 4
5222 1.000000 4
5225 1.000000 3
5229 1.000000 4
5233 1.000000 4
5238 0.000000 5
5242 -1.000000 4
5246 1.000000 4
5250 1.000000 4
5253 1.000000 3
5257 1.000000 4
5261 -1.000000 4
5265 1.000000 4
5268 -1.000000 3
5271 -1.000000 3
5275 1.000000 4
5278 1.000000 3
5283 1.000000 5
5287 -1.000000 4
5291 -1.000000 4
5295 -1.000000 4
5299 1.000000 4
5302 -1.000000 3
5306 -1.000000 4
5311 1.000000 5
5316 1.000000 5
5320 1.000000 4
5323 -1.000000 3
5327 1.000000 4
5332 1.000000 5
5335 -1.000000 3
5339 1.000000 4
5342 1.000000 3
5346 1.000000 4
5351 1.000000 5
5356 0.000000 5
5359 -1.000000 3
5363 -1.000000 4
5368 1.000000 5
5373 0.000000 5
5378 1.000000 5
5382 1.000000 4
5387 1.000000 5
5392 0.000000 5
5396 1.000000 4
5400 1.000000 4
5403 -1.000000 3
5408 0.000000 5
5412 1.000000 4
5415 -1.000000 3
5419 -1.000000 4
5423 -1.000000 4
5426 -1.000000 3
5431 1.000000 5
5435 1.000000 4
5439 -1.000000 4
5443 -1.000000 4
5448 0.000000 5
5453 0.000000 5
5456 -1.000000 3
5460 1.000000 4
5464 -1.000000 4
5468 1.000000 4
5473 1.000000 5
5478 1.000000 5
5483 0.000000 5
5487 1.000000 4
5490 1.000000 3
5495 1.000000 5
5500 1.000000 5
5504 1.000000 4
5509 1.000000 5
5512 1.000000 3
5516 -1.000000 4
5521 1.000000 5
5525 1.000000 4
5528 -1.000000 3
5533 1.000000 5
5538 1.000000 5
5543 1.000000 5
5547 1.000000 4
5551 1.000000 4
5554 1.000000 3
5559 1.000000 5
5564 1.000000 5
5567 -1.000000 3
5572 0.000000 5
5575 -1.000000 3
5580 0.000000 5
5585 0.000000 5
5590 1.000000 5
5595 1.000000 5
5598 -1.000000 3
5602 1.000000 4
5606 1.000000 4
5610 1.000000 4
5615 1.000000 5
5619 -1.000000 4
5623 1.000000 4
5627 -1.000000 4
5630 -1.000000 3
5634 1.000000 4
5639 1.000000 5
5644 1.000000 5
5647 1.000000 3
5652 0.000000 5
5657 1.000000 5
5662 1.000000 5
5667 0.000000 5
5671 1.000000 4
5676 1.000000 5
5680 -1.000000 4
5683 1.000000 3
5687 -1.000000 4
5692 0.000000 5
5696 -1.000000 4
5700 1.000000 4
5703 -1.000000 3
5707 -1.000000 4
5710 1.000000 3
5715 0.000000 5
5718 -1.000000 3
5723 0.000000 5
5728 1.000000 5
5733 1.000000 5
5737 -1.000000 4
5741 1.000000 4
5744 1.000000 3
5748 1.000000 4
5753 0.000000 5
5758 0.000000 5
5761 -1.000000 3
5764 -1.000000 3
5769 1.000000 5
5773 1.000000 4
5776 1.000000 3
5780 -1.000000 4
5784 -1.000000 4
5789 1.000000 5
5794 0.000000 5
5799 0.000000 5
5803 1.000000 4
5808 1.000000 5
5813 0.000000 5
5817 1.000000 4
5821 1.000000 4
5825 -1.000000 4
5830 1.000000 5
5835 0.000000 5
5840 1.000000 5
5845 1.000000 5
5848 1.000000 3
5853 1.000000 5
5858 0.000000 5
5862 1.000000 4
5867 0.000000 5
5872 1.000000 5
5875 -1.000000 3
5879 -1.000000 4
5883 -1.000000 4
5887 -1.000000 4
5892 0.000000 5
5895 -1.000000 3
5899 -1.000000 4
5904 1.000000 5
5908 1.000000 4
5913 0.000000 5
5916 1.000000 3
5920 1.000000 4
5924 1.000000 4
5928 -1.000000 4
5931 1.000000 3
5935 -1.000000 4
5939 -1.000000 4
5944 1.000000 5
5949 0.000000 5
5953 1.000000 4
5956 1.000000 3
5961 0.000000 5
5964 1.000000 3
5968 1.000000 4
5973 1.000000 5
5978 1.000000 5
5983 0.000000 5
5988 0.000000 5
5993 0.000000 5
5998 1.000000 5
6003 1.000000 5
6006 -1.000000 3
6010 1.000000 4
6015 1.000000 5
6019 1.000000 4
6023 -1.000000 4
6028 1.000000 5
6033 0.000000 5
6037 -1.000000 4
6041 -1.000000 4
6046 0.000000 5
6050 -1.000000 4
6054 -1.000000 4
6057 1.000000 3
6061 1.000000 4
6066 0.000000 5
6071 1.000000 5
6074 1.000000 3
6078 1.000000 4
6083 1.000000 5
6087 1.000000 4
6090 1.000000 3
6093 1.000000 3
6097 1.000000 4
6102 1.000000 5
6106 -1.000000 4
6111 1.000000 5
6116 1.000000 5
6120 1.000000 4
6124 -1.000000 4
6128 1.000000 4
6133 1.000000 5
6137 -1.000000 4
6142 1.000000 5
6146 1.000000 4
6151 1.000000 5
6154 1.000000 3
6158 1.000000 4
6162 -1.000000 4
6166 -1.000000 4
6170 1.000000 4
6174 1.000000 4
6179 1.000000 5
6184 0.000000 5
6189 1.000000 5
6193 -1.000000 4
6197 -1.000000 4
6200 1.000000 3
6204 -1.000000 4
6207 1.000000 3
6211 -1.000000 4
6216 1.000000 5
6220 1.000000 4
6224 1.000000 4
6227 -1.000000 3
6232 1.000000 5
6236 -1.000000 4
6240 -1.000000 4
6244 -1.000000 4
6247 -1.000000 3
6251 -1.000000 4
6255 -1.000000 4
6259 1.000000 4
6262 -1.000000 3
6266 1.000000 4
6270 1.000000 4
6274 -1.000000 4
6278 1.000000 4
6282 -1.000000 4
6286 1.000000 4
6291 1.000000 5
6294 -1.000000 3
6298 -1.000000 4
6303 1.000000 5
6307 1.000000 4
6310 1.000000 3
6314 1.000000 4
6318 -1.000000 4
6323 1.000000 5
6326 1.000000 3
6331 0.000000 5
6335 1.000000 4
6340 1.000000 5
6344 1.000000 4
6348 1.000000 4
6353 0.000000 5
6356 -1.000000 3
6361 0.000000 5
6365 1.000000 4
6368 -1.000000 3
6371 -1.000000 3
6375 1.000000 4
6380 0.000000 5
6384 -1.000000 4
6389 0.000000 5
6394 1.000000 5
6399 1.000000 5
6404 0.000000 5
6407 -1.000000 3
6411 -1.000000 4
6414 -1.000000 3
6417 -1.000000 3
6421 1.000000 4
6425 -1.000000 4
6429 -1.000000 4
6433 -1.000000 4
6436 -1.000000 3
6440 -1.000000 4
6445 0.000000 5
6449 1.000000 4
6453 1.000000 4
6457 1.000000 4
6462 1.000000 5
6466 1.000000 4
6470 1.000000 4
6473 1.000000 3
6477 1.000000 4
6481 1.000000 4
6485 1.000000 4
6489 -1.000000 4
6494 0.000000 5
6499 1.000000 5
6503 1.000000 4
6507 -1.000000 4
6510 -1.000000 3
6514 1.000000 4
6519 1.000000 5
6524 0.000000 5
6529 0.000000 5
6534 1.000000 5
6539 1.000000 5
6543 1.000000 4
6547 1.000000 4
6550 -1.000000 3
6554 1.000000 4
6558 1.000000 4
6562 1.000000 4
6566 1.000000 4
6570 1.000000 4
6573 1.000000 3
6577 1.000000 4
6582 1.000000 5
6586 -1.000000 4
6591 0.000000 5
6596 0.000000 5
6601 0.000000 5
6606 1.000000 5
6611 1.000000 5
6615 1.000000 4
6618 1.000000 3
6622 1.000000 4
6627 1.000000 5
6632 1.000000 5
6635 1.000000 3
6639 -1.000000 4
6644 1.000000 5
6648 -1.000000 4
6651 1.000000 3
6656 1.000000 5
6659 -1.000000 3
6663 -1.000000 4
6668 1.000000 5
6673 1.000000 5
6677 1.000000 4
6681 -1.000000 4
6685 1.000000 4
6690 1.000000 5
6693 1.000000 3
6698 1.000000 5
6702 1.000000 4
6706 1.000000 4
6710 1.000000 4
6714 -1.000000 4
6719 1.000000 5
6724 0.000000 5
6729 0.000000 5
6733 -1.000000 4
6737 1.000000 4
6741 1.000000 4
6745 -1.000000 4
6750 0.000000 5
6754 -1.000000 4
6757 1.000000 3
6761 1.000000 4
6764 -1.000000 3
6768 1.000000 4
6773 1.000000 5
6776 -1.000000 3
6779 1.000000 3
6784 1.000000 5
6787 1.000000 3
6791 -1.000000 4
6796 0.000000 5
6801 1.000000 5
6805 -1.000000 4
6808 -1.000000 3
6812 -1.000000 4
6816 1.000000 4
6820 1.000000 4
6824 1.000000 4
6828 1.000000 4
6832 1.000000 4
6836 -1.000000 4
6840 -1.000000 4
6844 1.000000 4
6848 -1.000000 4
6852 -1.000000 4
6857 0.000000 5
6862 1.000000 5
6866 -1.000000 4
6870 -1.000000 4
6874 1.000000 4
6879 1.000000 5
6884 1.000000 5
6887 -1.000000 3
6890 -1.000000 3
6895 0.000000 5
6900 1.000000 5
6903 1.000000 3
6906 -1.000000 3
6910 1.000000 4
6914 -1.000000 4
6918 1.000000 4
6922 1.000000 4
6927 0.000000 5
6932 1.000000 5
6937 0.000000 5
6942 1.000000 5
6946 1.000000 4
6951 1.000000 5
6956 1.000000 5
6961 1.000000 5
6965 1.000000 4
6970 1.000000 5
6975 1.000000 5
6980 1.000000 5
6985 0.000000 5
6989 1.000000 4
6993 1.000000 4
6996 1.000000 3
7001 0.000000 5
7004 -1.000000 3
7008 -1.000000 4
7013 1.000000 5
7016 -1.000000 3
7020 1.000000 4
7024 1.000000 4
7027 -1.000000 3
7032 0.000000 5
7037 1.000000 5
7041 -1.000000 4
7046 1.000000 5
7050 -1.000000 4
7053 1.000000 3
7058 0.000000 5
7061 -1.000000 3
7066 1.000000 5
7071 1.000000 5
7074 1.000000 3
7079 0.000000 5
7082 1.000000 3
7085 -1.000000 3
7088 1.000000 3
7092 -1.000000 4
7097 1.000000 5
7101 1.000000 4
7105 1.000000 4
7109 1.000000 4
7113 1.000000 4
7117 1.000000 4
7121 -1.000000 4
7124 -1.000000 3
7129 1.000000 5
7134 0.000000 5
7139 1.000000 5
7144 1.000000 5
7148 1.000000 4
7153 0.000000 5
7157 1.000000 4
7160 1.000000 3
7164 -1.000000 4
7168 -1.000000 4
7172 -1.000000 4
7177 1.000000 5
7181 1.000000 4
7186 1.000000 5
7191 0.000000 5
7195 1.000000 4
7199 1.000000 4
7202 1.000000 3
7205 -1.000000 3
7209 1.000000 4
7214 1.000000 5
7218 -1.000000 4
7222 1.000000 4
7226 1.000000 4
7231 1.000000 5
7234 -1.000000 3
7239 0.000000 5
7244 0.000000 5
7249 1.000000 5
7253 1.000000 4
7258 0.000000 5
7263 1.000000 5
7267 1.000000 4
7272 1.000000 5
7276 1.000000 4
7280 -1.000000 4
7285 1.000000 5
7288 -1.000000 3
7292 -1.000000 4
7296 1.000000 4
7300 1.000000 4
7304 1.000000 4
7308 -1.000000 4
7312 1.000000 4
7317 1.000000 5
7321 -1.000000 4
7325 1.000000 4
7329 1.000000 4
7333 1.000000 4
7338 1.000000 5
7341 1.000000 3
7346 1.000000 5
7350 -1.000000 4
7355 0.000000 5
7360 0.000000 5
7363 -1.000000 3
7366 1.000000 3
7370 -1.000000 4
7374 -1.000000 4
7378 1.000000 4
7383 0.000000 5
7387 -1.000000 4
7391 -1.000000 4
7396 0.000000 5
7400 1.000000 4
7404 -1.000000 4
7407 -1.000000 3
7410 -1.000000 3
7415 0.000000 5
7418 1.000000 3
7423 1.000000 5
7428 1.000000 5
7431 1.000000 3
7434 1.000000 3
7438 -1.000000 4
7442 -1.000000 4
7447 1.000000 5
7452 0.000000 5
7456 -1.000000 4
7460 -1.000000 4
7464 1.000000 4
7468 1.000000 4
7473 1.000000 5
7477 -1.000000 4
7481 -1.000000 4
7486 0.000000 5
7490 1.000000 4
7493 -1.000000 3
7497 -1.000000 4
7501 1.000000 4
7505 -1.000000 4
7509 1.000000 4
7514 0.000000 5
7518 -1.000000 4
7521 -1.000000 3
7524 -1.000000 3
7528 1.000000 4
7533 0.000000 5
7538 1.000000 5
7542 -1.000000 4
7547 1.000000 5
7551 -1.000000 4
7555 -1.000000 4
7559 1.000000 4
7564 1.000000 5
7567 -1.000000 3
7571 1.000000 4
7576 0.000000 5
7581 1.000000 5
7586 1.000000 5
7590 1.000000 4
7594 1.000000 4
7599 1.000000 5
7603 -1.000000 4
7608 0.000000 5
7613 0.000000 5
7616 -1.000000 3
7620 1.000000 4
7624 1.000000 4
7629 1.000000 5
7633 1.000000 4
7637 1.000000 4
7642 0.000000 5
7647 0.000000 5
7651 -1.000000 4
7655 -1.000000 4
7660 0.000000 5
7664 1.000000 4
7668 1.000000 4
7672 1.000000 4
7676 -1.000000 4
7680 -1.000000 4
7684 -1.000000 4
7688 1.000000 4
7691 1.000000 3
7695 1.000000 4
7698 -1.000000 3
7701 -1.000000 3
7704 1.000000 3
7708 -1.000000 4
7713 1.000000 5
7717 1.000000 4
7721 -1.000000 4
7726 0.000000 5
7729 1.000000 3
7734 1.000000 5
7738 -1.000000 4
7741 -1.000000 3
7745 1.000000 4
7749 1.000000 4
7752 1.000000 3
7756 -1.000000 4
7760 1.000000 4
7765 1.000000 5
7770 1.000000 5
7774 1.000000 4
7777 1.000000 3
7782 0.000000 5
7786 -1.000000 4
7791 0.000000 5
7794 1.000000 3
7797 -1.000000 3
7801 1.000000 4
7806 1.000000 5
7811 0.000000 5
7815 1.000000 4
7819 1.000000 4
7824 0.000000 5
7827 -1.000000 3
7832 1.000000 5
7837 0.000000 5
7841 1.000000 4
7846 1.000000 5
7850 -1.000000 4
7854 -1.000000 4
7858 1.000000 4
7862 -1.000000 4
7866 1.000000 4
7871 1.000000 5
7876 1.000000 5
7881 1.000000 5
7885 -1.000000 4
7889 -1.000000 4
7894 0.000000 5
7898 1.000000 4
7903 1.000000 5
7908 1.000000 5
7912 -1.000000 4
7915 1.000000 3
7920 1.000000 5
7923 -1.000000 3
7928 0.000000 5
7932 -1.000000 4
7937 0.000000 5
7942 1.000000 5
7947 0.000000 5
7951 1.000000 4
7955 -1.000000 4
7960 0.000000 5
7964 1.000000 4
7969 1.000000 5
7973 1.000000 4
7976 1.000000 3
7980 1.000000 4
7983 -1.000000 3
7987 1.000000 4
7992 1.000000 5
7996 -1.000000 4
8001 1.000000 5
8006 0.000000 5
8009 1.000000 3
8013 -1.000000 4
8018 0.000000 5
8023 0.000000 5
8026 1.000000 3
8030 -1.000000 4
8034 1.000000 4
8039 1.000000 5
8043 -1.000000 4
8047 -1.000000 4
8051 -1.000000 4
8054 1.000000 3
8059 1.000000 5
8063 -1.000000 4
8068 1.000000 5
8072 -1.000000 4
8075 1.000000 3
8079 1.000000 4
8084 1.000000 5
8088 1.000000 4
8093 1.000000 5
8096 1.000000 3
8099 1.000000 3
8103 1.000000 4
8106 -1.000000 3
8109 -1.000000 3
8114 1.000000 5
8119 1.000000 5
8123 -1.000000 4
8126 1.000000 3
8130 1.000000 4
8133 1.000000 3
8138 0.000000 5
8142 -1.000000 4
8145 1.000000 3
8148 -1.000000 3
8153 0.000000 5
8157 1.000000 4
8161 1.000000 4
8166 0.000000 5
8171 1.000000 5
8174 -1.000000 3
8179 0.000000 5
8183 -1.000000 4
8187 1.000000 4
8191 1.000000 4
8196 0.000000 5
8200 1.000000 4
8205 1.000000 5
8210 1.000000 5
8214 1.000000 4
8218 1.000000 4
8223 0.000000 5
8227 1.000000 4
8232 1.000000 5
8237 0.000000 5
8242 1.000000 5
8246 -1.000000 4
8250 1.000000 4
8255 0.000000 5
8259 1.000000 4
8264 1.000000 5
8267 -1.000000 3
8271 1.000000 4
8274 -1.000000 3
8279 1.000000 5
8283 -1.000000 4
8288 0.000000 5
8293 0.000000 5
8298 1.000000 5
8302 1.000000 4
8305 -1.000000 3
8309 1.000000 4
8312 1.000000 3
8317 0.000000 5
8321 -1.000000 4
8325 1.000000 4
8330 1.000000 5
8335 1.000000 5
8340 0.000000 5
8345 0.000000 5
8349 -1.000000 4
8353 -1.000000 4
8358 0.000000 5
8363 1.000000 5
8368 1.000000 5
8372 1.000000 4
8375 1.000000 3
8378 -1.000000 3
8382 1.000000 4
8386 -1.000000 4
8389 1.000000 3
8394 0.000000 5
8397 -1.000000 3
8401 -1.000000 4
8405 1.000000 4
8408 -1.000000 3
8413 1.000000 5
8416 -1.000000 3
8419 -1.000000 3
8424 0.000000 5
8428 1.000000 4
8432 1.000000 4
8436 1.000000 4
8441 1.000000 5
8446 1.000000 5
8450 -1.000000 4
8455 1.000000 5
8459 1.000000 4
8462 1.000000 3
8465 -1.000000 3
8470 1.000000 5
8474 1.000000 4
8478 1.000000 4
8483 1.000000 5
8486 1.000000 3
8491 1.000000 5
8495 -1.000000 4
8500 0.000000 5
8505 0.000000 5
8510 1.000000 5
8514 -1.000000 4
8517 1.000000 3
8520 1.000000 3
8525 0.000000 5
8528 1.000000 3
8532 -1.000000 4
8537 0.000000 5
8542 0.000000 5
8546 1.000000 4
8550 -1.000000 4
8553 -1.000000 3
8557 1.000000 4
8562 1.000000 5
8565 1.000000 3
8569 1.000000 4
8573 -1.000000 4
8576 1.000000 3
8581 0.000000 5
8584 -1.000000 3
8588 1.000000 4
8592 -1.000000 4
8596 -1.000000 4
8600 1.000000 4
8605 1.000000 5
8610 1.000000 5
8613 1.000000 3
8617 1.000000 4
8621 -1.000000 4
8625 -1.000000 4
8629 -1.000000 4
8633 1.000000 4
8637 1.000000 4
8642 0.000000 5
8645 -1.000000 3
8649 -1.000000 4
8652 1.000000 3
8657 0.000000 5
8662 1.000000 5
8665 1.000000 3
8670 0.000000 5
8673 1.000000 3
8677 -1.000000 4
8682 1.000000 5
8686 -1.000000 4
8689 1.000000 3
8693 -1.000000 4
8698 1.000000 5
8702 1.000000 4
8705 -1.000000 3
8710 0.000000 5
8713 1.000000 3
8716 -1.000000 3
8720 1.000000 4
8725 0.000000 5
8729 1.000000 4
8734 1.000000 5
8738 1.000000 4
8742 1.000000 4
8747 1.000000 5
8752 0.000000 5
8756 1.000000 4
8760 -1.000000 4
8763 1.000000 3
8768 1.000000 5
8773 1.000000 5
8777 1.000000 4
8782 1.000000 5
8787 1.000000 5
8791 1.000000 4
8796 1.000000 5
8799 -1.000000 3
8802 1.000000 3
8806 -1.000000 4
8809 1.000000 3
8812 -1.000000 3
8817 0.000000 5
8821 1.000000 4
8825 -1.000000 4
8829 1.000000 4
8833 -1.000000 4
8837 1.000000 4
8842 1.000000 5
8847 1.000000 5
8851 -1.000000 4
8854 -1.000000 3
8859 0.000000 5
8864 1.000000 5
8868 1.000000 4
8873 0.000000 5
8877 -1.000000 4
8881 1.000000 4
8886 1.000000 5
8891 1.000000 5
8895 -1.000000 4
8898 1.000000 3
8902 -1.000000 4
8907 1.000000 5
8912 1.000000 5
8916 1.000000 4
8920 1.000000 4
8925 1.000000 5
8930 1.000000 5
8933 -1.000000 3
8937 1.000000 4
8940 -1.000000 3
8944 1.000000 4
8949 0.000000 5
8952 -1.000000 3
8956 1.000000 4
8961 0.000000 5
8966 0.000000 5
8970 1.000000 4
8975 0.000000 5
8978 -1.000000 3
8983 0.000000 5
8987 1.000000 4
8992 1.000000 5
8996 -1.000000 4
9001 1.000000 5
9005 1.000000 4
9010 1.000000 5
9014 -1.000000 4
9019 1.000000 5
9024 0.000000 5
9029 1.000000 5
9033 1.000000 4
9037 -1.000000 4
9042 0.000000 5
9046 1.000000 4
9050 1.000000 4
9055 1.000000 5
9058 -1.000000 3
9062 1.000000 4
9067 1.000000 5
9072 1.000000 5
9076 1.000000 4
9080 1.000000 4
9085 1.000000 5
9089 1.000000 4
9094 1.000000 5
9099 0.000000 5
9103 1.000000 4
9107 -1.000000 4
9111 1.000000 4
9115 -1.000000 4
9119 -1.000000 4
9124 0.000000 5
9128 1.000000 4
9132 -1.000000 4
9136 -1.000000 4
9139 -1.000000 3
9144 1.000000 5
9149 0.000000 5
9154 0.000000 5
9159 1.000000 5
9164 1.000000 5
9169 0.000000 5
9172 -1.000000 3
9176 1.000000 4
9179 -1.000000 3
9183 -1.000000 4
9187 1.000000 4
9191 -1.000000 4
9196 1.000000 5
9201 1.000000 5
9205 1.000000 4
9208 -1.000000 3
9213 0.000000 5
9218 0.000000 5
9223 1.000000 5
9227 -1.000000 4
9230 1.000000 3
9235 1.000000 5
9240 1.000000 5
9245 1.000000 5
9249 -1.000000 4
9253 -1.000000 4
9257 -1.000000 4
9261 -1.000000 4
9265 -1.000000 4
9269 1.000000 4
9273 1.000000 4
9278 0.000000 5
9283 1.000000 5
9288 0.000000 5
9292 -1.000000 4
9296 1.000000 4
9301 0.000000 5
9305 -1.000000 4
9310 1.000000 5
9315 0.000000 5
9320 1.000000 5
9324 1.000000 4
9328 -1.000000 4
9333 0.000000 5
9338 1.000000 5
9342 -1.000000 4
9346 1.000000 4
9350 -1.000000 4
9355 0.000000 5
9359 1.000000 4
9364 1.000000 5
9367 -1.000000 3
9370 -1.000000 3
9374 1.000000 4
9378 1.000000 4
9383 1.000000 5
9386 -1.000000 3
9391 0.000000 5
9396 0.000000 5
9400 -1.000000 4
9403 1.000000 3
9408 1.000000 5
9412 -1.000000 4
9416 -1.000000 4
9421 1.000000 5
9424 1.000000 3
9429 0.000000 5
9434 0.000000 5
9437 1.000000 3
9442 1.000000 5
9447 0.000000 5
9452 0.000000 5
9457 0.000000 5
9461 -1.000000 4
9466 1.000000 5
9469 -1.000000 3
9472 -1.000000 3
9475 -1.000000 3
9479 1.000000 4
9484 0.000000 5
9489 0.000000 5
9493 1.000000 4
9498 0.000000 5
9503 1.000000 5
9507 1.000000 4
9510 1.000000 3
9515 1.000000 5
9520 0.000000 5
9523 1.000000 3
9527 1.000000 4
9532 0.000000 5
9536 1.000000 4
9540 1.000000 4
9543 -1.000000 3
9548 1.000000 5
9553 1.000000 5
9558 1.000000 5
9562 -1.000000 4
9567 1.000000 5
9572 1.000000 5
9577 1.000000 5
9580 -1.000000 3
9584 1.000000 4
9588 -1.000000 4
9591 1.000000 3
9596 1.000000 5
9600 -1.000000 4
9604 1.000000 4
9608 1.000000 4
9612 1.000000 4
9616 -1.000000 4
9621 0.000000 5
9625 -1.000000 4
9629 1.000000 4
9633 1.000000 4
9638 0.000000 5
9642 1.000000 4
9646 1.000000 4
9650 -1.000000 4
9655 0.000000 5
9660 0.000000 5
9663 1.000000 3
9667 1.000000 4
9672 0.000000 5
9676 -1.000000 4
9680 -1.000000 4
9684 -1.000000 4
9689 0.000000 5
9693 1.000000 4
9697 -1.000000 4
9701 -1.000000 4
9705 -1.000000 4
9709 1.000000 4
9713 1.000000 4
9717 1.000000 4
9721 -1.000000 4
9726 1.000000 5
9730 1.000000 4
9735 0.000000 5
9740 1.000000 5
9743 1.000000 3
9746 -1.000000 3
9751 0.000000 5
9756 0.000000 5
9760 1.000000 4
9765 1.000000 5
9769 1.000000 4
9773 -1.000000 4
9778 1.000000 5
9782 -1.000000 4
9785 1.000000 3
9789 -1.000000 4
9794 1.000000 5
9799 1.000000 5
9803 1.000000 4
9806 -1.000000 3
9809 -1.000000 3
9814 1.000000 5
9818 -1.000000 4
9822 1.000000 4
9825 -1.000000 3
9829 1.000000 4
9833 1.000000 4
9836 1.000000 3
9841 0.000000 5
9845 1.000000 4
9849 1.000000 4
9853 1.000000 4
9856 1.000000 3
9860 -1.000000 4
9864 1.000000 4
9869 0.000000 5
9873 -1.000000 4
9878 1.000000 5
9881 1.000000 3
9886 1.000000 5
9890 -1.000000 4
9894 -1.000000 4
9898 -1.000000 4
9901 -1.000000 3
9905 -1.000000 4
9910 0.000000 5
9915 1.000000 5
9919 1.000000 4
9923 -1.000000 4
9928 1.000000 5
9933 0.000000 5
9937 -1.000000 4
9942 1.000000 5
9947 1.000000 5
9952 0.000000 5
9956 1.000000 4
9959 1.000000 3
9964 1.000000 5
9968 -1.000000 4
9973 1.000000 5
9976 1.000000 3
9979 1.000000 3
9983 -1.000000 4
9987 -1.000000 4
9991 1.000000 4
9995 -1.000000 4
9999 -1.000000 4
10004 0.000000 5
10007 -1.000000 3
10010 -1.000000 3
10013 -1.000000 3
10016 -1.000000 3
10019 -1.000000 3
10022 -1.000000 3
10025 -1.000000 3
10028 -1.000000 3
10031 -1.000000 3
10034 -1.000000 3
10037 -1.000000 3
10040 -1.000000 3
10043 -1.000000 3
10046 -1.000000 3
10049 -1.000000 3
10052 -1.000000 3
10055 -1.000000 3
10058 -1.000000 3
10061 -1.000000 3
10064 -1.000000 3
10067 -1.000000 3
10070 -1.000000 3
10073 -1.000000 3
10076 -1.000000 3
10079 -1.000000 3
10082 -1.000000 3
10085 -1.000000 3
10088 -1.000000 3
10091 -1.000000 3
10094 -1.000000 3
10097 -1.000000 3
10100 -1.000000 3
10103 -1.000000 3
10106 -1.000000 3
10109 -1.000000 3
10112 -1.000000 3
10115 -1.000000 3
10118 -1.000000 3
10121 -1.000000 3
10124 -1.000000 3
10127 -1.000000 3
10130 -1.000000 3
10133 -1.000000 3
10136 -1.000000 3
10139 -1.000000 3
10142 -1.000000 3
10145 -1.000000 3
10148 -1.000000 3
10151 -1.000000 3
10154 -1.000000 3
10157 -1.000000 3
10160 -1.000000 3
10163 -1.000000 3
10166 -1.000000 3
10169 -1.000000 3
10172 -1.000000 3
10175 -1.000000 3
10178 -1.000000 3
10181 -1.000000 3
10184 -1.000000 3
10187 -1.000000 3
10190 -1.000000 3
10193 -1.000000 3
10196 -1.000000 3
10199 -1.000000 3
10202 -1.000000 3
10205 -1.000000 3
10208 -1.000000 3
10211 -1.000000 3
10214 -1.000000 3
10217 -1.000000 3
10220 -1.000000 3
10223 -1.000000 3
10226 -1.000000 3
10229 -1.000000 3
10232 -1.000000 3
10235 -1.000000 3
10238 -1.000000 3
10241 -1.000000 3
10244 -1.000000 3
10247 -1.000000 3
10250 -1.000000 3
10253 -1.000000 3
10256 -1.000000 3
10259 -1.000000 3
10262 -1.000000 3
10265 -1.000000 3
10268 -1.000000 3
10271 -1.000000 3
10274 -1.000000 3
10277 -1.000000 3
10280 -1.000000 3
10283 -1.000000 3
10286 -1.000000 3
10289 -1.000000 3
10292 -1.000000 3
10295 -1.000000 3
10298 -1.000000 3
10301 -1.000000 3
10304 -1.000000 3
10307 -1.000000 3
10310 -1.000000 3
10313 -1.000000 3
10316 -1.000000 3
10319 -1.000000 3
10322 -1.000000 3
10325 -1.000000 3
10328 -1.000000 3
10331 -1.000000 3
10334 -1.000000 3
10337 -1.000000 3
10340 -1.000000 3
10343 -1.000000 3
10346 -1.000000 3
10349 -1.000000 3
10352 -1.000000 3
10355 -1.000000 3
10358 -1.000000 3
10361 -1.000000 3
10364 -1.000000 3
10367 -1.000000 3
10370 -1.000000 3
10373 -1.000000 3
10376 -1.000000 3
10379 -1.000000 3
10382 -1.000000 3
10385 -1.000000 3
10388 -1.000000 3
10391 -1.000000 3
10394 -1.000000 3
10397 -1.000000 3
10400 -1.000000 3
10403 -1.000000 3
10406 -1.000000 3
10409 -1.000000 3
10412 -1.000000 3
10415 -1.000000 3
10418 -1.000000 3
10421 -1.000000 3
10424 -1.000000 3
10427 -1.000000 3
10430 -1.000000 3
10433 -1.000000 3
10436 -1.000000 3
10439 -1.000000 3
10442 -1.000000 3
10445 -1.000000 3
10448 -1.000000 3
10451 -1.000000 3
10454 -1.000000 3
10457 -1.000000 3
10460 -1.000000 3
10463 -1.000000 3
10466 -1.000000 3
10469 -1.000000 3
10472 -1.000000 3
10475 -1.000000 3
10478 -1.000000 3
10481 -1.000000 3
10484 -1.000000 3
10487 -1.000000 3
10490 -1.000000 3
10493 -1.000000 3
10496 -1.000000 3
10499 -1.000000 3
10502 -1.000000 3
10505 -1.000000 3
10508 -1.000000 3
10511 -1.000000 3
10514 -1.000000 3
10517 -1.000000 3
10520 -1.000000 3
10523 -1.000000 3
10526 -1.000000 3
10529 -1.000000 3
10532 -1.000000 3
10535 -1.000000 3
10538 -1.000000 3
10541 -1.000000 3
10544 -1.000000 3
10547 -1.000000 3
10550 -1.000000 3
10553 -1.000000 3
10556 -1.000000 3
10559 -1.000000 3
10562 -1.000000 3
10565 -1.000000 3
10568 -1.000000 3
10571 -1.000000 3
10574 -1.000000 3
10577 -1.000000 3
10580 -1.000000 3
10583 -1.000000 3
10586 -1.000000 3
10589 -1.000000 3
10592 -1.000000 3
10595 -1.000000 3
10598 -1.000000 3
10601 -1.000000 3
10604 -1.000000 3
10607 -1.000000 3
10610 -1.000000 3
10613 -1.000000 3
10616 -1.000000 3
10619 -1.000000 3
10622 -1.000000 3
10625 -1.000000 3
10628 -1.000000 3
10631 -1.000000 3
10634 -1.000000 3
10637 -1.000000 3
10640 -1.000000 3
10643 -1.000000 3
10646 -1.000000 3
10649 -1.000000 3
10652 -1.000000 3
10655 -1.000000 3
10658 -1.000000 3
10661 -1.000000 3
10664 -1.000000 3
10667 -1.000000 3
10670 -1.000000 3
10673 -1.000000 3
10676 -1.000000 3
10679 -1.000000 3
10682 -1.000000 3
10685 -1.000000 3
10688 -1.000000 3
10691 -1.000000 3
10694 -1.000000 3
10697 -1.000000 3
10700 -1.000000 3
10703 -1.000000 3
10706 -1.000000 3
10709 -1.000000 3
10712 -1.000000 3
10715 -1.000000 3
10718 -1.000000 3
10721 -1.000000 3
10724 -1.000000 3
10727 -1.000000 3
10730 -1.000000 3
10733 -1.000000 3
10736 -1.000000 3
10739 -1.000000 3
10742 -1.000000 3
10745 -1.000000 3
10748 -1.000000 3
10751 -1.000000 3
10754 -1.000000 3
10757 -1.000000 3
10760 -1.000000 3
10763 -1.000000 3
10766 -1.000000 3
10769 -1.000000 3
10772 -1.000000 3
10775 -1.000000 3
10778 -1.000000 3
10781 -1.000000 3
10784 -1.000000 3
10787 -1.000000 3
10790 -1.000000 3
10793 -1.000000 3
10796 -1.000000 3
10799 -1.000000 3
10802 -1.000000 3
10805 -1.000000 3
10808 -1.000000 3
10811 -1.000000 3
10814 -1.000000 3
10817 -1.000000 3
10820 -1.000000 3
10823 -1.000000 3
10826 -1.000000 3
10829 -1.000000 3
10832 -1.000000 3
10835 -1.000000 3
10838 -1.000000 3
10841 -1.000000 3
10844 -1.000000 3
10847 -1.000000 3
10850 -1.000000 3
10853 -1.000000 3
10856 -1.000000 3
10859 -1.000000 3
10862 -1.000000 3
10865 -1.000000 3
10868 -1.000000 3
10871 -1.000000 3
10874 -1.000000 3
10877 -1.000000 3
10880 -1.000000 3
10883 -1.000000 3
10886 -1.000000 3
10889 -1.000000 3
10892 -1.000000 3
10895 -1.000000 3
10898 -1.000000 3
10901 -1.000000 3
10904 -1.000000 3
10907 -1.000000 3
10910 -1.000000 3
10913 -1.000000 3
10916 -1.000000 3
10919 -1.000000 3
10922 -1.000000 3
10925 -1.000000 3
10928 -1.000000 3
10931 -1.000000 3
10934 -1.000000 3
10937 -1.000000 3
10940 -1.000000 3
10943 -1.000000 3
10946 -1.000000 3
10949 -1.000000 3
10952 -1.000000 3
10955 -1.000000 3
10958 -1.000000 3
10961 -1.000000 3
10964 -1.000000 3
10967 -1.000000 3
10970 -1.000000 3
10973 -1.000000 3
10976 -1.000000 3
10979 -1.000000 3
10982 -1.000000 3
10985 -1.000000 3
10988 -1.000000 3
10991 -1.000000 3
10994 -1.000000 3
10997 -1.000000 3
11000 -1.000000 3
11003 -1.000000 3
11006 -1.000000 3
11009 1.000000 3
11013 1.000000 4
11016 1.000000 3
11019 1.000000 3
11022 1.000000 3
11026 1.000000 4
11030 1.000000 4
11033 1.000000 3
11037 1.000000 4
11040 1.000000 3
11044 1.000000 4
11048 1.000000 4
11052 1.000000 4
11055 1.000000 3
11058 1.000000 3
11061 1.000000 3
11064 1.000000 3
11069 0.000000 5
11073 1.000000 4
11076 1.000000 3
11079 1.000000 3
11082 1.000000 3
11086 1.000000 4
11089 1.000000 3
11092 1.000000 3
11096 1.000000 4
11099 1.000000 3
11102 1.000000 3
11107 0.000000 5
11110 1.000000 3
11113 1.000000 3
11117 -1.000000 4
11120 1.000000 3
11123 1.000000 3
11126 1.000000 3
11129 1.000000 3
11133 1.000000 4
11137 1.000000 4
11140 1.000000 3
11143 -1.000000 3
11146 1.000000 3
11149 1.000000 3
11152 1.000000 3
11156 1.000000 4
11160 1.000000 4
11164 1.000000 4
11167 1.000000 3
11170 1.000000 3
11173 -1.000000 3
11177 1.000000 4
11181 1.000000 4
11184 1.000000 3
11188 1.000000 4
11191 1.000000 3
11194 1.000000 3
11198 1.000000 4
11201 -1.000000 3
11205 1.000000 4
11208 1.000000 3
11211 -1.000000 3
11215 -1.000000 4
11218 1.000000 3
11221 1.000000 3
11224 1.000000 3
11228 1.000000 4
11231 1.000000 3
11234 1.000000 3
11238 1.000000 4
11241 1.000000 3
11245 1.000000 4
11248 1.000000 3
11252 1.000000 4
11256 1.000000 4
11259 1.000000 3
11262 1.000000 3
11265 1.000000 3
11268 1.000000 3
11272 1.000000 4
11275 1.000000 3
11278 1.000000 3
11281 1.000000 3
11286 0.000000 5
11291 0.000000 5
11294 1.000000 3
11298 1.000000 4
11301 1.000000 3
11304 1.000000 3
11308 1.000000 4
11312 1.000000 4
11315 1.000000 3
11318 1.000000 3
11322 1.000000 4
11325 1.000000 3
11328 1.000000 3
11333 0.000000 5
11337 1.000000 4
11340 1.000000 3
11343 1.000000 3
11346 1.000000 3
11349 1.000000 3
11352 1.000000 3
11357 0.000000 5
11361 1.000000 4
11365 1.000000 4
11369 1.000000 4
11372 1.000000 3
11375 1.000000 3
11379 1.000000 4
11382 1.000000 3
11385 1.000000 3
11388 -1.000000 3
11391 1.000000 3
11394 1.000000 3
11397 1.000000 3
11401 1.000000 4
11404 1.000000 3
11407 1.000000 3
11410 1.000000 3
11414 1.000000 4
11417 1.000000 3
11422 0.000000 5
11426 1.000000 4
11429 1.000000 3
11433 -1.000000 4
11436 1.000000 3
11439 1.000000 3
11442 1.000000 3
11445 1.000000 3
11450 0.000000 5
11453 1.000000 3
11458 0.000000 5
11461 1.000000 3
11465 1.000000 4
11469 1.000000 4
11473 1.000000 4
11477 1.000000 4
11480 1.000000 3
11483 1.000000 3
11486 1.000000 3
11489 1.000000 3
11494 0.000000 5
11497 1.000000 3
11501 1.000000 4
11505 1.000000 4
11509 1.000000 4
11514 0.000000 5
11518 1.000000 4
11522 1.000000 4
11525 1.000000 3
11529 1.000000 4
11533 1.000000 4
11536 1.000000 3
11541 0.000000 5
11545 1.000000 4
11548 1.000000 3
11551 1.000000 3
11555 1.000000 4
11559 1.000000 4
11562 1.000000 3
11566 1.000000 4
11570 1.000000 4
11574 1.000000 4
11577 -1.000000 3
11581 1.000000 4
11584 1.000000 3
11588 1.000000 4
11591 1.000000 3
11594 1.000000 3
11597 1.000000 3
11601 1.000000 4
11604 -1.000000 3
11607 1.000000 3
11610 1.000000 3
11613 1.000000 3
11617 1.000000 4
11620 1.000000 3
11623 -1.000000 3
11627 1.000000 4
11630 1.000000 3
11635 0.000000 5
11639 -1.000000 4
11643 1.000000 4
11647 1.000000 4
11650 1.000000 3
11654 1.000000 4
11658 1.000000 4
11662 1.000000 4
11665 -1.000000 3
11670 0.000000 5
11673 1.000000 3
11678 0.000000 5
11682 1.000000 4
11685 1.000000 3
11688 1.000000 3
11691 -1.000000 3
11694 1.000000 3
11698 -1.000000 4
11702 1.000000 4
11705 1.000000 3
11709 1.000000 4
11712 -1.000000 3
11716 1.000000 4
11719 1.000000 3
11722 -1.000000 3
11726 1.000000 4
11729 1.000000 3
11732 1.000000 3
11735 1.000000 3
11738 1.000000 3
11741 1.000000 3
11745 1.000000 4
11748 1.000000 3
11752 1.000000 4
11755 1.000000 3
11759 1.000000 4
11762 1.000000 3
11765 1.000000 3
11769 1.000000 4
11773 1.000000 4
11776 1.000000 3
11780 1.000000 4
11783 1.000000 3
11786 1.000000 3
11789 1.000000 3
11793 -1.000000 4
11797 1.000000 4
11800 1.000000 3
11803 -1.000000 3
11806 1.000000 3
11810 1.000000 4
11814 -1.000000 4
11818 1.000000 4
11821 1.000000 3
11824 -1.000000 3
11827 1.000000 3
11831 1.000000 4
11834 1.000000 3
11837 1.000000 3
11842 0.000000 5
11845 1.000000 3
11848 1.000000 3
11852 1.000000 4
11856 -1.000000 4
11860 1.000000 4
11863 1.000000 3
11866 1.000000 3
11870 -1.000000 4
11873 1.000000 3
11877 1.000000 4
11880 1.000000 3
11883 1.000000 3
11886 1.000000 3
11889 1.000000 3
11893 1.000000 4
11897 1.000000 4
11900 1.000000 3
11903 1.000000 3
11906 1.000000 3
11909 1.000000 3
11912 1.000000 3
11917 0.000000 5
11920 1.000000 3
11924 1.000000 4
11927 1.000000 3
11931 1.000000 4
11934 1.000000 3
11938 1.000000 4
11942 1.000000 4
11945 1.000000 3
11948 1.000000 3
11952 1.000000 4
11955 1.000000 3
11958 1.000000 3
11962 1.000000 4
11966 1.000000 4
11969 1.000000 3
11973 1.000000 4
11976 1.000000 3
11980 1.000000 4
11984 1.000000 4
11988 1.000000 4
11992 1.000000 4
11996 1.000000 4
11999 1.000000 3
12003 1.000000 4
12007 1.000000 4
12011 1.000000 4
12014 1.000000 3
12017 1.000000 3
12020 1.000000 3
12024 1.000000 4
12029 0.000000 5
12032 1.000000 3
12035 -1.000000 3
12038 1.000000 3
12042 1.000000 4
12046 1.000000 4
12050 1.000000 4
12053 1.000000 3
12057 1.000000 4
12061 1.000000 4
12064 1.000000 3
12067 1.000000 3
12071 1.000000 4
12075 1.000000 4
12078 1.000000 3
12081 1.000000 3
12084 1.000000 3
12087 1.000000 3
12090 1.000000 3
12095 0.000000 5
12098 1.000000 3
12101 1.000000 3
12104 1.000000 3
12108 1.000000 4
12112 1.000000 4
12115 -1.000000 3
12118 1.000000 3
12121 1.000000 3
12125 1.000000 4
12129 -1.000000 4
12132 1.000000 3
12136 -1.000000 4
12139 1.000000 3
12142 -1.000000 3
12145 1.000000 3
12149 1.000000 4
12152 1.000000 3
12155 1.000000 3
12159 1.000000 4
12163 1.000000 4
12166 -1.000000 3
12170 1.000000 4
12173 1.000000 3
12176 1.000000 3
12179 1.000000 3
12184 0.000000 5
12188 1.000000 4
12191 1.000000 3
12195 1.000000 4
12199 1.000000 4
12202 1.000000 3
12205 -1.000000 3
12208 1.000000 3
12211 1.000000 3
12215 1.000000 4
12218 1.000000 3
12222 -1.000000 4
12226 1.000000 4
12230 1.000000 4
12234 1.000000 4
12237 1.000000 3
12240 1.000000 3
12243 1.000000 3
12246 1.000000 3
12249 1.000000 3
12253 1.000000 4
12256 1.000000 3
12259 1.000000 3
12263 1.000000 4
12267 1.000000 4
12271 -1.000000 4
12275 1.000000 4
12278 1.000000 3
12282 1.000000 4
12286 1.000000 4
12290 1.000000 4
12293 1.000000 3
12296 1.000000 3
12299 1.000000 3
12303 1.000000 4
12306 1.000000 3
12310 1.000000 4
12313 -1.000000 3
12316 1.000000 3
12320 1.000000 4
12324 1.000000 4
12327 -1.000000 3
12330 1.000000 3
12334 1.000000 4
12337 1.000000 3
12340 1.000000 3
12343 1.000000 3
12346 1.000000 3
12349 -1.000000 3
12353 1.000000 4
12357 1.000000 4
12361 1.000000 4
12366 0.000000 5
12369 1.000000 3
12372 1.000000 3
12375 1.000000 3
12378 1.000000 3
12382 1.000000 4
12385 -1.000000 3
12389 1.000000 4
12392 1.000000 3
12395 -1.000000 3
12399 1.000000 4
12402 1.000000 3
12405 1.000000 3
12409 -1.000000 4
12412 1.000000 3
12415 1.000000 3
12419 1.000000 4
12424 0.000000 5
12427 1.000000 3
12430 1.000000 3
12433 1.000000 3
12436 1.000000 3
12440 1.000000 4
12445 0.000000 5
12449 1.000000 4
12453 1.000000 4
12457 1.000000 4
12461 1.000000 4
12464 -1.000000 3
12467 1.000000 3
12470 1.000000 3
12474 1.000000 4
12478 1.000000 4
12483 0.000000 5
12487 1.000000 4
12490 1.000000 3
12493 1.000000 3
12496 1.000000 3
12500 1.000000 4
12503 1.000000 3
12507 1.000000 4
12510 1.000000 3
12513 1.000000 3
12518 0.000000 5
12521 1.000000 3
12524 -1.000000 3
12527 1.000000 3
12530 -1.000000 3
12533 1.000000 3
12536 1.000000 3
12540 1.000000 4
12544 1.000000 4
12548 1.000000 4
12551 1.000000 3
12554 1.000000 3
12558 1.000000 4
12562 1.000000 4
12566 1.000000 4
12569 1.000000 3
12573 1.000000 4
12577 1.000000 4
12581 1.000000 4
12585 1.000000 4
12589 1.000000 4
12593 1.000000 4
12596 1.000000 3
12600 1.000000 4
12604 1.000000 4
12607 1.000000 3
12610 1.000000 3
12615 0.000000 5
12618 1.000000 3
12622 1.000000 4
12625 1.000000 3
12629 1.000000 4
12634 0.000000 5
12639 0.000000 5
12642 1.000000 3
12646 -1.000000 4
12651 0.000000 5
12655 1.000000 4
12658 1.000000 3
12662 -1.000000 4
12665 1.000000 3
12668 1.000000 3
12672 1.000000 4
12675 1.000000 3
12679 1.000000 4
12683 1.000000 4
12687 1.000000 4
12690 1.000000 3
12693 1.000000 3
12696 1.000000 3
12699 1.000000 3
12702 1.000000 3
12706 1.000000 4
12709 1.000000 3
12713 1.000000 4
12716 -1.000000 3
12719 1.000000 3
12722 1.000000 3
12726 1.000000 4
12730 1.000000 4
12734 1.000000 4
12738 1.000000 4
12741 1.000000 3
12745 1.000000 4
12748 1.000000 3
12753 0.000000 5
12756 1.000000 3
12760 1.000000 4
12763 -1.000000 3
12766 1.000000 3
12770 1.000000 4
12774 1.000000 4
12777 1.000000 3
12781 1.000000 4
12785 1.000000 4
12788 1.000000 3
12791 1.000000 3
12795 1.000000 4
12800 0.000000 5
12805 1.000000 5
12808 1.000000 3
12812 1.000000 4
12815 1.000000 3
12818 1.000000 3
12821 1.000000 3
12824 -1.000000 3
12827 1.000000 3
12830 -1.000000 3
12833 1.000000 3
12838 0.000000 5
12841 -1.000000 3
12844 1.000000 3
12849 0.000000 5
12853 1.000000 4
12857 1.000000 4
12861 1.000000 4
12865 1.000000 4
12868 1.000000 3
12872 1.000000 4
12875 1.000000 3
12878 1.000000 3
12882 1.000000 4
12885 1.000000 3
12888 1.000000 3
12891 1.000000 3
12894 1.000000 3
12898 1.000000 4
12901 1.000000 3
12904 1.000000 3
12908 1.000000 4
12911 1.000000 3
12915 1.000000 4
12919 -1.000000 4
12924 0.000000 5
12927 1.000000 3
12930 1.000000 3
12934 1.000000 4
12938 1.000000 4
12941 1.000000 3
12944 1.000000 3
12947 1.000000 3
12951 1.000000 4
12954 1.000000 3
12957 1.000000 3
12961 1.000000 4
12964 1.000000 3
12967 -1.000000 3
12971 1.000000 4
12975 1.000000 4
12978 1.000000 3
12981 -1.000000 3
12984 1.000000 3
12988 1.000000 4
12992 -1.000000 4
12995 1.000000 3
12998 1.000000 3
13001 1.000000 3
13004 1.000000 3
13007 1.000000 3
