5 0.000000 5
9 1.000000 4
14 1.000000 5
19 0.000000 5
23 -1.000000 4
27 -1.000000 4
32 1.000000 5
37 1.000000 5
40 -1.000000 3
44 -1.000000 4
47 -1.000000 3
51 1.000000 4
55 -1.000000 4
60 1.000000 5
65 1.000000 5
70 1.000000 5
73 1.000000 3
77 1.000000 4
81 -1.000000 4
84 1.000000 3
87 1.000000 3
91 -1.000000 4
95 1.000000 4
100 1.000000 5
105 1.000000 5
109 -1.000000 4
114 1.000000 5
117 1.000000 3
121 -1.000000 4
126 1.000000 5
131 1.000000 5
135 -1.000000 4
139 -1.000000 4
144 1.000000 5
148 -1.000000 4
152 1.000000 4
156 1.000000 4
161 1.000000 5
164 -1.000000 3
168 1.000000 4
172 1.000000 4
175 -1.000000 3
180 1.000000 5
184 1.000000 4
188 -1.000000 4
193 0.000000 5
196 1.000000 3
199 1.000000 3
203 -1.000000 4
208 1.000000 5
212 1.000000 4
217 1.000000 5
221 -1.000000 4
225 -1.000000 4
230 1.000000 5
233 1.000000 3
237 1.000000 4
242 0.000000 5
247 0.000000 5
251 -1.000000 4
256 1.000000 5
260 -1.000000 4
263 1.000000 3
268 1.000000 5
271 -1.000000 3
276 1.000000 5
280 -1.000000 4
284 1.000000 4
288 -1.000000 4
293 1.000000 5
298 1.000000 5
302 1.000000 4
305 1.000000 3
308 1.000000 3
312 1.000000 4
315 1.000000 3
320 0.000000 5
325 1.000000 5
329 -1.000000 4
332 1.000000 3
335 -1.000000 3
339 -1.000000 4
344 0.000000 5
348 1.000000 4
353 1.000000 5
357 -1.000000 4
362 0.000000 5
366 -1.000000 4
371 0.000000 5
376 1.000000 5
381 0.000000 5
385 -1.000000 4
390 1.000000 5
393 1.000000 3
397 -1.000000 4
400 1.000000 3
404 1.000000 4
408 1.000000 4
411 -1.000000 3
416 0.000000 5
421 1.000000 5
426 1.000000 5
430 -1.000000 4
434 1.000000 4
439 0.000000 5
443 -1.000000 4
448 0.000000 5
452 1.000000 4
456 -1.000000 4
460 1.000000 4
465 1.000000 5
468 -1.000000 3
472 -1.000000 4
475 1.000000 3
479 1.000000 4
483 1.000000 4
486 -1.000000 3
490 1.000000 4
494 1.000000 4
497 -1.000000 3
500 -1.000000 3
504 1.000000 4
507 1.000000 3
511 1.000000 4
516 1.000000 5
520 1.000000 4
524 1.000000 4
528 -1.000000 4
531 -1.000000 3
535 1.000000 4
540 1.000000 5
545 0.000000 5
548 1.000000 3
553 1.000000 5
557 1.000000 4
561 1.000000 4
565 1.000000 4
569 -1.000000 4
573 1.000000 4
578 0.000000 5
581 1.000000 3
586 1.000000 5
590 -1.000000 4
595 1.000000 5
599 1.000000 4
603 -1.000000 4
608 0.000000 5
611 1.000000 3
615 1.000000 4
618 -1.000000 3
622 1.000000 4
627 1.000000 5
631 1.000000 4
636 0.000000 5
639 -1.000000 3
643 1.000000 4
648 1.000000 5
652 1.000000 4
655 -1.000000 3
659 1.000000 4
663 1.000000 4
667 -1.000000 4
670 1.000000 3
675 1.000000 5
679 1.000000 4
683 1.000000 4
687 1.000000 4
692 1.000000 5
696 -1.000000 4
700 -1.000000 4
704 1.000000 4
707 1.000000 3
712 0.000000 5
715 1.000000 3
720 1.000000 5
724 1.000000 4
728 1.000000 4
732 1.000000 4
737 0.000000 5
741 1.000000 4
745 1.000000 4
749 -1.000000 4
752 1.000000 3
756 1.000000 4
760 1.000000 4
764 1.000000 4
768 1.000000 4
773 1.000000 5
777 1.000000 4
781 1.000000 4
784 1.000000 3
788 1.000000 4
792 1.000000 4
796 1.000000 4
800 1.000000 4
804 1.000000 4
808 -1.000000 4
812 1.000000 4
816 1.000000 4
820 -1.000000 4
823 1.000000 3
828 1.000000 5
833 1.000000 5
836 -1.000000 3
840 1.000000 4
844 1.000000 4
848 1.000000 4
852 -1.000000 4
857 0.000000 5
861 -1.000000 4
866 1.000000 5
870 -1.000000 4
875 1.000000 5
879 -1.000000 4
883 -1.000000 4
887 1.000000 4
891 1.000000 4
896 1.000000 5
900 1.000000 4
905 1.000000 5
909 -1.000000 4
913 1.000000 4
918 1.000000 5
922 1.000000 4
927 1.000000 5
931 -1.000000 4
935 -1.000000 4
938 -1.000000 3
942 1.000000 4
946 1.000000 4
949 1.000000 3
953 -1.000000 4
956 1.000000 3
961 1.000000 5
964 1.000000 3
969 1.000000 5
974 1.000000 5
977 -1.000000 3
980 1.000000 3
983 -1.000000 3
987 -1.000000 4
991 -1.000000 4
995 1.000000 4
999 1.000000 4
1003 1.000000 4
1007 -1.000000 4
1012 1.000000 5
1017 1.000000 5
1020 1.000000 3
1024 1.000000 4
1027 1.000000 3
1030 1.000000 3
1034 -1.000000 4
1039 1.000000 5
1043 1.000000 4
1047 1.000000 4
1051 1.000000 4
1054 1.000000 3
1058 -1.000000 4
1063 1.000000 5
1068 0.000000 5
1072 -1.000000 4
1076 1.000000 4
1080 1.000000 4
1085 1.000000 5
1089 1.000000 4
1094 1.000000 5
1097 1.000000 3
1102 1.000000 5
1107 0.000000 5
1110 1.000000 3
1114 -1.000000 4
1119 0.000000 5
1124 1.000000 5
1127 1.000000 3
1132 0.000000 5
1136 1.000000 4
1140 1.000000 4
1144 -1.000000 4
1148 1.000000 4
1153 0.000000 5
1158 1.000000 5
1162 1.000000 4
1166 1.000000 4
1170 1.000000 4
1175 1.000000 5
1179 -1.000000 4
1183 1.000000 4
1187 1.000000 4
1191 1.000000 4
1195 1.000000 4
1198 1.000000 3
1201 1.000000 3
1204 1.000000 3
1207 -1.000000 3
1212 1.000000 5
1215 1.000000 3
1220 1.000000 5
1225 0.000000 5
1228 -1.000000 3
1232 -1.000000 4
1237 1.000000 5
1242 0.000000 5
1246 -1.000000 4
1251 1.000000 5
1256 0.000000 5
1259 1.000000 3
1263 -1.000000 4
1267 1.000000 4
1272 1.000000 5
1277 1.000000 5
1281 1.000000 4
1286 0.000000 5
1290 1.000000 4
1294 -1.000000 4
1297 1.000000 3
1301 -1.000000 4
1306 0.000000 5
1310 1.000000 4
1315 0.000000 5
1320 1.000000 5
1324 -1.000000 4
1329 0.000000 5
1333 1.000000 4
1338 1.000000 5
1341 -1.000000 3
1345 -1.000000 4
1348 1.000000 3
1353 0.000000 5
1358 0.000000 5
1362 1.000000 4
1366 1.000000 4
1370 1.000000 4
1374 -1.000000 4
1378 1.000000 4
1381 -1.000000 3
1385 -1.000000 4
1390 1.000000 5
1394 -1.000000 4
1399 0.000000 5
1404 0.000000 5
1407 -1.000000 3
1411 -1.000000 4
1415 1.000000 4
1420 0.000000 5
1424 1.000000 4
1428 1.000000 4
1433 1.000000 5
1436 1.000000 3
1440 1.000000 4
1444 -1.000000 4
1448 1.000000 4
1452 1.000000 4
1457 0.000000 5
1462 1.000000 5
1466 1.000000 4
1471 1.000000 5
1475 -1.000000 4
1480 0.000000 5
1484 1.000000 4
1487 -1.000000 3
1491 1.000000 4
1495 1.000000 4
1499 -1.000000 4
1504 1.000000 5
1508 -1.000000 4
1512 1.000000 4
1516 1.000000 4
1520 1.000000 4
1523 1.000000 3
1527 1.000000 4
1530 -1.000000 3
1534 -1.000000 4
1538 1.000000 4
1542 1.000000 4
1547 1.000000 5
1550 1.000000 3
1555 1.000000 5
1559 -1.000000 4
1563 -1.000000 4
1568 1.000000 5
1572 -1.000000 4
1577 1.000000 5
1580 1.000000 3
1584 1.000000 4
1588 1.000000 4
1591 -1.000000 3
1595 1.000000 4
1600 1.000000 5
1603 1.000000 3
1606 -1.000000 3
1609 1.000000 3
1613 1.000000 4
1617 -1.000000 4
1620 1.000000 3
1625 0.000000 5
1629 -1.000000 4
1634 1.000000 5
1638 -1.000000 4
1642 -1.000000 4
1646 -1.000000 4
1651 0.000000 5
1656 0.000000 5
1660 -1.000000 4
1665 0.000000 5
1670 0.000000 5
1674 -1.000000 4
1678 -1.000000 4
1681 -1.000000 3
1685 1.000000 4
1688 1.000000 3
1691 1.000000 3
1696 0.000000 5
1700 -1.000000 4
1705 1.000000 5
1709 1.000000 4
1713 -1.000000 4
1717 1.000000 4
1722 1.000000 5
1725 1.000000 3
1730 1.000000 5
1734 -1.000000 4
1738 -1.000000 4
1742 1.000000 4
1746 -1.000000 4
1751 0.000000 5
1756 1.000000 5
1761 1.000000 5
1765 -1.000000 4
1769 -1.000000 4
1773 -1.000000 4
1778 0.000000 5
1782 1.000000 4
1785 1.000000 3
1790 0.000000 5
1795 0.000000 5
1800 0.000000 5
1804 -1.000000 4
1808 1.000000 4
1812 -1.000000 4
1817 0.000000 5
1821 -1.000000 4
1825 1.000000 4
1830 1.000000 5
1833 -1.000000 3
1836 1.000000 3
1841 0.000000 5
1845 -1.000000 4
1849 1.000000 4
1852 -1.000000 3
1857 1.000000 5
1860 1.000000 3
1864 1.000000 4
1869 0.000000 5
1872 -1.000000 3
1876 -1.000000 4
1880 -1.000000 4
1884 1.000000 4
1889 0.000000 5
1892 1.000000 3
1896 1.000000 4
1900 -1.000000 4
1905 0.000000 5
1910 1.000000 5
1915 1.000000 5
1920 0.000000 5
1924 -1.000000 4
1929 0.000000 5
1934 1.000000 5
1937 1.000000 3
1942 1.000000 5
1947 1.000000 5
1951 1.000000 4
1955 1.000000 4
1959 1.000000 4
1963 -1.000000 4
1967 -1.000000 4
1970 -1.000000 3
1974 1.000000 4
1979 1.000000 5
1984 1.000000 5
1987 -1.000000 3
1992 1.000000 5
1996 1.000000 4
1999 1.000000 3
2002 -1.000000 3
2007 0.000000 5
2012 0.000000 5
2017 0.000000 5
2020 1.000000 3
2025 1.000000 5
2030 1.000000 5
2033 1.000000 3
2037 -1.000000 4
2041 -1.000000 4
2046 1.000000 5
2049 1.000000 3
2054 1.000000 5
2059 0.000000 5
2062 1.000000 3
2066 -1.000000 4
2071 1.000000 5
2074 1.000000 3
2077 1.000000 3
2082 0.000000 5
2086 1.000000 4
2089 -1.000000 3
2092 1.000000 3
2097 1.000000 5
2101 1.000000 4
2106 1.000000 5
2110 1.000000 4
2114 1.000000 4
2117 1.000000 3
2121 -1.000000 4
2125 1.000000 4
2129 1.000000 4
2133 -1.000000 4
2138 0.000000 5
2141 1.000000 3
2146 0.000000 5
2150 -1.000000 4
2153 1.000000 3
2156 1.000000 3
2159 -1.000000 3
2164 0.000000 5
2168 1.000000 4
2171 1.000000 3
2176 1.000000 5
2180 1.000000 4
2184 1.000000 4
2188 -1.000000 4
2193 1.000000 5
2198 1.000000 5
2202 1.000000 4
2207 1.000000 5
2211 -1.000000 4
2215 -1.000000 4
2219 -1.000000 4
2222 -1.000000 3
2227 1.000000 5
2232 0.000000 5
2237 0.000000 5
2241 -1.000000 4
2244 1.000000 3
2248 -1.000000 4
2253 1.000000 5
2258 0.000000 5
2261 -1.000000 3
2264 -1.000000 3
2268 1.000000 4
2271 -1.000000 3
2276 1.000000 5
2280 -1.000000 4
2284 -1.000000 4
2289 1.000000 5
2293 1.000000 4
2296 -1.000000 3
2301 0.000000 5
2305 1.000000 4
2310 0.000000 5
2315 1.000000 5
2319 1.000000 4
2323 -1.000000 4
2327 -1.000000 4
2332 1.000000 5
2336 1.000000 4
2340 1.000000 4
2344 1.000000 4
2348 1.000000 4
2352 1.000000 4
2356 1.000000 4
2360 1.000000 4
2364 -1.000000 4
2367 -1.000000 3
2370 -1.000000 3
2375 1.000000 5
2380 1.000000 5
2384 1.000000 4
2388 1.000000 4
2392 -1.000000 4
2396 1.000000 4
2401 1.000000 5
2405 1.000000 4
2408 1.000000 3
2411 -1.000000 3
2414 1.000000 3
2418 1.000000 4
2423 1.000000 5
2428 0.000000 5
2432 -1.000000 4
2437 1.000000 5
2442 0.000000 5
2446 -1.000000 4
2449 -1.000000 3
2452 -1.000000 3
2457 1.000000 5
2460 -1.000000 3
2464 -1.000000 4
2468 -1.000000 4
2473 1.000000 5
2476 1.000000 3
2479 -1.000000 3
2484 1.000000 5
2489 0.000000 5
2492 1.000000 3
2497 1.000000 5
2501 1.000000 4
2506 0.000000 5
2509 1.000000 3
2514 1.000000 5
2519 0.000000 5
2523 1.000000 4
2527 -1.000000 4
2530 1.000000 3
2534 1.000000 4
2537 -1.000000 3
2541 -1.000000 4
2546 0.000000 5
2549 -1.000000 3
2553 -1.000000 4
2556 -1.000000 3
2561 1.000000 5
2566 1.000000 5
2570 1.000000 4
2574 -1.000000 4
2577 -1.000000 3
2581 -1.000000 4
2586 1.000000 5
2590 -1.000000 4
2595 1.000000 5
2598 1.000000 3
2603 0.000000 5
2607 1.000000 4
2610 1.000000 3
2614 -1.000000 4
2619 0.000000 5
2624 0.000000 5
2629 1.000000 5
2633 -1.000000 4
2637 1.000000 4
2641 -1.000000 4
2645 1.000000 4
2649 1.000000 4
2652 1.000000 3
2657 1.000000 5
2661 1.000000 4
2664 -1.000000 3
2668 1.000000 4
2672 1.000000 4
2677 0.000000 5
2681 -1.000000 4
2685 1.000000 4
2690 1.000000 5
2694 -1.000000 4
2698 -1.000000 4
2702 -1.000000 4
2707 1.000000 5
2712 1.000000 5
2716 1.000000 4
2719 1.000000 3
2724 1.000000 5
2728 1.000000 4
2732 -1.000000 4
2736 1.000000 4
2741 1.000000 5
2745 1.000000 4
2750 0.000000 5
2754 1.000000 4
2759 1.000000 5
2763 -1.000000 4
2767 -1.000000 4
2771 1.000000 4
2775 -1.000000 4
2779 1.000000 4
2783 1.000000 4
2787 -1.000000 4
2790 -1.000000 3
2794 1.000000 4
2798 -1.000000 4
2802 1.000000 4
2807 0.000000 5
2811 -1.000000 4
2815 1.000000 4
2820 1.000000 5
2824 1.000000 4
2829 0.000000 5
2833 -1.000000 4
2836 1.000000 3
2841 0.000000 5
2844 1.000000 3
2849 1.000000 5
2854 0.000000 5
2858 1.000000 4
2861 -1.000000 3
2865 1.000000 4
2870 1.000000 5
2873 1.000000 3
2877 1.000000 4
2882 1.000000 5
2887 1.000000 5
2891 -1.000000 4
2895 -1.000000 4
2900 0.000000 5
2904 1.000000 4
2907 1.000000 3
2911 -1.000000 4
2915 1.000000 4
2919 -1.000000 4
2922 -1.000000 3
2925 -1.000000 3
2928 1.000000 3
2931 1.000000 3
2936 1.000000 5
2940 -1.000000 4
2944 -1.000000 4
2947 1.000000 3
2952 1.000000 5
2956 -1.000000 4
2960 1.000000 4
2963 1.000000 3
2966 -1.000000 3
2970 1.000000 4
2975 1.000000 5
2978 1.000000 3
2981 -1.000000 3
2986 0.000000 5
2989 -1.000000 3
2994 1.000000 5
2998 1.000000 4
3002 1.000000 4
3007 0.000000 5
3011 1.000000 4
3015 1.000000 4
3020 1.000000 5
3025 1.000000 5
3030 0.000000 5
3033 1.000000 3
3038 1.000000 5
3043 0.000000 5
3048 1.000000 5
3053 1.000000 5
3056 1.000000 3
3061 1.000000 5
3066 0.000000 5
3071 1.000000 5
3076 0.000000 5
3080 1.000000 4
3084 -1.000000 4
3087 1.000000 3
3092 1.000000 5
3096 1.000000 4
3100 -1.000000 4
3104 -1.000000 4
3109 0.000000 5
3113 1.000000 4
3116 -1.000000 3
3121 0.000000 5
3125 1.000000 4
3130 1.000000 5
3135 1.000000 5
3139 -1.000000 4
3143 1.000000 4
3146 1.000000 3
3151 1.000000 5
3155 1.000000 4
3159 1.000000 4
3164 0.000000 5
3168 -1.000000 4
3171 -1.000000 3
3175 1.000000 4
3178 -1.000000 3
3183 0.000000 5
3187 1.000000 4
3192 0.000000 5
3197 1.000000 5
3201 1.000000 4
3206 0.000000 5
3210 1.000000 4
3214 -1.000000 4
3218 -1.000000 4
3221 -1.000000 3
3226 1.000000 5
3231 0.000000 5
3236 0.000000 5
3240 -1.000000 4
3245 0.000000 5
3250 1.000000 5
3254 1.000000 4
3258 1.000000 4
3262 1.000000 4
3266 1.000000 4
3270 1.000000 4
3274 -1.000000 4
3279 0.000000 5
3282 -1.000000 3
3287 0.000000 5
3292 1.000000 5
3296 -1.000000 4
3299 -1.000000 3
3303 1.000000 4
3307 1.000000 4
3310 -1.000000 3
3314 1.000000 4
3317 -1.000000 3
3322 0.000000 5
3327 1.000000 5
3331 1.000000 4
3334 1.000000 3
3339 0.000000 5
3344 0.000000 5
3348 1.000000 4
3353 1.000000 5
3357 -1.000000 4
3360 -1.000000 3
3363 1.000000 3
3367 1.000000 4
3371 1.000000 4
3376 0.000000 5
3379 1.000000 3
3383 -1.000000 4
3388 1.000000 5
3393 1.000000 5
3398 0.000000 5
3403 1.000000 5
3406 1.000000 3
3410 1.000000 4
3414 -1.000000 4
3419 1.000000 5
3424 1.000000 5
3428 1.000000 4
3432 1.000000 4
3435 -1.000000 3
3439 -1.000000 4
3443 1.000000 4
3448 1.000000 5
3453 1.000000 5
3457 1.000000 4
3461 1.000000 4
3466 0.000000 5
3471 1.000000 5
3476 1.000000 5
3480 1.000000 4
3483 1.000000 3
3487 1.000000 4
3491 1.000000 4
3496 1.000000 5
3501 1.000000 5
3505 1.000000 4
3509 1.000000 4
3512 -1.000000 3
3517 0.000000 5
3520 -1.000000 3
3525 1.000000 5
3529 -1.000000 4
3533 1.000000 4
3537 -1.000000 4
3540 -1.000000 3
3544 -1.000000 4
3549 1.000000 5
3553 1.000000 4
3558 1.000000 5
3561 -1.000000 3
3565 -1.000000 4
3570 0.000000 5
3574 -1.000000 4
3578 1.000000 4
3581 1.000000 3
3584 1.000000 3
3589 1.000000 5
3593 1.000000 4
3597 -1.000000 4
3602 1.000000 5
3606 1.000000 4
3611 1.000000 5
3615 1.000000 4
3620 0.000000 5
3623 1.000000 3
3627 1.000000 4
3632 0.000000 5
3636 -1.000000 4
3640 1.000000 4
3643 1.000000 3
3647 1.000000 4
3651 1.000000 4
3656 1.000000 5
3660 -1.000000 4
3664 -1.000000 4
3667 1.000000 3
3671 -1.000000 4
3674 1.000000 3
3678 -1.000000 4
3682 1.000000 4
3687 0.000000 5
3690 1.000000 3
3695 0.000000 5
3699 -1.000000 4
3704 1.000000 5
3709 0.000000 5
3713 1.000000 4
3717 1.000000 4
3721 -1.000000 4
3726 1.000000 5
3731 1.000000 5
3735 -1.000000 4
3740 1.000000 5
3744 1.000000 4
3748 -1.000000 4
3752 1.000000 4
3757 1.000000 5
3761 1.000000 4
3764 1.000000 3
3769 1.000000 5
3773 -1.000000 4
3777 1.000000 4
3782 1.000000 5
3786 1.000000 4
3790 1.000000 4
3793 -1.000000 3
3796 1.000000 3
3800 -1.000000 4
3804 -1.000000 4
3808 -1.000000 4
3812 1.000000 4
3816 1.000000 4
3821 0.000000 5
3826 1.000000 5
3830 -1.000000 4
3834 1.000000 4
3838 1.000000 4
3841 1.000000 3
3845 1.000000 4
3850 1.000000 5
3855 1.000000 5
3859 1.000000 4
3864 0.000000 5
3868 1.000000 4
3872 1.000000 4
3876 -1.000000 4
3881 0.000000 5
3886 1.000000 5
3889 1.000000 3
3894 1.000000 5
3899 1.000000 5
3903 -1.000000 4
3908 1.000000 5
3913 1.000000 5
3916 -1.000000 3
3920 1.000000 4
3924 -1.000000 4
3929 1.000000 5
3933 -1.000000 4
3938 1.000000 5
3942 1.000000 4
3946 -1.000000 4
3950 1.000000 4
3954 -1.000000 4
3959 0.000000 5
3963 1.000000 4
3967 1.000000 4
3972 1.000000 5
3977 1.000000 5
3981 1.000000 4
3985 1.000000 4
3990 1.000000 5
3994 1.000000 4
3998 1.000000 4
4003 1.000000 5
4007 -1.000000 4
4011 -1.000000 4
4015 1.000000 4
4019 1.000000 4
4024 1.000000 5
4028 1.000000 4
4031 -1.000000 3
4035 -1.000000 4
4039 1.000000 4
4044 1.000000 5
4048 1.000000 4
4052 -1.000000 4
4056 -1.000000 4
4061 1.000000 5
4066 1.000000 5
4071 0.000000 5
4075 1.000000 4
4079 1.000000 4
4082 1.000000 3
4087 0.000000 5
4092 0.000000 5
4095 1.000000 3
4100 1.000000 5
4103 -1.000000 3
4108 0.000000 5
4112 -1.000000 4
4116 1.000000 4
4120 1.000000 4
4125 1.000000 5
4130 0.000000 5
4134 1.000000 4
4138 1.000000 4
4143 0.000000 5
4146 -1.000000 3
4149 -1.000000 3
4153 1.000000 4
4158 0.000000 5
4161 1.000000 3
4165 1.000000 4
4168 1.000000 3
4171 1.000000 3
4174 1.000000 3
4179 0.000000 5
4184 1.000000 5
4187 -1.000000 3
4192 0.000000 5
4195 1.000000 3
4200 1.000000 5
4205 1.000000 5
4209 -1.000000 4
4212 1.000000 3
4216 1.000000 4
4219 1.000000 3
4223 -1.000000 4
4226 1.000000 3
4229 -1.000000 3
4232 1.000000 3
4236 -1.000000 4
4239 1.000000 3
4244 1.000000 5
4249 1.000000 5
4253 1.000000 4
4258 0.000000 5
4262 1.000000 4
4266 1.000000 4
4271 1.000000 5
4275 -1.000000 4
4279 1.000000 4
4284 1.000000 5
4288 -1.000000 4
4293 1.000000 5
4298 1.000000 5
4302 -1.000000 4
4307 0.000000 5
4312 1.000000 5
4316 1.000000 4
4321 1.000000 5
4325 -1.000000 4
4330 0.000000 5
4333 -1.000000 3
4337 1.000000 4
4342 1.000000 5
4345 1.000000 3
4349 1.000000 4
4353 1.000000 4
4357 1.000000 4
4361 1.000000 4
4365 1.000000 4
4369 1.000000 4
4373 -1.000000 4
4378 1.000000 5
4383 0.000000 5
4388 0.000000 5
4392 -1.000000 4
4397 1.000000 5
4400 1.000000 3
4404 1.000000 4
4408 -1.000000 4
4413 1.000000 5
4416 -1.000000 3
4421 1.000000 5
4425 -1.000000 4
4430 1.000000 5
4434 -1.000000 4
4438 -1.000000 4
4442 -1.000000 4
4446 -1.000000 4
4450 -1.000000 4
4455 1.000000 5
4458 1.000000 3
4462 1.000000 4
4467 0.000000 5
4472 1.000000 5
4475 -1.000000 3
4479 -1.000000 4
4484 1.000000 5
4487 1.000000 3
4492 0.000000 5
4496 -1.000000 4
4501 1.000000 5
4505 -1.000000 4
4509 1.000000 4
4513 -1.000000 4
4518 0.000000 5
4522 1.000000 4
4527 1.000000 5
4531 -1.000000 4
4535 1.000000 4
4539 1.000000 4
4544 0.000000 5
4548 -1.000000 4
4553 0.000000 5
4556 1.000000 3
4560 1.000000 4
4563 1.000000 3
4567 -1.000000 4
4570 1.000000 3
4575 0.000000 5
4578 -1.000000 3
4583 1.000000 5
4587 1.000000 4
4591 1.000000 4
4595 -1.000000 4
4600 1.000000 5
4604 1.000000 4
4607 -1.000000 3
4610 1.000000 3
4615 0.000000 5
4620 1.000000 5
4624 1.000000 4
4628 -1.000000 4
4633 0.000000 5
4637 1.000000 4
4642 1.000000 5
4647 1.000000 5
4651 1.000000 4
4655 1.000000 4
4658 -1.000000 3
4663 1.000000 5
4668 1.000000 5
4672 1.000000 4
4676 1.000000 4
4680 1.000000 4
4685 1.000000 5
4688 -1.000000 3
4692 1.000000 4
4695 1.000000 3
4700 0.000000 5
4704 1.000000 4
4707 -1.000000 3
4711 1.000000 4
4715 1.000000 4
4719 -1.000000 4
4722 1.000000 3
4726 1.000000 4
4731 1.000000 5
4735 1.000000 4
4739 1.000000 4
4743 1.000000 4
4747 1.000000 4
4751 1.000000 4
4756 1.000000 5
4760 -1.000000 4
4764 -1.000000 4
4767 1.000000 3
4770 1.000000 3
4774 1.000000 4
4778 -1.000000 4
4782 1.000000 4
4786 -1.000000 4
4790 1.000000 4
4795 1.000000 5
4800 1.000000 5
4805 1.000000 5
4810 0.000000 5
4815 1.000000 5
4819 1.000000 4
4823 -1.000000 4
4826 1.000000 3
4830 1.000000 4
4834 -1.000000 4
4838 1.000000 4
4841 1.000000 3
4845 -1.000000 4
4849 -1.000000 4
4853 1.000000 4
4858 0.000000 5
4862 -1.000000 4
4867 1.000000 5
4872 0.000000 5
4875 1.000000 3
4880 1.000000 5
4884 -1.000000 4
4888 1.000000 4
4893 1.000000 5
4898 1.000000 5
4902 1.000000 4
4906 1.000000 4
4910 1.000000 4
4915 1.000000 5
4920 0.000000 5
4925 1.000000 5
4930 1.000000 5
4935 0.000000 5
4940 0.000000 5
4945 1.000000 5
4949 1.000000 4
4954 1.000000 5
4959 0.000000 5
4963 1.000000 4
4968 1.000000 5
4972 -1.000000 4
4976 1.000000 4
4980 -1.000000 4
4983 -1.000000 3
4987 1.000000 4
4991 1.000000 4
4995 -1.000000 4
4998 1.000000 3
5002 1.000000 4
5005 -1.000000 3
5009 -1.000000 4
5012 1.000000 3
5016 -1.000000 4
5021 0.000000 5
5025 -1.000000 4
5029 -1.000000 4
5032 -1.000000 3
5036 1.000000 4
5040 -1.000000 4
5045 1.000000 5
5050 0.000000 5
5054 1.000000 4
5057 -1.000000 3
5061 -1.000000 4
5066 0.000000 5
5069 1.000000 3
5073 1.000000 4
5076 -1.000000 3
5080 1.000000 4
5085 1.000000 5
5090 1.000000 5
5094 -1.000000 4
5097 1.000000 3
5100 -1.000000 3
5104 1.000000 4
5108 -1.000000 4
5112 1.000000 4
5116 1.000000 4
5119 1.000000 3
5124 1.000000 5
5128 1.000000 4
5131 1.000000 3
5135 1.000000 4
5138 1.000000 3
5142 -1.000000 4
5146 -1.000000 4
5149 -1.000000 3
5153 -1.000000 4
5158 1.000000 5
5162 -1.000000 4
5167 1.000000 5
5171 1.000000 4
5174 -1.000000 3
5179 1.000000 5
5184 1.000000 5
5189 0.000000 5
5193 1.000000 4
5198 0.000000 5
5203 0.000000 5
5208 1.000000 5
5212 1.000000 4
5216 1.000000 4
5220 -1.000000 4
5224 -1.000000 4
5227 -1.000000 3
5232 0.000000 5
5236 1.000000 4
5241 0.000000 5
5246 1.000000 5
5250 1.000000 4
5254 1.000000 4
5258 1.000000 4
5262 -1.000000 4
5266 1.000000 4
5269 -1.000000 3
5272 1.000000 3
5276 -1.000000 4
5280 -1.000000 4
5283 1.000000 3
5286 -1.000000 3
5290 1.000000 4
5295 0.000000 5
5299 -1.000000 4
5304 1.000000 5
5308 -1.000000 4
5311 1.000000 3
5315 1.000000 4
5319 1.000000 4
5323 1.000000 4
5327 -1.000000 4
5332 0.000000 5
5336 -1.000000 4
5340 -1.000000 4
5344 1.000000 4
5349 0.000000 5
5352 1.000000 3
5356 1.000000 4
5360 1.000000 4
5365 1.000000 5
5370 1.000000 5
5375 0.000000 5
5379 1.000000 4
5382 1.000000 3
5387 1.000000 5
5391 1.000000 4
5396 0.000000 5
5400 1.000000 4
5404 1.000000 4
5409 1.000000 5
5412 1.000000 3
5416 1.000000 4
5421 1.000000 5
5425 1.000000 4
5429 1.000000 4
5433 -1.000000 4
5437 -1.000000 4
5441 1.000000 4
5446 0.000000 5
5450 1.000000 4
5455 1.000000 5
5459 1.000000 4
5464 0.000000 5
5469 0.000000 5
5472 1.000000 3
5476 1.000000 4
5481 0.000000 5
5485 1.000000 4
5489 -1.000000 4
5494 1.000000 5
5499 1.000000 5
5503 1.000000 4
5508 0.000000 5
5512 -1.000000 4
5516 1.000000 4
5520 1.000000 4
5524 1.000000 4
5528 1.000000 4
5532 -1.000000 4
5537 0.000000 5
5541 -1.000000 4
5545 -1.000000 4
5549 -1.000000 4
5553 -1.000000 4
5558 1.000000 5
5562 1.000000 4
5566 -1.000000 4
5569 -1.000000 3
5573 1.000000 4
5578 0.000000 5
5582 -1.000000 4
5587 1.000000 5
5592 1.000000 5
5596 1.000000 4
5601 0.000000 5
5606 0.000000 5
5611 1.000000 5
5616 0.000000 5
5620 1.000000 4
5625 1.000000 5
5629 -1.000000 4
5634 1.000000 5
5637 1.000000 3
5641 1.000000 4
5645 -1.000000 4
5649 -1.000000 4
5654 1.000000 5
5658 1.000000 4
5663 1.000000 5
5667 1.000000 4
5672 1.000000 5
5675 -1.000000 3
5678 1.000000 3
5681 1.000000 3
5685 -1.000000 4
5689 -1.000000 4
5693 -1.000000 4
5696 1.000000 3
5700 1.000000 4
5703 1.000000 3
5708 1.000000 5
5713 1.000000 5
5717 1.000000 4
5721 1.000000 4
5725 1.000000 4
5730 0.000000 5
5734 1.000000 4
5739 0.000000 5
5742 -1.000000 3
5745 -1.000000 3
5749 -1.000000 4
5754 0.000000 5
5757 1.000000 3
5762 0.000000 5
5765 1.000000 3
5768 1.000000 3
5772 1.000000 4
5776 1.000000 4
5779 -1.000000 3
5782 -1.000000 3
5787 0.000000 5
5791 -1.000000 4
5794 1.000000 3
5799 0.000000 5
5803 1.000000 4
5808 0.000000 5
5813 1.000000 5
5817 1.000000 4
5821 1.000000 4
5825 1.000000 4
5830 0.000000 5
5835 1.000000 5
5838 -1.000000 3
5842 1.000000 4
5845 1.000000 3
5850 0.000000 5
5854 1.000000 4
5858 -1.000000 4
5863 0.000000 5
5867 1.000000 4
5871 1.000000 4
5875 -1.000000 4
5879 1.000000 4
5883 -1.000000 4
5888 1.000000 5
5893 1.000000 5
5897 1.000000 4
5902 1.000000 5
5907 1.000000 5
5912 1.000000 5
5917 1.000000 5
5920 -1.000000 3
5923 -1.000000 3
5927 -1.000000 4
5930 -1.000000 3
5934 1.000000 4
5938 1.000000 4
5941 -1.000000 3
5945 1.000000 4
5949 1.000000 4
5953 1.000000 4
5956 1.000000 3
5961 1.000000 5
5964 1.000000 3
5967 -1.000000 3
5972 0.000000 5
5976 -1.000000 4
5980 -1.000000 4
5984 1.000000 4
5988 1.000000 4
5993 1.000000 5
5997 1.000000 4
6002 1.000000 5
6006 -1.000000 4
6009 -1.000000 3
6012 -1.000000 3
6017 1.000000 5
6022 1.000000 5
6026 1.000000 4
6031 1.000000 5
6035 1.000000 4
6040 0.000000 5
6043 1.000000 3
6047 -1.000000 4
6050 -1.000000 3
6054 -1.000000 4
6057 1.000000 3
6062 1.000000 5
6065 1.000000 3
6070 1.000000 5
6074 -1.000000 4
6079 0.000000 5
6083 -1.000000 4
6088 0.000000 5
6092 1.000000 4
6097 0.000000 5
6101 1.000000 4
6104 1.000000 3
6108 1.000000 4
6111 1.000000 3
6115 1.000000 4
6120 1.000000 5
6124 1.000000 4
6128 1.000000 4
6132 -1.000000 4
6136 1.000000 4
6139 -1.000000 3
6144 1.000000 5
6148 -1.000000 4
6153 1.000000 5
6157 -1.000000 4
6162 0.000000 5
6167 1.000000 5
6172 1.000000 5
6177 0.000000 5
6182 1.000000 5
6187 1.000000 5
6192 1.000000 5
6195 1.000000 3
6200 0.000000 5
6204 1.000000 4
6207 1.000000 3
6210 -1.000000 3
6213 -1.000000 3
6218 1.000000 5
6221 -1.000000 3
6224 1.000000 3
6229 1.000000 5
6233 1.000000 4
6237 -1.000000 4
6242 0.000000 5
6246 -1.000000 4
6251 1.000000 5
6255 1.000000 4
6259 -1.000000 4
6262 1.000000 3
6265 1.000000 3
6270 0.000000 5
6274 -1.000000 4
6278 1.000000 4
6283 0.000000 5
6288 1.000000 5
6293 1.000000 5
6297 1.000000 4
6301 -1.000000 4
6306 1.000000 5
6311 0.000000 5
6314 1.000000 3
6317 1.000000 3
6321 -1.000000 4
6324 -1.000000 3
6327 1.000000 3
6331 -1.000000 4
6334 1.000000 3
6338 1.000000 4
6343 0.000000 5
6348 1.000000 5
6353 0.000000 5
6357 -1.000000 4
6362 0.000000 5
6366 1.000000 4
6370 1.000000 4
6374 1.000000 4
6378 -1.000000 4
6383 1.000000 5
6387 -1.000000 4
6391 -1.000000 4
6396 0.000000 5
6401 1.000000 5
6405 -1.000000 4
6410 1.000000 5
6413 -1.000000 3
6417 1.000000 4
6422 1.000000 5
6427 1.000000 5
6430 1.000000 3
6434 1.000000 4
6439 0.000000 5
6444 0.000000 5
6449 0.000000 5
6453 1.000000 4
6458 0.000000 5
6462 -1.000000 4
6466 1.000000 4
6470 -1.000000 4
6474 1.000000 4
6478 -1.000000 4
6482 1.000000 4
6486 1.000000 4
6490 -1.000000 4
6494 1.000000 4
6497 1.000000 3
6502 1.000000 5
6506 1.000000 4
6510 1.000000 4
6514 1.000000 4
6519 1.000000 5
6524 1.000000 5
6528 1.000000 4
6533 1.000000 5
6537 1.000000 4
6542 1.000000 5
6545 1.000000 3
6549 1.000000 4
6554 1.000000 5
6558 -1.000000 4
6563 0.000000 5
6568 0.000000 5
6573 1.000000 5
6577 1.000000 4
6581 -1.000000 4
6584 1.000000 3
6588 1.000000 4
6592 -1.000000 4
6596 1.000000 4
6601 0.000000 5
6605 1.000000 4
6608 -1.000000 3
6612 -1.000000 4
6617 0.000000 5
6622 1.000000 5
6625 -1.000000 3
6629 1.000000 4
6632 1.000000 3
6637 0.000000 5
6642 1.000000 5
6647 1.000000 5
6651 -1.000000 4
6655 -1.000000 4
6660 1.000000 5
6664 -1.000000 4
6669 1.000000 5
6672 -1.000000 3
6677 1.000000 5
6682 1.000000 5
6685 1.000000 3
6690 0.000000 5
6695 1.000000 5
6700 0.000000 5
6705 1.000000 5
6710 0.000000 5
6715 0.000000 5
6719 1.000000 4
6723 1.000000 4
6727 1.000000 4
6731 1.000000 4
6736 1.000000 5
6739 -1.000000 3
6742 -1.000000 3
6745 1.000000 3
6749 -1.000000 4
6754 1.000000 5
6759 1.000000 5
6763 -1.000000 4
6768 1.000000 5
6773 0.000000 5
6777 -1.000000 4
6782 1.000000 5
6785 1.000000 3
6789 -1.000000 4
6793 1.000000 4
6797 1.000000 4
6801 -1.000000 4
6805 -1.000000 4
6808 -1.000000 3
6812 1.000000 4
6817 0.000000 5
6822 1.000000 5
6827 1.000000 5
6830 -1.000000 3
6835 1.000000 5
6838 -1.000000 3
6842 1.000000 4
6845 -1.000000 3
6849 -1.000000 4
6854 0.000000 5
6858 -1.000000 4
6862 1.000000 4
6866 1.000000 4
6869 -1.000000 3
6873 1.000000 4
6876 1.000000 3
6880 -1.000000 4
6885 1.000000 5
6889 -1.000000 4
6894 1.000000 5
6899 0.000000 5
6902 1.000000 3
6907 0.000000 5
6910 1.000000 3
6914 1.000000 4
6917 1.000000 3
6921 1.000000 4
6925 1.000000 4
6929 -1.000000 4
6933 1.000000 4
6938 1.000000 5
6942 1.000000 4
6945 1.000000 3
6949 -1.000000 4
6954 0.000000 5
6957 1.000000 3
6961 -1.000000 4
6965 1.000000 4
6969 -1.000000 4
6973 1.000000 4
6978 1.000000 5
6982 1.000000 4
6985 1.000000 3
6988 1.000000 3
6992 1.000000 4
6997 0.000000 5
7001 1.000000 4
7006 0.000000 5
7010 1.000000 4
7015 0.000000 5
7019 -1.000000 4
7022 -1.000000 3
7027 1.000000 5
7031 1.000000 4
7035 -1.000000 4
7039 -1.000000 4
7044 1.000000 5
7049 1.000000 5
7052 -1.000000 3
7057 0.000000 5
7062 1.000000 5
7066 -1.000000 4
7070 1.000000 4
7074 -1.000000 4
7078 1.000000 4
7081 1.000000 3
7084 1.000000 3
7089 0.000000 5
7093 1.000000 4
7096 -1.000000 3
7101 1.000000 5
7104 1.000000 3
7108 1.000000 4
7112 1.000000 4
7115 -1.000000 3
7119 1.000000 4
7124 1.000000 5
7128 -1.000000 4
7132 1.000000 4
7136 1.000000 4
7139 -1.000000 3
7143 -1.000000 4
7148 1.000000 5
7152 -1.000000 4
7155 1.000000 3
7160 1.000000 5
7165 1.000000 5
7168 -1.000000 3
7173 1.000000 5
7176 1.000000 3
7181 1.000000 5
7185 1.000000 4
7189 1.000000 4
7193 1.000000 4
7197 1.000000 4
7200 -1.000000 3
7205 1.000000 5
7210 1.000000 5
7214 -1.000000 4
7218 -1.000000 4
7223 1.000000 5
7227 1.000000 4
7232 0.000000 5
7237 1.000000 5
7241 1.000000 4
7246 0.000000 5
7251 1.000000 5
7254 -1.000000 3
7258 -1.000000 4
7263 1.000000 5
7266 -1.000000 3
7270 1.000000 4
7274 -1.000000 4
7278 1.000000 4
7282 1.000000 4
7285 -1.000000 3
7288 -1.000000 3
7292 1.000000 4
7297 0.000000 5
7301 1.000000 4
7306 1.000000 5
7310 1.000000 4
7314 1.000000 4
7317 -1.000000 3
7321 -1.000000 4
7325 1.000000 4
7329 -1.000000 4
7334 1.000000 5
7338 -1.000000 4
7342 1.000000 4
7345 -1.000000 3
7348 -1.000000 3
7351 1.000000 3
7356 1.000000 5
7360 1.000000 4
7363 1.000000 3
7367 1.000000 4
7372 1.000000 5
7376 1.000000 4
7379 1.000000 3
7383 1.000000 4
7388 0.000000 5
7392 -1.000000 4
7397 1.000000 5
7402 0.000000 5
7406 -1.000000 4
7410 1.000000 4
7415 1.000000 5
7418 1.000000 3
7422 1.000000 4
7425 -1.000000 3
7430 0.000000 5
7433 -1.000000 3
7438 0.000000 5
7442 1.000000 4
7446 1.000000 4
7450 1.000000 4
7455 0.000000 5
7460 1.000000 5
7465 1.000000 5
7469 1.000000 4
7474 1.000000 5
7477 1.000000 3
7481 1.000000 4
7486 1.000000 5
7491 1.000000 5
7495 -1.000000 4
7498 1.000000 3
7502 1.000000 4
7506 1.000000 4
7510 -1.000000 4
7514 1.000000 4
7519 1.000000 5
7523 1.000000 4
7528 1.000000 5
7533 0.000000 5
7537 1.000000 4
7542 1.000000 5
7546 1.000000 4
7551 1.000000 5
7554 -1.000000 3
7557 -1.000000 3
7560 -1.000000 3
7564 -1.000000 4
7569 1.000000 5
7573 1.000000 4
7578 0.000000 5
7582 1.000000 4
7586 1.000000 4
7590 1.000000 4
7594 -1.000000 4
7598 -1.000000 4
7603 1.000000 5
7608 0.000000 5
7612 1.000000 4
7617 1.000000 5
7621 1.000000 4
7625 -1.000000 4
7628 -1.000000 3
7631 1.000000 3
7636 1.000000 5
7640 1.000000 4
7644 1.000000 4
7648 -1.000000 4
7652 -1.000000 4
7657 0.000000 5
7661 1.000000 4
7664 1.000000 3
7669 1.000000 5
7672 1.000000 3
7675 -1.000000 3
7680 0.000000 5
7683 -1.000000 3
7687 -1.000000 4
7691 -1.000000 4
7695 1.000000 4
7699 -1.000000 4
7703 1.000000 4
7707 -1.000000 4
7711 -1.000000 4
7716 1.000000 5
7721 1.000000 5
7726 0.000000 5
7730 1.000000 4
7733 1.000000 3
7737 -1.000000 4
7742 0.000000 5
7746 1.000000 4
7751 1.000000 5
7756 1.000000 5
7759 -1.000000 3
7764 1.000000 5
7768 1.000000 4
7772 1.000000 4
7777 0.000000 5
7781 1.000000 4
7785 1.000000 4
7790 0.000000 5
7795 1.000000 5
7800 0.000000 5
7805 0.000000 5
7810 0.000000 5
7814 -1.000000 4
7818 1.000000 4
7823 0.000000 5
7828 1.000000 5
7832 1.000000 4
7836 1.000000 4
7840 -1.000000 4
7844 1.000000 4
7849 1.000000 5
7853 -1.000000 4
7856 -1.000000 3
7860 1.000000 4
7865 1.000000 5
7869 -1.000000 4
7874 1.000000 5
7878 1.000000 4
7881 -1.000000 3
7886 1.000000 5
7889 -1.000000 3
7892 1.000000 3
7897 1.000000 5
7902 1.000000 5
7907 1.000000 5
7912 0.000000 5
7917 1.000000 5
7922 1.000000 5
7926 1.000000 4
7930 1.000000 4
7935 1.000000 5
7938 1.000000 3
7943 1.000000 5
7947 -1.000000 4
7952 1.000000 5
7955 -1.000000 3
7958 1.000000 3
7963 1.000000 5
7967 1.000000 4
7971 1.000000 4
7975 1.000000 4
7979 -1.000000 4
7984 1.000000 5
7988 1.000000 4
7991 1.000000 3
7995 -1.000000 4
7999 -1.000000 4
8004 0.000000 5
8009 1.000000 5
8014 1.000000 5
8018 -1.000000 4
8022 1.000000 4
8026 1.000000 4
8030 1.000000 4
8035 0.000000 5
8038 1.000000 3
8042 -1.000000 4
8045 1.000000 3
8050 0.000000 5
8054 1.000000 4
8058 -1.000000 4
8063 0.000000 5
8066 1.000000 3
8070 -1.000000 4
8075 1.000000 5
8079 -1.000000 4
8084 1.000000 5
8089 0.000000 5
8094 0.000000 5
8099 0.000000 5
8104 1.000000 5
8108 -1.000000 4
8112 1.000000 4
8116 1.000000 4
8120 1.000000 4
8123 -1.000000 3
8126 1.000000 3
8131 0.000000 5
8135 1.000000 4
8139 1.000000 4
8142 1.000000 3
8147 1.000000 5
8152 0.000000 5
8156 1.000000 4
8160 1.000000 4
8164 -1.000000 4
8169 1.000000 5
8172 -1.000000 3
8176 1.000000 4
8180 1.000000 4
8184 -1.000000 4
8187 1.000000 3
8191 1.000000 4
8195 1.000000 4
8199 1.000000 4
8204 0.000000 5
8207 -1.000000 3
8210 1.000000 3
8215 1.000000 5
8219 1.000000 4
8224 1.000000 5
8228 1.000000 4
8233 1.000000 5
8237 -1.000000 4
8241 1.000000 4
8245 1.000000 4
8249 -1.000000 4
8253 1.000000 4
8257 1.000000 4
8260 -1.000000 3
8265 0.000000 5
8268 -1.000000 3
8271 1.000000 3
8276 0.000000 5
8281 1.000000 5
8285 -1.000000 4
8290 1.000000 5
8294 1.000000 4
8298 1.000000 4
8302 1.000000 4
8306 -1.000000 4
8309 1.000000 3
8314 0.000000 5
8319 1.000000 5
8324 0.000000 5
8327 -1.000000 3
8332 1.000000 5
8337 0.000000 5
8342 1.000000 5
8347 0.000000 5
8351 1.000000 4
8355 1.000000 4
8359 1.000000 4
8363 1.000000 4
8368 1.000000 5
8372 1.000000 4
8377 1.000000 5
8381 1.000000 4
8386 1.000000 5
8389 1.000000 3
8392 -1.000000 3
8396 1.000000 4
8401 1.000000 5
8405 1.000000 4
8410 0.000000 5
8413 1.000000 3
8417 1.000000 4
8422 1.000000 5
8426 1.000000 4
8431 1.000000 5
8436 0.000000 5
8439 -1.000000 3
8444 1.000000 5
8449 1.000000 5
8454 1.000000 5
8457 1.000000 3
8462 1.000000 5
8466 -1.000000 4
8471 0.000000 5
8476 1.000000 5
8480 1.000000 4
8484 1.000000 4
8488 1.000000 4
8492 1.000000 4
8496 -1.000000 4
8500 -1.000000 4
8504 1.000000 4
8509 1.000000 5
8513 -1.000000 4
8518 0.000000 5
8522 1.000000 4
8526 -1.000000 4
8531 1.000000 5
8536 1.000000 5
8539 -1.000000 3
8543 1.000000 4
8548 1.000000 5
8552 1.000000 4
8557 1.000000 5
8561 -1.000000 4
8565 -1.000000 4
8570 1.000000 5
8575 1.000000 5
8579 1.000000 4
8583 -1.000000 4
8587 -1.000000 4
8590 -1.000000 3
8593 -1.000000 3
8598 1.000000 5
8603 1.000000 5
8607 1.000000 4
8611 -1.000000 4
8614 -1.000000 3
8619 1.000000 5
8624 0.000000 5
8629 0.000000 5
8632 1.000000 3
8635 -1.000000 3
8638 1.000000 3
8642 1.000000 4
8645 -1.000000 3
8650 1.000000 5
8653 -1.000000 3
8657 -1.000000 4
8661 1.000000 4
8665 1.000000 4
8668 1.000000 3
8673 1.000000 5
8678 1.000000 5
8682 -1.000000 4
8686 1.000000 4
8691 0.000000 5
8695 1.000000 4
8699 1.000000 4
8704 1.000000 5
8709 1.000000 5
8713 -1.000000 4
8717 1.000000 4
8722 0.000000 5
8727 1.000000 5
8731 -1.000000 4
8736 1.000000 5
8739 -1.000000 3
8743 1.000000 4
8747 1.000000 4
8752 1.000000 5
8757 1.000000 5
8761 1.000000 4
8766 0.000000 5
8770 1.000000 4
8774 1.000000 4
8778 1.000000 4
8781 -1.000000 3
8786 1.000000 5
8790 1.000000 4
8794 1.000000 4
8799 1.000000 5
8804 0.000000 5
8809 0.000000 5
8812 1.000000 3
8817 1.000000 5
8822 1.000000 5
8827 1.000000 5
8831 1.000000 4
8835 1.000000 4
8839 1.000000 4
8842 -1.000000 3
8847 0.000000 5
8851 1.000000 4
8855 1.000000 4
8860 1.000000 5
8864 1.000000 4
8869 1.000000 5
8874 0.000000 5
8878 -1.000000 4
8882 1.000000 4
8886 -1.000000 4
8890 -1.000000 4
8893 -1.000000 3
8897 -1.000000 4
8902 0.000000 5
8907 0.000000 5
8910 -1.000000 3
8914 1.000000 4
8918 -1.000000 4
8921 -1.000000 3
8926 1.000000 5
8930 1.000000 4
8935 0.000000 5
8938 1.000000 3
8942 1.000000 4
8945 -1.000000 3
8948 1.000000 3
8952 1.000000 4
8956 1.000000 4
8960 -1.000000 4
8963 1.000000 3
8968 1.000000 5
8971 -1.000000 3
8975 1.000000 4
8978 -1.000000 3
8982 1.000000 4
8986 1.000000 4
8990 -1.000000 4
8995 0.000000 5
8998 -1.000000 3
9002 1.000000 4
9005 1.000000 3
9008 1.000000 3
9013 0.000000 5
9017 1.000000 4
9021 1.000000 4
9025 -1.000000 4
9029 1.000000 4
9034 1.000000 5
9038 1.000000 4
9041 1.000000 3
9045 1.000000 4
9050 1.000000 5
9054 1.000000 4
9058 1.000000 4
9063 1.000000 5
9068 1.000000 5
9073 0.000000 5
9078 1.000000 5
9083 0.000000 5
9087 1.000000 4
9091 1.000000 4
9094 -1.000000 3
9098 1.000000 4
9103 1.000000 5
9108 1.000000 5
9112 -1.000000 4
9116 1.000000 4
9121 1.000000 5
9126 0.000000 5
9129 1.000000 3
9132 1.000000 3
9135 1.000000 3
9139 -1.000000 4
9143 1.000000 4
9148 0.000000 5
9153 1.000000 5
9158 0.000000 5
9163 1.000000 5
9167 -1.000000 4
9171 -1.000000 4
9176 1.000000 5
9180 1.000000 4
9184 1.000000 4
9188 1.000000 4
9192 1.000000 4
9196 -1.000000 4
9200 1.000000 4
9204 1.000000 4
9208 -1.000000 4
9212 -1.000000 4
9216 1.000000 4
9219 1.000000 3
9224 1.000000 5
9227 1.000000 3
9232 1.000000 5
9236 1.000000 4
9241 1.000000 5
9245 -1.000000 4
9249 -1.000000 4
9252 1.000000 3
9257 1.000000 5
9262 1.000000 5
9266 -1.000000 4
9270 -1.000000 4
9274 1.000000 4
9278 1.000000 4
9282 -1.000000 4
9287 1.000000 5
9290 1.000000 3
9295 1.000000 5
9299 1.000000 4
9302 -1.000000 3
9307 1.000000 5
9311 1.000000 4
9316 1.000000 5
9320 1.000000 4
9324 1.000000 4
9329 1.000000 5
9332 1.000000 3
9337 0.000000 5
9341 1.000000 4
9344 1.000000 3
9349 0.000000 5
9353 1.000000 4
9356 1.000000 3
9360 1.000000 4
9364 1.000000 4
9368 1.000000 4
9373 1.000000 5
9377 -1.000000 4
9380 -1.000000 3
9384 1.000000 4
9389 1.000000 5
9393 1.000000 4
9397 1.000000 4
9401 1.000000 4
9406 1.000000 5
9409 1.000000 3
9414 1.000000 5
9418 -1.000000 4
9422 -1.000000 4
9426 -1.000000 4
9431 0.000000 5
9436 1.000000 5
9441 1.000000 5
9446 1.000000 5
9451 0.000000 5
9455 -1.000000 4
9460 1.000000 5
9464 1.000000 4
9467 1.000000 3
9470 1.000000 3
9474 1.000000 4
9477 1.000000 3
9481 1.000000 4
9484 1.000000 3
9488 1.000000 4
9491 1.000000 3
9496 1.000000 5
9501 0.000000 5
9505 1.000000 4
9509 1.000000 4
9514 0.000000 5
9519 1.000000 5
9523 -1.000000 4
9527 1.000000 4
9531 1.000000 4
9535 -1.000000 4
9539 1.000000 4
9544 0.000000 5
9549 1.000000 5
9554 1.000000 5
9557 -1.000000 3
9562 1.000000 5
9567 1.000000 5
9570 -1.000000 3
9575 0.000000 5
9580 1.000000 5
9584 1.000000 4
9588 -1.000000 4
9591 1.000000 3
9595 -1.000000 4
9599 -1.000000 4
9604 1.000000 5
9608 -1.000000 4
9612 -1.000000 4
9616 1.000000 4
9619 1.000000 3
9623 -1.000000 4
9627 1.000000 4
9631 1.000000 4
9634 -1.000000 3
9637 -1.000000 3
9641 -1.000000 4
9644 1.000000 3
9647 1.000000 3
9650 -1.000000 3
9654 1.000000 4
9657 1.000000 3
9661 -1.000000 4
9665 -1.000000 4
9669 1.000000 4
9672 1.000000 3
9676 1.000000 4
9681 1.000000 5
9684 -1.000000 3
9688 -1.000000 4
9693 1.000000 5
9698 0.000000 5
9702 1.000000 4
9707 0.000000 5
9711 -1.000000 4
9716 1.000000 5
9720 -1.000000 4
9725 1.000000 5
9729 -1.000000 4
9733 -1.000000 4
9736 -1.000000 3
9739 1.000000 3
9742 1.000000 3
9747 1.000000 5
9750 -1.000000 3
9755 0.000000 5
9760 0.000000 5
9764 1.000000 4
9767 1.000000 3
9772 1.000000 5
9776 1.000000 4
9779 1.000000 3
9782 -1.000000 3
9785 1.000000 3
9788 1.000000 3
9792 -1.000000 4
9795 1.000000 3
9799 1.000000 4
9803 -1.000000 4
9808 1.000000 5
9813 1.000000 5
9818 1.000000 5
9822 -1.000000 4
9826 -1.000000 4
9829 -1.000000 3
9834 0.000000 5
9838 1.000000 4
9843 1.000000 5
9848 0.000000 5
9853 1.000000 5
9857 -1.000000 4
9862 1.000000 5
9865 -1.000000 3
9870 1.000000 5
9875 0.000000 5
9879 1.000000 4
9884 1.000000 5
9887 -1.000000 3
9891 1.000000 4
9895 1.000000 4
9900 1.000000 5
9904 1.000000 4
9908 -1.000000 4
9913 1.000000 5
9917 1.000000 4
9922 0.000000 5
9926 -1.000000 4
9930 -1.000000 4
9934 1.000000 4
9938 1.000000 4
9942 1.000000 4
9945 1.000000 3
9950 1.000000 5
9955 1.000000 5
9960 1.000000 5
9964 1.000000 4
9969 0.000000 5
9974 0.000000 5
9979 0.000000 5
9983 1.000000 4
9987 -1.000000 4
9992 0.000000 5
9997 1.000000 5
10000 1.000000 3
10003 -1.000000 3
10006 -1.000000 3
10009 -1.000000 3
10012 -1.000000 3
10015 -1.000000 3
10018 -1.000000 3
10021 -1.000000 3
10024 -1.000000 3
10027 -1.000000 3
10030 -1.000000 3
10033 -1.000000 3
10036 -1.000000 3
10039 -1.000000 3
10042 -1.000000 3
10045 -1.000000 3
10048 -1.000000 3
10051 -1.000000 3
10054 -1.000000 3
10057 -1.000000 3
10060 -1.000000 3
10063 -1.000000 3
10066 -1.000000 3
10069 -1.000000 3
10072 -1.000000 3
10075 -1.000000 3
10078 -1.000000 3
10081 -1.000000 3
10084 -1.000000 3
10087 -1.000000 3
10090 -1.000000 3
10093 -1.000000 3
10096 -1.000000 3
10099 -1.000000 3
10102 -1.000000 3
10105 -1.000000 3
10108 -1.000000 3
10111 -1.000000 3
10114 -1.000000 3
10117 -1.000000 3
10120 -1.000000 3
10123 -1.000000 3
10126 -1.000000 3
10129 -1.000000 3
10132 -1.000000 3
10135 -1.000000 3
10138 -1.000000 3
10141 -1.000000 3
10144 -1.000000 3
10147 -1.000000 3
10150 -1.000000 3
10153 -1.000000 3
10156 -1.000000 3
10159 -1.000000 3
10162 -1.000000 3
10165 -1.000000 3
10168 -1.000000 3
10171 -1.000000 3
10174 -1.000000 3
10177 -1.000000 3
10180 -1.000000 3
10183 -1.000000 3
10186 -1.000000 3
10189 -1.000000 3
10192 -1.000000 3
10195 -1.000000 3
10198 -1.000000 3
10201 -1.000000 3
10204 -1.000000 3
10207 -1.000000 3
10210 -1.000000 3
10213 -1.000000 3
10216 -1.000000 3
10219 -1.000000 3
10222 -1.000000 3
10225 -1.000000 3
10228 -1.000000 3
10231 -1.000000 3
10234 -1.000000 3
10237 -1.000000 3
10240 -1.000000 3
10243 -1.000000 3
10246 -1.000000 3
10249 -1.000000 3
10252 -1.000000 3
10255 -1.000000 3
10258 -1.000000 3
10261 -1.000000 3
10264 -1.000000 3
10267 -1.000000 3
10270 -1.000000 3
10273 -1.000000 3
10276 -1.000000 3
10279 -1.000000 3
10282 -1.000000 3
10285 -1.000000 3
10288 -1.000000 3
10291 -1.000000 3
10294 -1.000000 3
10297 -1.000000 3
10300 -1.000000 3
10303 -1.000000 3
10306 -1.000000 3
10309 -1.000000 3
10312 -1.000000 3
10315 -1.000000 3
10318 -1.000000 3
10321 -1.000000 3
10324 -1.000000 3
10327 -1.000000 3
10330 -1.000000 3
10333 -1.000000 3
10336 -1.000000 3
10339 -1.000000 3
10342 -1.000000 3
10345 -1.000000 3
10348 -1.000000 3
10351 -1.000000 3
10354 -1.000000 3
10357 -1.000000 3
10360 -1.000000 3
10363 -1.000000 3
10366 -1.000000 3
10369 -1.000000 3
10372 -1.000000 3
10375 -1.000000 3
10378 -1.000000 3
10381 -1.000000 3
10384 -1.000000 3
10387 -1.000000 3
10390 -1.000000 3
10393 -1.000000 3
10396 -1.000000 3
10399 -1.000000 3
10402 -1.000000 3
10405 -1.000000 3
10408 -1.000000 3
10411 -1.000000 3
10414 -1.000000 3
10417 -1.000000 3
10420 -1.000000 3
10423 -1.000000 3
10426 -1.000000 3
10429 -1.000000 3
10432 -1.000000 3
10435 -1.000000 3
10438 -1.000000 3
10441 -1.000000 3
10444 -1.000000 3
10447 -1.000000 3
10450 -1.000000 3
10453 -1.000000 3
10456 -1.000000 3
10459 -1.000000 3
10462 -1.000000 3
10465 -1.000000 3
10468 -1.000000 3
10471 -1.000000 3
10474 -1.000000 3
10477 -1.000000 3
10480 -1.000000 3
10483 -1.000000 3
10486 -1.000000 3
10489 -1.000000 3
10492 -1.000000 3
10495 -1.000000 3
10498 -1.000000 3
10501 -1.000000 3
10504 -1.000000 3
10507 -1.000000 3
10510 -1.000000 3
10513 -1.000000 3
10516 -1.000000 3
10519 -1.000000 3
10522 -1.000000 3
10525 -1.000000 3
10528 -1.000000 3
10531 -1.000000 3
10534 -1.000000 3
10537 -1.000000 3
10540 -1.000000 3
10543 -1.000000 3
10546 -1.000000 3
10549 -1.000000 3
10552 -1.000000 3
10555 -1.000000 3
10558 -1.000000 3
10561 -1.000000 3
10564 -1.000000 3
10567 -1.000000 3
10570 -1.000000 3
10573 -1.000000 3
10576 -1.000000 3
10579 -1.000000 3
10582 -1.000000 3
10585 -1.000000 3
10588 -1.000000 3
10591 -1.000000 3
10594 -1.000000 3
10597 -1.000000 3
10600 -1.000000 3
10603 -1.000000 3
10606 -1.000000 3
10609 -1.000000 3
10612 -1.000000 3
10615 -1.000000 3
10618 -1.000000 3
10621 -1.000000 3
10624 -1.000000 3
10627 -1.000000 3
10630 -1.000000 3
10633 -1.000000 3
10636 -1.000000 3
10639 -1.000000 3
10642 -1.000000 3
10645 -1.000000 3
10648 -1.000000 3
10651 -1.000000 3
10654 -1.000000 3
10657 -1.000000 3
10660 -1.000000 3
10663 -1.000000 3
10666 -1.000000 3
10669 -1.000000 3
10672 -1.000000 3
10675 -1.000000 3
10678 -1.000000 3
10681 -1.000000 3
10684 -1.000000 3
10687 -1.000000 3
10690 -1.000000 3
10693 -1.000000 3
10696 -1.000000 3
10699 -1.000000 3
10702 -1.000000 3
10705 -1.000000 3
10708 -1.000000 3
10711 -1.000000 3
10714 -1.000000 3
10717 -1.000000 3
10720 -1.000000 3
10723 -1.000000 3
10726 -1.000000 3
10729 -1.000000 3
10732 -1.000000 3
10735 -1.000000 3
10738 -1.000000 3
10741 -1.000000 3
10744 -1.000000 3
10747 -1.000000 3
10750 -1.000000 3
10753 -1.000000 3
10756 -1.000000 3
10759 -1.000000 3
10762 -1.000000 3
10765 -1.000000 3
10768 -1.000000 3
10771 -1.000000 3
10774 -1.000000 3
10777 -1.000000 3
10780 -1.000000 3
10783 -1.000000 3
10786 -1.000000 3
10789 -1.000000 3
10792 -1.000000 3
10795 -1.000000 3
10798 -1.000000 3
10801 -1.000000 3
10804 -1.000000 3
10807 -1.000000 3
10810 -1.000000 3
10813 -1.000000 3
10816 -1.000000 3
10819 -1.000000 3
10822 -1.000000 3
10825 -1.000000 3
10828 -1.000000 3
10831 -1.000000 3
10834 -1.000000 3
10837 -1.000000 3
10840 -1.000000 3
10843 -1.000000 3
10846 -1.000000 3
10849 -1.000000 3
10852 -1.000000 3
10855 -1.000000 3
10858 -1.000000 3
10861 -1.000000 3
10864 -1.000000 3
10867 -1.000000 3
10870 -1.000000 3
10873 -1.000000 3
10876 -1.000000 3
10879 -1.000000 3
10882 -1.000000 3
10885 -1.000000 3
10888 -1.000000 3
10891 -1.000000 3
10894 -1.000000 3
10897 -1.000000 3
10900 -1.000000 3
10903 -1.000000 3
10906 -1.000000 3
10909 -1.000000 3
10912 -1.000000 3
10915 -1.000000 3
10918 -1.000000 3
10921 -1.000000 3
10924 -1.000000 3
10927 -1.000000 3
10930 -1.000000 3
10933 -1.000000 3
10936 -1.000000 3
10939 -1.000000 3
10942 -1.000000 3
10945 -1.000000 3
10948 -1.000000 3
10951 -1.000000 3
10954 -1.000000 3
10957 -1.000000 3
10960 -1.000000 3
10963 -1.000000 3
10966 -1.000000 3
10969 -1.000000 3
10972 -1.000000 3
10975 -1.000000 3
10978 -1.000000 3
10981 -1.000000 3
10984 -1.000000 3
10987 -1.000000 3
10990 -1.000000 3
10993 -1.000000 3
10996 -1.000000 3
10999 -1.000000 3
11002 -1.000000 3
11005 1.000000 3
11009 1.000000 4
11013 1.000000 4
11018 0.000000 5
11021 1.000000 3
11024 1.000000 3
11027 1.000000 3
11030 1.000000 3
11033 1.000000 3
11036 1.000000 3
11040 1.000000 4
11044 1.000000 4
11047 1.000000 3
11051 1.000000 4
11054 -1.000000 3
11057 1.000000 3
11061 1.000000 4
11065 1.000000 4
11068 1.000000 3
11071 1.000000 3
11075 1.000000 4
11078 1.000000 3
11082 1.000000 4
11085 1.000000 3
11088 1.000000 3
11092 1.000000 4
11096 1.000000 4
11100 1.000000 4
11104 1.000000 4
11107 1.000000 3
11111 1.000000 4
11114 1.000000 3
11117 1.000000 3
11120 1.000000 3
11123 -1.000000 3
11126 1.000000 3
11130 1.000000 4
11134 1.000000 4
11137 1.000000 3
11142 0.000000 5
11145 1.000000 3
11148 1.000000 3
11151 1.000000 3
11155 1.000000 4
11159 1.000000 4
11163 1.000000 4
11167 1.000000 4
11171 1.000000 4
11175 1.000000 4
11179 1.000000 4
11182 1.000000 3
11186 1.000000 4
11189 1.000000 3
11193 1.000000 4
11197 1.000000 4
11201 1.000000 4
11205 1.000000 4
11209 1.000000 4
11212 1.000000 3
11217 0.000000 5
11221 -1.000000 4
11225 1.000000 4
11229 1.000000 4
11233 1.000000 4
11237 1.000000 4
11241 1.000000 4
11244 1.000000 3
11248 1.000000 4
11251 1.000000 3
11254 1.000000 3
11258 1.000000 4
11261 1.000000 3
11264 1.000000 3
11267 1.000000 3
11270 1.000000 3
11275 0.000000 5
11278 1.000000 3
11282 1.000000 4
11285 1.000000 3
11289 1.000000 4
11293 1.000000 4
11296 1.000000 3
11300 1.000000 4
11303 1.000000 3
11306 1.000000 3
11309 1.000000 3
11312 1.000000 3
11316 1.000000 4
11320 1.000000 4
11323 -1.000000 3
11326 1.000000 3
11329 1.000000 3
11333 1.000000 4
11337 1.000000 4
11341 1.000000 4
11345 1.000000 4
11349 1.000000 4
11353 1.000000 4
11356 1.000000 3
11359 -1.000000 3
11362 1.000000 3
11365 -1.000000 3
11369 1.000000 4
11372 1.000000 3
11375 1.000000 3
11379 1.000000 4
11384 0.000000 5
11388 1.000000 4
11391 1.000000 3
11395 1.000000 4
11399 1.000000 4
11403 1.000000 4
11407 1.000000 4
11410 1.000000 3
11414 1.000000 4
11418 1.000000 4
11422 1.000000 4
11425 -1.000000 3
11429 1.000000 4
11434 0.000000 5
11438 1.000000 4
11441 1.000000 3
11444 1.000000 3
11447 1.000000 3
11452 0.000000 5
11455 1.000000 3
11458 1.000000 3
11461 1.000000 3
11465 1.000000 4
11468 1.000000 3
11471 1.000000 3
11475 1.000000 4
11478 1.000000 3
11481 1.000000 3
11485 1.000000 4
11488 1.000000 3
11491 1.000000 3
11495 1.000000 4
11499 1.000000 4
11502 1.000000 3
11505 1.000000 3
11509 1.000000 4
11512 1.000000 3
11516 1.000000 4
11519 1.000000 3
11523 1.000000 4
11527 1.000000 4
11531 1.000000 4
11536 0.000000 5
11540 1.000000 4
11544 1.000000 4
11548 1.000000 4
11552 1.000000 4
11555 1.000000 3
11559 1.000000 4
11564 0.000000 5
11567 1.000000 3
11572 0.000000 5
11575 1.000000 3
11579 1.000000 4
11582 1.000000 3
11586 1.000000 4
11591 0.000000 5
11595 1.000000 4
11598 1.000000 3
11601 1.000000 3
11604 1.000000 3
11607 1.000000 3
11610 1.000000 3
11614 -1.000000 4
11618 1.000000 4
11622 1.000000 4
11626 1.000000 4
11629 -1.000000 3
11633 -1.000000 4
11636 1.000000 3
11640 1.000000 4
11643 1.000000 3
11647 1.000000 4
11650 1.000000 3
11654 1.000000 4
11657 -1.000000 3
11660 1.000000 3
11663 -1.000000 3
11666 1.000000 3
11670 1.000000 4
11673 1.000000 3
11677 1.000000 4
11680 1.000000 3
11684 1.000000 4
11689 0.000000 5
11692 1.000000 3
11696 1.000000 4
11700 1.000000 4
11704 1.000000 4
11708 1.000000 4
11712 1.000000 4
11715 1.000000 3
11718 1.000000 3
11722 1.000000 4
11725 1.000000 3
11728 1.000000 3
11733 0.000000 5
11737 1.000000 4
11741 1.000000 4
11744 1.000000 3
11747 1.000000 3
11751 1.000000 4
11755 -1.000000 4
11759 1.000000 4
11762 1.000000 3
11765 1.000000 3
11768 1.000000 3
11771 1.000000 3
11775 1.000000 4
11778 1.000000 3
11782 -1.000000 4
11786 1.000000 4
11790 1.000000 4
11793 1.000000 3
11797 1.000000 4
11801 1.000000 4
11806 0.000000 5
11809 1.000000 3
11813 1.000000 4
11817 1.000000 4
11821 -1.000000 4
11824 1.000000 3
11828 1.000000 4
11832 1.000000 4
11835 1.000000 3
11838 1.000000 3
11843 0.000000 5
11846 1.000000 3
11850 -1.000000 4
11855 0.000000 5
11858 1.000000 3
11862 1.000000 4
11866 1.000000 4
11869 1.000000 3
11872 1.000000 3
11876 1.000000 4
11879 1.000000 3
11882 1.000000 3
11885 1.000000 3
11888 1.000000 3
11891 1.000000 3
11895 1.000000 4
11898 1.000000 3
11901 -1.000000 3
11905 1.000000 4
11909 1.000000 4
11913 1.000000 4
11917 1.000000 4
11920 1.000000 3
11924 1.000000 4
11927 1.000000 3
11931 1.000000 4
11934 1.000000 3
11938 1.000000 4
11942 1.000000 4
11946 1.000000 4
11949 1.000000 3
11953 1.000000 4
11956 1.000000 3
11960 -1.000000 4
11964 1.000000 4
11968 1.000000 4
11972 1.000000 4
11976 1.000000 4
11980 1.000000 4
11983 1.000000 3
11986 1.000000 3
11989 1.000000 3
11993 1.000000 4
11996 1.000000 3
12000 1.000000 4
12003 1.000000 3
12006 -1.000000 3
12009 1.000000 3
12013 1.000000 4
12016 1.000000 3
12020 1.000000 4
12025 0.000000 5
12028 1.000000 3
12032 1.000000 4
12035 1.000000 3
12038 1.000000 3
12041 1.000000 3
12046 0.000000 5
12049 1.000000 3
12054 0.000000 5
12057 1.000000 3
12061 -1.000000 4
12064 1.000000 3
12067 1.000000 3
12070 1.000000 3
12074 1.000000 4
12078 1.000000 4
12083 0.000000 5
12087 1.000000 4
12091 1.000000 4
12094 1.000000 3
12098 1.000000 4
12102 1.000000 4
12105 1.000000 3
12108 1.000000 3
12112 1.000000 4
12116 1.000000 4
12119 1.000000 3
12123 1.000000 4
12126 1.000000 3
12129 1.000000 3
12133 1.000000 4
12137 1.000000 4
12141 1.000000 4
12144 1.000000 3
12147 1.000000 3
12150 1.000000 3
12154 1.000000 4
12158 1.000000 4
12162 1.000000 4
12165 1.000000 3
12169 1.000000 4
12172 1.000000 3
12175 1.000000 3
12178 1.000000 3
12181 1.000000 3
12185 1.000000 4
12189 1.000000 4
12193 1.000000 4
12197 1.000000 4
12200 1.000000 3
12205 0.000000 5
12209 1.000000 4
12213 1.000000 4
12217 1.000000 4
12221 1.000000 4
12225 1.000000 4
12228 -1.000000 3
12231 1.000000 3
12234 1.000000 3
12238 1.000000 4
12241 1.000000 3
12245 1.000000 4
12249 1.000000 4
12253 1.000000 4
12258 0.000000 5
12261 1.000000 3
12265 1.000000 4
12269 1.000000 4
12273 1.000000 4
12277 1.000000 4
12281 1.000000 4
12285 1.000000 4
12288 1.000000 3
12291 1.000000 3
12295 1.000000 4
12299 1.000000 4
12303 1.000000 4
12308 0.000000 5
12312 1.000000 4
12315 1.000000 3
12318 1.000000 3
12321 1.000000 3
12325 1.000000 4
12328 1.000000 3
12331 1.000000 3
12335 1.000000 4
12338 1.000000 3
12343 0.000000 5
12347 1.000000 4
12350 -1.000000 3
12355 1.000000 5
12359 1.000000 4
12363 1.000000 4
12367 1.000000 4
12370 1.000000 3
12373 1.000000 3
12377 1.000000 4
12380 1.000000 3
12385 0.000000 5
12388 1.000000 3
12392 1.000000 4
12396 1.000000 4
12399 1.000000 3
12402 1.000000 3
12405 1.000000 3
12409 1.000000 4
12413 1.000000 4
12417 1.000000 4
12421 1.000000 4
12424 1.000000 3
12429 0.000000 5
12434 0.000000 5
12438 1.000000 4
12442 1.000000 4
12445 1.000000 3
12448 1.000000 3
12452 1.000000 4
12456 1.000000 4
12459 1.000000 3
12463 1.000000 4
12467 -1.000000 4
12471 1.000000 4
12475 1.000000 4
12479 1.000000 4
12483 1.000000 4
12487 1.000000 4
12490 -1.000000 3
12494 1.000000 4
12497 1.000000 3
12500 1.000000 3
12503 1.000000 3
12506 1.000000 3
12510 1.000000 4
12513 -1.000000 3
12516 1.000000 3
12520 1.000000 4
12524 1.000000 4
12528 1.000000 4
12531 1.000000 3
12534 -1.000000 3
12538 1.000000 4
12541 1.000000 3
12546 1.000000 5
12550 1.000000 4
12553 1.000000 3
12557 1.000000 4
12561 -1.000000 4
12565 1.000000 4
12568 1.000000 3
12572 1.000000 4
12576 -1.000000 4
12581 0.000000 5
12584 -1.000000 3
12588 1.000000 4
12592 1.000000 4
12596 1.000000 4
12600 1.000000 4
12604 -1.000000 4
12607 -1.000000 3
12610 1.000000 3
12615 0.000000 5
12618 1.000000 3
12621 1.000000 3
12624 1.000000 3
12628 1.000000 4
12632 1.000000 4
12636 1.000000 4
12641 0.000000 5
12645 1.000000 4
12648 1.000000 3
12651 1.000000 3
12654 -1.000000 3
12658 1.000000 4
12661 1.000000 3
12664 1.000000 3
12667 1.000000 3
12672 0.000000 5
12675 1.000000 3
12678 -1.000000 3
12682 1.000000 4
12685 1.000000 3
12689 1.000000 4
12693 1.000000 4
12697 1.000000 4
12701 1.000000 4
12704 1.000000 3
12707 1.000000 3
12711 1.000000 4
12714 1.000000 3
12717 1.000000 3
12720 1.000000 3
12723 1.000000 3
12726 1.000000 3
12730 1.000000 4
12734 1.000000 4
12739 0.000000 5
12743 1.000000 4
12747 1.000000 4
12750 1.000000 3
12753 1.000000 3
12757 1.000000 4
12762 0.000000 5
12766 1.000000 4
12769 1.000000 3
12773 1.000000 4
12777 1.000000 4
12781 1.000000 4
12785 1.000000 4
12789 1.000000 4
12794 0.000000 5
12798 1.000000 4
12801 1.000000 3
12805 -1.000000 4
12809 1.000000 4
12813 1.000000 4
12817 1.000000 4
12821 1.000000 4
12824 1.000000 3
12827 -1.000000 3
12831 1.000000 4
12835 1.000000 4
12839 1.000000 4
12842 1.000000 3
12846 1.000000 4
12849 1.000000 3
12853 1.000000 4
12857 1.000000 4
12861 1.000000 4
12864 1.000000 3
12867 1.000000 3
12870 1.000000 3
12873 1.000000 3
12877 1.000000 4
12880 1.000000 3
12885 0.000000 5
12889 1.000000 4
12893 1.000000 4
12897 1.000000 4
12901 1.000000 4
12905 1.000000 4
12909 1.000000 4
12912 1.000000 3
12916 1.000000 4
12919 1.000000 3
12924 0.000000 5
12928 1.000000 4
12931 1.000000 3
12935 1.000000 4
12938 1.000000 3
12941 1.000000 3
12944 1.000000 3
12948 1.000000 4
12951 1.000000 3
12954 1.000000 3
12957 1.000000 3
12960 1.000000 3
12964 1.000000 4
12967 1.000000 3
12971 1.000000 4
12974 1.000000 3
12977 1.000000 3
12981 1.000000 4
12984 1.000000 3
12987 1.000000 3
12990 -1.000000 3
12994 1.000000 4
12998 1.000000 4
13001 -1.000000 3
13004 1.000000 3
