4 -1.000000 4
7 1.000000 3
10 1.000000 3
13 1.000000 3
17 1.000000 4
22 1.000000 5
26 1.000000 4
29 1.000000 3
33 -1.000000 4
38 1.000000 5
42 -1.000000 4
47 1.000000 5
50 1.000000 3
55 0.000000 5
59 -1.000000 4
63 1.000000 4
67 1.000000 4
72 1.000000 5
77 1.000000 5
82 0.000000 5
85 1.000000 3
88 -1.000000 3
92 -1.000000 4
95 -1.000000 3
98 1.000000 3
102 1.000000 4
106 1.000000 4
110 1.000000 4
114 1.000000 4
119 1.000000 5
123 1.000000 4
128 0.000000 5
132 -1.000000 4
137 1.000000 5
142 1.000000 5
147 0.000000 5
151 -1.000000 4
156 0.000000 5
161 1.000000 5
166 1.000000 5
170 1.000000 4
175 1.000000 5
179 -1.000000 4
182 1.000000 3
186 1.000000 4
190 1.000000 4
194 1.000000 4
198 -1.000000 4
202 -1.000000 4
207 1.000000 5
212 1.000000 5
215 1.000000 3
218 1.000000 3
223 0.000000 5
227 1.000000 4
232 1.000000 5
237 1.000000 5
242 1.000000 5
246 -1.000000 4
250 1.000000 4
253 -1.000000 3
258 0.000000 5
262 1.000000 4
265 -1.000000 3
268 1.000000 3
273 0.000000 5
277 1.000000 4
282 1.000000 5
287 0.000000 5
290 1.000000 3
294 1.000000 4
298 1.000000 4
303 0.000000 5
306 1.000000 3
311 0.000000 5
315 -1.000000 4
319 -1.000000 4
322 1.000000 3
327 1.000000 5
330 1.000000 3
335 0.000000 5
339 1.000000 4
344 1.000000 5
349 1.000000 5
354 1.000000 5
359 0.000000 5
363 1.000000 4
367 1.000000 4
371 -1.000000 4
374 1.000000 3
379 1.000000 5
383 1.000000 4
386 -1.000000 3
390 -1.000000 4
393 -1.000000 3
398 1.000000 5
403 1.000000 5
407 -1.000000 4
411 1.000000 4
416 1.000000 5
419 1.000000 3
424 0.000000 5
428 1.000000 4
431 -1.000000 3
434 -1.000000 3
439 0.000000 5
443 1.000000 4
448 0.000000 5
452 -1.000000 4
457 1.000000 5
461 1.000000 4
466 1.000000 5
470 -1.000000 4
474 -1.000000 4
479 0.000000 5
484 1.000000 5
488 1.000000 4
491 1.000000 3
494 1.000000 3
498 1.000000 4
501 1.000000 3
505 1.000000 4
509 -1.000000 4
513 1.000000 4
517 1.000000 4
522 0.000000 5
527 0.000000 5
531 1.000000 4
536 1.000000 5
540 1.000000 4
544 1.000000 4
548 1.000000 4
551 1.000000 3
555 -1.000000 4
559 -1.000000 4
564 1.000000 5
569 1.000000 5
574 1.000000 5
579 1.000000 5
583 1.000000 4
588 0.000000 5
593 1.000000 5
596 -1.000000 3
599 1.000000 3
604 0.000000 5
607 1.000000 3
611 -1.000000 4
614 -1.000000 3
618 1.000000 4
622 1.000000 4
626 1.000000 4
631 1.000000 5
634 -1.000000 3
638 -1.000000 4
642 -1.000000 4
646 1.000000 4
651 1.000000 5
655 1.000000 4
658 -1.000000 3
663 1.000000 5
666 1.000000 3
669 1.000000 3
674 1.000000 5
677 -1.000000 3
682 1.000000 5
687 1.000000 5
691 -1.000000 4
695 1.000000 4
699 -1.000000 4
704 1.000000 5
708 -1.000000 4
712 -1.000000 4
717 1.000000 5
721 1.000000 4
725 1.000000 4
728 1.000000 3
732 1.000000 4
736 1.000000 4
741 0.000000 5
744 1.000000 3
748 1.000000 4
753 1.000000 5
756 1.000000 3
759 1.000000 3
763 1.000000 4
766 1.000000 3
771 0.000000 5
774 1.000000 3
778 1.000000 4
781 -1.000000 3
785 1.000000 4
790 0.000000 5
794 -1.000000 4
799 1.000000 5
803 -1.000000 4
807 1.000000 4
812 1.000000 5
817 0.000000 5
821 1.000000 4
826 1.000000 5
830 1.000000 4
834 -1.000000 4
837 -1.000000 3
840 1.000000 3
845 1.000000 5
849 1.000000 4
854 1.000000 5
858 1.000000 4
863 1.000000 5
867 1.000000 4
871 -1.000000 4
875 1.000000 4
880 1.000000 5
885 1.000000 5
890 1.000000 5
895 1.000000 5
900 0.000000 5
904 -1.000000 4
909 0.000000 5
914 1.000000 5
919 1.000000 5
923 -1.000000 4
928 0.000000 5
932 1.000000 4
937 1.000000 5
940 1.000000 3
944 1.000000 4
948 1.000000 4
953 0.000000 5
957 1.000000 4
962 1.000000 5
966 -1.000000 4
970 1.000000 4
974 -1.000000 4
979 1.000000 5
983 -1.000000 4
987 -1.000000 4
992 0.000000 5
997 0.000000 5
1000 1.000000 3
1003 1.000000 3
1006 -1.000000 3
1011 0.000000 5
1014 -1.000000 3
1018 1.000000 4
1023 0.000000 5
1027 1.000000 4
1031 1.000000 4
1036 1.000000 5
1040 1.000000 4
1044 1.000000 4
1049 1.000000 5
1053 1.000000 4
1058 1.000000 5
1063 1.000000 5
1068 1.000000 5
1072 1.000000 4
1076 1.000000 4
1079 1.000000 3
1082 -1.000000 3
1085 1.000000 3
1090 1.000000 5
1095 0.000000 5
1099 -1.000000 4
1104 1.000000 5
1108 1.000000 4
1112 1.000000 4
1117 1.000000 5
1120 1.000000 3
1125 0.000000 5
1129 1.000000 4
1134 1.000000 5
1137 1.000000 3
1142 1.000000 5
1147 1.000000 5
1152 1.000000 5
1156 1.000000 4
1161 0.000000 5
1165 -1.000000 4
1169 -1.000000 4
1172 1.000000 3
1175 1.000000 3
1180 1.000000 5
1184 -1.000000 4
1189 0.000000 5
1194 1.000000 5
1199 1.000000 5
1204 1.000000 5
1208 1.000000 4
1212 -1.000000 4
1217 1.000000 5
1221 1.000000 4
1224 1.000000 3
1228 -1.000000 4
1233 1.000000 5
1238 1.000000 5
1243 1.000000 5
1247 1.000000 4
1252 1.000000 5
1256 1.000000 4
1260 1.000000 4
1265 1.000000 5
1270 1.000000 5
1275 0.000000 5
1279 -1.000000 4
1283 -1.000000 4
1286 1.000000 3
1289 1.000000 3
1294 1.000000 5
1297 -1.000000 3
1300 -1.000000 3
1304 1.000000 4
1308 -1.000000 4
1313 1.000000 5
1317 -1.000000 4
1322 1.000000 5
1327 0.000000 5
1331 1.000000 4
1336 1.000000 5
1341 1.000000 5
1346 1.000000 5
1351 0.000000 5
1355 1.000000 4
1358 -1.000000 3
1362 -1.000000 4
1367 0.000000 5
1371 -1.000000 4
1376 1.000000 5
1380 1.000000 4
1384 -1.000000 4
1389 0.000000 5
1394 1.000000 5
1398 1.000000 4
1402 -1.000000 4
1406 -1.000000 4
1410 1.000000 4
1414 -1.000000 4
1419 0.000000 5
1422 1.000000 3
1425 1.000000 3
1429 1.000000 4
1434 1.000000 5
1439 0.000000 5
1443 1.000000 4
1447 -1.000000 4
1451 1.000000 4
1455 -1.000000 4
1459 1.000000 4
1463 1.000000 4
1468 1.000000 5
1471 -1.000000 3
1474 1.000000 3
1479 1.000000 5
1484 1.000000 5
1488 1.000000 4
1492 1.000000 4
1495 1.000000 3
1499 -1.000000 4
1503 1.000000 4
1507 1.000000 4
1511 1.000000 4
1516 1.000000 5
1521 0.000000 5
1525 -1.000000 4
1530 0.000000 5
1535 1.000000 5
1538 1.000000 3
1543 1.000000 5
1547 1.000000 4
1551 -1.000000 4
1556 1.000000 5
1561 1.000000 5
1566 0.000000 5
1569 -1.000000 3
1574 1.000000 5
1579 0.000000 5
1583 -1.000000 4
1588 0.000000 5
1591 -1.000000 3
1595 1.000000 4
1598 1.000000 3
1603 0.000000 5
1606 -1.000000 3
1610 1.000000 4
1614 1.000000 4
1618 -1.000000 4
1622 1.000000 4
1627 1.000000 5
1632 0.000000 5
1637 1.000000 5
1641 -1.000000 4
1644 -1.000000 3
1647 1.000000 3
1652 1.000000 5
1656 1.000000 4
1661 0.000000 5
1666 1.000000 5
1669 1.000000 3
1674 0.000000 5
1678 -1.000000 4
1682 1.000000 4
1687 0.000000 5
1691 1.000000 4
1695 -1.000000 4
1698 1.000000 3
1701 1.000000 3
1705 -1.000000 4
1709 -1.000000 4
1712 1.000000 3
1717 0.000000 5
1720 1.000000 3
1724 1.000000 4
1729 0.000000 5
1734 0.000000 5
1737 1.000000 3
1740 -1.000000 3
1745 0.000000 5
1749 1.000000 4
1753 -1.000000 4
1757 1.000000 4
1760 1.000000 3
1764 1.000000 4
1768 -1.000000 4
1772 -1.000000 4
1777 0.000000 5
1781 -1.000000 4
1786 0.000000 5
1791 1.000000 5
1795 1.000000 4
1799 1.000000 4
1803 1.000000 4
1808 0.000000 5
1811 1.000000 3
1815 1.000000 4
1820 1.000000 5
1824 -1.000000 4
1827 1.000000 3
1831 1.000000 4
1836 1.000000 5
1840 1.000000 4
1844 1.000000 4
1849 0.000000 5
1853 1.000000 4
1857 1.000000 4
1860 -1.000000 3
1864 1.000000 4
1867 1.000000 3
1870 -1.000000 3
1873 -1.000000 3
1877 -1.000000 4
1882 1.000000 5
1885 -1.000000 3
1888 1.000000 3
1892 -1.000000 4
1896 1.000000 4
1900 -1.000000 4
1904 1.000000 4
1907 -1.000000 3
1912 0.000000 5
1917 1.000000 5
1922 1.000000 5
1927 0.000000 5
1931 -1.000000 4
1935 1.000000 4
1940 0.000000 5
1945 1.000000 5
1949 1.000000 4
1954 1.000000 5
1959 1.000000 5
1964 1.000000 5
1968 -1.000000 4
1973 1.000000 5
1977 1.000000 4
1980 1.000000 3
1985 0.000000 5
1989 1.000000 4
1993 1.000000 4
1998 1.000000 5
2003 1.000000 5
2007 -1.000000 4
2011 -1.000000 4
2015 -1.000000 4
2018 1.000000 3
2023 1.000000 5
2028 1.000000 5
2031 1.000000 3
2036 0.000000 5
2040 1.000000 4
2045 1.000000 5
2050 1.000000 5
2055 1.000000 5
2059 1.000000 4
2064 0.000000 5
2068 1.000000 4
2072 1.000000 4
2076 1.000000 4
2080 1.000000 4
2084 -1.000000 4
2088 1.000000 4
2092 -1.000000 4
2096 1.000000 4
2101 0.000000 5
2105 1.000000 4
2110 1.000000 5
2114 1.000000 4
2119 0.000000 5
2124 1.000000 5
2128 -1.000000 4
2133 1.000000 5
2137 -1.000000 4
2140 1.000000 3
2145 1.000000 5
2149 -1.000000 4
2152 1.000000 3
2157 1.000000 5
2161 -1.000000 4
2165 -1.000000 4
2168 1.000000 3
2173 0.000000 5
2177 1.000000 4
2180 -1.000000 3
2183 1.000000 3
2186 1.000000 3
2190 1.000000 4
2194 1.000000 4
2198 1.000000 4
2201 1.000000 3
2205 -1.000000 4
2209 -1.000000 4
2213 1.000000 4
2218 0.000000 5
2222 1.000000 4
2226 -1.000000 4
2230 -1.000000 4
2233 -1.000000 3
2237 -1.000000 4
2241 -1.000000 4
2245 1.000000 4
2249 1.000000 4
2253 1.000000 4
2257 -1.000000 4
2261 -1.000000 4
2265 -1.000000 4
2268 1.000000 3
2272 -1.000000 4
2276 -1.000000 4
2281 1.000000 5
2284 -1.000000 3
2289 1.000000 5
2292 -1.000000 3
2297 1.000000 5
2300 1.000000 3
2305 1.000000 5
2309 -1.000000 4
2312 1.000000 3
2316 1.000000 4
2321 1.000000 5
2325 1.000000 4
2329 1.000000 4
2334 1.000000 5
2339 0.000000 5
2344 1.000000 5
2348 1.000000 4
2352 -1.000000 4
2356 1.000000 4
2359 -1.000000 3
2364 0.000000 5
2368 1.000000 4
2373 1.000000 5
2378 0.000000 5
2382 1.000000 4
2386 1.000000 4
2389 -1.000000 3
2392 -1.000000 3
2397 0.000000 5
2401 1.000000 4
2406 1.000000 5
2410 1.000000 4
2414 1.000000 4
2418 1.000000 4
2423 1.000000 5
2427 -1.000000 4
2431 1.000000 4
2434 1.000000 3
2438 1.000000 4
2442 1.000000 4
2446 -1.000000 4
2451 0.000000 5
2455 1.000000 4
2459 -1.000000 4
2464 1.000000 5
2469 1.000000 5
2473 1.000000 4
2477 -1.000000 4
2482 1.000000 5
2485 -1.000000 3
2489 -1.000000 4
2494 1.000000 5
2498 -1.000000 4
2502 1.000000 4
2507 1.000000 5
2512 1.000000 5
2517 1.000000 5
2522 1.000000 5
2525 1.000000 3
2530 1.000000 5
2534 1.000000 4
2539 1.000000 5
2542 1.000000 3
2546 1.000000 4
2550 1.000000 4
2554 1.000000 4
2557 1.000000 3
2560 -1.000000 3
2563 -1.000000 3
2568 0.000000 5
2573 1.000000 5
2576 -1.000000 3
2580 1.000000 4
2585 0.000000 5
2590 1.000000 5
2593 1.000000 3
2597 -1.000000 4
2602 0.000000 5
2605 1.000000 3
2610 1.000000 5
2614 -1.000000 4
2618 1.000000 4
2622 1.000000 4
2626 1.000000 4
2630 1.000000 4
2635 1.000000 5
2640 1.000000 5
2644 1.000000 4
2648 1.000000 4
2652 1.000000 4
2657 0.000000 5
2662 0.000000 5
2667 1.000000 5
2672 1.000000 5
2677 1.000000 5
2682 1.000000 5
2686 1.000000 4
2690 1.000000 4
2693 -1.000000 3
2697 -1.000000 4
2701 1.000000 4
2706 1.000000 5
2710 -1.000000 4
2714 1.000000 4
2718 -1.000000 4
2722 1.000000 4
2727 1.000000 5
2730 -1.000000 3
2734 -1.000000 4
2739 1.000000 5
2742 1.000000 3
2746 -1.000000 4
2749 -1.000000 3
2753 -1.000000 4
2757 1.000000 4
2761 -1.000000 4
2765 1.000000 4
2770 0.000000 5
2775 0.000000 5
2779 1.000000 4
2784 1.000000 5
2788 1.000000 4
2791 -1.000000 3
2795 1.000000 4
2799 -1.000000 4
2803 -1.000000 4
2807 1.000000 4
2810 -1.000000 3
2815 1.000000 5
2818 -1.000000 3
2823 1.000000 5
2826 1.000000 3
2830 -1.000000 4
2835 1.000000 5
2839 1.000000 4
2843 1.000000 4
2847 -1.000000 4
2851 1.000000 4
2854 1.000000 3
2857 1.000000 3
2861 1.000000 4
2866 0.000000 5
2870 1.000000 4
2873 -1.000000 3
2877 -1.000000 4
2881 1.000000 4
2884 1.000000 3
2887 1.000000 3
2890 1.000000 3
2894 1.000000 4
2899 1.000000 5
2903 1.000000 4
2908 1.000000 5
2911 1.000000 3
2914 -1.000000 3
2918 1.000000 4
2923 1.000000 5
2928 0.000000 5
2931 1.000000 3
2936 1.000000 5
2940 -1.000000 4
2945 1.000000 5
2948 1.000000 3
2952 1.000000 4
2956 -1.000000 4
2960 -1.000000 4
2964 -1.000000 4
2967 -1.000000 3
2972 1.000000 5
2977 1.000000 5
2982 1.000000 5
2987 1.000000 5
2991 -1.000000 4
2996 0.000000 5
3001 1.000000 5
3006 0.000000 5
3009 -1.000000 3
3013 -1.000000 4
3017 1.000000 4
3020 -1.000000 3
3024 -1.000000 4
3028 -1.000000 4
3032 1.000000 4
3036 1.000000 4
3041 1.000000 5
3045 1.000000 4
3049 1.000000 4
3054 0.000000 5
3058 1.000000 4
3063 1.000000 5
3068 1.000000 5
3072 1.000000 4
3075 1.000000 3
3080 0.000000 5
3084 -1.000000 4
3089 1.000000 5
3092 -1.000000 3
3096 -1.000000 4
3101 1.000000 5
3106 1.000000 5
3110 1.000000 4
3114 -1.000000 4
3117 -1.000000 3
3121 1.000000 4
3125 1.000000 4
3129 1.000000 4
3134 0.000000 5
3138 -1.000000 4
3142 1.000000 4
3147 0.000000 5
3151 1.000000 4
3155 1.000000 4
3159 -1.000000 4
3162 1.000000 3
3167 1.000000 5
3171 1.000000 4
3175 1.000000 4
3179 1.000000 4
3183 1.000000 4
3187 1.000000 4
3190 1.000000 3
3194 1.000000 4
3197 -1.000000 3
3201 1.000000 4
3204 -1.000000 3
3208 1.000000 4
3213 1.000000 5
3218 0.000000 5
3223 1.000000 5
3228 1.000000 5
3232 -1.000000 4
3236 1.000000 4
3240 -1.000000 4
3244 1.000000 4
3249 0.000000 5
3254 1.000000 5
3259 1.000000 5
3263 1.000000 4
3267 1.000000 4
3272 0.000000 5
3276 1.000000 4
3280 1.000000 4
3285 0.000000 5
3288 1.000000 3
3292 1.000000 4
3297 1.000000 5
3301 1.000000 4
3304 1.000000 3
3308 1.000000 4
3311 1.000000 3
3314 1.000000 3
3318 1.000000 4
3323 1.000000 5
3328 1.000000 5
3332 1.000000 4
3337 1.000000 5
3341 -1.000000 4
3345 1.000000 4
3350 1.000000 5
3354 1.000000 4
3357 -1.000000 3
3362 1.000000 5
3366 -1.000000 4
3370 1.000000 4
3375 1.000000 5
3380 1.000000 5
3383 -1.000000 3
3388 0.000000 5
3393 1.000000 5
3397 1.000000 4
3400 1.000000 3
3404 1.000000 4
3408 -1.000000 4
3412 1.000000 4
3416 1.000000 4
3419 -1.000000 3
3422 -1.000000 3
3427 0.000000 5
3432 1.000000 5
3436 1.000000 4
3441 1.000000 5
3446 0.000000 5
3449 -1.000000 3
3453 -1.000000 4
3458 1.000000 5
3462 -1.000000 4
3466 -1.000000 4
3470 1.000000 4
3475 0.000000 5
3479 -1.000000 4
3483 1.000000 4
3486 1.000000 3
3489 -1.000000 3
3494 0.000000 5
3499 1.000000 5
3504 0.000000 5
3508 1.000000 4
3512 1.000000 4
3517 0.000000 5
3522 0.000000 5
3525 1.000000 3
3528 -1.000000 3
3532 1.000000 4
3537 0.000000 5
3541 -1.000000 4
3546 1.000000 5
3550 1.000000 4
3553 1.000000 3
3557 1.000000 4
3560 1.000000 3
3565 0.000000 5
3570 0.000000 5
3574 1.000000 4
3578 1.000000 4
3582 1.000000 4
3585 -1.000000 3
3589 1.000000 4
3593 1.000000 4
3598 0.000000 5
3603 1.000000 5
3606 -1.000000 3
3609 1.000000 3
3612 1.000000 3
3615 1.000000 3
3620 1.000000 5
3624 -1.000000 4
3628 -1.000000 4
3633 1.000000 5
3637 1.000000 4
3642 1.000000 5
3647 1.000000 5
3651 1.000000 4
3655 1.000000 4
3659 -1.000000 4
3664 1.000000 5
3668 1.000000 4
3671 1.000000 3
3675 -1.000000 4
3679 1.000000 4
3684 0.000000 5
3689 1.000000 5
3693 1.000000 4
3696 -1.000000 3
3700 1.000000 4
3705 1.000000 5
3709 -1.000000 4
3714 1.000000 5
3718 -1.000000 4
3722 1.000000 4
3726 1.000000 4
3729 1.000000 3
3733 1.000000 4
3737 -1.000000 4
3742 1.000000 5
3746 1.000000 4
3751 0.000000 5
3755 1.000000 4
3759 -1.000000 4
3762 1.000000 3
3766 1.000000 4
3769 -1.000000 3
3774 1.000000 5
3777 1.000000 3
3781 -1.000000 4
3786 0.000000 5
3791 0.000000 5
3795 1.000000 4
3798 1.000000 3
3802 1.000000 4
3807 0.000000 5
3811 1.000000 4
3815 -1.000000 4
3820 1.000000 5
3824 1.000000 4
3829 1.000000 5
3833 1.000000 4
3838 0.000000 5
3842 1.000000 4
3847 1.000000 5
3851 -1.000000 4
3855 1.000000 4
3860 0.000000 5
3865 0.000000 5
3869 1.000000 4
3874 1.000000 5
3877 1.000000 3
3881 1.000000 4
3886 0.000000 5
3890 1.000000 4
3895 1.000000 5
3898 -1.000000 3
3903 0.000000 5
3908 0.000000 5
3913 1.000000 5
3918 0.000000 5
3921 -1.000000 3
3926 1.000000 5
3931 1.000000 5
3935 1.000000 4
3939 1.000000 4
3943 1.000000 4
3947 1.000000 4
3951 1.000000 4
3954 1.000000 3
3957 1.000000 3
3962 1.000000 5
3967 1.000000 5
3971 1.000000 4
3974 1.000000 3
3979 1.000000 5
3983 -1.000000 4
3986 -1.000000 3
3990 1.000000 4
3995 0.000000 5
3999 -1.000000 4
4002 1.000000 3
4005 1.000000 3
4009 1.000000 4
4013 1.000000 4
4017 1.000000 4
4022 0.000000 5
4026 1.000000 4
4030 1.000000 4
4034 -1.000000 4
4039 0.000000 5
4042 -1.000000 3
4047 0.000000 5
4051 1.000000 4
4054 1.000000 3
4059 1.000000 5
4064 1.000000 5
4067 1.000000 3
4070 1.000000 3
4075 1.000000 5
4079 1.000000 4
4084 0.000000 5
4087 -1.000000 3
4092 1.000000 5
4096 1.000000 4
4101 0.000000 5
4106 1.000000 5
4111 1.000000 5
4115 1.000000 4
4119 -1.000000 4
4123 -1.000000 4
4127 1.000000 4
4132 1.000000 5
4136 -1.000000 4
4141 1.000000 5
4144 -1.000000 3
4147 1.000000 3
4151 1.000000 4
4155 -1.000000 4
4158 -1.000000 3
4162 1.000000 4
4166 -1.000000 4
4170 1.000000 4
4174 -1.000000 4
4178 1.000000 4
4181 -1.000000 3
4185 1.000000 4
4189 -1.000000 4
4193 1.000000 4
4197 -1.000000 4
4201 1.000000 4
4205 -1.000000 4
4209 1.000000 4
4213 -1.000000 4
4218 1.000000 5
4223 0.000000 5
4226 -1.000000 3
4231 0.000000 5
4235 1.000000 4
4239 1.000000 4
4242 -1.000000 3
4247 0.000000 5
4251 -1.000000 4
4256 0.000000 5
4260 1.000000 4
4265 0.000000 5
4269 1.000000 4
4273 1.000000 4
4277 -1.000000 4
4281 -1.000000 4
4285 1.000000 4
4290 1.000000 5
4293 -1.000000 3
4297 -1.000000 4
4302 1.000000 5
4307 1.000000 5
4311 1.000000 4
4315 1.000000 4
4320 1.000000 5
4323 1.000000 3
4328 1.000000 5
4331 -1.000000 3
4336 0.000000 5
4340 1.000000 4
4345 0.000000 5
4350 0.000000 5
4354 -1.000000 4
4359 1.000000 5
4362 -1.000000 3
4365 -1.000000 3
4368 -1.000000 3
4371 -1.000000 3
4374 1.000000 3
4378 1.000000 4
4382 -1.000000 4
4386 -1.000000 4
4390 1.000000 4
4394 1.000000 4
4398 1.000000 4
4403 0.000000 5
4407 1.000000 4
4410 -1.000000 3
4415 1.000000 5
4419 1.000000 4
4422 -1.000000 3
4426 1.000000 4
4431 1.000000 5
4435 1.000000 4
4440 1.000000 5
4445 0.000000 5
4449 1.000000 4
4453 -1.000000 4
4458 0.000000 5
4461 1.000000 3
4465 -1.000000 4
4469 -1.000000 4
4474 1.000000 5
4478 -1.000000 4
4481 1.000000 3
4485 1.000000 4
4490 1.000000 5
4494 1.000000 4
4498 1.000000 4
4501 -1.000000 3
4505 -1.000000 4
4509 1.000000 4
4514 1.000000 5
4518 1.000000 4
4523 0.000000 5
4527 1.000000 4
4530 1.000000 3
4534 -1.000000 4
4537 -1.000000 3
4541 1.000000 4
4545 1.000000 4
4549 1.000000 4
4553 1.000000 4
4556 1.000000 3
4561 0.000000 5
4564 1.000000 3
4567 1.000000 3
4570 -1.000000 3
4574 1.000000 4
4578 -1.000000 4
4582 -1.000000 4
4586 1.000000 4
4589 -1.000000 3
4593 -1.000000 4
4597 1.000000 4
4602 1.000000 5
4606 -1.000000 4
4611 1.000000 5
4616 1.000000 5
4621 0.000000 5
4626 0.000000 5
4630 -1.000000 4
4635 1.000000 5
4638 1.000000 3
4641 1.000000 3
4644 1.000000 3
4649 1.000000 5
4654 1.000000 5
4659 1.000000 5
4664 1.000000 5
4667 1.000000 3
4671 1.000000 4
4674 1.000000 3
4678 -1.000000 4
4682 -1.000000 4
4685 -1.000000 3
4688 -1.000000 3
4693 1.000000 5
4697 1.000000 4
4701 1.000000 4
4705 1.000000 4
4709 -1.000000 4
4712 -1.000000 3
4716 1.000000 4
4720 -1.000000 4
4724 1.000000 4
4728 -1.000000 4
4733 0.000000 5
4738 1.000000 5
4742 1.000000 4
4747 1.000000 5
4751 1.000000 4
4755 -1.000000 4
4760 0.000000 5
4765 1.000000 5
4768 1.000000 3
4771 1.000000 3
4776 1.000000 5
4780 1.000000 4
4785 1.000000 5
4790 1.000000 5
4795 0.000000 5
4799 1.000000 4
4803 -1.000000 4
4807 1.000000 4
4812 1.000000 5
4817 1.000000 5
4821 1.000000 4
4825 -1.000000 4
4830 1.000000 5
4835 1.000000 5
4838 -1.000000 3
4842 -1.000000 4
4847 1.000000 5
4852 1.000000 5
4855 -1.000000 3
4859 -1.000000 4
4864 0.000000 5
4868 1.000000 4
4871 1.000000 3
4875 1.000000 4
4878 1.000000 3
4882 1.000000 4
4886 1.000000 4
4890 -1.000000 4
4894 -1.000000 4
4898 1.000000 4
4902 -1.000000 4
4905 1.000000 3
4910 0.000000 5
4914 1.000000 4
4918 1.000000 4
4922 -1.000000 4
4926 -1.000000 4
4930 -1.000000 4
4935 0.000000 5
4939 -1.000000 4
4942 -1.000000 3
4946 -1.000000 4
4951 1.000000 5
4956 1.000000 5
4960 1.000000 4
4964 1.000000 4
4968 1.000000 4
4973 1.000000 5
4977 -1.000000 4
4982 1.000000 5
4986 1.000000 4
4990 1.000000 4
4995 1.000000 5
5000 1.000000 5
5004 1.000000 4
5008 1.000000 4
5012 -1.000000 4
5017 0.000000 5
5022 0.000000 5
5027 1.000000 5
5031 -1.000000 4
5035 -1.000000 4
5039 -1.000000 4
5043 -1.000000 4
5048 1.000000 5
5053 1.000000 5
5056 1.000000 3
5060 1.000000 4
5065 0.000000 5
5069 1.000000 4
5072 -1.000000 3
5076 1.000000 4
5081 1.000000 5
5086 1.000000 5
5091 1.000000 5
5096 1.000000 5
5101 1.000000 5
5105 1.000000 4
5108 -1.000000 3
5113 1.000000 5
5117 1.000000 4
5121 1.000000 4
5126 1.000000 5
5129 -1.000000 3
5133 1.000000 4
5138 0.000000 5
5142 1.000000 4
5145 -1.000000 3
5149 1.000000 4
5154 1.000000 5
5158 1.000000 4
5163 0.000000 5
5168 0.000000 5
5173 1.000000 5
5176 -1.000000 3
5180 -1.000000 4
5183 -1.000000 3
5187 -1.000000 4
5191 1.000000 4
5195 1.000000 4
5199 -1.000000 4
5203 1.000000 4
5208 1.000000 5
5211 -1.000000 3
5215 -1.000000 4
5220 1.000000 5
5225 0.000000 5
5228 1.000000 3
5232 1.000000 4
5237 0.000000 5
5242 0.000000 5
5246 -1.000000 4
5251 0.000000 5
5256 1.000000 5
5261 1.000000 5
5264 1.000000 3
5267 1.000000 3
5271 1.000000 4
5276 1.000000 5
5281 1.000000 5
5286 0.000000 5
5291 0.000000 5
5295 -1.000000 4
5298 -1.000000 3
5301 -1.000000 3
5305 1.000000 4
5309 1.000000 4
5312 -1.000000 3
5317 1.000000 5
5321 1.000000 4
5326 1.000000 5
5329 -1.000000 3
5333 1.000000 4
5336 -1.000000 3
5339 -1.000000 3
5343 1.000000 4
5348 1.000000 5
5353 0.000000 5
5358 1.000000 5
5363 1.000000 5
5367 1.000000 4
5372 1.000000 5
5376 1.000000 4
5381 0.000000 5
5385 1.000000 4
5389 -1.000000 4
5393 -1.000000 4
5398 0.000000 5
5403 0.000000 5
5407 1.000000 4
5411 1.000000 4
5415 -1.000000 4
5419 -1.000000 4
5424 1.000000 5
5429 1.000000 5
5433 -1.000000 4
5437 -1.000000 4
5440 1.000000 3
5444 1.000000 4
5447 -1.000000 3
5452 0.000000 5
5456 -1.000000 4
5459 1.000000 3
5462 -1.000000 3
5467 1.000000 5
5472 1.000000 5
5475 -1.000000 3
5479 1.000000 4
5484 1.000000 5
5488 1.000000 4
5491 1.000000 3
5495 1.000000 4
5498 -1.000000 3
5502 1.000000 4
5507 0.000000 5
5512 0.000000 5
5516 -1.000000 4
5520 1.000000 4
5523 1.000000 3
5527 1.000000 4
5531 -1.000000 4
5536 0.000000 5
5541 1.000000 5
5545 -1.000000 4
5549 1.000000 4
5554 1.000000 5
5558 1.000000 4
5563 0.000000 5
5567 1.000000 4
5572 1.000000 5
5575 1.000000 3
5579 1.000000 4
5583 -1.000000 4
5587 1.000000 4
5592 1.000000 5
5597 1.000000 5
5602 0.000000 5
5607 0.000000 5
5611 -1.000000 4
5615 -1.000000 4
5619 1.000000 4
5622 1.000000 3
5625 -1.000000 3
5628 -1.000000 3
5633 0.000000 5
5637 1.000000 4
5642 1.000000 5
5645 1.000000 3
5650 1.000000 5
5655 1.000000 5
5660 1.000000 5
5663 -1.000000 3
5666 1.000000 3
5669 1.000000 3
5673 -1.000000 4
5677 1.000000 4
5681 1.000000 4
5686 0.000000 5
5690 -1.000000 4
5694 1.000000 4
5698 -1.000000 4
5702 -1.000000 4
5705 -1.000000 3
5709 1.000000 4
5714 0.000000 5
5718 -1.000000 4
5722 -1.000000 4
5727 0.000000 5
5731 1.000000 4
5735 -1.000000 4
5739 1.000000 4
5744 1.000000 5
5749 1.000000 5
5754 1.000000 5
5758 1.000000 4
5761 -1.000000 3
5765 1.000000 4
5769 1.000000 4
5774 0.000000 5
5778 -1.000000 4
5782 1.000000 4
5786 1.000000 4
5790 1.000000 4
5794 1.000000 4
5799 1.000000 5
5803 1.000000 4
5806 1.000000 3
5811 0.000000 5
5814 -1.000000 3
5817 1.000000 3
5821 1.000000 4
5826 0.000000 5
5831 1.000000 5
5836 0.000000 5
5839 1.000000 3
5844 1.000000 5
5847 1.000000 3
5852 1.000000 5
5857 1.000000 5
5862 1.000000 5
5866 1.000000 4
5869 -1.000000 3
5873 -1.000000 4
5877 -1.000000 4
5880 1.000000 3
5885 1.000000 5
5888 1.000000 3
5892 1.000000 4
5896 1.000000 4
5900 1.000000 4
5905 0.000000 5
5908 1.000000 3
5912 -1.000000 4
5916 -1.000000 4
5920 1.000000 4
5925 1.000000 5
5930 1.000000 5
5935 1.000000 5
5940 0.000000 5
5945 1.000000 5
5950 0.000000 5
5955 1.000000 5
5958 1.000000 3
5963 1.000000 5
5968 0.000000 5
5972 1.000000 4
5977 1.000000 5
5981 -1.000000 4
5986 0.000000 5
5990 1.000000 4
5994 1.000000 4
5998 1.000000 4
6001 1.000000 3
6006 1.000000 5
6010 -1.000000 4
6014 -1.000000 4
6018 -1.000000 4
6023 1.000000 5
6027 -1.000000 4
6030 1.000000 3
6033 1.000000 3
6038 0.000000 5
6042 -1.000000 4
6046 1.000000 4
6051 1.000000 5
6055 -1.000000 4
6059 1.000000 4
6064 0.000000 5
6067 1.000000 3
6071 -1.000000 4
6075 1.000000 4
6079 -1.000000 4
6083 1.000000 4
6087 1.000000 4
6091 1.000000 4
6095 -1.000000 4
6100 1.000000 5
6104 1.000000 4
6108 -1.000000 4
6112 -1.000000 4
6116 -1.000000 4
6121 1.000000 5
6126 1.000000 5
6131 1.000000 5
6134 1.000000 3
6138 -1.000000 4
6142 1.000000 4
6145 -1.000000 3
6150 0.000000 5
6154 1.000000 4
6158 1.000000 4
6161 1.000000 3
6165 1.000000 4
6169 1.000000 4
6174 1.000000 5
6178 -1.000000 4
6183 0.000000 5
6187 -1.000000 4
6190 -1.000000 3
6195 1.000000 5
6199 1.000000 4
6204 1.000000 5
6209 1.000000 5
6214 1.000000 5
6218 1.000000 4
6223 1.000000 5
6226 1.000000 3
6230 1.000000 4
6234 -1.000000 4
6239 0.000000 5
6242 1.000000 3
6246 1.000000 4
6249 -1.000000 3
6253 -1.000000 4
6258 1.000000 5
6261 -1.000000 3
6266 1.000000 5
6270 1.000000 4
6275 1.000000 5
6279 1.000000 4
6282 -1.000000 3
6285 1.000000 3
6288 -1.000000 3
6292 1.000000 4
6297 1.000000 5
6302 0.000000 5
6307 0.000000 5
6312 1.000000 5
6316 -1.000000 4
6320 -1.000000 4
6324 1.000000 4
6328 1.000000 4
6331 1.000000 3
6335 1.000000 4
6339 -1.000000 4
6343 1.000000 4
6347 1.000000 4
6350 1.000000 3
6355 1.000000 5
6360 0.000000 5
6365 1.000000 5
6370 1.000000 5
6374 -1.000000 4
6379 1.000000 5
6383 1.000000 4
6388 0.000000 5
6391 -1.000000 3
6395 -1.000000 4
6400 1.000000 5
6405 1.000000 5
6410 0.000000 5
6415 0.000000 5
6420 0.000000 5
6425 0.000000 5
6428 -1.000000 3
6431 -1.000000 3
6434 1.000000 3
6438 1.000000 4
6442 1.000000 4
6445 1.000000 3
6449 1.000000 4
6454 0.000000 5
6458 1.000000 4
6462 1.000000 4
6466 1.000000 4
6470 -1.000000 4
6473 -1.000000 3
6477 1.000000 4
6481 1.000000 4
6485 1.000000 4
6488 -1.000000 3
6492 1.000000 4
6495 1.000000 3
6499 1.000000 4
6504 0.000000 5
6508 1.000000 4
6512 -1.000000 4
6517 0.000000 5
6521 -1.000000 4
6526 1.000000 5
6530 1.000000 4
6533 1.000000 3
6538 1.000000 5
6543 1.000000 5
6547 -1.000000 4
6552 1.000000 5
6556 -1.000000 4
6560 1.000000 4
6563 1.000000 3
6568 1.000000 5
6571 1.000000 3
6575 1.000000 4
6579 -1.000000 4
6583 1.000000 4
6588 0.000000 5
6592 -1.000000 4
6597 1.000000 5
6601 -1.000000 4
6606 1.000000 5
6610 1.000000 4
6613 1.000000 3
6617 1.000000 4
6622 0.000000 5
6625 -1.000000 3
6630 1.000000 5
6634 1.000000 4
6638 1.000000 4
6642 -1.000000 4
6645 -1.000000 3
6648 -1.000000 3
6652 1.000000 4
6656 1.000000 4
6661 1.000000 5
6666 1.000000 5
6670 -1.000000 4
6674 1.000000 4
6679 1.000000 5
6682 -1.000000 3
6686 1.000000 4
6691 1.000000 5
6696 1.000000 5
6700 1.000000 4
6705 1.000000 5
6710 1.000000 5
6714 -1.000000 4
6718 -1.000000 4
6723 1.000000 5
6726 -1.000000 3
6730 1.000000 4
6734 1.000000 4
6739 1.000000 5
6743 -1.000000 4
6748 0.000000 5
6751 1.000000 3
6754 1.000000 3
6757 1.000000 3
6760 1.000000 3
6764 1.000000 4
6769 0.000000 5
6774 0.000000 5
6777 -1.000000 3
6780 1.000000 3
6784 1.000000 4
6788 -1.000000 4
6791 -1.000000 3
6796 1.000000 5
6800 -1.000000 4
6805 0.000000 5
6809 1.000000 4
6814 1.000000 5
6819 1.000000 5
6824 0.000000 5
6828 -1.000000 4
6833 0.000000 5
6838 0.000000 5
6843 1.000000 5
6848 1.000000 5
6851 1.000000 3
6855 1.000000 4
6860 0.000000 5
6863 1.000000 3
6868 1.000000 5
6871 1.000000 3
6874 -1.000000 3
6878 1.000000 4
6883 0.000000 5
6887 1.000000 4
6890 -1.000000 3
6894 1.000000 4
6898 1.000000 4
6903 1.000000 5
6908 1.000000 5
6911 1.000000 3
6915 -1.000000 4
6919 1.000000 4
6924 1.000000 5
6928 1.000000 4
6932 1.000000 4
6937 1.000000 5
6942 0.000000 5
6945 -1.000000 3
6949 1.000000 4
6954 0.000000 5
6957 -1.000000 3
6961 -1.000000 4
6965 1.000000 4
6970 1.000000 5
6974 1.000000 4
6979 1.000000 5
6982 -1.000000 3
6987 1.000000 5
6992 0.000000 5
6996 1.000000 4
6999 1.000000 3
7003 1.000000 4
7007 -1.000000 4
7012 1.000000 5
7016 1.000000 4
7019 -1.000000 3
7023 1.000000 4
7027 1.000000 4
7032 0.000000 5
7036 -1.000000 4
7040 1.000000 4
7045 0.000000 5
7050 0.000000 5
7053 1.000000 3
7057 -1.000000 4
7062 0.000000 5
7066 -1.000000 4
7071 1.000000 5
7074 1.000000 3
7079 1.000000 5
7083 1.000000 4
7087 1.000000 4
7090 1.000000 3
7093 1.000000 3
7096 1.000000 3
7101 1.000000 5
7104 -1.000000 3
7108 1.000000 4
7111 1.000000 3
7115 1.000000 4
7120 1.000000 5
7123 1.000000 3
7128 0.000000 5
7133 1.000000 5
7138 1.000000 5
7143 1.000000 5
7148 1.000000 5
7151 1.000000 3
7156 0.000000 5
7159 -1.000000 3
7163 1.000000 4
7167 1.000000 4
7170 -1.000000 3
7174 1.000000 4
7178 1.000000 4
7181 -1.000000 3
7185 -1.000000 4
7189 1.000000 4
7193 -1.000000 4
7198 1.000000 5
7202 1.000000 4
7207 0.000000 5
7211 1.000000 4
7216 1.000000 5
7220 1.000000 4
7224 -1.000000 4
7228 1.000000 4
7233 1.000000 5
7237 1.000000 4
7240 1.000000 3
7245 0.000000 5
7250 0.000000 5
7255 1.000000 5
7259 -1.000000 4
7264 0.000000 5
7268 -1.000000 4
7272 1.000000 4
7275 -1.000000 3
7279 1.000000 4
7283 -1.000000 4
7287 -1.000000 4
7291 1.000000 4
7296 0.000000 5
7301 0.000000 5
7306 1.000000 5
7310 -1.000000 4
7314 1.000000 4
7319 1.000000 5
7323 1.000000 4
7326 1.000000 3
7329 -1.000000 3
7333 -1.000000 4
7338 1.000000 5
7342 1.000000 4
7345 1.000000 3
7348 -1.000000 3
7351 1.000000 3
7355 -1.000000 4
7360 1.000000 5
7365 0.000000 5
7369 1.000000 4
7373 1.000000 4
7377 1.000000 4
7381 1.000000 4
7385 1.000000 4
7388 1.000000 3
7393 0.000000 5
7397 -1.000000 4
7400 -1.000000 3
7404 -1.000000 4
7408 -1.000000 4
7413 1.000000 5
7417 1.000000 4
7421 1.000000 4
7426 1.000000 5
7430 -1.000000 4
7433 1.000000 3
7437 -1.000000 4
7442 1.000000 5
7447 1.000000 5
7451 1.000000 4
7454 -1.000000 3
7458 -1.000000 4
7463 1.000000 5
7466 1.000000 3
7471 1.000000 5
7475 1.000000 4
7479 1.000000 4
7482 -1.000000 3
7485 1.000000 3
7489 1.000000 4
7494 1.000000 5
7498 1.000000 4
7503 1.000000 5
7507 1.000000 4
7511 1.000000 4
7514 -1.000000 3
7518 1.000000 4
7521 1.000000 3
7526 1.000000 5
7529 1.000000 3
7533 1.000000 4
7538 1.000000 5
7542 1.000000 4
7547 0.000000 5
7552 0.000000 5
7556 -1.000000 4
7560 1.000000 4
7564 1.000000 4
7567 -1.000000 3
7572 0.000000 5
7577 0.000000 5
7581 -1.000000 4
7585 1.000000 4
7590 1.000000 5
7593 -1.000000 3
7598 1.000000 5
7603 1.000000 5
7606 -1.000000 3
7610 1.000000 4
7615 1.000000 5
7619 -1.000000 4
7623 -1.000000 4
7627 -1.000000 4
7631 1.000000 4
7636 0.000000 5
7641 1.000000 5
7646 1.000000 5
7651 0.000000 5
7655 -1.000000 4
7658 1.000000 3
7663 0.000000 5
7666 1.000000 3
7670 -1.000000 4
7675 0.000000 5
7679 -1.000000 4
7682 1.000000 3
7686 1.000000 4
7690 1.000000 4
7694 1.000000 4
7699 0.000000 5
7703 1.000000 4
7707 1.000000 4
7712 1.000000 5
7715 1.000000 3
7719 -1.000000 4
7723 1.000000 4
7727 -1.000000 4
7730 -1.000000 3
7734 1.000000 4
7739 0.000000 5
7743 1.000000 4
7747 -1.000000 4
7751 1.000000 4
7755 1.000000 4
7760 1.000000 5
7764 1.000000 4
7767 1.000000 3
7772 1.000000 5
7777 1.000000 5
7782 1.000000 5
7787 1.000000 5
7792 1.000000 5
7795 1.000000 3
7799 -1.000000 4
7803 1.000000 4
7806 1.000000 3
7811 1.000000 5
7814 -1.000000 3
7818 1.000000 4
7821 1.000000 3
7826 1.000000 5
7829 1.000000 3
7833 1.000000 4
7838 0.000000 5
7842 1.000000 4
7847 1.000000 5
7851 1.000000 4
7856 1.000000 5
7861 1.000000 5
7866 1.000000 5
7870 -1.000000 4
7875 1.000000 5
7878 1.000000 3
7881 1.000000 3
7886 1.000000 5
7891 0.000000 5
7896 0.000000 5
7899 -1.000000 3
7903 1.000000 4
7907 -1.000000 4
7912 0.000000 5
7916 -1.000000 4
7920 1.000000 4
7924 1.000000 4
7927 -1.000000 3
7932 1.000000 5
7936 -1.000000 4
7940 1.000000 4
7944 1.000000 4
7948 1.000000 4
7952 1.000000 4
7955 1.000000 3
7960 1.000000 5
7964 -1.000000 4
7968 -1.000000 4
7972 -1.000000 4
7977 1.000000 5
7982 0.000000 5
7985 1.000000 3
7989 1.000000 4
7992 -1.000000 3
7996 -1.000000 4
8001 1.000000 5
8005 1.000000 4
8009 1.000000 4
8013 1.000000 4
8016 1.000000 3
8020 -1.000000 4
8024 1.000000 4
8028 1.000000 4
8033 1.000000 5
8038 1.000000 5
8042 1.000000 4
8045 1.000000 3
8049 -1.000000 4
8053 1.000000 4
8058 0.000000 5
8063 1.000000 5
8067 1.000000 4
8072 0.000000 5
8076 -1.000000 4
8081 0.000000 5
8085 -1.000000 4
8089 1.000000 4
8093 1.000000 4
8097 1.000000 4
8102 0.000000 5
8107 1.000000 5
8112 0.000000 5
8116 1.000000 4
8120 1.000000 4
8124 1.000000 4
8128 1.000000 4
8132 -1.000000 4
8136 -1.000000 4
8140 1.000000 4
8144 1.000000 4
8149 0.000000 5
8153 -1.000000 4
8157 1.000000 4
8162 1.000000 5
8166 -1.000000 4
8171 0.000000 5
8175 1.000000 4
8178 -1.000000 3
8183 1.000000 5
8187 1.000000 4
8192 1.000000 5
8196 1.000000 4
8201 1.000000 5
8206 0.000000 5
8210 1.000000 4
8213 1.000000 3
8216 1.000000 3
8220 -1.000000 4
8223 -1.000000 3
8226 -1.000000 3
8231 1.000000 5
8234 1.000000 3
8238 1.000000 4
8243 1.000000 5
8246 1.000000 3
8251 1.000000 5
8256 1.000000 5
8260 -1.000000 4
8263 -1.000000 3
8268 0.000000 5
8271 1.000000 3
8276 0.000000 5
8280 1.000000 4
8285 0.000000 5
8289 -1.000000 4
8294 1.000000 5
8297 1.000000 3
8302 0.000000 5
8306 1.000000 4
8309 1.000000 3
8314 1.000000 5
8319 1.000000 5
8323 1.000000 4
8327 1.000000 4
8330 -1.000000 3
8335 1.000000 5
8340 0.000000 5
8343 1.000000 3
8348 0.000000 5
8353 1.000000 5
8357 1.000000 4
8361 1.000000 4
8365 1.000000 4
8370 1.000000 5
8374 1.000000 4
8377 -1.000000 3
8382 1.000000 5
8386 -1.000000 4
8389 1.000000 3
8392 1.000000 3
8396 -1.000000 4
8400 1.000000 4
8405 1.000000 5
8410 0.000000 5
8413 -1.000000 3
8417 1.000000 4
8420 1.000000 3
8423 -1.000000 3
8428 0.000000 5
8432 -1.000000 4
8436 1.000000 4
8441 1.000000 5
8445 1.000000 4
8449 1.000000 4
8453 -1.000000 4
8458 1.000000 5
8462 1.000000 4
8467 1.000000 5
8472 0.000000 5
8476 -1.000000 4
8480 1.000000 4
8484 1.000000 4
8489 1.000000 5
8493 1.000000 4
8498 1.000000 5
8502 1.000000 4
8507 1.000000 5
8511 1.000000 4
8514 1.000000 3
8517 -1.000000 3
8522 1.000000 5
8526 1.000000 4
8529 -1.000000 3
8534 0.000000 5
8539 1.000000 5
8544 0.000000 5
8548 1.000000 4
8551 -1.000000 3
8556 1.000000 5
8560 -1.000000 4
8564 1.000000 4
8568 1.000000 4
8571 1.000000 3
8575 -1.000000 4
8579 1.000000 4
8583 1.000000 4
8587 1.000000 4
8590 1.000000 3
8594 -1.000000 4
8599 0.000000 5
8602 1.000000 3
8606 1.000000 4
8610 1.000000 4
8614 -1.000000 4
8618 -1.000000 4
8622 -1.000000 4
8626 1.000000 4
8631 1.000000 5
8635 1.000000 4
8640 1.000000 5
8645 1.000000 5
8649 -1.000000 4
8653 -1.000000 4
8657 1.000000 4
8660 1.000000 3
8664 1.000000 4
8669 0.000000 5
8672 -1.000000 3
8677 1.000000 5
8681 1.000000 4
8684 -1.000000 3
8688 -1.000000 4
8691 1.000000 3
8695 1.000000 4
8700 0.000000 5
8704 -1.000000 4
8708 1.000000 4
8712 -1.000000 4
8716 -1.000000 4
8721 1.000000 5
8725 1.000000 4
8730 1.000000 5
8734 -1.000000 4
8739 1.000000 5
8743 -1.000000 4
8747 1.000000 4
8751 -1.000000 4
8755 1.000000 4
8760 1.000000 5
8764 -1.000000 4
8769 0.000000 5
8772 1.000000 3
8775 -1.000000 3
8780 1.000000 5
8783 1.000000 3
8788 1.000000 5
8793 1.000000 5
8797 1.000000 4
8800 1.000000 3
8804 1.000000 4
8808 -1.000000 4
8812 1.000000 4
8816 1.000000 4
8820 1.000000 4
8824 -1.000000 4
8828 1.000000 4
8832 1.000000 4
8836 1.000000 4
8840 1.000000 4
8844 1.000000 4
8849 1.000000 5
8853 -1.000000 4
8856 -1.000000 3
8859 -1.000000 3
8863 1.000000 4
8868 0.000000 5
8872 1.000000 4
8876 1.000000 4
8880 1.000000 4
8885 1.000000 5
8890 1.000000 5
8895 0.000000 5
8900 0.000000 5
8903 -1.000000 3
8906 -1.000000 3
8911 1.000000 5
8915 -1.000000 4
8919 1.000000 4
8923 1.000000 4
8927 -1.000000 4
8932 1.000000 5
8936 1.000000 4
8940 1.000000 4
8943 1.000000 3
8946 1.000000 3
8950 1.000000 4
8954 -1.000000 4
8958 1.000000 4
8963 0.000000 5
8967 1.000000 4
8970 1.000000 3
8974 -1.000000 4
8977 1.000000 3
8981 1.000000 4
8986 1.000000 5
8991 0.000000 5
8994 -1.000000 3
8998 -1.000000 4
9003 1.000000 5
9007 1.000000 4
9011 1.000000 4
9015 1.000000 4
9018 -1.000000 3
9022 1.000000 4
9025 -1.000000 3
9029 1.000000 4
9033 -1.000000 4
9036 -1.000000 3
9041 1.000000 5
9045 1.000000 4
9049 1.000000 4
9052 1.000000 3
9057 1.000000 5
9061 1.000000 4
9066 1.000000 5
9070 1.000000 4
9073 1.000000 3
9078 1.000000 5
9082 1.000000 4
9086 1.000000 4
9090 1.000000 4
9094 1.000000 4
9098 1.000000 4
9102 1.000000 4
9105 -1.000000 3
9109 1.000000 4
9113 1.000000 4
9117 -1.000000 4
9122 1.000000 5
9127 1.000000 5
9131 -1.000000 4
9135 1.000000 4
9139 1.000000 4
9143 1.000000 4
9146 1.000000 3
9150 1.000000 4
9153 -1.000000 3
9158 0.000000 5
9162 1.000000 4
9166 1.000000 4
9171 1.000000 5
9175 1.000000 4
9178 1.000000 3
9183 0.000000 5
9187 1.000000 4
9192 0.000000 5
9197 1.000000 5
9202 1.000000 5
9207 1.000000 5
9211 1.000000 4
9214 -1.000000 3
9218 1.000000 4
9222 1.000000 4
9225 -1.000000 3
9229 1.000000 4
9232 1.000000 3
9235 -1.000000 3
9238 1.000000 3
9243 1.000000 5
9248 0.000000 5
9253 0.000000 5
9258 1.000000 5
9262 1.000000 4
9266 1.000000 4
9271 1.000000 5
9275 1.000000 4
9278 -1.000000 3
9283 1.000000 5
9286 -1.000000 3
9291 0.000000 5
9296 0.000000 5
9299 -1.000000 3
9304 0.000000 5
9309 1.000000 5
9314 1.000000 5
9319 1.000000 5
9323 -1.000000 4
9328 0.000000 5
9333 0.000000 5
9336 1.000000 3
9339 1.000000 3
9343 -1.000000 4
9346 1.000000 3
9350 -1.000000 4
9354 1.000000 4
9358 1.000000 4
9362 1.000000 4
9367 1.000000 5
9371 1.000000 4
9375 -1.000000 4
9379 -1.000000 4
9384 1.000000 5
9388 1.000000 4
9391 1.000000 3
9396 0.000000 5
9399 1.000000 3
9402 -1.000000 3
9405 -1.000000 3
9410 1.000000 5
9415 1.000000 5
9420 1.000000 5
9425 1.000000 5
9429 -1.000000 4
9433 1.000000 4
9437 1.000000 4
9442 1.000000 5
9447 0.000000 5
9452 1.000000 5
9457 0.000000 5
9461 1.000000 4
9465 1.000000 4
9470 1.000000 5
9475 1.000000 5
9480 0.000000 5
9484 -1.000000 4
9487 -1.000000 3
9490 -1.000000 3
9494 -1.000000 4
9497 -1.000000 3
9501 1.000000 4
9504 -1.000000 3
9507 -1.000000 3
9511 1.000000 4
9514 -1.000000 3
9519 1.000000 5
9524 0.000000 5
9528 1.000000 4
9531 1.000000 3
9535 -1.000000 4
9540 0.000000 5
9545 1.000000 5
9549 1.000000 4
9553 1.000000 4
9557 -1.000000 4
9561 -1.000000 4
9565 1.000000 4
9569 1.000000 4
9574 1.000000 5
9578 -1.000000 4
9582 -1.000000 4
9586 1.000000 4
9590 -1.000000 4
9594 1.000000 4
9598 1.000000 4
9602 -1.000000 4
9606 -1.000000 4
9611 0.000000 5
9616 0.000000 5
9620 -1.000000 4
9625 0.000000 5
9630 1.000000 5
9635 1.000000 5
9640 1.000000 5
9644 -1.000000 4
9649 1.000000 5
9653 1.000000 4
9657 1.000000 4
9661 -1.000000 4
9666 1.000000 5
9671 0.000000 5
9675 1.000000 4
9679 1.000000 4
9684 1.000000 5
9689 1.000000 5
9692 1.000000 3
9695 1.000000 3
9699 -1.000000 4
9704 0.000000 5
9708 1.000000 4
9712 -1.000000 4
9717 1.000000 5
9721 1.000000 4
9724 1.000000 3
9728 -1.000000 4
9732 1.000000 4
9736 -1.000000 4
9741 1.000000 5
9745 1.000000 4
9748 -1.000000 3
9752 1.000000 4
9755 1.000000 3
9758 -1.000000 3
9762 1.000000 4
9767 1.000000 5
9772 1.000000 5
9776 -1.000000 4
9780 -1.000000 4
9784 1.000000 4
9788 1.000000 4
9793 1.000000 5
9797 -1.000000 4
9801 1.000000 4
9805 -1.000000 4
9809 1.000000 4
9814 1.000000 5
9819 0.000000 5
9824 1.000000 5
9829 1.000000 5
9834 1.000000 5
9839 1.000000 5
9842 1.000000 3
9846 -1.000000 4
9850 1.000000 4
9854 -1.000000 4
9859 1.000000 5
9863 1.000000 4
9867 1.000000 4
9871 -1.000000 4
9874 1.000000 3
9879 0.000000 5
9883 -1.000000 4
9886 1.000000 3
9890 -1.000000 4
9894 1.000000 4
9898 -1.000000 4
9902 1.000000 4
9905 1.000000 3
9910 1.000000 5
9914 -1.000000 4
9917 -1.000000 3
9922 0.000000 5
9925 -1.000000 3
9929 1.000000 4
9934 1.000000 5
9939 1.000000 5
9943 -1.000000 4
9947 1.000000 4
9951 1.000000 4
9955 1.000000 4
9959 -1.000000 4
9964 1.000000 5
9967 1.000000 3
9971 1.000000 4
9976 1.000000 5
9981 1.000000 5
9985 1.000000 4
9988 1.000000 3
9992 1.000000 4
9997 1.000000 5
10002 1.000000 5
10005 -1.000000 3
10008 -1.000000 3
10011 -1.000000 3
10014 -1.000000 3
10017 -1.000000 3
10020 -1.000000 3
10023 -1.000000 3
10026 -1.000000 3
10029 -1.000000 3
10032 -1.000000 3
10035 -1.000000 3
10038 -1.000000 3
10041 -1.000000 3
10044 -1.000000 3
10047 -1.000000 3
10050 -1.000000 3
10053 -1.000000 3
10056 -1.000000 3
10059 -1.000000 3
10062 -1.000000 3
10065 -1.000000 3
10068 -1.000000 3
10071 -1.000000 3
10074 -1.000000 3
10077 -1.000000 3
10080 -1.000000 3
10083 -1.000000 3
10086 -1.000000 3
10089 -1.000000 3
10092 -1.000000 3
10095 -1.000000 3
10098 -1.000000 3
10101 -1.000000 3
10104 -1.000000 3
10107 -1.000000 3
10110 -1.000000 3
10113 -1.000000 3
10116 -1.000000 3
10119 -1.000000 3
10122 -1.000000 3
10125 -1.000000 3
10128 -1.000000 3
10131 -1.000000 3
10134 -1.000000 3
10137 -1.000000 3
10140 -1.000000 3
10143 -1.000000 3
10146 -1.000000 3
10149 -1.000000 3
10152 -1.000000 3
10155 -1.000000 3
10158 -1.000000 3
10161 -1.000000 3
10164 -1.000000 3
10167 -1.000000 3
10170 -1.000000 3
10173 -1.000000 3
10176 -1.000000 3
10179 -1.000000 3
10182 -1.000000 3
10185 -1.000000 3
10188 -1.000000 3
10191 -1.000000 3
10194 -1.000000 3
10197 -1.000000 3
10200 -1.000000 3
10203 -1.000000 3
10206 -1.000000 3
10209 -1.000000 3
10212 -1.000000 3
10215 -1.000000 3
10218 -1.000000 3
10221 -1.000000 3
10224 -1.000000 3
10227 -1.000000 3
10230 -1.000000 3
10233 -1.000000 3
10236 -1.000000 3
10239 -1.000000 3
10242 -1.000000 3
10245 -1.000000 3
10248 -1.000000 3
10251 -1.000000 3
10254 -1.000000 3
10257 -1.000000 3
10260 -1.000000 3
10263 -1.000000 3
10266 -1.000000 3
10269 -1.000000 3
10272 -1.000000 3
10275 -1.000000 3
10278 -1.000000 3
10281 -1.000000 3
10284 -1.000000 3
10287 -1.000000 3
10290 -1.000000 3
10293 -1.000000 3
10296 -1.000000 3
10299 -1.000000 3
10302 -1.000000 3
10305 -1.000000 3
10308 -1.000000 3
10311 -1.000000 3
10314 -1.000000 3
10317 -1.000000 3
10320 -1.000000 3
10323 -1.000000 3
10326 -1.000000 3
10329 -1.000000 3
10332 -1.000000 3
10335 -1.000000 3
10338 -1.000000 3
10341 -1.000000 3
10344 -1.000000 3
10347 -1.000000 3
10350 -1.000000 3
10353 -1.000000 3
10356 -1.000000 3
10359 -1.000000 3
10362 -1.000000 3
10365 -1.000000 3
10368 -1.000000 3
10371 -1.000000 3
10374 -1.000000 3
10377 -1.000000 3
10380 -1.000000 3
10383 -1.000000 3
10386 -1.000000 3
10389 -1.000000 3
10392 -1.000000 3
10395 -1.000000 3
10398 -1.000000 3
10401 -1.000000 3
10404 -1.000000 3
10407 -1.000000 3
10410 -1.000000 3
10413 -1.000000 3
10416 -1.000000 3
10419 -1.000000 3
10422 -1.000000 3
10425 -1.000000 3
10428 -1.000000 3
10431 -1.000000 3
10434 -1.000000 3
10437 -1.000000 3
10440 -1.000000 3
10443 -1.000000 3
10446 -1.000000 3
10449 -1.000000 3
10452 -1.000000 3
10455 -1.000000 3
10458 -1.000000 3
10461 -1.000000 3
10464 -1.000000 3
10467 -1.000000 3
10470 -1.000000 3
10473 -1.000000 3
10476 -1.000000 3
10479 -1.000000 3
10482 -1.000000 3
10485 -1.000000 3
10488 -1.000000 3
10491 -1.000000 3
10494 -1.000000 3
10497 -1.000000 3
10500 -1.000000 3
10503 -1.000000 3
10506 -1.000000 3
10509 -1.000000 3
10512 -1.000000 3
10515 -1.000000 3
10518 -1.000000 3
10521 -1.000000 3
10524 -1.000000 3
10527 -1.000000 3
10530 -1.000000 3
10533 -1.000000 3
10536 -1.000000 3
10539 -1.000000 3
10542 -1.000000 3
10545 -1.000000 3
10548 -1.000000 3
10551 -1.000000 3
10554 -1.000000 3
10557 -1.000000 3
10560 -1.000000 3
10563 -1.000000 3
10566 -1.000000 3
10569 -1.000000 3
10572 -1.000000 3
10575 -1.000000 3
10578 -1.000000 3
10581 -1.000000 3
10584 -1.000000 3
10587 -1.000000 3
10590 -1.000000 3
10593 -1.000000 3
10596 -1.000000 3
10599 -1.000000 3
10602 -1.000000 3
10605 -1.000000 3
10608 -1.000000 3
10611 -1.000000 3
10614 -1.000000 3
10617 -1.000000 3
10620 -1.000000 3
10623 -1.000000 3
10626 -1.000000 3
10629 -1.000000 3
10632 -1.000000 3
10635 -1.000000 3
10638 -1.000000 3
10641 -1.000000 3
10644 -1.000000 3
10647 -1.000000 3
10650 -1.000000 3
10653 -1.000000 3
10656 -1.000000 3
10659 -1.000000 3
10662 -1.000000 3
10665 -1.000000 3
10668 -1.000000 3
10671 -1.000000 3
10674 -1.000000 3
10677 -1.000000 3
10680 -1.000000 3
10683 -1.000000 3
10686 -1.000000 3
10689 -1.000000 3
10692 -1.000000 3
10695 -1.000000 3
10698 -1.000000 3
10701 -1.000000 3
10704 -1.000000 3
10707 -1.000000 3
10710 -1.000000 3
10713 -1.000000 3
10716 -1.000000 3
10719 -1.000000 3
10722 -1.000000 3
10725 -1.000000 3
10728 -1.000000 3
10731 -1.000000 3
10734 -1.000000 3
10737 -1.000000 3
10740 -1.000000 3
10743 -1.000000 3
10746 -1.000000 3
10749 -1.000000 3
10752 -1.000000 3
10755 -1.000000 3
10758 -1.000000 3
10761 -1.000000 3
10764 -1.000000 3
10767 -1.000000 3
10770 -1.000000 3
10773 -1.000000 3
10776 -1.000000 3
10779 -1.000000 3
10782 -1.000000 3
10785 -1.000000 3
10788 -1.000000 3
10791 -1.000000 3
10794 -1.000000 3
10797 -1.000000 3
10800 -1.000000 3
10803 -1.000000 3
10806 -1.000000 3
10809 -1.000000 3
10812 -1.000000 3
10815 -1.000000 3
10818 -1.000000 3
10821 -1.000000 3
10824 -1.000000 3
10827 -1.000000 3
10830 -1.000000 3
10833 -1.000000 3
10836 -1.000000 3
10839 -1.000000 3
10842 -1.000000 3
10845 -1.000000 3
10848 -1.000000 3
10851 -1.000000 3
10854 -1.000000 3
10857 -1.000000 3
10860 -1.000000 3
10863 -1.000000 3
10866 -1.000000 3
10869 -1.000000 3
10872 -1.000000 3
10875 -1.000000 3
10878 -1.000000 3
10881 -1.000000 3
10884 -1.000000 3
10887 -1.000000 3
10890 -1.000000 3
10893 -1.000000 3
10896 -1.000000 3
10899 -1.000000 3
10902 -1.000000 3
10905 -1.000000 3
10908 -1.000000 3
10911 -1.000000 3
10914 -1.000000 3
10917 -1.000000 3
10920 -1.000000 3
10923 -1.000000 3
10926 -1.000000 3
10929 -1.000000 3
10932 -1.000000 3
10935 -1.000000 3
10938 -1.000000 3
10941 -1.000000 3
10944 -1.000000 3
10947 -1.000000 3
10950 -1.000000 3
10953 -1.000000 3
10956 -1.000000 3
10959 -1.000000 3
10962 -1.000000 3
10965 -1.000000 3
10968 -1.000000 3
10971 -1.000000 3
10974 -1.000000 3
10977 -1.000000 3
10980 -1.000000 3
10983 -1.000000 3
10986 -1.000000 3
10989 -1.000000 3
10992 -1.000000 3
10995 -1.000000 3
10998 -1.000000 3
11001 -1.000000 3
11004 -1.000000 3
11008 1.000000 4
11013 1.000000 5
11016 -1.000000 3
11020 1.000000 4
11023 -1.000000 3
11026 1.000000 3
11029 1.000000 3
11032 1.000000 3
11037 0.000000 5
11040 -1.000000 3
11043 1.000000 3
11048 0.000000 5
11051 1.000000 3
11054 1.000000 3
11057 -1.000000 3
11060 1.000000 3
11063 1.000000 3
11067 1.000000 4
11070 1.000000 3
11073 1.000000 3
11077 1.000000 4
11082 0.000000 5
11085 1.000000 3
11088 1.000000 3
11092 1.000000 4
11097 0.000000 5
11100 1.000000 3
11103 1.000000 3
11106 1.000000 3
11109 -1.000000 3
11112 1.000000 3
11115 1.000000 3
11118 1.000000 3
11122 1.000000 4
11126 1.000000 4
11129 1.000000 3
11132 1.000000 3
11135 1.000000 3
11140 1.000000 5
11143 1.000000 3
11147 1.000000 4
11151 1.000000 4
11154 1.000000 3
11158 1.000000 4
11161 1.000000 3
11164 1.000000 3
11168 -1.000000 4
11171 1.000000 3
11174 -1.000000 3
11178 1.000000 4
11181 1.000000 3
11186 0.000000 5
11191 0.000000 5
11194 1.000000 3
11197 1.000000 3
11200 1.000000 3
11203 1.000000 3
11207 1.000000 4
11211 1.000000 4
11214 1.000000 3
11217 1.000000 3
11220 1.000000 3
11223 -1.000000 3
11226 1.000000 3
11230 1.000000 4
11234 1.000000 4
11237 1.000000 3
11240 1.000000 3
11243 1.000000 3
11246 1.000000 3
11249 1.000000 3
11252 1.000000 3
11255 1.000000 3
11258 -1.000000 3
11262 1.000000 4
11265 1.000000 3
11268 1.000000 3
11271 1.000000 3
11274 1.000000 3
11277 1.000000 3
11282 0.000000 5
11286 1.000000 4
11291 0.000000 5
11294 1.000000 3
11297 1.000000 3
11301 1.000000 4
11305 1.000000 4
11308 1.000000 3
11311 1.000000 3
11314 1.000000 3
11318 1.000000 4
11321 1.000000 3
11324 1.000000 3
11329 0.000000 5
11332 1.000000 3
11336 -1.000000 4
11339 1.000000 3
11342 1.000000 3
11345 -1.000000 3
11348 1.000000 3
11352 1.000000 4
11356 1.000000 4
11359 -1.000000 3
11363 1.000000 4
11367 1.000000 4
11370 1.000000 3
11373 1.000000 3
11378 0.000000 5
11381 1.000000 3
11385 1.000000 4
11388 -1.000000 3
11393 1.000000 5
11398 0.000000 5
11402 1.000000 4
11405 -1.000000 3
11409 -1.000000 4
11412 1.000000 3
11416 -1.000000 4
11419 1.000000 3
11422 1.000000 3
11425 1.000000 3
11428 1.000000 3
11431 1.000000 3
11434 1.000000 3
11439 0.000000 5
11442 1.000000 3
11446 1.000000 4
11449 1.000000 3
11452 1.000000 3
11456 1.000000 4
11459 1.000000 3
11462 1.000000 3
11465 1.000000 3
11470 0.000000 5
11474 1.000000 4
11477 -1.000000 3
11481 1.000000 4
11484 1.000000 3
11487 1.000000 3
11491 1.000000 4
11495 1.000000 4
11499 1.000000 4
11502 1.000000 3
11505 1.000000 3
11508 1.000000 3
11512 1.000000 4
11516 1.000000 4
11519 1.000000 3
11522 -1.000000 3
11525 1.000000 3
11529 1.000000 4
11532 1.000000 3
11535 1.000000 3
11538 1.000000 3
11541 1.000000 3
11544 1.000000 3
11547 -1.000000 3
11550 1.000000 3
11555 0.000000 5
11558 1.000000 3
11561 1.000000 3
11564 1.000000 3
11567 1.000000 3
11570 1.000000 3
11573 1.000000 3
11576 1.000000 3
11579 -1.000000 3
11583 -1.000000 4
11586 1.000000 3
11591 0.000000 5
11596 0.000000 5
11600 1.000000 4
11604 1.000000 4
11608 1.000000 4
11611 -1.000000 3
11614 1.000000 3
11617 1.000000 3
11620 1.000000 3
11623 1.000000 3
11628 0.000000 5
11632 1.000000 4
11635 1.000000 3
11639 1.000000 4
11643 1.000000 4
11647 1.000000 4
11650 1.000000 3
11653 1.000000 3
11656 1.000000 3
11660 1.000000 4
11664 1.000000 4
11667 1.000000 3
11671 1.000000 4
11675 1.000000 4
11678 1.000000 3
11681 1.000000 3
11684 1.000000 3
11689 0.000000 5
11692 1.000000 3
11696 1.000000 4
11700 1.000000 4
11703 1.000000 3
11706 -1.000000 3
11709 1.000000 3
11712 1.000000 3
11715 -1.000000 3
11718 1.000000 3
11721 1.000000 3
11724 -1.000000 3
11727 1.000000 3
11730 1.000000 3
11733 1.000000 3
11736 1.000000 3
11740 1.000000 4
11743 1.000000 3
11747 1.000000 4
11751 1.000000 4
11755 1.000000 4
11758 1.000000 3
11762 1.000000 4
11765 -1.000000 3
11768 1.000000 3
11772 1.000000 4
11775 1.000000 3
11779 1.000000 4
11782 1.000000 3
11785 1.000000 3
11789 1.000000 4
11792 1.000000 3
11795 1.000000 3
11798 1.000000 3
11801 1.000000 3
11804 1.000000 3
11807 1.000000 3
11810 1.000000 3
11814 1.000000 4
11818 1.000000 4
11821 1.000000 3
11824 1.000000 3
11827 1.000000 3
11830 1.000000 3
11833 1.000000 3
11838 0.000000 5
11843 0.000000 5
11846 1.000000 3
11851 0.000000 5
11854 1.000000 3
11859 1.000000 5
11862 1.000000 3
11866 1.000000 4
11869 1.000000 3
11874 0.000000 5
11878 1.000000 4
11881 1.000000 3
11885 1.000000 4
11888 1.000000 3
11891 1.000000 3
11895 1.000000 4
11899 1.000000 4
11904 0.000000 5
11907 1.000000 3
11910 1.000000 3
11914 1.000000 4
11917 1.000000 3
11920 1.000000 3
11923 -1.000000 3
11926 1.000000 3
11929 1.000000 3
11932 1.000000 3
11936 -1.000000 4
11940 1.000000 4
11943 1.000000 3
11946 1.000000 3
11950 1.000000 4
11953 1.000000 3
11957 1.000000 4
11961 1.000000 4
11965 1.000000 4
11968 1.000000 3
11971 1.000000 3
11974 1.000000 3
11978 1.000000 4
11981 1.000000 3
11985 1.000000 4
11988 1.000000 3
11991 1.000000 3
11994 1.000000 3
11998 1.000000 4
12003 0.000000 5
12006 1.000000 3
12011 0.000000 5
12015 1.000000 4
12018 1.000000 3
12022 1.000000 4
12025 1.000000 3
12028 1.000000 3
12031 1.000000 3
12034 1.000000 3
12037 1.000000 3
12040 1.000000 3
12045 0.000000 5
12049 1.000000 4
12052 1.000000 3
12056 1.000000 4
12059 1.000000 3
12063 1.000000 4
12066 1.000000 3
12069 1.000000 3
12072 1.000000 3
12075 1.000000 3
12079 -1.000000 4
12083 1.000000 4
12087 1.000000 4
12090 1.000000 3
12093 1.000000 3
12096 1.000000 3
12099 1.000000 3
12102 1.000000 3
12106 1.000000 4
12111 0.000000 5
12114 1.000000 3
12117 1.000000 3
12121 1.000000 4
12124 1.000000 3
12129 0.000000 5
12133 1.000000 4
12136 1.000000 3
12140 1.000000 4
12143 -1.000000 3
12147 1.000000 4
12150 1.000000 3
12154 1.000000 4
12158 1.000000 4
12162 1.000000 4
12165 1.000000 3
12168 1.000000 3
12171 1.000000 3
12174 1.000000 3
12177 1.000000 3
12180 1.000000 3
12183 1.000000 3
12187 1.000000 4
12190 -1.000000 3
12194 1.000000 4
12197 1.000000 3
12201 1.000000 4
12204 1.000000 3
12207 1.000000 3
12210 1.000000 3
12214 1.000000 4
12217 1.000000 3
12220 1.000000 3
12223 1.000000 3
12226 1.000000 3
12229 1.000000 3
12232 1.000000 3
12236 1.000000 4
12239 1.000000 3
12242 1.000000 3
12245 1.000000 3
12250 0.000000 5
12254 1.000000 4
12257 1.000000 3
12260 1.000000 3
12263 1.000000 3
12267 1.000000 4
12271 1.000000 4
12274 1.000000 3
12278 1.000000 4
12282 1.000000 4
12285 1.000000 3
12288 1.000000 3
12291 1.000000 3
12295 1.000000 4
12298 1.000000 3
12301 1.000000 3
12304 1.000000 3
12307 1.000000 3
12310 1.000000 3
12315 0.000000 5
12319 1.000000 4
12323 1.000000 4
12327 1.000000 4
12331 1.000000 4
12334 1.000000 3
12337 1.000000 3
12342 0.000000 5
12346 1.000000 4
12349 1.000000 3
12352 1.000000 3
12355 1.000000 3
12358 1.000000 3
12361 1.000000 3
12364 -1.000000 3
12367 1.000000 3
12371 1.000000 4
12374 1.000000 3
12377 1.000000 3
12382 0.000000 5
12385 1.000000 3
12388 1.000000 3
12391 1.000000 3
12395 1.000000 4
12399 1.000000 4
12402 1.000000 3
12407 0.000000 5
12411 1.000000 4
12414 1.000000 3
12419 1.000000 5
12423 1.000000 4
12427 -1.000000 4
12430 1.000000 3
12433 -1.000000 3
12437 1.000000 4
12441 1.000000 4
12444 1.000000 3
12447 1.000000 3
12450 1.000000 3
12453 1.000000 3
12456 1.000000 3
12459 1.000000 3
12462 1.000000 3
12465 1.000000 3
12468 1.000000 3
12471 1.000000 3
12475 1.000000 4
12478 1.000000 3
12483 0.000000 5
12488 1.000000 5
12491 1.000000 3
12494 1.000000 3
12497 1.000000 3
12500 1.000000 3
12503 1.000000 3
12507 1.000000 4
12510 1.000000 3
12514 1.000000 4
12518 1.000000 4
12521 1.000000 3
12524 1.000000 3
12527 1.000000 3
12530 1.000000 3
12534 1.000000 4
12538 -1.000000 4
12541 1.000000 3
12544 1.000000 3
12548 1.000000 4
12553 1.000000 5
12556 1.000000 3
12560 1.000000 4
12563 1.000000 3
12566 1.000000 3
12569 1.000000 3
12573 1.000000 4
12576 1.000000 3
12579 1.000000 3
12583 1.000000 4
12586 1.000000 3
12589 1.000000 3
12592 1.000000 3
12595 1.000000 3
12598 -1.000000 3
12601 1.000000 3
12604 1.000000 3
12609 0.000000 5
12614 0.000000 5
12617 1.000000 3
12620 1.000000 3
12623 1.000000 3
12626 1.000000 3
12629 1.000000 3
12632 1.000000 3
12635 1.000000 3
12638 1.000000 3
12642 1.000000 4
12645 1.000000 3
12649 1.000000 4
12653 1.000000 4
12656 1.000000 3
12659 -1.000000 3
12662 1.000000 3
12665 1.000000 3
12670 0.000000 5
12674 1.000000 4
12677 1.000000 3
12680 1.000000 3
12683 1.000000 3
12687 1.000000 4
12691 1.000000 4
12694 1.000000 3
12698 1.000000 4
12701 1.000000 3
12704 1.000000 3
12707 1.000000 3
12710 1.000000 3
12715 0.000000 5
12720 1.000000 5
12723 1.000000 3
12727 1.000000 4
12730 1.000000 3
12733 1.000000 3
12736 1.000000 3
12739 1.000000 3
12743 1.000000 4
12746 1.000000 3
12749 1.000000 3
12752 1.000000 3
12755 1.000000 3
12758 1.000000 3
12761 1.000000 3
12764 1.000000 3
12768 1.000000 4
12772 1.000000 4
12776 1.000000 4
12779 1.000000 3
12782 1.000000 3
12785 1.000000 3
12788 1.000000 3
12791 1.000000 3
12795 1.000000 4
12798 1.000000 3
12801 1.000000 3
12805 -1.000000 4
12809 1.000000 4
12812 1.000000 3
12815 1.000000 3
12818 -1.000000 3
12822 1.000000 4
12826 -1.000000 4
12829 1.000000 3
12832 1.000000 3
12835 1.000000 3
12838 1.000000 3
12842 1.000000 4
12845 1.000000 3
12848 1.000000 3
12851 -1.000000 3
12855 1.000000 4
12858 1.000000 3
12861 1.000000 3
12865 1.000000 4
12868 1.000000 3
12871 1.000000 3
12875 1.000000 4
12878 1.000000 3
12881 1.000000 3
12884 1.000000 3
12888 1.000000 4
12891 1.000000 3
12894 1.000000 3
12897 -1.000000 3
12901 1.000000 4
12904 1.000000 3
12907 1.000000 3
12910 -1.000000 3
12913 1.000000 3
12916 1.000000 3
12919 1.000000 3
12922 1.000000 3
12925 1.000000 3
12928 1.000000 3
12931 1.000000 3
12934 1.000000 3
12937 1.000000 3
12940 1.000000 3
12943 1.000000 3
12946 1.000000 3
12949 1.000000 3
12952 1.000000 3
12955 1.000000 3
12958 1.000000 3
12961 1.000000 3
12966 0.000000 5
12969 1.000000 3
12972 1.000000 3
12975 1.000000 3
12978 1.000000 3
12982 1.000000 4
12985 1.000000 3
12989 1.000000 4
12993 1.000000 4
12996 1.000000 3
13000 1.000000 4
13003 1.000000 3
13006 -1.000000 3
