3 1.000000 3
8 1.000000 5
12 1.000000 4
15 -1.000000 3
19 1.000000 4
23 1.000000 4
28 1.000000 5
32 -1.000000 4
36 1.000000 4
41 1.000000 5
45 1.000000 4
49 1.000000 4
53 1.000000 4
57 1.000000 4
62 0.000000 5
67 1.000000 5
72 1.000000 5
75 -1.000000 3
78 1.000000 3
82 -1.000000 4
86 1.000000 4
90 -1.000000 4
94 1.000000 4
99 1.000000 5
103 -1.000000 4
108 1.000000 5
113 1.000000 5
117 -1.000000 4
121 1.000000 4
126 1.000000 5
131 1.000000 5
136 1.000000 5
140 1.000000 4
145 1.000000 5
150 1.000000 5
155 1.000000 5
159 -1.000000 4
164 1.000000 5
168 -1.000000 4
172 -1.000000 4
177 1.000000 5
182 1.000000 5
187 0.000000 5
192 1.000000 5
196 1.000000 4
200 1.000000 4
205 0.000000 5
209 -1.000000 4
213 -1.000000 4
216 -1.000000 3
220 -1.000000 4
224 1.000000 4
229 0.000000 5
233 -1.000000 4
237 1.000000 4
241 -1.000000 4
245 -1.000000 4
249 -1.000000 4
254 1.000000 5
258 1.000000 4
262 1.000000 4
267 1.000000 5
271 1.000000 4
274 1.000000 3
279 0.000000 5
284 0.000000 5
289 0.000000 5
292 -1.000000 3
295 1.000000 3
300 1.000000 5
303 1.000000 3
307 1.000000 4
311 1.000000 4
314 1.000000 3
319 1.000000 5
324 1.000000 5
328 -1.000000 4
332 -1.000000 4
337 1.000000 5
341 -1.000000 4
344 -1.000000 3
349 1.000000 5
354 0.000000 5
357 -1.000000 3
361 -1.000000 4
365 1.000000 4
369 1.000000 4
372 -1.000000 3
376 1.000000 4
380 1.000000 4
384 -1.000000 4
389 1.000000 5
392 -1.000000 3
396 1.000000 4
401 0.000000 5
405 1.000000 4
410 0.000000 5
415 1.000000 5
420 1.000000 5
424 -1.000000 4
427 1.000000 3
430 -1.000000 3
435 0.000000 5
439 -1.000000 4
444 0.000000 5
448 -1.000000 4
453 0.000000 5
456 -1.000000 3
461 1.000000 5
465 1.000000 4
469 -1.000000 4
472 1.000000 3
476 1.000000 4
481 0.000000 5
486 1.000000 5
490 -1.000000 4
494 -1.000000 4
498 -1.000000 4
501 -1.000000 3
505 1.000000 4
509 1.000000 4
513 -1.000000 4
518 0.000000 5
523 1.000000 5
528 1.000000 5
532 1.000000 4
535 -1.000000 3
539 1.000000 4
543 -1.000000 4
547 -1.000000 4
550 1.000000 3
554 1.000000 4
557 -1.000000 3
560 -1.000000 3
565 0.000000 5
570 0.000000 5
574 1.000000 4
579 0.000000 5
582 1.000000 3
585 1.000000 3
589 1.000000 4
594 1.000000 5
599 0.000000 5
603 -1.000000 4
606 -1.000000 3
610 -1.000000 4
613 1.000000 3
617 -1.000000 4
621 1.000000 4
625 1.000000 4
630 1.000000 5
633 -1.000000 3
638 1.000000 5
642 -1.000000 4
647 1.000000 5
652 1.000000 5
657 0.000000 5
662 1.000000 5
666 -1.000000 4
669 1.000000 3
674 0.000000 5
678 1.000000 4
683 1.000000 5
687 1.000000 4
691 1.000000 4
695 1.000000 4
700 1.000000 5
705 0.000000 5
709 1.000000 4
713 -1.000000 4
717 -1.000000 4
720 1.000000 3
724 1.000000 4
727 1.000000 3
732 0.000000 5
737 0.000000 5
742 1.000000 5
747 1.000000 5
752 0.000000 5
757 1.000000 5
762 1.000000 5
767 0.000000 5
771 -1.000000 4
775 1.000000 4
778 -1.000000 3
781 1.000000 3
786 0.000000 5
790 1.000000 4
795 1.000000 5
800 1.000000 5
804 -1.000000 4
809 1.000000 5
814 0.000000 5
819 1.000000 5
822 -1.000000 3
827 0.000000 5
832 1.000000 5
836 -1.000000 4
841 0.000000 5
845 1.000000 4
850 1.000000 5
854 1.000000 4
859 1.000000 5
864 0.000000 5
869 1.000000 5
872 -1.000000 3
876 -1.000000 4
880 -1.000000 4
883 -1.000000 3
886 1.000000 3
890 -1.000000 4
895 0.000000 5
898 1.000000 3
902 -1.000000 4
907 1.000000 5
910 1.000000 3
913 1.000000 3
917 1.000000 4
921 -1.000000 4
925 1.000000 4
928 -1.000000 3
931 1.000000 3
934 -1.000000 3
938 1.000000 4
943 0.000000 5
948 0.000000 5
952 -1.000000 4
957 0.000000 5
961 -1.000000 4
964 -1.000000 3
967 -1.000000 3
971 1.000000 4
976 1.000000 5
980 1.000000 4
985 0.000000 5
990 1.000000 5
994 1.000000 4
998 1.000000 4
1002 -1.000000 4
1007 1.000000 5
1011 1.000000 4
1016 1.000000 5
1020 1.000000 4
1024 -1.000000 4
1028 1.000000 4
1033 1.000000 5
1038 1.000000 5
1041 -1.000000 3
1045 1.000000 4
1048 -1.000000 3
1053 1.000000 5
1057 -1.000000 4
1061 1.000000 4
1065 -1.000000 4
1069 1.000000 4
1073 1.000000 4
1077 1.000000 4
1080 1.000000 3
1084 -1.000000 4
1089 1.000000 5
1094 1.000000 5
1097 -1.000000 3
1102 0.000000 5
1106 1.000000 4
1111 0.000000 5
1115 1.000000 4
1120 1.000000 5
1124 1.000000 4
1128 1.000000 4
1132 1.000000 4
1137 0.000000 5
1141 1.000000 4
1145 -1.000000 4
1150 0.000000 5
1154 -1.000000 4
1159 0.000000 5
1163 -1.000000 4
1167 1.000000 4
1172 1.000000 5
1175 1.000000 3
1179 1.000000 4
1183 1.000000 4
1188 1.000000 5
1191 1.000000 3
1196 1.000000 5
1200 1.000000 4
1204 1.000000 4
1207 1.000000 3
1211 1.000000 4
1215 1.000000 4
1220 1.000000 5
1224 1.000000 4
1229 0.000000 5
1233 -1.000000 4
1237 1.000000 4
1240 1.000000 3
1245 1.000000 5
1249 1.000000 4
1254 1.000000 5
1258 -1.000000 4
1262 -1.000000 4
1267 1.000000 5
1271 1.000000 4
1274 1.000000 3
1278 1.000000 4
1281 1.000000 3
1286 0.000000 5
1290 1.000000 4
1293 -1.000000 3
1297 1.000000 4
1300 -1.000000 3
1304 -1.000000 4
1309 1.000000 5
1313 -1.000000 4
1318 0.000000 5
1323 1.000000 5
1326 1.000000 3
1330 -1.000000 4
1335 1.000000 5
1339 -1.000000 4
1343 1.000000 4
1347 1.000000 4
1351 1.000000 4
1354 1.000000 3
1359 1.000000 5
1363 -1.000000 4
1368 1.000000 5
1372 1.000000 4
1377 1.000000 5
1381 -1.000000 4
1386 1.000000 5
1390 1.000000 4
1395 1.000000 5
1400 1.000000 5
1403 -1.000000 3
1408 1.000000 5
1413 1.000000 5
1418 0.000000 5
1422 -1.000000 4
1426 1.000000 4
1429 -1.000000 3
1434 0.000000 5
1438 1.000000 4
1443 0.000000 5
1447 1.000000 4
1452 1.000000 5
1457 1.000000 5
1462 1.000000 5
1466 -1.000000 4
1471 1.000000 5
1476 0.000000 5
1481 1.000000 5
1486 1.000000 5
1490 1.000000 4
1493 -1.000000 3
1496 1.000000 3
1500 1.000000 4
1505 0.000000 5
1508 1.000000 3
1513 1.000000 5
1517 -1.000000 4
1521 -1.000000 4
1526 1.000000 5
1529 1.000000 3
1533 1.000000 4
1538 1.000000 5
1541 -1.000000 3
1546 0.000000 5
1549 -1.000000 3
1552 1.000000 3
1556 -1.000000 4
1560 1.000000 4
1565 0.000000 5
1569 -1.000000 4
1573 -1.000000 4
1577 1.000000 4
1581 1.000000 4
1586 0.000000 5
1589 -1.000000 3
1592 1.000000 3
1596 1.000000 4
1599 -1.000000 3
1604 1.000000 5
1608 -1.000000 4
1613 1.000000 5
1617 1.000000 4
1621 -1.000000 4
1625 1.000000 4
1629 -1.000000 4
1633 1.000000 4
1638 1.000000 5
1643 1.000000 5
1648 0.000000 5
1651 1.000000 3
1656 0.000000 5
1659 1.000000 3
1663 -1.000000 4
1668 1.000000 5
1672 1.000000 4
1675 1.000000 3
1679 -1.000000 4
1683 1.000000 4
1688 1.000000 5
1693 1.000000 5
1697 -1.000000 4
1700 -1.000000 3
1705 1.000000 5
1710 1.000000 5
1714 1.000000 4
1718 1.000000 4
1723 1.000000 5
1728 1.000000 5
1733 0.000000 5
1737 -1.000000 4
1741 1.000000 4
1745 -1.000000 4
1750 1.000000 5
1754 1.000000 4
1758 1.000000 4
1761 1.000000 3
1766 0.000000 5
1771 1.000000 5
1775 1.000000 4
1779 1.000000 4
1783 -1.000000 4
1786 -1.000000 3
1791 0.000000 5
1794 1.000000 3
1798 -1.000000 4
1801 1.000000 3
1805 1.000000 4
1809 1.000000 4
1814 0.000000 5
1819 1.000000 5
1824 0.000000 5
1829 0.000000 5
1833 -1.000000 4
1836 1.000000 3
1840 1.000000 4
1845 1.000000 5
1848 1.000000 3
1853 0.000000 5
1857 -1.000000 4
1862 0.000000 5
1866 1.000000 4
1871 1.000000 5
1875 1.000000 4
1878 -1.000000 3
1882 -1.000000 4
1887 1.000000 5
1892 1.000000 5
1897 0.000000 5
1902 1.000000 5
1906 -1.000000 4
1911 1.000000 5
1915 -1.000000 4
1918 1.000000 3
1923 0.000000 5
1927 -1.000000 4
1932 0.000000 5
1936 1.000000 4
1940 -1.000000 4
1945 0.000000 5
1949 1.000000 4
1953 1.000000 4
1957 -1.000000 4
1961 -1.000000 4
1965 1.000000 4
1969 1.000000 4
1973 1.000000 4
1977 -1.000000 4
1982 1.000000 5
1986 -1.000000 4
1990 1.000000 4
1994 1.000000 4
1999 0.000000 5
2002 -1.000000 3
2007 1.000000 5
2012 0.000000 5
2017 1.000000 5
2021 1.000000 4
2024 -1.000000 3
2028 1.000000 4
2032 1.000000 4
2036 -1.000000 4
2041 1.000000 5
2046 1.000000 5
2049 -1.000000 3
2054 0.000000 5
2058 1.000000 4
2062 1.000000 4
2067 1.000000 5
2072 1.000000 5
2077 0.000000 5
2081 1.000000 4
2086 1.000000 5
2089 1.000000 3
2093 1.000000 4
2097 -1.000000 4
2100 1.000000 3
2104 1.000000 4
2108 1.000000 4
2112 -1.000000 4
2116 1.000000 4
2120 1.000000 4
2123 -1.000000 3
2128 0.000000 5
2133 1.000000 5
2137 1.000000 4
2141 1.000000 4
2145 1.000000 4
2149 1.000000 4
2154 0.000000 5
2159 1.000000 5
2164 1.000000 5
2167 1.000000 3
2170 1.000000 3
2173 1.000000 3
2177 1.000000 4
2182 0.000000 5
2186 -1.000000 4
2190 -1.000000 4
2194 1.000000 4
2199 0.000000 5
2203 1.000000 4
2207 1.000000 4
2211 -1.000000 4
2215 1.000000 4
2219 -1.000000 4
2223 -1.000000 4
2228 1.000000 5
2232 1.000000 4
2237 1.000000 5
2241 1.000000 4
2246 1.000000 5
2249 1.000000 3
2254 1.000000 5
2258 -1.000000 4
2263 1.000000 5
2267 -1.000000 4
2271 1.000000 4
2274 -1.000000 3
2278 1.000000 4
2283 1.000000 5
2287 1.000000 4
2291 -1.000000 4
2295 -1.000000 4
2299 1.000000 4
2302 -1.000000 3
2306 1.000000 4
2311 1.000000 5
2316 1.000000 5
2320 -1.000000 4
2323 -1.000000 3
2327 -1.000000 4
2332 0.000000 5
2337 1.000000 5
2341 -1.000000 4
2345 -1.000000 4
2350 1.000000 5
2354 -1.000000 4
2358 1.000000 4
2363 0.000000 5
2368 1.000000 5
2373 0.000000 5
2377 -1.000000 4
2381 1.000000 4
2384 -1.000000 3
2387 -1.000000 3
2392 1.000000 5
2396 -1.000000 4
2401 1.000000 5
2405 -1.000000 4
2408 1.000000 3
2412 -1.000000 4
2417 1.000000 5
2421 -1.000000 4
2425 1.000000 4
2429 1.000000 4
2432 1.000000 3
2435 -1.000000 3
2439 1.000000 4
2443 -1.000000 4
2446 1.000000 3
2450 1.000000 4
2455 1.000000 5
2459 1.000000 4
2463 -1.000000 4
2467 1.000000 4
2471 1.000000 4
2475 -1.000000 4
2478 1.000000 3
2482 -1.000000 4
2487 1.000000 5
2492 1.000000 5
2496 -1.000000 4
2501 0.000000 5
2504 1.000000 3
2509 1.000000 5
2513 1.000000 4
2518 0.000000 5
2522 1.000000 4
2526 -1.000000 4
2530 1.000000 4
2534 1.000000 4
2539 1.000000 5
2542 -1.000000 3
2546 -1.000000 4
2549 -1.000000 3
2553 -1.000000 4
2558 0.000000 5
2563 0.000000 5
2566 -1.000000 3
2570 -1.000000 4
2573 -1.000000 3
2577 1.000000 4
2580 1.000000 3
2584 -1.000000 4
2588 1.000000 4
2593 1.000000 5
2597 1.000000 4
2600 1.000000 3
2604 -1.000000 4
2609 1.000000 5
2613 1.000000 4
2618 0.000000 5
2621 1.000000 3
2625 -1.000000 4
2630 0.000000 5
2635 1.000000 5
2639 -1.000000 4
2643 1.000000 4
2647 1.000000 4
2652 0.000000 5
2656 1.000000 4
2661 1.000000 5
2666 1.000000 5
2670 1.000000 4
2674 1.000000 4
2678 1.000000 4
2682 -1.000000 4
2686 1.000000 4
2690 1.000000 4
2695 0.000000 5
2699 -1.000000 4
2703 -1.000000 4
2707 1.000000 4
2711 1.000000 4
2716 1.000000 5
2721 1.000000 5
2725 1.000000 4
2729 1.000000 4
2733 1.000000 4
2738 0.000000 5
2742 -1.000000 4
2747 1.000000 5
2752 1.000000 5
2756 1.000000 4
2761 1.000000 5
2765 1.000000 4
2769 -1.000000 4
2773 -1.000000 4
2778 0.000000 5
2781 1.000000 3
2785 1.000000 4
2789 -1.000000 4
2793 1.000000 4
2797 -1.000000 4
2801 -1.000000 4
2805 -1.000000 4
2809 -1.000000 4
2813 1.000000 4
2817 1.000000 4
2822 0.000000 5
2827 0.000000 5
2831 -1.000000 4
2835 1.000000 4
2839 -1.000000 4
2843 1.000000 4
2848 0.000000 5
2852 1.000000 4
2857 0.000000 5
2862 0.000000 5
2865 1.000000 3
2868 -1.000000 3
2873 1.000000 5
2878 1.000000 5
2882 -1.000000 4
2886 1.000000 4
2890 -1.000000 4
2893 1.000000 3
2896 1.000000 3
2900 1.000000 4
2905 0.000000 5
2908 -1.000000 3
2911 1.000000 3
2916 1.000000 5
2920 1.000000 4
2924 1.000000 4
2928 1.000000 4
2932 -1.000000 4
2937 1.000000 5
2941 -1.000000 4
2945 1.000000 4
2950 1.000000 5
2955 1.000000 5
2958 1.000000 3
2963 1.000000 5
2966 1.000000 3
2970 1.000000 4
2974 -1.000000 4
2977 -1.000000 3
2982 1.000000 5
2986 1.000000 4
2989 -1.000000 3
2993 1.000000 4
2996 -1.000000 3
3000 1.000000 4
3005 0.000000 5
3009 -1.000000 4
3013 1.000000 4
3016 1.000000 3
3020 1.000000 4
3024 -1.000000 4
3028 1.000000 4
3033 0.000000 5
3038 0.000000 5
3043 1.000000 5
3047 1.000000 4
3051 1.000000 4
3054 1.000000 3
3059 1.000000 5
3062 1.000000 3
3066 1.000000 4
3070 1.000000 4
3074 -1.000000 4
3079 1.000000 5
3084 1.000000 5
3088 1.000000 4
3092 -1.000000 4
3097 1.000000 5
3101 1.000000 4
3106 1.000000 5
3110 1.000000 4
3114 1.000000 4
3119 1.000000 5
3122 -1.000000 3
3127 1.000000 5
3131 -1.000000 4
3134 1.000000 3
3137 1.000000 3
3142 1.000000 5
3147 0.000000 5
3152 1.000000 5
3156 1.000000 4
3159 -1.000000 3
3163 1.000000 4
3166 1.000000 3
3170 1.000000 4
3175 1.000000 5
3179 1.000000 4
3183 -1.000000 4
3187 -1.000000 4
3191 1.000000 4
3195 1.000000 4
3199 1.000000 4
3202 -1.000000 3
3206 -1.000000 4
3209 1.000000 3
3212 1.000000 3
3216 -1.000000 4
3221 1.000000 5
3225 -1.000000 4
3229 -1.000000 4
3233 1.000000 4
3236 1.000000 3
3240 -1.000000 4
3244 -1.000000 4
3249 0.000000 5
3252 -1.000000 3
3256 -1.000000 4
3259 -1.000000 3
3263 1.000000 4
3267 -1.000000 4
3271 -1.000000 4
3275 -1.000000 4
3280 0.000000 5
3285 0.000000 5
3289 -1.000000 4
3293 1.000000 4
3297 -1.000000 4
3301 -1.000000 4
3305 -1.000000 4
3309 -1.000000 4
3314 1.000000 5
3319 1.000000 5
3323 1.000000 4
3327 -1.000000 4
3331 -1.000000 4
3336 1.000000 5
3341 1.000000 5
3346 1.000000 5
3350 1.000000 4
3353 -1.000000 3
3357 -1.000000 4
3361 -1.000000 4
3365 -1.000000 4
3368 -1.000000 3
3373 1.000000 5
3378 0.000000 5
3382 -1.000000 4
3387 0.000000 5
3392 1.000000 5
3397 1.000000 5
3402 1.000000 5
3406 1.000000 4
3411 0.000000 5
3416 1.000000 5
3421 1.000000 5
3425 -1.000000 4
3429 -1.000000 4
3433 1.000000 4
3436 -1.000000 3
3440 1.000000 4
3445 0.000000 5
3450 0.000000 5
3455 0.000000 5
3459 -1.000000 4
3462 -1.000000 3
3466 1.000000 4
3469 -1.000000 3
3473 1.000000 4
3476 1.000000 3
3480 -1.000000 4
3484 1.000000 4
3487 -1.000000 3
3492 0.000000 5
3497 0.000000 5
3502 0.000000 5
3506 1.000000 4
3511 1.000000 5
3516 1.000000 5
3520 -1.000000 4
3523 -1.000000 3
3526 1.000000 3
3529 -1.000000 3
3534 1.000000 5
3539 0.000000 5
3544 1.000000 5
3548 1.000000 4
3552 1.000000 4
3557 0.000000 5
3561 1.000000 4
3565 -1.000000 4
3570 1.000000 5
3573 -1.000000 3
3577 -1.000000 4
3582 1.000000 5
3585 -1.000000 3
3588 -1.000000 3
3593 1.000000 5
3597 -1.000000 4
3601 1.000000 4
3605 -1.000000 4
3610 0.000000 5
3614 1.000000 4
3618 1.000000 4
3623 0.000000 5
3628 0.000000 5
3632 1.000000 4
3636 1.000000 4
3641 1.000000 5
3645 1.000000 4
3649 1.000000 4
3653 1.000000 4
3657 1.000000 4
3662 0.000000 5
3665 -1.000000 3
3669 -1.000000 4
3673 1.000000 4
3676 1.000000 3
3681 1.000000 5
3686 1.000000 5
3690 1.000000 4
3694 1.000000 4
3698 1.000000 4
3702 -1.000000 4
3707 0.000000 5
3712 1.000000 5
3716 -1.000000 4
3719 -1.000000 3
3723 1.000000 4
3728 1.000000 5
3732 -1.000000 4
3735 1.000000 3
3740 0.000000 5
3744 1.000000 4
3749 1.000000 5
3754 1.000000 5
3757 -1.000000 3
3761 1.000000 4
3764 1.000000 3
3767 -1.000000 3
3771 1.000000 4
3775 -1.000000 4
3780 1.000000 5
3784 -1.000000 4
3789 1.000000 5
3794 1.000000 5
3798 -1.000000 4
3802 -1.000000 4
3807 1.000000 5
3811 -1.000000 4
3816 0.000000 5
3821 0.000000 5
3825 1.000000 4
3829 -1.000000 4
3832 -1.000000 3
3836 1.000000 4
3839 1.000000 3
3844 0.000000 5
3849 1.000000 5
3853 1.000000 4
3858 1.000000 5
3862 1.000000 4
3865 1.000000 3
3868 1.000000 3
3872 -1.000000 4
3877 0.000000 5
3882 1.000000 5
3886 1.000000 4
3889 1.000000 3
3894 0.000000 5
3899 1.000000 5
3903 -1.000000 4
3907 1.000000 4
3911 1.000000 4
3916 1.000000 5
3920 -1.000000 4
3925 1.000000 5
3930 0.000000 5
3935 0.000000 5
3940 0.000000 5
3945 1.000000 5
3950 0.000000 5
3954 1.000000 4
3959 1.000000 5
3963 1.000000 4
3967 -1.000000 4
3971 -1.000000 4
3975 1.000000 4
3979 1.000000 4
3983 -1.000000 4
3987 1.000000 4
3990 -1.000000 3
3995 0.000000 5
3999 1.000000 4
4003 1.000000 4
4007 1.000000 4
4012 0.000000 5
4015 -1.000000 3
4018 -1.000000 3
4023 0.000000 5
4027 -1.000000 4
4032 1.000000 5
4037 0.000000 5
4041 1.000000 4
4045 1.000000 4
4050 1.000000 5
4054 -1.000000 4
4057 1.000000 3
4060 1.000000 3
4064 -1.000000 4
4067 1.000000 3
4070 -1.000000 3
4074 1.000000 4
4078 -1.000000 4
4083 1.000000 5
4087 1.000000 4
4090 1.000000 3
4095 1.000000 5
4098 1.000000 3
4102 -1.000000 4
4105 -1.000000 3
4110 0.000000 5
4115 1.000000 5
4120 0.000000 5
4124 -1.000000 4
4129 0.000000 5
4133 1.000000 4
4137 -1.000000 4
4141 -1.000000 4
4146 0.000000 5
4150 -1.000000 4
4155 1.000000 5
4158 1.000000 3
4161 -1.000000 3
4166 1.000000 5
4170 -1.000000 4
4174 -1.000000 4
4178 -1.000000 4
4183 1.000000 5
4188 0.000000 5
4191 1.000000 3
4195 -1.000000 4
4199 1.000000 4
4203 1.000000 4
4208 0.000000 5
4212 1.000000 4
4216 1.000000 4
4220 -1.000000 4
4223 1.000000 3
4226 1.000000 3
4229 -1.000000 3
4233 -1.000000 4
4236 1.000000 3
4240 -1.000000 4
4245 1.000000 5
4250 1.000000 5
4255 1.000000 5
4260 1.000000 5
4264 -1.000000 4
4268 -1.000000 4
4273 1.000000 5
4277 -1.000000 4
4282 1.000000 5
4286 1.000000 4
4290 -1.000000 4
4293 1.000000 3
4297 1.000000 4
4302 1.000000 5
4306 1.000000 4
4310 1.000000 4
4313 1.000000 3
4318 1.000000 5
4323 1.000000 5
4328 1.000000 5
4332 -1.000000 4
4336 1.000000 4
4340 -1.000000 4
4345 1.000000 5
4350 1.000000 5
4355 0.000000 5
4360 0.000000 5
4364 -1.000000 4
4368 1.000000 4
4372 1.000000 4
4376 -1.000000 4
4379 1.000000 3
4383 1.000000 4
4388 0.000000 5
4391 -1.000000 3
4395 -1.000000 4
4399 1.000000 4
4404 1.000000 5
4409 0.000000 5
4413 -1.000000 4
4417 -1.000000 4
4420 1.000000 3
4423 1.000000 3
4427 1.000000 4
4431 1.000000 4
4436 0.000000 5
4440 1.000000 4
4443 1.000000 3
4447 -1.000000 4
4450 1.000000 3
4453 -1.000000 3
4458 0.000000 5
4462 1.000000 4
4467 0.000000 5
4470 -1.000000 3
4474 1.000000 4
4477 -1.000000 3
4482 1.000000 5
4486 -1.000000 4
4490 1.000000 4
4495 1.000000 5
4500 1.000000 5
4504 -1.000000 4
4507 -1.000000 3
4511 -1.000000 4
4515 1.000000 4
4518 1.000000 3
4522 -1.000000 4
4527 1.000000 5
4532 1.000000 5
4537 1.000000 5
4542 0.000000 5
4546 1.000000 4
4550 -1.000000 4
4555 1.000000 5
4559 1.000000 4
4563 1.000000 4
4566 -1.000000 3
4570 1.000000 4
4573 -1.000000 3
4576 1.000000 3
4581 1.000000 5
4585 1.000000 4
4589 1.000000 4
4593 -1.000000 4
4598 0.000000 5
4601 1.000000 3
4606 1.000000 5
4611 1.000000 5
4616 0.000000 5
4621 1.000000 5
4624 -1.000000 3
4628 1.000000 4
4633 0.000000 5
4637 -1.000000 4
4641 1.000000 4
4644 -1.000000 3
4647 -1.000000 3
4651 -1.000000 4
4655 1.000000 4
4659 1.000000 4
4664 1.000000 5
4669 0.000000 5
4674 1.000000 5
4679 1.000000 5
4683 1.000000 4
4687 -1.000000 4
4692 1.000000 5
4695 1.000000 3
4699 1.000000 4
4704 1.000000 5
4709 0.000000 5
4713 -1.000000 4
4717 -1.000000 4
4721 1.000000 4
4726 1.000000 5
4731 1.000000 5
4735 -1.000000 4
4738 1.000000 3
4742 1.000000 4
4746 1.000000 4
4750 -1.000000 4
4753 1.000000 3
4756 1.000000 3
4759 -1.000000 3
4764 1.000000 5
4769 0.000000 5
4774 1.000000 5
4778 -1.000000 4
4782 1.000000 4
4786 1.000000 4
4791 1.000000 5
4795 1.000000 4
4799 1.000000 4
4804 0.000000 5
4809 1.000000 5
4813 1.000000 4
4818 1.000000 5
4823 1.000000 5
4826 -1.000000 3
4830 1.000000 4
4834 1.000000 4
4839 1.000000 5
4843 -1.000000 4
4847 -1.000000 4
4851 1.000000 4
4855 -1.000000 4
4859 1.000000 4
4863 1.000000 4
4866 -1.000000 3
4871 0.000000 5
4875 -1.000000 4
4879 1.000000 4
4884 1.000000 5
4887 1.000000 3
4892 1.000000 5
4896 -1.000000 4
4900 -1.000000 4
4905 0.000000 5
4909 1.000000 4
4913 1.000000 4
4917 1.000000 4
4921 1.000000 4
4925 1.000000 4
4930 0.000000 5
4934 1.000000 4
4939 1.000000 5
4944 0.000000 5
4949 0.000000 5
4952 1.000000 3
4956 -1.000000 4
4959 -1.000000 3
4963 1.000000 4
4967 1.000000 4
4972 1.000000 5
4977 0.000000 5
4980 1.000000 3
4983 1.000000 3
4988 1.000000 5
4993 0.000000 5
4998 0.000000 5
5003 1.000000 5
5007 1.000000 4
5012 0.000000 5
5017 1.000000 5
5022 1.000000 5
5026 -1.000000 4
5030 1.000000 4
5033 1.000000 3
5038 1.000000 5
5043 0.000000 5
5047 -1.000000 4
5050 1.000000 3
5054 1.000000 4
5057 1.000000 3
5062 0.000000 5
5066 -1.000000 4
5071 1.000000 5
5076 0.000000 5
5081 0.000000 5
5086 0.000000 5
5091 0.000000 5
5095 -1.000000 4
5100 1.000000 5
5104 1.000000 4
5109 1.000000 5
5114 0.000000 5
5117 1.000000 3
5121 1.000000 4
5125 1.000000 4
5129 -1.000000 4
5134 1.000000 5
5138 1.000000 4
5142 1.000000 4
5147 1.000000 5
5152 1.000000 5
5157 0.000000 5
5161 1.000000 4
5165 -1.000000 4
5169 -1.000000 4
5173 1.000000 4
5177 -1.000000 4
5180 -1.000000 3
5185 1.000000 5
5188 -1.000000 3
5192 1.000000 4
5196 1.000000 4
5200 1.000000 4
5205 0.000000 5
5210 0.000000 5
5214 1.000000 4
5219 1.000000 5
5222 1.000000 3
5225 1.000000 3
5229 1.000000 4
5233 1.000000 4
5236 1.000000 3
5239 -1.000000 3
5244 0.000000 5
5248 -1.000000 4
5252 -1.000000 4
5256 1.000000 4
5260 1.000000 4
5264 1.000000 4
5268 -1.000000 4
5272 -1.000000 4
5276 -1.000000 4
5280 -1.000000 4
5285 1.000000 5
5289 -1.000000 4
5292 -1.000000 3
5296 1.000000 4
5301 0.000000 5
5304 -1.000000 3
5309 0.000000 5
5314 1.000000 5
5317 -1.000000 3
5321 -1.000000 4
5325 1.000000 4
5330 0.000000 5
5333 1.000000 3
5338 1.000000 5
5341 1.000000 3
5345 -1.000000 4
5350 1.000000 5
5354 -1.000000 4
5358 -1.000000 4
5363 0.000000 5
5368 1.000000 5
5372 1.000000 4
5376 1.000000 4
5380 1.000000 4
5384 1.000000 4
5388 1.000000 4
5392 -1.000000 4
5396 -1.000000 4
5401 1.000000 5
5405 1.000000 4
5409 1.000000 4
5414 1.000000 5
5419 0.000000 5
5423 -1.000000 4
5428 1.000000 5
5433 0.000000 5
5436 1.000000 3
5441 0.000000 5
5445 -1.000000 4
5449 -1.000000 4
5453 1.000000 4
5456 1.000000 3
5461 0.000000 5
5466 1.000000 5
5470 -1.000000 4
5475 0.000000 5
5480 0.000000 5
5484 1.000000 4
5488 1.000000 4
5493 0.000000 5
5497 -1.000000 4
5502 0.000000 5
5507 1.000000 5
5511 1.000000 4
5514 1.000000 3
5519 0.000000 5
5524 0.000000 5
5528 1.000000 4
5532 1.000000 4
5537 0.000000 5
5541 1.000000 4
5545 -1.000000 4
5548 -1.000000 3
5552 1.000000 4
5556 -1.000000 4
5560 -1.000000 4
5564 -1.000000 4
5569 1.000000 5
5572 1.000000 3
5576 -1.000000 4
5581 1.000000 5
5584 1.000000 3
5588 1.000000 4
5591 -1.000000 3
5594 -1.000000 3
5598 -1.000000 4
5602 1.000000 4
5607 0.000000 5
5611 -1.000000 4
5616 0.000000 5
5620 1.000000 4
5625 0.000000 5
5629 -1.000000 4
5632 1.000000 3
5637 0.000000 5
5640 1.000000 3
5643 1.000000 3
5647 1.000000 4
5652 1.000000 5
5656 -1.000000 4
5659 -1.000000 3
5663 -1.000000 4
5667 -1.000000 4
5670 1.000000 3
5675 1.000000 5
5679 -1.000000 4
5684 1.000000 5
5689 0.000000 5
5693 1.000000 4
5696 1.000000 3
5701 1.000000 5
5704 1.000000 3
5709 1.000000 5
5712 1.000000 3
5715 -1.000000 3
5719 1.000000 4
5724 0.000000 5
5728 1.000000 4
5732 1.000000 4
5737 0.000000 5
5741 1.000000 4
5746 0.000000 5
5751 1.000000 5
5756 1.000000 5
5761 0.000000 5
5765 1.000000 4
5770 1.000000 5
5775 0.000000 5
5780 1.000000 5
5784 1.000000 4
5788 -1.000000 4
5792 1.000000 4
5795 1.000000 3
5800 1.000000 5
5804 -1.000000 4
5808 1.000000 4
5812 1.000000 4
5817 1.000000 5
5820 1.000000 3
5824 1.000000 4
5829 0.000000 5
5832 -1.000000 3
5836 -1.000000 4
5840 -1.000000 4
5844 1.000000 4
5849 1.000000 5
5853 1.000000 4
5858 0.000000 5
5862 -1.000000 4
5866 -1.000000 4
5871 1.000000 5
5876 1.000000 5
5880 1.000000 4
5884 1.000000 4
5887 -1.000000 3
5892 1.000000 5
5897 1.000000 5
5900 -1.000000 3
5905 1.000000 5
5909 -1.000000 4
5913 -1.000000 4
5918 0.000000 5
5922 -1.000000 4
5927 1.000000 5
5932 0.000000 5
5935 1.000000 3
5940 1.000000 5
5944 -1.000000 4
5948 1.000000 4
5952 -1.000000 4
5957 1.000000 5
5962 0.000000 5
5966 -1.000000 4
5971 0.000000 5
5976 1.000000 5
5981 0.000000 5
5986 1.000000 5
5990 1.000000 4
5995 1.000000 5
5998 1.000000 3
6002 -1.000000 4
6007 1.000000 5
6011 1.000000 4
6015 1.000000 4
6020 0.000000 5
6024 1.000000 4
6029 1.000000 5
6033 1.000000 4
6036 1.000000 3
6040 -1.000000 4
6044 1.000000 4
6048 1.000000 4
6053 0.000000 5
6056 -1.000000 3
6061 1.000000 5
6065 1.000000 4
6069 -1.000000 4
6073 1.000000 4
6078 1.000000 5
6083 1.000000 5
6087 1.000000 4
6092 1.000000 5
6096 1.000000 4
6099 -1.000000 3
6103 -1.000000 4
6107 -1.000000 4
6112 1.000000 5
6116 -1.000000 4
6120 -1.000000 4
6123 -1.000000 3
6128 0.000000 5
6131 -1.000000 3
6134 1.000000 3
6138 1.000000 4
6142 1.000000 4
6146 1.000000 4
6151 1.000000 5
6155 1.000000 4
6160 1.000000 5
6165 0.000000 5
6169 1.000000 4
6173 -1.000000 4
6176 1.000000 3
6180 -1.000000 4
6185 0.000000 5
6189 1.000000 4
6193 1.000000 4
6196 -1.000000 3
6201 0.000000 5
6206 0.000000 5
6210 -1.000000 4
6213 1.000000 3
6217 1.000000 4
6221 1.000000 4
6225 -1.000000 4
6229 1.000000 4
6233 -1.000000 4
6237 1.000000 4
6241 1.000000 4
6245 -1.000000 4
6250 0.000000 5
6254 1.000000 4
6259 0.000000 5
6264 1.000000 5
6269 1.000000 5
6274 1.000000 5
6279 0.000000 5
6283 -1.000000 4
6287 1.000000 4
6291 -1.000000 4
6296 1.000000 5
6301 0.000000 5
6306 1.000000 5
6310 1.000000 4
6315 0.000000 5
6319 1.000000 4
6322 -1.000000 3
6325 -1.000000 3
6329 -1.000000 4
6334 1.000000 5
6339 1.000000 5
6344 1.000000 5
6348 1.000000 4
6352 1.000000 4
6356 1.000000 4
6360 -1.000000 4
6364 1.000000 4
6368 -1.000000 4
6372 1.000000 4
6377 0.000000 5
6380 1.000000 3
6384 1.000000 4
6387 1.000000 3
6391 -1.000000 4
6394 1.000000 3
6398 1.000000 4
6402 1.000000 4
6407 1.000000 5
6411 1.000000 4
6415 1.000000 4
6420 0.000000 5
6425 0.000000 5
6430 0.000000 5
6434 1.000000 4
6438 1.000000 4
6442 -1.000000 4
6447 1.000000 5
6451 1.000000 4
6455 1.000000 4
6459 1.000000 4
6462 1.000000 3
6467 0.000000 5
6472 0.000000 5
6477 1.000000 5
6482 1.000000 5
6485 -1.000000 3
6490 1.000000 5
6495 0.000000 5
6499 1.000000 4
6503 1.000000 4
6507 -1.000000 4
6512 1.000000 5
6516 1.000000 4
6521 0.000000 5
6524 1.000000 3
6528 1.000000 4
6532 -1.000000 4
6535 -1.000000 3
6539 -1.000000 4
6542 -1.000000 3
6546 1.000000 4
6550 -1.000000 4
6555 1.000000 5
6559 1.000000 4
6563 -1.000000 4
6567 -1.000000 4
6572 1.000000 5
6576 -1.000000 4
6581 1.000000 5
6585 1.000000 4
6589 1.000000 4
6592 -1.000000 3
6596 1.000000 4
6600 -1.000000 4
6605 1.000000 5
6609 -1.000000 4
6613 1.000000 4
6616 1.000000 3
6620 1.000000 4
6625 1.000000 5
6628 -1.000000 3
6632 1.000000 4
6636 1.000000 4
6640 1.000000 4
6644 -1.000000 4
6649 0.000000 5
6654 0.000000 5
6657 1.000000 3
6661 1.000000 4
6666 1.000000 5
6671 1.000000 5
6675 1.000000 4
6678 -1.000000 3
6682 1.000000 4
6686 1.000000 4
6691 1.000000 5
6695 -1.000000 4
6698 -1.000000 3
6701 1.000000 3
6706 1.000000 5
6710 1.000000 4
6714 -1.000000 4
6718 1.000000 4
6722 1.000000 4
6727 1.000000 5
6730 1.000000 3
6733 1.000000 3
6736 -1.000000 3
6741 0.000000 5
6745 1.000000 4
6749 -1.000000 4
6754 0.000000 5
6758 -1.000000 4
6762 -1.000000 4
6766 1.000000 4
6770 1.000000 4
6773 -1.000000 3
6777 1.000000 4
6781 -1.000000 4
6785 1.000000 4
6789 1.000000 4
6793 1.000000 4
6798 0.000000 5
6803 0.000000 5
6806 1.000000 3
6811 1.000000 5
6815 1.000000 4
6820 1.000000 5
6824 -1.000000 4
6829 1.000000 5
6832 -1.000000 3
6835 1.000000 3
6839 -1.000000 4
6843 -1.000000 4
6847 1.000000 4
6850 1.000000 3
6854 1.000000 4
6857 -1.000000 3
6861 1.000000 4
6865 1.000000 4
6869 -1.000000 4
6874 0.000000 5
6877 -1.000000 3
6880 -1.000000 3
6884 1.000000 4
6888 1.000000 4
6892 -1.000000 4
6896 1.000000 4
6899 -1.000000 3
6904 0.000000 5
6908 -1.000000 4
6913 0.000000 5
6917 -1.000000 4
6920 -1.000000 3
6925 0.000000 5
6929 1.000000 4
6932 1.000000 3
6937 1.000000 5
6940 1.000000 3
6944 -1.000000 4
6947 1.000000 3
6951 -1.000000 4
6954 -1.000000 3
6959 0.000000 5
6963 -1.000000 4
6967 -1.000000 4
6972 1.000000 5
6975 1.000000 3
6979 1.000000 4
6982 -1.000000 3
6985 1.000000 3
6988 1.000000 3
6992 -1.000000 4
6995 1.000000 3
7000 0.000000 5
7003 1.000000 3
7008 0.000000 5
7012 1.000000 4
7016 1.000000 4
7020 -1.000000 4
7024 -1.000000 4
7027 -1.000000 3
7031 1.000000 4
7035 1.000000 4
7038 -1.000000 3
7041 -1.000000 3
7046 0.000000 5
7051 1.000000 5
7056 0.000000 5
7061 1.000000 5
7066 0.000000 5
7070 1.000000 4
7074 1.000000 4
7079 1.000000 5
7083 1.000000 4
7087 -1.000000 4
7091 1.000000 4
7096 0.000000 5
7101 1.000000 5
7105 -1.000000 4
7109 1.000000 4
7114 1.000000 5
7117 1.000000 3
7122 1.000000 5
7126 -1.000000 4
7131 0.000000 5
7135 -1.000000 4
7139 -1.000000 4
7142 1.000000 3
7146 1.000000 4
7150 1.000000 4
7154 -1.000000 4
7159 1.000000 5
7164 0.000000 5
7169 1.000000 5
7174 1.000000 5
7179 0.000000 5
7184 1.000000 5
7188 1.000000 4
7193 0.000000 5
7198 1.000000 5
7201 1.000000 3
7205 -1.000000 4
7209 1.000000 4
7214 0.000000 5
7218 -1.000000 4
7221 -1.000000 3
7225 1.000000 4
7229 -1.000000 4
7233 -1.000000 4
7237 1.000000 4
7242 1.000000 5
7246 -1.000000 4
7251 1.000000 5
7254 1.000000 3
7258 -1.000000 4
7263 0.000000 5
7266 1.000000 3
7270 -1.000000 4
7275 1.000000 5
7280 1.000000 5
7284 1.000000 4
7287 1.000000 3
7290 1.000000 3
7293 -1.000000 3
7298 1.000000 5
7302 1.000000 4
7306 1.000000 4
7311 1.000000 5
7315 1.000000 4
7320 1.000000 5
7324 1.000000 4
7329 1.000000 5
7333 1.000000 4
7338 1.000000 5
7341 -1.000000 3
7346 1.000000 5
7350 1.000000 4
7354 -1.000000 4
7357 -1.000000 3
7361 -1.000000 4
7365 -1.000000 4
7370 0.000000 5
7374 1.000000 4
7379 0.000000 5
7383 1.000000 4
7386 1.000000 3
7390 -1.000000 4
7394 1.000000 4
7397 -1.000000 3
7401 -1.000000 4
7405 -1.000000 4
7409 1.000000 4
7413 -1.000000 4
7418 1.000000 5
7421 1.000000 3
7425 1.000000 4
7429 1.000000 4
7433 1.000000 4
7438 1.000000 5
7442 1.000000 4
7447 1.000000 5
7452 1.000000 5
7456 1.000000 4
7459 1.000000 3
7464 0.000000 5
7468 1.000000 4
7472 -1.000000 4
7477 0.000000 5
7480 -1.000000 3
7485 1.000000 5
7489 1.000000 4
7492 -1.000000 3
7496 -1.000000 4
7500 -1.000000 4
7505 0.000000 5
7509 1.000000 4
7514 1.000000 5
7519 0.000000 5
7523 1.000000 4
7528 1.000000 5
7533 1.000000 5
7537 1.000000 4
7540 1.000000 3
7544 1.000000 4
7548 1.000000 4
7552 1.000000 4
7556 -1.000000 4
7561 0.000000 5
7565 -1.000000 4
7570 0.000000 5
7574 1.000000 4
7578 -1.000000 4
7581 1.000000 3
7585 1.000000 4
7589 -1.000000 4
7592 -1.000000 3
7597 1.000000 5
7601 1.000000 4
7605 1.000000 4
7609 1.000000 4
7613 1.000000 4
7617 1.000000 4
7621 1.000000 4
7625 -1.000000 4
7628 -1.000000 3
7632 1.000000 4
7635 -1.000000 3
7638 1.000000 3
7642 1.000000 4
7647 1.000000 5
7651 -1.000000 4
7655 1.000000 4
7660 1.000000 5
7665 1.000000 5
7670 0.000000 5
7675 1.000000 5
7678 -1.000000 3
7681 -1.000000 3
7685 1.000000 4
7689 -1.000000 4
7694 1.000000 5
7698 -1.000000 4
7702 -1.000000 4
7705 1.000000 3
7708 1.000000 3
7713 1.000000 5
7717 1.000000 4
7720 -1.000000 3
7725 1.000000 5
7729 1.000000 4
7734 1.000000 5
7738 -1.000000 4
7742 -1.000000 4
7747 0.000000 5
7750 1.000000 3
7753 -1.000000 3
7757 1.000000 4
7761 1.000000 4
7765 -1.000000 4
7768 1.000000 3
7773 1.000000 5
7778 0.000000 5
7783 0.000000 5
7788 1.000000 5
7793 0.000000 5
7797 1.000000 4
7801 1.000000 4
7806 1.000000 5
7811 1.000000 5
7814 -1.000000 3
7819 0.000000 5
7824 1.000000 5
7829 1.000000 5
7834 0.000000 5
7838 1.000000 4
7843 1.000000 5
7848 1.000000 5
7853 1.000000 5
7858 1.000000 5
7863 0.000000 5
7867 1.000000 4
7870 -1.000000 3
7874 1.000000 4
7878 1.000000 4
7882 -1.000000 4
7886 1.000000 4
7890 1.000000 4
7895 1.000000 5
7900 0.000000 5
7904 1.000000 4
7907 -1.000000 3
7912 1.000000 5
7916 1.000000 4
7921 1.000000 5
7925 1.000000 4
7929 -1.000000 4
7933 1.000000 4
7938 1.000000 5
7942 -1.000000 4
7946 -1.000000 4
7951 0.000000 5
7956 1.000000 5
7960 1.000000 4
7964 1.000000 4
7967 1.000000 3
7971 1.000000 4
7975 1.000000 4
7979 -1.000000 4
7984 1.000000 5
7989 0.000000 5
7994 1.000000 5
7997 -1.000000 3
8002 1.000000 5
8005 -1.000000 3
8010 1.000000 5
8015 1.000000 5
8019 -1.000000 4
8023 1.000000 4
8027 1.000000 4
8031 -1.000000 4
8035 -1.000000 4
8038 1.000000 3
8042 -1.000000 4
8045 -1.000000 3
8049 1.000000 4
8053 -1.000000 4
8057 -1.000000 4
8062 0.000000 5
8066 1.000000 4
8070 -1.000000 4
8074 1.000000 4
8078 -1.000000 4
8083 1.000000 5
8087 1.000000 4
8091 -1.000000 4
8094 -1.000000 3
8097 1.000000 3
8100 1.000000 3
8104 1.000000 4
8108 -1.000000 4
8113 1.000000 5
8118 1.000000 5
8123 1.000000 5
8128 1.000000 5
8132 -1.000000 4
8135 1.000000 3
8139 1.000000 4
8142 -1.000000 3
8147 0.000000 5
8151 -1.000000 4
8155 -1.000000 4
8159 1.000000 4
8164 1.000000 5
8168 1.000000 4
8173 1.000000 5
8177 1.000000 4
8181 1.000000 4
8186 1.000000 5
8191 1.000000 5
8194 -1.000000 3
8198 -1.000000 4
8202 1.000000 4
8206 -1.000000 4
8209 -1.000000 3
8212 1.000000 3
8216 1.000000 4
8221 1.000000 5
8225 1.000000 4
8229 1.000000 4
8233 -1.000000 4
8237 1.000000 4
8242 1.000000 5
8246 1.000000 4
8251 1.000000 5
8254 -1.000000 3
8258 1.000000 4
8262 -1.000000 4
8267 1.000000 5
8272 1.000000 5
8277 1.000000 5
8280 -1.000000 3
8285 0.000000 5
8289 1.000000 4
8293 -1.000000 4
8297 -1.000000 4
8301 -1.000000 4
8304 1.000000 3
8309 1.000000 5
8314 1.000000 5
8318 1.000000 4
8321 1.000000 3
8326 1.000000 5
8330 -1.000000 4
8335 0.000000 5
8339 1.000000 4
8343 -1.000000 4
8347 1.000000 4
8352 0.000000 5
8356 1.000000 4
8361 1.000000 5
8366 1.000000 5
8369 1.000000 3
8374 1.000000 5
8379 1.000000 5
8383 -1.000000 4
8388 0.000000 5
8392 1.000000 4
8395 1.000000 3
8398 -1.000000 3
8403 1.000000 5
8407 -1.000000 4
8411 1.000000 4
8416 0.000000 5
8420 1.000000 4
8424 1.000000 4
8428 1.000000 4
8433 1.000000 5
8438 1.000000 5
8442 1.000000 4
8446 1.000000 4
8450 1.000000 4
8454 -1.000000 4
8457 -1.000000 3
8461 -1.000000 4
8466 1.000000 5
8471 1.000000 5
8476 0.000000 5
8479 -1.000000 3
8483 -1.000000 4
8488 1.000000 5
8493 0.000000 5
8498 1.000000 5
8502 -1.000000 4
8506 -1.000000 4
8510 1.000000 4
8514 -1.000000 4
8518 1.000000 4
8521 -1.000000 3
8525 1.000000 4
8529 -1.000000 4
8533 1.000000 4
8537 1.000000 4
8541 1.000000 4
8545 1.000000 4
8550 0.000000 5
8554 1.000000 4
8559 0.000000 5
8563 -1.000000 4
8566 -1.000000 3
8571 1.000000 5
8576 1.000000 5
8580 -1.000000 4
8585 0.000000 5
8590 1.000000 5
8594 1.000000 4
8598 -1.000000 4
8603 1.000000 5
8608 1.000000 5
8611 1.000000 3
8616 1.000000 5
8619 1.000000 3
8623 -1.000000 4
8627 1.000000 4
8630 -1.000000 3
8635 1.000000 5
8639 1.000000 4
8643 1.000000 4
8647 1.000000 4
8650 1.000000 3
8654 -1.000000 4
8658 -1.000000 4
8663 1.000000 5
8667 1.000000 4
8671 -1.000000 4
8675 1.000000 4
8679 -1.000000 4
8682 1.000000 3
8687 1.000000 5
8691 1.000000 4
8696 1.000000 5
8700 1.000000 4
8704 -1.000000 4
8709 1.000000 5
8713 1.000000 4
8717 1.000000 4
8721 1.000000 4
8726 1.000000 5
8729 -1.000000 3
8733 1.000000 4
8738 0.000000 5
8741 -1.000000 3
8745 1.000000 4
8750 0.000000 5
8754 1.000000 4
8758 1.000000 4
8763 1.000000 5
8767 -1.000000 4
8770 -1.000000 3
8774 1.000000 4
8778 1.000000 4
8781 1.000000 3
8786 0.000000 5
8790 -1.000000 4
8795 0.000000 5
8799 -1.000000 4
8804 0.000000 5
8808 1.000000 4
8811 -1.000000 3
8815 -1.000000 4
8818 1.000000 3
8822 -1.000000 4
8825 -1.000000 3
8830 1.000000 5
8834 1.000000 4
8838 1.000000 4
8841 -1.000000 3
8845 1.000000 4
8849 1.000000 4
8854 1.000000 5
8857 1.000000 3
8861 1.000000 4
8865 1.000000 4
8868 -1.000000 3
8873 0.000000 5
8877 1.000000 4
8881 1.000000 4
8886 0.000000 5
8889 -1.000000 3
8894 1.000000 5
8898 -1.000000 4
8902 1.000000 4
8905 1.000000 3
8909 1.000000 4
8913 -1.000000 4
8917 1.000000 4
8921 -1.000000 4
8926 1.000000 5
8930 1.000000 4
8935 1.000000 5
8940 0.000000 5
8944 1.000000 4
8949 0.000000 5
8953 1.000000 4
8957 1.000000 4
8962 0.000000 5
8967 0.000000 5
8972 1.000000 5
8977 0.000000 5
8982 0.000000 5
8986 -1.000000 4
8990 1.000000 4
8994 1.000000 4
8999 0.000000 5
9004 0.000000 5
9009 1.000000 5
9013 1.000000 4
9018 1.000000 5
9021 -1.000000 3
9026 0.000000 5
9030 -1.000000 4
9034 1.000000 4
9039 1.000000 5
9044 1.000000 5
9048 1.000000 4
9052 1.000000 4
9057 0.000000 5
9062 0.000000 5
9067 0.000000 5
9072 1.000000 5
9076 1.000000 4
9080 1.000000 4
9085 0.000000 5
9089 -1.000000 4
9094 0.000000 5
9099 0.000000 5
9102 -1.000000 3
9106 1.000000 4
9110 1.000000 4
9113 -1.000000 3
9116 -1.000000 3
9120 1.000000 4
9124 1.000000 4
9128 -1.000000 4
9133 1.000000 5
9137 -1.000000 4
9142 0.000000 5
9147 0.000000 5
9152 1.000000 5
9156 -1.000000 4
9160 -1.000000 4
9164 1.000000 4
9169 1.000000 5
9174 1.000000 5
9177 1.000000 3
9180 1.000000 3
9185 1.000000 5
9189 -1.000000 4
9194 1.000000 5
9199 1.000000 5
9204 0.000000 5
9208 1.000000 4
9213 1.000000 5
9216 -1.000000 3
9221 1.000000 5
9226 0.000000 5
9230 -1.000000 4
9235 1.000000 5
9240 0.000000 5
9243 -1.000000 3
9248 1.000000 5
9253 0.000000 5
9256 1.000000 3
9261 0.000000 5
9264 -1.000000 3
9267 1.000000 3
9270 1.000000 3
9274 1.000000 4
9278 -1.000000 4
9283 0.000000 5
9286 -1.000000 3
9290 -1.000000 4
9294 -1.000000 4
9298 -1.000000 4
9302 1.000000 4
9307 0.000000 5
9312 0.000000 5
9316 -1.000000 4
9321 1.000000 5
9325 1.000000 4
9329 1.000000 4
9333 1.000000 4
9336 -1.000000 3
9340 1.000000 4
9343 1.000000 3
9348 0.000000 5
9352 1.000000 4
9357 1.000000 5
9361 -1.000000 4
9365 -1.000000 4
9368 1.000000 3
9372 1.000000 4
9376 -1.000000 4
9379 -1.000000 3
9384 1.000000 5
9387 -1.000000 3
9391 -1.000000 4
9395 -1.000000 4
9400 1.000000 5
9405 0.000000 5
9408 -1.000000 3
9411 -1.000000 3
9415 -1.000000 4
9419 -1.000000 4
9424 1.000000 5
9428 1.000000 4
9433 1.000000 5
9438 0.000000 5
9442 -1.000000 4
9447 1.000000 5
9450 -1.000000 3
9454 -1.000000 4
9458 -1.000000 4
9462 1.000000 4
9466 -1.000000 4
9469 -1.000000 3
9474 1.000000 5
9478 -1.000000 4
9483 0.000000 5
9488 1.000000 5
9493 1.000000 5
9497 1.000000 4
9501 -1.000000 4
9506 1.000000 5
9510 -1.000000 4
9515 1.000000 5
9519 1.000000 4
9523 -1.000000 4
9527 -1.000000 4
9530 -1.000000 3
9534 1.000000 4
9539 1.000000 5
9543 1.000000 4
9548 1.000000 5
9552 1.000000 4
9555 1.000000 3
9559 -1.000000 4
9564 0.000000 5
9567 -1.000000 3
9572 1.000000 5
9576 1.000000 4
9580 -1.000000 4
9584 -1.000000 4
9589 0.000000 5
9594 1.000000 5
9597 1.000000 3
9602 1.000000 5
9606 1.000000 4
9611 1.000000 5
9616 1.000000 5
9620 1.000000 4
9624 -1.000000 4
9629 0.000000 5
9634 1.000000 5
9638 1.000000 4
9642 -1.000000 4
9646 1.000000 4
9650 -1.000000 4
9654 1.000000 4
9658 -1.000000 4
9663 1.000000 5
9667 1.000000 4
9670 -1.000000 3
9675 1.000000 5
9679 1.000000 4
9684 0.000000 5
9688 1.000000 4
9693 1.000000 5
9696 1.000000 3
9700 -1.000000 4
9704 1.000000 4
9707 1.000000 3
9710 -1.000000 3
9714 1.000000 4
9719 0.000000 5
9724 1.000000 5
9729 1.000000 5
9732 -1.000000 3
9736 -1.000000 4
9740 1.000000 4
9743 1.000000 3
9747 1.000000 4
9750 -1.000000 3
9754 1.000000 4
9758 -1.000000 4
9763 1.000000 5
9768 1.000000 5
9773 1.000000 5
9777 1.000000 4
9782 1.000000 5
9787 0.000000 5
9791 1.000000 4
9795 1.000000 4
9800 0.000000 5
9803 -1.000000 3
9807 1.000000 4
9811 1.000000 4
9816 1.000000 5
9821 1.000000 5
9825 -1.000000 4
9830 0.000000 5
9834 -1.000000 4
9838 -1.000000 4
9842 -1.000000 4
9846 -1.000000 4
9850 1.000000 4
9855 1.000000 5
9859 1.000000 4
9864 1.000000 5
9868 -1.000000 4
9871 1.000000 3
9876 1.000000 5
9880 1.000000 4
9883 -1.000000 3
9888 1.000000 5
9891 -1.000000 3
9895 -1.000000 4
9898 -1.000000 3
9901 -1.000000 3
9906 1.000000 5
9910 1.000000 4
9915 1.000000 5
9920 1.000000 5
9924 -1.000000 4
9928 1.000000 4
9932 1.000000 4
9935 -1.000000 3
9938 1.000000 3
9943 0.000000 5
9947 1.000000 4
9951 -1.000000 4
9956 1.000000 5
9960 1.000000 4
9964 1.000000 4
9969 1.000000 5
9974 1.000000 5
9979 1.000000 5
9983 1.000000 4
9988 0.000000 5
9992 -1.000000 4
9996 1.000000 4
9999 -1.000000 3
10003 1.000000 4
