4 -1.000000 4
9 -1.000000 5
13 -1.000000 4
17 -1.000000 4
22 -1.000000 5
26 -1.000000 4
30 -1.000000 4
34 -1.000000 4
38 -1.000000 4
42 -1.000000 4
46 -1.000000 4
50 -1.000000 4
55 -1.000000 5
59 -1.000000 4
63 -1.000000 4
67 -1.000000 4
71 -1.000000 4
75 -1.000000 4
79 -1.000000 4
83 -1.000000 4
87 -1.000000 4
91 -1.000000 4
95 -1.000000 4
99 -1.000000 4
103 -1.000000 4
107 -1.000000 4
111 -1.000000 4
116 -1.000000 5
120 -1.000000 4
124 -1.000000 4
128 -1.000000 4
132 -1.000000 4
136 -1.000000 4
140 -1.000000 4
144 -1.000000 4
148 -1.000000 4
152 -1.000000 4
156 -1.000000 4
160 -1.000000 4
165 -1.000000 5
170 -1.000000 5
174 -1.000000 4
178 -1.000000 4
182 -1.000000 4
186 -1.000000 4
190 -1.000000 4
194 -1.000000 4
198 -1.000000 4
202 -1.000000 4
206 -1.000000 4
210 -1.000000 4
214 -1.000000 4
219 -1.000000 5
223 -1.000000 4
227 -1.000000 4
232 -1.000000 5
236 -1.000000 4
240 -1.000000 4
244 -1.000000 4
248 -1.000000 4
252 -1.000000 4
256 -1.000000 4
260 -1.000000 4
264 -1.000000 4
268 -1.000000 4
272 -1.000000 4
277 -1.000000 5
281 -1.000000 4
286 -1.000000 5
290 -1.000000 4
294 -1.000000 4
298 -1.000000 4
302 -1.000000 4
307 -1.000000 5
311 -1.000000 4
316 -1.000000 5
320 -1.000000 4
324 -1.000000 4
328 -1.000000 4
332 -1.000000 4
336 -1.000000 4
340 -1.000000 4
345 -1.000000 5
349 -1.000000 4
354 -1.000000 5
358 -1.000000 4
362 -1.000000 4
366 -1.000000 4
371 -1.000000 5
375 -1.000000 4
379 -1.000000 4
383 -1.000000 4
387 -1.000000 4
391 -1.000000 4
395 -1.000000 4
399 -1.000000 4
403 -1.000000 4
407 -1.000000 4
411 -1.000000 4
415 -1.000000 4
419 -1.000000 4
423 -1.000000 4
427 -1.000000 4
431 -1.000000 4
435 -1.000000 4
439 -1.000000 4
443 -1.000000 4
447 -1.000000 4
451 -1.000000 4
455 -1.000000 4
459 -1.000000 4
463 -1.000000 4
467 -1.000000 4
471 -1.000000 4
475 -1.000000 4
479 -1.000000 4
483 -1.000000 4
487 -1.000000 4
491 -1.000000 4
495 -1.000000 4
499 -1.000000 4
503 -1.000000 4
