5 -1.000000 5
10 1.000000 5
15 1.000000 5
20 1.000000 5
24 -1.000000 4
28 1.000000 4
32 1.000000 4
37 1.000000 5
42 0.000000 5
47 1.000000 5
52 0.000000 5
57 1.000000 5
60 1.000000 3
65 1.000000 5
69 -1.000000 4
74 0.000000 5
79 1.000000 5
84 -1.000000 5
88 1.000000 4
93 -1.000000 5
98 1.000000 5
102 -1.000000 4
107 0.000000 5
112 0.000000 5
117 1.000000 5
121 1.000000 4
126 1.000000 5
131 1.000000 5
136 0.000000 5
139 1.000000 3
144 -1.000000 5
149 0.000000 5
153 1.000000 4
157 1.000000 4
162 1.000000 5
167 1.000000 5
172 -1.000000 5
177 1.000000 5
181 1.000000 4
186 -1.000000 5
189 1.000000 3
194 -1.000000 5
198 1.000000 4
202 -1.000000 4
206 1.000000 4
211 -1.000000 5
216 -1.000000 5
220 1.000000 4
225 0.000000 5
229 1.000000 4
233 1.000000 4
237 1.000000 4
242 0.000000 5
246 1.000000 4
250 1.000000 4
255 -1.000000 5
259 1.000000 4
263 1.000000 4
268 1.000000 5
273 0.000000 5
276 1.000000 3
281 -1.000000 5
286 1.000000 5
291 0.000000 5
296 1.000000 5
301 -1.000000 5
306 -1.000000 5
311 0.000000 5
316 -1.000000 5
321 -1.000000 5
326 1.000000 5
330 1.000000 4
334 -1.000000 4
339 1.000000 5
343 -1.000000 4
347 1.000000 4
351 1.000000 4
356 1.000000 5
361 1.000000 5
366 1.000000 5
371 1.000000 5
376 1.000000 5
380 -1.000000 4
384 -1.000000 4
389 1.000000 5
394 1.000000 5
399 1.000000 5
403 1.000000 4
408 -1.000000 5
412 -1.000000 4
417 0.000000 5
420 1.000000 3
425 -1.000000 5
430 -1.000000 5
435 0.000000 5
439 1.000000 4
443 1.000000 4
447 -1.000000 4
452 1.000000 5
457 1.000000 5
461 1.000000 4
465 1.000000 4
470 1.000000 5
475 1.000000 5
479 1.000000 4
484 1.000000 5
488 -1.000000 4
493 -1.000000 5
498 -1.000000 5
503 1.000000 5
506 1.000000 3
511 1.000000 5
516 -1.000000 5
519 1.000000 3
524 -1.000000 5
528 1.000000 4
533 -1.000000 5
537 1.000000 4
542 -1.000000 5
545 1.000000 3
549 1.000000 4
553 -1.000000 4
558 1.000000 5
562 1.000000 4
567 0.000000 5
572 1.000000 5
576 -1.000000 4
580 1.000000 4
584 1.000000 4
589 -1.000000 5
593 -1.000000 4
598 -1.000000 5
602 -1.000000 4
606 1.000000 4
611 1.000000 5
616 0.000000 5
620 1.000000 4
625 -1.000000 5
630 1.000000 5
634 1.000000 4
638 1.000000 4
643 0.000000 5
648 -1.000000 5
653 1.000000 5
658 0.000000 5
661 1.000000 3
665 1.000000 4
670 -1.000000 5
674 1.000000 4
679 0.000000 5
683 -1.000000 4
686 1.000000 3
691 -1.000000 5
696 0.000000 5
699 1.000000 3
703 1.000000 4
707 -1.000000 4
712 -1.000000 5
716 1.000000 4
721 1.000000 5
725 -1.000000 4
730 -1.000000 5
735 1.000000 5
739 1.000000 4
744 1.000000 5
748 1.000000 4
753 0.000000 5
758 -1.000000 5
761 1.000000 3
766 1.000000 5
771 -1.000000 5
775 1.000000 4
779 -1.000000 4
784 -1.000000 5
789 -1.000000 5
794 0.000000 5
799 -1.000000 5
803 1.000000 4
808 1.000000 5
813 1.000000 5
817 1.000000 4
820 1.000000 3
824 1.000000 4
829 1.000000 5
834 0.000000 5
837 1.000000 3
842 1.000000 5
846 -1.000000 4
850 -1.000000 4
855 0.000000 5
859 1.000000 4
864 0.000000 5
869 1.000000 5
873 -1.000000 4
877 -1.000000 4
881 -1.000000 4
884 1.000000 3
888 1.000000 4
892 1.000000 4
897 0.000000 5
902 1.000000 5
907 -1.000000 5
912 -1.000000 5
916 1.000000 4
920 -1.000000 4
925 -1.000000 5
929 1.000000 4
933 1.000000 4
938 1.000000 5
942 1.000000 4
947 0.000000 5
950 1.000000 3
955 1.000000 5
958 1.000000 3
963 -1.000000 5
968 -1.000000 5
973 1.000000 5
978 1.000000 5
983 0.000000 5
988 0.000000 5
993 0.000000 5
998 1.000000 5
1002 1.000000 4
1007 -1.000000 5
1012 1.000000 5
1017 1.000000 5
1021 1.000000 4
1026 -1.000000 5
1031 -1.000000 5
1036 1.000000 5
1041 -1.000000 5
1046 1.000000 5
1051 0.000000 5
1055 -1.000000 4
1060 1.000000 5
1065 -1.000000 5
1069 1.000000 4
1074 1.000000 5
1079 -1.000000 5
1084 1.000000 5
1088 1.000000 4
1092 1.000000 4
1097 1.000000 5
1102 1.000000 5
1107 1.000000 5
1111 -1.000000 4
1116 -1.000000 5
1121 -1.000000 5
1126 -1.000000 5
1131 1.000000 5
1135 1.000000 4
1140 -1.000000 5
1144 -1.000000 4
1148 -1.000000 4
1151 1.000000 3
1156 0.000000 5
1160 -1.000000 4
1165 0.000000 5
1170 1.000000 5
1173 1.000000 3
1178 1.000000 5
1182 -1.000000 4
1185 1.000000 3
1190 1.000000 5
1194 1.000000 4
1199 0.000000 5
1203 -1.000000 4
1208 0.000000 5
1213 -1.000000 5
1218 -1.000000 5
1222 1.000000 4
1225 1.000000 3
1230 1.000000 5
1235 -1.000000 5
1239 1.000000 4
1243 1.000000 4
1247 -1.000000 4
1252 1.000000 5
1257 1.000000 5
1262 1.000000 5
1266 -1.000000 4
1269 1.000000 3
1274 1.000000 5
1277 1.000000 3
1282 1.000000 5
1285 1.000000 3
1289 1.000000 4
1294 1.000000 5
1299 -1.000000 5
1304 -1.000000 5
1309 0.000000 5
1314 -1.000000 5
1318 1.000000 4
1323 -1.000000 5
1328 -1.000000 5
1333 1.000000 5
1337 1.000000 4
1342 0.000000 5
1347 1.000000 5
1352 1.000000 5
1356 1.000000 4
1360 1.000000 4
1365 0.000000 5
1368 1.000000 3
1373 1.000000 5
1376 1.000000 3
1380 1.000000 4
1385 1.000000 5
1390 1.000000 5
1395 1.000000 5
1399 1.000000 4
1404 0.000000 5
1408 1.000000 4
1412 1.000000 4
1416 1.000000 4
1421 1.000000 5
1426 -1.000000 5
1429 1.000000 3
1432 1.000000 3
1436 1.000000 4
1441 0.000000 5
1446 -1.000000 5
1450 1.000000 4
1454 1.000000 4
1459 1.000000 5
1464 1.000000 5
1467 1.000000 3
1472 -1.000000 5
1476 -1.000000 4
1480 -1.000000 4
1484 1.000000 4
1488 1.000000 4
1492 1.000000 4
1497 -1.000000 5
1502 -1.000000 5
1506 -1.000000 4
1510 1.000000 4
1514 1.000000 4
1519 -1.000000 5
1523 1.000000 4
1528 -1.000000 5
1533 1.000000 5
1538 1.000000 5
1542 1.000000 4
1547 1.000000 5
1552 -1.000000 5
1557 -1.000000 5
1561 1.000000 4
1565 -1.000000 4
1569 1.000000 4
1574 0.000000 5
1579 1.000000 5
1584 1.000000 5
1588 1.000000 4
1593 -1.000000 5
1597 1.000000 4
1602 1.000000 5
1605 1.000000 3
1608 1.000000 3
1612 1.000000 4
1616 1.000000 4
1620 1.000000 4
1625 0.000000 5
1630 1.000000 5
1635 0.000000 5
1639 1.000000 4
1644 0.000000 5
1649 -1.000000 5
1654 1.000000 5
1658 1.000000 4
1662 1.000000 4
1667 0.000000 5
1672 1.000000 5
1677 -1.000000 5
1681 1.000000 4
1686 -1.000000 5
1689 1.000000 3
1693 1.000000 4
1697 1.000000 4
1702 0.000000 5
1707 1.000000 5
1712 1.000000 5
1716 -1.000000 4
1721 0.000000 5
1726 1.000000 5
1731 0.000000 5
1736 0.000000 5
1740 1.000000 4
1745 -1.000000 5
1750 0.000000 5
1755 1.000000 5
1760 0.000000 5
1765 1.000000 5
1769 1.000000 4
1774 1.000000 5
1779 -1.000000 5
1783 1.000000 4
1788 1.000000 5
1792 1.000000 4
1796 -1.000000 4
1801 1.000000 5
1805 1.000000 4
1810 -1.000000 5
1814 1.000000 4
1818 1.000000 4
1821 1.000000 3
1824 1.000000 3
1829 -1.000000 5
1833 1.000000 4
1837 -1.000000 4
1840 1.000000 3
1845 1.000000 5
1848 1.000000 3
1853 -1.000000 5
1856 1.000000 3
1859 1.000000 3
1864 1.000000 5
1867 1.000000 3
1871 1.000000 4
1875 1.000000 4
1879 1.000000 4
1884 1.000000 5
1888 1.000000 4
1893 -1.000000 5
1896 1.000000 3
1900 1.000000 4
1904 1.000000 4
1909 0.000000 5
1913 1.000000 4
1918 -1.000000 5
1921 1.000000 3
1926 -1.000000 5
1931 -1.000000 5
1935 1.000000 4
1939 1.000000 4
1943 -1.000000 4
1947 1.000000 4
1952 0.000000 5
1955 1.000000 3
1958 1.000000 3
1963 -1.000000 5
1968 -1.000000 5
1973 0.000000 5
1977 1.000000 4
1981 1.000000 4
1984 1.000000 3
1989 0.000000 5
1993 -1.000000 4
1997 1.000000 4
2002 1.000000 5
2007 1.000000 5
2012 -1.000000 5
2016 1.000000 4
2020 -1.000000 4
2024 1.000000 4
2029 -1.000000 5
2033 -1.000000 4
2038 -1.000000 5
2043 1.000000 5
2047 1.000000 4
2052 1.000000 5
2057 -1.000000 5
2062 -1.000000 5
2067 -1.000000 5
2072 1.000000 5
2077 1.000000 5
2082 0.000000 5
2086 -1.000000 4
2091 1.000000 5
2096 -1.000000 5
2101 0.000000 5
2106 -1.000000 5
2111 0.000000 5
2116 -1.000000 5
2121 0.000000 5
2126 1.000000 5
2129 1.000000 3
2134 -1.000000 5
2139 0.000000 5
2144 -1.000000 5
2149 -1.000000 5
2154 0.000000 5
2158 1.000000 4
2163 -1.000000 5
2168 1.000000 5
2173 1.000000 5
2177 1.000000 4
2182 1.000000 5
2186 1.000000 4
2191 -1.000000 5
2195 1.000000 4
2199 -1.000000 4
2202 1.000000 3
2206 1.000000 4
2210 1.000000 4
2215 -1.000000 5
2220 0.000000 5
2224 -1.000000 4
2227 1.000000 3
2232 1.000000 5
2236 1.000000 4
2240 1.000000 4
2244 1.000000 4
2249 -1.000000 5
2254 1.000000 5
2258 1.000000 4
2263 1.000000 5
2267 1.000000 4
2271 -1.000000 4
2276 -1.000000 5
2281 1.000000 5
2286 -1.000000 5
2290 -1.000000 4
2295 -1.000000 5
2299 -1.000000 4
2303 -1.000000 4
2307 1.000000 4
2311 1.000000 4
2316 1.000000 5
2321 1.000000 5
2325 -1.000000 4
2330 1.000000 5
2333 1.000000 3
2338 0.000000 5
2342 1.000000 4
2346 1.000000 4
2350 1.000000 4
2355 -1.000000 5
2358 1.000000 3
2363 0.000000 5
2366 1.000000 3
2371 -1.000000 5
2374 1.000000 3
2378 1.000000 4
2382 -1.000000 4
2387 1.000000 5
2391 1.000000 4
2395 1.000000 4
2400 -1.000000 5
2405 -1.000000 5
2410 -1.000000 5
2415 -1.000000 5
2419 -1.000000 4
2424 -1.000000 5
2428 1.000000 4
2433 -1.000000 5
2438 -1.000000 5
2443 1.000000 5
2448 -1.000000 5
2453 1.000000 5
2458 0.000000 5
2463 0.000000 5
2468 0.000000 5
2473 1.000000 5
2477 1.000000 4
2482 -1.000000 5
2487 1.000000 5
2491 1.000000 4
2496 1.000000 5
2501 -1.000000 5
2505 1.000000 4
2509 1.000000 4
2513 1.000000 4
2518 1.000000 5
2523 -1.000000 5
2527 1.000000 4
2532 1.000000 5
2537 0.000000 5
2541 1.000000 4
2544 1.000000 3
2549 1.000000 5
2553 -1.000000 4
2557 1.000000 4
2561 1.000000 4
2566 1.000000 5
2571 1.000000 5
2576 0.000000 5
2581 0.000000 5
2584 1.000000 3
2589 1.000000 5
2594 0.000000 5
2599 1.000000 5
2604 0.000000 5
2608 1.000000 4
2611 1.000000 3
2616 1.000000 5
2619 1.000000 3
2624 -1.000000 5
2628 1.000000 4
2633 -1.000000 5
2637 -1.000000 4
2642 -1.000000 5
2647 -1.000000 5
2652 -1.000000 5
2657 -1.000000 5
2662 0.000000 5
2666 1.000000 4
2669 1.000000 3
2672 1.000000 3
2675 1.000000 3
2680 -1.000000 5
2683 1.000000 3
2687 1.000000 4
2691 1.000000 4
2696 0.000000 5
2700 1.000000 4
2704 1.000000 4
2708 -1.000000 4
2713 1.000000 5
2717 1.000000 4
2722 0.000000 5
2726 1.000000 4
2731 0.000000 5
2736 -1.000000 5
2741 1.000000 5
2745 -1.000000 4
2748 1.000000 3
2752 1.000000 4
2756 1.000000 4
2761 -1.000000 5
2765 -1.000000 4
2770 0.000000 5
2775 1.000000 5
2780 -1.000000 5
2785 0.000000 5
2790 -1.000000 5
2795 -1.000000 5
2800 1.000000 5
2805 0.000000 5
2809 1.000000 4
2813 1.000000 4
2818 1.000000 5
2823 1.000000 5
2828 0.000000 5
2831 1.000000 3
2835 1.000000 4
2838 1.000000 3
2842 1.000000 4
2846 -1.000000 4
2850 1.000000 4
2855 -1.000000 5
2859 1.000000 4
2864 1.000000 5
2868 1.000000 4
2873 1.000000 5
2878 1.000000 5
2883 0.000000 5
2888 1.000000 5
2892 1.000000 4
2896 1.000000 4
2901 0.000000 5
2905 1.000000 4
2910 -1.000000 5
2914 1.000000 4
2919 1.000000 5
2924 1.000000 5
2929 0.000000 5
2933 1.000000 4
2937 1.000000 4
2942 -1.000000 5
2946 -1.000000 4
2950 1.000000 4
2954 1.000000 4
2959 -1.000000 5
2963 1.000000 4
2968 1.000000 5
2972 1.000000 4
2975 1.000000 3
2980 1.000000 5
2985 0.000000 5
2990 1.000000 5
2994 1.000000 4
2999 1.000000 5
3002 1.000000 3
3006 -1.000000 4
3011 -1.000000 5
3016 0.000000 5
3021 1.000000 5
3025 1.000000 4
3028 1.000000 3
3031 1.000000 3
3035 1.000000 4
3038 1.000000 3
3042 -1.000000 4
3047 -1.000000 5
3052 1.000000 5
3057 0.000000 5
3061 1.000000 4
3065 1.000000 4
3069 1.000000 4
3074 -1.000000 5
3078 1.000000 4
3082 1.000000 4
3086 1.000000 4
3089 1.000000 3
3092 1.000000 3
3097 0.000000 5
3101 1.000000 4
3106 1.000000 5
3110 1.000000 4
3115 1.000000 5
3120 -1.000000 5
3124 1.000000 4
3129 -1.000000 5
3133 -1.000000 4
3138 -1.000000 5
3141 1.000000 3
3145 -1.000000 4
3149 1.000000 4
3154 -1.000000 5
3159 -1.000000 5
3164 0.000000 5
3168 1.000000 4
3173 -1.000000 5
3177 -1.000000 4
3182 -1.000000 5
3186 -1.000000 4
3190 1.000000 4
3194 1.000000 4
3199 1.000000 5
3204 1.000000 5
3208 1.000000 4
3213 1.000000 5
3217 1.000000 4
3222 0.000000 5
3226 1.000000 4
3231 1.000000 5
3235 -1.000000 4
3239 1.000000 4
3243 1.000000 4
3247 -1.000000 4
3252 1.000000 5
3256 1.000000 4
3260 -1.000000 4
3265 1.000000 5
3269 1.000000 4
3274 -1.000000 5
3279 1.000000 5
3282 1.000000 3
3287 1.000000 5
3292 -1.000000 5
3297 0.000000 5
3302 0.000000 5
3306 -1.000000 4
3311 -1.000000 5
3316 1.000000 5
3321 -1.000000 5
3326 -1.000000 5
3331 -1.000000 5
3335 1.000000 4
3339 1.000000 4
3344 -1.000000 5
3349 1.000000 5
3354 -1.000000 5
3359 1.000000 5
3363 -1.000000 4
3368 0.000000 5
3373 1.000000 5
3377 1.000000 4
3381 1.000000 4
3385 1.000000 4
3390 -1.000000 5
3395 -1.000000 5
3399 1.000000 4
3404 0.000000 5
3409 -1.000000 5
3413 1.000000 4
3418 1.000000 5
3421 1.000000 3
3426 0.000000 5
3431 1.000000 5
3436 -1.000000 5
3441 -1.000000 5
3445 1.000000 4
3448 1.000000 3
3453 1.000000 5
3457 1.000000 4
3461 1.000000 4
3465 1.000000 4
3470 0.000000 5
3475 -1.000000 5
3480 1.000000 5
3485 0.000000 5
3489 1.000000 4
3494 1.000000 5
3499 1.000000 5
3503 1.000000 4
3508 1.000000 5
3512 -1.000000 4
3515 1.000000 3
3520 0.000000 5
3525 -1.000000 5
3530 0.000000 5
3534 -1.000000 4
3538 1.000000 4
3543 0.000000 5
3547 1.000000 4
3552 1.000000 5
3557 0.000000 5
3561 1.000000 4
3566 0.000000 5
3571 -1.000000 5
3575 1.000000 4
3580 1.000000 5
3583 1.000000 3
3586 1.000000 3
3591 0.000000 5
3594 1.000000 3
3599 -1.000000 5
3604 1.000000 5
3608 1.000000 4
3613 1.000000 5
3616 1.000000 3
3620 1.000000 4
3624 1.000000 4
3628 1.000000 4
3633 1.000000 5
3637 -1.000000 4
3642 -1.000000 5
3647 1.000000 5
3650 1.000000 3
3653 1.000000 3
3658 1.000000 5
3662 1.000000 4
3667 0.000000 5
3671 -1.000000 4
3676 0.000000 5
3680 1.000000 4
3685 1.000000 5
3690 0.000000 5
3694 1.000000 4
3699 0.000000 5
3703 1.000000 4
3708 -1.000000 5
3712 1.000000 4
3717 0.000000 5
3722 0.000000 5
3725 1.000000 3
3729 1.000000 4
3732 1.000000 3
3737 1.000000 5
3742 0.000000 5
3747 0.000000 5
3752 1.000000 5
3755 1.000000 3
3760 -1.000000 5
3764 1.000000 4
3769 0.000000 5
3774 1.000000 5
3779 0.000000 5
3784 -1.000000 5
3789 1.000000 5
3794 -1.000000 5
3799 0.000000 5
3804 0.000000 5
3809 1.000000 5
3813 -1.000000 4
3816 1.000000 3
3821 0.000000 5
3826 1.000000 5
3831 -1.000000 5
3834 1.000000 3
3837 1.000000 3
3842 1.000000 5
3847 0.000000 5
3852 -1.000000 5
3856 1.000000 4
3860 1.000000 4
3864 1.000000 4
3868 1.000000 4
3872 -1.000000 4
3876 -1.000000 4
3881 0.000000 5
3886 -1.000000 5
3890 1.000000 4
3894 1.000000 4
3899 -1.000000 5
3902 1.000000 3
3907 1.000000 5
3912 0.000000 5
3917 -1.000000 5
3922 0.000000 5
3927 1.000000 5
3931 1.000000 4
3936 1.000000 5
3941 1.000000 5
3945 1.000000 4
3949 1.000000 4
3954 1.000000 5
3959 1.000000 5
3962 1.000000 3
3967 -1.000000 5
3972 0.000000 5
3977 1.000000 5
3981 1.000000 4
3985 1.000000 4
3988 1.000000 3
3993 -1.000000 5
3997 1.000000 4
4002 -1.000000 5
4006 1.000000 4
4011 0.000000 5
4016 0.000000 5
4020 1.000000 4
4024 1.000000 4
4028 1.000000 4
4033 0.000000 5
4037 1.000000 4
4042 0.000000 5
4047 -1.000000 5
4051 1.000000 4
4056 0.000000 5
4061 1.000000 5
4064 1.000000 3
4068 1.000000 4
4073 -1.000000 5
4078 1.000000 5
4083 -1.000000 5
4088 -1.000000 5
4092 1.000000 4
4097 0.000000 5
4102 -1.000000 5
4106 1.000000 4
4111 1.000000 5
4116 0.000000 5
4121 1.000000 5
4125 -1.000000 4
4129 1.000000 4
4134 1.000000 5
4139 1.000000 5
4143 -1.000000 4
4148 1.000000 5
4151 1.000000 3
4155 1.000000 4
4159 1.000000 4
4164 0.000000 5
4168 -1.000000 4
4173 1.000000 5
4178 1.000000 5
4181 1.000000 3
4186 -1.000000 5
4191 -1.000000 5
4195 1.000000 4
4199 1.000000 4
4203 1.000000 4
4206 1.000000 3
4211 1.000000 5
4216 -1.000000 5
4221 -1.000000 5
4226 -1.000000 5
4231 -1.000000 5
4235 1.000000 4
4239 1.000000 4
4243 1.000000 4
4248 -1.000000 5
4252 -1.000000 4
4257 1.000000 5
4262 -1.000000 5
4266 1.000000 4
4269 1.000000 3
4273 1.000000 4
4278 -1.000000 5
4283 1.000000 5
4287 1.000000 4
4292 -1.000000 5
4297 0.000000 5
4302 1.000000 5
4307 -1.000000 5
4311 1.000000 4
4315 -1.000000 4
4320 -1.000000 5
4323 1.000000 3
4328 1.000000 5
4333 1.000000 5
4337 -1.000000 4
4341 1.000000 4
4345 1.000000 4
4350 0.000000 5
4355 -1.000000 5
4360 1.000000 5
4365 -1.000000 5
4370 0.000000 5
4375 0.000000 5
4380 -1.000000 5
4383 1.000000 3
4387 1.000000 4
4392 1.000000 5
4397 0.000000 5
4401 -1.000000 4
4406 -1.000000 5
4411 -1.000000 5
4416 -1.000000 5
4421 0.000000 5
4425 1.000000 4
4430 -1.000000 5
4435 1.000000 5
4439 1.000000 4
4443 1.000000 4
4448 0.000000 5
4453 -1.000000 5
4457 1.000000 4
4462 0.000000 5
4466 1.000000 4
4470 -1.000000 4
4475 0.000000 5
4479 1.000000 4
4484 0.000000 5
4489 1.000000 5
4494 1.000000 5
4499 -1.000000 5
4504 -1.000000 5
4509 -1.000000 5
4513 1.000000 4
4516 1.000000 3
4521 0.000000 5
4525 1.000000 4
4530 1.000000 5
4534 -1.000000 4
4538 -1.000000 4
4541 1.000000 3
4546 -1.000000 5
4551 -1.000000 5
4555 -1.000000 4
4559 1.000000 4
4563 1.000000 4
4568 -1.000000 5
4573 -1.000000 5
4578 1.000000 5
4583 -1.000000 5
4588 1.000000 5
4592 1.000000 4
4597 1.000000 5
4602 1.000000 5
4607 1.000000 5
4611 -1.000000 4
4615 -1.000000 4
4620 0.000000 5
4625 1.000000 5
4630 1.000000 5
4635 0.000000 5
4639 1.000000 4
4643 1.000000 4
4648 0.000000 5
4653 -1.000000 5
4658 0.000000 5
4663 1.000000 5
4668 0.000000 5
4673 0.000000 5
4677 1.000000 4
4682 0.000000 5
4686 1.000000 4
4690 1.000000 4
4694 -1.000000 4
4699 -1.000000 5
4704 1.000000 5
4709 0.000000 5
4713 1.000000 4
4718 -1.000000 5
4722 -1.000000 4
4726 1.000000 4
4731 -1.000000 5
4734 1.000000 3
4738 -1.000000 4
4743 0.000000 5
4746 1.000000 3
4751 -1.000000 5
4755 1.000000 4
4759 1.000000 4
4763 1.000000 4
4768 0.000000 5
4772 1.000000 4
4776 1.000000 4
4781 0.000000 5
4786 0.000000 5
4791 1.000000 5
4795 1.000000 4
4799 1.000000 4
4804 -1.000000 5
4808 1.000000 4
4813 1.000000 5
4818 1.000000 5
4823 -1.000000 5
4828 -1.000000 5
4832 1.000000 4
4837 1.000000 5
4840 1.000000 3
4844 1.000000 4
4849 0.000000 5
4853 1.000000 4
4857 1.000000 4
4861 1.000000 4
4864 1.000000 3
4869 1.000000 5
4874 1.000000 5
4878 -1.000000 4
4883 -1.000000 5
4887 1.000000 4
4891 1.000000 4
4895 1.000000 4
4899 1.000000 4
4904 -1.000000 5
4908 1.000000 4
4912 1.000000 4
4917 -1.000000 5
4922 0.000000 5
4926 1.000000 4
4931 1.000000 5
4936 -1.000000 5
4941 1.000000 5
4945 1.000000 4
4950 0.000000 5
4953 1.000000 3
4956 1.000000 3
4959 1.000000 3
4963 1.000000 4
4968 -1.000000 5
4973 1.000000 5
4978 1.000000 5
4983 -1.000000 5
4987 -1.000000 4
4991 -1.000000 4
4996 0.000000 5
5001 -1.000000 5
5004 1.000000 3
5009 1.000000 5
5013 1.000000 4
5018 -1.000000 5
5021 1.000000 3
5026 -1.000000 5
5030 1.000000 4
5034 1.000000 4
5039 1.000000 5
5044 -1.000000 5
5049 -1.000000 5
5054 -1.000000 5
5058 1.000000 4
5063 0.000000 5
5068 0.000000 5
5073 1.000000 5
5078 0.000000 5
5083 1.000000 5
5087 1.000000 4
5091 1.000000 4
5095 1.000000 4
5100 1.000000 5
5105 1.000000 5
5109 1.000000 4
5114 -1.000000 5
5118 1.000000 4
5123 0.000000 5
5128 1.000000 5
5133 -1.000000 5
5138 -1.000000 5
5142 1.000000 4
5146 1.000000 4
5151 1.000000 5
5155 -1.000000 4
5160 1.000000 5
5164 1.000000 4
5169 1.000000 5
5172 1.000000 3
5177 1.000000 5
5181 1.000000 4
5186 1.000000 5
5191 1.000000 5
5195 1.000000 4
5199 1.000000 4
5204 1.000000 5
5208 -1.000000 4
5213 0.000000 5
5217 1.000000 4
5222 -1.000000 5
5226 1.000000 4
5230 -1.000000 4
5235 -1.000000 5
5240 1.000000 5
5245 0.000000 5
5250 -1.000000 5
5255 -1.000000 5
5259 1.000000 4
5263 1.000000 4
5267 -1.000000 4
5272 -1.000000 5
5277 1.000000 5
5281 1.000000 4
5286 0.000000 5
5290 1.000000 4
5294 1.000000 4
5299 -1.000000 5
5304 0.000000 5
5309 -1.000000 5
5314 0.000000 5
5319 -1.000000 5
5324 1.000000 5
5328 1.000000 4
5332 1.000000 4
5337 -1.000000 5
5342 0.000000 5
5347 1.000000 5
5352 0.000000 5
5356 1.000000 4
5360 1.000000 4
5364 -1.000000 4
5369 -1.000000 5
5374 1.000000 5
5379 0.000000 5
5384 0.000000 5
5389 -1.000000 5
5392 1.000000 3
5396 -1.000000 4
5399 1.000000 3
5404 1.000000 5
5408 1.000000 4
5413 0.000000 5
5418 -1.000000 5
5422 1.000000 4
5426 1.000000 4
5431 1.000000 5
5435 1.000000 4
5440 -1.000000 5
5445 -1.000000 5
5450 -1.000000 5
5455 -1.000000 5
5459 -1.000000 4
5463 1.000000 4
5468 1.000000 5
5473 1.000000 5
5478 1.000000 5
5483 1.000000 5
5488 1.000000 5
5492 1.000000 4
5495 1.000000 3
5498 1.000000 3
5503 0.000000 5
5508 -1.000000 5
5513 -1.000000 5
5517 1.000000 4
5521 1.000000 4
5526 1.000000 5
5531 0.000000 5
5536 1.000000 5
5541 1.000000 5
5545 1.000000 4
5550 0.000000 5
5555 0.000000 5
5560 -1.000000 5
5564 1.000000 4
5569 0.000000 5
5573 1.000000 4
5578 1.000000 5
5582 1.000000 4
5587 1.000000 5
5591 1.000000 4
5596 -1.000000 5
5600 1.000000 4
5603 1.000000 3
5607 -1.000000 4
5610 1.000000 3
5615 -1.000000 5
5620 1.000000 5
5625 1.000000 5
5630 1.000000 5
5634 1.000000 4
5638 -1.000000 4
5643 1.000000 5
5648 1.000000 5
5652 -1.000000 4
5655 1.000000 3
5660 -1.000000 5
5665 1.000000 5
5669 1.000000 4
5674 0.000000 5
5679 1.000000 5
5684 0.000000 5
5689 1.000000 5
5694 -1.000000 5
5698 1.000000 4
5701 1.000000 3
5705 1.000000 4
5710 -1.000000 5
5713 1.000000 3
5718 1.000000 5
5723 1.000000 5
5727 1.000000 4
5732 0.000000 5
5737 -1.000000 5
5741 1.000000 4
5745 1.000000 4
5750 -1.000000 5
5753 1.000000 3
5758 1.000000 5
5763 0.000000 5
5767 -1.000000 4
5772 1.000000 5
5776 -1.000000 4
5780 1.000000 4
5785 0.000000 5
5789 1.000000 4
5794 -1.000000 5
5798 -1.000000 4
5802 -1.000000 4
5806 1.000000 4
5810 1.000000 4
5813 1.000000 3
5817 1.000000 4
5821 1.000000 4
5826 -1.000000 5
5830 1.000000 4
5835 -1.000000 5
5839 1.000000 4
5844 1.000000 5
5848 1.000000 4
5853 1.000000 5
5857 -1.000000 4
5862 -1.000000 5
5867 0.000000 5
5872 -1.000000 5
5876 1.000000 4
5880 1.000000 4
5885 0.000000 5
5889 1.000000 4
5894 -1.000000 5
5899 1.000000 5
5903 1.000000 4
5907 1.000000 4
5912 1.000000 5
5915 1.000000 3
5919 1.000000 4
5923 -1.000000 4
5927 1.000000 4
5932 1.000000 5
5937 -1.000000 5
5942 1.000000 5
5946 1.000000 4
5950 1.000000 4
5955 1.000000 5
5960 -1.000000 5
5964 1.000000 4
5969 1.000000 5
5974 1.000000 5
5978 1.000000 4
5982 1.000000 4
5987 1.000000 5
5991 1.000000 4
5996 1.000000 5
6001 -1.000000 5
6006 0.000000 5
6011 1.000000 5
6016 1.000000 5
6019 1.000000 3
6023 1.000000 4
6028 1.000000 5
6031 1.000000 3
6035 1.000000 4
6040 1.000000 5
6045 0.000000 5
6050 1.000000 5
6055 -1.000000 5
6060 -1.000000 5
6065 1.000000 5
6070 0.000000 5
6075 -1.000000 5
6080 0.000000 5
6085 -1.000000 5
6090 -1.000000 5
6094 1.000000 4
6098 1.000000 4
6101 1.000000 3
6106 1.000000 5
6111 1.000000 5
6116 1.000000 5
6121 -1.000000 5
6125 -1.000000 4
6130 0.000000 5
6134 1.000000 4
6138 1.000000 4
6142 1.000000 4
6146 1.000000 4
6150 1.000000 4
6155 -1.000000 5
6159 1.000000 4
6164 -1.000000 5
6169 1.000000 5
6172 1.000000 3
6177 -1.000000 5
6182 0.000000 5
6186 -1.000000 4
6190 1.000000 4
6194 1.000000 4
6199 1.000000 5
6204 -1.000000 5
6207 1.000000 3
6212 0.000000 5
6215 1.000000 3
6220 -1.000000 5
6224 1.000000 4
6228 1.000000 4
6233 1.000000 5
6238 -1.000000 5
6242 1.000000 4
6247 0.000000 5
6252 1.000000 5
6255 1.000000 3
6260 -1.000000 5
6264 -1.000000 4
6268 -1.000000 4
6273 0.000000 5
6277 1.000000 4
6281 1.000000 4
6285 -1.000000 4
6289 1.000000 4
6294 1.000000 5
6299 -1.000000 5
6304 1.000000 5
6309 1.000000 5
6313 1.000000 4
6317 1.000000 4
6321 -1.000000 4
6325 1.000000 4
6329 -1.000000 4
6332 1.000000 3
6335 1.000000 3
6340 -1.000000 5
6344 1.000000 4
6349 1.000000 5
6353 1.000000 4
6358 -1.000000 5
6362 1.000000 4
6366 1.000000 4
6370 1.000000 4
6374 1.000000 4
6379 1.000000 5
6384 1.000000 5
6388 1.000000 4
6392 -1.000000 4
6397 1.000000 5
6402 0.000000 5
6406 1.000000 4
6409 1.000000 3
6414 -1.000000 5
6419 -1.000000 5
6423 1.000000 4
6427 1.000000 4
6432 -1.000000 5
6435 1.000000 3
6440 1.000000 5
6443 1.000000 3
6447 -1.000000 4
6451 1.000000 4
6456 0.000000 5
6460 1.000000 4
6465 1.000000 5
6470 1.000000 5
6473 1.000000 3
6478 1.000000 5
6482 1.000000 4
6485 1.000000 3
6489 1.000000 4
6493 1.000000 4
6497 -1.000000 4
6501 1.000000 4
6504 1.000000 3
6509 1.000000 5
6514 0.000000 5
6519 -1.000000 5
6524 -1.000000 5
6528 -1.000000 4
6533 0.000000 5
6538 -1.000000 5
6543 1.000000 5
6548 0.000000 5
6553 -1.000000 5
6556 1.000000 3
6561 -1.000000 5
6566 1.000000 5
6570 -1.000000 4
6575 -1.000000 5
6579 1.000000 4
6584 0.000000 5
6589 1.000000 5
6593 -1.000000 4
6598 1.000000 5
6601 1.000000 3
6606 1.000000 5
6610 -1.000000 4
6615 1.000000 5
6620 1.000000 5
6625 -1.000000 5
6629 -1.000000 4
6634 -1.000000 5
6638 1.000000 4
6642 -1.000000 4
6647 -1.000000 5
6652 0.000000 5
6657 0.000000 5
6662 0.000000 5
6667 -1.000000 5
6670 1.000000 3
6675 0.000000 5
6680 -1.000000 5
6685 1.000000 5
6690 1.000000 5
6694 1.000000 4
6697 1.000000 3
6702 -1.000000 5
6707 1.000000 5
6711 1.000000 4
6716 -1.000000 5
6721 -1.000000 5
6726 0.000000 5
6731 0.000000 5
6736 1.000000 5
6741 -1.000000 5
6746 1.000000 5
6751 1.000000 5
6756 0.000000 5
6761 -1.000000 5
6766 0.000000 5
6771 1.000000 5
6776 1.000000 5
6780 1.000000 4
6785 -1.000000 5
6789 1.000000 4
6794 1.000000 5
6799 0.000000 5
6804 -1.000000 5
6807 1.000000 3
6812 -1.000000 5
6816 1.000000 4
6821 -1.000000 5
6826 1.000000 5
6830 1.000000 4
6835 0.000000 5
6840 -1.000000 5
6844 1.000000 4
6849 -1.000000 5
6853 -1.000000 4
6858 1.000000 5
6862 1.000000 4
6867 -1.000000 5
6871 1.000000 4
6876 0.000000 5
6880 1.000000 4
6885 0.000000 5
6888 1.000000 3
6893 -1.000000 5
6898 1.000000 5
6902 1.000000 4
6907 1.000000 5
6912 -1.000000 5
6917 -1.000000 5
6922 -1.000000 5
6926 1.000000 4
6930 1.000000 4
6935 1.000000 5
6938 1.000000 3
6943 0.000000 5
6948 1.000000 5
6953 0.000000 5
6958 0.000000 5
6963 -1.000000 5
6968 -1.000000 5
6973 1.000000 5
6977 1.000000 4
6982 1.000000 5
6987 0.000000 5
6992 -1.000000 5
6995 1.000000 3
6999 1.000000 4
7004 -1.000000 5
7009 1.000000 5
7013 1.000000 4
7018 0.000000 5
7023 0.000000 5
7028 0.000000 5
7032 1.000000 4
7036 -1.000000 4
7041 1.000000 5
7046 -1.000000 5
7050 1.000000 4
7054 1.000000 4
7057 1.000000 3
7062 1.000000 5
7067 1.000000 5
7072 1.000000 5
7077 -1.000000 5
7081 1.000000 4
7085 1.000000 4
7088 1.000000 3
7092 1.000000 4
7097 -1.000000 5
7102 1.000000 5
7105 1.000000 3
7109 -1.000000 4
7113 1.000000 4
7118 0.000000 5
7122 -1.000000 4
7126 1.000000 4
7130 1.000000 4
7134 1.000000 4
7139 -1.000000 5
7143 1.000000 4
7147 1.000000 4
7152 1.000000 5
7157 0.000000 5
7161 -1.000000 4
7165 1.000000 4
7169 1.000000 4
7174 1.000000 5
7179 1.000000 5
7184 1.000000 5
7189 1.000000 5
7194 1.000000 5
7197 1.000000 3
7201 1.000000 4
7206 0.000000 5
7210 1.000000 4
7213 1.000000 3
7218 0.000000 5
7222 -1.000000 4
7227 1.000000 5
7232 -1.000000 5
7237 -1.000000 5
7241 1.000000 4
7245 1.000000 4
7250 0.000000 5
7255 -1.000000 5
7260 1.000000 5
7265 -1.000000 5
7269 1.000000 4
7274 1.000000 5
7279 -1.000000 5
7284 0.000000 5
7289 0.000000 5
7294 -1.000000 5
7299 1.000000 5
7304 -1.000000 5
7309 1.000000 5
7314 -1.000000 5
7319 1.000000 5
7322 1.000000 3
7327 1.000000 5
7331 1.000000 4
7334 1.000000 3
7339 -1.000000 5
7343 -1.000000 4
7347 1.000000 4
7351 -1.000000 4
7355 1.000000 4
7359 -1.000000 4
7364 0.000000 5
7368 -1.000000 4
7372 1.000000 4
7376 1.000000 4
7381 0.000000 5
7385 1.000000 4
7390 1.000000 5
7395 -1.000000 5
7400 -1.000000 5
7405 1.000000 5
7409 1.000000 4
7414 0.000000 5
7419 -1.000000 5
7424 -1.000000 5
7429 -1.000000 5
7433 1.000000 4
7438 -1.000000 5
7443 0.000000 5
7446 1.000000 3
7451 -1.000000 5
7455 -1.000000 4
7460 -1.000000 5
7465 -1.000000 5
7469 -1.000000 4
7474 0.000000 5
7479 0.000000 5
7482 1.000000 3
7485 1.000000 3
7489 1.000000 4
7494 0.000000 5
7498 1.000000 4
7502 -1.000000 4
7507 0.000000 5
7512 -1.000000 5
7517 -1.000000 5
7522 0.000000 5
7526 -1.000000 4
7531 0.000000 5
7535 -1.000000 4
7539 1.000000 4
7543 1.000000 4
7548 1.000000 5
7551 1.000000 3
7555 1.000000 4
7560 -1.000000 5
7565 1.000000 5
7570 1.000000 5
7575 1.000000 5
7580 -1.000000 5
7584 -1.000000 4
7589 -1.000000 5
7593 1.000000 4
7597 -1.000000 4
7602 1.000000 5
7607 0.000000 5
7611 1.000000 4
7616 1.000000 5
7621 0.000000 5
7626 1.000000 5
7631 1.000000 5
7636 0.000000 5
7641 1.000000 5
7646 1.000000 5
7650 1.000000 4
7654 -1.000000 4
7659 -1.000000 5
7663 1.000000 4
7668 0.000000 5
7673 1.000000 5
7678 -1.000000 5
7682 1.000000 4
7685 1.000000 3
7689 1.000000 4
7694 -1.000000 5
7699 1.000000 5
7703 -1.000000 4
7708 -1.000000 5
7712 1.000000 4
7717 1.000000 5
7722 -1.000000 5
7727 1.000000 5
7731 -1.000000 4
7735 1.000000 4
7740 1.000000 5
7745 1.000000 5
7750 1.000000 5
7753 1.000000 3
7758 1.000000 5
7762 -1.000000 4
7766 -1.000000 4
7771 1.000000 5
7776 -1.000000 5
7781 1.000000 5
7786 1.000000 5
7790 -1.000000 4
7795 1.000000 5
7798 1.000000 3
7803 -1.000000 5
7807 1.000000 4
7812 0.000000 5
7815 1.000000 3
7820 1.000000 5
7825 1.000000 5
7829 1.000000 4
7834 1.000000 5
7839 1.000000 5
7844 -1.000000 5
7848 1.000000 4
7852 1.000000 4
7857 -1.000000 5
7862 0.000000 5
7867 1.000000 5
7872 0.000000 5
7877 -1.000000 5
7881 -1.000000 4
7886 1.000000 5
7890 1.000000 4
7895 0.000000 5
7899 1.000000 4
7904 0.000000 5
7909 -1.000000 5
7914 0.000000 5
7919 -1.000000 5
7923 -1.000000 4
7926 1.000000 3
7931 0.000000 5
7934 1.000000 3
7938 1.000000 4
7943 -1.000000 5
7948 1.000000 5
7953 -1.000000 5
7958 1.000000 5
7963 -1.000000 5
7967 1.000000 4
7970 1.000000 3
7975 0.000000 5
7979 1.000000 4
7982 1.000000 3
7986 1.000000 4
7991 1.000000 5
7995 1.000000 4
8000 -1.000000 5
8005 -1.000000 5
8010 0.000000 5
8015 1.000000 5
8019 1.000000 4
8023 1.000000 4
8028 0.000000 5
8033 -1.000000 5
8038 0.000000 5
8043 1.000000 5
8048 -1.000000 5
8053 1.000000 5
8058 1.000000 5
8063 -1.000000 5
8068 -1.000000 5
8072 1.000000 4
8076 1.000000 4
8080 1.000000 4
8084 -1.000000 4
8088 -1.000000 4
8091 1.000000 3
8096 -1.000000 5
8101 1.000000 5
8106 -1.000000 5
8111 -1.000000 5
8115 1.000000 4
8120 1.000000 5
8125 1.000000 5
8130 -1.000000 5
8135 -1.000000 5
8140 1.000000 5
8144 1.000000 4
8148 -1.000000 4
8153 -1.000000 5
8158 1.000000 5
8163 -1.000000 5
8168 -1.000000 5
8173 -1.000000 5
8177 -1.000000 4
8181 1.000000 4
8186 -1.000000 5
8191 0.000000 5
8196 0.000000 5
8201 -1.000000 5
8206 0.000000 5
8211 -1.000000 5
8216 0.000000 5
8221 -1.000000 5
8225 1.000000 4
8230 1.000000 5
8235 -1.000000 5
8240 1.000000 5
8245 1.000000 5
8250 -1.000000 5
8254 -1.000000 4
8259 -1.000000 5
8264 -1.000000 5
8269 0.000000 5
8274 -1.000000 5
8279 1.000000 5
8284 -1.000000 5
8289 0.000000 5
8293 -1.000000 4
8298 0.000000 5
8301 1.000000 3
8305 1.000000 4
8309 1.000000 4
8313 1.000000 4
8318 1.000000 5
8323 -1.000000 5
8328 1.000000 5
8332 -1.000000 4
8336 -1.000000 4
8340 -1.000000 4
8345 0.000000 5
8350 -1.000000 5
8355 1.000000 5
8360 0.000000 5
8365 1.000000 5
8369 1.000000 4
8374 -1.000000 5
8377 1.000000 3
8382 -1.000000 5
8387 0.000000 5
8392 1.000000 5
8396 -1.000000 4
8401 -1.000000 5
8405 1.000000 4
8409 -1.000000 4
8413 1.000000 4
8416 1.000000 3
8421 1.000000 5
8426 -1.000000 5
8431 -1.000000 5
8434 1.000000 3
8439 -1.000000 5
8444 -1.000000 5
8448 1.000000 4
8452 -1.000000 4
8455 1.000000 3
8460 1.000000 5
8465 -1.000000 5
8469 1.000000 4
8472 1.000000 3
8477 -1.000000 5
8482 1.000000 5
8487 -1.000000 5
8492 0.000000 5
8497 1.000000 5
8502 -1.000000 5
8505 1.000000 3
8510 0.000000 5
8514 1.000000 4
8518 1.000000 4
8523 -1.000000 5
8527 1.000000 4
8532 0.000000 5
8536 1.000000 4
8540 1.000000 4
8545 1.000000 5
8550 1.000000 5
8554 1.000000 4
8558 -1.000000 4
8562 1.000000 4
8567 -1.000000 5
8572 1.000000 5
8577 -1.000000 5
8582 0.000000 5
8587 1.000000 5
8592 1.000000 5
8596 1.000000 4
8600 1.000000 4
8604 1.000000 4
8609 1.000000 5
8614 1.000000 5
8619 -1.000000 5
8624 1.000000 5
8629 0.000000 5
8634 1.000000 5
8637 1.000000 3
8642 1.000000 5
8646 1.000000 4
8650 1.000000 4
8655 0.000000 5
8660 1.000000 5
8664 1.000000 4
8669 1.000000 5
8672 1.000000 3
8677 1.000000 5
8681 1.000000 4
8686 0.000000 5
8689 1.000000 3
8694 1.000000 5
8699 0.000000 5
8702 1.000000 3
8707 -1.000000 5
8712 1.000000 5
8717 -1.000000 5
8721 1.000000 4
8726 1.000000 5
8731 1.000000 5
8735 -1.000000 4
8740 -1.000000 5
8745 0.000000 5
8750 -1.000000 5
8755 0.000000 5
8760 -1.000000 5
8765 0.000000 5
8769 1.000000 4
8774 -1.000000 5
8779 0.000000 5
8783 1.000000 4
8787 1.000000 4
8792 0.000000 5
8796 -1.000000 4
8801 1.000000 5
8806 0.000000 5
8810 1.000000 4
8815 -1.000000 5
8819 1.000000 4
8822 1.000000 3
8826 1.000000 4
8831 -1.000000 5
8836 0.000000 5
8840 -1.000000 4
8845 1.000000 5
8850 -1.000000 5
8854 1.000000 4
8858 -1.000000 4
8863 1.000000 5
8867 1.000000 4
8872 0.000000 5
8876 1.000000 4
8881 1.000000 5
8885 -1.000000 4
8888 1.000000 3
8893 -1.000000 5
8898 1.000000 5
8902 1.000000 4
8907 -1.000000 5
8911 1.000000 4
8916 1.000000 5
8921 -1.000000 5
8926 -1.000000 5
8929 1.000000 3
8933 1.000000 4
8937 -1.000000 4
8942 0.000000 5
8945 1.000000 3
8950 -1.000000 5
8953 1.000000 3
8958 -1.000000 5
8963 1.000000 5
8967 1.000000 4
8972 0.000000 5
8976 1.000000 4
8980 1.000000 4
8985 0.000000 5
8989 -1.000000 4
8993 1.000000 4
8997 1.000000 4
9001 -1.000000 4
9005 1.000000 4
9009 -1.000000 4
9014 0.000000 5
9017 1.000000 3
9022 1.000000 5
9025 1.000000 3
9030 1.000000 5
9035 -1.000000 5
9040 0.000000 5
9045 -1.000000 5
9049 1.000000 4
9053 1.000000 4
9058 1.000000 5
9063 1.000000 5
9068 1.000000 5
9073 0.000000 5
9077 -1.000000 4
9081 1.000000 4
9086 0.000000 5
9091 0.000000 5
9096 1.000000 5
9101 -1.000000 5
9105 -1.000000 4
9110 1.000000 5
9115 1.000000 5
9119 -1.000000 4
9122 1.000000 3
9126 1.000000 4
9129 1.000000 3
9134 -1.000000 5
9139 1.000000 5
9144 -1.000000 5
9148 1.000000 4
9153 -1.000000 5
9157 1.000000 4
9162 1.000000 5
9167 1.000000 5
9172 -1.000000 5
9177 0.000000 5
9182 1.000000 5
9187 -1.000000 5
9192 -1.000000 5
9197 0.000000 5
9202 1.000000 5
9205 1.000000 3
9209 1.000000 4
9213 -1.000000 4
9218 0.000000 5
9223 -1.000000 5
9228 1.000000 5
9233 0.000000 5
9237 1.000000 4
9241 -1.000000 4
9245 1.000000 4
9250 1.000000 5
9254 1.000000 4
9259 1.000000 5
9264 0.000000 5
9269 -1.000000 5
9274 0.000000 5
9278 1.000000 4
9283 1.000000 5
9288 0.000000 5
9292 1.000000 4
9297 1.000000 5
9301 1.000000 4
9306 1.000000 5
9311 1.000000 5
9315 1.000000 4
9319 1.000000 4
9324 1.000000 5
9329 -1.000000 5
9333 1.000000 4
9338 -1.000000 5
9343 1.000000 5
9348 0.000000 5
9353 0.000000 5
9358 1.000000 5
9363 0.000000 5
9368 1.000000 5
9373 -1.000000 5
9378 1.000000 5
9382 -1.000000 4
9385 1.000000 3
9390 -1.000000 5
9395 1.000000 5
9399 1.000000 4
9404 1.000000 5
9408 1.000000 4
9412 1.000000 4
9417 1.000000 5
9422 -1.000000 5
9426 -1.000000 4
9430 1.000000 4
9435 -1.000000 5
9439 -1.000000 4
9444 -1.000000 5
9448 1.000000 4
9453 0.000000 5
9458 0.000000 5
9462 -1.000000 4
9466 1.000000 4
9470 1.000000 4
9473 1.000000 3
9478 1.000000 5
9481 1.000000 3
9486 -1.000000 5
9490 1.000000 4
9494 1.000000 4
9499 -1.000000 5
9504 -1.000000 5
9509 0.000000 5
9512 1.000000 3
9517 1.000000 5
9522 1.000000 5
9527 1.000000 5
9530 1.000000 3
9534 1.000000 4
9538 1.000000 4
9543 -1.000000 5
9548 0.000000 5
9553 -1.000000 5
9558 1.000000 5
9563 0.000000 5
9568 -1.000000 5
9572 1.000000 4
9577 -1.000000 5
9582 -1.000000 5
9586 1.000000 4
9591 1.000000 5
9596 -1.000000 5
9600 1.000000 4
9604 1.000000 4
9609 -1.000000 5
9614 1.000000 5
9619 1.000000 5
9624 1.000000 5
9627 1.000000 3
9632 0.000000 5
9636 1.000000 4
9640 1.000000 4
9645 0.000000 5
9650 1.000000 5
9655 0.000000 5
9660 1.000000 5
9665 1.000000 5
9669 1.000000 4
9674 -1.000000 5
9678 -1.000000 4
9683 1.000000 5
9688 -1.000000 5
9692 1.000000 4
9696 1.000000 4
9700 -1.000000 4
9705 1.000000 5
9709 1.000000 4
9714 0.000000 5
9718 1.000000 4
9723 1.000000 5
9727 1.000000 4
9731 1.000000 4
9734 1.000000 3
9739 1.000000 5
9744 0.000000 5
9748 1.000000 4
9752 1.000000 4
9755 1.000000 3
9760 1.000000 5
9765 1.000000 5
9769 1.000000 4
9774 1.000000 5
9779 1.000000 5
9783 1.000000 4
9787 1.000000 4
9792 -1.000000 5
9796 1.000000 4
9799 1.000000 3
9803 1.000000 4
9807 1.000000 4
9811 1.000000 4
9815 1.000000 4
9819 1.000000 4
9824 -1.000000 5
9828 1.000000 4
9833 0.000000 5
9838 -1.000000 5
9843 0.000000 5
9847 -1.000000 4
9851 -1.000000 4
9856 -1.000000 5
9861 0.000000 5
9866 0.000000 5
9871 0.000000 5
9875 1.000000 4
9880 1.000000 5
9883 1.000000 3
9886 1.000000 3
9891 1.000000 5
9895 1.000000 4
9899 -1.000000 4
9904 1.000000 5
9909 -1.000000 5
9912 1.000000 3
9915 1.000000 3
9919 -1.000000 4
9923 -1.000000 4
9926 1.000000 3
9931 -1.000000 5
9935 1.000000 4
9940 1.000000 5
9945 -1.000000 5
9950 -1.000000 5
9954 1.000000 4
9959 1.000000 5
9963 -1.000000 4
9966 1.000000 3
9970 1.000000 4
9974 -1.000000 4
9977 1.000000 3
9982 -1.000000 5
9986 1.000000 4
9990 1.000000 4
9994 1.000000 4
9998 1.000000 4
10003 -1.000000 5
10008 1.000000 5
10012 1.000000 4
10017 1.000000 5
10022 1.000000 5
10027 -1.000000 5
10032 -1.000000 5
10036 -1.000000 4
10040 1.000000 4
10045 1.000000 5
10048 1.000000 3
10053 -1.000000 5
10058 0.000000 5
10063 0.000000 5
10067 1.000000 4
10072 -1.000000 5
10077 0.000000 5
10082 1.000000 5
10086 1.000000 4
10091 -1.000000 5
10096 0.000000 5
10100 -1.000000 4
10105 -1.000000 5
10108 1.000000 3
10113 -1.000000 5
10118 -1.000000 5
10123 -1.000000 5
10128 0.000000 5
10133 -1.000000 5
10138 0.000000 5
10143 0.000000 5
10147 -1.000000 4
10152 1.000000 5
10156 1.000000 4
10161 -1.000000 5
10166 -1.000000 5
10171 -1.000000 5
10176 1.000000 5
10181 0.000000 5
10186 1.000000 5
10190 1.000000 4
10194 1.000000 4
10198 -1.000000 4
10203 0.000000 5
10207 -1.000000 4
10212 1.000000 5
10217 1.000000 5
10222 -1.000000 5
10227 0.000000 5
10232 1.000000 5
10235 1.000000 3
10240 -1.000000 5
10243 1.000000 3
10247 1.000000 4
10251 1.000000 4
10256 1.000000 5
10261 1.000000 5
10265 1.000000 4
10269 1.000000 4
10274 1.000000 5
10279 1.000000 5
10284 -1.000000 5
10288 1.000000 4
10292 1.000000 4
10297 -1.000000 5
10302 -1.000000 5
10306 -1.000000 4
10311 -1.000000 5
10316 -1.000000 5
10321 1.000000 5
10325 1.000000 4
10330 1.000000 5
10334 1.000000 4
10339 1.000000 5
10343 -1.000000 4
10348 -1.000000 5
10353 0.000000 5
10357 1.000000 4
10361 1.000000 4
10366 1.000000 5
10370 -1.000000 4
10375 -1.000000 5
10380 1.000000 5
10383 1.000000 3
10388 -1.000000 5
10392 1.000000 4
10396 1.000000 4
10401 0.000000 5
10405 1.000000 4
10409 1.000000 4
10414 -1.000000 5
10419 0.000000 5
10424 1.000000 5
10429 1.000000 5
10434 1.000000 5
10438 -1.000000 4
10443 -1.000000 5
10448 1.000000 5
10453 -1.000000 5
10457 -1.000000 4
10461 1.000000 4
10466 0.000000 5
10471 0.000000 5
10475 1.000000 4
10479 1.000000 4
10484 -1.000000 5
10489 -1.000000 5
10494 1.000000 5
10498 -1.000000 4
10502 1.000000 4
10507 1.000000 5
10511 1.000000 4
10515 -1.000000 4
10520 1.000000 5
10525 -1.000000 5
10530 1.000000 5
10535 1.000000 5
10538 1.000000 3
10542 1.000000 4
10547 0.000000 5
10551 1.000000 4
10555 -1.000000 4
10559 -1.000000 4
10563 1.000000 4
10568 0.000000 5
10573 1.000000 5
10578 0.000000 5
10583 0.000000 5
10588 1.000000 5
10592 -1.000000 4
10597 0.000000 5
10602 0.000000 5
10607 -1.000000 5
10612 0.000000 5
10617 1.000000 5
10622 0.000000 5
10627 0.000000 5
10632 1.000000 5
10637 0.000000 5
10642 -1.000000 5
10647 0.000000 5
10652 -1.000000 5
10655 1.000000 3
10660 -1.000000 5
10665 -1.000000 5
10670 1.000000 5
10675 0.000000 5
10680 -1.000000 5
10685 1.000000 5
10690 1.000000 5
10695 -1.000000 5
10699 1.000000 4
10704 1.000000 5
10708 -1.000000 4
10712 -1.000000 4
10717 1.000000 5
10722 0.000000 5
10727 -1.000000 5
10731 1.000000 4
10735 1.000000 4
10740 1.000000 5
10745 1.000000 5
10749 -1.000000 4
10753 1.000000 4
10757 1.000000 4
10762 -1.000000 5
10766 1.000000 4
10771 1.000000 5
10776 -1.000000 5
10779 1.000000 3
10783 1.000000 4
10787 -1.000000 4
10791 1.000000 4
10795 1.000000 4
10800 0.000000 5
10805 0.000000 5
10810 1.000000 5
10815 1.000000 5
10819 1.000000 4
10824 -1.000000 5
10828 1.000000 4
10833 -1.000000 5
10836 1.000000 3
10841 1.000000 5
10845 1.000000 4
10850 -1.000000 5
10855 1.000000 5
10860 0.000000 5
10864 1.000000 4
10868 -1.000000 4
10872 -1.000000 4
10876 1.000000 4
10881 0.000000 5
10886 0.000000 5
10891 1.000000 5
10895 1.000000 4
10899 1.000000 4
10904 1.000000 5
10908 1.000000 4
10912 1.000000 4
10917 -1.000000 5
10920 1.000000 3
10925 -1.000000 5
10930 -1.000000 5
10934 -1.000000 4
10939 -1.000000 5
10943 1.000000 4
10948 1.000000 5
10952 -1.000000 4
10955 1.000000 3
10959 -1.000000 4
10964 1.000000 5
10969 -1.000000 5
10974 -1.000000 5
10977 1.000000 3
10982 0.000000 5
10987 0.000000 5
10990 1.000000 3
10994 1.000000 4
10999 -1.000000 5
11003 -1.000000 4
11008 -1.000000 5
11012 1.000000 4
11017 1.000000 5
11020 1.000000 3
11025 -1.000000 5
11030 1.000000 5
11035 -1.000000 5
11040 -1.000000 5
11044 1.000000 4
11048 1.000000 4
11053 -1.000000 5
11057 -1.000000 4
11062 0.000000 5
11067 -1.000000 5
11071 1.000000 4
11075 1.000000 4
11080 -1.000000 5
11085 0.000000 5
11088 1.000000 3
11093 1.000000 5
11098 1.000000 5
11103 0.000000 5
11108 0.000000 5
11112 1.000000 4
11116 1.000000 4
11121 0.000000 5
11125 -1.000000 4
11129 1.000000 4
11134 1.000000 5
11139 0.000000 5
11144 -1.000000 5
11149 0.000000 5
11154 -1.000000 5
11159 0.000000 5
11164 0.000000 5
11169 0.000000 5
11173 1.000000 4
11178 1.000000 5
11182 1.000000 4
11187 -1.000000 5
11191 -1.000000 4
11196 1.000000 5
11200 1.000000 4
11205 1.000000 5
11209 1.000000 4
11214 1.000000 5
11218 1.000000 4
11222 1.000000 4
11226 -1.000000 4
11231 1.000000 5
11235 1.000000 4
11240 0.000000 5
11244 -1.000000 4
11248 1.000000 4
11253 1.000000 5
11256 1.000000 3
11260 1.000000 4
11265 -1.000000 5
11270 1.000000 5
11275 -1.000000 5
11280 1.000000 5
11284 1.000000 4
11288 1.000000 4
11293 1.000000 5
11298 -1.000000 5
11303 -1.000000 5
11307 1.000000 4
11311 1.000000 4
11315 1.000000 4
11318 1.000000 3
11322 -1.000000 4
11326 1.000000 4
11330 -1.000000 4
11335 1.000000 5
11338 1.000000 3
11343 0.000000 5
11347 1.000000 4
11351 -1.000000 4
11355 1.000000 4
11360 0.000000 5
11364 1.000000 4
11368 1.000000 4
11372 -1.000000 4
11377 1.000000 5
11382 -1.000000 5
11387 -1.000000 5
11391 1.000000 4
11396 1.000000 5
11401 0.000000 5
11406 0.000000 5
11411 1.000000 5
11416 1.000000 5
11420 1.000000 4
11424 1.000000 4
11429 -1.000000 5
11434 -1.000000 5
11438 1.000000 4
11443 1.000000 5
11448 1.000000 5
11452 1.000000 4
11457 -1.000000 5
11462 -1.000000 5
11466 1.000000 4
11471 -1.000000 5
11476 -1.000000 5
11481 0.000000 5
11486 1.000000 5
11491 1.000000 5
11496 -1.000000 5
11501 -1.000000 5
11506 -1.000000 5
11511 1.000000 5
11516 1.000000 5
11519 1.000000 3
11524 -1.000000 5
11529 -1.000000 5
11534 -1.000000 5
11539 1.000000 5
11543 -1.000000 4
11548 0.000000 5
11552 1.000000 4
11556 1.000000 4
11559 1.000000 3
11564 0.000000 5
11567 1.000000 3
11571 1.000000 4
11576 0.000000 5
11581 0.000000 5
11586 0.000000 5
11590 -1.000000 4
11594 1.000000 4
11599 -1.000000 5
11604 -1.000000 5
11609 -1.000000 5
11614 1.000000 5
11617 1.000000 3
11622 -1.000000 5
11627 -1.000000 5
11631 -1.000000 4
11636 -1.000000 5
11640 1.000000 4
11645 0.000000 5
11650 1.000000 5
11655 -1.000000 5
11659 1.000000 4
11663 1.000000 4
11668 1.000000 5
11673 1.000000 5
11678 -1.000000 5
11683 1.000000 5
11688 0.000000 5
11693 0.000000 5
11698 -1.000000 5
11703 0.000000 5
11707 1.000000 4
11712 0.000000 5
11716 1.000000 4
11720 1.000000 4
11724 1.000000 4
11729 -1.000000 5
11734 1.000000 5
11738 1.000000 4
11742 1.000000 4
11747 -1.000000 5
11751 -1.000000 4
11756 -1.000000 5
11761 -1.000000 5
11766 1.000000 5
11771 -1.000000 5
11776 -1.000000 5
11780 1.000000 4
11785 0.000000 5
11790 -1.000000 5
11793 1.000000 3
11797 1.000000 4
11801 1.000000 4
11806 1.000000 5
11810 1.000000 4
11813 1.000000 3
11818 1.000000 5
11823 1.000000 5
11827 1.000000 4
11832 1.000000 5
11836 1.000000 4
11841 0.000000 5
11846 1.000000 5
11850 1.000000 4
11855 -1.000000 5
11859 1.000000 4
11863 1.000000 4
11868 1.000000 5
11873 1.000000 5
11877 1.000000 4
11882 -1.000000 5
11887 -1.000000 5
11891 1.000000 4
11895 1.000000 4
11900 1.000000 5
11905 0.000000 5
11909 1.000000 4
11913 1.000000 4
11917 1.000000 4
11921 1.000000 4
11926 -1.000000 5
11931 -1.000000 5
11936 1.000000 5
11940 -1.000000 4
11945 1.000000 5
11949 -1.000000 4
11953 -1.000000 4
11958 0.000000 5
11963 -1.000000 5
11968 1.000000 5
11972 1.000000 4
11976 1.000000 4
11980 -1.000000 4
11985 -1.000000 5
11989 1.000000 4
11994 -1.000000 5
11998 -1.000000 4
12003 -1.000000 5
12008 1.000000 5
12013 -1.000000 5
12017 1.000000 4
12022 1.000000 5
12027 1.000000 5
12032 -1.000000 5
12035 1.000000 3
12038 1.000000 3
12043 0.000000 5
12048 0.000000 5
12052 -1.000000 4
12057 1.000000 5
12061 1.000000 4
12066 -1.000000 5
12071 0.000000 5
12076 -1.000000 5
12081 -1.000000 5
12084 1.000000 3
12089 0.000000 5
12094 1.000000 5
12098 1.000000 4
12103 1.000000 5
12106 1.000000 3
12110 1.000000 4
12115 -1.000000 5
12120 1.000000 5
12124 1.000000 4
12128 1.000000 4
12133 1.000000 5
12138 0.000000 5
12143 -1.000000 5
12148 -1.000000 5
12153 0.000000 5
12158 1.000000 5
12163 1.000000 5
12167 1.000000 4
12171 1.000000 4
12175 1.000000 4
12179 1.000000 4
12183 -1.000000 4
12187 1.000000 4
12191 1.000000 4
12196 -1.000000 5
12201 1.000000 5
12204 1.000000 3
12209 1.000000 5
12213 1.000000 4
12218 1.000000 5
12223 0.000000 5
12228 -1.000000 5
12233 -1.000000 5
12237 1.000000 4
12242 1.000000 5
12245 1.000000 3
12249 -1.000000 4
12252 1.000000 3
12257 0.000000 5
12261 1.000000 4
12266 -1.000000 5
12270 1.000000 4
12274 1.000000 4
12278 -1.000000 4
12281 1.000000 3
12285 1.000000 4
12290 0.000000 5
12295 1.000000 5
12299 1.000000 4
12304 0.000000 5
12309 0.000000 5
12314 1.000000 5
12318 1.000000 4
12322 -1.000000 4
12327 0.000000 5
12332 0.000000 5
12337 1.000000 5
12341 1.000000 4
12346 1.000000 5
12351 -1.000000 5
12356 -1.000000 5
12361 -1.000000 5
12365 1.000000 4
12370 0.000000 5
12374 1.000000 4
12378 1.000000 4
12383 0.000000 5
12388 -1.000000 5
12392 -1.000000 4
12397 1.000000 5
12402 1.000000 5
12407 0.000000 5
12412 1.000000 5
12417 -1.000000 5
12421 -1.000000 4
12426 -1.000000 5
12430 1.000000 4
12434 -1.000000 4
12439 -1.000000 5
12442 1.000000 3
12446 1.000000 4
12451 1.000000 5
12455 -1.000000 4
12459 1.000000 4
12464 1.000000 5
12469 1.000000 5
12472 1.000000 3
12477 -1.000000 5
12482 1.000000 5
12486 -1.000000 4
12490 1.000000 4
12494 1.000000 4
12498 1.000000 4
12503 0.000000 5
12508 -1.000000 5
12511 1.000000 3
12515 -1.000000 4
12520 1.000000 5
12523 1.000000 3
12528 -1.000000 5
12533 1.000000 5
12538 1.000000 5
12542 1.000000 4
12547 0.000000 5
12552 0.000000 5
12557 0.000000 5
12561 1.000000 4
12566 0.000000 5
12569 1.000000 3
12572 1.000000 3
12576 -1.000000 4
12580 1.000000 4
12585 -1.000000 5
12590 -1.000000 5
12595 -1.000000 5
12600 -1.000000 5
12605 -1.000000 5
12610 -1.000000 5
12615 -1.000000 5
12620 0.000000 5
12623 1.000000 3
12628 1.000000 5
12632 1.000000 4
12636 1.000000 4
12641 0.000000 5
12646 -1.000000 5
12651 0.000000 5
12654 1.000000 3
12658 1.000000 4
12663 0.000000 5
12668 1.000000 5
12672 1.000000 4
12675 1.000000 3
12680 -1.000000 5
12685 0.000000 5
12690 1.000000 5
12694 1.000000 4
12699 0.000000 5
12704 -1.000000 5
12708 -1.000000 4
12713 -1.000000 5
12718 1.000000 5
12723 0.000000 5
12728 -1.000000 5
12731 1.000000 3
12736 1.000000 5
12741 1.000000 5
12744 1.000000 3
12749 0.000000 5
12753 -1.000000 4
12758 -1.000000 5
12763 1.000000 5
12767 1.000000 4
12772 -1.000000 5
12776 1.000000 4
12781 1.000000 5
12786 1.000000 5
12790 1.000000 4
