3 1.000000 3
7 1.000000 4
11 -1.000000 4
15 1.000000 4
18 1.000000 3
22 1.000000 4
27 0.000000 5
31 -1.000000 4
35 1.000000 4
39 1.000000 4
44 0.000000 5
49 1.000000 5
54 0.000000 5
58 1.000000 4
63 1.000000 5
68 1.000000 5
71 -1.000000 3
75 1.000000 4
78 1.000000 3
82 1.000000 4
86 -1.000000 4
91 0.000000 5
94 -1.000000 3
98 1.000000 4
101 -1.000000 3
104 -1.000000 3
109 1.000000 5
114 0.000000 5
119 0.000000 5
123 -1.000000 4
126 1.000000 3
130 -1.000000 4
134 -1.000000 4
138 -1.000000 4
141 -1.000000 3
146 1.000000 5
150 1.000000 4
153 1.000000 3
158 0.000000 5
163 0.000000 5
167 -1.000000 4
171 1.000000 4
176 0.000000 5
179 1.000000 3
183 -1.000000 4
187 -1.000000 4
191 1.000000 4
195 1.000000 4
198 -1.000000 3
202 1.000000 4
206 1.000000 4
210 -1.000000 4
214 -1.000000 4
218 1.000000 4
223 1.000000 5
227 1.000000 4
231 -1.000000 4
235 -1.000000 4
240 0.000000 5
243 1.000000 3
248 1.000000 5
251 1.000000 3
256 1.000000 5
260 -1.000000 4
264 1.000000 4
267 -1.000000 3
272 1.000000 5
276 -1.000000 4
280 1.000000 4
285 0.000000 5
289 1.000000 4
293 1.000000 4
298 0.000000 5
302 1.000000 4
306 -1.000000 4
311 1.000000 5
315 1.000000 4
320 1.000000 5
323 -1.000000 3
328 1.000000 5
333 1.000000 5
337 1.000000 4
342 0.000000 5
345 1.000000 3
349 1.000000 4
353 -1.000000 4
358 1.000000 5
363 0.000000 5
368 1.000000 5
373 1.000000 5
376 1.000000 3
380 -1.000000 4
383 1.000000 3
386 1.000000 3
390 -1.000000 4
394 1.000000 4
399 0.000000 5
403 -1.000000 4
407 -1.000000 4
412 1.000000 5
416 1.000000 4
419 1.000000 3
422 -1.000000 3
427 1.000000 5
430 1.000000 3
434 1.000000 4
437 1.000000 3
441 1.000000 4
445 -1.000000 4
449 1.000000 4
453 1.000000 4
457 1.000000 4
462 1.000000 5
467 0.000000 5
472 1.000000 5
476 1.000000 4
480 -1.000000 4
483 1.000000 3
487 -1.000000 4
492 1.000000 5
497 1.000000 5
500 1.000000 3
504 -1.000000 4
509 0.000000 5
512 1.000000 3
517 1.000000 5
521 -1.000000 4
525 -1.000000 4
529 -1.000000 4
534 1.000000 5
539 0.000000 5
542 1.000000 3
547 0.000000 5
552 1.000000 5
557 0.000000 5
560 1.000000 3
563 1.000000 3
566 1.000000 3
571 0.000000 5
575 1.000000 4
580 1.000000 5
584 1.000000 4
588 1.000000 4
591 1.000000 3
595 1.000000 4
599 1.000000 4
604 0.000000 5
608 -1.000000 4
612 1.000000 4
616 -1.000000 4
620 1.000000 4
625 1.000000 5
628 1.000000 3
632 -1.000000 4
635 -1.000000 3
639 1.000000 4
643 1.000000 4
648 0.000000 5
652 1.000000 4
657 0.000000 5
661 1.000000 4
664 -1.000000 3
669 1.000000 5
672 1.000000 3
676 1.000000 4
681 0.000000 5
686 1.000000 5
689 1.000000 3
694 1.000000 5
699 1.000000 5
703 1.000000 4
707 1.000000 4
710 1.000000 3
715 1.000000 5
719 1.000000 4
723 1.000000 4
728 1.000000 5
732 -1.000000 4
736 1.000000 4
740 1.000000 4
744 1.000000 4
748 1.000000 4
753 0.000000 5
758 1.000000 5
762 1.000000 4
766 -1.000000 4
771 1.000000 5
775 -1.000000 4
779 -1.000000 4
783 -1.000000 4
786 1.000000 3
791 1.000000 5
796 0.000000 5
799 1.000000 3
804 0.000000 5
808 -1.000000 4
813 0.000000 5
818 1.000000 5
822 1.000000 4
825 1.000000 3
829 1.000000 4
833 -1.000000 4
838 1.000000 5
841 -1.000000 3
846 1.000000 5
850 -1.000000 4
854 -1.000000 4
859 0.000000 5
864 1.000000 5
869 0.000000 5
872 1.000000 3
876 -1.000000 4
880 -1.000000 4
884 1.000000 4
888 1.000000 4
892 1.000000 4
896 1.000000 4
899 -1.000000 3
903 -1.000000 4
907 -1.000000 4
911 1.000000 4
916 1.000000 5
920 1.000000 4
925 1.000000 5
929 -1.000000 4
933 -1.000000 4
937 -1.000000 4
942 0.000000 5
946 1.000000 4
951 0.000000 5
954 1.000000 3
958 1.000000 4
961 -1.000000 3
965 1.000000 4
970 1.000000 5
975 1.000000 5
980 1.000000 5
985 1.000000 5
989 -1.000000 4
994 1.000000 5
998 -1.000000 4
1001 -1.000000 3
1006 1.000000 5
1009 -1.000000 3
1013 -1.000000 4
1017 1.000000 4
1022 1.000000 5
1026 -1.000000 4
1029 -1.000000 3
1034 0.000000 5
1039 1.000000 5
1044 0.000000 5
1049 1.000000 5
1053 1.000000 4
1057 -1.000000 4
1062 1.000000 5
1065 -1.000000 3
1068 1.000000 3
1072 1.000000 4
1077 1.000000 5
1082 1.000000 5
1086 1.000000 4
1091 1.000000 5
1095 1.000000 4
1099 -1.000000 4
1102 1.000000 3
1106 1.000000 4
1110 1.000000 4
1114 1.000000 4
1118 1.000000 4
1123 0.000000 5
1126 -1.000000 3
1131 0.000000 5
1136 1.000000 5
1141 0.000000 5
1146 1.000000 5
1151 1.000000 5
1154 1.000000 3
1158 1.000000 4
1162 1.000000 4
1166 -1.000000 4
1171 0.000000 5
1176 1.000000 5
1180 1.000000 4
1184 -1.000000 4
1189 1.000000 5
1194 1.000000 5
1198 -1.000000 4
1201 -1.000000 3
1205 -1.000000 4
1208 -1.000000 3
1212 1.000000 4
1217 1.000000 5
1222 0.000000 5
1226 -1.000000 4
1230 -1.000000 4
1233 1.000000 3
1236 1.000000 3
1241 1.000000 5
1244 1.000000 3
1248 1.000000 4
1253 1.000000 5
1256 1.000000 3
1260 -1.000000 4
1264 1.000000 4
1268 1.000000 4
1271 -1.000000 3
1275 1.000000 4
1279 -1.000000 4
1283 1.000000 4
1286 -1.000000 3
1290 -1.000000 4
1294 -1.000000 4
1298 1.000000 4
1301 1.000000 3
1305 1.000000 4
1308 1.000000 3
1313 0.000000 5
1317 -1.000000 4
1321 -1.000000 4
1326 0.000000 5
1330 1.000000 4
1335 0.000000 5
1338 1.000000 3
1342 -1.000000 4
1346 -1.000000 4
1350 -1.000000 4
1354 1.000000 4
1359 1.000000 5
1363 -1.000000 4
1368 0.000000 5
1372 1.000000 4
1375 1.000000 3
1378 -1.000000 3
1382 -1.000000 4
1387 1.000000 5
1391 -1.000000 4
1395 1.000000 4
1400 1.000000 5
1405 1.000000 5
1410 0.000000 5
1414 -1.000000 4
1419 1.000000 5
1422 1.000000 3
1426 1.000000 4
1431 1.000000 5
1435 1.000000 4
1439 1.000000 4
1443 1.000000 4
1447 1.000000 4
1452 1.000000 5
1455 -1.000000 3
1460 1.000000 5
1464 1.000000 4
1467 -1.000000 3
1470 1.000000 3
1475 0.000000 5
1479 -1.000000 4
1482 1.000000 3
1485 -1.000000 3
1490 0.000000 5
1494 1.000000 4
1498 1.000000 4
1502 -1.000000 4
1506 -1.000000 4
1510 -1.000000 4
1515 1.000000 5
1519 1.000000 4
1524 1.000000 5
1529 0.000000 5
1533 -1.000000 4
1538 1.000000 5
1543 0.000000 5
1547 1.000000 4
1550 -1.000000 3
1553 -1.000000 3
1556 1.000000 3
1560 1.000000 4
1564 -1.000000 4
1568 1.000000 4
1572 1.000000 4
1577 1.000000 5
1581 1.000000 4
1585 1.000000 4
1589 -1.000000 4
1592 1.000000 3
1596 -1.000000 4
1601 1.000000 5
1604 -1.000000 3
1608 1.000000 4
1613 0.000000 5
1617 -1.000000 4
1620 1.000000 3
1624 -1.000000 4
1628 1.000000 4
1632 1.000000 4
1635 -1.000000 3
1640 1.000000 5
1644 -1.000000 4
1649 1.000000 5
1653 1.000000 4
1658 1.000000 5
1662 1.000000 4
1665 -1.000000 3
1669 -1.000000 4
1672 1.000000 3
1676 1.000000 4
1679 1.000000 3
1682 -1.000000 3
1686 -1.000000 4
1690 -1.000000 4
1695 0.000000 5
1698 -1.000000 3
1702 1.000000 4
1707 0.000000 5
1711 -1.000000 4
1715 -1.000000 4
1719 -1.000000 4
1724 0.000000 5
1729 0.000000 5
1732 1.000000 3
1737 1.000000 5
1741 -1.000000 4
1745 -1.000000 4
1749 -1.000000 4
1754 1.000000 5
1759 1.000000 5
1764 0.000000 5
1769 1.000000 5
1774 1.000000 5
1777 1.000000 3
1782 1.000000 5
1786 1.000000 4
1791 1.000000 5
1795 1.000000 4
1799 -1.000000 4
1803 1.000000 4
1807 1.000000 4
1812 1.000000 5
1817 1.000000 5
1821 -1.000000 4
1825 -1.000000 4
1829 -1.000000 4
1833 1.000000 4
1837 -1.000000 4
1841 -1.000000 4
1845 1.000000 4
1849 1.000000 4
1853 1.000000 4
1858 1.000000 5
1862 -1.000000 4
1867 1.000000 5
1871 -1.000000 4
1875 1.000000 4
1879 1.000000 4
1884 1.000000 5
1889 0.000000 5
1892 -1.000000 3
1895 -1.000000 3
1900 1.000000 5
1905 1.000000 5
1910 0.000000 5
1914 1.000000 4
1918 -1.000000 4
1922 -1.000000 4
1926 1.000000 4
1931 1.000000 5
1935 -1.000000 4
1940 1.000000 5
1944 1.000000 4
1948 1.000000 4
1951 1.000000 3
1956 1.000000 5
1960 -1.000000 4
1965 0.000000 5
1968 1.000000 3
1972 1.000000 4
1976 -1.000000 4
1979 -1.000000 3
1984 1.000000 5
1987 1.000000 3
1992 1.000000 5
1996 1.000000 4
2000 1.000000 4
2003 1.000000 3
2006 1.000000 3
2011 0.000000 5
2015 1.000000 4
2019 1.000000 4
2022 1.000000 3
2026 1.000000 4
2030 -1.000000 4
2035 0.000000 5
2039 1.000000 4
2044 0.000000 5
2049 0.000000 5
2053 1.000000 4
2058 1.000000 5
2063 0.000000 5
2067 1.000000 4
2071 1.000000 4
2075 1.000000 4
2079 1.000000 4
2083 1.000000 4
2087 -1.000000 4
2092 0.000000 5
2097 0.000000 5
2102 1.000000 5
2106 -1.000000 4
2110 -1.000000 4
2115 0.000000 5
2120 1.000000 5
2124 1.000000 4
2129 1.000000 5
2132 -1.000000 3
2136 1.000000 4
2139 -1.000000 3
2143 -1.000000 4
2148 1.000000 5
2152 -1.000000 4
2157 1.000000 5
2160 -1.000000 3
2164 1.000000 4
2167 -1.000000 3
2172 0.000000 5
2177 0.000000 5
2180 -1.000000 3
2184 1.000000 4
2188 1.000000 4
2193 0.000000 5
2196 -1.000000 3
2200 1.000000 4
2204 -1.000000 4
2208 -1.000000 4
2211 -1.000000 3
2215 1.000000 4
2219 -1.000000 4
2223 1.000000 4
2227 1.000000 4
2232 1.000000 5
2235 -1.000000 3
2240 0.000000 5
2245 1.000000 5
2249 1.000000 4
2253 1.000000 4
2258 1.000000 5
2263 0.000000 5
2267 1.000000 4
2272 1.000000 5
2276 -1.000000 4
2279 -1.000000 3
2284 1.000000 5
2289 1.000000 5
2292 1.000000 3
2297 1.000000 5
2301 1.000000 4
2306 1.000000 5
2311 1.000000 5
2316 1.000000 5
2319 -1.000000 3
2322 -1.000000 3
2325 -1.000000 3
2329 1.000000 4
2334 1.000000 5
2339 0.000000 5
2344 1.000000 5
2347 1.000000 3
2350 -1.000000 3
2354 -1.000000 4
2358 1.000000 4
2363 0.000000 5
2368 1.000000 5
2373 1.000000 5
2378 0.000000 5
2381 -1.000000 3
2386 0.000000 5
2390 1.000000 4
2394 1.000000 4
2398 1.000000 4
2403 1.000000 5
2406 -1.000000 3
2411 1.000000 5
2416 1.000000 5
2421 1.000000 5
2425 -1.000000 4
2430 1.000000 5
2435 1.000000 5
2440 1.000000 5
2445 1.000000 5
2449 1.000000 4
2454 1.000000 5
2459 1.000000 5
2463 -1.000000 4
2467 1.000000 4
2472 1.000000 5
2476 -1.000000 4
2480 1.000000 4
2484 -1.000000 4
2488 1.000000 4
2492 1.000000 4
2497 1.000000 5
2501 -1.000000 4
2506 1.000000 5
2510 1.000000 4
2515 0.000000 5
2519 1.000000 4
2523 1.000000 4
2528 1.000000 5
2532 -1.000000 4
2537 1.000000 5
2541 -1.000000 4
2545 1.000000 4
2550 1.000000 5
2554 1.000000 4
2559 0.000000 5
2564 0.000000 5
2568 1.000000 4
2572 1.000000 4
2576 1.000000 4
2581 1.000000 5
2585 -1.000000 4
2590 0.000000 5
2593 1.000000 3
2597 -1.000000 4
2602 1.000000 5
2605 1.000000 3
2609 1.000000 4
2613 1.000000 4
2616 -1.000000 3
2619 -1.000000 3
2623 -1.000000 4
2627 1.000000 4
2632 0.000000 5
2637 1.000000 5
2641 1.000000 4
2644 1.000000 3
2648 1.000000 4
2653 1.000000 5
2657 1.000000 4
2661 -1.000000 4
2665 1.000000 4
2668 -1.000000 3
2671 -1.000000 3
2675 1.000000 4
2680 1.000000 5
2685 1.000000 5
2689 1.000000 4
2693 1.000000 4
2696 -1.000000 3
2699 1.000000 3
2703 1.000000 4
2707 1.000000 4
2710 1.000000 3
2714 1.000000 4
2718 1.000000 4
2722 -1.000000 4
2726 -1.000000 4
2731 1.000000 5
2734 1.000000 3
2738 -1.000000 4
2742 1.000000 4
2747 0.000000 5
2751 -1.000000 4
2755 1.000000 4
2760 1.000000 5
2764 -1.000000 4
2769 0.000000 5
2774 1.000000 5
2779 1.000000 5
2783 1.000000 4
2788 1.000000 5
2792 1.000000 4
2796 1.000000 4
2800 1.000000 4
2804 1.000000 4
2808 1.000000 4
2812 1.000000 4
2816 -1.000000 4
2820 1.000000 4
2825 1.000000 5
2830 0.000000 5
2835 1.000000 5
2838 1.000000 3
2841 1.000000 3
2845 1.000000 4
2850 1.000000 5
2854 -1.000000 4
2859 1.000000 5
2863 -1.000000 4
2868 1.000000 5
2873 0.000000 5
2877 -1.000000 4
2880 1.000000 3
2885 1.000000 5
2888 1.000000 3
2892 -1.000000 4
2895 1.000000 3
2899 -1.000000 4
2903 1.000000 4
2907 1.000000 4
2911 1.000000 4
2916 0.000000 5
2920 1.000000 4
2925 1.000000 5
2930 1.000000 5
2934 1.000000 4
2939 1.000000 5
2944 1.000000 5
2948 -1.000000 4
2951 1.000000 3
2956 0.000000 5
2960 1.000000 4
2964 1.000000 4
2967 -1.000000 3
2971 1.000000 4
2975 1.000000 4
2978 1.000000 3
2982 1.000000 4
2987 0.000000 5
2990 -1.000000 3
2994 1.000000 4
2998 -1.000000 4
3001 1.000000 3
3006 1.000000 5
3010 -1.000000 4
3015 0.000000 5
3019 1.000000 4
3023 -1.000000 4
3027 1.000000 4
3031 -1.000000 4
3035 -1.000000 4
3039 1.000000 4
3043 -1.000000 4
3048 1.000000 5
3052 1.000000 4
3056 1.000000 4
3061 0.000000 5
3066 1.000000 5
3070 -1.000000 4
3074 1.000000 4
3079 1.000000 5
3083 -1.000000 4
3088 1.000000 5
3091 1.000000 3
3095 1.000000 4
3099 1.000000 4
3103 1.000000 4
3108 1.000000 5
3112 -1.000000 4
3116 1.000000 4
3121 1.000000 5
3126 1.000000 5
3131 1.000000 5
3135 1.000000 4
3139 -1.000000 4
3143 1.000000 4
3147 -1.000000 4
3151 1.000000 4
3155 1.000000 4
3160 0.000000 5
3164 1.000000 4
3168 1.000000 4
3172 1.000000 4
3177 0.000000 5
3182 1.000000 5
3187 1.000000 5
3191 1.000000 4
3196 0.000000 5
3201 1.000000 5
3206 0.000000 5
3211 0.000000 5
3216 0.000000 5
3221 0.000000 5
3225 1.000000 4
3230 1.000000 5
3234 1.000000 4
3238 -1.000000 4
3243 0.000000 5
3248 1.000000 5
3252 1.000000 4
3257 1.000000 5
3261 1.000000 4
3265 1.000000 4
3270 1.000000 5
3274 -1.000000 4
3279 1.000000 5
3284 1.000000 5
3287 -1.000000 3
3292 0.000000 5
3297 1.000000 5
3301 -1.000000 4
3305 -1.000000 4
3309 1.000000 4
3314 1.000000 5
3318 -1.000000 4
3323 1.000000 5
3328 1.000000 5
3332 -1.000000 4
3337 1.000000 5
3341 -1.000000 4
3345 1.000000 4
3349 1.000000 4
3353 1.000000 4
3357 1.000000 4
3362 1.000000 5
3366 1.000000 4
3371 0.000000 5
3375 -1.000000 4
3379 -1.000000 4
3383 1.000000 4
3388 0.000000 5
3393 0.000000 5
3397 -1.000000 4
3401 1.000000 4
3405 1.000000 4
3410 1.000000 5
3415 1.000000 5
3419 1.000000 4
3423 1.000000 4
3427 1.000000 4
3430 1.000000 3
3434 1.000000 4
3438 -1.000000 4
3441 -1.000000 3
3446 1.000000 5
3449 -1.000000 3
3453 1.000000 4
3457 1.000000 4
3460 -1.000000 3
3465 1.000000 5
3470 1.000000 5
3474 1.000000 4
3479 1.000000 5
3483 1.000000 4
3488 1.000000 5
3492 -1.000000 4
3495 1.000000 3
3500 0.000000 5
3503 -1.000000 3
3508 1.000000 5
3512 -1.000000 4
3516 1.000000 4
3521 0.000000 5
3525 -1.000000 4
3529 1.000000 4
3532 -1.000000 3
3536 1.000000 4
3540 1.000000 4
3544 1.000000 4
3548 1.000000 4
3552 1.000000 4
3556 -1.000000 4
3559 1.000000 3
3563 1.000000 4
3567 1.000000 4
3571 -1.000000 4
3576 1.000000 5
3581 0.000000 5
3585 1.000000 4
3590 0.000000 5
3595 0.000000 5
3599 1.000000 4
3602 1.000000 3
3607 1.000000 5
3612 1.000000 5
3615 1.000000 3
3619 -1.000000 4
3623 -1.000000 4
3628 1.000000 5
3633 1.000000 5
3636 1.000000 3
3640 1.000000 4
3643 1.000000 3
3646 1.000000 3
3651 1.000000 5
3656 0.000000 5
3661 1.000000 5
3665 -1.000000 4
3670 1.000000 5
3675 1.000000 5
3680 1.000000 5
3684 1.000000 4
3688 -1.000000 4
3693 1.000000 5
3697 1.000000 4
3701 1.000000 4
3705 1.000000 4
3709 -1.000000 4
3712 1.000000 3
3716 -1.000000 4
3719 1.000000 3
3723 1.000000 4
3728 1.000000 5
3733 1.000000 5
3737 1.000000 4
3741 1.000000 4
3745 -1.000000 4
3749 -1.000000 4
3753 -1.000000 4
3758 0.000000 5
3763 0.000000 5
3767 -1.000000 4
3770 1.000000 3
3773 1.000000 3
3777 -1.000000 4
3780 1.000000 3
3784 1.000000 4
3789 1.000000 5
3793 1.000000 4
3798 1.000000 5
3802 -1.000000 4
3806 1.000000 4
3810 1.000000 4
3815 1.000000 5
3819 -1.000000 4
3823 -1.000000 4
3828 1.000000 5
3832 1.000000 4
3837 1.000000 5
3841 1.000000 4
3846 1.000000 5
3851 0.000000 5
3855 1.000000 4
3859 1.000000 4
3863 1.000000 4
3867 1.000000 4
3871 1.000000 4
3875 1.000000 4
3878 1.000000 3
3882 1.000000 4
3887 1.000000 5
3890 -1.000000 3
3893 -1.000000 3
3897 -1.000000 4
3900 1.000000 3
3904 -1.000000 4
3908 1.000000 4
3913 0.000000 5
3917 1.000000 4
3922 0.000000 5
3926 -1.000000 4
3930 1.000000 4
3934 1.000000 4
3938 1.000000 4
3941 1.000000 3
3945 1.000000 4
3950 1.000000 5
3955 1.000000 5
3959 1.000000 4
3963 1.000000 4
3968 1.000000 5
3973 0.000000 5
3977 1.000000 4
3980 -1.000000 3
3985 1.000000 5
3990 0.000000 5
3995 1.000000 5
3998 1.000000 3
4002 -1.000000 4
4006 1.000000 4
4009 -1.000000 3
4013 -1.000000 4
4018 0.000000 5
4021 1.000000 3
4025 1.000000 4
4030 0.000000 5
4034 -1.000000 4
4038 1.000000 4
4043 0.000000 5
4047 1.000000 4
4050 1.000000 3
4054 1.000000 4
4059 1.000000 5
4063 1.000000 4
4067 1.000000 4
4070 1.000000 3
4073 -1.000000 3
4076 -1.000000 3
4080 -1.000000 4
4083 1.000000 3
4087 1.000000 4
4092 1.000000 5
4096 1.000000 4
4100 -1.000000 4
4105 0.000000 5
4110 1.000000 5
4114 1.000000 4
4119 1.000000 5
4123 -1.000000 4
4128 1.000000 5
4131 -1.000000 3
4134 1.000000 3
4137 -1.000000 3
4141 -1.000000 4
4145 1.000000 4
4150 1.000000 5
4154 1.000000 4
4159 0.000000 5
4163 1.000000 4
4168 1.000000 5
4171 -1.000000 3
4175 1.000000 4
4180 0.000000 5
4184 1.000000 4
4188 -1.000000 4
4192 1.000000 4
4197 0.000000 5
4201 1.000000 4
4206 0.000000 5
4209 1.000000 3
4212 -1.000000 3
4217 0.000000 5
4221 -1.000000 4
4224 -1.000000 3
4228 -1.000000 4
4232 1.000000 4
4236 1.000000 4
4241 1.000000 5
4246 1.000000 5
4250 1.000000 4
4254 -1.000000 4
4259 1.000000 5
4264 0.000000 5
4268 -1.000000 4
4272 -1.000000 4
4275 -1.000000 3
4279 -1.000000 4
4282 -1.000000 3
4287 0.000000 5
4291 1.000000 4
4296 1.000000 5
4301 0.000000 5
4306 0.000000 5
4311 0.000000 5
4316 1.000000 5
4320 1.000000 4
4325 0.000000 5
4329 -1.000000 4
4333 1.000000 4
4336 1.000000 3
4339 1.000000 3
4342 -1.000000 3
4345 1.000000 3
4348 1.000000 3
4351 -1.000000 3
4355 1.000000 4
4358 -1.000000 3
4362 -1.000000 4
4367 1.000000 5
4370 1.000000 3
4375 1.000000 5
4379 1.000000 4
4383 1.000000 4
4386 1.000000 3
4391 1.000000 5
4396 1.000000 5
4400 -1.000000 4
4405 1.000000 5
4409 1.000000 4
4412 1.000000 3
4415 1.000000 3
4419 1.000000 4
4423 -1.000000 4
4427 -1.000000 4
4430 -1.000000 3
4433 -1.000000 3
4436 1.000000 3
4440 1.000000 4
4444 1.000000 4
4448 -1.000000 4
4451 -1.000000 3
4455 -1.000000 4
4460 1.000000 5
4464 1.000000 4
4468 1.000000 4
4472 -1.000000 4
4476 1.000000 4
4481 0.000000 5
4484 1.000000 3
4488 -1.000000 4
4493 0.000000 5
4496 1.000000 3
4500 -1.000000 4
4504 1.000000 4
4508 -1.000000 4
4511 -1.000000 3
4515 1.000000 4
4520 0.000000 5
4525 1.000000 5
4528 1.000000 3
4531 -1.000000 3
4536 1.000000 5
4539 -1.000000 3
4544 1.000000 5
4549 1.000000 5
4554 1.000000 5
4559 0.000000 5
4564 1.000000 5
4568 1.000000 4
4572 -1.000000 4
4576 -1.000000 4
4579 -1.000000 3
4583 1.000000 4
4586 1.000000 3
4591 1.000000 5
4595 1.000000 4
4598 -1.000000 3
4603 0.000000 5
4606 1.000000 3
4611 1.000000 5
4616 1.000000 5
4620 -1.000000 4
4623 1.000000 3
4626 1.000000 3
4630 -1.000000 4
4634 -1.000000 4
4638 -1.000000 4
4643 1.000000 5
4648 1.000000 5
4653 1.000000 5
4656 -1.000000 3
4661 1.000000 5
4665 1.000000 4
4670 1.000000 5
4674 1.000000 4
4678 1.000000 4
4683 0.000000 5
4687 1.000000 4
4691 -1.000000 4
4695 1.000000 4
4698 1.000000 3
4703 0.000000 5
4706 -1.000000 3
4710 -1.000000 4
4713 -1.000000 3
4717 1.000000 4
4722 0.000000 5
4726 -1.000000 4
4731 1.000000 5
4736 0.000000 5
4740 1.000000 4
4744 -1.000000 4
4748 1.000000 4
4751 1.000000 3
4754 1.000000 3
4759 0.000000 5
4764 0.000000 5
4769 0.000000 5
4773 -1.000000 4
4776 -1.000000 3
4779 1.000000 3
4783 1.000000 4
4787 -1.000000 4
4792 1.000000 5
4797 0.000000 5
4801 1.000000 4
4806 0.000000 5
4810 -1.000000 4
4814 -1.000000 4
4819 0.000000 5
4822 -1.000000 3
4826 -1.000000 4
4830 1.000000 4
4834 1.000000 4
4837 -1.000000 3
4841 1.000000 4
4845 1.000000 4
4850 1.000000 5
4855 0.000000 5
4860 1.000000 5
4864 -1.000000 4
4869 1.000000 5
4873 -1.000000 4
4876 1.000000 3
4880 -1.000000 4
4883 1.000000 3
4887 1.000000 4
4890 -1.000000 3
4895 1.000000 5
4900 1.000000 5
4904 1.000000 4
4909 1.000000 5
4914 0.000000 5
4918 -1.000000 4
4923 1.000000 5
4927 1.000000 4
4931 1.000000 4
4936 0.000000 5
4940 1.000000 4
4945 1.000000 5
4949 -1.000000 4
4952 -1.000000 3
4956 -1.000000 4
4960 1.000000 4
4963 -1.000000 3
4966 -1.000000 3
4971 1.000000 5
4976 1.000000 5
4981 1.000000 5
4986 1.000000 5
4989 1.000000 3
4993 1.000000 4
4996 1.000000 3
5000 1.000000 4
5004 -1.000000 4
5008 1.000000 4
5012 -1.000000 4
5015 1.000000 3
5018 1.000000 3
5021 -1.000000 3
5025 -1.000000 4
5028 1.000000 3
5032 -1.000000 4
5036 1.000000 4
5040 -1.000000 4
5044 1.000000 4
5047 -1.000000 3
5050 1.000000 3
5054 -1.000000 4
5058 1.000000 4
5063 1.000000 5
5066 -1.000000 3
5071 0.000000 5
5075 1.000000 4
5078 1.000000 3
5082 -1.000000 4
5086 1.000000 4
5091 1.000000 5
5095 1.000000 4
5099 1.000000 4
5103 1.000000 4
5108 1.000000 5
5112 1.000000 4
5115 1.000000 3
5120 1.000000 5
5125 0.000000 5
5130 0.000000 5
5134 1.000000 4
5138 1.000000 4
5143 1.000000 5
5148 0.000000 5
5152 1.000000 4
5156 -1.000000 4
5161 1.000000 5
5166 0.000000 5
5170 1.000000 4
5175 1.000000 5
5179 -1.000000 4
5184 1.000000 5
5189 1.000000 5
5194 0.000000 5
5197 -1.000000 3
5201 1.000000 4
5205 -1.000000 4
5210 0.000000 5
5213 1.000000 3
5217 1.000000 4
5221 1.000000 4
5226 1.000000 5
5231 0.000000 5
5234 1.000000 3
5239 1.000000 5
5243 -1.000000 4
5248 1.000000 5
5253 1.000000 5
5256 1.000000 3
5261 0.000000 5
5266 1.000000 5
5269 1.000000 3
5273 -1.000000 4
5277 1.000000 4
5280 -1.000000 3
5284 1.000000 4
5288 1.000000 4
5293 0.000000 5
5297 -1.000000 4
5301 -1.000000 4
5305 -1.000000 4
5309 1.000000 4
5312 1.000000 3
5315 1.000000 3
5320 0.000000 5
5324 1.000000 4
5329 1.000000 5
5333 -1.000000 4
5337 1.000000 4
5342 1.000000 5
5347 0.000000 5
5352 0.000000 5
5356 1.000000 4
5359 -1.000000 3
5364 1.000000 5
5368 -1.000000 4
5373 1.000000 5
5378 1.000000 5
5383 1.000000 5
5387 1.000000 4
5391 -1.000000 4
5395 1.000000 4
5399 -1.000000 4
5404 1.000000 5
5409 0.000000 5
5412 1.000000 3
5417 0.000000 5
5420 1.000000 3
5424 1.000000 4
5427 -1.000000 3
5432 1.000000 5
5436 1.000000 4
5441 1.000000 5
5446 0.000000 5
5450 -1.000000 4
5453 -1.000000 3
5458 1.000000 5
5463 1.000000 5
5467 1.000000 4
5470 -1.000000 3
5474 -1.000000 4
5479 1.000000 5
5482 1.000000 3
5486 -1.000000 4
5490 1.000000 4
5495 1.000000 5
5498 -1.000000 3
5502 1.000000 4
5507 0.000000 5
5511 -1.000000 4
5515 1.000000 4
5519 -1.000000 4
5523 1.000000 4
5528 1.000000 5
5533 1.000000 5
5538 1.000000 5
5541 1.000000 3
5545 -1.000000 4
5549 1.000000 4
5554 1.000000 5
5558 1.000000 4
5561 1.000000 3
5564 -1.000000 3
5567 1.000000 3
5571 -1.000000 4
5574 -1.000000 3
5577 1.000000 3
5582 0.000000 5
5586 1.000000 4
5591 1.000000 5
5594 -1.000000 3
5599 0.000000 5
5603 1.000000 4
5607 -1.000000 4
5611 1.000000 4
5615 1.000000 4
5620 1.000000 5
5625 1.000000 5
5629 1.000000 4
5632 -1.000000 3
5636 1.000000 4
5640 -1.000000 4
5645 1.000000 5
5648 1.000000 3
5652 1.000000 4
5656 -1.000000 4
5659 -1.000000 3
5663 1.000000 4
5667 -1.000000 4
5671 -1.000000 4
5676 1.000000 5
5679 1.000000 3
5683 1.000000 4
5686 1.000000 3
5689 -1.000000 3
5693 -1.000000 4
5697 -1.000000 4
5701 -1.000000 4
5706 0.000000 5
5710 1.000000 4
5713 -1.000000 3
5717 -1.000000 4
5721 1.000000 4
5726 1.000000 5
5729 -1.000000 3
5732 -1.000000 3
5735 1.000000 3
5740 1.000000 5
5745 1.000000 5
5750 0.000000 5
5755 0.000000 5
5759 1.000000 4
5764 0.000000 5
5768 1.000000 4
5771 1.000000 3
5775 -1.000000 4
5779 1.000000 4
5783 -1.000000 4
5787 1.000000 4
5792 1.000000 5
5796 1.000000 4
5800 1.000000 4
5804 1.000000 4
5808 -1.000000 4
5813 0.000000 5
5818 1.000000 5
5822 -1.000000 4
5827 1.000000 5
5832 1.000000 5
5835 -1.000000 3
5840 0.000000 5
5844 -1.000000 4
5849 1.000000 5
5854 0.000000 5
5858 -1.000000 4
5863 1.000000 5
5867 1.000000 4
5871 -1.000000 4
5874 1.000000 3
5877 -1.000000 3
5880 -1.000000 3
5885 1.000000 5
5890 0.000000 5
5894 -1.000000 4
5898 -1.000000 4
5903 1.000000 5
5907 -1.000000 4
5910 -1.000000 3
5915 1.000000 5
5919 1.000000 4
5924 1.000000 5
5929 0.000000 5
5932 1.000000 3
5937 1.000000 5
5941 -1.000000 4
5945 1.000000 4
5949 1.000000 4
5954 1.000000 5
5959 1.000000 5
5963 1.000000 4
5967 1.000000 4
5970 1.000000 3
5973 -1.000000 3
5978 1.000000 5
5983 1.000000 5
5987 -1.000000 4
5991 1.000000 4
5996 1.000000 5
6000 -1.000000 4
6005 1.000000 5
6010 1.000000 5
6014 1.000000 4
6019 1.000000 5
6023 1.000000 4
6027 -1.000000 4
6031 -1.000000 4
6036 0.000000 5
6040 1.000000 4
6045 1.000000 5
6050 1.000000 5
6055 1.000000 5
6059 1.000000 4
6064 0.000000 5
6067 -1.000000 3
6072 1.000000 5
6076 -1.000000 4
6079 1.000000 3
6083 1.000000 4
6087 1.000000 4
6092 1.000000 5
6096 1.000000 4
6101 1.000000 5
6106 1.000000 5
6110 1.000000 4
6114 1.000000 4
6119 1.000000 5
6122 1.000000 3
6126 1.000000 4
6131 1.000000 5
6134 1.000000 3
6139 1.000000 5
6143 1.000000 4
6147 -1.000000 4
6151 1.000000 4
6156 0.000000 5
6159 -1.000000 3
6163 -1.000000 4
6167 -1.000000 4
6171 1.000000 4
6176 0.000000 5
6180 -1.000000 4
6184 -1.000000 4
6189 0.000000 5
6192 1.000000 3
6195 1.000000 3
6198 1.000000 3
6202 -1.000000 4
6206 1.000000 4
6210 1.000000 4
6214 -1.000000 4
6219 0.000000 5
6223 1.000000 4
6228 0.000000 5
6233 1.000000 5
6238 0.000000 5
6242 1.000000 4
6245 1.000000 3
6249 -1.000000 4
6253 -1.000000 4
6258 1.000000 5
6263 1.000000 5
6267 1.000000 4
6270 1.000000 3
6275 0.000000 5
6280 1.000000 5
6284 1.000000 4
6288 -1.000000 4
6293 1.000000 5
6297 -1.000000 4
6302 1.000000 5
6306 1.000000 4
6311 0.000000 5
6315 1.000000 4
6320 1.000000 5
6324 -1.000000 4
6329 1.000000 5
6334 1.000000 5
6338 1.000000 4
6342 1.000000 4
6347 1.000000 5
6352 1.000000 5
6356 1.000000 4
6359 -1.000000 3
6363 -1.000000 4
6368 1.000000 5
6372 -1.000000 4
6375 1.000000 3
6379 1.000000 4
6384 1.000000 5
6387 -1.000000 3
6392 0.000000 5
6396 1.000000 4
6401 1.000000 5
6405 -1.000000 4
6409 1.000000 4
6413 -1.000000 4
6417 1.000000 4
6422 1.000000 5
6427 1.000000 5
6432 1.000000 5
6436 -1.000000 4
6441 0.000000 5
6445 -1.000000 4
6449 1.000000 4
6453 1.000000 4
6457 1.000000 4
6460 -1.000000 3
6463 1.000000 3
6467 1.000000 4
6471 1.000000 4
6475 1.000000 4
6479 1.000000 4
6484 1.000000 5
6487 -1.000000 3
6492 0.000000 5
6496 1.000000 4
6501 1.000000 5
6506 1.000000 5
6510 -1.000000 4
6514 -1.000000 4
6518 1.000000 4
6522 1.000000 4
6525 -1.000000 3
6529 1.000000 4
6533 1.000000 4
6537 -1.000000 4
6540 -1.000000 3
6545 1.000000 5
6550 0.000000 5
6554 1.000000 4
6557 1.000000 3
6562 0.000000 5
6567 1.000000 5
6572 1.000000 5
6575 1.000000 3
6578 1.000000 3
6582 -1.000000 4
6587 0.000000 5
6591 -1.000000 4
6596 0.000000 5
6601 0.000000 5
6606 0.000000 5
6611 1.000000 5
6614 1.000000 3
6618 -1.000000 4
6623 1.000000 5
6627 1.000000 4
6630 -1.000000 3
6634 1.000000 4
6637 1.000000 3
6641 -1.000000 4
6645 -1.000000 4
6650 0.000000 5
6655 0.000000 5
6659 -1.000000 4
6663 1.000000 4
6668 1.000000 5
6673 0.000000 5
6677 1.000000 4
6680 1.000000 3
6684 1.000000 4
6688 -1.000000 4
6691 1.000000 3
6696 1.000000 5
6701 0.000000 5
6705 1.000000 4
6708 1.000000 3
6712 1.000000 4
6717 0.000000 5
6722 0.000000 5
6725 -1.000000 3
6730 1.000000 5
6735 1.000000 5
6740 0.000000 5
6744 -1.000000 4
6749 1.000000 5
6753 -1.000000 4
6756 1.000000 3
6760 -1.000000 4
6765 0.000000 5
6768 -1.000000 3
6772 1.000000 4
6776 -1.000000 4
6780 -1.000000 4
6784 1.000000 4
6788 1.000000 4
6791 1.000000 3
6795 1.000000 4
6799 -1.000000 4
6803 -1.000000 4
6807 -1.000000 4
6811 1.000000 4
6815 1.000000 4
6819 -1.000000 4
6824 0.000000 5
6829 1.000000 5
6833 1.000000 4
6837 -1.000000 4
6842 1.000000 5
6846 1.000000 4
6851 0.000000 5
6854 1.000000 3
6859 1.000000 5
6863 1.000000 4
6867 -1.000000 4
6872 1.000000 5
6876 -1.000000 4
6880 1.000000 4
6884 -1.000000 4
6887 1.000000 3
6892 1.000000 5
6896 1.000000 4
6900 -1.000000 4
6905 1.000000 5
6909 -1.000000 4
6913 1.000000 4
6917 -1.000000 4
6921 1.000000 4
6924 1.000000 3
6927 1.000000 3
6932 1.000000 5
6937 1.000000 5
6942 0.000000 5
6946 -1.000000 4
6950 1.000000 4
6954 -1.000000 4
6958 1.000000 4
6962 -1.000000 4
6966 1.000000 4
6970 1.000000 4
6974 -1.000000 4
6979 1.000000 5
6984 1.000000 5
6989 0.000000 5
6993 1.000000 4
6997 -1.000000 4
7001 1.000000 4
7006 0.000000 5
7010 -1.000000 4
7014 -1.000000 4
7019 0.000000 5
7024 0.000000 5
7027 1.000000 3
7032 0.000000 5
7036 1.000000 4
7040 1.000000 4
7043 1.000000 3
7047 -1.000000 4
7052 1.000000 5
7056 1.000000 4
7060 -1.000000 4
7064 -1.000000 4
7068 -1.000000 4
7072 1.000000 4
7077 0.000000 5
7082 0.000000 5
7085 1.000000 3
7090 0.000000 5
7094 1.000000 4
7099 1.000000 5
7103 -1.000000 4
7106 -1.000000 3
7111 1.000000 5
7115 1.000000 4
7118 -1.000000 3
7122 1.000000 4
7126 -1.000000 4
7130 1.000000 4
7134 1.000000 4
7138 -1.000000 4
7143 0.000000 5
7148 0.000000 5
7151 1.000000 3
7155 1.000000 4
7159 -1.000000 4
7162 1.000000 3
7165 1.000000 3
7169 -1.000000 4
7173 -1.000000 4
7177 1.000000 4
7180 -1.000000 3
7183 -1.000000 3
7187 1.000000 4
7192 0.000000 5
7196 1.000000 4
7199 1.000000 3
7204 1.000000 5
7208 -1.000000 4
7212 1.000000 4
7216 1.000000 4
7220 -1.000000 4
7224 1.000000 4
7229 1.000000 5
7233 1.000000 4
7236 -1.000000 3
7241 1.000000 5
7246 1.000000 5
7249 -1.000000 3
7253 -1.000000 4
7257 -1.000000 4
7262 1.000000 5
7266 -1.000000 4
7269 1.000000 3
7273 1.000000 4
7278 1.000000 5
7282 -1.000000 4
7286 1.000000 4
7289 -1.000000 3
7294 1.000000 5
7299 0.000000 5
7302 -1.000000 3
7307 1.000000 5
7310 -1.000000 3
7314 1.000000 4
7319 1.000000 5
7323 -1.000000 4
7327 1.000000 4
7330 1.000000 3
7335 1.000000 5
7339 -1.000000 4
7342 1.000000 3
7346 -1.000000 4
7351 1.000000 5
7356 1.000000 5
7360 -1.000000 4
7364 -1.000000 4
7368 1.000000 4
7372 1.000000 4
7377 1.000000 5
7380 -1.000000 3
7383 1.000000 3
7387 1.000000 4
7392 1.000000 5
7396 -1.000000 4
7401 0.000000 5
7406 0.000000 5
7411 1.000000 5
7415 -1.000000 4
7418 1.000000 3
7422 -1.000000 4
7426 -1.000000 4
7430 -1.000000 4
7435 1.000000 5
7438 -1.000000 3
7442 -1.000000 4
7447 0.000000 5
7451 1.000000 4
7456 1.000000 5
7460 1.000000 4
7464 -1.000000 4
7469 1.000000 5
7473 1.000000 4
7478 1.000000 5
7483 1.000000 5
7488 0.000000 5
7493 1.000000 5
7498 1.000000 5
7502 -1.000000 4
7506 -1.000000 4
7511 1.000000 5
7516 1.000000 5
7521 0.000000 5
7524 1.000000 3
7528 1.000000 4
7531 1.000000 3
7536 1.000000 5
7540 1.000000 4
7545 0.000000 5
7548 1.000000 3
7553 0.000000 5
7558 1.000000 5
7562 1.000000 4
7566 1.000000 4
7571 1.000000 5
7575 1.000000 4
7579 1.000000 4
7584 1.000000 5
7588 -1.000000 4
7593 0.000000 5
7598 1.000000 5
7602 1.000000 4
7605 1.000000 3
7608 1.000000 3
7613 1.000000 5
7616 -1.000000 3
7619 1.000000 3
7623 -1.000000 4
7627 1.000000 4
7631 -1.000000 4
7636 1.000000 5
7640 1.000000 4
7644 -1.000000 4
7648 1.000000 4
7653 0.000000 5
7657 1.000000 4
7661 -1.000000 4
7665 1.000000 4
7669 1.000000 4
7673 1.000000 4
7676 1.000000 3
7680 1.000000 4
7683 1.000000 3
7687 -1.000000 4
7691 -1.000000 4
7694 -1.000000 3
7699 0.000000 5
7704 1.000000 5
7709 1.000000 5
7713 -1.000000 4
7716 1.000000 3
7719 -1.000000 3
7723 -1.000000 4
7728 1.000000 5
7732 1.000000 4
7736 1.000000 4
7741 1.000000 5
7745 1.000000 4
7750 1.000000 5
7755 0.000000 5
7760 1.000000 5
7764 1.000000 4
7768 -1.000000 4
7772 1.000000 4
7775 1.000000 3
7780 1.000000 5
7785 1.000000 5
7789 -1.000000 4
7793 -1.000000 4
7797 -1.000000 4
7801 -1.000000 4
7805 1.000000 4
7808 1.000000 3
7813 1.000000 5
7818 1.000000 5
7822 1.000000 4
7825 -1.000000 3
7828 1.000000 3
7833 1.000000 5
7837 1.000000 4
7840 -1.000000 3
7844 1.000000 4
7848 -1.000000 4
7852 -1.000000 4
7856 -1.000000 4
7860 -1.000000 4
7864 -1.000000 4
7869 0.000000 5
7873 1.000000 4
7877 -1.000000 4
7882 1.000000 5
7886 1.000000 4
7891 1.000000 5
7896 0.000000 5
7900 1.000000 4
7905 1.000000 5
7909 -1.000000 4
7913 -1.000000 4
7917 -1.000000 4
7920 -1.000000 3
7925 1.000000 5
7929 1.000000 4
7934 1.000000 5
7938 1.000000 4
7943 0.000000 5
7948 1.000000 5
7952 1.000000 4
7956 1.000000 4
7961 1.000000 5
7966 1.000000 5
7971 0.000000 5
7976 1.000000 5
7981 1.000000 5
7985 -1.000000 4
7990 0.000000 5
7993 -1.000000 3
7998 1.000000 5
8001 -1.000000 3
8006 1.000000 5
8011 0.000000 5
8016 1.000000 5
8020 -1.000000 4
8024 -1.000000 4
8028 1.000000 4
8032 1.000000 4
8036 -1.000000 4
8041 1.000000 5
8045 -1.000000 4
8050 0.000000 5
8054 -1.000000 4
8058 -1.000000 4
8062 -1.000000 4
8065 1.000000 3
8070 0.000000 5
8074 -1.000000 4
8079 1.000000 5
8083 -1.000000 4
8087 -1.000000 4
8091 1.000000 4
8094 1.000000 3
8098 1.000000 4
8103 0.000000 5
8107 1.000000 4
8110 -1.000000 3
8114 1.000000 4
8118 -1.000000 4
8123 1.000000 5
8127 1.000000 4
8130 1.000000 3
8133 -1.000000 3
8137 -1.000000 4
8142 0.000000 5
8146 -1.000000 4
8150 -1.000000 4
8155 0.000000 5
8160 1.000000 5
8163 -1.000000 3
8167 -1.000000 4
8172 1.000000 5
8177 1.000000 5
8182 1.000000 5
8187 1.000000 5
8192 0.000000 5
8196 1.000000 4
8201 1.000000 5
8206 0.000000 5
8210 -1.000000 4
8215 1.000000 5
8218 -1.000000 3
8222 -1.000000 4
8226 1.000000 4
8230 -1.000000 4
8235 0.000000 5
8240 1.000000 5
8244 1.000000 4
8248 -1.000000 4
8253 0.000000 5
8258 0.000000 5
8262 1.000000 4
8267 1.000000 5
8272 1.000000 5
8277 1.000000 5
8281 -1.000000 4
8285 -1.000000 4
8289 -1.000000 4
8294 1.000000 5
8298 1.000000 4
8302 1.000000 4
8305 -1.000000 3
8308 -1.000000 3
8312 -1.000000 4
8317 1.000000 5
8321 1.000000 4
8325 -1.000000 4
8328 -1.000000 3
8333 0.000000 5
8336 1.000000 3
8340 1.000000 4
8344 -1.000000 4
8348 1.000000 4
8351 -1.000000 3
8355 1.000000 4
8359 1.000000 4
8362 -1.000000 3
8366 -1.000000 4
8371 0.000000 5
8375 -1.000000 4
8380 1.000000 5
8385 1.000000 5
8388 -1.000000 3
8392 -1.000000 4
8395 1.000000 3
8399 -1.000000 4
8403 1.000000 4
8408 0.000000 5
8413 1.000000 5
8417 1.000000 4
8420 -1.000000 3
8423 1.000000 3
8427 1.000000 4
8432 1.000000 5
8437 0.000000 5
8441 1.000000 4
8444 -1.000000 3
8448 -1.000000 4
8452 1.000000 4
8455 1.000000 3
8459 1.000000 4
8463 -1.000000 4
8467 -1.000000 4
8471 1.000000 4
8476 1.000000 5
8480 -1.000000 4
8485 0.000000 5
8490 1.000000 5
8495 1.000000 5
8500 0.000000 5
8504 -1.000000 4
8509 0.000000 5
8514 1.000000 5
8518 -1.000000 4
8522 -1.000000 4
8526 1.000000 4
8530 1.000000 4
8535 0.000000 5
8538 1.000000 3
8542 1.000000 4
8546 -1.000000 4
8551 1.000000 5
8556 1.000000 5
8561 0.000000 5
8565 -1.000000 4
8569 -1.000000 4
8574 0.000000 5
8578 1.000000 4
8581 1.000000 3
8585 1.000000 4
8589 1.000000 4
8593 1.000000 4
8598 1.000000 5
8601 1.000000 3
8605 1.000000 4
8609 1.000000 4
8613 1.000000 4
8617 1.000000 4
8622 0.000000 5
8625 -1.000000 3
8630 1.000000 5
8633 1.000000 3
8637 -1.000000 4
8641 1.000000 4
8645 -1.000000 4
8649 1.000000 4
8652 -1.000000 3
8656 1.000000 4
8660 1.000000 4
8665 1.000000 5
8670 1.000000 5
8674 1.000000 4
8677 1.000000 3
8680 1.000000 3
8685 1.000000 5
8688 -1.000000 3
8693 1.000000 5
8697 1.000000 4
8701 1.000000 4
8704 1.000000 3
8708 1.000000 4
8712 -1.000000 4
8716 1.000000 4
8720 1.000000 4
8725 1.000000 5
8729 1.000000 4
8733 1.000000 4
8738 1.000000 5
8742 1.000000 4
8746 1.000000 4
8750 -1.000000 4
8754 -1.000000 4
8758 1.000000 4
8763 1.000000 5
8767 -1.000000 4
8771 1.000000 4
8774 -1.000000 3
8779 1.000000 5
8783 1.000000 4
8788 1.000000 5
8793 1.000000 5
8797 -1.000000 4
8802 0.000000 5
8806 -1.000000 4
8811 1.000000 5
8814 1.000000 3
8818 -1.000000 4
8823 0.000000 5
8827 1.000000 4
8831 1.000000 4
8835 1.000000 4
8840 1.000000 5
8845 1.000000 5
8849 -1.000000 4
8853 1.000000 4
8858 1.000000 5
8861 -1.000000 3
8866 0.000000 5
8871 1.000000 5
8875 -1.000000 4
8880 1.000000 5
8884 1.000000 4
8888 -1.000000 4
8891 -1.000000 3
8895 -1.000000 4
8898 1.000000 3
8903 1.000000 5
8906 -1.000000 3
8910 -1.000000 4
8914 1.000000 4
8918 1.000000 4
8923 1.000000 5
8928 1.000000 5
8932 1.000000 4
8936 1.000000 4
8941 0.000000 5
8946 0.000000 5
8950 1.000000 4
8954 -1.000000 4
8958 1.000000 4
8962 1.000000 4
8966 -1.000000 4
8970 -1.000000 4
8973 -1.000000 3
8978 0.000000 5
8982 1.000000 4
8986 1.000000 4
8991 1.000000 5
8995 1.000000 4
9000 1.000000 5
9004 1.000000 4
9007 1.000000 3
9011 1.000000 4
9015 -1.000000 4
9020 0.000000 5
9024 1.000000 4
9029 0.000000 5
9032 -1.000000 3
9036 -1.000000 4
9039 -1.000000 3
9043 1.000000 4
9048 1.000000 5
9053 1.000000 5
9057 -1.000000 4
9060 1.000000 3
9064 1.000000 4
9069 1.000000 5
9072 -1.000000 3
9077 1.000000 5
9082 1.000000 5
9086 1.000000 4
9090 -1.000000 4
9095 0.000000 5
9100 1.000000 5
9103 -1.000000 3
9108 1.000000 5
9112 -1.000000 4
9115 -1.000000 3
9119 1.000000 4
9124 1.000000 5
9128 1.000000 4
9131 -1.000000 3
9135 1.000000 4
9140 1.000000 5
9145 0.000000 5
9150 1.000000 5
9155 1.000000 5
9160 0.000000 5
9164 1.000000 4
9168 1.000000 4
9172 1.000000 4
9177 0.000000 5
9182 1.000000 5
9187 1.000000 5
9192 1.000000 5
9195 -1.000000 3
9198 1.000000 3
9202 1.000000 4
9206 -1.000000 4
9209 -1.000000 3
9213 1.000000 4
9218 0.000000 5
9221 -1.000000 3
9225 1.000000 4
9229 -1.000000 4
9233 -1.000000 4
9237 -1.000000 4
9241 -1.000000 4
9245 -1.000000 4
9249 -1.000000 4
9253 -1.000000 4
9258 1.000000 5
9263 0.000000 5
9268 0.000000 5
9272 1.000000 4
9276 -1.000000 4
9281 1.000000 5
9285 1.000000 4
9290 1.000000 5
9294 1.000000 4
9298 -1.000000 4
9303 1.000000 5
9307 1.000000 4
9312 1.000000 5
9316 1.000000 4
9321 1.000000 5
9325 1.000000 4
9329 -1.000000 4
9332 -1.000000 3
9337 0.000000 5
9342 1.000000 5
9347 0.000000 5
9351 -1.000000 4
9355 1.000000 4
9360 1.000000 5
9365 1.000000 5
9370 0.000000 5
9375 0.000000 5
9379 1.000000 4
9383 1.000000 4
9387 1.000000 4
9391 -1.000000 4
9395 1.000000 4
9399 1.000000 4
9403 1.000000 4
9408 0.000000 5
9411 -1.000000 3
9415 -1.000000 4
9420 1.000000 5
9424 1.000000 4
9427 1.000000 3
9432 1.000000 5
9435 -1.000000 3
9438 1.000000 3
9442 1.000000 4
9447 1.000000 5
9451 -1.000000 4
9456 0.000000 5
9460 -1.000000 4
9463 -1.000000 3
9467 1.000000 4
9472 0.000000 5
9477 1.000000 5
9482 0.000000 5
9486 1.000000 4
9491 0.000000 5
9495 -1.000000 4
9500 1.000000 5
9503 1.000000 3
9508 1.000000 5
9512 1.000000 4
9515 -1.000000 3
9518 -1.000000 3
9523 1.000000 5
9527 1.000000 4
9530 1.000000 3
9533 -1.000000 3
9536 1.000000 3
9540 -1.000000 4
9544 -1.000000 4
9547 -1.000000 3
9551 -1.000000 4
9554 1.000000 3
9558 -1.000000 4
9563 1.000000 5
9567 1.000000 4
9572 1.000000 5
9575 1.000000 3
9580 0.000000 5
9584 1.000000 4
9589 0.000000 5
9594 1.000000 5
9598 -1.000000 4
9602 1.000000 4
9606 -1.000000 4
9611 0.000000 5
9616 1.000000 5
9620 1.000000 4
9625 1.000000 5
9629 -1.000000 4
9632 -1.000000 3
9636 1.000000 4
9640 -1.000000 4
9645 1.000000 5
9650 1.000000 5
9654 1.000000 4
9658 1.000000 4
9663 0.000000 5
9666 1.000000 3
9670 1.000000 4
9673 1.000000 3
9678 0.000000 5
9682 1.000000 4
9686 -1.000000 4
9690 1.000000 4
9693 1.000000 3
9697 -1.000000 4
9702 0.000000 5
9707 1.000000 5
9711 1.000000 4
9715 1.000000 4
9720 0.000000 5
9724 -1.000000 4
9728 1.000000 4
9733 1.000000 5
9737 -1.000000 4
9742 1.000000 5
9747 1.000000 5
9752 0.000000 5
9756 1.000000 4
9760 1.000000 4
9764 -1.000000 4
9769 1.000000 5
9774 1.000000 5
9778 -1.000000 4
9782 -1.000000 4
9785 1.000000 3
9789 1.000000 4
9792 -1.000000 3
9795 -1.000000 3
9799 1.000000 4
9803 -1.000000 4
9808 0.000000 5
9813 1.000000 5
9816 1.000000 3
9820 -1.000000 4
9825 1.000000 5
9829 1.000000 4
9833 1.000000 4
9836 1.000000 3
9840 1.000000 4
9844 1.000000 4
9848 -1.000000 4
9852 -1.000000 4
9857 1.000000 5
9860 1.000000 3
9864 -1.000000 4
9868 1.000000 4
9871 1.000000 3
9874 -1.000000 3
9879 1.000000 5
9883 -1.000000 4
9888 1.000000 5
9891 1.000000 3
9894 -1.000000 3
9899 1.000000 5
9903 1.000000 4
9908 0.000000 5
9912 1.000000 4
9916 -1.000000 4
9921 1.000000 5
9925 -1.000000 4
9928 1.000000 3
9933 0.000000 5
9937 1.000000 4
9940 -1.000000 3
9944 -1.000000 4
9948 1.000000 4
9952 -1.000000 4
9957 0.000000 5
9961 1.000000 4
9966 1.000000 5
9971 1.000000 5
9976 1.000000 5
9980 1.000000 4
9984 1.000000 4
9988 -1.000000 4
9993 1.000000 5
9996 1.000000 3
10000 1.000000 4
10003 -1.000000 3
10006 -1.000000 3
10009 -1.000000 3
10012 -1.000000 3
10015 -1.000000 3
10018 -1.000000 3
10021 -1.000000 3
10024 -1.000000 3
10027 -1.000000 3
10030 -1.000000 3
10033 -1.000000 3
10036 -1.000000 3
10039 -1.000000 3
10042 -1.000000 3
10045 -1.000000 3
10048 -1.000000 3
10051 -1.000000 3
10054 -1.000000 3
10057 -1.000000 3
10060 -1.000000 3
10063 -1.000000 3
10066 -1.000000 3
10069 -1.000000 3
10072 -1.000000 3
10075 -1.000000 3
10078 -1.000000 3
10081 -1.000000 3
10084 -1.000000 3
10087 -1.000000 3
10090 -1.000000 3
10093 -1.000000 3
10096 -1.000000 3
10099 -1.000000 3
10102 -1.000000 3
10105 -1.000000 3
10108 -1.000000 3
10111 -1.000000 3
10114 -1.000000 3
10117 -1.000000 3
10120 -1.000000 3
10123 -1.000000 3
10126 -1.000000 3
10129 -1.000000 3
10132 -1.000000 3
10135 -1.000000 3
10138 -1.000000 3
10141 -1.000000 3
10144 -1.000000 3
10147 -1.000000 3
10150 -1.000000 3
10153 -1.000000 3
10156 -1.000000 3
10159 -1.000000 3
10162 -1.000000 3
10165 -1.000000 3
10168 -1.000000 3
10171 -1.000000 3
10174 -1.000000 3
10177 -1.000000 3
10180 -1.000000 3
10183 -1.000000 3
10186 -1.000000 3
10189 -1.000000 3
10192 -1.000000 3
10195 -1.000000 3
10200 0.000000 5
10203 -1.000000 3
10206 -1.000000 3
10209 -1.000000 3
10212 -1.000000 3
10215 -1.000000 3
10218 -1.000000 3
10221 -1.000000 3
10224 -1.000000 3
10227 -1.000000 3
10230 -1.000000 3
10233 -1.000000 3
10236 -1.000000 3
10239 -1.000000 3
10242 -1.000000 3
10245 -1.000000 3
10248 -1.000000 3
10251 -1.000000 3
10254 -1.000000 3
10257 -1.000000 3
10260 -1.000000 3
10263 -1.000000 3
10266 -1.000000 3
10269 -1.000000 3
10272 -1.000000 3
10275 -1.000000 3
10278 -1.000000 3
10281 -1.000000 3
10284 -1.000000 3
10287 -1.000000 3
10290 -1.000000 3
10293 -1.000000 3
10296 -1.000000 3
10299 -1.000000 3
10302 -1.000000 3
10305 -1.000000 3
10308 -1.000000 3
10311 -1.000000 3
10314 -1.000000 3
10317 -1.000000 3
10320 -1.000000 3
10323 -1.000000 3
10326 -1.000000 3
10329 -1.000000 3
10332 -1.000000 3
10335 -1.000000 3
10338 -1.000000 3
10341 -1.000000 3
10344 -1.000000 3
10347 -1.000000 3
10350 -1.000000 3
10353 -1.000000 3
10356 -1.000000 3
10359 -1.000000 3
10362 -1.000000 3
10365 -1.000000 3
10368 -1.000000 3
10371 -1.000000 3
10374 -1.000000 3
10377 -1.000000 3
10380 -1.000000 3
10383 -1.000000 3
10386 -1.000000 3
10389 -1.000000 3
10392 -1.000000 3
10395 -1.000000 3
10398 -1.000000 3
10401 -1.000000 3
10404 -1.000000 3
10407 -1.000000 3
10410 -1.000000 3
10413 -1.000000 3
10416 -1.000000 3
10419 -1.000000 3
10422 -1.000000 3
10425 -1.000000 3
10428 -1.000000 3
10431 -1.000000 3
10434 -1.000000 3
10437 -1.000000 3
10440 -1.000000 3
10443 -1.000000 3
10446 -1.000000 3
10449 -1.000000 3
10452 -1.000000 3
10455 -1.000000 3
10458 -1.000000 3
10461 -1.000000 3
10464 -1.000000 3
10467 -1.000000 3
10470 -1.000000 3
10473 -1.000000 3
10476 -1.000000 3
10479 -1.000000 3
10482 -1.000000 3
10485 -1.000000 3
10488 -1.000000 3
10491 -1.000000 3
10494 -1.000000 3
10497 -1.000000 3
10500 -1.000000 3
10503 -1.000000 3
10506 -1.000000 3
10509 -1.000000 3
10512 -1.000000 3
10515 -1.000000 3
10518 -1.000000 3
10521 -1.000000 3
10524 -1.000000 3
10527 -1.000000 3
10530 -1.000000 3
10533 -1.000000 3
10536 -1.000000 3
10539 -1.000000 3
10542 -1.000000 3
10545 -1.000000 3
10548 -1.000000 3
10551 -1.000000 3
10554 -1.000000 3
10557 -1.000000 3
10560 -1.000000 3
10563 -1.000000 3
10566 -1.000000 3
10569 -1.000000 3
10572 -1.000000 3
10575 -1.000000 3
10578 -1.000000 3
10581 -1.000000 3
10584 -1.000000 3
10587 -1.000000 3
10590 -1.000000 3
10593 -1.000000 3
10596 -1.000000 3
10599 -1.000000 3
10602 -1.000000 3
10605 -1.000000 3
10608 -1.000000 3
10611 -1.000000 3
10614 -1.000000 3
10617 -1.000000 3
10620 -1.000000 3
10623 -1.000000 3
10626 -1.000000 3
10629 -1.000000 3
10632 -1.000000 3
10635 -1.000000 3
10638 -1.000000 3
10641 -1.000000 3
10644 -1.000000 3
10647 -1.000000 3
10650 -1.000000 3
10653 -1.000000 3
10656 -1.000000 3
10659 -1.000000 3
10662 -1.000000 3
10665 -1.000000 3
10668 -1.000000 3
10671 -1.000000 3
10674 -1.000000 3
10677 -1.000000 3
10680 -1.000000 3
10683 -1.000000 3
10686 -1.000000 3
10689 -1.000000 3
10692 -1.000000 3
10695 -1.000000 3
10698 -1.000000 3
10701 -1.000000 3
10704 -1.000000 3
10707 -1.000000 3
10710 -1.000000 3
10713 -1.000000 3
10716 -1.000000 3
10719 -1.000000 3
10722 -1.000000 3
10725 -1.000000 3
10728 -1.000000 3
10731 -1.000000 3
10734 -1.000000 3
10737 -1.000000 3
10740 -1.000000 3
10743 -1.000000 3
10746 -1.000000 3
10749 -1.000000 3
10752 -1.000000 3
10755 -1.000000 3
10758 -1.000000 3
10761 -1.000000 3
10764 -1.000000 3
10767 -1.000000 3
10770 -1.000000 3
10773 -1.000000 3
10776 -1.000000 3
10779 -1.000000 3
10782 -1.000000 3
10785 -1.000000 3
10788 -1.000000 3
10791 -1.000000 3
10794 -1.000000 3
10797 -1.000000 3
10800 -1.000000 3
10803 -1.000000 3
10806 -1.000000 3
10809 -1.000000 3
10812 -1.000000 3
10815 -1.000000 3
10818 -1.000000 3
10821 -1.000000 3
10824 -1.000000 3
10827 -1.000000 3
10830 -1.000000 3
10833 -1.000000 3
10836 -1.000000 3
10839 -1.000000 3
10842 -1.000000 3
10845 -1.000000 3
10848 -1.000000 3
10851 -1.000000 3
10854 -1.000000 3
10857 -1.000000 3
10860 -1.000000 3
10863 -1.000000 3
10866 -1.000000 3
10869 -1.000000 3
10872 -1.000000 3
10875 -1.000000 3
10878 -1.000000 3
10881 -1.000000 3
10884 -1.000000 3
10887 -1.000000 3
10890 -1.000000 3
10893 -1.000000 3
10896 -1.000000 3
10899 -1.000000 3
10902 -1.000000 3
10905 -1.000000 3
10908 -1.000000 3
10911 -1.000000 3
10914 -1.000000 3
10917 -1.000000 3
10920 -1.000000 3
10923 -1.000000 3
10926 -1.000000 3
10929 -1.000000 3
10932 -1.000000 3
10935 -1.000000 3
10938 -1.000000 3
10941 -1.000000 3
10944 -1.000000 3
10947 -1.000000 3
10950 -1.000000 3
10953 -1.000000 3
10956 -1.000000 3
10959 -1.000000 3
10962 -1.000000 3
10965 -1.000000 3
10968 -1.000000 3
10971 -1.000000 3
10974 -1.000000 3
10977 -1.000000 3
10980 -1.000000 3
10983 -1.000000 3
10986 -1.000000 3
10989 -1.000000 3
10992 -1.000000 3
10995 -1.000000 3
10998 -1.000000 3
11001 -1.000000 3
11005 1.000000 4
11009 1.000000 4
11013 1.000000 4
11017 1.000000 4
11021 1.000000 4
11025 1.000000 4
11029 1.000000 4
11033 1.000000 4
11037 1.000000 4
11040 1.000000 3
11043 1.000000 3
11047 1.000000 4
11050 -1.000000 3
11054 1.000000 4
11057 1.000000 3
11061 1.000000 4
11065 1.000000 4
11069 -1.000000 4
11073 1.000000 4
11076 1.000000 3
11080 1.000000 4
11084 1.000000 4
11087 -1.000000 3
11091 -1.000000 4
11095 1.000000 4
11098 1.000000 3
11102 1.000000 4
11106 -1.000000 4
11110 1.000000 4
11114 1.000000 4
11118 1.000000 4
11122 1.000000 4
11126 1.000000 4
11129 1.000000 3
11132 1.000000 3
11136 1.000000 4
11140 1.000000 4
11144 1.000000 4
11147 1.000000 3
11151 1.000000 4
11155 1.000000 4
11159 1.000000 4
11163 1.000000 4
11167 1.000000 4
11171 1.000000 4
11174 1.000000 3
11179 1.000000 5
11183 1.000000 4
11187 1.000000 4
11191 1.000000 4
11196 0.000000 5
11200 1.000000 4
11203 1.000000 3
11207 -1.000000 4
11212 0.000000 5
11215 1.000000 3
11219 1.000000 4
11223 1.000000 4
11227 1.000000 4
11231 1.000000 4
11235 1.000000 4
11238 1.000000 3
11242 1.000000 4
11246 1.000000 4
11250 1.000000 4
11253 1.000000 3
11257 1.000000 4
11261 -1.000000 4
11265 -1.000000 4
11268 1.000000 3
11271 1.000000 3
11275 1.000000 4
11279 1.000000 4
11282 1.000000 3
11286 1.000000 4
11290 1.000000 4
11294 1.000000 4
11298 1.000000 4
11302 1.000000 4
11306 1.000000 4
11309 1.000000 3
11313 1.000000 4
11317 1.000000 4
11321 1.000000 4
11325 1.000000 4
11328 1.000000 3
11332 1.000000 4
11336 1.000000 4
11339 -1.000000 3
11343 1.000000 4
11347 1.000000 4
11351 1.000000 4
11355 1.000000 4
11358 1.000000 3
11361 1.000000 3
11365 1.000000 4
11368 1.000000 3
11372 1.000000 4
11376 1.000000 4
11381 0.000000 5
11384 1.000000 3
11388 1.000000 4
11392 1.000000 4
11395 1.000000 3
11399 1.000000 4
11403 1.000000 4
11406 1.000000 3
11409 1.000000 3
11413 1.000000 4
11417 1.000000 4
11420 -1.000000 3
11424 1.000000 4
11428 1.000000 4
11432 -1.000000 4
11436 1.000000 4
11440 1.000000 4
11443 -1.000000 3
11446 1.000000 3
11450 1.000000 4
11454 -1.000000 4
11458 1.000000 4
11462 -1.000000 4
11467 0.000000 5
11470 1.000000 3
11473 1.000000 3
11477 1.000000 4
11481 1.000000 4
11484 -1.000000 3
11488 1.000000 4
11492 1.000000 4
11495 1.000000 3
11499 1.000000 4
11502 -1.000000 3
11506 -1.000000 4
11510 1.000000 4
11514 1.000000 4
11517 1.000000 3
11521 1.000000 4
11524 -1.000000 3
11528 -1.000000 4
11532 1.000000 4
11536 1.000000 4
11539 1.000000 3
11543 1.000000 4
11548 1.000000 5
11552 -1.000000 4
11555 1.000000 3
11558 1.000000 3
11563 1.000000 5
11567 1.000000 4
11570 -1.000000 3
11574 1.000000 4
11578 1.000000 4
11582 1.000000 4
11586 1.000000 4
11590 1.000000 4
11595 1.000000 5
11598 -1.000000 3
11601 1.000000 3
11605 1.000000 4
11610 0.000000 5
11613 1.000000 3
11617 1.000000 4
11620 1.000000 3
11625 0.000000 5
11629 1.000000 4
11633 1.000000 4
11637 1.000000 4
11641 1.000000 4
11644 1.000000 3
11648 1.000000 4
11652 1.000000 4
11656 1.000000 4
11660 1.000000 4
11664 1.000000 4
11667 1.000000 3
11672 0.000000 5
11676 1.000000 4
11680 1.000000 4
11684 1.000000 4
11687 -1.000000 3
11691 1.000000 4
11695 1.000000 4
11699 1.000000 4
11703 1.000000 4
11707 1.000000 4
11711 1.000000 4
11715 1.000000 4
11719 1.000000 4
11722 -1.000000 3
11726 1.000000 4
11730 1.000000 4
11734 1.000000 4
11738 1.000000 4
11741 -1.000000 3
11745 1.000000 4
11750 0.000000 5
11754 1.000000 4
11758 1.000000 4
11762 1.000000 4
11766 1.000000 4
11770 1.000000 4
11774 1.000000 4
11778 1.000000 4
11782 1.000000 4
11786 1.000000 4
11790 1.000000 4
11794 1.000000 4
11799 0.000000 5
11803 1.000000 4
11807 1.000000 4
11811 1.000000 4
11815 -1.000000 4
11819 1.000000 4
11824 0.000000 5
11828 1.000000 4
11832 1.000000 4
11836 1.000000 4
11840 1.000000 4
11843 1.000000 3
11847 1.000000 4
11851 1.000000 4
11855 1.000000 4
11859 1.000000 4
11863 1.000000 4
11867 1.000000 4
11871 1.000000 4
11875 1.000000 4
11879 1.000000 4
11883 1.000000 4
11887 1.000000 4
11891 1.000000 4
11895 1.000000 4
11898 1.000000 3
11902 1.000000 4
11905 1.000000 3
11910 1.000000 5
11914 1.000000 4
11918 1.000000 4
11922 1.000000 4
11926 -1.000000 4
11930 1.000000 4
11934 1.000000 4
11937 1.000000 3
11941 1.000000 4
11945 -1.000000 4
11949 1.000000 4
11953 1.000000 4
11957 1.000000 4
11960 -1.000000 3
11963 1.000000 3
11967 1.000000 4
11970 1.000000 3
11974 1.000000 4
11978 1.000000 4
11982 1.000000 4
11985 1.000000 3
11989 1.000000 4
11993 1.000000 4
11998 0.000000 5
12002 1.000000 4
12006 1.000000 4
12010 1.000000 4
12014 1.000000 4
12018 -1.000000 4
12022 1.000000 4
12026 1.000000 4
12030 1.000000 4
12034 1.000000 4
12037 1.000000 3
12041 1.000000 4
12045 1.000000 4
12048 -1.000000 3
12052 1.000000 4
12057 1.000000 5
12060 1.000000 3
12064 1.000000 4
12068 1.000000 4
12072 1.000000 4
12075 -1.000000 3
12079 1.000000 4
12083 1.000000 4
12086 -1.000000 3
12090 1.000000 4
12094 1.000000 4
12097 -1.000000 3
12101 1.000000 4
12104 -1.000000 3
12109 0.000000 5
12113 1.000000 4
12117 1.000000 4
12121 1.000000 4
12125 1.000000 4
12129 1.000000 4
12132 1.000000 3
12137 0.000000 5
12141 1.000000 4
12145 1.000000 4
12149 1.000000 4
12153 1.000000 4
12156 1.000000 3
12159 1.000000 3
12163 1.000000 4
12167 1.000000 4
12171 1.000000 4
12175 1.000000 4
12178 1.000000 3
12181 -1.000000 3
12185 1.000000 4
12188 -1.000000 3
12192 1.000000 4
12196 1.000000 4
12200 1.000000 4
12205 0.000000 5
12209 1.000000 4
12214 0.000000 5
12218 1.000000 4
12221 1.000000 3
12225 1.000000 4
12229 1.000000 4
12232 1.000000 3
12235 1.000000 3
12239 1.000000 4
12243 1.000000 4
12246 -1.000000 3
12250 1.000000 4
12253 1.000000 3
12257 1.000000 4
12261 1.000000 4
12265 1.000000 4
12269 1.000000 4
12273 1.000000 4
12277 1.000000 4
12281 1.000000 4
12284 -1.000000 3
12288 1.000000 4
12292 1.000000 4
12296 1.000000 4
12300 1.000000 4
12304 1.000000 4
12309 0.000000 5
12313 1.000000 4
12317 1.000000 4
12321 1.000000 4
12324 1.000000 3
12328 -1.000000 4
12332 1.000000 4
12336 1.000000 4
12340 1.000000 4
12344 1.000000 4
12348 -1.000000 4
12352 1.000000 4
12356 1.000000 4
12359 1.000000 3
12363 1.000000 4
12366 -1.000000 3
12371 0.000000 5
12375 1.000000 4
12379 1.000000 4
12384 0.000000 5
12388 1.000000 4
12392 1.000000 4
12395 1.000000 3
12399 1.000000 4
12403 1.000000 4
12406 1.000000 3
12410 1.000000 4
12414 1.000000 4
12418 1.000000 4
12423 0.000000 5
12428 0.000000 5
12433 0.000000 5
12437 1.000000 4
12441 1.000000 4
12446 0.000000 5
12450 1.000000 4
12453 1.000000 3
12457 1.000000 4
12460 1.000000 3
12464 1.000000 4
12468 1.000000 4
12471 1.000000 3
12474 -1.000000 3
12477 -1.000000 3
12482 0.000000 5
12486 1.000000 4
12490 1.000000 4
12494 1.000000 4
12497 1.000000 3
12500 1.000000 3
12504 1.000000 4
12508 1.000000 4
12512 1.000000 4
12516 1.000000 4
12520 1.000000 4
12524 1.000000 4
12528 -1.000000 4
12532 1.000000 4
12536 1.000000 4
12541 0.000000 5
12545 1.000000 4
12548 -1.000000 3
12552 1.000000 4
12555 1.000000 3
12559 1.000000 4
12563 1.000000 4
12567 1.000000 4
12571 1.000000 4
12575 1.000000 4
12579 1.000000 4
12584 0.000000 5
12587 -1.000000 3
12591 1.000000 4
12595 1.000000 4
12600 0.000000 5
12604 1.000000 4
12608 1.000000 4
12611 1.000000 3
12614 1.000000 3
12619 0.000000 5
12623 1.000000 4
12628 0.000000 5
12632 1.000000 4
12636 1.000000 4
12640 1.000000 4
12644 1.000000 4
12648 1.000000 4
12652 1.000000 4
12656 1.000000 4
12660 1.000000 4
12663 1.000000 3
12667 1.000000 4
12671 1.000000 4
12675 1.000000 4
12679 1.000000 4
12683 1.000000 4
12687 1.000000 4
12690 1.000000 3
12694 1.000000 4
12698 1.000000 4
12703 1.000000 5
12707 1.000000 4
12711 1.000000 4
12715 1.000000 4
12719 1.000000 4
12723 1.000000 4
12728 0.000000 5
12732 1.000000 4
12737 0.000000 5
12741 1.000000 4
12745 1.000000 4
12749 1.000000 4
12753 1.000000 4
12757 1.000000 4
12760 -1.000000 3
12764 1.000000 4
12767 -1.000000 3
12770 1.000000 3
12774 1.000000 4
12778 1.000000 4
12782 1.000000 4
12787 0.000000 5
12792 0.000000 5
12796 1.000000 4
12799 1.000000 3
12803 1.000000 4
12808 0.000000 5
12812 1.000000 4
12816 1.000000 4
12820 1.000000 4
12824 1.000000 4
12828 1.000000 4
12832 1.000000 4
12836 1.000000 4
12839 -1.000000 3
12842 1.000000 3
12846 1.000000 4
12850 1.000000 4
12854 1.000000 4
12859 1.000000 5
12864 0.000000 5
12869 0.000000 5
12872 1.000000 3
12876 1.000000 4
12880 1.000000 4
12884 1.000000 4
12888 1.000000 4
12892 1.000000 4
12896 1.000000 4
12900 1.000000 4
12903 1.000000 3
12907 1.000000 4
12912 0.000000 5
12916 1.000000 4
12920 1.000000 4
12924 1.000000 4
12928 1.000000 4
12932 1.000000 4
12936 1.000000 4
12940 1.000000 4
12944 1.000000 4
12948 1.000000 4
12953 0.000000 5
12956 1.000000 3
12960 -1.000000 4
12964 1.000000 4
12968 1.000000 4
12971 1.000000 3
12975 1.000000 4
12979 1.000000 4
12984 1.000000 5
12987 1.000000 3
12991 1.000000 4
12995 -1.000000 4
12998 1.000000 3
13002 1.000000 4
