3 0.000000 3
6 1.000000 3
9 0.000000 3
12 0.000000 3
15 0.000000 3
18 0.000000 3
21 0.000000 3
24 0.000000 3
27 1.000000 3
30 0.000000 3
33 0.000000 3
36 0.000000 3
38 -1.000000 2
41 0.000000 3
44 1.000000 3
47 0.000000 3
50 1.000000 3
53 0.000000 3
55 -1.000000 2
58 0.000000 3
61 0.000000 3
64 0.000000 3
66 -1.000000 2
69 0.000000 3
72 0.000000 3
75 0.000000 3
78 0.000000 3
81 0.000000 3
84 0.000000 3
87 0.000000 3
90 0.000000 3
92 -1.000000 2
95 0.000000 3
97 -1.000000 2
99 -1.000000 2
102 0.000000 3
104 -1.000000 2
107 0.000000 3
110 0.000000 3
112 -1.000000 2
115 0.000000 3
118 0.000000 3
121 1.000000 3
124 0.000000 3
127 0.000000 3
130 1.000000 3
133 0.000000 3
136 0.000000 3
139 0.000000 3
142 1.000000 3
145 1.000000 3
148 0.000000 3
151 0.000000 3
154 1.000000 3
157 0.000000 3
160 0.000000 3
163 1.000000 3
166 0.000000 3
169 0.000000 3
171 -1.000000 2
174 1.000000 3
177 0.000000 3
180 0.000000 3
183 0.000000 3
186 1.000000 3
189 0.000000 3
192 1.000000 3
195 1.000000 3
198 0.000000 3
201 1.000000 3
203 -1.000000 2
206 0.000000 3
209 1.000000 3
212 0.000000 3
215 0.000000 3
218 0.000000 3
221 1.000000 3
224 0.000000 3
226 -1.000000 2
229 0.000000 3
231 -1.000000 2
234 0.000000 3
237 0.000000 3
240 1.000000 3
243 0.000000 3
246 0.000000 3
249 0.000000 3
252 0.000000 3
255 1.000000 3
258 0.000000 3
261 1.000000 3
264 0.000000 3
267 0.000000 3
270 1.000000 3
273 1.000000 3
276 1.000000 3
279 1.000000 3
282 0.000000 3
285 1.000000 3
288 0.000000 3
291 0.000000 3
293 -1.000000 2
295 -1.000000 2
298 1.000000 3
301 1.000000 3
303 -1.000000 2
306 1.000000 3
309 0.000000 3
312 1.000000 3
315 0.000000 3
318 0.000000 3
321 0.000000 3
324 0.000000 3
327 0.000000 3
329 -1.000000 2
332 1.000000 3
335 0.000000 3
338 0.000000 3
341 0.000000 3
344 0.000000 3
347 1.000000 3
349 -1.000000 2
352 0.000000 3
354 -1.000000 2
356 -1.000000 2
359 0.000000 3
362 1.000000 3
365 0.000000 3
368 0.000000 3
371 1.000000 3
374 0.000000 3
377 0.000000 3
380 1.000000 3
383 1.000000 3
386 0.000000 3
389 0.000000 3
391 -1.000000 2
393 -1.000000 2
396 0.000000 3
398 -1.000000 2
401 0.000000 3
404 0.000000 3
407 0.000000 3
410 1.000000 3
413 1.000000 3
416 0.000000 3
419 1.000000 3
422 0.000000 3
425 0.000000 3
428 0.000000 3
431 1.000000 3
434 1.000000 3
437 0.000000 3
440 0.000000 3
443 0.000000 3
446 1.000000 3
449 0.000000 3
451 -1.000000 2
454 0.000000 3
457 0.000000 3
460 0.000000 3
463 0.000000 3
466 1.000000 3
469 0.000000 3
472 0.000000 3
475 0.000000 3
477 -1.000000 2
480 1.000000 3
483 1.000000 3
486 0.000000 3
488 -1.000000 2
491 0.000000 3
494 0.000000 3
497 0.000000 3
500 0.000000 3
502 -1.000000 2
505 0.000000 3
508 0.000000 3
511 0.000000 3
514 0.000000 3
517 0.000000 3
520 0.000000 3
523 0.000000 3
526 1.000000 3
529 0.000000 3
532 0.000000 3
535 0.000000 3
538 1.000000 3
541 1.000000 3
544 0.000000 3
547 0.000000 3
550 0.000000 3
553 0.000000 3
556 0.000000 3
559 0.000000 3
562 0.000000 3
565 1.000000 3
568 0.000000 3
570 -1.000000 2
573 1.000000 3
576 0.000000 3
578 -1.000000 2
580 -1.000000 2
583 1.000000 3
586 0.000000 3
589 1.000000 3
592 0.000000 3
595 1.000000 3
598 0.000000 3
600 -1.000000 2
602 -1.000000 2
605 0.000000 3
608 0.000000 3
611 0.000000 3
614 0.000000 3
617 0.000000 3
620 0.000000 3
623 0.000000 3
626 1.000000 3
628 -1.000000 2
631 0.000000 3
634 0.000000 3
637 0.000000 3
639 -1.000000 2
642 0.000000 3
645 1.000000 3
648 0.000000 3
650 -1.000000 2
653 1.000000 3
656 0.000000 3
658 -1.000000 2
661 0.000000 3
664 0.000000 3
667 0.000000 3
669 -1.000000 2
672 0.000000 3
675 0.000000 3
678 0.000000 3
681 1.000000 3
683 -1.000000 2
686 0.000000 3
689 0.000000 3
692 0.000000 3
695 1.000000 3
697 -1.000000 2
700 0.000000 3
703 1.000000 3
706 0.000000 3
709 0.000000 3
712 0.000000 3
714 -1.000000 2
717 1.000000 3
720 1.000000 3
723 1.000000 3
725 -1.000000 2
728 0.000000 3
731 0.000000 3
734 0.000000 3
737 0.000000 3
740 1.000000 3
743 0.000000 3
745 -1.000000 2
748 0.000000 3
750 -1.000000 2
753 1.000000 3
756 0.000000 3
759 0.000000 3
762 0.000000 3
765 0.000000 3
768 1.000000 3
771 0.000000 3
774 0.000000 3
777 0.000000 3
780 0.000000 3
782 -1.000000 2
785 0.000000 3
788 0.000000 3
791 1.000000 3
794 0.000000 3
797 1.000000 3
800 0.000000 3
803 0.000000 3
806 0.000000 3
809 1.000000 3
812 1.000000 3
814 -1.000000 2
817 0.000000 3
820 0.000000 3
823 0.000000 3
826 0.000000 3
829 0.000000 3
832 0.000000 3
835 0.000000 3
838 0.000000 3
841 0.000000 3
844 0.000000 3
846 -1.000000 2
849 1.000000 3
852 1.000000 3
855 0.000000 3
858 0.000000 3
861 1.000000 3
864 0.000000 3
867 0.000000 3
869 -1.000000 2
872 1.000000 3
875 0.000000 3
877 -1.000000 2
880 1.000000 3
883 0.000000 3
886 0.000000 3
889 0.000000 3
892 0.000000 3
895 0.000000 3
898 0.000000 3
900 -1.000000 2
903 1.000000 3
906 0.000000 3
909 0.000000 3
912 0.000000 3
915 0.000000 3
918 0.000000 3
921 0.000000 3
924 0.000000 3
927 0.000000 3
930 1.000000 3
933 0.000000 3
936 1.000000 3
939 0.000000 3
942 0.000000 3
944 -1.000000 2
947 1.000000 3
950 0.000000 3
952 -1.000000 2
955 0.000000 3
957 -1.000000 2
960 0.000000 3
963 0.000000 3
965 -1.000000 2
968 0.000000 3
970 -1.000000 2
973 0.000000 3
976 0.000000 3
979 1.000000 3
981 -1.000000 2
984 0.000000 3
987 0.000000 3
990 1.000000 3
993 0.000000 3
995 -1.000000 2
998 0.000000 3
1001 0.000000 3
1003 -1.000000 2
1006 0.000000 3
1009 0.000000 3
1011 -1.000000 2
1014 1.000000 3
1016 -1.000000 2
1018 -1.000000 2
1020 -1.000000 2
1023 1.000000 3
1026 0.000000 3
1029 0.000000 3
1032 0.000000 3
1035 1.000000 3
1038 0.000000 3
1041 0.000000 3
1044 0.000000 3
1047 0.000000 3
1050 0.000000 3
1053 0.000000 3
1055 -1.000000 2
1058 0.000000 3
1061 1.000000 3
1064 0.000000 3
1066 -1.000000 2
1069 0.000000 3
1072 0.000000 3
1075 0.000000 3
1078 0.000000 3
1081 0.000000 3
1084 1.000000 3
1087 0.000000 3
1090 0.000000 3
1093 0.000000 3
1096 0.000000 3
1098 -1.000000 2
1101 0.000000 3
1104 0.000000 3
1107 0.000000 3
1110 0.000000 3
1113 0.000000 3
1116 0.000000 3
1118 -1.000000 2
1120 -1.000000 2
1123 0.000000 3
1125 -1.000000 2
1128 0.000000 3
1131 0.000000 3
1134 1.000000 3
1137 0.000000 3
1140 0.000000 3
1142 -1.000000 2
1145 0.000000 3
1148 0.000000 3
1151 0.000000 3
1154 0.000000 3
1157 0.000000 3
1160 0.000000 3
1163 0.000000 3
1166 0.000000 3
1169 0.000000 3
1172 0.000000 3
1175 1.000000 3
1178 1.000000 3
1181 1.000000 3
1184 0.000000 3
1187 0.000000 3
1190 0.000000 3
1193 0.000000 3
1196 0.000000 3
1199 0.000000 3
1202 1.000000 3
1205 0.000000 3
1207 -1.000000 2
1210 0.000000 3
1213 0.000000 3
1216 1.000000 3
1219 0.000000 3
1222 0.000000 3
1225 1.000000 3
1228 0.000000 3
1230 -1.000000 2
1233 0.000000 3
1236 0.000000 3
1239 0.000000 3
1242 1.000000 3
1245 1.000000 3
1248 0.000000 3
1250 -1.000000 2
1253 0.000000 3
1256 0.000000 3
1259 0.000000 3
1262 0.000000 3
1265 0.000000 3
1268 0.000000 3
1271 1.000000 3
1274 0.000000 3
1277 0.000000 3
1279 -1.000000 2
1282 0.000000 3
1285 0.000000 3
1288 1.000000 3
1291 1.000000 3
1294 0.000000 3
1297 1.000000 3
1300 1.000000 3
1303 0.000000 3
1306 0.000000 3
1309 1.000000 3
1312 0.000000 3
1314 -1.000000 2
1317 1.000000 3
1320 0.000000 3
1323 1.000000 3
1326 0.000000 3
1329 0.000000 3
1332 1.000000 3
1335 0.000000 3
1338 0.000000 3
1341 0.000000 3
1344 0.000000 3
1347 0.000000 3
1350 1.000000 3
1353 0.000000 3
1356 0.000000 3
1359 1.000000 3
1361 -1.000000 2
1364 1.000000 3
1367 1.000000 3
1370 0.000000 3
1373 0.000000 3
1376 0.000000 3
1379 0.000000 3
1381 -1.000000 2
1383 -1.000000 2
1385 -1.000000 2
1388 0.000000 3
1391 1.000000 3
1394 0.000000 3
1397 0.000000 3
1400 0.000000 3
1403 0.000000 3
1406 1.000000 3
1409 0.000000 3
1411 -1.000000 2
1414 1.000000 3
1417 0.000000 3
1420 0.000000 3
1423 0.000000 3
1426 0.000000 3
1429 0.000000 3
1432 0.000000 3
1434 -1.000000 2
1437 0.000000 3
1440 0.000000 3
1443 0.000000 3
1445 -1.000000 2
1448 0.000000 3
1451 0.000000 3
1454 1.000000 3
1457 1.000000 3
1460 0.000000 3
1463 0.000000 3
1466 0.000000 3
1469 0.000000 3
1471 -1.000000 2
1474 1.000000 3
1477 0.000000 3
1480 0.000000 3
1483 0.000000 3
1486 0.000000 3
1489 0.000000 3
1492 0.000000 3
1495 0.000000 3
1498 0.000000 3
1501 1.000000 3
1504 1.000000 3
1507 0.000000 3
1510 0.000000 3
1513 0.000000 3
1516 0.000000 3
1519 0.000000 3
1521 -1.000000 2
1524 0.000000 3
1527 1.000000 3
1530 0.000000 3
1533 0.000000 3
1535 -1.000000 2
1538 0.000000 3
1541 0.000000 3
1544 0.000000 3
1547 1.000000 3
1550 0.000000 3
1553 0.000000 3
1556 1.000000 3
1559 1.000000 3
1561 -1.000000 2
1564 0.000000 3
1567 0.000000 3
1570 0.000000 3
1573 0.000000 3
1576 1.000000 3
1579 0.000000 3
1581 -1.000000 2
1584 1.000000 3
1587 0.000000 3
1590 0.000000 3
1592 -1.000000 2
1594 -1.000000 2
1597 0.000000 3
1600 0.000000 3
1603 0.000000 3
1605 -1.000000 2
1608 0.000000 3
1611 0.000000 3
1614 0.000000 3
1617 0.000000 3
1620 1.000000 3
1623 0.000000 3
1626 1.000000 3
1629 0.000000 3
1632 0.000000 3
1635 0.000000 3
1638 0.000000 3
1641 0.000000 3
1644 1.000000 3
1647 0.000000 3
1650 0.000000 3
1653 0.000000 3
1656 1.000000 3
1659 0.000000 3
1662 0.000000 3
1665 0.000000 3
1668 0.000000 3
1671 0.000000 3
1674 0.000000 3
1677 1.000000 3
1680 1.000000 3
1683 0.000000 3
1686 0.000000 3
1689 0.000000 3
1692 0.000000 3
1695 0.000000 3
1698 0.000000 3
1701 0.000000 3
1704 0.000000 3
1706 -1.000000 2
1709 1.000000 3
1712 0.000000 3
1714 -1.000000 2
1717 0.000000 3
1720 0.000000 3
1722 -1.000000 2
1725 0.000000 3
1728 0.000000 3
1731 0.000000 3
1734 0.000000 3
1737 0.000000 3
1740 1.000000 3
1743 0.000000 3
1746 0.000000 3
1749 0.000000 3
1752 1.000000 3
1755 1.000000 3
1758 1.000000 3
1761 1.000000 3
1764 1.000000 3
1767 0.000000 3
1770 0.000000 3
1773 1.000000 3
1776 0.000000 3
1779 1.000000 3
1782 0.000000 3
1785 1.000000 3
1788 0.000000 3
1790 -1.000000 2
1792 -1.000000 2
1794 -1.000000 2
1797 1.000000 3
1800 0.000000 3
1803 0.000000 3
1806 0.000000 3
1808 -1.000000 2
1811 0.000000 3
1814 0.000000 3
1817 0.000000 3
1819 -1.000000 2
1822 1.000000 3
1825 0.000000 3
1828 0.000000 3
1831 0.000000 3
1834 1.000000 3
1837 0.000000 3
1840 1.000000 3
1843 0.000000 3
1846 0.000000 3
1849 0.000000 3
1851 -1.000000 2
1854 0.000000 3
1857 0.000000 3
1860 1.000000 3
1862 -1.000000 2
1865 0.000000 3
1868 0.000000 3
1871 1.000000 3
1874 0.000000 3
1877 0.000000 3
1880 0.000000 3
1882 -1.000000 2
1885 1.000000 3
1888 0.000000 3
1891 0.000000 3
1893 -1.000000 2
1896 0.000000 3
1898 -1.000000 2
1901 1.000000 3
1904 0.000000 3
1907 0.000000 3
1910 1.000000 3
1913 1.000000 3
1916 0.000000 3
1919 0.000000 3
1922 0.000000 3
1925 0.000000 3
1928 0.000000 3
1931 0.000000 3
1934 0.000000 3
1937 1.000000 3
1939 -1.000000 2
1942 0.000000 3
1945 1.000000 3
1948 0.000000 3
1951 1.000000 3
1954 0.000000 3
1957 1.000000 3
1960 0.000000 3
1963 0.000000 3
1966 0.000000 3
1969 0.000000 3
1972 0.000000 3
1975 0.000000 3
1978 0.000000 3
1981 0.000000 3
1983 -1.000000 2
1985 -1.000000 2
1988 0.000000 3
1991 0.000000 3
1994 1.000000 3
1997 1.000000 3
1999 -1.000000 2
2002 1.000000 3
2005 1.000000 3
2008 0.000000 3
2011 0.000000 3
2014 1.000000 3
2016 -1.000000 2
2018 -1.000000 2
2021 0.000000 3
2024 0.000000 3
2026 -1.000000 2
2028 -1.000000 2
2030 -1.000000 2
2033 0.000000 3
2036 0.000000 3
2039 1.000000 3
2042 1.000000 3
2045 1.000000 3
2048 1.000000 3
2051 0.000000 3
2054 1.000000 3
2057 0.000000 3
2060 0.000000 3
2063 0.000000 3
2066 0.000000 3
2069 0.000000 3
2072 0.000000 3
2075 1.000000 3
2078 0.000000 3
2081 0.000000 3
2084 1.000000 3
2086 -1.000000 2
2088 -1.000000 2
2091 0.000000 3
2093 -1.000000 2
2096 1.000000 3
2099 1.000000 3
2102 0.000000 3
2104 -1.000000 2
2107 0.000000 3
2109 -1.000000 2
2112 1.000000 3
2114 -1.000000 2
2117 0.000000 3
2119 -1.000000 2
2122 0.000000 3
2124 -1.000000 2
2127 0.000000 3
2130 0.000000 3
2133 1.000000 3
2136 0.000000 3
2139 0.000000 3
2142 0.000000 3
2145 0.000000 3
2148 0.000000 3
2151 0.000000 3
2153 -1.000000 2
2156 1.000000 3
2158 -1.000000 2
2161 1.000000 3
2164 0.000000 3
2166 -1.000000 2
2169 0.000000 3
2171 -1.000000 2
2174 0.000000 3
2176 -1.000000 2
2179 0.000000 3
2182 0.000000 3
2185 0.000000 3
2188 1.000000 3
2191 0.000000 3
2193 -1.000000 2
2196 0.000000 3
2199 0.000000 3
2201 -1.000000 2
2204 1.000000 3
2207 0.000000 3
2210 0.000000 3
2212 -1.000000 2
2214 -1.000000 2
2217 1.000000 3
2220 0.000000 3
2223 0.000000 3
2226 0.000000 3
2228 -1.000000 2
2231 0.000000 3
2234 0.000000 3
2236 -1.000000 2
2239 0.000000 3
2242 1.000000 3
2245 0.000000 3
2248 0.000000 3
2250 -1.000000 2
2253 0.000000 3
2256 0.000000 3
2259 0.000000 3
2262 0.000000 3
2265 0.000000 3
2268 0.000000 3
2271 0.000000 3
2274 0.000000 3
2277 0.000000 3
2279 -1.000000 2
2282 0.000000 3
2285 0.000000 3
2288 0.000000 3
2290 -1.000000 2
2292 -1.000000 2
2295 0.000000 3
2298 0.000000 3
2301 1.000000 3
2303 -1.000000 2
2305 -1.000000 2
2308 0.000000 3
2310 -1.000000 2
2312 -1.000000 2
2314 -1.000000 2
2317 0.000000 3
2320 1.000000 3
2323 0.000000 3
2326 0.000000 3
2329 0.000000 3
2331 -1.000000 2
2334 1.000000 3
2337 0.000000 3
2340 0.000000 3
2343 0.000000 3
2346 1.000000 3
2348 -1.000000 2
2350 -1.000000 2
2353 1.000000 3
2356 0.000000 3
2359 0.000000 3
2361 -1.000000 2
2364 0.000000 3
2367 0.000000 3
2370 0.000000 3
2373 1.000000 3
2376 0.000000 3
2378 -1.000000 2
2381 0.000000 3
2384 0.000000 3
2387 0.000000 3
2390 1.000000 3
2393 0.000000 3
2396 0.000000 3
2399 0.000000 3
2402 0.000000 3
2404 -1.000000 2
2407 1.000000 3
2410 0.000000 3
2413 0.000000 3
2415 -1.000000 2
2417 -1.000000 2
2420 0.000000 3
2422 -1.000000 2
2425 0.000000 3
2428 1.000000 3
2431 1.000000 3
2434 0.000000 3
2436 -1.000000 2
2438 -1.000000 2
2441 0.000000 3
2444 0.000000 3
2446 -1.000000 2
2449 1.000000 3
2452 0.000000 3
2455 0.000000 3
2458 1.000000 3
2461 0.000000 3
2463 -1.000000 2
2466 0.000000 3
2469 1.000000 3
2472 1.000000 3
2474 -1.000000 2
2477 0.000000 3
2480 0.000000 3
2483 1.000000 3
2485 -1.000000 2
2488 0.000000 3
2491 1.000000 3
2494 0.000000 3
2497 1.000000 3
2500 0.000000 3
2503 0.000000 3
2506 1.000000 3
2509 0.000000 3
2512 1.000000 3
2515 0.000000 3
2518 0.000000 3
2521 1.000000 3
2524 1.000000 3
2527 0.000000 3
2530 0.000000 3
2533 0.000000 3
2536 0.000000 3
2539 1.000000 3
2542 0.000000 3
2545 0.000000 3
2548 0.000000 3
2551 0.000000 3
2554 0.000000 3
2557 0.000000 3
2560 0.000000 3
2563 0.000000 3
2566 1.000000 3
2569 1.000000 3
2572 0.000000 3
2575 1.000000 3
2578 0.000000 3
2580 -1.000000 2
2583 0.000000 3
2585 -1.000000 2
2588 0.000000 3
2591 0.000000 3
2594 1.000000 3
2597 0.000000 3
2600 1.000000 3
2603 0.000000 3
2606 0.000000 3
2609 1.000000 3
2612 0.000000 3
2615 0.000000 3
2618 0.000000 3
2621 1.000000 3
2624 0.000000 3
2627 0.000000 3
2630 0.000000 3
2632 -1.000000 2
2635 1.000000 3
2637 -1.000000 2
2640 0.000000 3
2642 -1.000000 2
2645 0.000000 3
2648 0.000000 3
2651 1.000000 3
2654 1.000000 3
2657 0.000000 3
2660 1.000000 3
2663 0.000000 3
2666 0.000000 3
2669 0.000000 3
2672 1.000000 3
2675 0.000000 3
2678 0.000000 3
2680 -1.000000 2
2683 1.000000 3
2686 1.000000 3
2688 -1.000000 2
2691 0.000000 3
2694 0.000000 3
2697 0.000000 3
2700 1.000000 3
2702 -1.000000 2
2705 1.000000 3
2708 0.000000 3
2710 -1.000000 2
2713 1.000000 3
2716 0.000000 3
2719 0.000000 3
2722 0.000000 3
2725 1.000000 3
2728 0.000000 3
2731 0.000000 3
2734 0.000000 3
2736 -1.000000 2
2738 -1.000000 2
2741 0.000000 3
2744 1.000000 3
2747 1.000000 3
2750 0.000000 3
2753 1.000000 3
2755 -1.000000 2
2757 -1.000000 2
2760 1.000000 3
2763 0.000000 3
2766 0.000000 3
2769 1.000000 3
2771 -1.000000 2
2773 -1.000000 2
2776 0.000000 3
2779 1.000000 3
2782 0.000000 3
2785 0.000000 3
2788 0.000000 3
2791 0.000000 3
2794 1.000000 3
2797 0.000000 3
2800 0.000000 3
2802 -1.000000 2
2805 0.000000 3
2808 0.000000 3
2811 1.000000 3
2814 0.000000 3
2817 1.000000 3
2819 -1.000000 2
2822 0.000000 3
2825 1.000000 3
2828 0.000000 3
2831 0.000000 3
2834 0.000000 3
2837 1.000000 3
2840 0.000000 3
2843 0.000000 3
2846 1.000000 3
2849 0.000000 3
2852 0.000000 3
2855 0.000000 3
2857 -1.000000 2
2859 -1.000000 2
2862 0.000000 3
2865 1.000000 3
2867 -1.000000 2
2870 1.000000 3
2872 -1.000000 2
2875 0.000000 3
2878 1.000000 3
2881 0.000000 3
2884 1.000000 3
2887 0.000000 3
2890 0.000000 3
2893 0.000000 3
2896 1.000000 3
2899 0.000000 3
2902 0.000000 3
2905 1.000000 3
2908 0.000000 3
2911 0.000000 3
2914 1.000000 3
2917 0.000000 3
2920 0.000000 3
2923 1.000000 3
2926 0.000000 3
2928 -1.000000 2
2930 -1.000000 2
2932 -1.000000 2
2935 1.000000 3
2938 0.000000 3
2941 1.000000 3
2944 0.000000 3
2947 0.000000 3
2950 0.000000 3
2953 0.000000 3
2956 0.000000 3
2958 -1.000000 2
2961 0.000000 3
2964 0.000000 3
2967 0.000000 3
2970 0.000000 3
2973 0.000000 3
2976 1.000000 3
2979 0.000000 3
2982 1.000000 3
2985 0.000000 3
2988 0.000000 3
2991 1.000000 3
2994 0.000000 3
2997 0.000000 3
3000 0.000000 3
3003 0.000000 3
3006 0.000000 3
3009 0.000000 3
3012 0.000000 3
3015 0.000000 3
3018 0.000000 3
3021 1.000000 3
3024 0.000000 3
3026 -1.000000 2
3029 0.000000 3
3032 0.000000 3
3035 0.000000 3
3038 0.000000 3
3040 -1.000000 2
3043 0.000000 3
3046 0.000000 3
3049 1.000000 3
3051 -1.000000 2
3053 -1.000000 2
3056 0.000000 3
3059 1.000000 3
3062 1.000000 3
3065 1.000000 3
3068 0.000000 3
3071 0.000000 3
3073 -1.000000 2
3076 1.000000 3
3079 0.000000 3
3082 0.000000 3
3085 0.000000 3
3087 -1.000000 2
3090 1.000000 3
3093 1.000000 3
3096 0.000000 3
3099 1.000000 3
3102 0.000000 3
3105 0.000000 3
3108 0.000000 3
3111 0.000000 3
3114 0.000000 3
3117 0.000000 3
3120 0.000000 3
3123 0.000000 3
3126 0.000000 3
3129 0.000000 3
3132 0.000000 3
3135 1.000000 3
3138 0.000000 3
3140 -1.000000 2
3143 0.000000 3
3146 0.000000 3
3148 -1.000000 2
3151 1.000000 3
3154 1.000000 3
3157 0.000000 3
3160 0.000000 3
3163 1.000000 3
3165 -1.000000 2
3168 1.000000 3
3171 0.000000 3
3174 1.000000 3
3177 1.000000 3
3180 0.000000 3
3183 1.000000 3
3186 0.000000 3
3189 0.000000 3
3192 1.000000 3
3195 0.000000 3
3198 0.000000 3
3201 0.000000 3
3204 1.000000 3
3207 0.000000 3
3210 0.000000 3
3213 0.000000 3
3216 1.000000 3
3219 0.000000 3
3222 1.000000 3
3225 0.000000 3
3228 0.000000 3
3231 0.000000 3
3234 0.000000 3
3237 1.000000 3
3240 1.000000 3
3243 1.000000 3
3245 -1.000000 2
3248 0.000000 3
3251 1.000000 3
3253 -1.000000 2
3256 0.000000 3
3259 1.000000 3
3262 0.000000 3
3265 0.000000 3
3268 1.000000 3
3271 0.000000 3
3274 1.000000 3
3276 -1.000000 2
3279 0.000000 3
3282 0.000000 3
3285 1.000000 3
3288 0.000000 3
3291 0.000000 3
3294 0.000000 3
3297 0.000000 3
3300 1.000000 3
3303 1.000000 3
3306 0.000000 3
3309 0.000000 3
3312 1.000000 3
3315 0.000000 3
3318 1.000000 3
3321 0.000000 3
3324 0.000000 3
3327 0.000000 3
3330 1.000000 3
3333 0.000000 3
3336 0.000000 3
3338 -1.000000 2
3341 1.000000 3
3344 0.000000 3
3346 -1.000000 2
3349 0.000000 3
3352 0.000000 3
3355 0.000000 3
3358 0.000000 3
3361 0.000000 3
3364 0.000000 3
3367 0.000000 3
3370 1.000000 3
3373 1.000000 3
3376 1.000000 3
3379 1.000000 3
3382 0.000000 3
3385 1.000000 3
3388 0.000000 3
3390 -1.000000 2
3393 0.000000 3
3395 -1.000000 2
3397 -1.000000 2
3399 -1.000000 2
3402 0.000000 3
3404 -1.000000 2
3406 -1.000000 2
3408 -1.000000 2
3411 0.000000 3
3414 1.000000 3
3417 0.000000 3
3420 0.000000 3
3423 0.000000 3
3426 1.000000 3
3429 0.000000 3
3432 0.000000 3
3435 0.000000 3
3437 -1.000000 2
3440 0.000000 3
3443 0.000000 3
3445 -1.000000 2
3448 0.000000 3
3451 0.000000 3
3454 0.000000 3
3456 -1.000000 2
3458 -1.000000 2
3461 0.000000 3
3464 1.000000 3
3466 -1.000000 2
3469 1.000000 3
3472 0.000000 3
3474 -1.000000 2
3476 -1.000000 2
3479 0.000000 3
3482 0.000000 3
3485 0.000000 3
3488 0.000000 3
3491 1.000000 3
3493 -1.000000 2
3496 1.000000 3
3499 0.000000 3
3502 0.000000 3
3504 -1.000000 2
3507 0.000000 3
3510 1.000000 3
3513 0.000000 3
3516 1.000000 3
3519 0.000000 3
3522 0.000000 3
3525 1.000000 3
3528 0.000000 3
3531 0.000000 3
3534 0.000000 3
3537 0.000000 3
3540 0.000000 3
3543 1.000000 3
3546 1.000000 3
3549 0.000000 3
3551 -1.000000 2
3554 0.000000 3
3556 -1.000000 2
3559 1.000000 3
3562 0.000000 3
3565 0.000000 3
3568 0.000000 3
3571 1.000000 3
3574 0.000000 3
3577 1.000000 3
3580 0.000000 3
3583 0.000000 3
3586 0.000000 3
3588 -1.000000 2
3591 1.000000 3
3594 0.000000 3
3597 1.000000 3
3599 -1.000000 2
3602 0.000000 3
3604 -1.000000 2
3607 1.000000 3
3610 1.000000 3
3613 1.000000 3
3616 1.000000 3
3619 0.000000 3
3622 0.000000 3
3624 -1.000000 2
3626 -1.000000 2
3628 -1.000000 2
3631 0.000000 3
3634 0.000000 3
3637 1.000000 3
3640 0.000000 3
3643 0.000000 3
3646 1.000000 3
3649 0.000000 3
3652 0.000000 3
3655 0.000000 3
3658 1.000000 3
3661 0.000000 3
3664 0.000000 3
3667 1.000000 3
3670 0.000000 3
3673 0.000000 3
3676 0.000000 3
3678 -1.000000 2
3681 1.000000 3
3684 1.000000 3
3687 0.000000 3
3690 0.000000 3
3693 0.000000 3
3696 0.000000 3
3699 1.000000 3
3702 0.000000 3
3705 0.000000 3
3708 0.000000 3
3711 0.000000 3
3714 0.000000 3
3717 0.000000 3
3720 0.000000 3
3723 0.000000 3
3726 0.000000 3
3729 0.000000 3
3732 1.000000 3
3735 1.000000 3
3738 0.000000 3
3741 0.000000 3
3743 -1.000000 2
3745 -1.000000 2
3748 1.000000 3
3750 -1.000000 2
3753 0.000000 3
3756 0.000000 3
3759 0.000000 3
3762 0.000000 3
3765 1.000000 3
3768 0.000000 3
3771 0.000000 3
3774 1.000000 3
3777 0.000000 3
3780 0.000000 3
3783 1.000000 3
3785 -1.000000 2
3788 0.000000 3
3791 0.000000 3
3794 1.000000 3
3797 0.000000 3
3800 0.000000 3
3803 0.000000 3
3805 -1.000000 2
3808 1.000000 3
3811 0.000000 3
3814 1.000000 3
3817 0.000000 3
3820 0.000000 3
3822 -1.000000 2
3825 0.000000 3
3828 1.000000 3
3830 -1.000000 2
3833 1.000000 3
3836 0.000000 3
3838 -1.000000 2
3841 0.000000 3
3844 0.000000 3
3847 1.000000 3
3849 -1.000000 2
3851 -1.000000 2
3854 0.000000 3
3857 0.000000 3
3860 1.000000 3
3863 0.000000 3
3865 -1.000000 2
3868 0.000000 3
3871 1.000000 3
3874 0.000000 3
3877 0.000000 3
3880 0.000000 3
3882 -1.000000 2
3885 0.000000 3
3888 1.000000 3
3891 0.000000 3
3894 1.000000 3
3897 0.000000 3
3900 0.000000 3
3903 1.000000 3
3906 1.000000 3
3909 1.000000 3
3912 0.000000 3
3915 0.000000 3
3917 -1.000000 2
3919 -1.000000 2
3922 0.000000 3
3925 0.000000 3
3928 0.000000 3
3931 1.000000 3
3933 -1.000000 2
3936 1.000000 3
3939 0.000000 3
3942 0.000000 3
3945 0.000000 3
3948 0.000000 3
3951 1.000000 3
3953 -1.000000 2
3956 0.000000 3
3959 0.000000 3
3962 0.000000 3
3965 0.000000 3
3968 1.000000 3
3970 -1.000000 2
3973 0.000000 3
3976 1.000000 3
3979 0.000000 3
3982 0.000000 3
3985 0.000000 3
3988 1.000000 3
3990 -1.000000 2
3993 0.000000 3
3996 1.000000 3
3998 -1.000000 2
4001 0.000000 3
4003 -1.000000 2
4006 0.000000 3
4009 1.000000 3
4011 -1.000000 2
4014 0.000000 3
4017 1.000000 3
4020 0.000000 3
4022 -1.000000 2
4025 1.000000 3
4028 0.000000 3
4031 0.000000 3
4034 0.000000 3
4036 -1.000000 2
4039 0.000000 3
4041 -1.000000 2
4044 0.000000 3
4047 0.000000 3
4050 0.000000 3
4053 1.000000 3
4056 1.000000 3
4059 1.000000 3
4062 1.000000 3
4065 0.000000 3
4068 0.000000 3
4071 0.000000 3
4074 1.000000 3
4077 0.000000 3
4080 0.000000 3
4083 0.000000 3
4086 0.000000 3
4089 0.000000 3
4092 0.000000 3
4095 0.000000 3
4098 0.000000 3
4101 0.000000 3
4104 0.000000 3
4107 0.000000 3
4110 0.000000 3
4112 -1.000000 2
4115 0.000000 3
4118 1.000000 3
4121 0.000000 3
4124 1.000000 3
4127 0.000000 3
4130 1.000000 3
4133 0.000000 3
4136 0.000000 3
4139 1.000000 3
4142 0.000000 3
4144 -1.000000 2
4146 -1.000000 2
4149 1.000000 3
4152 0.000000 3
4155 1.000000 3
4158 0.000000 3
4161 0.000000 3
4164 0.000000 3
4167 0.000000 3
4170 1.000000 3
4173 0.000000 3
4176 0.000000 3
4178 -1.000000 2
4181 1.000000 3
4184 0.000000 3
4187 0.000000 3
4190 0.000000 3
4193 0.000000 3
4196 0.000000 3
4199 0.000000 3
4202 0.000000 3
4205 0.000000 3
4207 -1.000000 2
4209 -1.000000 2
4212 1.000000 3
4215 1.000000 3
4218 0.000000 3
4221 0.000000 3
4224 1.000000 3
4227 1.000000 3
4229 -1.000000 2
4232 1.000000 3
4235 1.000000 3
4238 0.000000 3
4240 -1.000000 2
4243 0.000000 3
4246 1.000000 3
4249 0.000000 3
4252 0.000000 3
4254 -1.000000 2
4256 -1.000000 2
4259 0.000000 3
4262 0.000000 3
4265 0.000000 3
4268 0.000000 3
4271 0.000000 3
4274 0.000000 3
4277 1.000000 3
4280 0.000000 3
4283 1.000000 3
4286 1.000000 3
4289 1.000000 3
4292 0.000000 3
4294 -1.000000 2
4297 1.000000 3
4300 0.000000 3
4303 0.000000 3
4305 -1.000000 2
4308 1.000000 3
4311 0.000000 3
4314 0.000000 3
4317 0.000000 3
4320 1.000000 3
4323 0.000000 3
4326 1.000000 3
4329 0.000000 3
4332 0.000000 3
4335 0.000000 3
4338 0.000000 3
4340 -1.000000 2
4343 0.000000 3
4346 0.000000 3
4349 0.000000 3
4352 0.000000 3
4355 0.000000 3
4358 1.000000 3
4361 0.000000 3
4363 -1.000000 2
4366 0.000000 3
4369 0.000000 3
4372 0.000000 3
4375 0.000000 3
4378 1.000000 3
4381 1.000000 3
4383 -1.000000 2
4386 0.000000 3
4388 -1.000000 2
4390 -1.000000 2
4393 0.000000 3
4396 0.000000 3
4398 -1.000000 2
4401 1.000000 3
4404 0.000000 3
4407 1.000000 3
4410 0.000000 3
4413 0.000000 3
4416 0.000000 3
4419 0.000000 3
4422 1.000000 3
4425 1.000000 3
4428 1.000000 3
4431 0.000000 3
4434 1.000000 3
4437 0.000000 3
4440 0.000000 3
4442 -1.000000 2
4445 1.000000 3
4447 -1.000000 2
4450 0.000000 3
4453 0.000000 3
