4 -1.000000 4
8 -1.000000 4
12 1.000000 4
15 -1.000000 3
18 1.000000 3
23 1.000000 5
27 -1.000000 4
31 1.000000 4
35 1.000000 4
40 1.000000 5
43 -1.000000 3
48 1.000000 5
52 1.000000 4
55 -1.000000 3
59 1.000000 4
62 -1.000000 3
66 -1.000000 4
70 -1.000000 4
74 -1.000000 4
78 1.000000 4
81 -1.000000 3
85 1.000000 4
89 1.000000 4
93 1.000000 4
97 1.000000 4
101 -1.000000 4
105 -1.000000 4
109 1.000000 4
112 1.000000 3
117 1.000000 5
121 -1.000000 4
126 0.000000 5
131 0.000000 5
135 1.000000 4
139 -1.000000 4
144 0.000000 5
148 1.000000 4
152 -1.000000 4
156 1.000000 4
161 0.000000 5
165 1.000000 4
170 1.000000 5
175 1.000000 5
180 1.000000 5
184 -1.000000 4
188 1.000000 4
192 1.000000 4
196 1.000000 4
200 -1.000000 4
204 1.000000 4
209 1.000000 5
212 -1.000000 3
215 -1.000000 3
219 1.000000 4
224 1.000000 5
229 1.000000 5
233 -1.000000 4
236 1.000000 3
240 -1.000000 4
245 0.000000 5
248 -1.000000 3
251 1.000000 3
255 1.000000 4
259 -1.000000 4
262 -1.000000 3
266 -1.000000 4
270 1.000000 4
275 0.000000 5
279 1.000000 4
284 1.000000 5
287 -1.000000 3
292 1.000000 5
297 1.000000 5
301 1.000000 4
305 -1.000000 4
309 -1.000000 4
313 1.000000 4
318 1.000000 5
322 1.000000 4
327 0.000000 5
332 1.000000 5
336 1.000000 4
341 1.000000 5
346 1.000000 5
350 1.000000 4
354 1.000000 4
357 -1.000000 3
361 1.000000 4
365 1.000000 4
369 1.000000 4
373 -1.000000 4
377 1.000000 4
381 -1.000000 4
386 1.000000 5
391 1.000000 5
395 1.000000 4
399 1.000000 4
402 -1.000000 3
406 -1.000000 4
411 1.000000 5
415 1.000000 4
419 -1.000000 4
423 -1.000000 4
427 -1.000000 4
431 1.000000 4
435 -1.000000 4
439 1.000000 4
444 0.000000 5
449 1.000000 5
453 1.000000 4
458 0.000000 5
463 1.000000 5
468 0.000000 5
473 1.000000 5
478 1.000000 5
482 1.000000 4
485 1.000000 3
490 0.000000 5
494 -1.000000 4
499 0.000000 5
504 1.000000 5
508 1.000000 4
512 1.000000 4
517 0.000000 5
522 1.000000 5
525 -1.000000 3
529 1.000000 4
533 1.000000 4
536 1.000000 3
540 -1.000000 4
544 1.000000 4
547 1.000000 3
551 -1.000000 4
555 1.000000 4
560 1.000000 5
565 0.000000 5
568 1.000000 3
571 -1.000000 3
575 1.000000 4
579 1.000000 4
582 1.000000 3
586 1.000000 4
590 1.000000 4
593 -1.000000 3
597 1.000000 4
601 -1.000000 4
606 1.000000 5
609 -1.000000 3
614 1.000000 5
617 -1.000000 3
620 1.000000 3
624 1.000000 4
629 1.000000 5
632 1.000000 3
636 1.000000 4
639 -1.000000 3
643 -1.000000 4
647 1.000000 4
651 1.000000 4
656 1.000000 5
661 1.000000 5
664 1.000000 3
669 1.000000 5
673 1.000000 4
678 1.000000 5
682 1.000000 4
686 -1.000000 4
690 1.000000 4
693 -1.000000 3
698 0.000000 5
702 -1.000000 4
707 0.000000 5
712 1.000000 5
717 0.000000 5
721 1.000000 4
726 1.000000 5
731 1.000000 5
736 1.000000 5
740 -1.000000 4
744 -1.000000 4
749 1.000000 5
752 -1.000000 3
756 1.000000 4
761 1.000000 5
765 -1.000000 4
769 -1.000000 4
774 1.000000 5
778 -1.000000 4
783 0.000000 5
787 -1.000000 4
791 -1.000000 4
795 1.000000 4
800 1.000000 5
803 1.000000 3
807 -1.000000 4
811 1.000000 4
815 -1.000000 4
819 1.000000 4
823 -1.000000 4
828 1.000000 5
833 1.000000 5
837 -1.000000 4
841 1.000000 4
845 1.000000 4
850 0.000000 5
854 -1.000000 4
858 -1.000000 4
861 -1.000000 3
866 0.000000 5
870 -1.000000 4
874 -1.000000 4
877 -1.000000 3
882 1.000000 5
886 -1.000000 4
890 1.000000 4
894 1.000000 4
899 0.000000 5
904 1.000000 5
908 1.000000 4
913 1.000000 5
917 -1.000000 4
921 1.000000 4
926 0.000000 5
930 1.000000 4
935 1.000000 5
940 0.000000 5
944 1.000000 4
948 1.000000 4
953 0.000000 5
958 1.000000 5
963 0.000000 5
968 1.000000 5
973 0.000000 5
978 1.000000 5
982 1.000000 4
986 1.000000 4
991 1.000000 5
995 -1.000000 4
1000 1.000000 5
1004 -1.000000 4
1008 1.000000 4
1013 1.000000 5
1017 -1.000000 4
1022 1.000000 5
1027 1.000000 5
1031 1.000000 4
1036 1.000000 5
1039 1.000000 3
1043 1.000000 4
1047 -1.000000 4
1052 1.000000 5
1057 1.000000 5
1061 -1.000000 4
1065 1.000000 4
1069 1.000000 4
1073 -1.000000 4
1076 1.000000 3
1080 -1.000000 4
1084 -1.000000 4
1088 -1.000000 4
1093 0.000000 5
1098 1.000000 5
1101 -1.000000 3
1104 1.000000 3
1107 -1.000000 3
1111 -1.000000 4
1114 -1.000000 3
1119 1.000000 5
1123 -1.000000 4
1127 1.000000 4
1131 1.000000 4
1136 1.000000 5
1139 -1.000000 3
1144 1.000000 5
1149 1.000000 5
1152 -1.000000 3
1156 1.000000 4
1161 0.000000 5
1165 -1.000000 4
1170 1.000000 5
1173 -1.000000 3
1176 1.000000 3
1181 1.000000 5
1186 0.000000 5
1191 0.000000 5
1196 1.000000 5
1199 1.000000 3
1202 -1.000000 3
1206 1.000000 4
1209 -1.000000 3
1214 0.000000 5
1217 1.000000 3
1221 -1.000000 4
1224 -1.000000 3
1227 1.000000 3
1232 0.000000 5
1236 -1.000000 4
1241 0.000000 5
1246 0.000000 5
1250 -1.000000 4
1255 1.000000 5
1259 -1.000000 4
1264 0.000000 5
1267 1.000000 3
1272 1.000000 5
1276 -1.000000 4
1280 1.000000 4
1284 -1.000000 4
1288 -1.000000 4
1292 1.000000 4
1296 1.000000 4
1301 1.000000 5
1305 1.000000 4
1309 1.000000 4
1312 1.000000 3
1315 -1.000000 3
1319 -1.000000 4
1324 0.000000 5
1329 0.000000 5
1334 1.000000 5
1338 1.000000 4
1342 -1.000000 4
1346 1.000000 4
1350 1.000000 4
1355 1.000000 5
1359 -1.000000 4
1363 -1.000000 4
1367 1.000000 4
1371 1.000000 4
1375 1.000000 4
1380 0.000000 5
1384 1.000000 4
1388 -1.000000 4
1392 1.000000 4
1397 1.000000 5
1402 1.000000 5
1406 -1.000000 4
1409 1.000000 3
1414 0.000000 5
1419 1.000000 5
1422 -1.000000 3
1426 1.000000 4
1430 -1.000000 4
1435 1.000000 5
1439 1.000000 4
1442 1.000000 3
1446 1.000000 4
1450 1.000000 4
1454 1.000000 4
1459 1.000000 5
1464 0.000000 5
1469 1.000000 5
1473 1.000000 4
1478 1.000000 5
1483 1.000000 5
1488 1.000000 5
1491 -1.000000 3
1496 1.000000 5
1501 1.000000 5
1505 1.000000 4
1508 -1.000000 3
1512 -1.000000 4
1515 1.000000 3
1519 1.000000 4
1524 1.000000 5
1529 1.000000 5
1533 -1.000000 4
1536 -1.000000 3
1540 -1.000000 4
1544 1.000000 4
1549 1.000000 5
1553 -1.000000 4
1558 1.000000 5
1562 1.000000 4
1567 0.000000 5
1571 1.000000 4
1574 1.000000 3
1578 1.000000 4
1583 0.000000 5
1588 0.000000 5
1593 1.000000 5
1597 1.000000 4
1601 -1.000000 4
1605 1.000000 4
1610 1.000000 5
1614 1.000000 4
1619 1.000000 5
1624 1.000000 5
1629 1.000000 5
1634 0.000000 5
1639 1.000000 5
1644 1.000000 5
1649 0.000000 5
1653 -1.000000 4
1657 1.000000 4
1660 1.000000 3
1665 1.000000 5
1670 0.000000 5
1674 1.000000 4
1677 1.000000 3
1680 -1.000000 3
1684 1.000000 4
1688 1.000000 4
1692 1.000000 4
1696 1.000000 4
1700 1.000000 4
1704 1.000000 4
1707 1.000000 3
1712 1.000000 5
1716 1.000000 4
1720 -1.000000 4
1724 1.000000 4
1727 1.000000 3
1732 1.000000 5
1736 1.000000 4
1741 1.000000 5
1745 1.000000 4
1748 -1.000000 3
1752 -1.000000 4
1756 1.000000 4
1760 1.000000 4
1764 1.000000 4
1767 1.000000 3
1772 0.000000 5
1776 -1.000000 4
1781 1.000000 5
1786 0.000000 5
1790 -1.000000 4
1795 1.000000 5
1799 1.000000 4
1804 1.000000 5
1809 1.000000 5
1813 -1.000000 4
1818 1.000000 5
1821 1.000000 3
1824 -1.000000 3
1828 1.000000 4
1832 1.000000 4
1836 1.000000 4
1839 1.000000 3
1843 1.000000 4
1848 0.000000 5
1853 0.000000 5
1857 -1.000000 4
1860 1.000000 3
1863 1.000000 3
1867 1.000000 4
1872 1.000000 5
1876 -1.000000 4
1880 1.000000 4
1885 1.000000 5
1889 -1.000000 4
1894 0.000000 5
1899 1.000000 5
1903 1.000000 4
1906 -1.000000 3
1909 1.000000 3
1914 1.000000 5
1919 1.000000 5
1924 1.000000 5
1928 1.000000 4
1933 1.000000 5
1937 -1.000000 4
1941 1.000000 4
1945 1.000000 4
1949 1.000000 4
1954 1.000000 5
1958 -1.000000 4
1961 -1.000000 3
1964 1.000000 3
1969 0.000000 5
1973 1.000000 4
1978 0.000000 5
1982 1.000000 4
1986 1.000000 4
1991 0.000000 5
1995 1.000000 4
1998 1.000000 3
2002 1.000000 4
2006 1.000000 4
2010 1.000000 4
2014 1.000000 4
2018 1.000000 4
2022 -1.000000 4
2026 1.000000 4
2031 0.000000 5
2036 1.000000 5
2040 -1.000000 4
2045 1.000000 5
2049 1.000000 4
2053 -1.000000 4
2057 1.000000 4
2061 -1.000000 4
2065 1.000000 4
2069 -1.000000 4
2074 1.000000 5
2078 -1.000000 4
2083 0.000000 5
2088 1.000000 5
2093 1.000000 5
2097 -1.000000 4
2101 -1.000000 4
2104 1.000000 3
2107 1.000000 3
2110 1.000000 3
2114 1.000000 4
2118 1.000000 4
2121 1.000000 3
2125 -1.000000 4
2130 0.000000 5
2134 -1.000000 4
2139 1.000000 5
2144 1.000000 5
2148 1.000000 4
2152 1.000000 4
2157 0.000000 5
2161 1.000000 4
2165 1.000000 4
2169 1.000000 4
2173 1.000000 4
2177 1.000000 4
2181 1.000000 4
2185 1.000000 4
2189 -1.000000 4
2193 1.000000 4
2196 1.000000 3
2200 1.000000 4
2205 0.000000 5
2208 -1.000000 3
2212 1.000000 4
2216 -1.000000 4
2219 -1.000000 3
2223 -1.000000 4
2227 -1.000000 4
2230 -1.000000 3
2234 1.000000 4
2238 1.000000 4
2242 1.000000 4
2246 -1.000000 4
2249 -1.000000 3
2253 1.000000 4
2258 1.000000 5
2263 0.000000 5
2268 0.000000 5
2273 1.000000 5
2276 -1.000000 3
2279 1.000000 3
2284 1.000000 5
2288 -1.000000 4
2292 -1.000000 4
2295 1.000000 3
2300 0.000000 5
2305 1.000000 5
2309 1.000000 4
2314 1.000000 5
2318 -1.000000 4
2323 0.000000 5
2328 0.000000 5
2332 -1.000000 4
2336 -1.000000 4
2340 1.000000 4
2344 -1.000000 4
2348 -1.000000 4
2352 1.000000 4
2357 1.000000 5
2362 0.000000 5
2366 -1.000000 4
2370 1.000000 4
2375 0.000000 5
2379 -1.000000 4
2383 1.000000 4
2387 1.000000 4
2392 1.000000 5
2396 1.000000 4
2400 -1.000000 4
2405 1.000000 5
2410 1.000000 5
2414 1.000000 4
2419 1.000000 5
2423 1.000000 4
2427 -1.000000 4
2432 1.000000 5
2435 1.000000 3
2439 -1.000000 4
2443 1.000000 4
2447 -1.000000 4
2451 -1.000000 4
2455 1.000000 4
2458 1.000000 3
2461 1.000000 3
2466 0.000000 5
2470 1.000000 4
2474 -1.000000 4
2479 1.000000 5
2482 1.000000 3
2486 1.000000 4
2490 -1.000000 4
2495 1.000000 5
2498 1.000000 3
2503 0.000000 5
2507 1.000000 4
2511 1.000000 4
2516 1.000000 5
2520 1.000000 4
2525 1.000000 5
2529 1.000000 4
2533 -1.000000 4
2538 1.000000 5
2542 1.000000 4
2546 -1.000000 4
2550 -1.000000 4
2555 1.000000 5
2559 1.000000 4
2563 1.000000 4
2566 1.000000 3
2570 -1.000000 4
2575 0.000000 5
2578 1.000000 3
2581 1.000000 3
2585 1.000000 4
2589 -1.000000 4
2593 1.000000 4
2596 1.000000 3
2601 1.000000 5
2606 1.000000 5
2610 1.000000 4
2614 1.000000 4
2617 1.000000 3
2621 1.000000 4
2625 1.000000 4
2629 1.000000 4
2633 -1.000000 4
2636 1.000000 3
2641 1.000000 5
2646 1.000000 5
2651 1.000000 5
2654 -1.000000 3
2658 1.000000 4
2662 -1.000000 4
2667 0.000000 5
2670 1.000000 3
2673 1.000000 3
2677 1.000000 4
2681 -1.000000 4
2685 1.000000 4
2690 0.000000 5
2695 1.000000 5
2699 1.000000 4
2703 1.000000 4
2708 1.000000 5
2713 1.000000 5
2716 1.000000 3
2720 1.000000 4
2723 1.000000 3
2728 0.000000 5
2732 1.000000 4
2736 1.000000 4
2741 1.000000 5
2746 0.000000 5
2751 1.000000 5
2755 -1.000000 4
2760 1.000000 5
2763 1.000000 3
2767 -1.000000 4
2770 1.000000 3
2774 1.000000 4
2779 0.000000 5
2783 1.000000 4
2786 1.000000 3
2791 1.000000 5
2796 1.000000 5
2800 -1.000000 4
2805 1.000000 5
2810 1.000000 5
2813 -1.000000 3
2817 1.000000 4
2821 -1.000000 4
2825 -1.000000 4
2830 1.000000 5
2834 -1.000000 4
2839 1.000000 5
2843 1.000000 4
2847 1.000000 4
2850 1.000000 3
2853 -1.000000 3
2857 1.000000 4
2861 1.000000 4
2866 0.000000 5
2871 1.000000 5
2876 1.000000 5
2881 0.000000 5
2886 1.000000 5
2889 -1.000000 3
2893 1.000000 4
2898 1.000000 5
2903 1.000000 5
2907 -1.000000 4
2910 -1.000000 3
2913 -1.000000 3
2917 1.000000 4
2922 1.000000 5
2926 1.000000 4
2930 1.000000 4
2934 1.000000 4
2937 1.000000 3
2940 -1.000000 3
2945 0.000000 5
2949 1.000000 4
2953 -1.000000 4
2957 1.000000 4
2962 0.000000 5
2965 -1.000000 3
2969 1.000000 4
2974 1.000000 5
2979 0.000000 5
2984 1.000000 5
2989 1.000000 5
2993 1.000000 4
2998 0.000000 5
3001 1.000000 3
3006 0.000000 5
3010 1.000000 4
3014 -1.000000 4
3018 1.000000 4
3023 1.000000 5
3027 1.000000 4
3030 1.000000 3
3034 1.000000 4
3038 1.000000 4
3043 1.000000 5
3047 1.000000 4
3051 1.000000 4
3055 1.000000 4
3059 1.000000 4
3062 1.000000 3
3066 1.000000 4
3070 1.000000 4
3075 1.000000 5
3080 1.000000 5
3084 -1.000000 4
3089 0.000000 5
3094 1.000000 5
3097 -1.000000 3
3102 1.000000 5
3106 1.000000 4
3111 1.000000 5
3115 -1.000000 4
3119 1.000000 4
3123 1.000000 4
3128 1.000000 5
3133 0.000000 5
3138 0.000000 5
3142 1.000000 4
3147 0.000000 5
3151 -1.000000 4
3155 1.000000 4
3159 -1.000000 4
3163 1.000000 4
3168 1.000000 5
3171 -1.000000 3
3176 1.000000 5
3179 -1.000000 3
3183 1.000000 4
3187 1.000000 4
3192 0.000000 5
3197 1.000000 5
3200 1.000000 3
3203 -1.000000 3
3207 1.000000 4
3212 0.000000 5
3217 1.000000 5
3222 1.000000 5
3226 1.000000 4
3231 0.000000 5
3234 1.000000 3
3238 -1.000000 4
3242 1.000000 4
3247 1.000000 5
3251 -1.000000 4
3254 1.000000 3
3259 0.000000 5
3263 1.000000 4
3268 0.000000 5
3272 1.000000 4
3276 -1.000000 4
3281 1.000000 5
3286 1.000000 5
3291 1.000000 5
3295 -1.000000 4
3300 1.000000 5
3305 1.000000 5
3310 1.000000 5
3314 1.000000 4
3319 1.000000 5
3322 1.000000 3
3326 1.000000 4
3329 1.000000 3
3332 1.000000 3
3336 1.000000 4
3339 -1.000000 3
3344 1.000000 5
3348 -1.000000 4
3353 0.000000 5
3358 1.000000 5
3362 1.000000 4
3367 1.000000 5
3372 1.000000 5
3377 0.000000 5
3380 1.000000 3
3385 0.000000 5
3390 0.000000 5
3394 1.000000 4
3399 1.000000 5
3404 0.000000 5
3407 1.000000 3
3412 0.000000 5
3416 1.000000 4
3420 -1.000000 4
3425 0.000000 5
3430 1.000000 5
3434 -1.000000 4
3437 -1.000000 3
3441 -1.000000 4
3446 1.000000 5
3451 0.000000 5
3456 1.000000 5
3460 1.000000 4
3464 -1.000000 4
3468 1.000000 4
3473 1.000000 5
3477 1.000000 4
3482 1.000000 5
3486 1.000000 4
3491 0.000000 5
3496 1.000000 5
3500 1.000000 4
3504 -1.000000 4
3507 1.000000 3
3510 1.000000 3
3514 -1.000000 4
3518 -1.000000 4
3522 -1.000000 4
3527 0.000000 5
3531 1.000000 4
3534 -1.000000 3
3539 1.000000 5
3543 -1.000000 4
3547 1.000000 4
3551 1.000000 4
3555 -1.000000 4
3559 1.000000 4
3563 -1.000000 4
3567 1.000000 4
3570 1.000000 3
3573 -1.000000 3
3576 -1.000000 3
3579 -1.000000 3
3583 1.000000 4
3588 1.000000 5
3592 1.000000 4
3596 1.000000 4
3601 1.000000 5
3606 1.000000 5
3610 -1.000000 4
3615 0.000000 5
3618 1.000000 3
3623 1.000000 5
3627 1.000000 4
3631 -1.000000 4
3636 1.000000 5
3641 1.000000 5
3646 1.000000 5
3649 1.000000 3
3653 1.000000 4
3657 1.000000 4
3662 0.000000 5
3667 0.000000 5
3671 1.000000 4
3675 1.000000 4
3678 1.000000 3
3681 -1.000000 3
3685 1.000000 4
3689 1.000000 4
3693 1.000000 4
3697 -1.000000 4
3702 1.000000 5
3706 1.000000 4
3709 1.000000 3
3713 1.000000 4
3718 0.000000 5
3722 1.000000 4
3726 1.000000 4
3730 1.000000 4
3734 1.000000 4
3738 1.000000 4
3742 1.000000 4
3746 -1.000000 4
3751 1.000000 5
3756 0.000000 5
3760 1.000000 4
3765 0.000000 5
3768 1.000000 3
3772 1.000000 4
3777 1.000000 5
3781 1.000000 4
3785 1.000000 4
3790 1.000000 5
3794 1.000000 4
3797 -1.000000 3
3802 1.000000 5
3807 1.000000 5
3811 -1.000000 4
3816 0.000000 5
3820 1.000000 4
3823 -1.000000 3
3828 1.000000 5
3833 1.000000 5
3837 1.000000 4
3841 -1.000000 4
3845 1.000000 4
3849 -1.000000 4
3854 1.000000 5
3858 -1.000000 4
3862 1.000000 4
3867 0.000000 5
3872 1.000000 5
3876 1.000000 4
3880 -1.000000 4
3884 1.000000 4
3888 1.000000 4
3892 -1.000000 4
3896 -1.000000 4
3899 -1.000000 3
3903 1.000000 4
3907 -1.000000 4
3911 1.000000 4
3916 0.000000 5
3919 1.000000 3
3924 1.000000 5
3929 1.000000 5
3933 1.000000 4
3937 1.000000 4
3940 1.000000 3
3945 0.000000 5
3950 1.000000 5
3954 1.000000 4
3959 1.000000 5
3963 1.000000 4
3968 1.000000 5
3973 1.000000 5
3978 1.000000 5
3982 1.000000 4
3986 1.000000 4
3990 1.000000 4
3995 1.000000 5
3999 1.000000 4
4004 1.000000 5
4007 1.000000 3
4012 0.000000 5
4015 -1.000000 3
4018 1.000000 3
4021 -1.000000 3
4026 1.000000 5
4029 1.000000 3
4033 -1.000000 4
4037 1.000000 4
4041 -1.000000 4
4046 1.000000 5
4050 1.000000 4
4055 0.000000 5
4059 -1.000000 4
4063 -1.000000 4
4068 1.000000 5
4072 -1.000000 4
4077 0.000000 5
4081 1.000000 4
4086 0.000000 5
4091 1.000000 5
4094 1.000000 3
4098 -1.000000 4
4102 1.000000 4
4107 1.000000 5
4111 -1.000000 4
4114 -1.000000 3
4118 -1.000000 4
4123 1.000000 5
4127 1.000000 4
4131 1.000000 4
4135 1.000000 4
4139 -1.000000 4
4144 1.000000 5
4148 1.000000 4
4152 -1.000000 4
4155 -1.000000 3
4160 1.000000 5
4164 1.000000 4
4167 -1.000000 3
4171 -1.000000 4
4175 -1.000000 4
4179 1.000000 4
4183 1.000000 4
4188 0.000000 5
4193 0.000000 5
4197 1.000000 4
4201 1.000000 4
4206 0.000000 5
4210 1.000000 4
4215 1.000000 5
4220 1.000000 5
4224 1.000000 4
4227 1.000000 3
4232 1.000000 5
4237 1.000000 5
4242 0.000000 5
4247 1.000000 5
4250 1.000000 3
4254 1.000000 4
4258 1.000000 4
4262 -1.000000 4
4267 1.000000 5
4271 1.000000 4
4275 1.000000 4
4279 1.000000 4
4282 1.000000 3
4286 -1.000000 4
4290 -1.000000 4
4295 1.000000 5
4299 1.000000 4
4304 1.000000 5
4308 1.000000 4
4313 1.000000 5
4316 -1.000000 3
4321 0.000000 5
4325 -1.000000 4
4330 0.000000 5
4334 -1.000000 4
4339 0.000000 5
4343 1.000000 4
4348 1.000000 5
4353 0.000000 5
4358 1.000000 5
4363 1.000000 5
4366 1.000000 3
4370 1.000000 4
4374 1.000000 4
4378 -1.000000 4
4381 -1.000000 3
4384 -1.000000 3
4388 1.000000 4
4393 0.000000 5
4397 1.000000 4
4402 0.000000 5
4405 -1.000000 3
4408 1.000000 3
4412 -1.000000 4
4417 1.000000 5
4422 1.000000 5
4427 1.000000 5
4431 -1.000000 4
4435 1.000000 4
4439 1.000000 4
4442 -1.000000 3
4446 -1.000000 4
4449 1.000000 3
4454 1.000000 5
4458 -1.000000 4
4462 1.000000 4
4465 -1.000000 3
4469 -1.000000 4
4473 1.000000 4
4478 0.000000 5
4482 1.000000 4
4487 0.000000 5
4491 -1.000000 4
4494 -1.000000 3
4498 1.000000 4
4501 -1.000000 3
4504 1.000000 3
4509 0.000000 5
4513 -1.000000 4
4517 -1.000000 4
4521 1.000000 4
4525 -1.000000 4
4528 1.000000 3
4532 1.000000 4
4536 -1.000000 4
4541 1.000000 5
4545 -1.000000 4
4550 0.000000 5
4555 0.000000 5
4559 -1.000000 4
4563 1.000000 4
4567 -1.000000 4
4571 1.000000 4
4575 -1.000000 4
4578 1.000000 3
4582 -1.000000 4
4586 1.000000 4
4590 1.000000 4
4595 1.000000 5
4599 1.000000 4
4602 -1.000000 3
4605 1.000000 3
4609 -1.000000 4
4612 1.000000 3
4616 1.000000 4
4621 1.000000 5
4625 1.000000 4
4630 0.000000 5
4634 1.000000 4
4639 1.000000 5
4644 1.000000 5
4648 1.000000 4
4653 0.000000 5
4658 1.000000 5
4663 0.000000 5
4667 -1.000000 4
4670 -1.000000 3
4675 0.000000 5
4679 -1.000000 4
4684 1.000000 5
4687 1.000000 3
4691 -1.000000 4
4695 1.000000 4
4700 1.000000 5
4704 1.000000 4
4707 1.000000 3
4711 1.000000 4
4716 0.000000 5
4720 -1.000000 4
4724 1.000000 4
4728 1.000000 4
4732 -1.000000 4
4737 0.000000 5
4742 0.000000 5
4747 1.000000 5
4751 1.000000 4
4755 1.000000 4
4758 -1.000000 3
4762 1.000000 4
4766 1.000000 4
4770 1.000000 4
4775 1.000000 5
4780 0.000000 5
4785 0.000000 5
4790 1.000000 5
4793 1.000000 3
4796 1.000000 3
4800 1.000000 4
4804 -1.000000 4
4808 -1.000000 4
4812 1.000000 4
4815 -1.000000 3
4820 0.000000 5
4825 1.000000 5
4829 -1.000000 4
4834 0.000000 5
4839 1.000000 5
4844 1.000000 5
4848 1.000000 4
4852 -1.000000 4
4856 1.000000 4
4860 1.000000 4
4865 1.000000 5
4870 0.000000 5
4873 1.000000 3
4878 1.000000 5
4882 -1.000000 4
4886 1.000000 4
4891 1.000000 5
4894 -1.000000 3
4899 1.000000 5
4902 -1.000000 3
4907 1.000000 5
4910 1.000000 3
4914 -1.000000 4
4919 0.000000 5
4923 1.000000 4
4928 1.000000 5
4932 -1.000000 4
4935 1.000000 3
4939 1.000000 4
4943 1.000000 4
4947 -1.000000 4
4950 1.000000 3
4953 1.000000 3
4958 1.000000 5
4963 0.000000 5
4966 -1.000000 3
4969 -1.000000 3
4973 1.000000 4
4977 1.000000 4
4980 1.000000 3
4984 1.000000 4
4989 1.000000 5
4993 -1.000000 4
4998 1.000000 5
5002 -1.000000 4
5007 1.000000 5
5010 1.000000 3
5015 0.000000 5
5020 1.000000 5
5023 1.000000 3
5027 1.000000 4
5032 1.000000 5
5035 -1.000000 3
5039 -1.000000 4
5043 1.000000 4
5048 0.000000 5
5053 0.000000 5
5056 -1.000000 3
5061 1.000000 5
5064 -1.000000 3
5068 1.000000 4
5072 -1.000000 4
5076 1.000000 4
5081 0.000000 5
5085 1.000000 4
5088 -1.000000 3
5091 1.000000 3
5096 1.000000 5
5101 0.000000 5
5106 1.000000 5
5109 -1.000000 3
5113 1.000000 4
5117 1.000000 4
5121 -1.000000 4
5125 -1.000000 4
5130 1.000000 5
5133 1.000000 3
5138 1.000000 5
5142 1.000000 4
5146 -1.000000 4
5151 0.000000 5
5155 -1.000000 4
5159 -1.000000 4
5163 -1.000000 4
5168 1.000000 5
5172 1.000000 4
5177 1.000000 5
5182 1.000000 5
5186 1.000000 4
5190 -1.000000 4
5193 1.000000 3
5197 -1.000000 4
5201 -1.000000 4
5206 0.000000 5
5211 1.000000 5
5215 -1.000000 4
5219 -1.000000 4
5223 -1.000000 4
5227 1.000000 4
5232 0.000000 5
5237 1.000000 5
5241 -1.000000 4
5244 -1.000000 3
5247 -1.000000 3
5252 1.000000 5
5257 0.000000 5
5260 1.000000 3
5265 1.000000 5
5269 -1.000000 4
5273 -1.000000 4
5276 -1.000000 3
5281 1.000000 5
5284 1.000000 3
5288 -1.000000 4
5293 1.000000 5
5297 -1.000000 4
5301 -1.000000 4
5305 -1.000000 4
5308 1.000000 3
5313 1.000000 5
5317 1.000000 4
5321 -1.000000 4
5326 0.000000 5
5330 -1.000000 4
5335 1.000000 5
5339 1.000000 4
5344 1.000000 5
5349 1.000000 5
5353 1.000000 4
5357 1.000000 4
5360 1.000000 3
5364 1.000000 4
5369 1.000000 5
5372 -1.000000 3
5376 1.000000 4
5379 1.000000 3
5383 -1.000000 4
5387 1.000000 4
5391 1.000000 4
5394 -1.000000 3
5399 0.000000 5
5404 1.000000 5
5409 0.000000 5
5414 0.000000 5
5418 -1.000000 4
5421 -1.000000 3
5424 1.000000 3
5427 1.000000 3
5432 1.000000 5
5436 1.000000 4
5439 1.000000 3
5442 1.000000 3
5446 -1.000000 4
5451 1.000000 5
5456 1.000000 5
5461 0.000000 5
5465 1.000000 4
5469 -1.000000 4
5474 1.000000 5
5477 -1.000000 3
5480 1.000000 3
5484 1.000000 4
5488 -1.000000 4
5493 1.000000 5
5498 1.000000 5
5502 -1.000000 4
5506 -1.000000 4
5511 1.000000 5
5514 1.000000 3
5518 1.000000 4
5522 1.000000 4
5527 0.000000 5
5532 0.000000 5
5535 1.000000 3
5540 0.000000 5
5544 1.000000 4
5547 -1.000000 3
5550 1.000000 3
5553 -1.000000 3
5557 -1.000000 4
5561 1.000000 4
5565 1.000000 4
5568 1.000000 3
5571 1.000000 3
5575 1.000000 4
5579 1.000000 4
5583 1.000000 4
5587 1.000000 4
5592 1.000000 5
5595 1.000000 3
5599 -1.000000 4
5602 -1.000000 3
5606 -1.000000 4
5610 1.000000 4
5613 1.000000 3
5617 1.000000 4
5622 0.000000 5
5626 1.000000 4
5631 1.000000 5
5636 1.000000 5
5640 1.000000 4
5645 0.000000 5
5650 1.000000 5
5654 -1.000000 4
5658 1.000000 4
5661 1.000000 3
5666 0.000000 5
5670 1.000000 4
5675 1.000000 5
5680 1.000000 5
5685 0.000000 5
5689 -1.000000 4
5693 -1.000000 4
5697 1.000000 4
5702 1.000000 5
5705 1.000000 3
5708 -1.000000 3
5713 0.000000 5
5718 1.000000 5
5723 0.000000 5
5727 1.000000 4
5730 1.000000 3
5734 -1.000000 4
5738 1.000000 4
5741 1.000000 3
5745 1.000000 4
5750 1.000000 5
5755 0.000000 5
5759 1.000000 4
5764 0.000000 5
5768 1.000000 4
5772 -1.000000 4
5776 1.000000 4
5780 1.000000 4
5785 1.000000 5
5789 -1.000000 4
5794 0.000000 5
5799 0.000000 5
5804 1.000000 5
5809 1.000000 5
5814 1.000000 5
5817 1.000000 3
5821 -1.000000 4
5826 1.000000 5
5830 1.000000 4
5834 1.000000 4
5839 1.000000 5
5843 1.000000 4
5846 -1.000000 3
5851 1.000000 5
5856 1.000000 5
5861 1.000000 5
5865 -1.000000 4
5869 -1.000000 4
5874 0.000000 5
5878 1.000000 4
5883 1.000000 5
5887 -1.000000 4
5890 1.000000 3
5895 0.000000 5
5900 1.000000 5
5905 0.000000 5
5910 0.000000 5
5913 1.000000 3
5917 1.000000 4
5921 1.000000 4
5926 1.000000 5
5929 -1.000000 3
5934 0.000000 5
5939 1.000000 5
5944 1.000000 5
5948 1.000000 4
5951 1.000000 3
5955 1.000000 4
5959 -1.000000 4
5963 1.000000 4
5968 0.000000 5
5972 1.000000 4
5977 1.000000 5
5982 1.000000 5
5986 1.000000 4
5990 -1.000000 4
5994 -1.000000 4
5999 0.000000 5
6004 0.000000 5
6009 0.000000 5
6014 0.000000 5
6017 1.000000 3
6022 1.000000 5
6025 1.000000 3
6030 1.000000 5
6033 -1.000000 3
6038 0.000000 5
6041 1.000000 3
6045 -1.000000 4
6049 1.000000 4
6054 1.000000 5
6058 1.000000 4
6062 1.000000 4
6065 -1.000000 3
6070 1.000000 5
6074 -1.000000 4
6077 1.000000 3
6081 -1.000000 4
6084 1.000000 3
6088 -1.000000 4
6091 1.000000 3
6095 1.000000 4
6098 -1.000000 3
6102 1.000000 4
6106 1.000000 4
6110 -1.000000 4
6113 1.000000 3
6118 1.000000 5
6122 1.000000 4
6127 0.000000 5
6130 1.000000 3
6135 0.000000 5
6139 1.000000 4
6143 1.000000 4
6147 1.000000 4
6151 1.000000 4
6155 -1.000000 4
6159 -1.000000 4
6163 1.000000 4
6166 1.000000 3
6170 -1.000000 4
6174 1.000000 4
6178 -1.000000 4
6182 1.000000 4
6185 -1.000000 3
6190 0.000000 5
6195 0.000000 5
6199 1.000000 4
6202 1.000000 3
6206 -1.000000 4
6210 1.000000 4
6215 1.000000 5
6219 -1.000000 4
6223 1.000000 4
6228 0.000000 5
6233 0.000000 5
6238 1.000000 5
6243 0.000000 5
6246 1.000000 3
6250 -1.000000 4
6255 0.000000 5
6259 1.000000 4
6263 -1.000000 4
6267 1.000000 4
6271 1.000000 4
6275 1.000000 4
6279 1.000000 4
6284 1.000000 5
6289 1.000000 5
6294 0.000000 5
6298 1.000000 4
6303 1.000000 5
6308 1.000000 5
6312 1.000000 4
6316 -1.000000 4
6320 1.000000 4
6325 1.000000 5
6330 1.000000 5
6334 1.000000 4
6339 0.000000 5
6343 -1.000000 4
6348 1.000000 5
6351 -1.000000 3
6356 1.000000 5
6361 1.000000 5
6364 1.000000 3
6369 1.000000 5
6373 1.000000 4
6376 1.000000 3
6381 0.000000 5
6384 -1.000000 3
6389 1.000000 5
6394 1.000000 5
6398 1.000000 4
6402 1.000000 4
6405 1.000000 3
6409 -1.000000 4
6413 -1.000000 4
6417 -1.000000 4
6420 1.000000 3
6425 1.000000 5
6429 1.000000 4
6432 1.000000 3
6437 0.000000 5
6442 0.000000 5
6445 1.000000 3
6449 1.000000 4
6453 -1.000000 4
6456 1.000000 3
6460 1.000000 4
6463 -1.000000 3
6468 1.000000 5
6473 0.000000 5
6476 1.000000 3
6481 1.000000 5
6485 -1.000000 4
6488 -1.000000 3
6493 1.000000 5
6497 1.000000 4
6502 0.000000 5
6506 1.000000 4
6509 1.000000 3
6514 1.000000 5
6518 1.000000 4
6523 0.000000 5
6527 1.000000 4
6531 -1.000000 4
6535 -1.000000 4
6540 0.000000 5
6544 1.000000 4
6548 1.000000 4
6551 1.000000 3
6555 -1.000000 4
6559 -1.000000 4
6564 0.000000 5
6569 1.000000 5
6573 1.000000 4
6576 -1.000000 3
6580 -1.000000 4
6585 1.000000 5
6590 1.000000 5
6593 -1.000000 3
6596 -1.000000 3
6601 0.000000 5
6604 1.000000 3
6608 1.000000 4
6613 0.000000 5
6617 -1.000000 4
6621 -1.000000 4
6625 1.000000 4
6629 1.000000 4
6633 -1.000000 4
6638 1.000000 5
6643 1.000000 5
6646 1.000000 3
6650 -1.000000 4
6655 1.000000 5
6660 1.000000 5
6664 1.000000 4
6669 1.000000 5
6672 -1.000000 3
6677 1.000000 5
6681 1.000000 4
6685 -1.000000 4
6689 -1.000000 4
6693 -1.000000 4
6696 1.000000 3
6701 1.000000 5
6706 1.000000 5
6709 -1.000000 3
6713 1.000000 4
6718 1.000000 5
6723 1.000000 5
6728 1.000000 5
6733 0.000000 5
6738 0.000000 5
6742 1.000000 4
6746 -1.000000 4
6749 1.000000 3
6752 1.000000 3
6756 1.000000 4
6761 0.000000 5
6766 1.000000 5
6770 1.000000 4
6773 -1.000000 3
6777 -1.000000 4
6782 1.000000 5
6786 -1.000000 4
6791 0.000000 5
6794 -1.000000 3
6799 1.000000 5
6804 0.000000 5
6808 1.000000 4
6813 1.000000 5
6817 1.000000 4
6820 1.000000 3
6825 1.000000 5
6829 1.000000 4
6833 -1.000000 4
6836 -1.000000 3
6840 1.000000 4
6845 1.000000 5
6849 -1.000000 4
6853 1.000000 4
6857 1.000000 4
6861 1.000000 4
6866 1.000000 5
6870 -1.000000 4
6875 0.000000 5
6878 1.000000 3
6882 1.000000 4
6887 1.000000 5
6892 1.000000 5
6896 -1.000000 4
6900 -1.000000 4
6904 -1.000000 4
6907 1.000000 3
6912 0.000000 5
6916 1.000000 4
6921 1.000000 5
6925 1.000000 4
6929 -1.000000 4
6934 1.000000 5
6938 -1.000000 4
6942 -1.000000 4
6946 -1.000000 4
6949 1.000000 3
6953 -1.000000 4
6957 1.000000 4
6961 1.000000 4
6965 -1.000000 4
6969 1.000000 4
6974 0.000000 5
6979 0.000000 5
6983 1.000000 4
6987 1.000000 4
6990 1.000000 3
6995 1.000000 5
6999 -1.000000 4
7002 1.000000 3
7005 1.000000 3
7008 -1.000000 3
7011 1.000000 3
7015 -1.000000 4
7018 -1.000000 3
7023 1.000000 5
7027 1.000000 4
7032 1.000000 5
7036 -1.000000 4
7040 1.000000 4
7044 -1.000000 4
7048 -1.000000 4
7053 0.000000 5
7056 1.000000 3
7060 -1.000000 4
7063 1.000000 3
7067 1.000000 4
7071 -1.000000 4
7076 1.000000 5
7081 0.000000 5
7085 1.000000 4
7089 -1.000000 4
7093 1.000000 4
7097 -1.000000 4
7101 -1.000000 4
7105 1.000000 4
7109 1.000000 4
7112 1.000000 3
7116 -1.000000 4
7120 -1.000000 4
7124 1.000000 4
7129 0.000000 5
7133 -1.000000 4
7138 1.000000 5
7143 0.000000 5
7147 -1.000000 4
7152 1.000000 5
7156 1.000000 4
7160 1.000000 4
7165 0.000000 5
7169 1.000000 4
7173 1.000000 4
7178 1.000000 5
7183 1.000000 5
7186 -1.000000 3
7191 1.000000 5
7194 1.000000 3
7197 1.000000 3
7202 1.000000 5
7205 -1.000000 3
7209 1.000000 4
7213 -1.000000 4
7218 1.000000 5
7222 -1.000000 4
7226 1.000000 4
7230 1.000000 4
7235 0.000000 5
7240 1.000000 5
7243 1.000000 3
7247 1.000000 4
7251 1.000000 4
7255 1.000000 4
7260 1.000000 5
7265 0.000000 5
7270 0.000000 5
7275 0.000000 5
7280 1.000000 5
7284 1.000000 4
7288 1.000000 4
7293 0.000000 5
7296 1.000000 3
7301 1.000000 5
7305 1.000000 4
7310 1.000000 5
7315 1.000000 5
7319 1.000000 4
7324 1.000000 5
7329 1.000000 5
7334 1.000000 5
7338 -1.000000 4
7343 1.000000 5
7348 1.000000 5
7352 1.000000 4
7355 1.000000 3
7360 0.000000 5
7364 1.000000 4
7369 1.000000 5
7374 1.000000 5
7379 0.000000 5
7383 1.000000 4
7386 -1.000000 3
7390 1.000000 4
7395 1.000000 5
7400 1.000000 5
7404 -1.000000 4
7407 1.000000 3
7411 -1.000000 4
7415 -1.000000 4
7419 1.000000 4
7422 1.000000 3
7426 1.000000 4
7430 1.000000 4
7433 -1.000000 3
7437 1.000000 4
7440 -1.000000 3
7443 1.000000 3
7447 1.000000 4
7451 1.000000 4
7455 1.000000 4
7460 0.000000 5
7464 1.000000 4
7469 1.000000 5
7474 1.000000 5
7478 1.000000 4
7482 1.000000 4
7487 0.000000 5
7492 0.000000 5
7496 1.000000 4
7499 1.000000 3
7504 1.000000 5
7508 1.000000 4
7513 0.000000 5
7518 0.000000 5
7522 -1.000000 4
7525 -1.000000 3
7529 -1.000000 4
7533 1.000000 4
7537 1.000000 4
7540 1.000000 3
7545 0.000000 5
7550 1.000000 5
7554 1.000000 4
7558 -1.000000 4
7562 -1.000000 4
7567 1.000000 5
7571 1.000000 4
7575 -1.000000 4
7579 1.000000 4
7584 1.000000 5
7588 1.000000 4
7592 1.000000 4
7596 1.000000 4
7600 -1.000000 4
7604 1.000000 4
7607 1.000000 3
7611 1.000000 4
7615 1.000000 4
7619 1.000000 4
7624 0.000000 5
7628 1.000000 4
7632 1.000000 4
7636 -1.000000 4
7640 1.000000 4
7643 -1.000000 3
7646 1.000000 3
7650 1.000000 4
7653 -1.000000 3
7657 1.000000 4
7661 1.000000 4
7664 1.000000 3
7669 1.000000 5
7673 1.000000 4
7676 -1.000000 3
7680 1.000000 4
7685 1.000000 5
7688 1.000000 3
7692 1.000000 4
7695 1.000000 3
7700 0.000000 5
7704 -1.000000 4
7707 1.000000 3
7711 -1.000000 4
7714 1.000000 3
7718 1.000000 4
7722 1.000000 4
7726 1.000000 4
7731 1.000000 5
7734 -1.000000 3
7738 1.000000 4
7742 1.000000 4
7746 -1.000000 4
7751 1.000000 5
7754 1.000000 3
7759 1.000000 5
7764 1.000000 5
7769 1.000000 5
7773 1.000000 4
7777 -1.000000 4
7782 0.000000 5
7787 1.000000 5
7790 -1.000000 3
7794 1.000000 4
7797 -1.000000 3
7801 1.000000 4
7805 1.000000 4
7808 1.000000 3
7812 -1.000000 4
7817 1.000000 5
7821 1.000000 4
7825 -1.000000 4
7830 1.000000 5
7833 1.000000 3
7837 -1.000000 4
7840 1.000000 3
7843 -1.000000 3
7847 1.000000 4
7852 0.000000 5
7857 1.000000 5
7862 1.000000 5
7866 1.000000 4
7871 1.000000 5
7876 0.000000 5
7880 1.000000 4
7884 1.000000 4
7887 -1.000000 3
7891 1.000000 4
7894 -1.000000 3
7897 1.000000 3
7902 0.000000 5
7905 1.000000 3
7908 -1.000000 3
7911 -1.000000 3
7914 1.000000 3
7919 0.000000 5
7924 1.000000 5
7929 1.000000 5
7933 1.000000 4
7937 1.000000 4
7942 1.000000 5
7945 1.000000 3
7948 -1.000000 3
7952 1.000000 4
7956 1.000000 4
7961 0.000000 5
7965 -1.000000 4
7969 1.000000 4
7973 -1.000000 4
7978 1.000000 5
7982 1.000000 4
7985 1.000000 3
7990 0.000000 5
7994 1.000000 4
7998 1.000000 4
8003 1.000000 5
8006 1.000000 3
8011 1.000000 5
8016 1.000000 5
8019 -1.000000 3
8023 -1.000000 4
8028 1.000000 5
8033 1.000000 5
8038 1.000000 5
8041 -1.000000 3
8046 0.000000 5
8050 -1.000000 4
8054 1.000000 4
8058 -1.000000 4
8062 -1.000000 4
8067 1.000000 5
8070 -1.000000 3
8074 1.000000 4
8078 -1.000000 4
8083 0.000000 5
8087 1.000000 4
8091 1.000000 4
8095 1.000000 4
8099 1.000000 4
8102 1.000000 3
8105 -1.000000 3
8110 0.000000 5
8113 -1.000000 3
8118 0.000000 5
8123 1.000000 5
8126 1.000000 3
8129 1.000000 3
8133 1.000000 4
8137 1.000000 4
8141 1.000000 4
8145 -1.000000 4
8148 -1.000000 3
8153 1.000000 5
8157 -1.000000 4
8161 1.000000 4
8165 1.000000 4
8170 1.000000 5
8174 1.000000 4
8179 1.000000 5
8183 -1.000000 4
8187 1.000000 4
8192 1.000000 5
8195 1.000000 3
8199 -1.000000 4
8204 1.000000 5
8208 -1.000000 4
8212 1.000000 4
8217 1.000000 5
8221 1.000000 4
8225 1.000000 4
8230 0.000000 5
8234 1.000000 4
8237 1.000000 3
8241 1.000000 4
8245 -1.000000 4
8249 1.000000 4
8252 1.000000 3
8257 1.000000 5
8261 1.000000 4
8265 1.000000 4
8270 1.000000 5
8274 -1.000000 4
8278 -1.000000 4
8281 1.000000 3
8285 1.000000 4
8290 1.000000 5
8294 -1.000000 4
8298 1.000000 4
8301 -1.000000 3
8305 1.000000 4
8309 1.000000 4
8314 1.000000 5
8317 -1.000000 3
8321 -1.000000 4
8324 1.000000 3
8328 1.000000 4
8332 -1.000000 4
8335 1.000000 3
8339 1.000000 4
8344 1.000000 5
8347 1.000000 3
8351 1.000000 4
8356 1.000000 5
8361 0.000000 5
8366 0.000000 5
8371 1.000000 5
8375 -1.000000 4
8379 -1.000000 4
8383 1.000000 4
8386 1.000000 3
8390 -1.000000 4
8394 -1.000000 4
8399 1.000000 5
8404 0.000000 5
8408 -1.000000 4
8412 1.000000 4
8416 1.000000 4
8421 1.000000 5
8424 -1.000000 3
8429 0.000000 5
8434 1.000000 5
8438 -1.000000 4
8443 1.000000 5
8447 1.000000 4
8452 1.000000 5
8455 1.000000 3
8460 0.000000 5
8465 1.000000 5
8468 1.000000 3
8473 1.000000 5
8478 0.000000 5
8482 1.000000 4
8487 0.000000 5
8492 1.000000 5
8496 1.000000 4
8501 0.000000 5
8505 1.000000 4
8510 1.000000 5
8513 -1.000000 3
8516 1.000000 3
8521 1.000000 5
8526 1.000000 5
8530 -1.000000 4
8535 1.000000 5
8539 -1.000000 4
8543 1.000000 4
8548 0.000000 5
8553 1.000000 5
8558 0.000000 5
8562 -1.000000 4
8567 0.000000 5
8572 0.000000 5
8576 -1.000000 4
8580 1.000000 4
8583 -1.000000 3
8586 -1.000000 3
8589 1.000000 3
8594 0.000000 5
8598 -1.000000 4
8602 -1.000000 4
8606 1.000000 4
8610 -1.000000 4
8615 1.000000 5
8618 1.000000 3
8623 1.000000 5
8628 1.000000 5
8632 -1.000000 4
8636 -1.000000 4
8640 -1.000000 4
8644 1.000000 4
8648 -1.000000 4
8653 0.000000 5
8657 1.000000 4
8662 1.000000 5
8666 1.000000 4
8670 1.000000 4
8674 1.000000 4
8679 1.000000 5
8682 1.000000 3
8685 1.000000 3
8690 1.000000 5
8694 -1.000000 4
8697 1.000000 3
8701 1.000000 4
8705 -1.000000 4
8710 1.000000 5
8714 1.000000 4
8718 -1.000000 4
8723 1.000000 5
8728 1.000000 5
8732 1.000000 4
8736 1.000000 4
8740 1.000000 4
8744 1.000000 4
8747 -1.000000 3
8751 1.000000 4
8756 1.000000 5
8761 0.000000 5
8766 0.000000 5
8771 1.000000 5
8776 0.000000 5
8780 -1.000000 4
8785 0.000000 5
8789 -1.000000 4
8793 -1.000000 4
8798 1.000000 5
8802 -1.000000 4
8805 1.000000 3
8810 1.000000 5
8815 1.000000 5
8820 1.000000 5
8824 1.000000 4
8827 1.000000 3
8831 1.000000 4
8835 1.000000 4
8838 1.000000 3
8843 1.000000 5
8846 1.000000 3
8850 1.000000 4
8855 1.000000 5
8858 -1.000000 3
8862 1.000000 4
8865 -1.000000 3
8869 1.000000 4
8873 1.000000 4
8876 -1.000000 3
8880 1.000000 4
8884 1.000000 4
8888 1.000000 4
8892 1.000000 4
8897 1.000000 5
8902 0.000000 5
8905 -1.000000 3
8909 1.000000 4
8912 1.000000 3
8916 -1.000000 4
8919 1.000000 3
8923 -1.000000 4
8928 1.000000 5
8933 1.000000 5
8938 1.000000 5
8942 1.000000 4
8946 1.000000 4
8950 1.000000 4
8954 -1.000000 4
8957 -1.000000 3
8962 1.000000 5
8966 1.000000 4
8970 -1.000000 4
8974 -1.000000 4
8978 1.000000 4
8982 1.000000 4
8986 1.000000 4
8990 1.000000 4
8993 1.000000 3
8997 1.000000 4
9002 1.000000 5
9007 1.000000 5
9010 -1.000000 3
9013 -1.000000 3
9017 1.000000 4
9020 -1.000000 3
9025 1.000000 5
9030 1.000000 5
9034 1.000000 4
9038 1.000000 4
9043 1.000000 5
9047 1.000000 4
9052 1.000000 5
9056 1.000000 4
9059 -1.000000 3
9063 1.000000 4
9066 1.000000 3
9070 -1.000000 4
9074 1.000000 4
9079 0.000000 5
9083 1.000000 4
9088 0.000000 5
9093 0.000000 5
9097 1.000000 4
9100 -1.000000 3
9105 0.000000 5
9110 1.000000 5
9115 1.000000 5
9120 1.000000 5
9124 1.000000 4
9127 -1.000000 3
9131 1.000000 4
9136 1.000000 5
9140 1.000000 4
9144 1.000000 4
9149 1.000000 5
9152 1.000000 3
9157 1.000000 5
9162 1.000000 5
9167 1.000000 5
9172 0.000000 5
9177 1.000000 5
9182 0.000000 5
9187 1.000000 5
9191 1.000000 4
9194 -1.000000 3
9198 1.000000 4
9203 1.000000 5
9207 1.000000 4
9211 1.000000 4
9214 1.000000 3
9218 1.000000 4
9222 -1.000000 4
9225 1.000000 3
9230 0.000000 5
9234 -1.000000 4
9239 1.000000 5
9243 1.000000 4
9248 1.000000 5
9252 1.000000 4
9256 1.000000 4
9260 1.000000 4
9265 1.000000 5
9269 1.000000 4
9274 0.000000 5
9279 1.000000 5
9282 1.000000 3
9287 1.000000 5
9291 1.000000 4
9296 1.000000 5
9300 1.000000 4
9305 1.000000 5
9310 1.000000 5
9314 1.000000 4
9317 -1.000000 3
9322 0.000000 5
9325 1.000000 3
9329 1.000000 4
9332 -1.000000 3
9336 -1.000000 4
9341 0.000000 5
9346 0.000000 5
9350 -1.000000 4
9355 0.000000 5
9359 1.000000 4
9363 -1.000000 4
9367 1.000000 4
9370 1.000000 3
9374 -1.000000 4
9379 1.000000 5
9384 0.000000 5
9388 1.000000 4
9393 0.000000 5
9397 1.000000 4
9400 -1.000000 3
9405 1.000000 5
9410 1.000000 5
9414 1.000000 4
9418 1.000000 4
9423 1.000000 5
9426 1.000000 3
9430 1.000000 4
9434 -1.000000 4
9439 1.000000 5
9442 1.000000 3
9446 1.000000 4
9450 1.000000 4
9453 1.000000 3
9458 1.000000 5
9462 -1.000000 4
9467 1.000000 5
9471 1.000000 4
9475 1.000000 4
9478 1.000000 3
9481 1.000000 3
9484 -1.000000 3
9489 1.000000 5
9493 1.000000 4
9497 1.000000 4
9500 1.000000 3
9504 -1.000000 4
9507 1.000000 3
9511 1.000000 4
9516 0.000000 5
9521 1.000000 5
9525 -1.000000 4
9529 1.000000 4
9532 -1.000000 3
9536 1.000000 4
9540 1.000000 4
9543 1.000000 3
9548 1.000000 5
9553 1.000000 5
9557 1.000000 4
9562 1.000000 5
9565 1.000000 3
9570 0.000000 5
9575 1.000000 5
9580 1.000000 5
9584 1.000000 4
9589 0.000000 5
9594 1.000000 5
9598 1.000000 4
9603 1.000000 5
9608 0.000000 5
9612 1.000000 4
9615 1.000000 3
9620 0.000000 5
9624 -1.000000 4
9628 -1.000000 4
9633 1.000000 5
9638 0.000000 5
9643 0.000000 5
9647 1.000000 4
9651 -1.000000 4
9655 -1.000000 4
9660 0.000000 5
9665 1.000000 5
9670 1.000000 5
9674 -1.000000 4
9679 1.000000 5
9684 1.000000 5
9689 0.000000 5
9694 0.000000 5
9698 -1.000000 4
9703 1.000000 5
9707 -1.000000 4
9712 1.000000 5
9717 0.000000 5
9722 0.000000 5
9727 1.000000 5
9730 -1.000000 3
9733 1.000000 3
9736 1.000000 3
9739 -1.000000 3
9744 1.000000 5
9748 1.000000 4
9753 0.000000 5
9758 1.000000 5
9762 1.000000 4
9767 0.000000 5
9772 1.000000 5
9775 -1.000000 3
9779 1.000000 4
9782 1.000000 3
9786 1.000000 4
9790 -1.000000 4
9793 -1.000000 3
9798 1.000000 5
9803 1.000000 5
9808 1.000000 5
9812 -1.000000 4
9817 1.000000 5
9821 1.000000 4
9824 -1.000000 3
9827 1.000000 3
9831 1.000000 4
9834 1.000000 3
9839 0.000000 5
9844 1.000000 5
9848 1.000000 4
9851 1.000000 3
9854 1.000000 3
9858 1.000000 4
9863 0.000000 5
9867 -1.000000 4
9871 1.000000 4
9875 -1.000000 4
9878 1.000000 3
9883 0.000000 5
9887 1.000000 4
9892 1.000000 5
9895 1.000000 3
9899 1.000000 4
9902 1.000000 3
9907 1.000000 5
9912 1.000000 5
9916 1.000000 4
9921 0.000000 5
9926 1.000000 5
9931 0.000000 5
9936 1.000000 5
9940 -1.000000 4
9943 1.000000 3
9947 1.000000 4
9951 1.000000 4
9954 1.000000 3
9959 1.000000 5
9963 -1.000000 4
9968 0.000000 5
9973 1.000000 5
9977 1.000000 4
9982 1.000000 5
9986 1.000000 4
9991 1.000000 5
9994 -1.000000 3
9999 0.000000 5
10002 -1.000000 3
10005 -1.000000 3
10008 -1.000000 3
10011 -1.000000 3
10014 -1.000000 3
10017 -1.000000 3
10020 -1.000000 3
10023 -1.000000 3
10026 -1.000000 3
10029 -1.000000 3
10032 -1.000000 3
10035 -1.000000 3
10038 -1.000000 3
10041 -1.000000 3
10044 -1.000000 3
10047 -1.000000 3
10050 -1.000000 3
10053 -1.000000 3
10056 -1.000000 3
10059 -1.000000 3
10062 -1.000000 3
10065 -1.000000 3
10068 -1.000000 3
10071 -1.000000 3
10074 -1.000000 3
10077 -1.000000 3
10080 -1.000000 3
10083 -1.000000 3
10086 -1.000000 3
10089 -1.000000 3
10092 -1.000000 3
10095 -1.000000 3
10098 -1.000000 3
10101 -1.000000 3
10104 -1.000000 3
10107 -1.000000 3
10110 -1.000000 3
10113 -1.000000 3
10116 -1.000000 3
10119 -1.000000 3
10122 -1.000000 3
10125 -1.000000 3
10128 -1.000000 3
10131 -1.000000 3
10134 -1.000000 3
10137 -1.000000 3
10140 -1.000000 3
10143 -1.000000 3
10146 -1.000000 3
10149 -1.000000 3
10152 -1.000000 3
10155 -1.000000 3
10158 -1.000000 3
10161 -1.000000 3
10164 -1.000000 3
10167 -1.000000 3
10170 -1.000000 3
10173 -1.000000 3
10176 -1.000000 3
10179 -1.000000 3
10182 -1.000000 3
10185 -1.000000 3
10188 -1.000000 3
10191 -1.000000 3
10194 -1.000000 3
10197 -1.000000 3
10200 -1.000000 3
10203 -1.000000 3
10206 -1.000000 3
10209 -1.000000 3
10212 -1.000000 3
10215 -1.000000 3
10218 -1.000000 3
10221 -1.000000 3
10224 -1.000000 3
10227 -1.000000 3
10230 -1.000000 3
10233 -1.000000 3
10236 -1.000000 3
10239 -1.000000 3
10242 -1.000000 3
10245 -1.000000 3
10248 -1.000000 3
10251 -1.000000 3
10254 -1.000000 3
10257 -1.000000 3
10260 -1.000000 3
10263 -1.000000 3
10266 -1.000000 3
10269 -1.000000 3
10272 -1.000000 3
10275 -1.000000 3
10278 -1.000000 3
10281 -1.000000 3
10284 -1.000000 3
10287 -1.000000 3
10290 -1.000000 3
10293 -1.000000 3
10296 -1.000000 3
10299 -1.000000 3
10302 -1.000000 3
10305 -1.000000 3
10308 -1.000000 3
10311 -1.000000 3
10314 -1.000000 3
10317 -1.000000 3
10320 -1.000000 3
10323 -1.000000 3
10326 -1.000000 3
10329 -1.000000 3
10332 -1.000000 3
10335 -1.000000 3
10338 -1.000000 3
10341 -1.000000 3
10344 -1.000000 3
10347 -1.000000 3
10350 -1.000000 3
10353 -1.000000 3
10356 -1.000000 3
10359 -1.000000 3
10362 -1.000000 3
10365 -1.000000 3
10368 -1.000000 3
10371 -1.000000 3
10374 -1.000000 3
10377 -1.000000 3
10380 -1.000000 3
10383 -1.000000 3
10386 -1.000000 3
10389 -1.000000 3
10392 -1.000000 3
10395 -1.000000 3
10398 -1.000000 3
10401 -1.000000 3
10404 -1.000000 3
10407 -1.000000 3
10410 -1.000000 3
10413 -1.000000 3
10416 -1.000000 3
10419 -1.000000 3
10422 -1.000000 3
10425 -1.000000 3
10428 -1.000000 3
10431 -1.000000 3
10434 -1.000000 3
10437 -1.000000 3
10440 -1.000000 3
10443 -1.000000 3
10446 -1.000000 3
10449 -1.000000 3
10452 -1.000000 3
10455 -1.000000 3
10458 -1.000000 3
10461 -1.000000 3
10464 -1.000000 3
10467 -1.000000 3
10470 -1.000000 3
10473 -1.000000 3
10476 -1.000000 3
10479 -1.000000 3
10482 -1.000000 3
10485 -1.000000 3
10488 -1.000000 3
10491 -1.000000 3
10494 -1.000000 3
10497 -1.000000 3
10500 -1.000000 3
10503 -1.000000 3
10506 -1.000000 3
10509 -1.000000 3
10512 -1.000000 3
10515 -1.000000 3
10518 -1.000000 3
10521 -1.000000 3
10524 -1.000000 3
10527 -1.000000 3
10530 -1.000000 3
10533 -1.000000 3
10536 -1.000000 3
10539 -1.000000 3
10542 -1.000000 3
10545 -1.000000 3
10548 -1.000000 3
10551 -1.000000 3
10554 -1.000000 3
10557 -1.000000 3
10560 -1.000000 3
10563 -1.000000 3
10566 -1.000000 3
10569 -1.000000 3
10572 -1.000000 3
10575 -1.000000 3
10578 -1.000000 3
10581 -1.000000 3
10584 -1.000000 3
10587 -1.000000 3
10590 -1.000000 3
10593 -1.000000 3
10596 -1.000000 3
10599 -1.000000 3
10602 -1.000000 3
10605 -1.000000 3
10608 -1.000000 3
10611 -1.000000 3
10614 -1.000000 3
10617 -1.000000 3
10620 -1.000000 3
10623 -1.000000 3
10626 -1.000000 3
10629 -1.000000 3
10632 -1.000000 3
10635 -1.000000 3
10638 -1.000000 3
10641 -1.000000 3
10644 -1.000000 3
10647 -1.000000 3
10650 -1.000000 3
10653 -1.000000 3
10656 -1.000000 3
10659 -1.000000 3
10662 -1.000000 3
10665 -1.000000 3
10668 -1.000000 3
10671 -1.000000 3
10674 -1.000000 3
10677 -1.000000 3
10680 -1.000000 3
10683 -1.000000 3
10686 -1.000000 3
10689 -1.000000 3
10692 -1.000000 3
10695 -1.000000 3
10698 -1.000000 3
10701 -1.000000 3
10704 -1.000000 3
10707 -1.000000 3
10710 -1.000000 3
10713 -1.000000 3
10716 -1.000000 3
10719 -1.000000 3
10722 -1.000000 3
10725 -1.000000 3
10728 -1.000000 3
10731 -1.000000 3
10734 -1.000000 3
10737 -1.000000 3
10740 -1.000000 3
10743 -1.000000 3
10746 -1.000000 3
10749 -1.000000 3
10752 -1.000000 3
10755 -1.000000 3
10758 -1.000000 3
10761 -1.000000 3
10764 -1.000000 3
10767 -1.000000 3
10770 -1.000000 3
10773 -1.000000 3
10776 -1.000000 3
10779 -1.000000 3
10782 -1.000000 3
10785 -1.000000 3
10788 -1.000000 3
10791 -1.000000 3
10794 -1.000000 3
10797 -1.000000 3
10800 -1.000000 3
10803 -1.000000 3
10806 -1.000000 3
10809 -1.000000 3
10812 -1.000000 3
10815 -1.000000 3
10818 -1.000000 3
10821 -1.000000 3
10824 -1.000000 3
10827 -1.000000 3
10830 -1.000000 3
10833 -1.000000 3
10836 -1.000000 3
10839 -1.000000 3
10842 -1.000000 3
10845 -1.000000 3
10848 -1.000000 3
10851 -1.000000 3
10854 -1.000000 3
10857 -1.000000 3
10860 -1.000000 3
10863 -1.000000 3
10866 -1.000000 3
10869 -1.000000 3
10872 -1.000000 3
10875 -1.000000 3
10878 -1.000000 3
10881 -1.000000 3
10884 -1.000000 3
10887 -1.000000 3
10890 -1.000000 3
10893 -1.000000 3
10896 -1.000000 3
10899 -1.000000 3
10902 -1.000000 3
10905 -1.000000 3
10908 -1.000000 3
10911 -1.000000 3
10914 -1.000000 3
10917 -1.000000 3
10920 -1.000000 3
10923 -1.000000 3
10926 -1.000000 3
10929 -1.000000 3
10932 -1.000000 3
10935 -1.000000 3
10938 -1.000000 3
10941 -1.000000 3
10944 -1.000000 3
10947 -1.000000 3
10950 -1.000000 3
10953 -1.000000 3
10956 -1.000000 3
10959 -1.000000 3
10962 -1.000000 3
10965 -1.000000 3
10968 -1.000000 3
10971 -1.000000 3
10974 -1.000000 3
10977 -1.000000 3
10980 -1.000000 3
10983 -1.000000 3
10986 -1.000000 3
10989 -1.000000 3
10992 -1.000000 3
10995 -1.000000 3
10998 -1.000000 3
11001 -1.000000 3
11004 -1.000000 3
11008 1.000000 4
11013 0.000000 5
11017 1.000000 4
11021 1.000000 4
11025 1.000000 4
11029 1.000000 4
11033 1.000000 4
11037 1.000000 4
11041 1.000000 4
11044 -1.000000 3
11048 1.000000 4
11052 1.000000 4
11056 1.000000 4
11060 1.000000 4
11063 1.000000 3
11066 1.000000 3
11070 1.000000 4
11073 -1.000000 3
11076 -1.000000 3
11079 -1.000000 3
11082 1.000000 3
11086 1.000000 4
11090 1.000000 4
11094 1.000000 4
11098 1.000000 4
11101 1.000000 3
11105 1.000000 4
11109 1.000000 4
11114 0.000000 5
11117 1.000000 3
11121 1.000000 4
11125 1.000000 4
11128 1.000000 3
11132 1.000000 4
11137 0.000000 5
11141 1.000000 4
11145 1.000000 4
11148 1.000000 3
11151 1.000000 3
11155 1.000000 4
11159 1.000000 4
11162 1.000000 3
11165 1.000000 3
11169 1.000000 4
11173 1.000000 4
11176 1.000000 3
11180 1.000000 4
11184 -1.000000 4
11188 1.000000 4
11192 1.000000 4
11195 1.000000 3
11199 1.000000 4
11203 1.000000 4
11207 1.000000 4
11211 1.000000 4
11215 1.000000 4
11219 1.000000 4
11223 1.000000 4
11227 1.000000 4
11231 1.000000 4
11235 1.000000 4
11238 1.000000 3
11242 1.000000 4
11246 1.000000 4
11250 1.000000 4
11255 0.000000 5
11259 1.000000 4
11263 1.000000 4
11266 1.000000 3
11270 1.000000 4
11274 1.000000 4
11278 1.000000 4
11281 1.000000 3
11285 1.000000 4
11288 1.000000 3
11292 1.000000 4
11296 1.000000 4
11301 0.000000 5
11305 1.000000 4
11309 1.000000 4
11313 1.000000 4
11317 1.000000 4
11320 1.000000 3
11324 1.000000 4
11327 1.000000 3
11331 1.000000 4
11335 1.000000 4
11338 1.000000 3
11341 1.000000 3
11345 1.000000 4
11349 1.000000 4
11353 1.000000 4
11357 1.000000 4
11361 1.000000 4
11365 -1.000000 4
11369 1.000000 4
11372 1.000000 3
11376 1.000000 4
11380 1.000000 4
11383 1.000000 3
11387 1.000000 4
11391 1.000000 4
11395 1.000000 4
11399 1.000000 4
11404 0.000000 5
11408 1.000000 4
11412 1.000000 4
11415 1.000000 3
11418 1.000000 3
11422 1.000000 4
11426 1.000000 4
11430 1.000000 4
11434 1.000000 4
11438 1.000000 4
11442 -1.000000 4
11446 1.000000 4
11450 1.000000 4
11454 -1.000000 4
11458 1.000000 4
11462 1.000000 4
11466 1.000000 4
11469 1.000000 3
11473 1.000000 4
11477 1.000000 4
11480 -1.000000 3
11484 1.000000 4
11488 1.000000 4
11492 1.000000 4
11496 1.000000 4
11500 1.000000 4
11504 1.000000 4
11508 1.000000 4
11513 0.000000 5
11517 1.000000 4
11521 1.000000 4
11524 -1.000000 3
11528 1.000000 4
11533 0.000000 5
11538 1.000000 5
11541 -1.000000 3
11545 1.000000 4
11549 1.000000 4
11552 1.000000 3
11556 1.000000 4
11559 -1.000000 3
11564 0.000000 5
11568 1.000000 4
11571 -1.000000 3
11575 -1.000000 4
11579 -1.000000 4
11583 1.000000 4
11587 1.000000 4
11591 1.000000 4
11595 1.000000 4
11599 1.000000 4
11603 1.000000 4
11607 1.000000 4
11610 1.000000 3
11613 1.000000 3
11616 1.000000 3
11620 1.000000 4
11623 -1.000000 3
11628 0.000000 5
11632 1.000000 4
11636 1.000000 4
11639 -1.000000 3
11643 1.000000 4
11647 1.000000 4
11651 1.000000 4
11656 0.000000 5
11660 1.000000 4
11664 1.000000 4
11668 1.000000 4
11671 -1.000000 3
11675 1.000000 4
11679 1.000000 4
11684 0.000000 5
11688 1.000000 4
11692 1.000000 4
11696 1.000000 4
11699 1.000000 3
11703 1.000000 4
11707 1.000000 4
11712 0.000000 5
11715 1.000000 3
11718 1.000000 3
11723 0.000000 5
11727 1.000000 4
11732 0.000000 5
11737 0.000000 5
11741 1.000000 4
11745 1.000000 4
11749 1.000000 4
11753 1.000000 4
11756 -1.000000 3
11759 1.000000 3
11763 1.000000 4
11767 1.000000 4
11771 -1.000000 4
11774 1.000000 3
11778 1.000000 4
11781 1.000000 3
11784 -1.000000 3
11788 1.000000 4
11792 -1.000000 4
11796 1.000000 4
11800 1.000000 4
11804 1.000000 4
11809 0.000000 5
11813 1.000000 4
11817 1.000000 4
11821 1.000000 4
11825 1.000000 4
11829 1.000000 4
11833 -1.000000 4
11837 1.000000 4
11841 1.000000 4
11845 1.000000 4
11849 1.000000 4
11853 1.000000 4
11856 1.000000 3
11860 1.000000 4
11863 -1.000000 3
11868 0.000000 5
11871 1.000000 3
11875 1.000000 4
11878 1.000000 3
11881 -1.000000 3
11885 1.000000 4
11889 1.000000 4
11892 1.000000 3
11896 1.000000 4
11900 1.000000 4
11904 -1.000000 4
11907 1.000000 3
11910 1.000000 3
11914 -1.000000 4
11918 1.000000 4
11921 1.000000 3
11925 1.000000 4
11929 1.000000 4
11933 1.000000 4
11937 1.000000 4
11941 1.000000 4
11945 1.000000 4
11949 1.000000 4
11953 1.000000 4
11956 1.000000 3
11960 1.000000 4
11964 1.000000 4
11968 -1.000000 4
11971 1.000000 3
11974 -1.000000 3
11977 -1.000000 3
11980 1.000000 3
11984 1.000000 4
11988 1.000000 4
11992 1.000000 4
11996 1.000000 4
12000 -1.000000 4
12004 1.000000 4
12008 1.000000 4
12012 1.000000 4
12016 1.000000 4
12021 0.000000 5
12025 1.000000 4
12029 1.000000 4
12033 1.000000 4
12037 1.000000 4
12042 0.000000 5
12046 1.000000 4
12049 1.000000 3
12053 1.000000 4
12057 1.000000 4
12061 1.000000 4
12065 1.000000 4
12069 1.000000 4
12072 1.000000 3
12075 1.000000 3
12080 0.000000 5
12085 1.000000 5
12090 0.000000 5
12093 1.000000 3
12096 -1.000000 3
12100 1.000000 4
12103 1.000000 3
12107 1.000000 4
12111 1.000000 4
12115 1.000000 4
12119 1.000000 4
12123 -1.000000 4
12127 1.000000 4
12131 1.000000 4
12135 1.000000 4
12139 1.000000 4
12144 0.000000 5
12148 1.000000 4
12153 0.000000 5
12156 -1.000000 3
12161 0.000000 5
12164 1.000000 3
12167 1.000000 3
12170 1.000000 3
12174 1.000000 4
12177 -1.000000 3
12182 0.000000 5
12185 -1.000000 3
12189 1.000000 4
12194 0.000000 5
12197 -1.000000 3
12201 1.000000 4
12205 1.000000 4
12209 1.000000 4
12213 1.000000 4
12217 1.000000 4
12220 -1.000000 3
12224 1.000000 4
12228 1.000000 4
12231 1.000000 3
12234 1.000000 3
12238 1.000000 4
12242 1.000000 4
12245 1.000000 3
12250 0.000000 5
12254 1.000000 4
12257 -1.000000 3
12260 1.000000 3
12264 1.000000 4
12268 1.000000 4
12272 1.000000 4
12275 1.000000 3
12279 1.000000 4
12282 1.000000 3
12286 -1.000000 4
12290 1.000000 4
12294 1.000000 4
12298 1.000000 4
12301 1.000000 3
12305 1.000000 4
12309 1.000000 4
12313 1.000000 4
12316 1.000000 3
12320 1.000000 4
12324 1.000000 4
12328 1.000000 4
12332 1.000000 4
12336 1.000000 4
12339 1.000000 3
12343 1.000000 4
12346 1.000000 3
12350 1.000000 4
12354 1.000000 4
12359 0.000000 5
12362 1.000000 3
12365 1.000000 3
12369 1.000000 4
12372 1.000000 3
12376 1.000000 4
12380 1.000000 4
12384 1.000000 4
12388 1.000000 4
12392 1.000000 4
12396 1.000000 4
12399 1.000000 3
12404 0.000000 5
12408 1.000000 4
12412 1.000000 4
12416 1.000000 4
12420 1.000000 4
12424 1.000000 4
12428 1.000000 4
12432 1.000000 4
12436 1.000000 4
12440 -1.000000 4
12443 -1.000000 3
12447 1.000000 4
12450 1.000000 3
12454 1.000000 4
12458 1.000000 4
12462 1.000000 4
12466 1.000000 4
12470 1.000000 4
12474 1.000000 4
12478 1.000000 4
12481 1.000000 3
12485 -1.000000 4
12489 1.000000 4
12493 1.000000 4
12497 1.000000 4
12501 1.000000 4
12505 1.000000 4
12510 0.000000 5
12514 1.000000 4
12518 1.000000 4
12522 1.000000 4
12527 0.000000 5
12531 1.000000 4
12535 1.000000 4
12538 1.000000 3
12542 1.000000 4
12546 1.000000 4
12550 1.000000 4
12554 1.000000 4
12558 1.000000 4
12562 1.000000 4
12565 1.000000 3
12569 1.000000 4
12573 1.000000 4
12576 1.000000 3
12579 1.000000 3
12583 1.000000 4
12587 1.000000 4
12591 1.000000 4
12595 1.000000 4
12599 1.000000 4
12603 1.000000 4
12607 -1.000000 4
12611 1.000000 4
12615 1.000000 4
12619 -1.000000 4
12623 1.000000 4
12628 0.000000 5
12632 1.000000 4
12637 0.000000 5
12641 1.000000 4
12645 1.000000 4
12649 1.000000 4
12653 1.000000 4
12656 1.000000 3
12659 1.000000 3
12662 1.000000 3
12665 1.000000 3
12669 1.000000 4
12672 1.000000 3
12675 -1.000000 3
12679 1.000000 4
12682 1.000000 3
12686 1.000000 4
12691 1.000000 5
12695 1.000000 4
12699 1.000000 4
12702 1.000000 3
12706 1.000000 4
12710 1.000000 4
12714 -1.000000 4
12718 1.000000 4
12722 1.000000 4
12726 1.000000 4
12730 1.000000 4
12734 1.000000 4
12738 1.000000 4
12743 0.000000 5
12747 1.000000 4
12751 -1.000000 4
12754 1.000000 3
12757 -1.000000 3
12761 1.000000 4
12764 1.000000 3
12768 1.000000 4
12772 -1.000000 4
12776 1.000000 4
12780 1.000000 4
12784 1.000000 4
12788 1.000000 4
12793 0.000000 5
12796 -1.000000 3
12800 1.000000 4
12804 1.000000 4
12809 0.000000 5
12813 1.000000 4
12818 0.000000 5
12821 1.000000 3
12825 1.000000 4
12829 1.000000 4
12833 1.000000 4
12838 0.000000 5
12842 1.000000 4
12846 1.000000 4
12850 1.000000 4
12854 1.000000 4
12858 1.000000 4
12862 -1.000000 4
12866 1.000000 4
12870 1.000000 4
12874 1.000000 4
12877 1.000000 3
12881 1.000000 4
12885 1.000000 4
12889 1.000000 4
12893 1.000000 4
12897 1.000000 4
12901 1.000000 4
12904 1.000000 3
12908 1.000000 4
12911 1.000000 3
12915 1.000000 4
12919 1.000000 4
12923 1.000000 4
12927 1.000000 4
12931 1.000000 4
12934 1.000000 3
12939 0.000000 5
12943 1.000000 4
12947 1.000000 4
12952 0.000000 5
12955 -1.000000 3
12959 1.000000 4
12963 1.000000 4
12967 1.000000 4
12971 1.000000 4
12975 1.000000 4
12980 0.000000 5
12984 1.000000 4
12988 -1.000000 4
12992 1.000000 4
12996 1.000000 4
12999 1.000000 3
13003 1.000000 4
13007 1.000000 4
