4 -1.000000 4
8 1.000000 4
11 -1.000000 3
14 -1.000000 3
19 0.000000 5
24 0.000000 5
28 -1.000000 4
33 0.000000 5
37 1.000000 4
42 1.000000 5
46 -1.000000 4
50 -1.000000 4
53 1.000000 3
57 -1.000000 4
60 -1.000000 3
65 1.000000 5
70 0.000000 5
74 1.000000 4
79 1.000000 5
83 1.000000 4
88 0.000000 5
91 1.000000 3
94 1.000000 3
98 1.000000 4
102 1.000000 4
107 1.000000 5
111 1.000000 4
114 -1.000000 3
118 1.000000 4
121 1.000000 3
125 -1.000000 4
130 1.000000 5
134 1.000000 4
139 1.000000 5
143 1.000000 4
147 -1.000000 4
151 1.000000 4
156 0.000000 5
160 1.000000 4
164 1.000000 4
168 -1.000000 4
173 1.000000 5
177 -1.000000 4
181 -1.000000 4
185 1.000000 4
189 1.000000 4
194 0.000000 5
199 1.000000 5
203 -1.000000 4
208 1.000000 5
213 1.000000 5
218 1.000000 5
222 1.000000 4
226 -1.000000 4
231 1.000000 5
236 0.000000 5
241 1.000000 5
245 -1.000000 4
248 1.000000 3
252 1.000000 4
256 1.000000 4
260 -1.000000 4
265 1.000000 5
268 1.000000 3
273 1.000000 5
277 1.000000 4
281 1.000000 4
286 0.000000 5
289 1.000000 3
294 0.000000 5
298 -1.000000 4
301 1.000000 3
305 -1.000000 4
310 1.000000 5
314 1.000000 4
317 1.000000 3
321 1.000000 4
325 1.000000 4
329 -1.000000 4
333 1.000000 4
337 1.000000 4
340 1.000000 3
345 1.000000 5
349 -1.000000 4
354 1.000000 5
357 -1.000000 3
362 1.000000 5
365 1.000000 3
370 1.000000 5
374 -1.000000 4
378 1.000000 4
383 1.000000 5
386 -1.000000 3
391 1.000000 5
396 1.000000 5
399 -1.000000 3
403 1.000000 4
407 -1.000000 4
411 -1.000000 4
414 1.000000 3
419 1.000000 5
424 0.000000 5
428 -1.000000 4
432 -1.000000 4
437 1.000000 5
442 1.000000 5
446 1.000000 4
451 0.000000 5
454 1.000000 3
457 -1.000000 3
461 -1.000000 4
466 0.000000 5
470 -1.000000 4
473 1.000000 3
478 0.000000 5
481 1.000000 3
485 -1.000000 4
489 1.000000 4
494 1.000000 5
499 0.000000 5
502 1.000000 3
507 1.000000 5
510 1.000000 3
515 0.000000 5
519 1.000000 4
522 1.000000 3
526 1.000000 4
531 1.000000 5
536 0.000000 5
541 1.000000 5
545 -1.000000 4
549 -1.000000 4
553 1.000000 4
556 -1.000000 3
561 1.000000 5
566 1.000000 5
570 1.000000 4
574 -1.000000 4
577 1.000000 3
582 1.000000 5
587 1.000000 5
591 -1.000000 4
596 0.000000 5
599 1.000000 3
603 -1.000000 4
607 1.000000 4
612 1.000000 5
617 0.000000 5
621 1.000000 4
624 -1.000000 3
628 1.000000 4
633 0.000000 5
638 0.000000 5
643 0.000000 5
647 1.000000 4
651 -1.000000 4
654 -1.000000 3
659 0.000000 5
663 1.000000 4
667 -1.000000 4
670 1.000000 3
675 0.000000 5
680 1.000000 5
683 -1.000000 3
687 1.000000 4
691 1.000000 4
694 -1.000000 3
698 1.000000 4
702 1.000000 4
706 1.000000 4
709 -1.000000 3
712 1.000000 3
716 1.000000 4
720 1.000000 4
724 -1.000000 4
729 1.000000 5
733 -1.000000 4
738 1.000000 5
742 1.000000 4
745 1.000000 3
748 1.000000 3
751 1.000000 3
756 0.000000 5
760 -1.000000 4
764 1.000000 4
769 1.000000 5
772 -1.000000 3
776 -1.000000 4
781 0.000000 5
785 -1.000000 4
789 1.000000 4
794 0.000000 5
797 -1.000000 3
800 1.000000 3
805 1.000000 5
808 -1.000000 3
813 0.000000 5
816 1.000000 3
820 1.000000 4
824 -1.000000 4
829 1.000000 5
833 1.000000 4
838 1.000000 5
842 1.000000 4
845 1.000000 3
849 1.000000 4
852 -1.000000 3
856 1.000000 4
861 1.000000 5
866 1.000000 5
869 1.000000 3
874 1.000000 5
879 1.000000 5
883 -1.000000 4
887 -1.000000 4
890 -1.000000 3
893 1.000000 3
897 1.000000 4
902 0.000000 5
907 1.000000 5
910 -1.000000 3
914 1.000000 4
918 1.000000 4
922 1.000000 4
927 1.000000 5
932 1.000000 5
935 -1.000000 3
940 1.000000 5
944 1.000000 4
948 -1.000000 4
952 -1.000000 4
956 1.000000 4
961 1.000000 5
966 0.000000 5
969 -1.000000 3
973 -1.000000 4
978 1.000000 5
982 1.000000 4
986 1.000000 4
990 -1.000000 4
994 1.000000 4
998 -1.000000 4
1003 0.000000 5
1008 1.000000 5
1013 1.000000 5
1016 1.000000 3
1020 1.000000 4
1023 1.000000 3
1027 1.000000 4
1030 -1.000000 3
1034 1.000000 4
1038 -1.000000 4
1042 -1.000000 4
1046 1.000000 4
1050 1.000000 4
1054 -1.000000 4
1058 -1.000000 4
1062 1.000000 4
1067 1.000000 5
1070 1.000000 3
1074 1.000000 4
1078 -1.000000 4
1083 0.000000 5
1087 -1.000000 4
1091 1.000000 4
1096 1.000000 5
1100 1.000000 4
1105 1.000000 5
1109 1.000000 4
1113 -1.000000 4
1118 1.000000 5
1123 1.000000 5
1127 1.000000 4
1132 1.000000 5
1136 1.000000 4
1141 0.000000 5
1144 1.000000 3
1149 1.000000 5
1153 1.000000 4
1156 1.000000 3
1160 1.000000 4
1165 0.000000 5
1169 -1.000000 4
1174 0.000000 5
1177 -1.000000 3
1182 0.000000 5
1187 0.000000 5
1190 -1.000000 3
1194 1.000000 4
1197 -1.000000 3
1202 1.000000 5
1206 1.000000 4
1210 -1.000000 4
1215 1.000000 5
1220 0.000000 5
1224 1.000000 4
1228 -1.000000 4
1233 1.000000 5
1238 1.000000 5
1242 -1.000000 4
1246 1.000000 4
1250 1.000000 4
1254 1.000000 4
1258 1.000000 4
1262 -1.000000 4
1266 -1.000000 4
1269 1.000000 3
1273 -1.000000 4
1276 -1.000000 3
1281 1.000000 5
1285 -1.000000 4
1288 1.000000 3
1292 1.000000 4
1296 -1.000000 4
1301 0.000000 5
1304 -1.000000 3
1307 1.000000 3
1311 -1.000000 4
1314 1.000000 3
1318 1.000000 4
1322 1.000000 4
1325 1.000000 3
1328 1.000000 3
1332 1.000000 4
1336 1.000000 4
1340 1.000000 4
1344 1.000000 4
1348 -1.000000 4
1353 1.000000 5
1357 1.000000 4
1361 -1.000000 4
1366 0.000000 5
1371 1.000000 5
1376 1.000000 5
1381 0.000000 5
1386 0.000000 5
1390 1.000000 4
1394 1.000000 4
1397 1.000000 3
1401 1.000000 4
1405 1.000000 4
1409 1.000000 4
1413 -1.000000 4
1417 1.000000 4
1420 -1.000000 3
1424 -1.000000 4
1429 1.000000 5
1432 1.000000 3
1436 -1.000000 4
1440 1.000000 4
1445 1.000000 5
1450 0.000000 5
1455 1.000000 5
1460 1.000000 5
1463 -1.000000 3
1467 -1.000000 4
1471 -1.000000 4
1474 -1.000000 3
1478 -1.000000 4
1482 1.000000 4
1485 1.000000 3
1489 1.000000 4
1494 0.000000 5
1498 1.000000 4
1503 1.000000 5
1507 -1.000000 4
1511 1.000000 4
1514 1.000000 3
1518 1.000000 4
1522 1.000000 4
1526 -1.000000 4
1531 1.000000 5
1536 1.000000 5
1540 1.000000 4
1545 1.000000 5
1549 -1.000000 4
1553 -1.000000 4
1557 1.000000 4
1560 -1.000000 3
1565 0.000000 5
1569 1.000000 4
1574 0.000000 5
1577 -1.000000 3
1581 -1.000000 4
1585 1.000000 4
1589 1.000000 4
1593 1.000000 4
1596 1.000000 3
1599 1.000000 3
1603 1.000000 4
1607 -1.000000 4
1612 0.000000 5
1617 1.000000 5
1622 1.000000 5
1625 1.000000 3
1630 0.000000 5
1634 -1.000000 4
1637 1.000000 3
1641 1.000000 4
1646 1.000000 5
1651 1.000000 5
1655 -1.000000 4
1658 -1.000000 3
1661 1.000000 3
1666 1.000000 5
1670 -1.000000 4
1675 1.000000 5
1678 -1.000000 3
1683 0.000000 5
1687 -1.000000 4
1692 0.000000 5
1696 -1.000000 4
1699 -1.000000 3
1703 1.000000 4
1707 1.000000 4
1712 1.000000 5
1717 1.000000 5
1721 1.000000 4
1725 -1.000000 4
1730 0.000000 5
1734 1.000000 4
1739 0.000000 5
1743 1.000000 4
1747 1.000000 4
1752 0.000000 5
1756 1.000000 4
1761 1.000000 5
1765 -1.000000 4
1768 -1.000000 3
1771 1.000000 3
1775 1.000000 4
1780 1.000000 5
1784 1.000000 4
1788 -1.000000 4
1792 1.000000 4
1796 1.000000 4
1800 1.000000 4
1804 -1.000000 4
1808 1.000000 4
1812 1.000000 4
1816 1.000000 4
1820 1.000000 4
1825 1.000000 5
1829 -1.000000 4
1832 1.000000 3
1836 1.000000 4
1841 1.000000 5
1846 1.000000 5
1849 -1.000000 3
1854 1.000000 5
1858 -1.000000 4
1861 1.000000 3
1865 1.000000 4
1870 0.000000 5
1875 0.000000 5
1879 -1.000000 4
1883 1.000000 4
1886 1.000000 3
1890 1.000000 4
1895 1.000000 5
1900 1.000000 5
1903 1.000000 3
1908 0.000000 5
1912 1.000000 4
1917 1.000000 5
1922 1.000000 5
1926 1.000000 4
1929 -1.000000 3
1933 1.000000 4
1938 1.000000 5
1942 -1.000000 4
1946 -1.000000 4
1950 -1.000000 4
1954 1.000000 4
1958 -1.000000 4
1963 1.000000 5
1966 1.000000 3
1970 1.000000 4
1974 -1.000000 4
1977 -1.000000 3
1981 1.000000 4
1986 1.000000 5
1990 1.000000 4
1994 -1.000000 4
1997 -1.000000 3
2001 1.000000 4
2006 1.000000 5
2009 1.000000 3
2014 1.000000 5
2018 1.000000 4
2022 -1.000000 4
2027 1.000000 5
2031 -1.000000 4
2036 1.000000 5
2041 1.000000 5
2046 1.000000 5
2051 0.000000 5
2056 1.000000 5
2060 -1.000000 4
2064 -1.000000 4
2068 1.000000 4
2071 1.000000 3
2074 1.000000 3
2078 -1.000000 4
2082 1.000000 4
2085 1.000000 3
2089 1.000000 4
2093 1.000000 4
2098 0.000000 5
2103 0.000000 5
2107 1.000000 4
2110 -1.000000 3
2114 1.000000 4
2119 1.000000 5
2124 1.000000 5
2128 -1.000000 4
2132 -1.000000 4
2135 -1.000000 3
2139 1.000000 4
2143 1.000000 4
2147 1.000000 4
2151 1.000000 4
2154 -1.000000 3
2159 0.000000 5
2163 -1.000000 4
2166 -1.000000 3
2170 1.000000 4
2175 1.000000 5
2180 1.000000 5
2185 1.000000 5
2188 1.000000 3
2192 -1.000000 4
2197 0.000000 5
2201 -1.000000 4
2206 0.000000 5
2209 1.000000 3
2213 1.000000 4
2218 1.000000 5
2222 1.000000 4
2227 0.000000 5
2231 1.000000 4
2236 1.000000 5
2241 0.000000 5
2244 1.000000 3
2249 1.000000 5
2254 0.000000 5
2257 1.000000 3
2262 1.000000 5
2265 -1.000000 3
2268 -1.000000 3
2273 1.000000 5
2277 1.000000 4
2281 1.000000 4
2285 1.000000 4
2290 1.000000 5
2294 1.000000 4
2298 1.000000 4
2301 -1.000000 3
2304 1.000000 3
2307 1.000000 3
2310 -1.000000 3
2313 1.000000 3
2317 1.000000 4
2320 1.000000 3
2324 1.000000 4
2329 1.000000 5
2333 1.000000 4
2336 1.000000 3
2340 1.000000 4
2344 1.000000 4
2348 -1.000000 4
2353 1.000000 5
2356 -1.000000 3
2361 0.000000 5
2365 1.000000 4
2369 1.000000 4
2373 1.000000 4
2377 1.000000 4
2381 -1.000000 4
2386 1.000000 5
2390 1.000000 4
2394 -1.000000 4
2399 0.000000 5
2403 -1.000000 4
2407 -1.000000 4
2412 1.000000 5
2415 1.000000 3
2419 -1.000000 4
2422 1.000000 3
2427 1.000000 5
2432 0.000000 5
2435 1.000000 3
2440 1.000000 5
2443 1.000000 3
2448 1.000000 5
2452 -1.000000 4
2456 -1.000000 4
2461 1.000000 5
2465 1.000000 4
2469 1.000000 4
2472 1.000000 3
2475 -1.000000 3
2479 -1.000000 4
2484 1.000000 5
2488 -1.000000 4
2492 1.000000 4
2496 1.000000 4
2499 1.000000 3
2503 -1.000000 4
2506 -1.000000 3
2509 1.000000 3
2513 1.000000 4
2517 -1.000000 4
2521 -1.000000 4
2526 1.000000 5
2530 1.000000 4
2534 1.000000 4
2539 1.000000 5
2544 1.000000 5
2549 1.000000 5
2553 1.000000 4
2556 -1.000000 3
2560 -1.000000 4
2565 0.000000 5
2569 1.000000 4
2573 -1.000000 4
2577 1.000000 4
2580 1.000000 3
2584 1.000000 4
2589 1.000000 5
2594 1.000000 5
2598 -1.000000 4
2603 1.000000 5
2607 1.000000 4
2612 1.000000 5
2617 1.000000 5
2621 -1.000000 4
2626 1.000000 5
2631 1.000000 5
2635 1.000000 4
2639 1.000000 4
2644 1.000000 5
2649 1.000000 5
2654 1.000000 5
2658 1.000000 4
2663 1.000000 5
2668 0.000000 5
2673 1.000000 5
2677 1.000000 4
2682 0.000000 5
2686 1.000000 4
2691 0.000000 5
2695 1.000000 4
2698 1.000000 3
2702 -1.000000 4
2705 1.000000 3
2709 -1.000000 4
2712 1.000000 3
2716 -1.000000 4
2719 -1.000000 3
2723 -1.000000 4
2728 1.000000 5
2731 -1.000000 3
2735 -1.000000 4
2738 -1.000000 3
2741 1.000000 3
2744 1.000000 3
2748 1.000000 4
2751 1.000000 3
2756 1.000000 5
2760 -1.000000 4
2765 1.000000 5
2770 1.000000 5
2774 1.000000 4
2779 1.000000 5
2783 1.000000 4
2787 1.000000 4
2791 1.000000 4
2795 1.000000 4
2799 1.000000 4
2804 0.000000 5
2808 -1.000000 4
2812 1.000000 4
2816 -1.000000 4
2820 -1.000000 4
2825 1.000000 5
2829 1.000000 4
2834 1.000000 5
2838 1.000000 4
2843 0.000000 5
2847 1.000000 4
2851 1.000000 4
2855 -1.000000 4
2859 1.000000 4
2863 -1.000000 4
2866 1.000000 3
2870 1.000000 4
2874 -1.000000 4
2878 1.000000 4
2883 1.000000 5
2887 -1.000000 4
2890 -1.000000 3
2894 -1.000000 4
2897 1.000000 3
2901 1.000000 4
2904 -1.000000 3
2908 -1.000000 4
2911 -1.000000 3
2914 1.000000 3
2918 1.000000 4
2922 -1.000000 4
2926 -1.000000 4
2931 0.000000 5
2935 1.000000 4
2939 -1.000000 4
2944 0.000000 5
2948 1.000000 4
2952 1.000000 4
2957 1.000000 5
2961 1.000000 4
2964 1.000000 3
2968 -1.000000 4
2972 -1.000000 4
2975 1.000000 3
2979 1.000000 4
2983 1.000000 4
2988 0.000000 5
2993 1.000000 5
2996 1.000000 3
2999 -1.000000 3
3004 0.000000 5
3009 1.000000 5
3013 -1.000000 4
3018 1.000000 5
3022 -1.000000 4
3025 -1.000000 3
3030 1.000000 5
3034 -1.000000 4
3039 1.000000 5
3043 1.000000 4
3046 1.000000 3
3049 1.000000 3
3053 -1.000000 4
3058 1.000000 5
3061 1.000000 3
3065 1.000000 4
3069 1.000000 4
3073 1.000000 4
3076 -1.000000 3
3079 -1.000000 3
3083 1.000000 4
3086 -1.000000 3
3090 -1.000000 4
3095 1.000000 5
3100 1.000000 5
3104 -1.000000 4
3109 1.000000 5
3113 1.000000 4
3117 -1.000000 4
3122 1.000000 5
3127 1.000000 5
3131 -1.000000 4
3135 1.000000 4
3138 -1.000000 3
3142 -1.000000 4
3146 1.000000 4
3149 1.000000 3
3153 1.000000 4
3157 -1.000000 4
3161 -1.000000 4
3164 1.000000 3
3169 0.000000 5
3174 0.000000 5
3178 1.000000 4
3181 1.000000 3
3186 0.000000 5
3190 1.000000 4
3195 1.000000 5
3199 1.000000 4
3202 -1.000000 3
3207 0.000000 5
3211 -1.000000 4
3216 1.000000 5
3220 1.000000 4
3224 1.000000 4
3227 1.000000 3
3231 -1.000000 4
3235 1.000000 4
3239 1.000000 4
3243 -1.000000 4
3248 0.000000 5
3252 1.000000 4
3255 -1.000000 3
3259 -1.000000 4
3264 1.000000 5
3269 1.000000 5
3273 -1.000000 4
3277 1.000000 4
3281 1.000000 4
3286 1.000000 5
3289 -1.000000 3
3292 1.000000 3
3296 1.000000 4
3300 -1.000000 4
3305 0.000000 5
3310 1.000000 5
3313 1.000000 3
3316 -1.000000 3
3321 0.000000 5
3326 0.000000 5
3329 -1.000000 3
3332 1.000000 3
3337 0.000000 5
3341 -1.000000 4
3346 1.000000 5
3350 1.000000 4
3355 0.000000 5
3360 1.000000 5
3365 1.000000 5
3368 -1.000000 3
3371 -1.000000 3
3375 1.000000 4
3380 0.000000 5
3385 1.000000 5
3389 -1.000000 4
3393 1.000000 4
3397 -1.000000 4
3401 -1.000000 4
3406 1.000000 5
3410 1.000000 4
3415 0.000000 5
3419 1.000000 4
3423 1.000000 4
3427 -1.000000 4
3430 1.000000 3
3433 1.000000 3
3437 1.000000 4
3442 1.000000 5
3446 -1.000000 4
3451 1.000000 5
3455 1.000000 4
3460 1.000000 5
3464 -1.000000 4
3467 1.000000 3
3472 1.000000 5
3476 1.000000 4
3480 -1.000000 4
3485 1.000000 5
3488 1.000000 3
3493 1.000000 5
3497 1.000000 4
3501 -1.000000 4
3505 1.000000 4
3510 0.000000 5
3515 1.000000 5
3520 1.000000 5
3525 1.000000 5
3529 1.000000 4
3534 1.000000 5
3539 1.000000 5
3542 -1.000000 3
3545 1.000000 3
3550 1.000000 5
3553 1.000000 3
3558 1.000000 5
3563 1.000000 5
3568 1.000000 5
3573 1.000000 5
3577 1.000000 4
3581 -1.000000 4
3586 1.000000 5
3590 -1.000000 4
3594 -1.000000 4
3598 -1.000000 4
3603 0.000000 5
3606 -1.000000 3
3610 -1.000000 4
3615 1.000000 5
3619 -1.000000 4
3622 1.000000 3
3626 -1.000000 4
3631 0.000000 5
3634 1.000000 3
3638 1.000000 4
3641 1.000000 3
3645 1.000000 4
3649 -1.000000 4
3654 1.000000 5
3657 1.000000 3
3662 1.000000 5
3667 1.000000 5
3671 1.000000 4
3676 1.000000 5
3681 1.000000 5
3685 -1.000000 4
3688 1.000000 3
3691 -1.000000 3
3695 1.000000 4
3698 1.000000 3
3702 -1.000000 4
3706 1.000000 4
3711 1.000000 5
3716 0.000000 5
3720 1.000000 4
3725 0.000000 5
3730 1.000000 5
3734 1.000000 4
3739 1.000000 5
3744 0.000000 5
3749 1.000000 5
3752 -1.000000 3
3755 1.000000 3
3758 1.000000 3
3763 1.000000 5
3768 0.000000 5
3772 1.000000 4
3776 1.000000 4
3779 -1.000000 3
3782 1.000000 3
3786 1.000000 4
3790 1.000000 4
3795 0.000000 5
3799 -1.000000 4
3804 1.000000 5
3808 1.000000 4
3812 -1.000000 4
3816 1.000000 4
3819 1.000000 3
3823 1.000000 4
3827 1.000000 4
3832 1.000000 5
3836 1.000000 4
3840 1.000000 4
3844 1.000000 4
3848 -1.000000 4
3851 -1.000000 3
3855 1.000000 4
3859 -1.000000 4
3863 1.000000 4
3867 -1.000000 4
3871 1.000000 4
3876 1.000000 5
3880 1.000000 4
3885 1.000000 5
3888 -1.000000 3
3893 0.000000 5
3897 -1.000000 4
3902 1.000000 5
3906 1.000000 4
3911 0.000000 5
3915 1.000000 4
3919 -1.000000 4
3923 -1.000000 4
3928 0.000000 5
3932 1.000000 4
3936 1.000000 4
3939 1.000000 3
3943 1.000000 4
3947 1.000000 4
3950 1.000000 3
3954 -1.000000 4
3958 1.000000 4
3962 -1.000000 4
3967 1.000000 5
3971 1.000000 4
3975 -1.000000 4
3978 1.000000 3
3982 -1.000000 4
3987 1.000000 5
3991 -1.000000 4
3996 1.000000 5
4001 1.000000 5
4005 1.000000 4
4010 0.000000 5
4014 1.000000 4
4019 0.000000 5
4024 1.000000 5
4028 1.000000 4
4032 1.000000 4
4037 0.000000 5
4042 0.000000 5
4045 -1.000000 3
4049 1.000000 4
4052 1.000000 3
4056 1.000000 4
4059 -1.000000 3
4063 -1.000000 4
4067 1.000000 4
4072 1.000000 5
4076 1.000000 4
4080 1.000000 4
4083 -1.000000 3
4086 1.000000 3
4091 0.000000 5
4095 1.000000 4
4099 1.000000 4
4103 1.000000 4
4106 -1.000000 3
4110 1.000000 4
4114 -1.000000 4
4118 -1.000000 4
4123 1.000000 5
4127 -1.000000 4
4132 1.000000 5
4136 -1.000000 4
4141 1.000000 5
4144 1.000000 3
4149 1.000000 5
4153 -1.000000 4
4156 1.000000 3
4161 0.000000 5
4166 1.000000 5
4171 0.000000 5
4176 0.000000 5
4180 1.000000 4
4184 -1.000000 4
4189 1.000000 5
4193 1.000000 4
4197 -1.000000 4
4201 -1.000000 4
4204 1.000000 3
4207 -1.000000 3
4212 1.000000 5
4217 1.000000 5
4221 -1.000000 4
4224 1.000000 3
4229 1.000000 5
4233 1.000000 4
4237 -1.000000 4
4242 1.000000 5
4245 -1.000000 3
4249 1.000000 4
4252 -1.000000 3
4256 1.000000 4
4260 1.000000 4
4263 -1.000000 3
4267 -1.000000 4
4271 1.000000 4
4275 1.000000 4
4280 1.000000 5
4283 -1.000000 3
4287 1.000000 4
4291 1.000000 4
4296 0.000000 5
4301 1.000000 5
4306 1.000000 5
4309 -1.000000 3
4312 -1.000000 3
4315 1.000000 3
4319 -1.000000 4
4324 0.000000 5
4328 1.000000 4
4331 -1.000000 3
4336 1.000000 5
4340 -1.000000 4
4344 1.000000 4
4348 -1.000000 4
4353 0.000000 5
4358 1.000000 5
4363 1.000000 5
4367 1.000000 4
4370 -1.000000 3
4375 1.000000 5
4379 -1.000000 4
4383 1.000000 4
4387 1.000000 4
4391 1.000000 4
4396 1.000000 5
4400 1.000000 4
4404 1.000000 4
4409 0.000000 5
4413 -1.000000 4
4417 1.000000 4
4422 0.000000 5
4425 1.000000 3
4429 1.000000 4
4432 1.000000 3
4437 1.000000 5
4441 -1.000000 4
4445 1.000000 4
4450 1.000000 5
4454 1.000000 4
4457 -1.000000 3
4460 -1.000000 3
4464 1.000000 4
4468 1.000000 4
4473 0.000000 5
4477 1.000000 4
4482 0.000000 5
4485 -1.000000 3
4489 -1.000000 4
4493 1.000000 4
4496 1.000000 3
4501 0.000000 5
4505 1.000000 4
4509 -1.000000 4
4512 1.000000 3
4515 1.000000 3
4520 1.000000 5
4523 -1.000000 3
4528 1.000000 5
4532 -1.000000 4
4535 1.000000 3
4539 1.000000 4
4542 1.000000 3
4546 1.000000 4
4550 1.000000 4
4555 0.000000 5
4558 1.000000 3
4563 1.000000 5
4568 1.000000 5
4573 0.000000 5
4577 -1.000000 4
4580 -1.000000 3
4584 1.000000 4
4587 1.000000 3
4591 -1.000000 4
4596 1.000000 5
4600 1.000000 4
4604 -1.000000 4
4608 1.000000 4
4612 1.000000 4
4616 -1.000000 4
4620 1.000000 4
4623 1.000000 3
4627 1.000000 4
4631 1.000000 4
4635 -1.000000 4
4639 1.000000 4
4643 -1.000000 4
4647 -1.000000 4
4650 1.000000 3
4655 1.000000 5
4660 0.000000 5
4664 1.000000 4
4668 1.000000 4
4673 0.000000 5
4678 0.000000 5
4683 1.000000 5
4688 1.000000 5
4692 -1.000000 4
4696 -1.000000 4
4699 -1.000000 3
4703 -1.000000 4
4707 1.000000 4
4711 -1.000000 4
4715 -1.000000 4
4719 1.000000 4
4724 0.000000 5
4727 -1.000000 3
4731 -1.000000 4
4735 -1.000000 4
4739 1.000000 4
4743 1.000000 4
4747 -1.000000 4
4752 0.000000 5
4756 1.000000 4
4761 0.000000 5
4765 -1.000000 4
4769 -1.000000 4
4772 1.000000 3
4776 1.000000 4
4781 0.000000 5
4785 -1.000000 4
4790 0.000000 5
4794 -1.000000 4
4798 1.000000 4
4803 1.000000 5
4808 1.000000 5
4813 1.000000 5
4818 1.000000 5
4823 1.000000 5
4826 1.000000 3
4829 -1.000000 3
4834 1.000000 5
4839 0.000000 5
4843 1.000000 4
4847 -1.000000 4
4852 1.000000 5
4855 -1.000000 3
4858 1.000000 3
4863 1.000000 5
4868 1.000000 5
4872 1.000000 4
4877 0.000000 5
4882 0.000000 5
4886 1.000000 4
4891 1.000000 5
4895 1.000000 4
4900 0.000000 5
4904 -1.000000 4
4909 1.000000 5
4913 1.000000 4
4918 1.000000 5
4921 1.000000 3
4926 1.000000 5
4931 1.000000 5
4934 1.000000 3
4938 1.000000 4
4943 1.000000 5
4947 -1.000000 4
4952 1.000000 5
4956 -1.000000 4
4960 1.000000 4
4964 1.000000 4
4968 1.000000 4
4973 0.000000 5
4977 -1.000000 4
4982 1.000000 5
4986 1.000000 4
4990 -1.000000 4
4995 1.000000 5
4998 -1.000000 3
5003 0.000000 5
5007 1.000000 4
5012 1.000000 5
5015 1.000000 3
5019 1.000000 4
5023 -1.000000 4
5027 -1.000000 4
5032 0.000000 5
5036 1.000000 4
5040 -1.000000 4
5044 1.000000 4
5049 1.000000 5
5053 1.000000 4
5057 -1.000000 4
5061 1.000000 4
5066 0.000000 5
5070 -1.000000 4
5074 1.000000 4
5079 1.000000 5
5084 0.000000 5
5088 1.000000 4
5091 1.000000 3
5095 1.000000 4
5100 1.000000 5
5105 1.000000 5
5109 1.000000 4
5114 1.000000 5
5117 1.000000 3
5122 1.000000 5
5127 0.000000 5
5130 1.000000 3
5133 -1.000000 3
5137 1.000000 4
5141 1.000000 4
5144 -1.000000 3
5149 1.000000 5
5153 1.000000 4
5158 1.000000 5
5162 -1.000000 4
5166 -1.000000 4
5170 -1.000000 4
5174 -1.000000 4
5179 1.000000 5
5183 1.000000 4
5187 1.000000 4
5192 0.000000 5
5196 1.000000 4
5200 1.000000 4
5204 -1.000000 4
5208 1.000000 4
5211 1.000000 3
5216 1.000000 5
5219 1.000000 3
5223 -1.000000 4
5227 1.000000 4
5232 0.000000 5
5236 1.000000 4
5241 1.000000 5
5244 1.000000 3
5249 1.000000 5
5252 -1.000000 3
5256 -1.000000 4
5260 1.000000 4
5264 1.000000 4
5269 1.000000 5
5274 0.000000 5
5279 1.000000 5
5283 -1.000000 4
5288 1.000000 5
5292 1.000000 4
5297 1.000000 5
5301 1.000000 4
5306 0.000000 5
5309 -1.000000 3
5313 1.000000 4
5318 0.000000 5
5322 1.000000 4
5326 -1.000000 4
5330 -1.000000 4
5334 1.000000 4
5338 -1.000000 4
5342 1.000000 4
5346 1.000000 4
5351 1.000000 5
5356 1.000000 5
5360 -1.000000 4
5363 -1.000000 3
5368 0.000000 5
5372 1.000000 4
5376 1.000000 4
5379 -1.000000 3
5382 1.000000 3
5387 1.000000 5
5391 -1.000000 4
5396 0.000000 5
5399 -1.000000 3
5403 1.000000 4
5408 1.000000 5
5413 0.000000 5
5418 1.000000 5
5422 1.000000 4
5427 0.000000 5
5431 -1.000000 4
5435 -1.000000 4
5440 1.000000 5
5444 -1.000000 4
5448 -1.000000 4
5451 1.000000 3
5455 1.000000 4
5458 1.000000 3
5463 1.000000 5
5466 1.000000 3
5471 0.000000 5
5475 1.000000 4
5478 -1.000000 3
5482 -1.000000 4
5486 -1.000000 4
5490 -1.000000 4
5495 0.000000 5
5499 -1.000000 4
5502 1.000000 3
5506 1.000000 4
5510 1.000000 4
5515 1.000000 5
5518 1.000000 3
5522 -1.000000 4
5525 -1.000000 3
5529 1.000000 4
5532 -1.000000 3
5535 -1.000000 3
5539 -1.000000 4
5544 1.000000 5
5549 1.000000 5
5553 1.000000 4
5558 1.000000 5
5563 0.000000 5
5566 1.000000 3
5570 1.000000 4
5573 1.000000 3
5577 -1.000000 4
5582 1.000000 5
5587 1.000000 5
5591 1.000000 4
5595 -1.000000 4
5599 1.000000 4
5603 1.000000 4
5606 -1.000000 3
5611 0.000000 5
5616 0.000000 5
5620 -1.000000 4
5623 1.000000 3
5626 1.000000 3
5631 1.000000 5
5635 1.000000 4
5639 1.000000 4
5644 0.000000 5
5647 1.000000 3
5651 1.000000 4
5655 1.000000 4
5660 1.000000 5
5665 0.000000 5
5669 1.000000 4
5673 1.000000 4
5678 1.000000 5
5682 -1.000000 4
5686 1.000000 4
5691 0.000000 5
5695 1.000000 4
5699 1.000000 4
5704 0.000000 5
5709 1.000000 5
5713 1.000000 4
5718 0.000000 5
5723 1.000000 5
5728 1.000000 5
5732 -1.000000 4
5737 0.000000 5
5740 -1.000000 3
5744 -1.000000 4
5748 1.000000 4
5752 1.000000 4
5757 1.000000 5
5761 -1.000000 4
5765 1.000000 4
5769 -1.000000 4
5773 1.000000 4
5778 0.000000 5
5781 -1.000000 3
5786 1.000000 5
5789 -1.000000 3
5794 1.000000 5
5798 -1.000000 4
5801 1.000000 3
5804 -1.000000 3
5808 -1.000000 4
5812 -1.000000 4
5817 1.000000 5
5821 1.000000 4
5826 1.000000 5
5830 -1.000000 4
5834 -1.000000 4
5837 1.000000 3
5841 1.000000 4
5844 -1.000000 3
5847 -1.000000 3
5852 0.000000 5
5857 1.000000 5
5861 1.000000 4
5866 1.000000 5
5870 1.000000 4
5874 1.000000 4
5879 1.000000 5
5883 1.000000 4
5887 1.000000 4
5891 1.000000 4
5895 1.000000 4
5899 1.000000 4
5902 -1.000000 3
5907 1.000000 5
5912 0.000000 5
5916 1.000000 4
5919 1.000000 3
5922 1.000000 3
5927 0.000000 5
5931 -1.000000 4
5936 1.000000 5
5941 0.000000 5
5945 1.000000 4
5950 1.000000 5
5955 0.000000 5
5958 -1.000000 3
5962 1.000000 4
5966 1.000000 4
5971 1.000000 5
5975 -1.000000 4
5979 1.000000 4
5983 1.000000 4
5987 1.000000 4
5991 1.000000 4
5995 -1.000000 4
5999 1.000000 4
6004 0.000000 5
6008 1.000000 4
6013 1.000000 5
6017 1.000000 4
6021 1.000000 4
6024 -1.000000 3
6028 1.000000 4
6033 1.000000 5
6037 -1.000000 4
6041 1.000000 4
6044 1.000000 3
6049 1.000000 5
6053 -1.000000 4
6058 0.000000 5
6062 1.000000 4
6067 1.000000 5
6072 1.000000 5
6076 -1.000000 4
6081 0.000000 5
6085 1.000000 4
6088 -1.000000 3
6092 1.000000 4
6097 1.000000 5
6102 1.000000 5
6106 -1.000000 4
6111 1.000000 5
6115 1.000000 4
6118 -1.000000 3
6122 -1.000000 4
6126 1.000000 4
6130 -1.000000 4
6135 0.000000 5
6140 1.000000 5
6144 1.000000 4
6148 1.000000 4
6152 -1.000000 4
6155 -1.000000 3
6160 1.000000 5
6165 1.000000 5
6168 -1.000000 3
6173 0.000000 5
6178 0.000000 5
6182 -1.000000 4
6186 -1.000000 4
6190 1.000000 4
6193 1.000000 3
6197 -1.000000 4
6201 1.000000 4
6205 -1.000000 4
6209 1.000000 4
6214 1.000000 5
6218 1.000000 4
6222 1.000000 4
6227 1.000000 5
6232 1.000000 5
6236 1.000000 4
6239 1.000000 3
6244 1.000000 5
6247 1.000000 3
6250 1.000000 3
6253 -1.000000 3
6257 -1.000000 4
6261 1.000000 4
6266 1.000000 5
6270 1.000000 4
6274 -1.000000 4
6278 -1.000000 4
6283 1.000000 5
6288 0.000000 5
6293 1.000000 5
6297 -1.000000 4
6302 1.000000 5
6305 -1.000000 3
6310 1.000000 5
6315 1.000000 5
6319 1.000000 4
6322 1.000000 3
6326 1.000000 4
6330 1.000000 4
6335 0.000000 5
6339 1.000000 4
6343 1.000000 4
6346 -1.000000 3
6350 1.000000 4
6354 1.000000 4
6358 1.000000 4
6362 1.000000 4
6366 1.000000 4
6370 1.000000 4
6375 1.000000 5
6378 1.000000 3
6382 -1.000000 4
6386 1.000000 4
6390 -1.000000 4
6393 1.000000 3
6398 1.000000 5
6402 -1.000000 4
6406 1.000000 4
6410 -1.000000 4
6414 -1.000000 4
6417 1.000000 3
6421 1.000000 4
6424 1.000000 3
6429 1.000000 5
6433 1.000000 4
6438 1.000000 5
6443 1.000000 5
6447 -1.000000 4
6452 1.000000 5
6457 0.000000 5
6461 -1.000000 4
6466 1.000000 5
6470 -1.000000 4
6474 -1.000000 4
6478 -1.000000 4
6482 -1.000000 4
6486 1.000000 4
6489 1.000000 3
6492 1.000000 3
6496 -1.000000 4
6501 0.000000 5
6506 1.000000 5
6509 1.000000 3
6512 1.000000 3
6516 1.000000 4
6519 -1.000000 3
6524 0.000000 5
6529 1.000000 5
6533 1.000000 4
6538 0.000000 5
6543 1.000000 5
6548 1.000000 5
6553 1.000000 5
6558 1.000000 5
6562 -1.000000 4
6566 1.000000 4
6570 -1.000000 4
6574 1.000000 4
6578 1.000000 4
6582 -1.000000 4
6585 -1.000000 3
6589 1.000000 4
6594 1.000000 5
6598 1.000000 4
6602 -1.000000 4
6605 1.000000 3
6609 1.000000 4
6613 -1.000000 4
6617 1.000000 4
6622 0.000000 5
6627 1.000000 5
6631 -1.000000 4
6635 -1.000000 4
6638 -1.000000 3
6642 1.000000 4
6647 1.000000 5
6650 -1.000000 3
6653 1.000000 3
6657 -1.000000 4
6662 0.000000 5
6667 0.000000 5
6671 1.000000 4
6675 1.000000 4
6679 1.000000 4
6683 1.000000 4
6687 1.000000 4
6691 1.000000 4
6695 -1.000000 4
6699 -1.000000 4
6703 -1.000000 4
6707 1.000000 4
6711 -1.000000 4
6716 1.000000 5
6720 -1.000000 4
6724 -1.000000 4
6729 0.000000 5
6734 0.000000 5
6737 1.000000 3
6742 0.000000 5
6746 -1.000000 4
6751 1.000000 5
6756 0.000000 5
6759 1.000000 3
6762 -1.000000 3
6766 1.000000 4
6769 1.000000 3
6772 1.000000 3
6776 -1.000000 4
6780 -1.000000 4
6784 1.000000 4
6789 0.000000 5
6793 1.000000 4
6797 1.000000 4
6801 1.000000 4
6806 1.000000 5
6811 0.000000 5
6816 1.000000 5
6820 1.000000 4
6824 1.000000 4
6827 1.000000 3
6830 -1.000000 3
6835 0.000000 5
6839 -1.000000 4
6843 1.000000 4
6847 1.000000 4
6850 1.000000 3
6854 1.000000 4
6859 1.000000 5
6862 1.000000 3
6866 1.000000 4
6870 -1.000000 4
6873 1.000000 3
6876 1.000000 3
6879 1.000000 3
6883 1.000000 4
6887 1.000000 4
6890 1.000000 3
6894 1.000000 4
6899 0.000000 5
6903 -1.000000 4
6907 -1.000000 4
6912 1.000000 5
6917 1.000000 5
6921 1.000000 4
6926 1.000000 5
6930 1.000000 4
6934 1.000000 4
6938 -1.000000 4
6941 -1.000000 3
6945 1.000000 4
6950 0.000000 5
6953 1.000000 3
6958 0.000000 5
6961 1.000000 3
6965 1.000000 4
6970 1.000000 5
6974 -1.000000 4
6977 -1.000000 3
6980 1.000000 3
6985 1.000000 5
6988 1.000000 3
6992 1.000000 4
6996 1.000000 4
7001 1.000000 5
7005 1.000000 4
7010 1.000000 5
7013 1.000000 3
7018 1.000000 5
7022 1.000000 4
7027 1.000000 5
7032 0.000000 5
7035 1.000000 3
7039 -1.000000 4
7044 1.000000 5
7049 1.000000 5
7053 -1.000000 4
7057 -1.000000 4
7061 1.000000 4
7065 1.000000 4
7069 1.000000 4
7074 1.000000 5
7078 -1.000000 4
7083 0.000000 5
7086 -1.000000 3
7090 1.000000 4
7095 1.000000 5
7099 1.000000 4
7103 1.000000 4
7108 1.000000 5
7112 1.000000 4
7116 1.000000 4
7120 -1.000000 4
7125 1.000000 5
7129 -1.000000 4
7134 1.000000 5
7139 1.000000 5
7143 -1.000000 4
7147 -1.000000 4
7151 1.000000 4
7155 1.000000 4
7159 -1.000000 4
7163 -1.000000 4
7166 1.000000 3
7170 -1.000000 4
7175 1.000000 5
7179 1.000000 4
7182 -1.000000 3
7186 -1.000000 4
7189 -1.000000 3
7194 1.000000 5
7199 0.000000 5
7202 1.000000 3
7206 1.000000 4
7210 1.000000 4
7215 0.000000 5
7220 1.000000 5
7224 -1.000000 4
7229 0.000000 5
7233 1.000000 4
7236 -1.000000 3
7240 -1.000000 4
7245 1.000000 5
7249 1.000000 4
7252 1.000000 3
7257 1.000000 5
7261 1.000000 4
7266 0.000000 5
7270 -1.000000 4
7274 1.000000 4
7279 1.000000 5
7283 1.000000 4
7288 1.000000 5
7293 1.000000 5
7297 1.000000 4
7302 0.000000 5
7305 -1.000000 3
7310 1.000000 5
7315 0.000000 5
7318 -1.000000 3
7321 -1.000000 3
7325 1.000000 4
7329 -1.000000 4
7333 1.000000 4
7337 1.000000 4
7342 0.000000 5
7346 -1.000000 4
7349 1.000000 3
7354 1.000000 5
7359 0.000000 5
7363 -1.000000 4
7367 -1.000000 4
7370 -1.000000 3
7374 -1.000000 4
7377 1.000000 3
7380 1.000000 3
7385 0.000000 5
7389 -1.000000 4
7392 1.000000 3
7397 0.000000 5
7400 -1.000000 3
7404 -1.000000 4
7409 1.000000 5
7414 1.000000 5
7418 1.000000 4
7421 1.000000 3
7425 1.000000 4
7428 -1.000000 3
7433 1.000000 5
7437 1.000000 4
7441 1.000000 4
7445 1.000000 4
7448 1.000000 3
7451 -1.000000 3
7455 1.000000 4
7458 -1.000000 3
7463 0.000000 5
7467 -1.000000 4
7471 1.000000 4
7475 1.000000 4
7478 -1.000000 3
7482 -1.000000 4
7487 1.000000 5
7492 1.000000 5
7497 1.000000 5
7500 1.000000 3
7505 1.000000 5
7508 1.000000 3
7512 -1.000000 4
7515 1.000000 3
7519 -1.000000 4
7523 -1.000000 4
7527 1.000000 4
7532 1.000000 5
7537 0.000000 5
7541 -1.000000 4
7546 1.000000 5
7551 1.000000 5
7555 1.000000 4
7559 1.000000 4
7563 -1.000000 4
7568 1.000000 5
7572 1.000000 4
7575 1.000000 3
7580 0.000000 5
7585 1.000000 5
7589 1.000000 4
7593 -1.000000 4
7597 1.000000 4
7601 1.000000 4
7605 1.000000 4
7610 1.000000 5
7615 0.000000 5
7619 1.000000 4
7623 1.000000 4
7626 -1.000000 3
7630 1.000000 4
7635 1.000000 5
7638 1.000000 3
7642 1.000000 4
7646 -1.000000 4
7650 1.000000 4
7654 -1.000000 4
7658 -1.000000 4
7663 0.000000 5
7666 -1.000000 3
7670 -1.000000 4
7675 1.000000 5
7678 1.000000 3
7683 0.000000 5
7686 -1.000000 3
7690 1.000000 4
7694 1.000000 4
7698 1.000000 4
7701 1.000000 3
7705 -1.000000 4
7709 1.000000 4
7713 1.000000 4
7717 1.000000 4
7722 1.000000 5
7725 -1.000000 3
7729 -1.000000 4
7733 -1.000000 4
7738 1.000000 5
7742 -1.000000 4
7747 1.000000 5
7751 1.000000 4
7754 -1.000000 3
7758 1.000000 4
7761 1.000000 3
7765 1.000000 4
7768 -1.000000 3
7772 -1.000000 4
7775 1.000000 3
7779 -1.000000 4
7783 1.000000 4
7787 1.000000 4
7790 1.000000 3
7795 0.000000 5
7800 0.000000 5
7805 1.000000 5
7809 1.000000 4
7813 -1.000000 4
7816 1.000000 3
7819 -1.000000 3
7823 -1.000000 4
7827 1.000000 4
7832 0.000000 5
7836 1.000000 4
7840 1.000000 4
7844 1.000000 4
7849 0.000000 5
7853 -1.000000 4
7856 1.000000 3
7861 1.000000 5
7865 1.000000 4
7868 1.000000 3
7873 1.000000 5
7876 -1.000000 3
7880 1.000000 4
7884 1.000000 4
7888 -1.000000 4
7892 -1.000000 4
7897 1.000000 5
7901 1.000000 4
7905 -1.000000 4
7910 0.000000 5
7914 1.000000 4
7919 0.000000 5
7923 1.000000 4
7928 1.000000 5
7932 1.000000 4
7935 1.000000 3
7940 1.000000 5
7945 1.000000 5
7950 1.000000 5
7954 -1.000000 4
7959 1.000000 5
7962 1.000000 3
7965 1.000000 3
7970 1.000000 5
7974 -1.000000 4
7979 0.000000 5
7984 1.000000 5
7989 0.000000 5
7993 -1.000000 4
7997 1.000000 4
8001 1.000000 4
8005 1.000000 4
8009 1.000000 4
8013 1.000000 4
8016 -1.000000 3
8019 -1.000000 3
8023 1.000000 4
8027 1.000000 4
8031 -1.000000 4
8034 -1.000000 3
8038 1.000000 4
8042 1.000000 4
8046 1.000000 4
8051 1.000000 5
8055 1.000000 4
8059 1.000000 4
8062 1.000000 3
8066 1.000000 4
8070 1.000000 4
8073 1.000000 3
8078 1.000000 5
8081 -1.000000 3
8084 1.000000 3
8088 -1.000000 4
8092 1.000000 4
8097 0.000000 5
8101 1.000000 4
8105 1.000000 4
8110 0.000000 5
8114 -1.000000 4
8119 1.000000 5
8122 1.000000 3
8127 1.000000 5
8130 1.000000 3
8134 -1.000000 4
8138 -1.000000 4
8141 -1.000000 3
8145 1.000000 4
8150 0.000000 5
8154 1.000000 4
8159 0.000000 5
8164 0.000000 5
8168 -1.000000 4
8171 1.000000 3
8174 1.000000 3
8179 1.000000 5
8183 1.000000 4
8187 1.000000 4
8191 -1.000000 4
8194 -1.000000 3
8198 -1.000000 4
8202 -1.000000 4
8206 1.000000 4
8210 -1.000000 4
8215 1.000000 5
8219 1.000000 4
8222 -1.000000 3
8225 -1.000000 3
8230 1.000000 5
8233 1.000000 3
8237 1.000000 4
8241 -1.000000 4
8245 1.000000 4
8249 -1.000000 4
8254 1.000000 5
8259 1.000000 5
8262 1.000000 3
8267 1.000000 5
8271 1.000000 4
8276 0.000000 5
8280 1.000000 4
8284 1.000000 4
8287 1.000000 3
8291 -1.000000 4
8295 1.000000 4
8299 -1.000000 4
8304 0.000000 5
8309 1.000000 5
8314 1.000000 5
8317 -1.000000 3
8321 1.000000 4
8325 1.000000 4
8330 1.000000 5
8335 1.000000 5
8340 1.000000 5
8343 1.000000 3
8347 1.000000 4
8351 -1.000000 4
8354 1.000000 3
8358 1.000000 4
8362 -1.000000 4
8365 -1.000000 3
8369 -1.000000 4
8373 -1.000000 4
8376 1.000000 3
8380 -1.000000 4
8385 1.000000 5
8390 1.000000 5
8394 1.000000 4
8398 -1.000000 4
8402 -1.000000 4
8405 -1.000000 3
8408 1.000000 3
8411 -1.000000 3
8416 1.000000 5
8419 -1.000000 3
8423 1.000000 4
8427 1.000000 4
8432 0.000000 5
8437 0.000000 5
8441 -1.000000 4
8445 -1.000000 4
8449 -1.000000 4
8453 1.000000 4
8458 0.000000 5
8462 -1.000000 4
8466 1.000000 4
8471 0.000000 5
8475 1.000000 4
8480 0.000000 5
8484 -1.000000 4
8487 -1.000000 3
8491 1.000000 4
8495 -1.000000 4
8498 1.000000 3
8503 0.000000 5
8508 1.000000 5
8513 1.000000 5
8516 -1.000000 3
8520 -1.000000 4
8525 1.000000 5
8530 0.000000 5
8534 1.000000 4
8538 1.000000 4
8541 -1.000000 3
8545 -1.000000 4
8549 -1.000000 4
8554 1.000000 5
8558 1.000000 4
8562 -1.000000 4
8566 1.000000 4
8570 -1.000000 4
8574 1.000000 4
8577 -1.000000 3
8580 1.000000 3
8583 -1.000000 3
8587 1.000000 4
8592 1.000000 5
8596 -1.000000 4
8601 1.000000 5
8606 1.000000 5
8611 0.000000 5
8616 1.000000 5
8620 1.000000 4
8624 -1.000000 4
8628 1.000000 4
8631 -1.000000 3
8634 1.000000 3
8637 1.000000 3
8641 1.000000 4
8645 1.000000 4
8649 1.000000 4
8654 1.000000 5
8659 1.000000 5
8662 -1.000000 3
8666 1.000000 4
8670 1.000000 4
8673 -1.000000 3
8677 1.000000 4
8681 1.000000 4
8686 1.000000 5
8689 1.000000 3
8693 1.000000 4
8698 1.000000 5
8702 1.000000 4
8706 -1.000000 4
8710 1.000000 4
8713 -1.000000 3
8718 1.000000 5
8722 1.000000 4
8726 -1.000000 4
8729 -1.000000 3
8732 -1.000000 3
8736 1.000000 4
8740 1.000000 4
8744 1.000000 4
8749 1.000000 5
8753 1.000000 4
8756 -1.000000 3
8761 1.000000 5
8765 -1.000000 4
8768 -1.000000 3
8772 1.000000 4
8777 1.000000 5
8781 1.000000 4
8786 1.000000 5
8790 1.000000 4
8795 1.000000 5
8799 -1.000000 4
8804 0.000000 5
8809 1.000000 5
8814 1.000000 5
8819 0.000000 5
8823 -1.000000 4
8828 1.000000 5
8831 1.000000 3
8836 0.000000 5
8841 1.000000 5
8845 1.000000 4
8849 -1.000000 4
8853 -1.000000 4
8857 1.000000 4
8861 -1.000000 4
8865 1.000000 4
8870 0.000000 5
8873 1.000000 3
8878 0.000000 5
8882 1.000000 4
8887 0.000000 5
8892 0.000000 5
8895 1.000000 3
8900 1.000000 5
8905 1.000000 5
8909 1.000000 4
8912 -1.000000 3
8917 1.000000 5
8921 1.000000 4
8925 1.000000 4
8930 1.000000 5
8934 -1.000000 4
8939 0.000000 5
8944 0.000000 5
8949 0.000000 5
8954 1.000000 5
8959 1.000000 5
8963 1.000000 4
8966 1.000000 3
8970 1.000000 4
8974 1.000000 4
8978 1.000000 4
8983 0.000000 5
8987 1.000000 4
8992 1.000000 5
8995 1.000000 3
8999 -1.000000 4
9004 0.000000 5
9008 1.000000 4
9013 0.000000 5
9017 1.000000 4
9021 1.000000 4
9025 1.000000 4
9029 -1.000000 4
9034 1.000000 5
9038 -1.000000 4
9043 1.000000 5
9047 1.000000 4
9050 -1.000000 3
9055 1.000000 5
9059 1.000000 4
9062 1.000000 3
9067 1.000000 5
9071 -1.000000 4
9075 1.000000 4
9079 1.000000 4
9083 -1.000000 4
9088 0.000000 5
9091 1.000000 3
9096 0.000000 5
9101 0.000000 5
9104 1.000000 3
9108 -1.000000 4
9113 1.000000 5
9117 1.000000 4
9120 -1.000000 3
9124 1.000000 4
9129 1.000000 5
9132 1.000000 3
9136 1.000000 4
9141 1.000000 5
9145 1.000000 4
9149 1.000000 4
9153 1.000000 4
9157 -1.000000 4
9162 1.000000 5
9167 1.000000 5
9171 1.000000 4
9174 1.000000 3
9178 -1.000000 4
9182 1.000000 4
9185 -1.000000 3
9189 1.000000 4
9193 1.000000 4
9197 -1.000000 4
9201 1.000000 4
9205 1.000000 4
9210 1.000000 5
9214 1.000000 4
9219 1.000000 5
9223 -1.000000 4
9228 1.000000 5
9231 1.000000 3
9235 1.000000 4
9239 -1.000000 4
9243 1.000000 4
9248 1.000000 5
9251 1.000000 3
9255 1.000000 4
9258 1.000000 3
9261 1.000000 3
9265 1.000000 4
9269 1.000000 4
9273 -1.000000 4
9277 -1.000000 4
9282 1.000000 5
9286 1.000000 4
9290 1.000000 4
9294 -1.000000 4
9297 -1.000000 3
9300 -1.000000 3
9304 1.000000 4
9307 1.000000 3
9311 1.000000 4
9316 1.000000 5
9320 1.000000 4
9324 1.000000 4
9329 1.000000 5
9334 1.000000 5
9339 1.000000 5
9342 1.000000 3
9346 1.000000 4
9351 1.000000 5
9356 0.000000 5
9360 1.000000 4
9365 0.000000 5
9369 1.000000 4
9373 1.000000 4
9378 1.000000 5
9381 -1.000000 3
9385 1.000000 4
9390 0.000000 5
9394 -1.000000 4
9399 1.000000 5
9403 1.000000 4
9407 -1.000000 4
9410 1.000000 3
9415 1.000000 5
9419 1.000000 4
9423 1.000000 4
9427 1.000000 4
9432 1.000000 5
9437 1.000000 5
9441 1.000000 4
9445 -1.000000 4
9449 1.000000 4
9453 -1.000000 4
9458 1.000000 5
9463 1.000000 5
9467 1.000000 4
9471 1.000000 4
9475 -1.000000 4
9479 -1.000000 4
9483 1.000000 4
9486 1.000000 3
9489 1.000000 3
9493 1.000000 4
9496 1.000000 3
9499 1.000000 3
9504 1.000000 5
9508 1.000000 4
9513 0.000000 5
9517 1.000000 4
9522 0.000000 5
9527 0.000000 5
9532 1.000000 5
9536 -1.000000 4
9540 1.000000 4
9545 0.000000 5
9549 1.000000 4
9553 1.000000 4
9557 -1.000000 4
9560 -1.000000 3
9564 1.000000 4
9568 1.000000 4
9573 0.000000 5
9576 -1.000000 3
9580 -1.000000 4
9585 1.000000 5
9590 0.000000 5
9594 1.000000 4
9597 1.000000 3
9601 1.000000 4
9604 1.000000 3
9608 -1.000000 4
9612 1.000000 4
9616 -1.000000 4
9621 1.000000 5
9625 1.000000 4
9629 1.000000 4
9632 1.000000 3
9637 1.000000 5
9640 1.000000 3
9645 0.000000 5
9649 -1.000000 4
9653 -1.000000 4
9657 1.000000 4
9661 1.000000 4
9664 -1.000000 3
9669 0.000000 5
9674 0.000000 5
9677 1.000000 3
9681 -1.000000 4
9685 1.000000 4
9690 0.000000 5
9693 -1.000000 3
9696 -1.000000 3
9701 1.000000 5
9706 0.000000 5
9711 1.000000 5
9715 1.000000 4
9719 1.000000 4
9723 -1.000000 4
9728 0.000000 5
9732 1.000000 4
9736 1.000000 4
9739 1.000000 3
9744 1.000000 5
9749 1.000000 5
9752 -1.000000 3
9756 -1.000000 4
9760 1.000000 4
9763 -1.000000 3
9767 -1.000000 4
9771 -1.000000 4
9776 0.000000 5
9781 1.000000 5
9784 1.000000 3
9789 1.000000 5
9792 1.000000 3
9795 -1.000000 3
9799 1.000000 4
9802 1.000000 3
9807 0.000000 5
9811 1.000000 4
9816 0.000000 5
9820 -1.000000 4
9824 1.000000 4
9828 1.000000 4
9833 0.000000 5
9838 0.000000 5
9842 1.000000 4
9847 1.000000 5
9852 1.000000 5
9856 1.000000 4
9861 0.000000 5
9865 -1.000000 4
9869 1.000000 4
9873 -1.000000 4
9877 1.000000 4
9881 1.000000 4
9886 0.000000 5
9890 -1.000000 4
9893 1.000000 3
9897 1.000000 4
9900 1.000000 3
9904 1.000000 4
9907 1.000000 3
9911 1.000000 4
9916 0.000000 5
9920 1.000000 4
9924 1.000000 4
9929 1.000000 5
9934 1.000000 5
9938 -1.000000 4
9943 1.000000 5
9948 0.000000 5
9952 -1.000000 4
9956 1.000000 4
9961 0.000000 5
9965 1.000000 4
9968 -1.000000 3
9973 1.000000 5
9977 -1.000000 4
9980 1.000000 3
9984 -1.000000 4
9989 1.000000 5
9994 1.000000 5
9997 1.000000 3
10001 1.000000 4
10004 -1.000000 3
10007 -1.000000 3
10010 -1.000000 3
10013 -1.000000 3
10016 -1.000000 3
10019 -1.000000 3
10022 -1.000000 3
10025 -1.000000 3
10028 -1.000000 3
10031 -1.000000 3
10034 -1.000000 3
10037 -1.000000 3
10040 -1.000000 3
10043 -1.000000 3
10046 -1.000000 3
10049 -1.000000 3
10052 -1.000000 3
10055 -1.000000 3
10058 -1.000000 3
10061 -1.000000 3
10064 -1.000000 3
10067 -1.000000 3
10070 -1.000000 3
10073 -1.000000 3
10076 -1.000000 3
10079 -1.000000 3
10082 -1.000000 3
10085 -1.000000 3
10088 -1.000000 3
10091 -1.000000 3
10094 -1.000000 3
10097 -1.000000 3
10100 -1.000000 3
10103 -1.000000 3
10106 -1.000000 3
10109 -1.000000 3
10112 -1.000000 3
10115 -1.000000 3
10118 -1.000000 3
10121 -1.000000 3
10124 -1.000000 3
10127 -1.000000 3
10130 -1.000000 3
10133 -1.000000 3
10136 -1.000000 3
10139 -1.000000 3
10142 -1.000000 3
10145 -1.000000 3
10148 -1.000000 3
10151 -1.000000 3
10154 -1.000000 3
10157 -1.000000 3
10160 -1.000000 3
10163 -1.000000 3
10166 -1.000000 3
10169 -1.000000 3
10172 -1.000000 3
10175 -1.000000 3
10178 -1.000000 3
10181 -1.000000 3
10184 -1.000000 3
10187 -1.000000 3
10190 -1.000000 3
10193 -1.000000 3
10196 -1.000000 3
10199 -1.000000 3
10202 -1.000000 3
10205 -1.000000 3
10208 -1.000000 3
10211 -1.000000 3
10214 -1.000000 3
10217 -1.000000 3
10220 -1.000000 3
10223 -1.000000 3
10226 -1.000000 3
10229 -1.000000 3
10232 -1.000000 3
10235 -1.000000 3
10238 -1.000000 3
10241 -1.000000 3
10244 -1.000000 3
10247 -1.000000 3
10250 -1.000000 3
10253 -1.000000 3
10256 -1.000000 3
10259 -1.000000 3
10262 -1.000000 3
10265 -1.000000 3
10268 -1.000000 3
10271 -1.000000 3
10274 -1.000000 3
10277 -1.000000 3
10280 -1.000000 3
10283 -1.000000 3
10286 -1.000000 3
10289 -1.000000 3
10292 -1.000000 3
10295 -1.000000 3
10298 -1.000000 3
10301 -1.000000 3
10304 -1.000000 3
10307 -1.000000 3
10310 -1.000000 3
10313 -1.000000 3
10316 -1.000000 3
10319 -1.000000 3
10322 -1.000000 3
10325 -1.000000 3
10328 -1.000000 3
10331 -1.000000 3
10334 -1.000000 3
10337 -1.000000 3
10340 -1.000000 3
10343 -1.000000 3
10346 -1.000000 3
10349 -1.000000 3
10352 -1.000000 3
10355 -1.000000 3
10358 -1.000000 3
10361 -1.000000 3
10364 -1.000000 3
10367 -1.000000 3
10370 -1.000000 3
10373 -1.000000 3
10376 -1.000000 3
10379 -1.000000 3
10382 -1.000000 3
10385 -1.000000 3
10388 -1.000000 3
10391 -1.000000 3
10394 -1.000000 3
10397 -1.000000 3
10400 -1.000000 3
10403 -1.000000 3
10406 -1.000000 3
10409 -1.000000 3
10412 -1.000000 3
10415 -1.000000 3
10418 -1.000000 3
10421 -1.000000 3
10424 -1.000000 3
10427 -1.000000 3
10430 -1.000000 3
10433 -1.000000 3
10436 -1.000000 3
10439 -1.000000 3
10442 -1.000000 3
10445 -1.000000 3
10448 -1.000000 3
10451 -1.000000 3
10454 -1.000000 3
10457 -1.000000 3
10460 -1.000000 3
10463 -1.000000 3
10466 -1.000000 3
10469 -1.000000 3
10472 -1.000000 3
10475 -1.000000 3
10478 -1.000000 3
10481 -1.000000 3
10484 -1.000000 3
10487 -1.000000 3
10490 -1.000000 3
10493 -1.000000 3
10496 -1.000000 3
10499 -1.000000 3
10502 -1.000000 3
10505 -1.000000 3
10508 -1.000000 3
10511 -1.000000 3
10514 -1.000000 3
10517 -1.000000 3
10520 -1.000000 3
10523 -1.000000 3
10526 -1.000000 3
10529 -1.000000 3
10532 -1.000000 3
10535 -1.000000 3
10538 -1.000000 3
10541 -1.000000 3
10544 -1.000000 3
10547 -1.000000 3
10550 -1.000000 3
10553 -1.000000 3
10556 -1.000000 3
10559 -1.000000 3
10562 -1.000000 3
10565 -1.000000 3
10568 -1.000000 3
10571 -1.000000 3
10574 -1.000000 3
10577 -1.000000 3
10580 -1.000000 3
10583 -1.000000 3
10586 -1.000000 3
10589 -1.000000 3
10592 -1.000000 3
10595 -1.000000 3
10598 -1.000000 3
10601 -1.000000 3
10604 -1.000000 3
10607 -1.000000 3
10610 -1.000000 3
10613 -1.000000 3
10616 -1.000000 3
10619 -1.000000 3
10622 -1.000000 3
10625 -1.000000 3
10628 -1.000000 3
10631 -1.000000 3
10634 -1.000000 3
10637 -1.000000 3
10640 -1.000000 3
10643 -1.000000 3
10646 -1.000000 3
10649 -1.000000 3
10652 -1.000000 3
10655 -1.000000 3
10658 -1.000000 3
10661 -1.000000 3
10664 -1.000000 3
10667 -1.000000 3
10670 -1.000000 3
10673 -1.000000 3
10676 -1.000000 3
10679 -1.000000 3
10682 -1.000000 3
10685 -1.000000 3
10688 -1.000000 3
10691 -1.000000 3
10694 -1.000000 3
10697 -1.000000 3
10700 -1.000000 3
10703 -1.000000 3
10706 -1.000000 3
10709 -1.000000 3
10712 -1.000000 3
10715 -1.000000 3
10718 -1.000000 3
10721 -1.000000 3
10724 -1.000000 3
10727 -1.000000 3
10730 -1.000000 3
10733 -1.000000 3
10736 -1.000000 3
10739 -1.000000 3
10742 -1.000000 3
10745 -1.000000 3
10748 -1.000000 3
10751 -1.000000 3
10754 -1.000000 3
10757 -1.000000 3
10760 -1.000000 3
10763 -1.000000 3
10766 -1.000000 3
10769 -1.000000 3
10772 -1.000000 3
10775 -1.000000 3
10778 -1.000000 3
10781 -1.000000 3
10784 -1.000000 3
10787 -1.000000 3
10790 -1.000000 3
10793 -1.000000 3
10796 -1.000000 3
10799 -1.000000 3
10802 -1.000000 3
10805 -1.000000 3
10808 -1.000000 3
10811 -1.000000 3
10814 -1.000000 3
10817 -1.000000 3
10820 -1.000000 3
10823 -1.000000 3
10826 -1.000000 3
10829 -1.000000 3
10832 -1.000000 3
10835 -1.000000 3
10838 -1.000000 3
10841 -1.000000 3
10844 -1.000000 3
10847 -1.000000 3
10850 -1.000000 3
10853 -1.000000 3
10856 -1.000000 3
10859 -1.000000 3
10862 -1.000000 3
10865 -1.000000 3
10868 -1.000000 3
10871 -1.000000 3
10874 -1.000000 3
10877 -1.000000 3
10880 -1.000000 3
10883 -1.000000 3
10886 -1.000000 3
10889 -1.000000 3
10892 -1.000000 3
10895 -1.000000 3
10898 -1.000000 3
10901 -1.000000 3
10904 -1.000000 3
10907 -1.000000 3
10910 -1.000000 3
10913 -1.000000 3
10916 -1.000000 3
10919 -1.000000 3
10922 -1.000000 3
10925 -1.000000 3
10928 -1.000000 3
10931 -1.000000 3
10934 -1.000000 3
10937 -1.000000 3
10940 -1.000000 3
10943 -1.000000 3
10946 -1.000000 3
10949 -1.000000 3
10952 -1.000000 3
10955 -1.000000 3
10958 -1.000000 3
10961 -1.000000 3
10964 -1.000000 3
10967 -1.000000 3
10970 -1.000000 3
10973 -1.000000 3
10976 -1.000000 3
10979 -1.000000 3
10982 -1.000000 3
10985 -1.000000 3
10988 -1.000000 3
10991 -1.000000 3
10994 -1.000000 3
10997 -1.000000 3
11000 -1.000000 3
11003 -1.000000 3
11007 1.000000 4
11010 1.000000 3
11015 0.000000 5
11019 1.000000 4
11023 1.000000 4
11026 1.000000 3
11029 1.000000 3
11033 1.000000 4
11036 1.000000 3
11039 1.000000 3
11044 0.000000 5
11047 1.000000 3
11050 1.000000 3
11053 1.000000 3
11056 1.000000 3
11059 1.000000 3
11062 1.000000 3
11065 -1.000000 3
11069 -1.000000 4
11073 1.000000 4
11076 1.000000 3
11080 1.000000 4
11083 1.000000 3
11087 1.000000 4
11091 1.000000 4
11094 1.000000 3
11097 1.000000 3
11100 1.000000 3
11105 0.000000 5
11108 1.000000 3
11112 1.000000 4
11115 1.000000 3
11118 1.000000 3
11121 1.000000 3
11124 1.000000 3
11127 1.000000 3
11130 1.000000 3
11133 1.000000 3
11136 1.000000 3
11141 0.000000 5
11144 1.000000 3
11147 1.000000 3
11150 1.000000 3
11153 1.000000 3
11156 1.000000 3
11159 1.000000 3
11163 1.000000 4
11166 1.000000 3
11169 1.000000 3
11172 1.000000 3
11175 1.000000 3
11179 1.000000 4
11182 1.000000 3
11185 1.000000 3
11188 1.000000 3
11192 1.000000 4
11197 0.000000 5
11200 1.000000 3
11205 1.000000 5
11208 1.000000 3
11211 1.000000 3
11214 1.000000 3
11217 1.000000 3
11220 1.000000 3
11223 1.000000 3
11226 -1.000000 3
11229 1.000000 3
11232 1.000000 3
11235 1.000000 3
11238 1.000000 3
11241 1.000000 3
11246 1.000000 5
11249 1.000000 3
11252 1.000000 3
11255 1.000000 3
11258 1.000000 3
11262 1.000000 4
11265 1.000000 3
11268 1.000000 3
11271 1.000000 3
11274 1.000000 3
11277 1.000000 3
11281 1.000000 4
11284 1.000000 3
11287 1.000000 3
11290 1.000000 3
11294 1.000000 4
11297 1.000000 3
11300 1.000000 3
11303 1.000000 3
11308 1.000000 5
11311 -1.000000 3
11314 1.000000 3
11318 1.000000 4
11321 1.000000 3
11324 1.000000 3
11327 1.000000 3
11330 1.000000 3
11333 1.000000 3
11336 1.000000 3
11339 1.000000 3
11343 1.000000 4
11348 1.000000 5
11351 1.000000 3
11354 1.000000 3
11357 1.000000 3
11360 1.000000 3
11364 1.000000 4
11367 1.000000 3
11370 1.000000 3
11373 1.000000 3
11376 1.000000 3
11379 1.000000 3
11382 1.000000 3
11387 1.000000 5
11390 1.000000 3
11393 1.000000 3
11396 1.000000 3
11399 1.000000 3
11403 1.000000 4
11406 1.000000 3
11409 1.000000 3
11412 1.000000 3
11415 1.000000 3
11418 1.000000 3
11421 1.000000 3
11424 1.000000 3
11427 -1.000000 3
11431 1.000000 4
11435 1.000000 4
11438 1.000000 3
11442 -1.000000 4
11445 1.000000 3
11448 -1.000000 3
11451 1.000000 3
11455 1.000000 4
11459 1.000000 4
11462 1.000000 3
11466 1.000000 4
11471 0.000000 5
11474 1.000000 3
11477 1.000000 3
11480 1.000000 3
11484 1.000000 4
11488 1.000000 4
11491 -1.000000 3
11494 1.000000 3
11498 1.000000 4
11502 1.000000 4
11505 1.000000 3
11508 1.000000 3
11511 1.000000 3
11514 1.000000 3
11518 1.000000 4
11521 1.000000 3
11524 1.000000 3
11529 0.000000 5
11533 1.000000 4
11536 1.000000 3
11539 1.000000 3
11543 1.000000 4
11546 1.000000 3
11549 1.000000 3
11553 1.000000 4
11558 1.000000 5
11563 0.000000 5
11567 -1.000000 4
11570 1.000000 3
11574 1.000000 4
11577 1.000000 3
11581 1.000000 4
11584 1.000000 3
11589 0.000000 5
11593 -1.000000 4
11597 1.000000 4
11600 1.000000 3
11604 -1.000000 4
11607 1.000000 3
11610 1.000000 3
11613 1.000000 3
11616 1.000000 3
11620 1.000000 4
11623 1.000000 3
11626 1.000000 3
11631 0.000000 5
11634 1.000000 3
11637 1.000000 3
11641 -1.000000 4
11646 0.000000 5
11649 1.000000 3
11652 1.000000 3
11655 -1.000000 3
11659 1.000000 4
11662 1.000000 3
11665 1.000000 3
11668 1.000000 3
11671 1.000000 3
11674 1.000000 3
11677 1.000000 3
11680 1.000000 3
11683 1.000000 3
11686 1.000000 3
11690 1.000000 4
11693 1.000000 3
11696 -1.000000 3
11699 1.000000 3
11702 1.000000 3
11705 1.000000 3
11708 1.000000 3
11711 1.000000 3
11715 1.000000 4
11718 1.000000 3
11722 1.000000 4
11726 1.000000 4
11729 1.000000 3
11732 1.000000 3
11735 1.000000 3
11738 1.000000 3
11741 1.000000 3
11744 1.000000 3
11748 1.000000 4
11751 1.000000 3
11755 1.000000 4
11758 1.000000 3
11762 1.000000 4
11766 1.000000 4
11769 1.000000 3
11772 1.000000 3
11776 1.000000 4
11780 1.000000 4
11783 1.000000 3
11786 1.000000 3
11789 1.000000 3
11793 1.000000 4
11797 -1.000000 4
11801 1.000000 4
11804 1.000000 3
11808 1.000000 4
11811 1.000000 3
11814 1.000000 3
11817 1.000000 3
11820 1.000000 3
11823 1.000000 3
11827 1.000000 4
11830 1.000000 3
11833 1.000000 3
11836 1.000000 3
11840 1.000000 4
11843 -1.000000 3
11846 1.000000 3
11850 1.000000 4
11853 1.000000 3
11857 1.000000 4
11862 0.000000 5
11865 1.000000 3
11870 0.000000 5
11873 -1.000000 3
11876 1.000000 3
11879 1.000000 3
11882 1.000000 3
11886 1.000000 4
11890 -1.000000 4
11893 1.000000 3
11896 1.000000 3
11899 1.000000 3
11903 -1.000000 4
11906 1.000000 3
11909 1.000000 3
11912 1.000000 3
11916 1.000000 4
11919 1.000000 3
11922 1.000000 3
11927 0.000000 5
11931 -1.000000 4
11936 0.000000 5
11940 1.000000 4
11943 -1.000000 3
11947 1.000000 4
11951 1.000000 4
11954 1.000000 3
11957 1.000000 3
11961 1.000000 4
11964 1.000000 3
11967 1.000000 3
11971 1.000000 4
11974 -1.000000 3
11978 1.000000 4
11982 -1.000000 4
11986 1.000000 4
11990 1.000000 4
11993 1.000000 3
11996 1.000000 3
11999 1.000000 3
12003 1.000000 4
12006 1.000000 3
12010 -1.000000 4
12013 1.000000 3
12016 1.000000 3
12019 1.000000 3
12022 1.000000 3
12025 1.000000 3
12028 1.000000 3
12031 1.000000 3
12035 -1.000000 4
12038 1.000000 3
12042 1.000000 4
12045 1.000000 3
12048 1.000000 3
12051 1.000000 3
12055 1.000000 4
12059 1.000000 4
12062 1.000000 3
12065 1.000000 3
12068 1.000000 3
12072 -1.000000 4
12076 -1.000000 4
12079 1.000000 3
12082 1.000000 3
12085 1.000000 3
12089 1.000000 4
12092 1.000000 3
12096 1.000000 4
12099 1.000000 3
12102 1.000000 3
12105 1.000000 3
12109 1.000000 4
12112 1.000000 3
12115 1.000000 3
12118 -1.000000 3
12121 1.000000 3
12126 0.000000 5
12131 0.000000 5
12134 1.000000 3
12137 1.000000 3
12140 1.000000 3
12144 -1.000000 4
12148 1.000000 4
12153 0.000000 5
12157 1.000000 4
12161 1.000000 4
12164 1.000000 3
12168 1.000000 4
12171 1.000000 3
12175 1.000000 4
12178 -1.000000 3
12181 1.000000 3
12185 1.000000 4
12190 0.000000 5
12193 1.000000 3
12196 1.000000 3
12199 -1.000000 3
12203 1.000000 4
12206 1.000000 3
12209 1.000000 3
12212 1.000000 3
12215 1.000000 3
12218 1.000000 3
12222 -1.000000 4
12226 1.000000 4
12229 1.000000 3
12232 1.000000 3
12236 1.000000 4
12241 1.000000 5
12245 1.000000 4
12248 1.000000 3
12253 1.000000 5
12256 1.000000 3
12260 -1.000000 4
12263 1.000000 3
12267 1.000000 4
12271 1.000000 4
12274 1.000000 3
12277 1.000000 3
12280 1.000000 3
12283 1.000000 3
12286 1.000000 3
12289 1.000000 3
12293 1.000000 4
12297 1.000000 4
12300 1.000000 3
12303 1.000000 3
12306 1.000000 3
12309 1.000000 3
12312 -1.000000 3
12315 1.000000 3
12319 1.000000 4
12322 1.000000 3
12325 1.000000 3
12328 1.000000 3
12331 1.000000 3
12335 1.000000 4
12338 1.000000 3
12341 1.000000 3
12346 0.000000 5
12349 1.000000 3
12352 1.000000 3
12356 -1.000000 4
12359 1.000000 3
12362 1.000000 3
12365 1.000000 3
12368 1.000000 3
12372 1.000000 4
12375 1.000000 3
12379 1.000000 4
12382 1.000000 3
12386 -1.000000 4
12389 1.000000 3
12392 1.000000 3
12395 1.000000 3
12398 1.000000 3
12401 1.000000 3
12405 -1.000000 4
12408 1.000000 3
12412 1.000000 4
12416 1.000000 4
12420 1.000000 4
12424 1.000000 4
12427 1.000000 3
12431 1.000000 4
12434 1.000000 3
12438 1.000000 4
12441 1.000000 3
12444 1.000000 3
12447 1.000000 3
12450 1.000000 3
12453 1.000000 3
12456 1.000000 3
12460 1.000000 4
12463 1.000000 3
12466 1.000000 3
12470 1.000000 4
12473 1.000000 3
12477 1.000000 4
12480 1.000000 3
12483 1.000000 3
12486 1.000000 3
12489 1.000000 3
12492 1.000000 3
12495 1.000000 3
12498 1.000000 3
12501 1.000000 3
12504 1.000000 3
12508 1.000000 4
12511 1.000000 3
12515 1.000000 4
12518 1.000000 3
12521 1.000000 3
12524 1.000000 3
12529 0.000000 5
12532 1.000000 3
12536 1.000000 4
12540 1.000000 4
12544 1.000000 4
12547 1.000000 3
12550 1.000000 3
12553 1.000000 3
12557 1.000000 4
12560 1.000000 3
12563 1.000000 3
12566 1.000000 3
12570 1.000000 4
12573 1.000000 3
12576 1.000000 3
12579 1.000000 3
12582 1.000000 3
12585 1.000000 3
12588 1.000000 3
12593 0.000000 5
12596 1.000000 3
12600 -1.000000 4
12604 1.000000 4
12607 1.000000 3
12610 1.000000 3
12613 1.000000 3
12616 1.000000 3
12620 1.000000 4
12623 1.000000 3
12627 1.000000 4
12630 1.000000 3
12633 1.000000 3
12638 1.000000 5
12641 1.000000 3
12645 1.000000 4
12648 1.000000 3
12652 1.000000 4
12656 1.000000 4
12659 1.000000 3
12662 1.000000 3
12665 1.000000 3
12668 1.000000 3
12673 0.000000 5
12677 1.000000 4
12680 1.000000 3
12683 1.000000 3
12688 0.000000 5
12691 1.000000 3
12696 0.000000 5
12700 1.000000 4
12703 1.000000 3
12706 1.000000 3
12709 1.000000 3
12712 1.000000 3
12715 1.000000 3
12718 1.000000 3
12721 -1.000000 3
12724 1.000000 3
12727 1.000000 3
12730 1.000000 3
12733 1.000000 3
12736 1.000000 3
12739 1.000000 3
12742 1.000000 3
12745 1.000000 3
12750 0.000000 5
12753 1.000000 3
12756 1.000000 3
12759 1.000000 3
12764 1.000000 5
12768 1.000000 4
12771 1.000000 3
12774 1.000000 3
12777 1.000000 3
12781 1.000000 4
12784 1.000000 3
12788 1.000000 4
12791 1.000000 3
12794 1.000000 3
12797 1.000000 3
12800 1.000000 3
12803 1.000000 3
12808 0.000000 5
12811 1.000000 3
12814 1.000000 3
12817 1.000000 3
12820 1.000000 3
12823 1.000000 3
12826 1.000000 3
12829 1.000000 3
12833 1.000000 4
12836 1.000000 3
12839 1.000000 3
12843 1.000000 4
12846 1.000000 3
12849 1.000000 3
12852 1.000000 3
12855 1.000000 3
12858 -1.000000 3
12861 1.000000 3
12864 1.000000 3
12867 1.000000 3
12871 1.000000 4
12874 1.000000 3
12877 1.000000 3
12880 1.000000 3
12883 1.000000 3
12886 1.000000 3
12890 1.000000 4
12893 1.000000 3
12897 1.000000 4
12901 1.000000 4
12905 1.000000 4
12908 1.000000 3
12911 1.000000 3
12914 1.000000 3
12918 -1.000000 4
12921 1.000000 3
12925 1.000000 4
12928 1.000000 3
12931 1.000000 3
12934 1.000000 3
12939 0.000000 5
12942 1.000000 3
12946 1.000000 4
12951 0.000000 5
12954 1.000000 3
12958 1.000000 4
12962 1.000000 4
12965 -1.000000 3
12968 1.000000 3
12972 1.000000 4
12976 1.000000 4
12979 -1.000000 3
12982 1.000000 3
12986 1.000000 4
12990 1.000000 4
12993 1.000000 3
12996 1.000000 3
13001 0.000000 5
13004 1.000000 3
