789 1911.000000 789
1419 1974.000000 630
2358 3390.000000 939
2938 1905.000000 580
3629 2206.000000 691
4438 3061.000000 809
5340 3612.000000 902
5893 988.000000 553
6577 854.000000 684
7267 980.000000 690
8111 1996.000000 844
8723 641.000000 612
9313 1145.000000 590
9775 423.000000 462
10282 1516.000000 507
11059 1185.000000 777
11772 2815.000000 713
12509 1588.000000 737
13605 3591.000000 1096
14323 1543.000000 718
14909 2254.000000 586
15825 2595.000000 916
16470 1900.000000 645
17097 2081.000000 627
17802 2668.000000 705
18666 2615.000000 864
19120 772.000000 454
19651 2790.000000 531
20659 2977.000000 1008
21100 1443.000000 441
21563 1211.000000 463
22185 1350.000000 622
22944 3121.000000 759
23614 2177.000000 670
24620 2383.000000 1006
25470 3731.000000 850
26455 3850.000000 985
27085 1029.000000 630
27556 1023.000000 471
28088 798.000000 532
28679 1109.000000 591
29355 1548.000000 676
30099 1077.000000 744
30677 1865.000000 578
31126 1368.000000 449
32128 3112.000000 1002
33387 5249.000000 1259
33968 2320.000000 581
34492 1200.000000 524
35182 1689.000000 690
35749 554.000000 567
36238 362.000000 489
37228 3973.000000 990
38084 1077.000000 856
38703 2653.000000 619
39377 3370.000000 674
40099 1904.000000 722
40669 1206.000000 570
41328 1087.000000 659
42048 1374.000000 720
42696 2276.000000 648
43358 2434.000000 662
44682 5077.000000 1324
45147 446.000000 465
46060 2843.000000 913
46668 762.000000 608
47192 1161.000000 524
48310 5754.000000 1118
48996 941.000000 686
49678 2231.000000 682
50223 1246.000000 545
50752 1200.000000 529
51450 1786.000000 698
52164 2871.000000 714
52851 967.000000 687
53338 530.000000 487
53932 729.000000 594
54626 2300.000000 694
