636 906.000000 636
1096 968.000000 460
1677 2315.000000 581
2259 2106.000000 582
2880 1790.000000 621
3767 1686.000000 887
4607 1987.000000 840
5497 5507.000000 890
6180 1805.000000 683
6668 647.000000 488
7571 3392.000000 903
8326 2206.000000 755
8835 1211.000000 509
9572 1664.000000 737
10185 1919.000000 613
10889 771.000000 704
11845 3832.000000 956
12495 1670.000000 650
13122 1106.000000 627
14264 5466.000000 1142
14880 1449.000000 616
15510 1492.000000 630
16123 1655.000000 613
17439 5041.000000 1316
18031 2820.000000 592
18801 2365.000000 770
19808 6317.000000 1007
20720 4707.000000 912
21359 1620.000000 639
21792 1373.000000 433
22336 2044.000000 544
23345 1902.000000 1009
24033 3239.000000 688
25112 4845.000000 1079
25776 1757.000000 664
26616 2202.000000 840
27323 934.000000 707
27989 2509.000000 666
28516 1646.000000 527
29242 1617.000000 726
30171 3373.000000 929
30700 1845.000000 529
31213 1051.000000 513
31984 4991.000000 771
32688 3105.000000 704
33362 2785.000000 674
33924 562.000000 562
34762 2443.000000 838
35219 850.000000 457
36072 2138.000000 853
36653 1682.000000 581
37507 3308.000000 854
38196 2050.000000 689
38718 357.000000 522
39803 3059.000000 1085
40168 598.000000 365
40732 1524.000000 564
41281 866.000000 549
41934 939.000000 653
42665 3343.000000 731
43325 1086.000000 660
43981 2374.000000 656
44818 2568.000000 837
45371 1387.000000 553
46236 2309.000000 865
46873 2105.000000 637
47631 2890.000000 758
48068 1786.000000 437
48823 1126.000000 755
