5 1.000000 5
9 1.000000 4
14 0.000000 5
19 0.000000 5
23 1.000000 4
27 1.000000 4
32 1.000000 5
36 -1.000000 4
41 1.000000 5
45 1.000000 4
48 1.000000 3
52 1.000000 4
56 1.000000 4
61 1.000000 5
65 1.000000 4
68 -1.000000 3
71 -1.000000 3
75 -1.000000 4
78 -1.000000 3
82 1.000000 4
86 1.000000 4
90 1.000000 4
93 1.000000 3
98 1.000000 5
103 1.000000 5
106 -1.000000 3
111 0.000000 5
116 1.000000 5
121 1.000000 5
125 -1.000000 4
130 0.000000 5
134 1.000000 4
138 -1.000000 4
142 1.000000 4
146 1.000000 4
150 -1.000000 4
154 1.000000 4
159 0.000000 5
163 -1.000000 4
167 -1.000000 4
171 1.000000 4
175 1.000000 4
179 1.000000 4
183 -1.000000 4
186 -1.000000 3
189 -1.000000 3
194 0.000000 5
198 1.000000 4
203 1.000000 5
207 -1.000000 4
211 1.000000 4
216 1.000000 5
219 -1.000000 3
224 1.000000 5
228 1.000000 4
233 0.000000 5
236 -1.000000 3
241 0.000000 5
244 -1.000000 3
249 1.000000 5
253 1.000000 4
257 1.000000 4
260 1.000000 3
265 1.000000 5
269 1.000000 4
273 1.000000 4
276 -1.000000 3
281 0.000000 5
285 -1.000000 4
290 1.000000 5
295 1.000000 5
299 1.000000 4
303 1.000000 4
307 1.000000 4
311 1.000000 4
315 -1.000000 4
319 1.000000 4
323 1.000000 4
327 1.000000 4
332 0.000000 5
335 -1.000000 3
338 -1.000000 3
341 1.000000 3
346 1.000000 5
350 1.000000 4
353 1.000000 3
358 1.000000 5
361 1.000000 3
365 1.000000 4
369 -1.000000 4
374 1.000000 5
378 1.000000 4
382 -1.000000 4
386 -1.000000 4
390 1.000000 4
393 1.000000 3
398 1.000000 5
402 1.000000 4
406 -1.000000 4
411 1.000000 5
415 1.000000 4
419 1.000000 4
422 -1.000000 3
426 1.000000 4
430 1.000000 4
433 1.000000 3
436 1.000000 3
440 -1.000000 4
443 1.000000 3
448 0.000000 5
452 1.000000 4
456 1.000000 4
460 1.000000 4
463 1.000000 3
466 1.000000 3
471 0.000000 5
474 -1.000000 3
478 -1.000000 4
483 1.000000 5
487 1.000000 4
490 -1.000000 3
494 1.000000 4
498 -1.000000 4
502 1.000000 4
505 1.000000 3
508 1.000000 3
511 1.000000 3
515 1.000000 4
519 -1.000000 4
524 0.000000 5
529 0.000000 5
534 0.000000 5
538 1.000000 4
543 1.000000 5
546 1.000000 3
551 1.000000 5
555 1.000000 4
559 1.000000 4
564 0.000000 5
569 0.000000 5
573 1.000000 4
576 -1.000000 3
581 1.000000 5
586 0.000000 5
591 1.000000 5
595 -1.000000 4
599 1.000000 4
603 -1.000000 4
608 1.000000 5
612 -1.000000 4
617 0.000000 5
622 0.000000 5
627 1.000000 5
632 1.000000 5
637 1.000000 5
641 -1.000000 4
645 -1.000000 4
649 1.000000 4
653 1.000000 4
656 1.000000 3
660 1.000000 4
664 1.000000 4
669 1.000000 5
674 0.000000 5
678 1.000000 4
682 1.000000 4
687 0.000000 5
692 1.000000 5
695 1.000000 3
699 1.000000 4
702 1.000000 3
706 -1.000000 4
710 1.000000 4
715 1.000000 5
719 -1.000000 4
723 1.000000 4
727 -1.000000 4
732 1.000000 5
737 1.000000 5
741 -1.000000 4
746 1.000000 5
750 -1.000000 4
755 1.000000 5
759 -1.000000 4
763 -1.000000 4
767 -1.000000 4
771 1.000000 4
775 1.000000 4
780 1.000000 5
785 0.000000 5
790 1.000000 5
793 -1.000000 3
797 1.000000 4
800 1.000000 3
805 0.000000 5
809 -1.000000 4
813 -1.000000 4
816 -1.000000 3
820 1.000000 4
824 1.000000 4
827 1.000000 3
831 -1.000000 4
835 -1.000000 4
840 1.000000 5
845 0.000000 5
849 -1.000000 4
854 0.000000 5
857 1.000000 3
861 -1.000000 4
866 1.000000 5
870 -1.000000 4
874 1.000000 4
879 0.000000 5
883 -1.000000 4
887 1.000000 4
892 1.000000 5
897 1.000000 5
900 1.000000 3
904 1.000000 4
907 1.000000 3
910 1.000000 3
914 -1.000000 4
919 1.000000 5
924 1.000000 5
929 1.000000 5
934 1.000000 5
938 1.000000 4
942 -1.000000 4
945 -1.000000 3
950 1.000000 5
955 1.000000 5
958 1.000000 3
963 1.000000 5
968 1.000000 5
973 0.000000 5
976 1.000000 3
981 1.000000 5
984 -1.000000 3
988 -1.000000 4
993 1.000000 5
998 0.000000 5
1003 0.000000 5
1008 1.000000 5
1012 -1.000000 4
1016 1.000000 4
1020 -1.000000 4
1024 -1.000000 4
1029 0.000000 5
1033 -1.000000 4
1037 1.000000 4
1041 1.000000 4
1045 1.000000 4
1050 1.000000 5
1054 1.000000 4
1059 1.000000 5
1064 1.000000 5
1069 1.000000 5
1072 -1.000000 3
1076 1.000000 4
1079 1.000000 3
1083 1.000000 4
1087 -1.000000 4
1090 -1.000000 3
1094 1.000000 4
1099 1.000000 5
1103 -1.000000 4
1107 1.000000 4
1112 0.000000 5
1116 1.000000 4
1121 1.000000 5
1124 1.000000 3
1127 -1.000000 3
1131 -1.000000 4
1135 1.000000 4
1139 -1.000000 4
1143 -1.000000 4
1147 -1.000000 4
1152 0.000000 5
1156 -1.000000 4
1160 1.000000 4
1164 -1.000000 4
1168 1.000000 4
1172 -1.000000 4
1176 -1.000000 4
1179 -1.000000 3
1183 1.000000 4
1188 1.000000 5
1192 -1.000000 4
1197 0.000000 5
1201 1.000000 4
1206 0.000000 5
1210 1.000000 4
1215 1.000000 5
1218 -1.000000 3
1221 -1.000000 3
1225 1.000000 4
1229 -1.000000 4
1233 1.000000 4
1236 -1.000000 3
1241 1.000000 5
1245 -1.000000 4
1249 1.000000 4
1253 -1.000000 4
1257 -1.000000 4
1261 1.000000 4
1264 -1.000000 3
1268 1.000000 4
1273 1.000000 5
1278 0.000000 5
1283 0.000000 5
1288 1.000000 5
1292 1.000000 4
1295 1.000000 3
1298 -1.000000 3
1303 1.000000 5
1307 1.000000 4
1311 -1.000000 4
1315 -1.000000 4
1319 -1.000000 4
1324 1.000000 5
1327 -1.000000 3
1332 0.000000 5
1336 -1.000000 4
1340 -1.000000 4
1345 1.000000 5
1349 1.000000 4
1353 1.000000 4
1358 0.000000 5
1362 -1.000000 4
1367 1.000000 5
1371 1.000000 4
1376 1.000000 5
1381 1.000000 5
1386 0.000000 5
1390 1.000000 4
1393 1.000000 3
1398 1.000000 5
1402 -1.000000 4
1406 -1.000000 4
1410 1.000000 4
1415 0.000000 5
1419 1.000000 4
1424 0.000000 5
1427 1.000000 3
1432 1.000000 5
1436 1.000000 4
1441 1.000000 5
1445 -1.000000 4
1449 -1.000000 4
1453 -1.000000 4
1457 1.000000 4
1461 1.000000 4
1465 -1.000000 4
1469 -1.000000 4
1473 -1.000000 4
1476 1.000000 3
1481 1.000000 5
1485 1.000000 4
1488 -1.000000 3
1493 1.000000 5
1497 -1.000000 4
1502 0.000000 5
1507 1.000000 5
1512 0.000000 5
1516 -1.000000 4
1521 1.000000 5
1525 -1.000000 4
1529 -1.000000 4
1534 1.000000 5
1537 1.000000 3
1541 1.000000 4
1545 -1.000000 4
1549 1.000000 4
1554 1.000000 5
1558 1.000000 4
1563 0.000000 5
1567 1.000000 4
1571 -1.000000 4
1576 0.000000 5
1581 1.000000 5
1585 -1.000000 4
1589 1.000000 4
1592 -1.000000 3
1596 1.000000 4
1600 1.000000 4
1604 1.000000 4
1607 -1.000000 3
1611 1.000000 4
1615 -1.000000 4
1618 1.000000 3
1623 1.000000 5
1627 -1.000000 4
1631 1.000000 4
1635 1.000000 4
1639 -1.000000 4
1643 -1.000000 4
1648 1.000000 5
1652 1.000000 4
1655 -1.000000 3
1659 -1.000000 4
1663 1.000000 4
1668 1.000000 5
1672 -1.000000 4
1676 1.000000 4
1679 1.000000 3
1684 1.000000 5
1688 1.000000 4
1692 1.000000 4
1696 -1.000000 4
1700 1.000000 4
1704 -1.000000 4
1709 0.000000 5
1712 -1.000000 3
1715 -1.000000 3
1720 0.000000 5
1725 0.000000 5
1730 0.000000 5
1734 -1.000000 4
1738 1.000000 4
1741 1.000000 3
1744 1.000000 3
1748 1.000000 4
1753 0.000000 5
1757 1.000000 4
1762 1.000000 5
1766 1.000000 4
1770 1.000000 4
1775 1.000000 5
1779 -1.000000 4
1783 -1.000000 4
1786 1.000000 3
1791 1.000000 5
1796 1.000000 5
1801 0.000000 5
1804 1.000000 3
1807 1.000000 3
1811 1.000000 4
1816 1.000000 5
1820 -1.000000 4
1824 -1.000000 4
1828 1.000000 4
1832 -1.000000 4
1837 1.000000 5
1840 -1.000000 3
1844 -1.000000 4
1848 -1.000000 4
1853 0.000000 5
1857 1.000000 4
1861 1.000000 4
1866 0.000000 5
1871 1.000000 5
1875 1.000000 4
1879 -1.000000 4
1883 1.000000 4
1887 -1.000000 4
1890 1.000000 3
1894 -1.000000 4
1898 -1.000000 4
1903 0.000000 5
1907 -1.000000 4
1911 1.000000 4
1916 1.000000 5
1920 -1.000000 4
1924 -1.000000 4
1928 1.000000 4
1932 -1.000000 4
1936 -1.000000 4
1939 1.000000 3
1944 0.000000 5
1948 1.000000 4
1951 -1.000000 3
1954 -1.000000 3
1958 -1.000000 4
1962 1.000000 4
1966 1.000000 4
1970 -1.000000 4
1974 -1.000000 4
1979 0.000000 5
1984 1.000000 5
1988 -1.000000 4
1993 1.000000 5
1997 1.000000 4
2001 1.000000 4
2006 1.000000 5
2011 0.000000 5
2016 1.000000 5
2021 1.000000 5
2024 -1.000000 3
2028 -1.000000 4
2031 -1.000000 3
2036 0.000000 5
2041 1.000000 5
2044 1.000000 3
2048 1.000000 4
2051 -1.000000 3
2055 1.000000 4
2060 0.000000 5
2064 1.000000 4
2068 1.000000 4
2071 1.000000 3
2075 1.000000 4
2078 1.000000 3
2082 -1.000000 4
2087 0.000000 5
2092 0.000000 5
2096 1.000000 4
2100 1.000000 4
2104 1.000000 4
2108 1.000000 4
2112 -1.000000 4
2116 1.000000 4
2121 1.000000 5
2126 1.000000 5
2130 1.000000 4
2135 1.000000 5
2140 1.000000 5
2144 1.000000 4
2147 -1.000000 3
2152 0.000000 5
2156 1.000000 4
2161 1.000000 5
2164 -1.000000 3
2169 0.000000 5
2173 1.000000 4
2178 0.000000 5
2183 0.000000 5
2187 -1.000000 4
2191 1.000000 4
2196 1.000000 5
2201 0.000000 5
2204 1.000000 3
2209 1.000000 5
2214 0.000000 5
2217 1.000000 3
2221 -1.000000 4
2224 -1.000000 3
2229 1.000000 5
2233 1.000000 4
2237 1.000000 4
2242 1.000000 5
2247 1.000000 5
2251 1.000000 4
2255 1.000000 4
2259 1.000000 4
2263 -1.000000 4
2267 -1.000000 4
2272 1.000000 5
2275 -1.000000 3
2279 1.000000 4
2283 -1.000000 4
2288 1.000000 5
2293 0.000000 5
2297 -1.000000 4
2302 1.000000 5
2306 1.000000 4
2311 0.000000 5
2315 1.000000 4
2319 1.000000 4
2324 0.000000 5
2329 1.000000 5
2333 1.000000 4
2338 1.000000 5
2342 1.000000 4
2345 1.000000 3
2349 1.000000 4
2354 1.000000 5
2359 1.000000 5
2363 -1.000000 4
2368 1.000000 5
2372 1.000000 4
2376 1.000000 4
2381 0.000000 5
2385 1.000000 4
2390 1.000000 5
2395 1.000000 5
2399 1.000000 4
2403 1.000000 4
2406 -1.000000 3
2410 -1.000000 4
2415 1.000000 5
2420 1.000000 5
2423 -1.000000 3
2427 -1.000000 4
2430 1.000000 3
2434 -1.000000 4
2439 1.000000 5
2444 1.000000 5
2447 -1.000000 3
2451 1.000000 4
2455 -1.000000 4
2459 -1.000000 4
2463 1.000000 4
2467 -1.000000 4
2472 1.000000 5
2475 1.000000 3
2478 1.000000 3
2483 0.000000 5
2487 1.000000 4
2491 1.000000 4
2495 -1.000000 4
2499 1.000000 4
2504 0.000000 5
2507 1.000000 3
2511 1.000000 4
2516 1.000000 5
2519 1.000000 3
2522 1.000000 3
2526 -1.000000 4
2531 0.000000 5
2535 1.000000 4
2540 1.000000 5
2544 1.000000 4
2548 1.000000 4
2553 1.000000 5
2557 1.000000 4
2560 -1.000000 3
2563 -1.000000 3
2567 1.000000 4
2572 1.000000 5
2577 0.000000 5
2582 0.000000 5
2585 -1.000000 3
2590 1.000000 5
2595 1.000000 5
2598 1.000000 3
2602 1.000000 4
2607 1.000000 5
2610 1.000000 3
2614 1.000000 4
2618 -1.000000 4
2623 1.000000 5
2626 -1.000000 3
2630 1.000000 4
2634 1.000000 4
2639 1.000000 5
2643 1.000000 4
2648 1.000000 5
2653 1.000000 5
2657 1.000000 4
2661 1.000000 4
2664 1.000000 3
2669 1.000000 5
2674 1.000000 5
2678 1.000000 4
2681 1.000000 3
2686 1.000000 5
2690 1.000000 4
2694 1.000000 4
2699 1.000000 5
2704 0.000000 5
2708 1.000000 4
2712 -1.000000 4
2717 1.000000 5
2722 1.000000 5
2726 -1.000000 4
2730 1.000000 4
2734 -1.000000 4
2739 0.000000 5
2743 1.000000 4
2747 1.000000 4
2752 0.000000 5
2757 1.000000 5
2761 -1.000000 4
2765 1.000000 4
2770 0.000000 5
2774 1.000000 4
2778 -1.000000 4
2782 -1.000000 4
2786 -1.000000 4
2791 1.000000 5
2795 -1.000000 4
2799 -1.000000 4
2803 1.000000 4
2806 -1.000000 3
2810 1.000000 4
2814 -1.000000 4
2819 0.000000 5
2824 1.000000 5
2828 -1.000000 4
2833 1.000000 5
2837 1.000000 4
2841 -1.000000 4
2845 -1.000000 4
2849 1.000000 4
2854 0.000000 5
2859 0.000000 5
2863 -1.000000 4
2866 -1.000000 3
2870 -1.000000 4
2874 1.000000 4
2879 1.000000 5
2883 1.000000 4
2888 0.000000 5
2892 1.000000 4
2896 1.000000 4
2901 1.000000 5
2906 1.000000 5
2909 1.000000 3
2914 0.000000 5
2917 -1.000000 3
2921 1.000000 4
2926 1.000000 5
2930 1.000000 4
2934 1.000000 4
2938 -1.000000 4
2943 0.000000 5
2947 1.000000 4
2951 1.000000 4
2955 -1.000000 4
2958 -1.000000 3
2963 0.000000 5
2966 -1.000000 3
2969 -1.000000 3
2973 -1.000000 4
2977 1.000000 4
2982 1.000000 5
2985 1.000000 3
2990 0.000000 5
2994 1.000000 4
2998 -1.000000 4
3002 1.000000 4
3005 1.000000 3
3009 1.000000 4
3014 1.000000 5
3019 0.000000 5
3022 1.000000 3
3027 1.000000 5
3031 1.000000 4
3036 1.000000 5
3040 1.000000 4
3044 -1.000000 4
3048 -1.000000 4
3053 1.000000 5
3058 1.000000 5
3063 1.000000 5
3068 1.000000 5
3072 1.000000 4
3077 0.000000 5
3081 1.000000 4
3084 -1.000000 3
3089 1.000000 5
3093 -1.000000 4
3097 -1.000000 4
3102 1.000000 5
3105 1.000000 3
3109 1.000000 4
3114 0.000000 5
3118 1.000000 4
3122 -1.000000 4
3125 1.000000 3
3128 -1.000000 3
3132 -1.000000 4
3136 -1.000000 4
3139 -1.000000 3
3142 1.000000 3
3146 -1.000000 4
3151 1.000000 5
3156 1.000000 5
3161 0.000000 5
3165 1.000000 4
3169 1.000000 4
3172 1.000000 3
3175 1.000000 3
3178 -1.000000 3
3183 1.000000 5
3187 1.000000 4
3192 0.000000 5
3195 1.000000 3
3198 1.000000 3
3203 0.000000 5
3207 1.000000 4
3210 1.000000 3
3214 1.000000 4
3217 -1.000000 3
3222 1.000000 5
3226 -1.000000 4
3230 -1.000000 4
3234 1.000000 4
3238 1.000000 4
3243 1.000000 5
3246 -1.000000 3
3250 1.000000 4
3255 0.000000 5
3259 -1.000000 4
3263 1.000000 4
3266 1.000000 3
3271 0.000000 5
3275 1.000000 4
3280 1.000000 5
3284 1.000000 4
3287 -1.000000 3
3292 0.000000 5
3296 -1.000000 4
3300 -1.000000 4
3305 1.000000 5
3310 0.000000 5
3314 -1.000000 4
3318 1.000000 4
3323 0.000000 5
3327 -1.000000 4
3331 1.000000 4
3334 -1.000000 3
3338 1.000000 4
3343 1.000000 5
3348 0.000000 5
3352 -1.000000 4
3356 -1.000000 4
3361 1.000000 5
3365 -1.000000 4
3369 1.000000 4
3374 1.000000 5
3379 1.000000 5
3383 1.000000 4
3387 -1.000000 4
3390 -1.000000 3
3394 1.000000 4
3399 1.000000 5
3403 1.000000 4
3407 -1.000000 4
3412 0.000000 5
3416 1.000000 4
3420 1.000000 4
3424 -1.000000 4
3428 1.000000 4
3433 0.000000 5
3437 1.000000 4
3441 -1.000000 4
3445 1.000000 4
3449 -1.000000 4
3452 1.000000 3
3457 0.000000 5
3461 1.000000 4
3465 -1.000000 4
3468 1.000000 3
3471 1.000000 3
3476 1.000000 5
3480 1.000000 4
3484 1.000000 4
3487 1.000000 3
3492 1.000000 5
3497 0.000000 5
3502 1.000000 5
3507 1.000000 5
3511 1.000000 4
3514 -1.000000 3
3517 -1.000000 3
3521 -1.000000 4
3524 -1.000000 3
3528 1.000000 4
3532 1.000000 4
3537 1.000000 5
3542 0.000000 5
3547 1.000000 5
3550 -1.000000 3
3554 1.000000 4
3558 1.000000 4
3563 1.000000 5
3568 1.000000 5
3573 1.000000 5
3576 1.000000 3
3580 -1.000000 4
3584 -1.000000 4
3588 1.000000 4
3591 -1.000000 3
3595 -1.000000 4
3600 1.000000 5
3604 1.000000 4
3608 1.000000 4
3611 -1.000000 3
3616 0.000000 5
3621 0.000000 5
3625 1.000000 4
3630 1.000000 5
3634 -1.000000 4
3638 1.000000 4
3642 -1.000000 4
3647 0.000000 5
3650 -1.000000 3
3655 1.000000 5
3660 0.000000 5
3665 1.000000 5
3669 1.000000 4
3672 -1.000000 3
3677 0.000000 5
3682 1.000000 5
3686 1.000000 4
3689 -1.000000 3
3694 1.000000 5
3697 1.000000 3
3701 1.000000 4
3706 0.000000 5
3710 1.000000 4
3715 1.000000 5
3720 1.000000 5
3723 -1.000000 3
3727 1.000000 4
3732 1.000000 5
3735 1.000000 3
3740 1.000000 5
3744 1.000000 4
3747 -1.000000 3
3750 1.000000 3
3755 0.000000 5
3759 1.000000 4
3764 1.000000 5
3768 1.000000 4
3773 1.000000 5
3778 0.000000 5
3782 1.000000 4
3785 1.000000 3
3788 1.000000 3
3793 1.000000 5
3798 1.000000 5
3802 1.000000 4
3806 1.000000 4
3811 0.000000 5
3816 0.000000 5
3819 1.000000 3
3823 -1.000000 4
3828 1.000000 5
3832 1.000000 4
3835 -1.000000 3
3839 -1.000000 4
3843 1.000000 4
3848 1.000000 5
3853 1.000000 5
3856 1.000000 3
3859 -1.000000 3
3862 -1.000000 3
3866 1.000000 4
3871 1.000000 5
3876 1.000000 5
3879 -1.000000 3
3884 1.000000 5
3888 -1.000000 4
3892 1.000000 4
3896 1.000000 4
3899 -1.000000 3
3904 0.000000 5
3907 -1.000000 3
3912 1.000000 5
3917 1.000000 5
3921 1.000000 4
3924 1.000000 3
3929 1.000000 5
3933 -1.000000 4
3937 -1.000000 4
3941 -1.000000 4
3945 1.000000 4
3949 1.000000 4
3952 -1.000000 3
3955 1.000000 3
3959 -1.000000 4
3963 1.000000 4
3967 -1.000000 4
3971 1.000000 4
3974 1.000000 3
3978 -1.000000 4
3983 1.000000 5
3987 1.000000 4
3992 1.000000 5
3995 -1.000000 3
4000 1.000000 5
4005 1.000000 5
4009 -1.000000 4
4013 1.000000 4
4016 1.000000 3
4019 -1.000000 3
4023 -1.000000 4
4028 0.000000 5
4033 0.000000 5
4038 1.000000 5
4042 -1.000000 4
4047 1.000000 5
4050 -1.000000 3
4055 1.000000 5
4059 -1.000000 4
4062 1.000000 3
4066 1.000000 4
4071 0.000000 5
4074 1.000000 3
4079 1.000000 5
4083 -1.000000 4
4087 1.000000 4
4092 1.000000 5
4097 0.000000 5
4100 1.000000 3
4104 1.000000 4
4109 1.000000 5
4113 1.000000 4
4117 1.000000 4
4121 1.000000 4
4126 1.000000 5
4131 1.000000 5
4134 -1.000000 3
4137 -1.000000 3
4141 1.000000 4
4146 1.000000 5
4150 -1.000000 4
4154 -1.000000 4
4158 1.000000 4
4163 1.000000 5
4168 1.000000 5
4172 1.000000 4
4176 1.000000 4
4181 1.000000 5
4186 1.000000 5
4191 1.000000 5
4196 1.000000 5
4201 1.000000 5
4206 0.000000 5
4210 -1.000000 4
4215 1.000000 5
4219 1.000000 4
4223 1.000000 4
4227 -1.000000 4
4231 -1.000000 4
4236 1.000000 5
4239 1.000000 3
4244 1.000000 5
4248 1.000000 4
4252 -1.000000 4
4256 -1.000000 4
4260 1.000000 4
4264 1.000000 4
4267 -1.000000 3
4272 1.000000 5
4275 -1.000000 3
4279 -1.000000 4
4283 1.000000 4
4287 1.000000 4
4291 1.000000 4
4294 -1.000000 3
4299 0.000000 5
4303 -1.000000 4
4307 1.000000 4
4312 0.000000 5
4317 0.000000 5
4320 1.000000 3
4325 1.000000 5
4329 1.000000 4
4333 1.000000 4
4337 -1.000000 4
4342 1.000000 5
4346 -1.000000 4
4351 1.000000 5
4355 -1.000000 4
4360 0.000000 5
4365 1.000000 5
4370 0.000000 5
4375 1.000000 5
4378 -1.000000 3
4383 1.000000 5
4387 -1.000000 4
4391 1.000000 4
4394 1.000000 3
4398 1.000000 4
4403 0.000000 5
4408 1.000000 5
4411 -1.000000 3
4416 0.000000 5
4420 -1.000000 4
4425 1.000000 5
4428 1.000000 3
4432 1.000000 4
4436 1.000000 4
4440 -1.000000 4
4445 1.000000 5
4449 1.000000 4
4454 0.000000 5
4457 -1.000000 3
4462 0.000000 5
4466 -1.000000 4
4471 0.000000 5
4475 1.000000 4
4480 1.000000 5
4484 -1.000000 4
4489 1.000000 5
4493 -1.000000 4
4496 1.000000 3
4500 1.000000 4
4504 -1.000000 4
4508 1.000000 4
4513 0.000000 5
4518 0.000000 5
4522 1.000000 4
4527 0.000000 5
4532 0.000000 5
4536 1.000000 4
4541 1.000000 5
4545 1.000000 4
4550 1.000000 5
4554 1.000000 4
4558 -1.000000 4
4562 1.000000 4
4567 0.000000 5
4571 1.000000 4
4575 -1.000000 4
4580 1.000000 5
4584 1.000000 4
4588 -1.000000 4
4592 -1.000000 4
4597 1.000000 5
4602 0.000000 5
4605 -1.000000 3
4610 0.000000 5
4614 1.000000 4
4618 -1.000000 4
4623 1.000000 5
4628 0.000000 5
4632 1.000000 4
4637 1.000000 5
4641 1.000000 4
4645 1.000000 4
4650 0.000000 5
4655 0.000000 5
4660 1.000000 5
4664 -1.000000 4
4667 1.000000 3
4671 1.000000 4
4675 -1.000000 4
4679 1.000000 4
4683 -1.000000 4
4688 1.000000 5
4692 -1.000000 4
4697 1.000000 5
4700 1.000000 3
4704 -1.000000 4
4708 1.000000 4
4712 1.000000 4
4716 -1.000000 4
4720 1.000000 4
4724 1.000000 4
4728 1.000000 4
4731 1.000000 3
4736 0.000000 5
4740 1.000000 4
4744 1.000000 4
4749 1.000000 5
4752 1.000000 3
4756 1.000000 4
4760 1.000000 4
4764 -1.000000 4
4769 1.000000 5
4773 -1.000000 4
4778 0.000000 5
4783 1.000000 5
4786 1.000000 3
4789 1.000000 3
4793 -1.000000 4
4796 1.000000 3
4800 -1.000000 4
4804 -1.000000 4
4808 1.000000 4
4813 1.000000 5
4817 -1.000000 4
4821 1.000000 4
4826 0.000000 5
4830 1.000000 4
4835 1.000000 5
4840 0.000000 5
4845 1.000000 5
4850 1.000000 5
4854 1.000000 4
4858 -1.000000 4
4862 1.000000 4
4867 1.000000 5
4871 1.000000 4
4875 -1.000000 4
4879 1.000000 4
4884 1.000000 5
4887 -1.000000 3
4891 1.000000 4
4894 -1.000000 3
4899 1.000000 5
4902 -1.000000 3
4905 -1.000000 3
4909 1.000000 4
4913 -1.000000 4
4917 -1.000000 4
4920 1.000000 3
4924 1.000000 4
4928 -1.000000 4
4932 -1.000000 4
4937 1.000000 5
4941 -1.000000 4
4945 1.000000 4
4949 1.000000 4
4953 1.000000 4
4957 -1.000000 4
4961 1.000000 4
4964 -1.000000 3
4967 -1.000000 3
4972 1.000000 5
4976 1.000000 4
4980 -1.000000 4
4984 1.000000 4
4988 1.000000 4
4992 1.000000 4
4997 1.000000 5
5000 1.000000 3
5003 1.000000 3
5008 1.000000 5
5013 1.000000 5
5018 0.000000 5
5022 1.000000 4
5027 1.000000 5
5031 1.000000 4
5035 -1.000000 4
5039 1.000000 4
5044 1.000000 5
5047 -1.000000 3
5052 1.000000 5
5056 1.000000 4
5059 1.000000 3
5063 -1.000000 4
5068 0.000000 5
5072 -1.000000 4
5076 1.000000 4
5080 1.000000 4
5084 -1.000000 4
5088 1.000000 4
5092 1.000000 4
5097 1.000000 5
5102 1.000000 5
5105 -1.000000 3
5109 -1.000000 4
5113 -1.000000 4
5116 1.000000 3
5120 1.000000 4
5124 -1.000000 4
5127 1.000000 3
5130 -1.000000 3
5134 1.000000 4
5139 0.000000 5
5144 0.000000 5
5147 1.000000 3
5151 1.000000 4
5155 -1.000000 4
5159 1.000000 4
5163 1.000000 4
5167 -1.000000 4
5171 -1.000000 4
5174 -1.000000 3
5178 -1.000000 4
5183 1.000000 5
5186 -1.000000 3
5190 1.000000 4
5194 -1.000000 4
5198 1.000000 4
5202 1.000000 4
5206 -1.000000 4
5211 0.000000 5
5215 -1.000000 4
5220 1.000000 5
5225 0.000000 5
5230 1.000000 5
5234 1.000000 4
5238 -1.000000 4
5242 -1.000000 4
5247 1.000000 5
5251 1.000000 4
5255 1.000000 4
5259 1.000000 4
5263 -1.000000 4
5266 1.000000 3
5270 -1.000000 4
5273 -1.000000 3
5277 1.000000 4
5282 1.000000 5
5287 0.000000 5
5290 1.000000 3
5293 -1.000000 3
5298 1.000000 5
5302 1.000000 4
5307 0.000000 5
5312 1.000000 5
5315 -1.000000 3
5318 1.000000 3
5322 1.000000 4
5326 1.000000 4
5330 -1.000000 4
5335 1.000000 5
5340 0.000000 5
5344 -1.000000 4
5348 -1.000000 4
5352 1.000000 4
5356 -1.000000 4
5359 -1.000000 3
5364 0.000000 5
5368 1.000000 4
5372 -1.000000 4
5376 1.000000 4
5380 1.000000 4
5385 1.000000 5
5389 1.000000 4
5392 1.000000 3
5397 1.000000 5
5402 0.000000 5
5406 -1.000000 4
5410 1.000000 4
5414 -1.000000 4
5417 1.000000 3
5421 -1.000000 4
5424 1.000000 3
5429 1.000000 5
5434 1.000000 5
5439 1.000000 5
5443 -1.000000 4
5446 1.000000 3
5450 1.000000 4
5455 0.000000 5
5460 1.000000 5
5464 1.000000 4
5467 -1.000000 3
5470 -1.000000 3
5473 -1.000000 3
5478 1.000000 5
5482 -1.000000 4
5486 -1.000000 4
5491 1.000000 5
5494 1.000000 3
5499 1.000000 5
5502 -1.000000 3
5507 0.000000 5
5512 0.000000 5
5516 -1.000000 4
5521 0.000000 5
5525 1.000000 4
5530 1.000000 5
5533 1.000000 3
5537 1.000000 4
5540 1.000000 3
5544 1.000000 4
5547 -1.000000 3
5552 0.000000 5
5556 -1.000000 4
5560 -1.000000 4
5565 0.000000 5
5569 -1.000000 4
5572 1.000000 3
5575 -1.000000 3
5580 1.000000 5
5584 -1.000000 4
5588 1.000000 4
5592 -1.000000 4
5596 -1.000000 4
5600 1.000000 4
5605 0.000000 5
5608 1.000000 3
5612 1.000000 4
5616 1.000000 4
5621 1.000000 5
5625 1.000000 4
5629 1.000000 4
5634 0.000000 5
5639 1.000000 5
5643 -1.000000 4
5648 0.000000 5
5651 1.000000 3
5654 1.000000 3
5659 1.000000 5
5664 1.000000 5
5667 1.000000 3
5672 1.000000 5
5677 1.000000 5
5680 1.000000 3
5683 1.000000 3
5688 0.000000 5
5692 -1.000000 4
5695 -1.000000 3
5700 1.000000 5
5703 -1.000000 3
5708 0.000000 5
5713 1.000000 5
5717 1.000000 4
5721 1.000000 4
5725 1.000000 4
5729 1.000000 4
5733 1.000000 4
5737 1.000000 4
5742 0.000000 5
5746 1.000000 4
5751 1.000000 5
5754 1.000000 3
5758 1.000000 4
5762 1.000000 4
5767 0.000000 5
5770 1.000000 3
5773 -1.000000 3
5778 0.000000 5
5783 1.000000 5
5788 1.000000 5
5792 1.000000 4
5795 1.000000 3
5799 -1.000000 4
5804 0.000000 5
5808 -1.000000 4
5812 -1.000000 4
5816 1.000000 4
5821 0.000000 5
5826 1.000000 5
5830 -1.000000 4
5834 1.000000 4
5838 1.000000 4
5843 1.000000 5
5848 1.000000 5
5852 1.000000 4
5856 -1.000000 4
5860 -1.000000 4
5865 0.000000 5
5869 1.000000 4
5874 0.000000 5
5878 1.000000 4
5882 1.000000 4
5886 1.000000 4
5890 -1.000000 4
5895 0.000000 5
5900 1.000000 5
5904 1.000000 4
5908 1.000000 4
5913 0.000000 5
5918 1.000000 5
5921 -1.000000 3
5924 1.000000 3
5929 1.000000 5
5934 1.000000 5
5938 -1.000000 4
5943 0.000000 5
5947 1.000000 4
5951 1.000000 4
5956 0.000000 5
5960 -1.000000 4
5964 -1.000000 4
5968 -1.000000 4
5972 1.000000 4
5975 1.000000 3
5980 1.000000 5
5983 1.000000 3
5988 0.000000 5
5991 1.000000 3
5995 1.000000 4
5998 1.000000 3
6001 1.000000 3
6006 0.000000 5
6011 0.000000 5
6014 1.000000 3
6019 0.000000 5
6024 1.000000 5
6028 -1.000000 4
6032 1.000000 4
6036 1.000000 4
6041 0.000000 5
6046 1.000000 5
6051 1.000000 5
6054 -1.000000 3
6058 1.000000 4
6062 -1.000000 4
6066 -1.000000 4
6070 -1.000000 4
6074 1.000000 4
6078 1.000000 4
6081 1.000000 3
6084 1.000000 3
6087 1.000000 3
6092 1.000000 5
6097 0.000000 5
6100 1.000000 3
6103 -1.000000 3
6108 0.000000 5
6113 0.000000 5
6117 1.000000 4
6121 1.000000 4
6125 1.000000 4
6130 1.000000 5
6134 -1.000000 4
6137 1.000000 3
6142 1.000000 5
6146 1.000000 4
6151 0.000000 5
6156 1.000000 5
6161 0.000000 5
6165 1.000000 4
6169 1.000000 4
6174 1.000000 5
6179 1.000000 5
6184 0.000000 5
6189 1.000000 5
6193 -1.000000 4
6197 1.000000 4
6201 -1.000000 4
6205 -1.000000 4
6209 1.000000 4
6214 1.000000 5
6218 1.000000 4
6222 1.000000 4
6227 0.000000 5
6231 -1.000000 4
6234 -1.000000 3
6237 1.000000 3
6242 0.000000 5
6247 0.000000 5
6250 1.000000 3
6255 0.000000 5
6259 1.000000 4
6263 1.000000 4
6267 -1.000000 4
6270 -1.000000 3
6274 -1.000000 4
6279 0.000000 5
6284 1.000000 5
6288 -1.000000 4
6292 1.000000 4
6296 1.000000 4
6300 -1.000000 4
6303 -1.000000 3
6308 1.000000 5
6312 1.000000 4
6317 1.000000 5
6320 1.000000 3
6325 1.000000 5
6330 0.000000 5
6333 1.000000 3
6336 1.000000 3
6341 0.000000 5
6346 1.000000 5
6351 1.000000 5
6355 -1.000000 4
6358 -1.000000 3
6362 1.000000 4
6366 -1.000000 4
6371 1.000000 5
6375 -1.000000 4
6378 1.000000 3
6382 1.000000 4
6386 -1.000000 4
6391 0.000000 5
6395 1.000000 4
6399 -1.000000 4
6404 1.000000 5
6409 1.000000 5
6414 0.000000 5
6418 -1.000000 4
6422 -1.000000 4
6425 1.000000 3
6429 1.000000 4
6433 -1.000000 4
6438 1.000000 5
6442 1.000000 4
6445 1.000000 3
6449 1.000000 4
6453 1.000000 4
6456 1.000000 3
6461 1.000000 5
6466 0.000000 5
6471 1.000000 5
6475 1.000000 4
6479 1.000000 4
6483 1.000000 4
6487 1.000000 4
6492 0.000000 5
6495 1.000000 3
6499 1.000000 4
6503 1.000000 4
6507 -1.000000 4
6512 1.000000 5
6515 1.000000 3
6520 0.000000 5
6524 -1.000000 4
6529 1.000000 5
6534 1.000000 5
6537 -1.000000 3
6542 1.000000 5
6546 1.000000 4
6550 -1.000000 4
6554 1.000000 4
6558 1.000000 4
6563 0.000000 5
6568 0.000000 5
6571 -1.000000 3
6575 -1.000000 4
6579 1.000000 4
6583 -1.000000 4
6587 1.000000 4
6592 0.000000 5
6596 -1.000000 4
6601 1.000000 5
6605 1.000000 4
6609 1.000000 4
6613 -1.000000 4
6616 1.000000 3
6620 -1.000000 4
6623 1.000000 3
6628 1.000000 5
6632 -1.000000 4
6636 -1.000000 4
6641 0.000000 5
6645 -1.000000 4
6650 0.000000 5
6654 1.000000 4
6658 -1.000000 4
6661 1.000000 3
6665 -1.000000 4
6668 1.000000 3
6672 1.000000 4
6675 -1.000000 3
6680 0.000000 5
6685 1.000000 5
6690 1.000000 5
6694 1.000000 4
6698 1.000000 4
6703 0.000000 5
