4 1.000000 4
7 -1.000000 3
10 -1.000000 3
15 1.000000 5
19 1.000000 4
22 -1.000000 3
25 1.000000 3
29 -1.000000 4
33 -1.000000 4
36 -1.000000 3
39 -1.000000 3
43 1.000000 4
47 -1.000000 4
50 1.000000 3
54 1.000000 4
59 1.000000 5
64 1.000000 5
69 1.000000 5
74 1.000000 5
78 -1.000000 4
82 1.000000 4
87 0.000000 5
91 1.000000 4
96 0.000000 5
99 1.000000 3
104 0.000000 5
107 1.000000 3
111 -1.000000 4
115 -1.000000 4
120 0.000000 5
124 1.000000 4
129 1.000000 5
133 1.000000 4
136 -1.000000 3
140 1.000000 4
144 -1.000000 4
148 1.000000 4
153 1.000000 5
157 1.000000 4
161 1.000000 4
166 1.000000 5
171 1.000000 5
176 1.000000 5
180 -1.000000 4
184 1.000000 4
188 1.000000 4
192 -1.000000 4
196 1.000000 4
201 0.000000 5
206 1.000000 5
210 -1.000000 4
215 1.000000 5
219 1.000000 4
223 -1.000000 4
228 1.000000 5
232 1.000000 4
236 1.000000 4
241 1.000000 5
245 1.000000 4
249 1.000000 4
253 1.000000 4
257 -1.000000 4
262 1.000000 5
267 1.000000 5
271 -1.000000 4
276 0.000000 5
280 -1.000000 4
284 1.000000 4
289 1.000000 5
293 1.000000 4
297 -1.000000 4
301 -1.000000 4
306 0.000000 5
311 1.000000 5
316 1.000000 5
321 1.000000 5
324 -1.000000 3
329 1.000000 5
332 1.000000 3
336 -1.000000 4
339 -1.000000 3
343 -1.000000 4
347 1.000000 4
352 1.000000 5
355 -1.000000 3
360 1.000000 5
364 -1.000000 4
368 1.000000 4
373 0.000000 5
378 0.000000 5
382 1.000000 4
386 -1.000000 4
390 -1.000000 4
394 1.000000 4
399 1.000000 5
403 1.000000 4
408 0.000000 5
412 1.000000 4
417 1.000000 5
421 1.000000 4
424 -1.000000 3
428 -1.000000 4
432 -1.000000 4
435 1.000000 3
438 1.000000 3
442 1.000000 4
446 1.000000 4
450 -1.000000 4
454 1.000000 4
459 0.000000 5
462 1.000000 3
466 -1.000000 4
471 1.000000 5
475 1.000000 4
479 1.000000 4
484 1.000000 5
489 1.000000 5
493 -1.000000 4
496 -1.000000 3
500 -1.000000 4
504 1.000000 4
508 1.000000 4
512 1.000000 4
517 1.000000 5
520 1.000000 3
525 0.000000 5
530 1.000000 5
535 0.000000 5
539 -1.000000 4
544 1.000000 5
548 -1.000000 4
551 1.000000 3
555 -1.000000 4
559 -1.000000 4
564 0.000000 5
569 1.000000 5
573 1.000000 4
577 1.000000 4
581 1.000000 4
586 1.000000 5
589 -1.000000 3
592 -1.000000 3
596 -1.000000 4
600 -1.000000 4
603 -1.000000 3
608 0.000000 5
613 1.000000 5
618 0.000000 5
622 -1.000000 4
627 0.000000 5
630 -1.000000 3
635 1.000000 5
639 -1.000000 4
644 1.000000 5
649 0.000000 5
653 1.000000 4
657 -1.000000 4
660 1.000000 3
665 1.000000 5
669 1.000000 4
673 1.000000 4
677 1.000000 4
681 -1.000000 4
686 0.000000 5
689 -1.000000 3
693 -1.000000 4
696 1.000000 3
700 1.000000 4
704 1.000000 4
708 1.000000 4
712 1.000000 4
716 -1.000000 4
719 -1.000000 3
723 -1.000000 4
726 1.000000 3
729 1.000000 3
733 1.000000 4
737 -1.000000 4
740 1.000000 3
744 -1.000000 4
749 1.000000 5
753 1.000000 4
757 1.000000 4
761 1.000000 4
765 -1.000000 4
770 1.000000 5
775 0.000000 5
779 1.000000 4
784 1.000000 5
789 1.000000 5
792 -1.000000 3
797 0.000000 5
802 0.000000 5
806 -1.000000 4
810 1.000000 4
814 -1.000000 4
818 1.000000 4
823 1.000000 5
827 -1.000000 4
831 1.000000 4
835 1.000000 4
840 0.000000 5
844 -1.000000 4
848 -1.000000 4
852 -1.000000 4
855 -1.000000 3
859 1.000000 4
863 1.000000 4
867 1.000000 4
871 1.000000 4
876 0.000000 5
880 -1.000000 4
885 0.000000 5
890 1.000000 5
894 -1.000000 4
899 1.000000 5
903 -1.000000 4
907 1.000000 4
911 -1.000000 4
915 1.000000 4
919 1.000000 4
924 1.000000 5
929 1.000000 5
932 1.000000 3
935 1.000000 3
939 1.000000 4
944 1.000000 5
947 1.000000 3
952 1.000000 5
957 1.000000 5
961 -1.000000 4
965 1.000000 4
968 -1.000000 3
971 -1.000000 3
975 -1.000000 4
980 0.000000 5
985 1.000000 5
990 1.000000 5
994 1.000000 4
999 1.000000 5
1003 -1.000000 4
1008 1.000000 5
1013 0.000000 5
1018 0.000000 5
1023 1.000000 5
1026 1.000000 3
1031 0.000000 5
1035 1.000000 4
1039 -1.000000 4
1043 -1.000000 4
1047 1.000000 4
1052 0.000000 5
1057 1.000000 5
1062 1.000000 5
1067 1.000000 5
1071 -1.000000 4
1075 -1.000000 4
1080 0.000000 5
1085 1.000000 5
1088 1.000000 3
1093 0.000000 5
1097 -1.000000 4
1101 -1.000000 4
1105 1.000000 4
1109 -1.000000 4
1113 1.000000 4
1117 1.000000 4
1122 1.000000 5
1127 1.000000 5
1130 -1.000000 3
1135 1.000000 5
1138 -1.000000 3
1142 -1.000000 4
1145 1.000000 3
1150 0.000000 5
1154 -1.000000 4
1158 -1.000000 4
1162 1.000000 4
1167 0.000000 5
1171 -1.000000 4
1176 0.000000 5
1180 1.000000 4
1184 -1.000000 4
1189 1.000000 5
1193 1.000000 4
1198 0.000000 5
1202 1.000000 4
1206 -1.000000 4
1211 1.000000 5
1215 -1.000000 4
1220 1.000000 5
1224 1.000000 4
1228 1.000000 4
1231 1.000000 3
1236 1.000000 5
1241 1.000000 5
1246 1.000000 5
1250 1.000000 4
1253 -1.000000 3
1258 0.000000 5
1263 1.000000 5
1268 1.000000 5
1271 1.000000 3
1274 1.000000 3
1279 0.000000 5
1283 1.000000 4
1287 -1.000000 4
1291 -1.000000 4
1296 1.000000 5
1301 0.000000 5
1305 -1.000000 4
1308 1.000000 3
1313 1.000000 5
1317 -1.000000 4
1322 1.000000 5
1325 -1.000000 3
1330 0.000000 5
1334 1.000000 4
1338 1.000000 4
1342 -1.000000 4
1346 -1.000000 4
1350 1.000000 4
1354 -1.000000 4
1357 -1.000000 3
1362 1.000000 5
1366 1.000000 4
1371 1.000000 5
1375 -1.000000 4
1378 -1.000000 3
1383 1.000000 5
1388 1.000000 5
1392 1.000000 4
1397 1.000000 5
1401 -1.000000 4
1404 -1.000000 3
1408 1.000000 4
1411 -1.000000 3
1414 -1.000000 3
1418 1.000000 4
1422 1.000000 4
1426 1.000000 4
1431 1.000000 5
1435 1.000000 4
1438 1.000000 3
1441 1.000000 3
1446 0.000000 5
1450 1.000000 4
1454 -1.000000 4
1457 -1.000000 3
1462 1.000000 5
1467 1.000000 5
1471 1.000000 4
1476 1.000000 5
1479 -1.000000 3
1483 1.000000 4
1487 1.000000 4
1492 1.000000 5
1496 1.000000 4
1501 1.000000 5
1506 1.000000 5
1510 -1.000000 4
1515 1.000000 5
1519 -1.000000 4
1522 1.000000 3
1527 1.000000 5
1532 1.000000 5
1537 1.000000 5
1541 -1.000000 4
1545 1.000000 4
1550 0.000000 5
1555 1.000000 5
1560 1.000000 5
1565 1.000000 5
1569 1.000000 4
1573 1.000000 4
1578 0.000000 5
1583 1.000000 5
1588 1.000000 5
1592 -1.000000 4
1597 0.000000 5
1601 1.000000 4
1605 1.000000 4
1610 1.000000 5
1615 1.000000 5
1620 0.000000 5
1624 1.000000 4
1628 -1.000000 4
1632 1.000000 4
1637 1.000000 5
1642 1.000000 5
1646 1.000000 4
1650 -1.000000 4
1655 1.000000 5
1659 1.000000 4
1663 -1.000000 4
1668 1.000000 5
1672 1.000000 4
1677 1.000000 5
1680 -1.000000 3
1684 1.000000 4
1689 0.000000 5
1693 -1.000000 4
1697 -1.000000 4
1701 1.000000 4
1705 -1.000000 4
1708 1.000000 3
1712 1.000000 4
1716 1.000000 4
1720 -1.000000 4
1724 1.000000 4
1727 -1.000000 3
1731 -1.000000 4
1736 1.000000 5
1740 1.000000 4
1745 1.000000 5
1750 0.000000 5
1755 1.000000 5
1759 1.000000 4
1764 1.000000 5
1769 1.000000 5
1774 0.000000 5
1779 1.000000 5
1783 1.000000 4
1788 1.000000 5
1793 1.000000 5
1797 -1.000000 4
1802 1.000000 5
1805 1.000000 3
1810 0.000000 5
1814 -1.000000 4
1818 1.000000 4
1822 1.000000 4
1827 1.000000 5
1832 0.000000 5
1837 1.000000 5
1841 1.000000 4
1846 1.000000 5
1850 -1.000000 4
1854 1.000000 4
1858 -1.000000 4
1863 0.000000 5
1868 1.000000 5
1873 1.000000 5
1878 1.000000 5
1883 1.000000 5
1886 1.000000 3
1890 1.000000 4
1893 -1.000000 3
1896 -1.000000 3
1900 -1.000000 4
1904 -1.000000 4
1909 0.000000 5
1914 0.000000 5
1918 -1.000000 4
1922 -1.000000 4
1927 0.000000 5
1931 -1.000000 4
1935 -1.000000 4
1940 0.000000 5
1945 1.000000 5
1949 1.000000 4
1953 1.000000 4
1958 0.000000 5
1962 1.000000 4
1966 1.000000 4
1970 1.000000 4
1974 1.000000 4
1979 1.000000 5
1983 -1.000000 4
1987 1.000000 4
1990 -1.000000 3
1993 1.000000 3
1998 0.000000 5
2002 1.000000 4
2005 1.000000 3
2010 0.000000 5
2014 -1.000000 4
2018 1.000000 4
2021 -1.000000 3
2024 -1.000000 3
2028 1.000000 4
2032 1.000000 4
2036 1.000000 4
2040 -1.000000 4
2045 0.000000 5
2048 1.000000 3
2052 -1.000000 4
2057 0.000000 5
2061 1.000000 4
2066 1.000000 5
2070 1.000000 4
2075 1.000000 5
2079 1.000000 4
2083 -1.000000 4
2087 -1.000000 4
2092 1.000000 5
2095 1.000000 3
2098 1.000000 3
2102 1.000000 4
2105 1.000000 3
2110 0.000000 5
2113 -1.000000 3
2118 1.000000 5
2122 -1.000000 4
2126 1.000000 4
2129 1.000000 3
2134 1.000000 5
2139 0.000000 5
2143 -1.000000 4
2148 1.000000 5
2153 1.000000 5
2157 -1.000000 4
2162 0.000000 5
2166 1.000000 4
2169 1.000000 3
2174 1.000000 5
2177 1.000000 3
2182 0.000000 5
2186 -1.000000 4
2189 -1.000000 3
2193 -1.000000 4
2198 0.000000 5
2203 1.000000 5
2207 1.000000 4
2211 -1.000000 4
2215 1.000000 4
2219 1.000000 4
2223 -1.000000 4
2227 1.000000 4
2232 0.000000 5
2235 1.000000 3
2240 1.000000 5
2244 1.000000 4
2249 1.000000 5
2253 1.000000 4
2258 1.000000 5
2262 -1.000000 4
2266 1.000000 4
2271 0.000000 5
2274 -1.000000 3
2279 1.000000 5
2284 0.000000 5
2288 1.000000 4
2291 -1.000000 3
2295 -1.000000 4
2298 1.000000 3
2303 1.000000 5
2307 1.000000 4
2312 1.000000 5
2315 -1.000000 3
2318 1.000000 3
2323 0.000000 5
2328 1.000000 5
2333 1.000000 5
2337 1.000000 4
2340 1.000000 3
2344 -1.000000 4
2349 0.000000 5
2353 -1.000000 4
2357 1.000000 4
2360 -1.000000 3
2364 -1.000000 4
2369 0.000000 5
2374 0.000000 5
2378 -1.000000 4
2382 1.000000 4
2386 -1.000000 4
2391 0.000000 5
2395 -1.000000 4
2398 1.000000 3
2402 1.000000 4
2407 0.000000 5
2412 0.000000 5
2416 1.000000 4
2420 -1.000000 4
2425 0.000000 5
2430 1.000000 5
2435 1.000000 5
2439 1.000000 4
2444 1.000000 5
2448 1.000000 4
2451 1.000000 3
2456 0.000000 5
2461 1.000000 5
2465 -1.000000 4
2470 1.000000 5
2474 1.000000 4
2478 1.000000 4
2482 1.000000 4
2485 1.000000 3
2490 1.000000 5
2495 1.000000 5
2500 0.000000 5
2505 1.000000 5
2510 1.000000 5
2514 1.000000 4
2518 -1.000000 4
2523 1.000000 5
2528 1.000000 5
2531 1.000000 3
2536 1.000000 5
2540 -1.000000 4
2544 1.000000 4
2549 0.000000 5
2553 -1.000000 4
2557 1.000000 4
2561 1.000000 4
2565 1.000000 4
2568 1.000000 3
2573 1.000000 5
2577 1.000000 4
2580 -1.000000 3
2583 -1.000000 3
2586 1.000000 3
2590 -1.000000 4
2595 1.000000 5
2598 1.000000 3
2603 1.000000 5
2607 1.000000 4
2611 1.000000 4
2615 1.000000 4
2618 -1.000000 3
2622 1.000000 4
2627 1.000000 5
2632 0.000000 5
2635 1.000000 3
2639 1.000000 4
2643 -1.000000 4
2646 1.000000 3
2651 0.000000 5
2654 -1.000000 3
2657 1.000000 3
2662 1.000000 5
2667 1.000000 5
2672 0.000000 5
2677 0.000000 5
2681 1.000000 4
2685 -1.000000 4
2689 1.000000 4
2694 1.000000 5
2698 1.000000 4
2702 -1.000000 4
2706 -1.000000 4
2710 -1.000000 4
2715 1.000000 5
2720 1.000000 5
2724 1.000000 4
2729 0.000000 5
2734 1.000000 5
2739 1.000000 5
2742 -1.000000 3
2746 -1.000000 4
2750 1.000000 4
2755 1.000000 5
2759 1.000000 4
2762 -1.000000 3
2765 1.000000 3
2769 1.000000 4
2773 1.000000 4
2777 -1.000000 4
2781 1.000000 4
2785 1.000000 4
2789 1.000000 4
2793 1.000000 4
2798 1.000000 5
2801 1.000000 3
2805 1.000000 4
2810 0.000000 5
2814 1.000000 4
2818 1.000000 4
2823 1.000000 5
2827 -1.000000 4
2831 -1.000000 4
2834 -1.000000 3
2839 1.000000 5
2843 1.000000 4
2848 0.000000 5
2851 -1.000000 3
2856 1.000000 5
2861 0.000000 5
2864 1.000000 3
2869 0.000000 5
2872 -1.000000 3
2876 1.000000 4
2880 1.000000 4
2885 1.000000 5
2889 1.000000 4
2893 -1.000000 4
2897 -1.000000 4
2901 -1.000000 4
2905 1.000000 4
2909 -1.000000 4
2914 1.000000 5
2918 1.000000 4
2923 1.000000 5
2928 1.000000 5
2932 1.000000 4
2937 1.000000 5
2941 -1.000000 4
2945 -1.000000 4
2950 0.000000 5
2955 1.000000 5
2959 -1.000000 4
2964 1.000000 5
2967 -1.000000 3
2972 1.000000 5
2976 -1.000000 4
2980 -1.000000 4
2985 1.000000 5
2990 1.000000 5
2994 -1.000000 4
2998 1.000000 4
3002 -1.000000 4
3006 -1.000000 4
3010 -1.000000 4
3014 -1.000000 4
3019 0.000000 5
3023 -1.000000 4
3028 1.000000 5
3033 1.000000 5
3038 1.000000 5
3042 -1.000000 4
3047 0.000000 5
3050 -1.000000 3
3053 1.000000 3
3058 0.000000 5
3062 1.000000 4
3066 -1.000000 4
3069 -1.000000 3
3074 1.000000 5
3078 1.000000 4
3083 0.000000 5
3088 1.000000 5
3092 -1.000000 4
3096 1.000000 4
3100 1.000000 4
3104 1.000000 4
3109 1.000000 5
3113 1.000000 4
3118 1.000000 5
3122 -1.000000 4
3126 1.000000 4
3131 0.000000 5
3135 1.000000 4
3140 1.000000 5
3144 1.000000 4
3148 -1.000000 4
3152 1.000000 4
3156 -1.000000 4
3160 1.000000 4
3163 -1.000000 3
3168 0.000000 5
3173 1.000000 5
3177 -1.000000 4
3182 1.000000 5
3187 1.000000 5
3191 -1.000000 4
3196 1.000000 5
3199 -1.000000 3
3203 1.000000 4
3206 1.000000 3
3210 -1.000000 4
3213 1.000000 3
3218 0.000000 5
3222 -1.000000 4
3226 -1.000000 4
3229 -1.000000 3
3233 -1.000000 4
3238 1.000000 5
3242 1.000000 4
3247 1.000000 5
3250 -1.000000 3
3254 1.000000 4
3259 1.000000 5
3263 1.000000 4
3267 1.000000 4
3272 1.000000 5
3277 1.000000 5
3281 -1.000000 4
3286 1.000000 5
3289 1.000000 3
3293 1.000000 4
3298 1.000000 5
3303 0.000000 5
3306 -1.000000 3
3310 1.000000 4
3313 1.000000 3
3318 1.000000 5
3322 1.000000 4
3327 0.000000 5
3331 1.000000 4
3335 -1.000000 4
3338 1.000000 3
3343 0.000000 5
3348 1.000000 5
3353 1.000000 5
3357 -1.000000 4
3361 1.000000 4
3365 -1.000000 4
3370 0.000000 5
3373 1.000000 3
3376 1.000000 3
3380 1.000000 4
3384 -1.000000 4
3389 0.000000 5
3393 1.000000 4
3398 1.000000 5
3402 1.000000 4
3406 -1.000000 4
3410 -1.000000 4
3415 1.000000 5
3419 -1.000000 4
3423 1.000000 4
3426 1.000000 3
3431 1.000000 5
3434 1.000000 3
3438 -1.000000 4
3441 1.000000 3
3445 1.000000 4
3449 -1.000000 4
3454 1.000000 5
3457 1.000000 3
3460 1.000000 3
3464 1.000000 4
3468 1.000000 4
3473 1.000000 5
3477 1.000000 4
3481 -1.000000 4
3485 1.000000 4
3490 0.000000 5
3494 -1.000000 4
3498 -1.000000 4
3502 1.000000 4
3507 0.000000 5
3511 -1.000000 4
3516 1.000000 5
3519 -1.000000 3
3524 1.000000 5
3528 -1.000000 4
3532 1.000000 4
3537 1.000000 5
3540 -1.000000 3
3545 0.000000 5
3550 0.000000 5
3554 -1.000000 4
3559 1.000000 5
3562 -1.000000 3
3566 -1.000000 4
3571 0.000000 5
3575 1.000000 4
3579 -1.000000 4
3582 -1.000000 3
3586 1.000000 4
3590 1.000000 4
3595 0.000000 5
3598 -1.000000 3
3601 1.000000 3
3606 1.000000 5
3610 -1.000000 4
3613 1.000000 3
3617 1.000000 4
3620 -1.000000 3
3625 1.000000 5
3630 1.000000 5
3634 1.000000 4
3639 0.000000 5
3643 1.000000 4
3647 -1.000000 4
3651 1.000000 4
3655 -1.000000 4
3659 -1.000000 4
3664 1.000000 5
3669 1.000000 5
3672 1.000000 3
3677 0.000000 5
3682 1.000000 5
3686 -1.000000 4
3691 1.000000 5
3695 -1.000000 4
3700 0.000000 5
3705 1.000000 5
3710 1.000000 5
3715 0.000000 5
3720 1.000000 5
3724 1.000000 4
3727 1.000000 3
3730 1.000000 3
3734 -1.000000 4
3738 -1.000000 4
3743 1.000000 5
3747 -1.000000 4
3752 1.000000 5
3756 -1.000000 4
3760 -1.000000 4
3765 1.000000 5
3770 0.000000 5
3774 -1.000000 4
3778 -1.000000 4
3783 1.000000 5
3787 -1.000000 4
3792 0.000000 5
3796 -1.000000 4
3801 1.000000 5
3806 1.000000 5
3811 1.000000 5
3814 1.000000 3
3817 1.000000 3
3822 0.000000 5
3826 1.000000 4
3829 -1.000000 3
3834 1.000000 5
3839 0.000000 5
3842 1.000000 3
3846 1.000000 4
3850 1.000000 4
3855 1.000000 5
3860 1.000000 5
3865 1.000000 5
3868 -1.000000 3
3873 1.000000 5
3877 1.000000 4
3882 1.000000 5
3887 1.000000 5
3890 -1.000000 3
3895 0.000000 5
3900 0.000000 5
3903 1.000000 3
3907 1.000000 4
3911 1.000000 4
3915 -1.000000 4
3920 1.000000 5
3924 1.000000 4
3929 0.000000 5
3932 1.000000 3
3937 1.000000 5
3941 1.000000 4
3946 0.000000 5
3950 1.000000 4
3953 -1.000000 3
3956 1.000000 3
3960 1.000000 4
3965 0.000000 5
3969 1.000000 4
3973 1.000000 4
3978 1.000000 5
3982 -1.000000 4
3986 1.000000 4
3990 1.000000 4
3994 1.000000 4
3999 0.000000 5
4002 1.000000 3
4006 -1.000000 4
4010 1.000000 4
4014 -1.000000 4
4018 1.000000 4
4021 1.000000 3
4025 1.000000 4
4029 -1.000000 4
4032 -1.000000 3
4036 1.000000 4
4039 -1.000000 3
4044 1.000000 5
4048 1.000000 4
4051 1.000000 3
4054 1.000000 3
4058 1.000000 4
4063 0.000000 5
4067 -1.000000 4
4072 1.000000 5
4077 1.000000 5
4080 -1.000000 3
4083 1.000000 3
4087 -1.000000 4
4092 0.000000 5
4097 0.000000 5
4101 -1.000000 4
4106 0.000000 5
4110 1.000000 4
4114 -1.000000 4
4118 1.000000 4
4123 0.000000 5
4127 -1.000000 4
4132 1.000000 5
4136 1.000000 4
4141 0.000000 5
4145 1.000000 4
4150 1.000000 5
4155 1.000000 5
4160 1.000000 5
4165 1.000000 5
4170 0.000000 5
4173 -1.000000 3
4178 1.000000 5
4182 -1.000000 4
4187 1.000000 5
4190 1.000000 3
4193 -1.000000 3
4197 -1.000000 4
4201 1.000000 4
4204 -1.000000 3
4208 1.000000 4
4213 1.000000 5
4218 1.000000 5
4223 1.000000 5
4228 0.000000 5
4232 1.000000 4
4236 -1.000000 4
4240 -1.000000 4
4245 1.000000 5
4249 1.000000 4
4254 1.000000 5
4258 -1.000000 4
4262 -1.000000 4
4266 1.000000 4
4271 1.000000 5
4275 1.000000 4
4279 1.000000 4
4283 1.000000 4
4287 1.000000 4
4291 -1.000000 4
4296 1.000000 5
4299 1.000000 3
4303 1.000000 4
4307 -1.000000 4
4311 1.000000 4
4315 1.000000 4
4319 1.000000 4
4323 1.000000 4
4327 1.000000 4
4332 0.000000 5
4335 1.000000 3
4340 1.000000 5
4345 1.000000 5
4349 1.000000 4
4353 1.000000 4
4357 1.000000 4
4362 1.000000 5
4366 1.000000 4
4371 1.000000 5
4375 -1.000000 4
4378 -1.000000 3
4381 1.000000 3
4385 -1.000000 4
4390 1.000000 5
4393 1.000000 3
4397 1.000000 4
4402 1.000000 5
4407 1.000000 5
4412 0.000000 5
4417 1.000000 5
4422 1.000000 5
4427 1.000000 5
4431 -1.000000 4
4435 1.000000 4
4440 1.000000 5
4445 1.000000 5
4450 1.000000 5
4454 -1.000000 4
4458 1.000000 4
4463 1.000000 5
4467 -1.000000 4
4472 1.000000 5
4475 -1.000000 3
4479 1.000000 4
4483 -1.000000 4
4487 1.000000 4
4491 -1.000000 4
4495 1.000000 4
4499 -1.000000 4
4502 1.000000 3
4506 -1.000000 4
4510 1.000000 4
4515 1.000000 5
4519 -1.000000 4
4523 -1.000000 4
4528 1.000000 5
4533 1.000000 5
4538 1.000000 5
4542 1.000000 4
4545 1.000000 3
4548 -1.000000 3
4552 1.000000 4
4556 -1.000000 4
4561 0.000000 5
4565 1.000000 4
4569 1.000000 4
4573 -1.000000 4
4578 1.000000 5
4583 1.000000 5
4588 1.000000 5
4592 1.000000 4
4597 0.000000 5
4600 1.000000 3
4605 0.000000 5
4609 1.000000 4
4613 -1.000000 4
4616 -1.000000 3
4620 1.000000 4
4624 1.000000 4
4629 0.000000 5
4634 1.000000 5
4639 0.000000 5
4643 1.000000 4
4648 1.000000 5
4651 1.000000 3
4656 1.000000 5
4660 -1.000000 4
4663 -1.000000 3
4666 1.000000 3
4669 1.000000 3
4673 1.000000 4
4677 -1.000000 4
4681 1.000000 4
4686 1.000000 5
4689 1.000000 3
4693 1.000000 4
4697 1.000000 4
4700 -1.000000 3
4704 1.000000 4
4708 1.000000 4
4711 -1.000000 3
4714 -1.000000 3
4718 -1.000000 4
4722 1.000000 4
4725 -1.000000 3
4729 -1.000000 4
4734 0.000000 5
4739 1.000000 5
4744 1.000000 5
4748 1.000000 4
4752 -1.000000 4
4755 1.000000 3
4759 -1.000000 4
4763 -1.000000 4
4767 -1.000000 4
4771 -1.000000 4
4776 0.000000 5
4779 -1.000000 3
4784 0.000000 5
4788 1.000000 4
4792 -1.000000 4
4796 -1.000000 4
4800 1.000000 4
4804 -1.000000 4
4808 1.000000 4
4812 -1.000000 4
4816 1.000000 4
4821 1.000000 5
4825 1.000000 4
4830 0.000000 5
4834 -1.000000 4
4839 1.000000 5
4844 1.000000 5
4848 -1.000000 4
4852 1.000000 4
4857 0.000000 5
4860 1.000000 3
4864 -1.000000 4
4867 1.000000 3
4872 1.000000 5
4876 -1.000000 4
4881 1.000000 5
4886 1.000000 5
4890 1.000000 4
4894 -1.000000 4
4899 1.000000 5
4902 1.000000 3
4907 1.000000 5
4910 1.000000 3
4914 -1.000000 4
4919 1.000000 5
4922 -1.000000 3
4927 0.000000 5
4932 0.000000 5
4937 1.000000 5
4942 1.000000 5
4945 1.000000 3
4950 1.000000 5
4954 1.000000 4
4959 1.000000 5
4963 1.000000 4
4966 -1.000000 3
4971 1.000000 5
4975 -1.000000 4
4980 0.000000 5
4983 1.000000 3
4987 1.000000 4
4991 -1.000000 4
4996 0.000000 5
5000 -1.000000 4
5003 1.000000 3
5007 1.000000 4
5012 1.000000 5
5017 1.000000 5
5020 1.000000 3
5024 1.000000 4
5029 0.000000 5
5033 1.000000 4
5038 0.000000 5
5042 1.000000 4
5046 1.000000 4
5051 1.000000 5
5054 1.000000 3
5057 -1.000000 3
5061 1.000000 4
5064 1.000000 3
5068 1.000000 4
5073 1.000000 5
5076 1.000000 3
5081 1.000000 5
5086 1.000000 5
5090 1.000000 4
5094 -1.000000 4
5098 -1.000000 4
5103 1.000000 5
5107 1.000000 4
5111 -1.000000 4
5116 1.000000 5
5121 0.000000 5
5126 1.000000 5
5129 -1.000000 3
5134 1.000000 5
5138 -1.000000 4
5142 -1.000000 4
5145 1.000000 3
5148 1.000000 3
5153 1.000000 5
5157 1.000000 4
5161 1.000000 4
5166 1.000000 5
5171 0.000000 5
5175 1.000000 4
5178 1.000000 3
5182 -1.000000 4
5186 -1.000000 4
5191 1.000000 5
5196 0.000000 5
5201 1.000000 5
5204 1.000000 3
5209 1.000000 5
5213 1.000000 4
5217 1.000000 4
5220 1.000000 3
5224 1.000000 4
5229 1.000000 5
5233 -1.000000 4
5237 1.000000 4
5242 1.000000 5
5247 1.000000 5
5251 1.000000 4
5256 1.000000 5
5261 1.000000 5
5264 1.000000 3
5267 1.000000 3
5270 1.000000 3
5275 0.000000 5
5280 1.000000 5
5283 1.000000 3
5286 -1.000000 3
5291 1.000000 5
5296 1.000000 5
5300 1.000000 4
5305 1.000000 5
5310 1.000000 5
5313 1.000000 3
5316 -1.000000 3
5320 -1.000000 4
5323 1.000000 3
5327 -1.000000 4
5332 1.000000 5
5335 -1.000000 3
5339 1.000000 4
5343 -1.000000 4
5348 1.000000 5
5353 0.000000 5
5357 -1.000000 4
5362 0.000000 5
5365 -1.000000 3
5369 1.000000 4
5373 1.000000 4
5377 1.000000 4
5382 0.000000 5
5387 0.000000 5
5390 1.000000 3
5394 1.000000 4
5397 1.000000 3
5401 1.000000 4
5406 1.000000 5
5411 1.000000 5
5415 1.000000 4
5419 -1.000000 4
5422 -1.000000 3
5425 1.000000 3
5430 0.000000 5
5435 1.000000 5
5439 1.000000 4
5443 -1.000000 4
5447 -1.000000 4
5452 1.000000 5
5456 1.000000 4
5461 1.000000 5
5465 1.000000 4
5468 -1.000000 3
5472 1.000000 4
5475 1.000000 3
5479 1.000000 4
5483 -1.000000 4
5487 -1.000000 4
5491 1.000000 4
5494 1.000000 3
5498 1.000000 4
5502 1.000000 4
5507 1.000000 5
5510 1.000000 3
5514 1.000000 4
5519 1.000000 5
5523 -1.000000 4
5526 1.000000 3
5530 -1.000000 4
5535 0.000000 5
5538 -1.000000 3
5543 0.000000 5
5547 1.000000 4
5552 0.000000 5
5557 1.000000 5
5561 -1.000000 4
5566 1.000000 5
5571 1.000000 5
5575 1.000000 4
5579 -1.000000 4
5584 1.000000 5
5589 0.000000 5
5593 -1.000000 4
5596 1.000000 3
5599 1.000000 3
5604 0.000000 5
5607 1.000000 3
5612 0.000000 5
5616 1.000000 4
5620 1.000000 4
5625 1.000000 5
5630 1.000000 5
5634 -1.000000 4
5638 -1.000000 4
5642 -1.000000 4
5646 1.000000 4
5650 1.000000 4
5654 -1.000000 4
5658 1.000000 4
5661 -1.000000 3
5666 0.000000 5
5670 -1.000000 4
5674 1.000000 4
5679 1.000000 5
5683 -1.000000 4
5686 1.000000 3
5689 1.000000 3
5694 0.000000 5
5699 1.000000 5
5704 1.000000 5
5707 1.000000 3
5710 -1.000000 3
5715 1.000000 5
5719 1.000000 4
5723 -1.000000 4
5727 1.000000 4
5731 -1.000000 4
5735 -1.000000 4
5739 -1.000000 4
5744 0.000000 5
5748 1.000000 4
5752 -1.000000 4
5757 0.000000 5
5761 -1.000000 4
5766 1.000000 5
5769 1.000000 3
5773 1.000000 4
5776 -1.000000 3
5780 -1.000000 4
5784 -1.000000 4
5788 -1.000000 4
5792 1.000000 4
5797 1.000000 5
5800 -1.000000 3
5804 -1.000000 4
5809 1.000000 5
5813 -1.000000 4
5818 0.000000 5
5822 1.000000 4
5827 0.000000 5
5831 1.000000 4
5836 0.000000 5
5841 1.000000 5
5846 1.000000 5
5851 1.000000 5
5856 1.000000 5
5861 1.000000 5
5866 0.000000 5
5869 -1.000000 3
5874 1.000000 5
5878 -1.000000 4
5881 -1.000000 3
5886 1.000000 5
5891 1.000000 5
5896 0.000000 5
5900 1.000000 4
5904 1.000000 4
5907 1.000000 3
5912 0.000000 5
5916 1.000000 4
5919 1.000000 3
5923 -1.000000 4
5927 1.000000 4
5931 1.000000 4
5935 1.000000 4
5940 0.000000 5
5943 -1.000000 3
5947 -1.000000 4
5951 1.000000 4
5956 0.000000 5
5960 1.000000 4
5963 1.000000 3
5967 -1.000000 4
5971 1.000000 4
5975 1.000000 4
5980 1.000000 5
5985 0.000000 5
5989 1.000000 4
5993 1.000000 4
5996 1.000000 3
6001 1.000000 5
6006 1.000000 5
6010 -1.000000 4
6014 1.000000 4
6018 -1.000000 4
6023 1.000000 5
6026 -1.000000 3
6031 1.000000 5
6036 1.000000 5
6040 1.000000 4
6045 0.000000 5
6050 1.000000 5
6054 1.000000 4
6058 -1.000000 4
6062 1.000000 4
6066 1.000000 4
6070 1.000000 4
6073 1.000000 3
6077 1.000000 4
6082 1.000000 5
6085 1.000000 3
6090 1.000000 5
6094 1.000000 4
6097 -1.000000 3
6101 -1.000000 4
6104 -1.000000 3
6107 -1.000000 3
6111 -1.000000 4
6115 1.000000 4
6120 0.000000 5
6124 -1.000000 4
6129 0.000000 5
6133 1.000000 4
6137 1.000000 4
6141 1.000000 4
6146 0.000000 5
6151 1.000000 5
6156 1.000000 5
6160 1.000000 4
6165 1.000000 5
6169 1.000000 4
6173 1.000000 4
6177 -1.000000 4
6182 1.000000 5
6187 0.000000 5
6191 -1.000000 4
6194 -1.000000 3
6199 0.000000 5
6204 1.000000 5
6208 -1.000000 4
6213 1.000000 5
6218 1.000000 5
6223 0.000000 5
6227 1.000000 4
6231 -1.000000 4
6235 1.000000 4
6240 0.000000 5
6244 1.000000 4
6248 -1.000000 4
6252 1.000000 4
6256 -1.000000 4
6261 0.000000 5
6264 1.000000 3
6268 -1.000000 4
6272 1.000000 4
6276 -1.000000 4
6280 1.000000 4
6284 -1.000000 4
6289 0.000000 5
6292 1.000000 3
6296 1.000000 4
6301 1.000000 5
6304 -1.000000 3
6309 1.000000 5
6313 -1.000000 4
6317 1.000000 4
6320 -1.000000 3
6324 1.000000 4
6329 1.000000 5
6334 1.000000 5
6339 1.000000 5
6343 1.000000 4
6347 1.000000 4
6352 0.000000 5
6356 -1.000000 4
6361 1.000000 5
6365 -1.000000 4
6369 -1.000000 4
6372 -1.000000 3
6376 1.000000 4
6380 1.000000 4
6384 1.000000 4
6389 1.000000 5
6393 -1.000000 4
6397 -1.000000 4
6402 1.000000 5
6405 -1.000000 3
6410 0.000000 5
6415 1.000000 5
6418 1.000000 3
6422 -1.000000 4
6426 1.000000 4
6431 1.000000 5
6435 -1.000000 4
6440 0.000000 5
6443 -1.000000 3
6447 1.000000 4
6451 1.000000 4
6456 1.000000 5
6461 1.000000 5
6464 -1.000000 3
6469 1.000000 5
6473 1.000000 4
6476 1.000000 3
6481 1.000000 5
6486 0.000000 5
6491 1.000000 5
6495 1.000000 4
6500 1.000000 5
6504 -1.000000 4
6509 1.000000 5
6514 0.000000 5
6519 1.000000 5
6522 -1.000000 3
6526 1.000000 4
6529 -1.000000 3
6533 -1.000000 4
6537 1.000000 4
6541 1.000000 4
6544 -1.000000 3
6549 0.000000 5
6553 1.000000 4
6558 1.000000 5
6562 1.000000 4
6566 -1.000000 4
6569 1.000000 3
6572 -1.000000 3
6576 1.000000 4
6580 -1.000000 4
6585 1.000000 5
6588 -1.000000 3
6591 1.000000 3
6595 -1.000000 4
6600 1.000000 5
6605 1.000000 5
6608 -1.000000 3
6612 1.000000 4
6617 0.000000 5
6621 1.000000 4
6625 1.000000 4
6630 1.000000 5
6634 1.000000 4
6638 -1.000000 4
6642 -1.000000 4
6646 1.000000 4
6650 -1.000000 4
6655 1.000000 5
6660 0.000000 5
6665 1.000000 5
6670 0.000000 5
6673 -1.000000 3
6677 1.000000 4
6682 0.000000 5
6686 -1.000000 4
6689 -1.000000 3
6694 0.000000 5
6699 0.000000 5
6704 0.000000 5
6707 1.000000 3
6710 1.000000 3
6715 0.000000 5
6719 -1.000000 4
6723 1.000000 4
6726 1.000000 3
6730 1.000000 4
6733 -1.000000 3
6736 -1.000000 3
6740 -1.000000 4
6745 1.000000 5
6750 1.000000 5
6755 1.000000 5
6760 0.000000 5
6765 1.000000 5
6768 1.000000 3
6772 1.000000 4
6777 0.000000 5
6782 1.000000 5
6786 1.000000 4
6790 1.000000 4
6795 1.000000 5
6799 1.000000 4
6803 -1.000000 4
6807 1.000000 4
6812 0.000000 5
6816 1.000000 4
6821 1.000000 5
6824 1.000000 3
6828 -1.000000 4
6832 1.000000 4
6837 1.000000 5
6842 0.000000 5
6846 1.000000 4
6851 1.000000 5
6855 1.000000 4
6859 -1.000000 4
6863 1.000000 4
6866 1.000000 3
6870 1.000000 4
6874 -1.000000 4
6879 0.000000 5
6884 1.000000 5
6889 0.000000 5
6893 1.000000 4
6897 -1.000000 4
6900 -1.000000 3
6904 1.000000 4
6907 -1.000000 3
6911 1.000000 4
6914 -1.000000 3
6919 1.000000 5
6923 1.000000 4
6926 -1.000000 3
6930 -1.000000 4
6934 1.000000 4
6939 1.000000 5
6944 1.000000 5
6948 1.000000 4
6952 1.000000 4
6957 1.000000 5
6961 1.000000 4
6965 -1.000000 4
6970 1.000000 5
6974 -1.000000 4
6978 1.000000 4
6983 1.000000 5
6988 1.000000 5
6992 1.000000 4
6997 0.000000 5
7001 -1.000000 4
7005 -1.000000 4
7009 -1.000000 4
7012 1.000000 3
7016 -1.000000 4
7020 -1.000000 4
7025 0.000000 5
7029 1.000000 4
7032 1.000000 3
7035 1.000000 3
7038 1.000000 3
7043 0.000000 5
7047 1.000000 4
7051 -1.000000 4
7056 0.000000 5
7060 1.000000 4
7065 1.000000 5
7069 -1.000000 4
7073 1.000000 4
7076 -1.000000 3
7080 -1.000000 4
7083 1.000000 3
7087 1.000000 4
7091 1.000000 4
7096 1.000000 5
7100 1.000000 4
7105 0.000000 5
7108 -1.000000 3
7113 0.000000 5
7118 1.000000 5
7122 1.000000 4
7126 -1.000000 4
7131 1.000000 5
7136 1.000000 5
7140 -1.000000 4
7145 1.000000 5
7150 1.000000 5
7154 -1.000000 4
7158 1.000000 4
7163 1.000000 5
7166 1.000000 3
7170 1.000000 4
7175 1.000000 5
7179 1.000000 4
7182 -1.000000 3
7187 1.000000 5
7191 -1.000000 4
7194 1.000000 3
7199 1.000000 5
7203 1.000000 4
7206 1.000000 3
7211 1.000000 5
7216 1.000000 5
7219 1.000000 3
7223 -1.000000 4
7226 1.000000 3
7230 1.000000 4
7234 1.000000 4
7239 1.000000 5
7242 -1.000000 3
7247 1.000000 5
7252 1.000000 5
7257 1.000000 5
7262 1.000000 5
7265 -1.000000 3
7270 0.000000 5
7274 1.000000 4
7279 1.000000 5
7283 1.000000 4
7286 -1.000000 3
7290 1.000000 4
7294 1.000000 4
7298 1.000000 4
7302 -1.000000 4
7307 1.000000 5
7310 -1.000000 3
7314 1.000000 4
7318 1.000000 4
7321 -1.000000 3
7325 1.000000 4
7330 1.000000 5
7333 1.000000 3
7338 1.000000 5
7341 -1.000000 3
7345 -1.000000 4
7350 0.000000 5
7354 -1.000000 4
7359 1.000000 5
7363 -1.000000 4
7366 -1.000000 3
7370 -1.000000 4
7375 0.000000 5
7379 -1.000000 4
7383 -1.000000 4
7387 -1.000000 4
7391 1.000000 4
7396 1.000000 5
7401 1.000000 5
7404 -1.000000 3
7408 1.000000 4
7412 -1.000000 4
7416 1.000000 4
7421 1.000000 5
7426 0.000000 5
7430 -1.000000 4
7435 0.000000 5
7439 -1.000000 4
7444 0.000000 5
7447 1.000000 3
7452 1.000000 5
7457 0.000000 5
7460 -1.000000 3
7464 -1.000000 4
7468 -1.000000 4
7473 0.000000 5
7477 1.000000 4
7480 -1.000000 3
7485 1.000000 5
7488 1.000000 3
7491 1.000000 3
7495 -1.000000 4
7499 1.000000 4
7503 -1.000000 4
7507 1.000000 4
7512 0.000000 5
7516 1.000000 4
7521 0.000000 5
7525 1.000000 4
7530 1.000000 5
7535 1.000000 5
7539 1.000000 4
7544 0.000000 5
7548 1.000000 4
7552 1.000000 4
7556 1.000000 4
7561 1.000000 5
7564 1.000000 3
7567 1.000000 3
7571 1.000000 4
7576 1.000000 5
7580 1.000000 4
7583 1.000000 3
7587 1.000000 4
7591 1.000000 4
7595 1.000000 4
7599 1.000000 4
7603 -1.000000 4
7607 -1.000000 4
7612 1.000000 5
7616 -1.000000 4
7619 1.000000 3
7623 -1.000000 4
7627 -1.000000 4
7631 1.000000 4
7635 -1.000000 4
7639 1.000000 4
7643 -1.000000 4
7647 -1.000000 4
7651 -1.000000 4
7655 1.000000 4
7659 1.000000 4
7663 1.000000 4
7667 1.000000 4
7672 1.000000 5
7676 1.000000 4
7681 0.000000 5
7684 1.000000 3
7688 1.000000 4
7691 1.000000 3
7695 1.000000 4
7700 1.000000 5
7704 1.000000 4
7708 1.000000 4
7712 1.000000 4
7716 1.000000 4
7721 1.000000 5
7724 1.000000 3
7727 1.000000 3
7731 -1.000000 4
7735 -1.000000 4
7739 -1.000000 4
7742 1.000000 3
7746 1.000000 4
7751 1.000000 5
7756 1.000000 5
7759 -1.000000 3
7764 1.000000 5
7768 -1.000000 4
7772 1.000000 4
7775 -1.000000 3
7779 1.000000 4
7782 1.000000 3
7787 1.000000 5
7790 -1.000000 3
7794 1.000000 4
7799 1.000000 5
7803 -1.000000 4
7807 1.000000 4
7810 -1.000000 3
7813 -1.000000 3
7816 1.000000 3
7821 0.000000 5
7824 -1.000000 3
7828 1.000000 4
7833 1.000000 5
7837 1.000000 4
7841 1.000000 4
7844 -1.000000 3
7848 1.000000 4
7853 1.000000 5
7857 -1.000000 4
7861 -1.000000 4
7865 1.000000 4
7869 1.000000 4
7874 0.000000 5
7879 1.000000 5
7883 1.000000 4
7887 1.000000 4
7892 1.000000 5
7896 1.000000 4
7901 0.000000 5
7906 1.000000 5
7910 1.000000 4
7914 -1.000000 4
7918 1.000000 4
7922 1.000000 4
7927 0.000000 5
7931 -1.000000 4
7935 1.000000 4
7939 -1.000000 4
7944 0.000000 5
7948 1.000000 4
7952 1.000000 4
7956 -1.000000 4
7960 1.000000 4
7963 1.000000 3
7967 1.000000 4
7972 1.000000 5
7977 1.000000 5
7981 1.000000 4
7986 0.000000 5
7991 0.000000 5
7995 -1.000000 4
7998 -1.000000 3
8003 1.000000 5
8008 1.000000 5
8013 1.000000 5
8017 -1.000000 4
8022 1.000000 5
8026 1.000000 4
8031 1.000000 5
8035 1.000000 4
8039 -1.000000 4
8044 0.000000 5
8048 1.000000 4
8052 1.000000 4
8056 1.000000 4
8059 1.000000 3
8064 1.000000 5
8068 1.000000 4
8072 1.000000 4
8076 -1.000000 4
8079 1.000000 3
8084 1.000000 5
8088 -1.000000 4
8092 1.000000 4
8096 1.000000 4
8100 1.000000 4
8104 1.000000 4
8109 1.000000 5
8113 -1.000000 4
8118 0.000000 5
8122 -1.000000 4
8126 -1.000000 4
8130 -1.000000 4
8135 0.000000 5
8139 -1.000000 4
8144 0.000000 5
8147 1.000000 3
8151 1.000000 4
8156 0.000000 5
8160 1.000000 4
8164 1.000000 4
8168 1.000000 4
8173 1.000000 5
8176 1.000000 3
8181 1.000000 5
8185 -1.000000 4
8190 1.000000 5
8194 1.000000 4
8199 1.000000 5
8203 1.000000 4
8208 1.000000 5
8212 1.000000 4
8216 1.000000 4
8221 1.000000 5
8224 -1.000000 3
8227 -1.000000 3
8231 1.000000 4
8236 1.000000 5
8240 -1.000000 4
8244 -1.000000 4
8249 0.000000 5
8253 -1.000000 4
8258 1.000000 5
8263 0.000000 5
8268 1.000000 5
8273 0.000000 5
8278 1.000000 5
8283 1.000000 5
8286 -1.000000 3
8290 -1.000000 4
8293 1.000000 3
8297 1.000000 4
8301 -1.000000 4
8306 0.000000 5
8311 0.000000 5
8316 1.000000 5
8321 1.000000 5
8326 0.000000 5
8331 0.000000 5
8336 1.000000 5
8340 1.000000 4
8343 -1.000000 3
8347 1.000000 4
8351 1.000000 4
8356 1.000000 5
8361 1.000000 5
8366 1.000000 5
8371 1.000000 5
8375 -1.000000 4
8380 0.000000 5
8384 1.000000 4
8389 1.000000 5
8394 1.000000 5
8398 -1.000000 4
8403 1.000000 5
8406 1.000000 3
8409 1.000000 3
8413 1.000000 4
8418 1.000000 5
8422 -1.000000 4
8427 0.000000 5
8430 -1.000000 3
8435 1.000000 5
8439 1.000000 4
8443 -1.000000 4
8447 1.000000 4
8451 -1.000000 4
8456 1.000000 5
8459 1.000000 3
8463 -1.000000 4
8468 1.000000 5
8473 1.000000 5
8478 1.000000 5
8482 1.000000 4
8486 1.000000 4
8490 1.000000 4
8494 -1.000000 4
8499 1.000000 5
8503 1.000000 4
8508 0.000000 5
8513 0.000000 5
8518 0.000000 5
8523 1.000000 5
8527 1.000000 4
8531 -1.000000 4
8536 1.000000 5
8541 1.000000 5
8545 -1.000000 4
8550 1.000000 5
8554 1.000000 4
8558 -1.000000 4
8562 -1.000000 4
8566 -1.000000 4
8570 -1.000000 4
8573 1.000000 3
8578 1.000000 5
8581 -1.000000 3
8586 1.000000 5
8590 1.000000 4
8594 -1.000000 4
8598 -1.000000 4
8602 -1.000000 4
8605 1.000000 3
8609 1.000000 4
8614 1.000000 5
8617 1.000000 3
8620 -1.000000 3
8624 -1.000000 4
8627 -1.000000 3
8631 1.000000 4
8636 1.000000 5
8640 1.000000 4
8644 1.000000 4
8649 1.000000 5
8653 1.000000 4
8658 0.000000 5
8663 1.000000 5
8667 1.000000 4
8672 1.000000 5
8677 1.000000 5
8682 0.000000 5
8687 0.000000 5
8691 1.000000 4
8696 1.000000 5
8701 0.000000 5
8706 1.000000 5
8711 1.000000 5
8716 0.000000 5
8720 1.000000 4
8724 1.000000 4
8728 1.000000 4
8731 1.000000 3
8736 1.000000 5
8740 -1.000000 4
8744 1.000000 4
8749 1.000000 5
8753 1.000000 4
8757 1.000000 4
8761 1.000000 4
8765 1.000000 4
8770 0.000000 5
8773 -1.000000 3
8777 -1.000000 4
8781 1.000000 4
8785 -1.000000 4
8788 -1.000000 3
8792 1.000000 4
8797 1.000000 5
8801 -1.000000 4
8805 -1.000000 4
8810 1.000000 5
8813 -1.000000 3
8817 1.000000 4
8820 1.000000 3
8825 0.000000 5
8828 -1.000000 3
8832 -1.000000 4
8837 1.000000 5
8841 1.000000 4
8845 1.000000 4
8848 -1.000000 3
8853 1.000000 5
8857 -1.000000 4
8861 1.000000 4
8865 -1.000000 4
8869 -1.000000 4
8873 1.000000 4
8878 1.000000 5
8883 1.000000 5
8888 1.000000 5
8893 1.000000 5
8896 -1.000000 3
8900 -1.000000 4
8905 1.000000 5
8910 0.000000 5
8915 1.000000 5
8920 1.000000 5
8924 -1.000000 4
8928 -1.000000 4
8932 1.000000 4
8936 1.000000 4
8939 -1.000000 3
8942 1.000000 3
8945 1.000000 3
8949 1.000000 4
8952 -1.000000 3
8957 1.000000 5
8961 -1.000000 4
8965 1.000000 4
8970 1.000000 5
8974 -1.000000 4
8979 1.000000 5
8982 1.000000 3
8986 -1.000000 4
8991 0.000000 5
8994 -1.000000 3
8999 1.000000 5
9004 1.000000 5
9009 0.000000 5
9013 -1.000000 4
9017 1.000000 4
9021 1.000000 4
9026 1.000000 5
9030 1.000000 4
9035 1.000000 5
9040 1.000000 5
9045 1.000000 5
9049 -1.000000 4
9054 1.000000 5
9058 1.000000 4
9062 -1.000000 4
9066 1.000000 4
9071 1.000000 5
9076 0.000000 5
9081 1.000000 5
9085 1.000000 4
9088 -1.000000 3
9091 1.000000 3
9094 1.000000 3
9098 1.000000 4
9102 1.000000 4
9106 -1.000000 4
9109 -1.000000 3
9113 1.000000 4
9117 -1.000000 4
9121 -1.000000 4
9124 1.000000 3
9129 1.000000 5
9133 1.000000 4
9137 -1.000000 4
9141 1.000000 4
9146 1.000000 5
9151 0.000000 5
9155 -1.000000 4
9159 -1.000000 4
9164 0.000000 5
9168 1.000000 4
9173 1.000000 5
9176 1.000000 3
9181 1.000000 5
9184 1.000000 3
9189 1.000000 5
9194 0.000000 5
9198 -1.000000 4
9201 -1.000000 3
9206 1.000000 5
9209 1.000000 3
9214 1.000000 5
9217 1.000000 3
9220 -1.000000 3
9224 -1.000000 4
9228 1.000000 4
9232 -1.000000 4
9237 1.000000 5
9241 1.000000 4
9245 -1.000000 4
9250 0.000000 5
9253 -1.000000 3
9258 1.000000 5
9262 1.000000 4
9265 -1.000000 3
9269 1.000000 4
9273 1.000000 4
9278 0.000000 5
9282 -1.000000 4
9286 -1.000000 4
9291 1.000000 5
9295 -1.000000 4
9299 1.000000 4
9303 -1.000000 4
9308 1.000000 5
9313 1.000000 5
9317 1.000000 4
9321 -1.000000 4
9324 -1.000000 3
9327 1.000000 3
9331 1.000000 4
9336 0.000000 5
9340 1.000000 4
9344 1.000000 4
9347 1.000000 3
9351 -1.000000 4
9355 1.000000 4
9360 0.000000 5
9363 -1.000000 3
9368 1.000000 5
9372 -1.000000 4
9377 0.000000 5
9382 1.000000 5
9387 1.000000 5
9391 1.000000 4
9396 1.000000 5
9399 -1.000000 3
9402 1.000000 3
9407 1.000000 5
9411 -1.000000 4
9416 0.000000 5
9420 -1.000000 4
9424 1.000000 4
9428 1.000000 4
9431 1.000000 3
9436 0.000000 5
9439 1.000000 3
9442 1.000000 3
9445 -1.000000 3
9449 1.000000 4
9453 1.000000 4
9457 -1.000000 4
9462 1.000000 5
9466 -1.000000 4
9469 1.000000 3
9473 1.000000 4
9476 -1.000000 3
9480 -1.000000 4
9485 1.000000 5
9490 0.000000 5
9495 1.000000 5
9499 -1.000000 4
9503 1.000000 4
9506 -1.000000 3
9509 1.000000 3
9513 -1.000000 4
9517 1.000000 4
9522 1.000000 5
9526 -1.000000 4
9530 1.000000 4
9535 0.000000 5
9539 1.000000 4
9544 0.000000 5
9548 -1.000000 4
9551 1.000000 3
9555 -1.000000 4
9560 1.000000 5
9564 -1.000000 4
9568 1.000000 4
9572 1.000000 4
9576 1.000000 4
9581 1.000000 5
9586 0.000000 5
9591 1.000000 5
9596 1.000000 5
9601 1.000000 5
9605 1.000000 4
9609 -1.000000 4
9613 1.000000 4
9618 1.000000 5
9623 0.000000 5
9626 -1.000000 3
9629 -1.000000 3
9633 -1.000000 4
9637 -1.000000 4
9642 0.000000 5
9645 1.000000 3
9650 1.000000 5
9654 1.000000 4
9657 -1.000000 3
9661 1.000000 4
9664 -1.000000 3
9668 -1.000000 4
9673 0.000000 5
9678 0.000000 5
9682 1.000000 4
9687 0.000000 5
9691 1.000000 4
9695 1.000000 4
9699 1.000000 4
9703 1.000000 4
9707 1.000000 4
9711 -1.000000 4
9715 -1.000000 4
9719 -1.000000 4
9724 0.000000 5
9728 1.000000 4
9733 0.000000 5
9737 1.000000 4
9741 -1.000000 4
9745 1.000000 4
9750 0.000000 5
9755 0.000000 5
9760 1.000000 5
9764 1.000000 4
9769 1.000000 5
9772 -1.000000 3
9777 1.000000 5
9782 0.000000 5
9785 -1.000000 3
9790 1.000000 5
9795 0.000000 5
9800 0.000000 5
9804 1.000000 4
9808 -1.000000 4
9813 1.000000 5
9818 0.000000 5
9822 1.000000 4
9827 1.000000 5
9830 -1.000000 3
9834 -1.000000 4
9838 1.000000 4
9842 1.000000 4
9847 0.000000 5
9852 0.000000 5
9856 1.000000 4
9860 -1.000000 4
9865 1.000000 5
9869 -1.000000 4
9874 1.000000 5
9879 1.000000 5
9883 1.000000 4
9887 1.000000 4
9892 0.000000 5
9897 0.000000 5
9902 0.000000 5
9906 -1.000000 4
9909 1.000000 3
9913 1.000000 4
9918 0.000000 5
9922 1.000000 4
9927 0.000000 5
9932 0.000000 5
9936 1.000000 4
9941 0.000000 5
9944 -1.000000 3
9948 -1.000000 4
9951 1.000000 3
9956 1.000000 5
9961 1.000000 5
9966 1.000000 5
9969 1.000000 3
9974 1.000000 5
9978 1.000000 4
9983 0.000000 5
9987 1.000000 4
9991 1.000000 4
9995 1.000000 4
9999 -1.000000 4
10003 -1.000000 4
