3 -1.000000 3
8 1.000000 5
13 1.000000 5
17 1.000000 4
22 0.000000 5
25 -1.000000 3
29 1.000000 4
33 1.000000 4
36 -1.000000 3
40 -1.000000 4
44 -1.000000 4
47 1.000000 3
51 1.000000 4
55 1.000000 4
59 1.000000 4
63 -1.000000 4
66 1.000000 3
70 -1.000000 4
73 -1.000000 3
77 -1.000000 4
81 1.000000 4
86 0.000000 5
89 -1.000000 3
93 -1.000000 4
97 -1.000000 4
101 -1.000000 4
105 -1.000000 4
110 0.000000 5
113 1.000000 3
117 -1.000000 4
120 -1.000000 3
125 1.000000 5
129 1.000000 4
134 0.000000 5
137 1.000000 3
141 1.000000 4
144 1.000000 3
147 -1.000000 3
151 1.000000 4
155 -1.000000 4
160 0.000000 5
165 0.000000 5
170 1.000000 5
175 1.000000 5
179 1.000000 4
183 1.000000 4
186 1.000000 3
191 0.000000 5
195 1.000000 4
200 1.000000 5
204 1.000000 4
208 -1.000000 4
213 0.000000 5
218 0.000000 5
221 -1.000000 3
225 1.000000 4
230 0.000000 5
233 -1.000000 3
237 -1.000000 4
241 1.000000 4
246 0.000000 5
251 1.000000 5
255 -1.000000 4
259 -1.000000 4
263 1.000000 4
267 1.000000 4
271 1.000000 4
275 1.000000 4
279 1.000000 4
282 -1.000000 3
286 -1.000000 4
289 -1.000000 3
294 1.000000 5
298 1.000000 4
303 1.000000 5
308 1.000000 5
312 1.000000 4
316 1.000000 4
320 1.000000 4
325 1.000000 5
330 1.000000 5
334 -1.000000 4
339 0.000000 5
343 1.000000 4
346 -1.000000 3
349 1.000000 3
354 0.000000 5
359 0.000000 5
364 1.000000 5
368 1.000000 4
372 1.000000 4
376 1.000000 4
380 1.000000 4
383 -1.000000 3
387 1.000000 4
392 1.000000 5
397 1.000000 5
401 -1.000000 4
404 -1.000000 3
408 -1.000000 4
411 -1.000000 3
415 1.000000 4
419 1.000000 4
424 1.000000 5
427 -1.000000 3
432 1.000000 5
436 1.000000 4
441 1.000000 5
445 1.000000 4
449 1.000000 4
453 -1.000000 4
458 1.000000 5
463 0.000000 5
467 -1.000000 4
470 1.000000 3
475 1.000000 5
479 -1.000000 4
484 1.000000 5
488 -1.000000 4
493 1.000000 5
497 -1.000000 4
501 -1.000000 4
505 1.000000 4
510 1.000000 5
514 -1.000000 4
519 0.000000 5
523 -1.000000 4
527 1.000000 4
531 1.000000 4
536 1.000000 5
540 1.000000 4
544 1.000000 4
548 -1.000000 4
553 1.000000 5
557 -1.000000 4
562 0.000000 5
567 1.000000 5
572 0.000000 5
576 1.000000 4
581 1.000000 5
585 1.000000 4
589 -1.000000 4
593 1.000000 4
597 1.000000 4
601 -1.000000 4
604 -1.000000 3
608 -1.000000 4
611 -1.000000 3
616 1.000000 5
619 -1.000000 3
623 1.000000 4
628 0.000000 5
632 -1.000000 4
636 1.000000 4
640 -1.000000 4
644 1.000000 4
649 0.000000 5
653 1.000000 4
658 1.000000 5
662 1.000000 4
666 -1.000000 4
671 1.000000 5
674 1.000000 3
678 1.000000 4
683 0.000000 5
688 1.000000 5
693 0.000000 5
698 0.000000 5
703 1.000000 5
708 1.000000 5
713 0.000000 5
717 1.000000 4
722 1.000000 5
725 1.000000 3
729 1.000000 4
732 1.000000 3
736 1.000000 4
741 0.000000 5
745 1.000000 4
749 1.000000 4
753 1.000000 4
758 1.000000 5
761 1.000000 3
766 1.000000 5
771 0.000000 5
776 1.000000 5
781 1.000000 5
785 -1.000000 4
789 1.000000 4
792 -1.000000 3
795 1.000000 3
798 1.000000 3
803 1.000000 5
806 1.000000 3
811 0.000000 5
816 1.000000 5
820 1.000000 4
825 1.000000 5
828 1.000000 3
832 -1.000000 4
837 0.000000 5
841 1.000000 4
846 1.000000 5
850 1.000000 4
854 1.000000 4
858 1.000000 4
862 1.000000 4
867 1.000000 5
871 1.000000 4
876 0.000000 5
881 0.000000 5
885 1.000000 4
890 0.000000 5
893 1.000000 3
897 1.000000 4
901 -1.000000 4
905 1.000000 4
909 -1.000000 4
912 1.000000 3
917 0.000000 5
921 -1.000000 4
925 -1.000000 4
928 1.000000 3
933 1.000000 5
937 -1.000000 4
941 -1.000000 4
946 1.000000 5
950 1.000000 4
955 1.000000 5
958 -1.000000 3
963 1.000000 5
967 1.000000 4
972 1.000000 5
976 1.000000 4
980 -1.000000 4
984 1.000000 4
989 1.000000 5
994 1.000000 5
998 1.000000 4
1003 1.000000 5
1007 -1.000000 4
1010 1.000000 3
1014 -1.000000 4
1019 1.000000 5
1022 -1.000000 3
1027 1.000000 5
1032 1.000000 5
1037 1.000000 5
1041 1.000000 4
1045 -1.000000 4
1048 -1.000000 3
1053 0.000000 5
1058 1.000000 5
1063 0.000000 5
1067 1.000000 4
1072 1.000000 5
1076 1.000000 4
1080 -1.000000 4
1084 -1.000000 4
1088 -1.000000 4
1093 1.000000 5
1098 1.000000 5
1102 -1.000000 4
1106 1.000000 4
1109 1.000000 3
1114 1.000000 5
1118 1.000000 4
1123 1.000000 5
1127 -1.000000 4
1130 -1.000000 3
1134 1.000000 4
1138 1.000000 4
1142 -1.000000 4
1146 1.000000 4
1151 1.000000 5
1155 -1.000000 4
1160 0.000000 5
1163 1.000000 3
1167 1.000000 4
1170 -1.000000 3
1175 1.000000 5
1179 -1.000000 4
1183 -1.000000 4
1186 1.000000 3
1189 1.000000 3
1194 0.000000 5
1198 1.000000 4
1202 -1.000000 4
1206 1.000000 4
1210 1.000000 4
1214 1.000000 4
1218 -1.000000 4
1222 1.000000 4
1227 1.000000 5
1232 1.000000 5
1237 1.000000 5
1240 1.000000 3
1245 0.000000 5
1250 0.000000 5
1255 1.000000 5
1260 1.000000 5
1263 -1.000000 3
1268 1.000000 5
1273 1.000000 5
1277 1.000000 4
1282 0.000000 5
1286 1.000000 4
1290 1.000000 4
1293 -1.000000 3
1296 -1.000000 3
1300 1.000000 4
1303 1.000000 3
1306 1.000000 3
1310 1.000000 4
1314 1.000000 4
1317 1.000000 3
1322 1.000000 5
1326 1.000000 4
1330 1.000000 4
1335 1.000000 5
1339 1.000000 4
1343 1.000000 4
1346 1.000000 3
1351 1.000000 5
1355 1.000000 4
1360 1.000000 5
1365 1.000000 5
1369 1.000000 4
1372 1.000000 3
1377 1.000000 5
1381 1.000000 4
1386 0.000000 5
1390 -1.000000 4
1395 1.000000 5
1399 -1.000000 4
1403 1.000000 4
1406 1.000000 3
1409 1.000000 3
1414 1.000000 5
1419 1.000000 5
1424 1.000000 5
1427 1.000000 3
1431 1.000000 4
1436 0.000000 5
1440 1.000000 4
1444 1.000000 4
1447 1.000000 3
1450 -1.000000 3
1454 1.000000 4
1458 -1.000000 4
1462 1.000000 4
1467 1.000000 5
1471 -1.000000 4
1474 1.000000 3
1479 0.000000 5
1483 -1.000000 4
1486 1.000000 3
1491 0.000000 5
1496 0.000000 5
1501 1.000000 5
1506 0.000000 5
1511 0.000000 5
1516 1.000000 5
1521 1.000000 5
1525 1.000000 4
1528 -1.000000 3
1532 1.000000 4
1536 1.000000 4
1541 0.000000 5
1545 1.000000 4
1550 1.000000 5
1554 1.000000 4
1558 1.000000 4
1562 -1.000000 4
1566 -1.000000 4
1570 -1.000000 4
1573 -1.000000 3
1578 0.000000 5
1581 1.000000 3
1585 -1.000000 4
1589 1.000000 4
1594 1.000000 5
1599 1.000000 5
1604 1.000000 5
1608 -1.000000 4
1613 1.000000 5
1617 1.000000 4
1621 1.000000 4
1625 -1.000000 4
1630 1.000000 5
1633 1.000000 3
1637 1.000000 4
1642 1.000000 5
1646 1.000000 4
1651 0.000000 5
1656 1.000000 5
1661 0.000000 5
1666 1.000000 5
1670 1.000000 4
1674 -1.000000 4
1678 1.000000 4
1682 1.000000 4
1687 1.000000 5
1692 1.000000 5
1697 1.000000 5
1702 1.000000 5
1706 1.000000 4
1710 -1.000000 4
1713 -1.000000 3
1716 -1.000000 3
1720 -1.000000 4
1724 1.000000 4
1728 -1.000000 4
1733 1.000000 5
1738 1.000000 5
1743 1.000000 5
1746 1.000000 3
1750 1.000000 4
1753 -1.000000 3
1757 -1.000000 4
1762 1.000000 5
1766 -1.000000 4
1770 1.000000 4
1773 1.000000 3
1778 1.000000 5
1783 1.000000 5
1788 1.000000 5
1792 -1.000000 4
1796 -1.000000 4
1800 1.000000 4
1804 1.000000 4
1809 1.000000 5
1812 1.000000 3
1816 -1.000000 4
1821 0.000000 5
1826 0.000000 5
1830 -1.000000 4
1835 0.000000 5
1840 0.000000 5
1844 -1.000000 4
1848 1.000000 4
1852 -1.000000 4
1856 -1.000000 4
1860 1.000000 4
1864 1.000000 4
1868 1.000000 4
1872 -1.000000 4
1877 1.000000 5
1882 0.000000 5
1887 1.000000 5
1891 1.000000 4
1896 1.000000 5
1900 1.000000 4
1904 1.000000 4
1908 -1.000000 4
1913 1.000000 5
1917 -1.000000 4
1920 1.000000 3
1925 1.000000 5
1929 -1.000000 4
1933 -1.000000 4
1936 1.000000 3
1941 1.000000 5
1944 -1.000000 3
1948 -1.000000 4
1953 0.000000 5
1957 -1.000000 4
1962 1.000000 5
1965 -1.000000 3
1970 1.000000 5
1975 0.000000 5
1979 1.000000 4
1984 0.000000 5
1989 1.000000 5
1993 1.000000 4
1998 0.000000 5
2001 -1.000000 3
2006 0.000000 5
2010 -1.000000 4
2015 1.000000 5
2020 0.000000 5
2024 -1.000000 4
2028 -1.000000 4
2032 1.000000 4
2036 -1.000000 4
2040 1.000000 4
2044 1.000000 4
2049 0.000000 5
2054 1.000000 5
2058 -1.000000 4
2062 1.000000 4
2067 1.000000 5
2070 -1.000000 3
2073 -1.000000 3
2076 1.000000 3
2080 1.000000 4
2085 1.000000 5
2090 0.000000 5
2094 1.000000 4
2099 1.000000 5
2103 -1.000000 4
2107 -1.000000 4
2112 0.000000 5
2117 1.000000 5
2121 1.000000 4
2125 1.000000 4
2130 0.000000 5
2134 -1.000000 4
2139 0.000000 5
2144 1.000000 5
2148 1.000000 4
2152 1.000000 4
2156 1.000000 4
2160 1.000000 4
2165 0.000000 5
2168 1.000000 3
2173 1.000000 5
2176 1.000000 3
2179 1.000000 3
2183 1.000000 4
2186 -1.000000 3
2191 0.000000 5
2196 1.000000 5
2200 -1.000000 4
2204 1.000000 4
2209 1.000000 5
2213 1.000000 4
2216 1.000000 3
2220 1.000000 4
2225 1.000000 5
2229 -1.000000 4
2233 -1.000000 4
2238 1.000000 5
2242 -1.000000 4
2246 1.000000 4
2250 1.000000 4
2253 1.000000 3
2256 -1.000000 3
2259 1.000000 3
2263 1.000000 4
2267 -1.000000 4
2271 -1.000000 4
2275 -1.000000 4
2279 -1.000000 4
2284 1.000000 5
2288 1.000000 4
2292 1.000000 4
2297 0.000000 5
2301 -1.000000 4
2306 1.000000 5
2311 0.000000 5
2316 0.000000 5
2319 1.000000 3
2323 1.000000 4
2327 1.000000 4
2332 0.000000 5
2337 1.000000 5
2341 -1.000000 4
2345 -1.000000 4
2348 1.000000 3
2351 1.000000 3
2356 1.000000 5
2360 -1.000000 4
2364 1.000000 4
2367 -1.000000 3
2370 -1.000000 3
2374 1.000000 4
2379 1.000000 5
2383 -1.000000 4
2388 1.000000 5
2393 0.000000 5
2396 -1.000000 3
2399 -1.000000 3
2403 1.000000 4
2407 -1.000000 4
2410 1.000000 3
2414 1.000000 4
2417 1.000000 3
2421 1.000000 4
2426 1.000000 5
2431 1.000000 5
2436 1.000000 5
2441 1.000000 5
2446 1.000000 5
2451 1.000000 5
2455 1.000000 4
2458 1.000000 3
2463 0.000000 5
2467 -1.000000 4
2472 1.000000 5
2477 1.000000 5
2482 1.000000 5
2485 1.000000 3
2489 -1.000000 4
2494 0.000000 5
2498 1.000000 4
2502 -1.000000 4
2506 1.000000 4
2509 -1.000000 3
2513 -1.000000 4
2516 -1.000000 3
2520 1.000000 4
2523 1.000000 3
2528 0.000000 5
2532 1.000000 4
2536 -1.000000 4
2541 1.000000 5
2545 -1.000000 4
2548 1.000000 3
2551 1.000000 3
2555 -1.000000 4
2559 -1.000000 4
2562 -1.000000 3
2567 0.000000 5
2570 1.000000 3
2575 0.000000 5
2579 1.000000 4
2583 -1.000000 4
2587 -1.000000 4
2590 -1.000000 3
2594 -1.000000 4
2599 1.000000 5
2603 1.000000 4
2607 1.000000 4
2610 1.000000 3
2614 -1.000000 4
2618 1.000000 4
2623 1.000000 5
2627 1.000000 4
2631 -1.000000 4
2635 -1.000000 4
2639 1.000000 4
2643 1.000000 4
2646 -1.000000 3
2649 -1.000000 3
2653 1.000000 4
2658 1.000000 5
2663 1.000000 5
2668 1.000000 5
2673 1.000000 5
2678 1.000000 5
2681 1.000000 3
2686 1.000000 5
2690 1.000000 4
2693 -1.000000 3
2697 1.000000 4
2701 1.000000 4
2704 -1.000000 3
2708 -1.000000 4
2712 1.000000 4
2717 0.000000 5
2722 1.000000 5
2727 1.000000 5
2732 1.000000 5
2736 -1.000000 4
2739 1.000000 3
2743 1.000000 4
2747 -1.000000 4
2751 -1.000000 4
2756 1.000000 5
2761 1.000000 5
2766 1.000000 5
2770 1.000000 4
2775 1.000000 5
2780 1.000000 5
2785 0.000000 5
2789 -1.000000 4
2794 1.000000 5
2799 0.000000 5
2804 0.000000 5
2809 0.000000 5
2813 1.000000 4
2817 -1.000000 4
2822 1.000000 5
2826 1.000000 4
2831 1.000000 5
2836 1.000000 5
2841 0.000000 5
2846 0.000000 5
2850 1.000000 4
2855 1.000000 5
2860 1.000000 5
2865 1.000000 5
2868 1.000000 3
2871 1.000000 3
2875 1.000000 4
2879 1.000000 4
2883 1.000000 4
2888 1.000000 5
2892 1.000000 4
2896 1.000000 4
2900 -1.000000 4
2904 -1.000000 4
2908 1.000000 4
2911 1.000000 3
2915 1.000000 4
2918 1.000000 3
2922 -1.000000 4
2927 1.000000 5
2932 1.000000 5
2936 1.000000 4
2941 1.000000 5
2945 1.000000 4
2948 -1.000000 3
2952 -1.000000 4
2956 1.000000 4
2960 1.000000 4
2965 1.000000 5
2970 0.000000 5
2975 1.000000 5
2980 1.000000 5
2985 1.000000 5
2989 -1.000000 4
2994 1.000000 5
2998 -1.000000 4
3003 1.000000 5
3007 -1.000000 4
3011 1.000000 4
3015 1.000000 4
3018 -1.000000 3
3023 1.000000 5
3028 0.000000 5
3033 1.000000 5
3037 1.000000 4
3040 -1.000000 3
3044 1.000000 4
3048 -1.000000 4
3053 1.000000 5
3056 1.000000 3
3060 1.000000 4
3064 -1.000000 4
3068 -1.000000 4
3073 0.000000 5
3078 1.000000 5
3082 1.000000 4
3086 -1.000000 4
3089 1.000000 3
3094 1.000000 5
3097 -1.000000 3
3102 0.000000 5
3107 1.000000 5
3112 1.000000 5
3117 1.000000 5
3121 -1.000000 4
3125 1.000000 4
3128 1.000000 3
3133 1.000000 5
3137 1.000000 4
3141 -1.000000 4
3145 -1.000000 4
3150 1.000000 5
3155 1.000000 5
3160 0.000000 5
3163 1.000000 3
3167 -1.000000 4
3171 1.000000 4
3175 1.000000 4
3179 -1.000000 4
3183 1.000000 4
3187 -1.000000 4
3192 1.000000 5
3197 0.000000 5
3201 1.000000 4
3205 1.000000 4
3209 1.000000 4
3213 1.000000 4
3216 -1.000000 3
3221 1.000000 5
3225 1.000000 4
3229 -1.000000 4
3233 1.000000 4
3237 -1.000000 4
3240 -1.000000 3
3244 1.000000 4
3247 -1.000000 3
3250 1.000000 3
3253 -1.000000 3
3257 -1.000000 4
3261 1.000000 4
3266 1.000000 5
3269 1.000000 3
3274 1.000000 5
3278 -1.000000 4
3283 1.000000 5
3287 1.000000 4
3292 1.000000 5
3297 0.000000 5
3301 -1.000000 4
3306 1.000000 5
3309 -1.000000 3
3313 1.000000 4
3316 -1.000000 3
3320 -1.000000 4
3325 1.000000 5
3329 -1.000000 4
3333 -1.000000 4
3338 0.000000 5
3343 1.000000 5
3347 -1.000000 4
3351 1.000000 4
3354 1.000000 3
3357 -1.000000 3
3360 -1.000000 3
3364 -1.000000 4
3368 1.000000 4
3372 1.000000 4
3376 -1.000000 4
3381 1.000000 5
3386 1.000000 5
3391 0.000000 5
3396 1.000000 5
3400 1.000000 4
3403 -1.000000 3
3407 1.000000 4
3412 0.000000 5
3417 1.000000 5
3421 1.000000 4
3425 -1.000000 4
3430 0.000000 5
3433 1.000000 3
3437 1.000000 4
3442 1.000000 5
3447 1.000000 5
3451 1.000000 4
3455 1.000000 4
3459 -1.000000 4
3463 -1.000000 4
3467 1.000000 4
3471 -1.000000 4
3476 0.000000 5
3480 -1.000000 4
3484 -1.000000 4
3487 -1.000000 3
3492 1.000000 5
3496 1.000000 4
3500 1.000000 4
3503 -1.000000 3
3508 1.000000 5
3512 1.000000 4
3517 1.000000 5
3521 1.000000 4
3525 -1.000000 4
3528 1.000000 3
3532 1.000000 4
3537 1.000000 5
3541 -1.000000 4
3545 1.000000 4
3548 1.000000 3
3551 1.000000 3
3554 1.000000 3
3559 1.000000 5
3564 1.000000 5
3569 0.000000 5
3573 -1.000000 4
3576 -1.000000 3
3580 1.000000 4
3584 1.000000 4
3588 1.000000 4
3593 0.000000 5
3597 -1.000000 4
3601 1.000000 4
3606 0.000000 5
3610 -1.000000 4
3615 1.000000 5
3620 0.000000 5
3624 -1.000000 4
3627 1.000000 3
3630 -1.000000 3
3635 0.000000 5
3640 1.000000 5
3644 -1.000000 4
3647 -1.000000 3
3652 0.000000 5
3657 1.000000 5
3662 1.000000 5
3666 -1.000000 4
3670 1.000000 4
3675 0.000000 5
3678 1.000000 3
3682 1.000000 4
3685 1.000000 3
3688 1.000000 3
3692 -1.000000 4
3696 -1.000000 4
3701 1.000000 5
3704 -1.000000 3
3709 1.000000 5
3712 -1.000000 3
3716 1.000000 4
3720 1.000000 4
3725 0.000000 5
3729 -1.000000 4
3733 -1.000000 4
3737 -1.000000 4
3740 -1.000000 3
3743 1.000000 3
3747 -1.000000 4
3752 1.000000 5
3755 1.000000 3
3759 1.000000 4
3763 -1.000000 4
3768 1.000000 5
3771 1.000000 3
3775 1.000000 4
3778 -1.000000 3
3782 1.000000 4
3787 1.000000 5
3791 -1.000000 4
3796 1.000000 5
3801 1.000000 5
3806 0.000000 5
3810 -1.000000 4
3814 1.000000 4
3818 1.000000 4
3821 1.000000 3
3824 1.000000 3
3828 -1.000000 4
3832 -1.000000 4
3837 0.000000 5
3841 -1.000000 4
3845 1.000000 4
3850 1.000000 5
3854 -1.000000 4
3858 -1.000000 4
3862 -1.000000 4
3866 -1.000000 4
3870 1.000000 4
3873 1.000000 3
3876 -1.000000 3
3880 1.000000 4
3884 1.000000 4
3888 1.000000 4
3892 1.000000 4
3897 0.000000 5
3901 1.000000 4
3905 -1.000000 4
3909 1.000000 4
3914 0.000000 5
3917 -1.000000 3
3921 1.000000 4
3926 0.000000 5
3931 1.000000 5
3935 -1.000000 4
3938 -1.000000 3
3942 -1.000000 4
3946 1.000000 4
3950 1.000000 4
3955 1.000000 5
3958 1.000000 3
3963 1.000000 5
3967 1.000000 4
3972 1.000000 5
3975 -1.000000 3
3978 -1.000000 3
3982 1.000000 4
3987 1.000000 5
3990 1.000000 3
3994 -1.000000 4
3998 1.000000 4
4002 -1.000000 4
4007 1.000000 5
4012 1.000000 5
4016 -1.000000 4
4019 1.000000 3
4023 -1.000000 4
4027 1.000000 4
4031 -1.000000 4
4034 -1.000000 3
4038 1.000000 4
4042 -1.000000 4
4045 -1.000000 3
4050 1.000000 5
4055 1.000000 5
4060 1.000000 5
4064 1.000000 4
4069 1.000000 5
4073 -1.000000 4
4076 -1.000000 3
4081 0.000000 5
4086 0.000000 5
4091 1.000000 5
4095 1.000000 4
4100 1.000000 5
4105 0.000000 5
4108 -1.000000 3
4111 -1.000000 3
4115 1.000000 4
4119 1.000000 4
4124 1.000000 5
4127 -1.000000 3
4132 1.000000 5
4136 -1.000000 4
4140 1.000000 4
4144 1.000000 4
4149 1.000000 5
4153 1.000000 4
4157 -1.000000 4
4162 1.000000 5
4167 1.000000 5
4172 0.000000 5
4177 1.000000 5
4181 -1.000000 4
4186 1.000000 5
4189 -1.000000 3
4194 0.000000 5
4199 0.000000 5
4203 1.000000 4
4207 -1.000000 4
4211 1.000000 4
4215 1.000000 4
4220 1.000000 5
4225 0.000000 5
4228 -1.000000 3
4233 1.000000 5
4237 1.000000 4
4240 1.000000 3
4243 1.000000 3
4248 1.000000 5
4251 1.000000 3
4255 -1.000000 4
4259 1.000000 4
4263 -1.000000 4
4267 1.000000 4
4271 1.000000 4
4275 1.000000 4
4280 1.000000 5
4283 -1.000000 3
4287 1.000000 4
4292 0.000000 5
4297 0.000000 5
4302 0.000000 5
4307 1.000000 5
4312 1.000000 5
4316 -1.000000 4
4320 -1.000000 4
4324 1.000000 4
4328 -1.000000 4
4333 1.000000 5
4337 1.000000 4
4341 1.000000 4
4345 -1.000000 4
4349 -1.000000 4
4353 -1.000000 4
4356 -1.000000 3
4360 1.000000 4
4365 0.000000 5
4369 -1.000000 4
4374 0.000000 5
4377 1.000000 3
4382 1.000000 5
4386 1.000000 4
4390 1.000000 4
4393 -1.000000 3
4397 1.000000 4
4401 1.000000 4
4405 -1.000000 4
4410 1.000000 5
4414 1.000000 4
4419 1.000000 5
4422 -1.000000 3
4426 -1.000000 4
4431 0.000000 5
4436 0.000000 5
4440 1.000000 4
4444 -1.000000 4
4449 0.000000 5
4454 1.000000 5
4457 -1.000000 3
4461 1.000000 4
4465 1.000000 4
4468 1.000000 3
4473 0.000000 5
4478 0.000000 5
4482 1.000000 4
4485 1.000000 3
4488 1.000000 3
4493 1.000000 5
4497 1.000000 4
4500 1.000000 3
4503 1.000000 3
4506 1.000000 3
4509 -1.000000 3
4514 1.000000 5
4519 0.000000 5
4523 1.000000 4
4527 1.000000 4
4531 -1.000000 4
4536 1.000000 5
4541 1.000000 5
4545 -1.000000 4
4548 1.000000 3
4552 -1.000000 4
4557 0.000000 5
4561 1.000000 4
4566 1.000000 5
4571 1.000000 5
4575 -1.000000 4
4579 -1.000000 4
4582 1.000000 3
4585 1.000000 3
4589 1.000000 4
4594 1.000000 5
4598 -1.000000 4
4602 -1.000000 4
4606 1.000000 4
4610 1.000000 4
4614 1.000000 4
4619 1.000000 5
4622 1.000000 3
4626 1.000000 4
4631 1.000000 5
4635 1.000000 4
4638 -1.000000 3
4642 -1.000000 4
4646 -1.000000 4
4651 1.000000 5
4654 -1.000000 3
4657 1.000000 3
4661 -1.000000 4
4665 1.000000 4
4668 1.000000 3
4672 1.000000 4
4675 -1.000000 3
4679 -1.000000 4
4684 1.000000 5
4688 -1.000000 4
4691 -1.000000 3
4695 -1.000000 4
4699 -1.000000 4
4703 1.000000 4
4707 1.000000 4
4711 -1.000000 4
4716 0.000000 5
4720 1.000000 4
4725 0.000000 5
4728 1.000000 3
4731 -1.000000 3
4736 1.000000 5
4741 1.000000 5
4746 1.000000 5
4749 1.000000 3
4754 0.000000 5
4758 1.000000 4
4762 1.000000 4
4766 1.000000 4
4771 1.000000 5
4776 0.000000 5
4781 0.000000 5
4785 -1.000000 4
4790 0.000000 5
4795 1.000000 5
4799 -1.000000 4
4802 1.000000 3
4807 0.000000 5
4812 0.000000 5
4817 0.000000 5
4822 1.000000 5
4827 1.000000 5
4831 -1.000000 4
4834 -1.000000 3
4839 1.000000 5
4843 -1.000000 4
4847 1.000000 4
4851 1.000000 4
4854 -1.000000 3
4859 1.000000 5
4864 0.000000 5
4868 1.000000 4
4871 -1.000000 3
4875 -1.000000 4
4880 1.000000 5
4885 1.000000 5
4889 1.000000 4
4894 0.000000 5
4898 1.000000 4
4902 1.000000 4
4906 -1.000000 4
4911 1.000000 5
4914 1.000000 3
4918 -1.000000 4
4923 1.000000 5
4927 1.000000 4
4932 0.000000 5
4936 1.000000 4
4940 1.000000 4
4944 1.000000 4
4948 1.000000 4
4951 1.000000 3
4955 1.000000 4
4959 -1.000000 4
4964 0.000000 5
4969 0.000000 5
4974 0.000000 5
4979 0.000000 5
4984 1.000000 5
4989 1.000000 5
4994 0.000000 5
4998 -1.000000 4
5001 1.000000 3
5006 0.000000 5
5010 -1.000000 4
5014 -1.000000 4
5019 1.000000 5
5023 1.000000 4
5027 1.000000 4
5031 1.000000 4
5036 1.000000 5
5041 1.000000 5
5044 -1.000000 3
5049 1.000000 5
5052 -1.000000 3
5056 1.000000 4
5059 1.000000 3
5063 1.000000 4
5066 1.000000 3
5070 1.000000 4
5075 1.000000 5
5079 1.000000 4
5084 0.000000 5
5088 -1.000000 4
5092 -1.000000 4
5096 1.000000 4
5100 1.000000 4
5105 1.000000 5
5109 1.000000 4
5114 1.000000 5
5117 1.000000 3
5120 -1.000000 3
5125 0.000000 5
5128 -1.000000 3
5133 1.000000 5
5137 1.000000 4
5140 1.000000 3
5145 1.000000 5
5149 1.000000 4
5153 1.000000 4
5158 1.000000 5
5163 0.000000 5
5167 -1.000000 4
5171 1.000000 4
5175 1.000000 4
5180 1.000000 5
5184 1.000000 4
5188 -1.000000 4
5192 1.000000 4
5196 -1.000000 4
5201 0.000000 5
5205 1.000000 4
5209 1.000000 4
5212 -1.000000 3
5217 0.000000 5
5222 0.000000 5
5225 1.000000 3
5230 1.000000 5
5235 1.000000 5
5238 1.000000 3
5241 1.000000 3
5244 -1.000000 3
5249 1.000000 5
5253 -1.000000 4
5257 1.000000 4
5260 -1.000000 3
5264 1.000000 4
5267 1.000000 3
5271 1.000000 4
5276 0.000000 5
5281 1.000000 5
5285 -1.000000 4
5289 -1.000000 4
5293 -1.000000 4
5297 -1.000000 4
5301 -1.000000 4
5305 1.000000 4
5308 1.000000 3
5313 1.000000 5
5317 1.000000 4
5321 -1.000000 4
5326 1.000000 5
5330 -1.000000 4
5334 1.000000 4
5339 1.000000 5
5343 1.000000 4
5348 1.000000 5
5353 1.000000 5
5357 -1.000000 4
5362 1.000000 5
5366 1.000000 4
5370 -1.000000 4
5375 0.000000 5
5380 1.000000 5
5384 1.000000 4
5389 0.000000 5
5393 1.000000 4
5398 1.000000 5
5402 1.000000 4
5406 -1.000000 4
5409 -1.000000 3
5413 1.000000 4
5417 -1.000000 4
5421 1.000000 4
5425 1.000000 4
5429 -1.000000 4
5432 1.000000 3
5436 -1.000000 4
5441 1.000000 5
5446 1.000000 5
5451 1.000000 5
5456 1.000000 5
5459 1.000000 3
5464 1.000000 5
5469 1.000000 5
5472 -1.000000 3
5476 1.000000 4
5481 1.000000 5
5486 1.000000 5
5490 1.000000 4
5494 -1.000000 4
5498 -1.000000 4
5503 1.000000 5
5506 1.000000 3
5511 0.000000 5
5514 1.000000 3
5519 1.000000 5
5524 0.000000 5
5528 -1.000000 4
5533 1.000000 5
5537 -1.000000 4
5541 -1.000000 4
5546 0.000000 5
5550 -1.000000 4
5555 1.000000 5
5559 -1.000000 4
5564 1.000000 5
5567 1.000000 3
5572 1.000000 5
5575 -1.000000 3
5579 1.000000 4
5584 0.000000 5
5588 -1.000000 4
5592 1.000000 4
5596 1.000000 4
5600 -1.000000 4
5604 1.000000 4
5609 1.000000 5
5613 1.000000 4
5618 1.000000 5
5623 1.000000 5
5628 1.000000 5
5633 1.000000 5
5637 -1.000000 4
5642 0.000000 5
5645 -1.000000 3
5650 1.000000 5
5655 0.000000 5
5659 -1.000000 4
5664 1.000000 5
5669 1.000000 5
5673 1.000000 4
5676 -1.000000 3
5680 1.000000 4
5685 1.000000 5
5689 1.000000 4
5694 0.000000 5
5698 1.000000 4
5703 1.000000 5
5708 0.000000 5
5713 1.000000 5
5716 -1.000000 3
5721 1.000000 5
5724 -1.000000 3
5728 -1.000000 4
5732 -1.000000 4
5736 1.000000 4
5739 -1.000000 3
5743 1.000000 4
5748 0.000000 5
5751 1.000000 3
5754 1.000000 3
5758 -1.000000 4
5762 1.000000 4
5766 1.000000 4
5769 -1.000000 3
5774 1.000000 5
5779 1.000000 5
5784 1.000000 5
5788 1.000000 4
5792 -1.000000 4
5795 1.000000 3
5799 1.000000 4
5804 1.000000 5
5808 1.000000 4
5811 1.000000 3
5815 1.000000 4
5819 1.000000 4
5824 1.000000 5
5828 -1.000000 4
5833 1.000000 5
5837 1.000000 4
5842 0.000000 5
5847 0.000000 5
5850 1.000000 3
5854 1.000000 4
5859 1.000000 5
5863 1.000000 4
5866 -1.000000 3
5871 1.000000 5
5875 -1.000000 4
5879 -1.000000 4
5884 0.000000 5
5889 1.000000 5
5892 -1.000000 3
5895 -1.000000 3
5899 1.000000 4
5903 1.000000 4
5908 1.000000 5
5911 -1.000000 3
5915 1.000000 4
5920 0.000000 5
5923 1.000000 3
5927 -1.000000 4
5932 1.000000 5
5936 -1.000000 4
5940 -1.000000 4
5944 -1.000000 4
5947 -1.000000 3
5951 -1.000000 4
5956 0.000000 5
5960 -1.000000 4
5964 1.000000 4
5967 1.000000 3
5970 -1.000000 3
5975 0.000000 5
5978 1.000000 3
5983 0.000000 5
5987 -1.000000 4
5990 1.000000 3
5995 1.000000 5
5999 -1.000000 4
6003 1.000000 4
6008 0.000000 5
6012 1.000000 4
6016 1.000000 4
6021 1.000000 5
6025 -1.000000 4
6029 -1.000000 4
6033 1.000000 4
6037 1.000000 4
6042 1.000000 5
6046 1.000000 4
6051 1.000000 5
6054 1.000000 3
6058 -1.000000 4
6062 -1.000000 4
6067 1.000000 5
6071 1.000000 4
6075 -1.000000 4
6079 1.000000 4
6083 1.000000 4
6087 1.000000 4
6092 1.000000 5
6097 0.000000 5
6100 1.000000 3
6105 1.000000 5
6109 1.000000 4
6114 0.000000 5
6119 1.000000 5
6124 1.000000 5
6127 1.000000 3
6131 -1.000000 4
6134 -1.000000 3
6138 -1.000000 4
6142 1.000000 4
6146 -1.000000 4
6150 -1.000000 4
6154 -1.000000 4
6158 -1.000000 4
6161 1.000000 3
6165 1.000000 4
6169 -1.000000 4
6172 -1.000000 3
6176 1.000000 4
6181 1.000000 5
6184 1.000000 3
6189 0.000000 5
6194 1.000000 5
6197 1.000000 3
6202 0.000000 5
6206 1.000000 4
6211 1.000000 5
6215 -1.000000 4
6218 -1.000000 3
6222 -1.000000 4
6225 -1.000000 3
6229 1.000000 4
6234 0.000000 5
6238 -1.000000 4
6241 1.000000 3
6246 1.000000 5
6250 -1.000000 4
6255 1.000000 5
6259 -1.000000 4
6263 1.000000 4
6267 1.000000 4
6270 1.000000 3
6274 1.000000 4
6277 1.000000 3
6281 -1.000000 4
6285 1.000000 4
6288 -1.000000 3
6293 0.000000 5
6298 1.000000 5
6301 1.000000 3
6304 -1.000000 3
6307 -1.000000 3
6310 1.000000 3
6313 -1.000000 3
6317 -1.000000 4
6321 1.000000 4
6326 1.000000 5
6330 -1.000000 4
6334 1.000000 4
6338 -1.000000 4
6343 1.000000 5
6346 -1.000000 3
6350 -1.000000 4
6355 1.000000 5
6359 1.000000 4
6363 1.000000 4
6366 -1.000000 3
6370 -1.000000 4
6374 -1.000000 4
6377 -1.000000 3
6382 0.000000 5
6386 -1.000000 4
6390 1.000000 4
6393 1.000000 3
6397 1.000000 4
6401 -1.000000 4
6405 1.000000 4
6409 -1.000000 4
6414 0.000000 5
6418 1.000000 4
6423 0.000000 5
6428 0.000000 5
6432 -1.000000 4
6435 -1.000000 3
6439 1.000000 4
6443 -1.000000 4
6447 1.000000 4
6450 -1.000000 3
6453 -1.000000 3
6457 1.000000 4
6461 1.000000 4
6465 -1.000000 4
6469 1.000000 4
6473 -1.000000 4
6478 1.000000 5
6483 1.000000 5
6488 1.000000 5
6493 1.000000 5
6497 1.000000 4
6501 1.000000 4
6504 -1.000000 3
6508 -1.000000 4
6513 1.000000 5
6517 1.000000 4
6521 -1.000000 4
6524 1.000000 3
6528 -1.000000 4
6532 1.000000 4
6536 1.000000 4
6540 -1.000000 4
6543 1.000000 3
6547 -1.000000 4
6551 1.000000 4
6555 1.000000 4
6560 0.000000 5
6565 1.000000 5
6569 -1.000000 4
6574 1.000000 5
6578 1.000000 4
6582 -1.000000 4
6586 -1.000000 4
6591 1.000000 5
6596 0.000000 5
6600 1.000000 4
6604 -1.000000 4
6607 1.000000 3
6611 1.000000 4
6614 -1.000000 3
6617 -1.000000 3
6621 1.000000 4
6625 -1.000000 4
6628 1.000000 3
6631 1.000000 3
6636 0.000000 5
6641 1.000000 5
6645 -1.000000 4
6649 1.000000 4
6653 -1.000000 4
6658 1.000000 5
6663 1.000000 5
6666 -1.000000 3
6670 -1.000000 4
6675 1.000000 5
6679 1.000000 4
6683 -1.000000 4
6687 1.000000 4
6691 -1.000000 4
6696 0.000000 5
6700 -1.000000 4
6704 -1.000000 4
6709 0.000000 5
6712 1.000000 3
6717 1.000000 5
6721 -1.000000 4
6726 1.000000 5
6730 1.000000 4
6734 1.000000 4
6737 1.000000 3
6740 -1.000000 3
6744 -1.000000 4
6749 1.000000 5
6754 0.000000 5
6759 1.000000 5
6763 -1.000000 4
6768 1.000000 5
6773 1.000000 5
6778 1.000000 5
6781 -1.000000 3
6785 -1.000000 4
6790 1.000000 5
6794 -1.000000 4
6798 -1.000000 4
6801 1.000000 3
6806 1.000000 5
6810 -1.000000 4
6813 1.000000 3
6818 1.000000 5
6823 1.000000 5
6827 -1.000000 4
6832 0.000000 5
6837 0.000000 5
6842 1.000000 5
6846 1.000000 4
6850 1.000000 4
6854 1.000000 4
6857 -1.000000 3
6861 -1.000000 4
6864 1.000000 3
6868 1.000000 4
6873 0.000000 5
6877 1.000000 4
6882 0.000000 5
6887 0.000000 5
6892 0.000000 5
6896 1.000000 4
6899 -1.000000 3
6903 -1.000000 4
6906 -1.000000 3
6910 -1.000000 4
6915 0.000000 5
6918 1.000000 3
6922 -1.000000 4
6927 1.000000 5
6932 1.000000 5
6936 1.000000 4
6940 1.000000 4
6943 1.000000 3
6948 0.000000 5
6953 0.000000 5
6957 -1.000000 4
6962 1.000000 5
6967 0.000000 5
6971 -1.000000 4
6975 -1.000000 4
6979 1.000000 4
6983 1.000000 4
6988 1.000000 5
6992 1.000000 4
6995 -1.000000 3
6998 1.000000 3
7002 1.000000 4
7006 1.000000 4
7010 -1.000000 4
7015 0.000000 5
7020 1.000000 5
7023 1.000000 3
7027 -1.000000 4
7032 1.000000 5
7036 1.000000 4
7039 -1.000000 3
7044 1.000000 5
7048 -1.000000 4
7052 -1.000000 4
7056 -1.000000 4
7060 1.000000 4
7064 -1.000000 4
7069 1.000000 5
7072 1.000000 3
7077 1.000000 5
7080 1.000000 3
7084 -1.000000 4
7087 -1.000000 3
7091 -1.000000 4
7096 0.000000 5
7101 1.000000 5
7105 -1.000000 4
7109 1.000000 4
7113 1.000000 4
7118 1.000000 5
7122 -1.000000 4
7125 1.000000 3
7129 -1.000000 4
7133 1.000000 4
7137 -1.000000 4
7141 1.000000 4
7146 1.000000 5
7150 1.000000 4
7154 -1.000000 4
7159 0.000000 5
7163 -1.000000 4
7167 1.000000 4
7170 -1.000000 3
7174 1.000000 4
7179 0.000000 5
7184 0.000000 5
7189 1.000000 5
7194 1.000000 5
7198 -1.000000 4
7203 1.000000 5
7207 1.000000 4
7210 -1.000000 3
7214 1.000000 4
7218 -1.000000 4
7223 1.000000 5
7227 1.000000 4
7230 1.000000 3
7234 1.000000 4
7238 1.000000 4
7242 1.000000 4
7247 1.000000 5
7250 1.000000 3
7255 1.000000 5
7259 -1.000000 4
7264 1.000000 5
7269 1.000000 5
7273 -1.000000 4
7278 0.000000 5
7281 -1.000000 3
7285 -1.000000 4
7289 -1.000000 4
7293 -1.000000 4
7298 1.000000 5
7301 1.000000 3
7305 1.000000 4
7310 0.000000 5
7314 1.000000 4
7319 0.000000 5
7324 1.000000 5
7328 1.000000 4
7331 1.000000 3
7336 0.000000 5
7341 0.000000 5
7346 1.000000 5
7350 1.000000 4
7355 1.000000 5
7359 1.000000 4
7363 1.000000 4
7367 1.000000 4
7371 1.000000 4
7376 1.000000 5
7380 1.000000 4
7383 1.000000 3
7387 1.000000 4
7392 0.000000 5
7395 -1.000000 3
7398 -1.000000 3
7402 1.000000 4
7406 -1.000000 4
7410 1.000000 4
7413 -1.000000 3
7417 1.000000 4
7422 0.000000 5
7427 0.000000 5
7431 1.000000 4
7435 -1.000000 4
7440 1.000000 5
7444 1.000000 4
7448 1.000000 4
7451 1.000000 3
7455 -1.000000 4
7460 1.000000 5
7465 1.000000 5
7470 1.000000 5
7475 1.000000 5
7478 -1.000000 3
7481 -1.000000 3
7485 1.000000 4
7488 1.000000 3
7491 -1.000000 3
7496 1.000000 5
7500 1.000000 4
7505 0.000000 5
7509 1.000000 4
7513 -1.000000 4
7518 1.000000 5
7522 1.000000 4
7525 1.000000 3
7530 1.000000 5
7533 -1.000000 3
7537 1.000000 4
7542 0.000000 5
7547 1.000000 5
7550 1.000000 3
7554 -1.000000 4
7558 -1.000000 4
7562 -1.000000 4
7565 1.000000 3
7570 0.000000 5
7575 0.000000 5
7579 1.000000 4
7582 -1.000000 3
7587 1.000000 5
7592 1.000000 5
7595 -1.000000 3
7599 -1.000000 4
7603 -1.000000 4
7608 1.000000 5
7612 1.000000 4
7617 0.000000 5
7622 1.000000 5
7626 -1.000000 4
7631 1.000000 5
7636 0.000000 5
7640 1.000000 4
7645 1.000000 5
7649 1.000000 4
7654 1.000000 5
7658 1.000000 4
7662 -1.000000 4
7666 -1.000000 4
7670 -1.000000 4
7675 0.000000 5
7680 1.000000 5
7683 -1.000000 3
7688 0.000000 5
7692 1.000000 4
7697 1.000000 5
7700 1.000000 3
7704 1.000000 4
7708 1.000000 4
7711 1.000000 3
7716 0.000000 5
7721 1.000000 5
7726 0.000000 5
7729 1.000000 3
7733 1.000000 4
7737 -1.000000 4
7742 0.000000 5
7746 -1.000000 4
7750 1.000000 4
7754 1.000000 4
7759 1.000000 5
7762 -1.000000 3
7767 1.000000 5
7772 0.000000 5
7776 1.000000 4
7780 -1.000000 4
7785 1.000000 5
7789 -1.000000 4
7793 -1.000000 4
7796 1.000000 3
7801 1.000000 5
7805 1.000000 4
7810 1.000000 5
7815 1.000000 5
7820 0.000000 5
7825 1.000000 5
7830 1.000000 5
7833 1.000000 3
7838 1.000000 5
7842 -1.000000 4
7845 -1.000000 3
7849 1.000000 4
7853 1.000000 4
7857 1.000000 4
7860 -1.000000 3
7864 -1.000000 4
7869 1.000000 5
7873 -1.000000 4
7878 0.000000 5
7881 -1.000000 3
7885 1.000000 4
7889 -1.000000 4
7893 -1.000000 4
7898 0.000000 5
7903 1.000000 5
7908 1.000000 5
7911 1.000000 3
7916 1.000000 5
7919 -1.000000 3
7923 -1.000000 4
7928 0.000000 5
7932 1.000000 4
7937 1.000000 5
7941 1.000000 4
7944 1.000000 3
7948 1.000000 4
7953 0.000000 5
7957 1.000000 4
7961 1.000000 4
7966 1.000000 5
7969 1.000000 3
7974 1.000000 5
7979 1.000000 5
7983 -1.000000 4
7987 1.000000 4
7991 -1.000000 4
7995 -1.000000 4
7998 1.000000 3
8002 -1.000000 4
8005 1.000000 3
8010 1.000000 5
8014 1.000000 4
8019 1.000000 5
8023 1.000000 4
8027 -1.000000 4
8032 0.000000 5
8036 -1.000000 4
8040 -1.000000 4
8043 -1.000000 3
8046 1.000000 3
8049 -1.000000 3
8053 -1.000000 4
8057 1.000000 4
8060 1.000000 3
8065 0.000000 5
8068 -1.000000 3
8072 -1.000000 4
8077 1.000000 5
8082 1.000000 5
8087 0.000000 5
8091 1.000000 4
8096 1.000000 5
8100 1.000000 4
8103 -1.000000 3
8108 0.000000 5
8111 1.000000 3
8115 -1.000000 4
8119 1.000000 4
8123 -1.000000 4
8127 -1.000000 4
8131 -1.000000 4
8136 1.000000 5
8139 1.000000 3
8144 1.000000 5
8148 1.000000 4
8151 1.000000 3
8156 1.000000 5
8159 1.000000 3
8163 -1.000000 4
8168 1.000000 5
8171 1.000000 3
8176 1.000000 5
8180 -1.000000 4
8184 1.000000 4
8188 1.000000 4
8193 0.000000 5
8198 1.000000 5
8202 1.000000 4
8206 1.000000 4
8210 1.000000 4
8215 0.000000 5
8218 -1.000000 3
8222 1.000000 4
8226 -1.000000 4
8230 1.000000 4
8234 -1.000000 4
8238 -1.000000 4
8243 1.000000 5
8248 1.000000 5
8253 1.000000 5
8257 1.000000 4
8261 1.000000 4
8265 1.000000 4
8269 1.000000 4
8272 1.000000 3
8276 -1.000000 4
8280 -1.000000 4
8285 1.000000 5
8290 1.000000 5
8293 -1.000000 3
8296 1.000000 3
8300 -1.000000 4
8304 1.000000 4
8307 1.000000 3
8312 0.000000 5
8316 -1.000000 4
8321 1.000000 5
8325 -1.000000 4
8330 1.000000 5
8333 1.000000 3
8338 0.000000 5
8343 1.000000 5
8348 0.000000 5
8351 -1.000000 3
8356 1.000000 5
8360 -1.000000 4
8364 1.000000 4
8368 -1.000000 4
8373 1.000000 5
8377 1.000000 4
8381 1.000000 4
8386 0.000000 5
8391 0.000000 5
8395 1.000000 4
8398 1.000000 3
8401 1.000000 3
8406 0.000000 5
8410 -1.000000 4
8415 0.000000 5
8419 1.000000 4
8423 1.000000 4
8427 -1.000000 4
8432 0.000000 5
8435 -1.000000 3
8440 0.000000 5
8444 1.000000 4
8449 1.000000 5
8452 -1.000000 3
8456 1.000000 4
8460 1.000000 4
8464 -1.000000 4
8468 -1.000000 4
8472 -1.000000 4
8475 1.000000 3
8480 0.000000 5
8485 1.000000 5
8489 -1.000000 4
8493 1.000000 4
8496 1.000000 3
8501 0.000000 5
8505 1.000000 4
8510 0.000000 5
8515 0.000000 5
8520 0.000000 5
8523 1.000000 3
8526 -1.000000 3
8530 -1.000000 4
8534 1.000000 4
8538 1.000000 4
8542 1.000000 4
8547 1.000000 5
8552 1.000000 5
8556 -1.000000 4
8560 -1.000000 4
8564 -1.000000 4
8569 1.000000 5
8573 1.000000 4
8577 1.000000 4
8582 0.000000 5
8585 -1.000000 3
8589 1.000000 4
8594 1.000000 5
8599 0.000000 5
8602 1.000000 3
8605 -1.000000 3
8608 -1.000000 3
8613 1.000000 5
8618 1.000000 5
8622 -1.000000 4
8626 1.000000 4
8631 1.000000 5
8635 1.000000 4
8639 -1.000000 4
8644 1.000000 5
8649 1.000000 5
8654 1.000000 5
8657 -1.000000 3
8660 1.000000 3
8664 -1.000000 4
8668 -1.000000 4
8672 1.000000 4
8675 1.000000 3
8679 1.000000 4
8684 1.000000 5
8689 1.000000 5
8693 1.000000 4
8697 -1.000000 4
8701 -1.000000 4
8705 1.000000 4
8710 0.000000 5
8714 -1.000000 4
8719 1.000000 5
8723 1.000000 4
8726 -1.000000 3
8731 1.000000 5
8736 0.000000 5
8740 -1.000000 4
8745 1.000000 5
8749 -1.000000 4
8754 0.000000 5
8759 0.000000 5
8763 1.000000 4
8766 1.000000 3
8769 1.000000 3
8774 1.000000 5
8777 -1.000000 3
8780 1.000000 3
8785 0.000000 5
8788 1.000000 3
8792 1.000000 4
8797 1.000000 5
8800 1.000000 3
8805 1.000000 5
8808 -1.000000 3
8812 1.000000 4
8816 1.000000 4
8821 0.000000 5
8826 1.000000 5
8830 1.000000 4
8834 -1.000000 4
8838 -1.000000 4
8841 -1.000000 3
8844 1.000000 3
8848 1.000000 4
8852 1.000000 4
8856 1.000000 4
8861 0.000000 5
8866 1.000000 5
8871 1.000000 5
8875 -1.000000 4
8879 1.000000 4
8883 1.000000 4
8888 0.000000 5
8893 1.000000 5
8898 1.000000 5
8902 1.000000 4
8907 1.000000 5
8910 1.000000 3
8914 -1.000000 4
8919 1.000000 5
8924 0.000000 5
8929 0.000000 5
8933 1.000000 4
8937 1.000000 4
8941 1.000000 4
8945 -1.000000 4
8950 1.000000 5
8955 1.000000 5
8959 -1.000000 4
8963 1.000000 4
8967 1.000000 4
8972 1.000000 5
8977 0.000000 5
8982 1.000000 5
8985 1.000000 3
8990 1.000000 5
8994 -1.000000 4
8998 1.000000 4
9002 -1.000000 4
9007 0.000000 5
9011 -1.000000 4
9016 1.000000 5
9021 1.000000 5
9026 1.000000 5
9031 1.000000 5
9034 -1.000000 3
9038 -1.000000 4
9042 -1.000000 4
9047 0.000000 5
9052 1.000000 5
9055 -1.000000 3
9058 1.000000 3
9061 1.000000 3
9066 0.000000 5
9070 1.000000 4
9074 1.000000 4
9078 -1.000000 4
9082 1.000000 4
9087 1.000000 5
9092 0.000000 5
9096 1.000000 4
9099 1.000000 3
9103 -1.000000 4
9107 1.000000 4
9112 1.000000 5
9117 0.000000 5
9120 1.000000 3
9124 -1.000000 4
9129 1.000000 5
9134 1.000000 5
9139 1.000000 5
9143 1.000000 4
9148 1.000000 5
9151 1.000000 3
9155 -1.000000 4
9160 1.000000 5
9164 1.000000 4
9169 1.000000 5
9174 1.000000 5
9177 1.000000 3
9181 -1.000000 4
9185 1.000000 4
9190 1.000000 5
9195 0.000000 5
9200 1.000000 5
9204 -1.000000 4
9209 0.000000 5
9212 -1.000000 3
9215 -1.000000 3
9219 1.000000 4
9224 1.000000 5
9228 1.000000 4
9233 1.000000 5
9237 1.000000 4
9242 0.000000 5
9246 1.000000 4
9250 1.000000 4
9255 0.000000 5
9260 1.000000 5
9264 -1.000000 4
9268 1.000000 4
9272 1.000000 4
9276 1.000000 4
9280 1.000000 4
9284 1.000000 4
9289 0.000000 5
9294 1.000000 5
9297 -1.000000 3
9302 0.000000 5
9305 1.000000 3
9309 1.000000 4
9314 1.000000 5
9317 1.000000 3
9321 -1.000000 4
9325 1.000000 4
9330 0.000000 5
9335 1.000000 5
9339 -1.000000 4
9343 1.000000 4
9348 0.000000 5
9353 1.000000 5
9358 1.000000 5
9362 -1.000000 4
9366 -1.000000 4
9370 -1.000000 4
9375 0.000000 5
9380 0.000000 5
9385 1.000000 5
9389 1.000000 4
9393 -1.000000 4
9396 1.000000 3
9399 1.000000 3
9404 0.000000 5
9409 1.000000 5
9413 1.000000 4
9417 1.000000 4
9421 1.000000 4
9425 1.000000 4
9428 -1.000000 3
9432 1.000000 4
9436 -1.000000 4
9439 1.000000 3
9442 -1.000000 3
9446 1.000000 4
9449 -1.000000 3
9453 -1.000000 4
9457 1.000000 4
9461 1.000000 4
9465 -1.000000 4
9470 1.000000 5
9474 -1.000000 4
9478 -1.000000 4
9482 -1.000000 4
9486 1.000000 4
9490 -1.000000 4
9493 -1.000000 3
9496 1.000000 3
9501 1.000000 5
9505 -1.000000 4
9509 1.000000 4
9512 1.000000 3
9517 1.000000 5
9522 1.000000 5
9526 1.000000 4
9531 1.000000 5
9534 -1.000000 3
9538 -1.000000 4
9543 1.000000 5
9547 1.000000 4
9551 1.000000 4
9554 1.000000 3
9558 1.000000 4
9562 -1.000000 4
9567 1.000000 5
9571 -1.000000 4
9576 1.000000 5
9580 -1.000000 4
9583 -1.000000 3
9588 1.000000 5
9592 1.000000 4
9596 1.000000 4
9600 1.000000 4
9605 1.000000 5
9609 1.000000 4
9613 1.000000 4
9618 1.000000 5
9622 -1.000000 4
9626 1.000000 4
9630 -1.000000 4
9635 0.000000 5
9639 -1.000000 4
9644 1.000000 5
9648 1.000000 4
9652 -1.000000 4
9655 1.000000 3
9659 -1.000000 4
9663 1.000000 4
9668 0.000000 5
9672 -1.000000 4
9676 1.000000 4
9680 -1.000000 4
9684 1.000000 4
9687 -1.000000 3
9692 0.000000 5
9697 1.000000 5
9700 -1.000000 3
9704 -1.000000 4
9708 1.000000 4
9711 1.000000 3
9716 1.000000 5
9720 1.000000 4
9724 -1.000000 4
9727 1.000000 3
9731 1.000000 4
9735 -1.000000 4
9738 1.000000 3
9742 1.000000 4
9746 -1.000000 4
9751 1.000000 5
9756 0.000000 5
9759 -1.000000 3
9764 0.000000 5
9769 0.000000 5
9773 1.000000 4
9777 1.000000 4
9780 -1.000000 3
9783 -1.000000 3
9788 1.000000 5
9792 -1.000000 4
9796 1.000000 4
9800 1.000000 4
9805 0.000000 5
9809 -1.000000 4
9813 1.000000 4
9818 0.000000 5
9823 1.000000 5
9827 1.000000 4
9832 1.000000 5
9836 -1.000000 4
9841 1.000000 5
9845 -1.000000 4
9850 1.000000 5
9855 1.000000 5
9859 1.000000 4
9863 1.000000 4
9867 1.000000 4
9870 1.000000 3
9873 1.000000 3
9876 1.000000 3
9880 1.000000 4
9884 1.000000 4
9889 1.000000 5
9893 -1.000000 4
9898 0.000000 5
9903 1.000000 5
9906 1.000000 3
9910 1.000000 4
9913 1.000000 3
9918 0.000000 5
9921 -1.000000 3
9925 -1.000000 4
9930 1.000000 5
9934 -1.000000 4
9937 -1.000000 3
9941 1.000000 4
9946 0.000000 5
9951 0.000000 5
9955 1.000000 4
9959 -1.000000 4
9963 1.000000 4
9967 1.000000 4
9971 -1.000000 4
9974 -1.000000 3
9977 1.000000 3
9981 -1.000000 4
9985 1.000000 4
9990 1.000000 5
9994 -1.000000 4
9999 1.000000 5
10004 0.000000 5
10007 -1.000000 3
10010 -1.000000 3
10013 -1.000000 3
10016 -1.000000 3
10019 -1.000000 3
10022 -1.000000 3
10025 -1.000000 3
10028 -1.000000 3
10031 -1.000000 3
10034 -1.000000 3
10037 -1.000000 3
10040 -1.000000 3
10043 -1.000000 3
10046 -1.000000 3
10049 -1.000000 3
10052 -1.000000 3
10055 -1.000000 3
10058 -1.000000 3
10061 -1.000000 3
10064 -1.000000 3
10067 -1.000000 3
10070 -1.000000 3
10073 -1.000000 3
10076 -1.000000 3
10079 -1.000000 3
10082 -1.000000 3
10085 -1.000000 3
10088 -1.000000 3
10091 -1.000000 3
10094 -1.000000 3
10097 -1.000000 3
10100 -1.000000 3
10103 -1.000000 3
10106 -1.000000 3
10109 -1.000000 3
10112 -1.000000 3
10115 -1.000000 3
10118 -1.000000 3
10121 -1.000000 3
10124 -1.000000 3
10127 -1.000000 3
10130 -1.000000 3
10133 -1.000000 3
10136 -1.000000 3
10139 -1.000000 3
10142 -1.000000 3
10145 -1.000000 3
10148 -1.000000 3
10151 -1.000000 3
10154 -1.000000 3
10157 -1.000000 3
10160 -1.000000 3
10163 -1.000000 3
10166 -1.000000 3
10169 -1.000000 3
10172 -1.000000 3
10175 -1.000000 3
10178 -1.000000 3
10181 -1.000000 3
10184 -1.000000 3
10187 -1.000000 3
10190 -1.000000 3
10193 -1.000000 3
10196 -1.000000 3
10199 -1.000000 3
10202 -1.000000 3
10205 -1.000000 3
10208 -1.000000 3
10211 -1.000000 3
10214 -1.000000 3
10217 -1.000000 3
10220 -1.000000 3
10223 -1.000000 3
10226 -1.000000 3
10229 -1.000000 3
10232 -1.000000 3
10235 -1.000000 3
10238 -1.000000 3
10241 -1.000000 3
10244 -1.000000 3
10247 -1.000000 3
10250 -1.000000 3
10253 -1.000000 3
10256 -1.000000 3
10259 -1.000000 3
10262 -1.000000 3
10265 -1.000000 3
10268 -1.000000 3
10271 -1.000000 3
10274 -1.000000 3
10277 -1.000000 3
10280 -1.000000 3
10283 -1.000000 3
10286 -1.000000 3
10289 -1.000000 3
10292 -1.000000 3
10295 -1.000000 3
10298 -1.000000 3
10301 -1.000000 3
10304 -1.000000 3
10307 -1.000000 3
10310 -1.000000 3
10313 -1.000000 3
10316 -1.000000 3
10319 -1.000000 3
10322 -1.000000 3
10325 -1.000000 3
10328 -1.000000 3
10331 -1.000000 3
10334 -1.000000 3
10337 -1.000000 3
10340 -1.000000 3
10343 -1.000000 3
10346 -1.000000 3
10349 -1.000000 3
10352 -1.000000 3
10355 -1.000000 3
10358 -1.000000 3
10361 -1.000000 3
10364 -1.000000 3
10367 -1.000000 3
10370 -1.000000 3
10373 -1.000000 3
10376 -1.000000 3
10379 -1.000000 3
10382 -1.000000 3
10385 -1.000000 3
10388 -1.000000 3
10391 -1.000000 3
10394 -1.000000 3
10397 -1.000000 3
10400 -1.000000 3
10403 -1.000000 3
10406 -1.000000 3
10409 -1.000000 3
10412 -1.000000 3
10415 -1.000000 3
10418 -1.000000 3
10421 -1.000000 3
10424 -1.000000 3
10427 -1.000000 3
10430 -1.000000 3
10433 -1.000000 3
10436 -1.000000 3
10439 -1.000000 3
10442 -1.000000 3
10445 -1.000000 3
10448 -1.000000 3
10451 -1.000000 3
10454 -1.000000 3
10457 -1.000000 3
10460 -1.000000 3
10463 -1.000000 3
10466 -1.000000 3
10469 -1.000000 3
10472 -1.000000 3
10475 -1.000000 3
10478 -1.000000 3
10481 -1.000000 3
10484 -1.000000 3
10487 -1.000000 3
10490 -1.000000 3
10493 -1.000000 3
10496 -1.000000 3
10499 -1.000000 3
10502 -1.000000 3
10505 -1.000000 3
10508 -1.000000 3
10511 -1.000000 3
10514 -1.000000 3
10517 -1.000000 3
10520 -1.000000 3
10523 -1.000000 3
10526 -1.000000 3
10529 -1.000000 3
10532 -1.000000 3
10535 -1.000000 3
10538 -1.000000 3
10541 -1.000000 3
10544 -1.000000 3
10547 -1.000000 3
10550 -1.000000 3
10553 -1.000000 3
10556 -1.000000 3
10559 -1.000000 3
10562 -1.000000 3
10565 -1.000000 3
10568 -1.000000 3
10571 -1.000000 3
10574 -1.000000 3
10577 -1.000000 3
10580 -1.000000 3
10583 -1.000000 3
10586 -1.000000 3
10589 -1.000000 3
10592 -1.000000 3
10595 -1.000000 3
10598 -1.000000 3
10601 -1.000000 3
10604 -1.000000 3
10607 -1.000000 3
10610 -1.000000 3
10613 -1.000000 3
10616 -1.000000 3
10619 -1.000000 3
10622 -1.000000 3
10625 -1.000000 3
10628 -1.000000 3
10631 -1.000000 3
10634 -1.000000 3
10637 -1.000000 3
10640 -1.000000 3
10643 -1.000000 3
10646 -1.000000 3
10649 -1.000000 3
10652 -1.000000 3
10655 -1.000000 3
10658 -1.000000 3
10661 -1.000000 3
10664 -1.000000 3
10667 -1.000000 3
10670 -1.000000 3
10673 -1.000000 3
10676 -1.000000 3
10679 -1.000000 3
10682 -1.000000 3
10685 -1.000000 3
10688 -1.000000 3
10691 -1.000000 3
10694 -1.000000 3
10697 -1.000000 3
10700 -1.000000 3
10703 -1.000000 3
10706 -1.000000 3
10709 -1.000000 3
10712 -1.000000 3
10715 -1.000000 3
10718 -1.000000 3
10721 -1.000000 3
10724 -1.000000 3
10727 -1.000000 3
10730 -1.000000 3
10733 -1.000000 3
10736 -1.000000 3
10739 -1.000000 3
10742 -1.000000 3
10745 -1.000000 3
10748 -1.000000 3
10751 -1.000000 3
10754 -1.000000 3
10757 -1.000000 3
10760 -1.000000 3
10763 -1.000000 3
10766 -1.000000 3
10769 -1.000000 3
10772 -1.000000 3
10775 -1.000000 3
10778 -1.000000 3
10781 -1.000000 3
10784 -1.000000 3
10787 -1.000000 3
10790 -1.000000 3
10793 -1.000000 3
10796 -1.000000 3
10799 -1.000000 3
10802 -1.000000 3
10805 -1.000000 3
10808 -1.000000 3
10811 -1.000000 3
10814 -1.000000 3
10817 -1.000000 3
10820 -1.000000 3
10823 -1.000000 3
10826 -1.000000 3
10829 -1.000000 3
10832 -1.000000 3
10835 -1.000000 3
10838 -1.000000 3
10841 -1.000000 3
10844 -1.000000 3
10847 -1.000000 3
10850 -1.000000 3
10853 -1.000000 3
10856 -1.000000 3
10859 -1.000000 3
10862 -1.000000 3
10865 -1.000000 3
10868 -1.000000 3
10871 -1.000000 3
10874 -1.000000 3
10877 -1.000000 3
10880 -1.000000 3
10883 -1.000000 3
10886 -1.000000 3
10889 -1.000000 3
10892 -1.000000 3
10895 -1.000000 3
10898 -1.000000 3
10901 -1.000000 3
10904 -1.000000 3
10907 -1.000000 3
10910 -1.000000 3
10913 -1.000000 3
10916 -1.000000 3
10919 -1.000000 3
10922 -1.000000 3
10925 -1.000000 3
10928 -1.000000 3
10931 -1.000000 3
10934 -1.000000 3
10937 -1.000000 3
10940 -1.000000 3
10943 -1.000000 3
10946 -1.000000 3
10949 -1.000000 3
10952 -1.000000 3
10955 -1.000000 3
10958 -1.000000 3
10961 -1.000000 3
10964 -1.000000 3
10967 -1.000000 3
10970 -1.000000 3
10973 -1.000000 3
10976 -1.000000 3
10979 -1.000000 3
10982 -1.000000 3
10985 -1.000000 3
10988 -1.000000 3
10991 -1.000000 3
10994 -1.000000 3
10997 -1.000000 3
11000 -1.000000 3
11003 -1.000000 3
11006 -1.000000 3
11009 1.000000 3
11012 1.000000 3
11015 1.000000 3
11019 1.000000 4
11022 1.000000 3
11026 1.000000 4
11030 1.000000 4
11034 1.000000 4
11038 1.000000 4
11042 1.000000 4
11046 1.000000 4
11050 1.000000 4
11053 -1.000000 3
11057 1.000000 4
11061 1.000000 4
11064 1.000000 3
11068 -1.000000 4
11072 -1.000000 4
11077 0.000000 5
11080 1.000000 3
11084 1.000000 4
11087 1.000000 3
11091 1.000000 4
11095 1.000000 4
11099 -1.000000 4
11102 1.000000 3
11106 1.000000 4
11110 1.000000 4
11114 1.000000 4
11118 1.000000 4
11121 1.000000 3
11125 1.000000 4
11128 1.000000 3
11132 1.000000 4
11136 1.000000 4
11141 0.000000 5
11145 1.000000 4
11149 1.000000 4
11152 1.000000 3
11155 1.000000 3
11158 1.000000 3
11162 1.000000 4
11166 1.000000 4
11170 1.000000 4
11173 1.000000 3
11177 1.000000 4
11181 1.000000 4
11185 1.000000 4
11188 1.000000 3
11191 1.000000 3
11194 -1.000000 3
11198 1.000000 4
11201 1.000000 3
11204 1.000000 3
11208 -1.000000 4
11212 1.000000 4
11216 1.000000 4
11220 1.000000 4
11224 -1.000000 4
11227 1.000000 3
11231 -1.000000 4
11234 1.000000 3
11238 1.000000 4
11241 1.000000 3
11244 1.000000 3
11248 1.000000 4
11251 1.000000 3
11254 1.000000 3
11257 1.000000 3
11261 1.000000 4
11264 -1.000000 3
11268 1.000000 4
11271 1.000000 3
11275 -1.000000 4
11279 1.000000 4
11282 -1.000000 3
11285 -1.000000 3
11289 1.000000 4
11293 -1.000000 4
11296 1.000000 3
11299 1.000000 3
11303 1.000000 4
11306 -1.000000 3
11310 1.000000 4
11313 1.000000 3
11317 1.000000 4
11320 1.000000 3
11323 1.000000 3
11327 1.000000 4
11331 1.000000 4
11335 -1.000000 4
11339 1.000000 4
11343 -1.000000 4
11347 1.000000 4
11350 1.000000 3
11354 1.000000 4
11358 1.000000 4
11361 1.000000 3
11364 -1.000000 3
11367 -1.000000 3
11371 1.000000 4
11374 1.000000 3
11378 1.000000 4
11382 1.000000 4
11386 -1.000000 4
11390 1.000000 4
11394 1.000000 4
11398 1.000000 4
11403 0.000000 5
11407 1.000000 4
11411 1.000000 4
11414 -1.000000 3
11418 -1.000000 4
11422 -1.000000 4
11427 0.000000 5
11431 1.000000 4
11435 1.000000 4
11439 1.000000 4
11443 1.000000 4
11447 1.000000 4
11451 1.000000 4
11454 1.000000 3
11457 -1.000000 3
11460 1.000000 3
11464 1.000000 4
11467 1.000000 3
11470 1.000000 3
11474 1.000000 4
11479 0.000000 5
11483 1.000000 4
11487 1.000000 4
11491 1.000000 4
11495 1.000000 4
11499 1.000000 4
11503 1.000000 4
11506 1.000000 3
11509 1.000000 3
11512 1.000000 3
11515 1.000000 3
11519 1.000000 4
11523 1.000000 4
11526 -1.000000 3
11530 1.000000 4
11534 1.000000 4
11538 1.000000 4
11541 1.000000 3
11544 1.000000 3
11548 1.000000 4
11552 1.000000 4
11556 1.000000 4
11560 1.000000 4
11564 1.000000 4
11567 -1.000000 3
11570 1.000000 3
11574 1.000000 4
11578 1.000000 4
11582 1.000000 4
11585 1.000000 3
11589 1.000000 4
11593 1.000000 4
11596 1.000000 3
11600 1.000000 4
11604 1.000000 4
11607 1.000000 3
11611 1.000000 4
11614 1.000000 3
11618 1.000000 4
11623 0.000000 5
11626 1.000000 3
11630 1.000000 4
11635 0.000000 5
11639 1.000000 4
11642 -1.000000 3
11646 1.000000 4
11650 1.000000 4
11654 1.000000 4
11658 1.000000 4
11662 1.000000 4
11665 1.000000 3
11668 1.000000 3
11671 1.000000 3
11675 -1.000000 4
11679 1.000000 4
11683 -1.000000 4
11687 1.000000 4
11690 -1.000000 3
11693 1.000000 3
11697 1.000000 4
11701 1.000000 4
11705 -1.000000 4
11709 1.000000 4
11713 1.000000 4
11716 1.000000 3
11720 1.000000 4
11724 1.000000 4
11727 1.000000 3
11730 1.000000 3
11734 1.000000 4
11738 1.000000 4
11742 1.000000 4
11745 1.000000 3
11749 1.000000 4
11753 1.000000 4
11756 -1.000000 3
11759 1.000000 3
11763 1.000000 4
11767 1.000000 4
11771 1.000000 4
11775 1.000000 4
11779 1.000000 4
11783 1.000000 4
11786 1.000000 3
11790 1.000000 4
11794 1.000000 4
11798 1.000000 4
11801 -1.000000 3
11804 1.000000 3
11807 1.000000 3
11811 1.000000 4
11815 1.000000 4
11819 -1.000000 4
11823 1.000000 4
11827 1.000000 4
11830 1.000000 3
11833 1.000000 3
11836 -1.000000 3
11839 1.000000 3
11842 -1.000000 3
11846 1.000000 4
11850 1.000000 4
11853 1.000000 3
11857 1.000000 4
11860 1.000000 3
11863 1.000000 3
11866 1.000000 3
11870 1.000000 4
11873 1.000000 3
11877 1.000000 4
11880 1.000000 3
11884 -1.000000 4
11889 0.000000 5
11893 1.000000 4
11897 1.000000 4
11901 1.000000 4
11905 1.000000 4
11909 1.000000 4
11912 1.000000 3
11916 1.000000 4
11920 1.000000 4
11924 1.000000 4
11927 1.000000 3
11931 1.000000 4
11935 1.000000 4
11938 1.000000 3
11941 1.000000 3
11944 1.000000 3
11947 1.000000 3
11950 1.000000 3
11954 1.000000 4
11957 1.000000 3
11961 1.000000 4
11964 1.000000 3
11968 1.000000 4
11973 0.000000 5
11977 1.000000 4
11981 1.000000 4
11984 -1.000000 3
11989 0.000000 5
11992 1.000000 3
11995 1.000000 3
12000 0.000000 5
12004 1.000000 4
12008 1.000000 4
12013 0.000000 5
12017 1.000000 4
12021 1.000000 4
12025 1.000000 4
12030 0.000000 5
12035 0.000000 5
12038 1.000000 3
12042 1.000000 4
12045 1.000000 3
12049 1.000000 4
12053 1.000000 4
12056 1.000000 3
12060 1.000000 4
12063 1.000000 3
12066 1.000000 3
12071 1.000000 5
12074 -1.000000 3
12078 1.000000 4
12082 1.000000 4
12086 1.000000 4
12089 -1.000000 3
12093 1.000000 4
12097 1.000000 4
12101 1.000000 4
12106 0.000000 5
12110 1.000000 4
12113 1.000000 3
12116 -1.000000 3
12120 1.000000 4
12124 1.000000 4
12127 1.000000 3
12131 1.000000 4
12136 1.000000 5
12140 1.000000 4
12143 1.000000 3
12147 1.000000 4
12150 1.000000 3
12154 1.000000 4
12158 1.000000 4
12162 1.000000 4
12166 1.000000 4
12169 1.000000 3
12174 0.000000 5
12178 1.000000 4
12182 1.000000 4
12185 -1.000000 3
12189 1.000000 4
12193 1.000000 4
12197 1.000000 4
12201 1.000000 4
12204 1.000000 3
12209 0.000000 5
12213 1.000000 4
12216 1.000000 3
12220 1.000000 4
12223 1.000000 3
12226 1.000000 3
12231 0.000000 5
12235 1.000000 4
12238 1.000000 3
12242 1.000000 4
12245 1.000000 3
12249 1.000000 4
12253 1.000000 4
12258 0.000000 5
12262 1.000000 4
12266 1.000000 4
12269 1.000000 3
12273 1.000000 4
12276 1.000000 3
12280 1.000000 4
12283 1.000000 3
12287 1.000000 4
12291 1.000000 4
12294 1.000000 3
12298 1.000000 4
12302 1.000000 4
12307 0.000000 5
12310 1.000000 3
12314 1.000000 4
12318 1.000000 4
12322 1.000000 4
12326 1.000000 4
12329 -1.000000 3
12333 -1.000000 4
12337 1.000000 4
12341 1.000000 4
12345 1.000000 4
12348 1.000000 3
12352 1.000000 4
12356 1.000000 4
12360 1.000000 4
12364 1.000000 4
12368 1.000000 4
12371 1.000000 3
12376 0.000000 5
12380 1.000000 4
12384 1.000000 4
12387 1.000000 3
12391 1.000000 4
12395 1.000000 4
12399 1.000000 4
12402 1.000000 3
12406 1.000000 4
12409 1.000000 3
12414 0.000000 5
12417 1.000000 3
12421 1.000000 4
12425 1.000000 4
12429 1.000000 4
12434 0.000000 5
12437 1.000000 3
12441 -1.000000 4
12444 1.000000 3
12448 1.000000 4
12451 -1.000000 3
12454 1.000000 3
12458 1.000000 4
12461 1.000000 3
12465 1.000000 4
12468 1.000000 3
12472 1.000000 4
12475 1.000000 3
12479 1.000000 4
12483 1.000000 4
12487 1.000000 4
12491 1.000000 4
12494 1.000000 3
12498 1.000000 4
12501 1.000000 3
12505 1.000000 4
12509 1.000000 4
12513 1.000000 4
12517 1.000000 4
12521 1.000000 4
12525 1.000000 4
12529 1.000000 4
12533 1.000000 4
12537 1.000000 4
12540 1.000000 3
12544 1.000000 4
12548 1.000000 4
12551 1.000000 3
12556 0.000000 5
12560 1.000000 4
12563 -1.000000 3
12567 1.000000 4
12570 1.000000 3
12574 1.000000 4
12578 1.000000 4
12582 1.000000 4
12585 1.000000 3
12589 -1.000000 4
12593 1.000000 4
12596 1.000000 3
12599 1.000000 3
12602 1.000000 3
12605 1.000000 3
12609 1.000000 4
12612 1.000000 3
12615 1.000000 3
12619 1.000000 4
12623 -1.000000 4
12627 1.000000 4
12631 1.000000 4
12635 -1.000000 4
12639 1.000000 4
12643 1.000000 4
12646 1.000000 3
12649 1.000000 3
12653 1.000000 4
12656 -1.000000 3
12660 1.000000 4
12664 -1.000000 4
12667 1.000000 3
12670 1.000000 3
12674 1.000000 4
12678 1.000000 4
12682 1.000000 4
12686 1.000000 4
12690 1.000000 4
12694 1.000000 4
12698 1.000000 4
12702 1.000000 4
12706 1.000000 4
12709 1.000000 3
12713 1.000000 4
12717 1.000000 4
12720 1.000000 3
12723 1.000000 3
12726 1.000000 3
12729 -1.000000 3
12734 0.000000 5
12738 1.000000 4
12742 1.000000 4
12746 1.000000 4
12749 1.000000 3
12753 1.000000 4
12757 1.000000 4
12762 0.000000 5
12766 1.000000 4
12770 1.000000 4
12774 -1.000000 4
12778 1.000000 4
12782 1.000000 4
12785 1.000000 3
12789 1.000000 4
12793 1.000000 4
12797 1.000000 4
12801 1.000000 4
12806 0.000000 5
12810 1.000000 4
12814 1.000000 4
12818 1.000000 4
12822 1.000000 4
12826 1.000000 4
12830 1.000000 4
12833 1.000000 3
12837 1.000000 4
12840 1.000000 3
12844 1.000000 4
12847 1.000000 3
12851 1.000000 4
12855 1.000000 4
12858 1.000000 3
12862 1.000000 4
12866 1.000000 4
12869 1.000000 3
12873 1.000000 4
12876 1.000000 3
12880 1.000000 4
12885 0.000000 5
12888 1.000000 3
12891 -1.000000 3
12894 1.000000 3
12898 1.000000 4
12901 1.000000 3
12904 1.000000 3
12909 0.000000 5
12912 1.000000 3
12915 1.000000 3
12918 1.000000 3
12922 -1.000000 4
12926 1.000000 4
12930 1.000000 4
12933 1.000000 3
12937 1.000000 4
12941 1.000000 4
12944 1.000000 3
12948 -1.000000 4
12952 1.000000 4
12956 1.000000 4
12960 1.000000 4
12963 -1.000000 3
12968 0.000000 5
12971 1.000000 3
12975 1.000000 4
12978 -1.000000 3
12982 1.000000 4
12986 1.000000 4
12989 1.000000 3
12993 1.000000 4
12998 1.000000 5
13001 -1.000000 3
13005 1.000000 4
13009 1.000000 4
13012 1.000000 3
13015 1.000000 3
13018 1.000000 3
13022 1.000000 4
13026 1.000000 4
13029 1.000000 3
13032 1.000000 3
13035 1.000000 3
13039 1.000000 4
13042 -1.000000 3
13046 1.000000 4
13049 1.000000 3
13053 1.000000 4
13057 1.000000 4
13060 1.000000 3
13063 1.000000 3
13067 1.000000 4
13070 1.000000 3
13074 1.000000 4
13079 0.000000 5
13082 1.000000 3
13086 1.000000 4
13090 1.000000 4
13093 1.000000 3
13098 0.000000 5
13102 1.000000 4
13105 -1.000000 3
13109 1.000000 4
13112 -1.000000 3
13115 -1.000000 3
13118 1.000000 3
13123 0.000000 5
13126 1.000000 3
13130 1.000000 4
13135 0.000000 5
13139 1.000000 4
13143 1.000000 4
13146 1.000000 3
13149 1.000000 3
13153 1.000000 4
13157 -1.000000 4
13162 0.000000 5
13166 1.000000 4
13170 1.000000 4
13174 1.000000 4
13178 1.000000 4
13181 1.000000 3
13184 1.000000 3
13188 1.000000 4
13191 1.000000 3
13195 1.000000 4
13198 1.000000 3
13202 1.000000 4
13205 1.000000 3
13209 1.000000 4
13213 1.000000 4
13217 1.000000 4
13220 1.000000 3
13224 1.000000 4
13228 1.000000 4
13232 1.000000 4
13235 1.000000 3
13239 1.000000 4
13243 1.000000 4
13247 1.000000 4
13251 1.000000 4
13256 0.000000 5
13260 1.000000 4
13263 1.000000 3
13267 1.000000 4
13270 1.000000 3
13274 1.000000 4
13277 1.000000 3
13281 1.000000 4
13284 -1.000000 3
13287 1.000000 3
13291 1.000000 4
13295 1.000000 4
13299 1.000000 4
13303 1.000000 4
13307 1.000000 4
13310 1.000000 3
13314 1.000000 4
13319 0.000000 5
13323 1.000000 4
13326 1.000000 3
13330 1.000000 4
13334 1.000000 4
13338 1.000000 4
13342 1.000000 4
13346 1.000000 4
13349 -1.000000 3
13353 1.000000 4
13357 1.000000 4
13362 0.000000 5
13365 1.000000 3
13369 1.000000 4
13373 1.000000 4
13376 1.000000 3
13380 1.000000 4
13384 1.000000 4
13387 1.000000 3
13391 1.000000 4
13395 1.000000 4
13399 1.000000 4
13402 1.000000 3
13405 1.000000 3
13408 1.000000 3
13412 1.000000 4
13416 1.000000 4
13420 1.000000 4
13424 1.000000 4
13428 1.000000 4
13432 1.000000 4
13436 -1.000000 4
13440 1.000000 4
13444 1.000000 4
13447 -1.000000 3
13451 1.000000 4
13454 1.000000 3
13457 1.000000 3
13461 1.000000 4
13465 1.000000 4
13469 1.000000 4
13473 1.000000 4
13477 1.000000 4
13480 1.000000 3
13483 -1.000000 3
13486 1.000000 3
13489 1.000000 3
13492 1.000000 3
13496 1.000000 4
13500 1.000000 4
13504 1.000000 4
13508 1.000000 4
13512 1.000000 4
13516 1.000000 4
13520 1.000000 4
13524 1.000000 4
13527 1.000000 3
13531 1.000000 4
13535 1.000000 4
13539 1.000000 4
13543 1.000000 4
13548 0.000000 5
13552 1.000000 4
13556 1.000000 4
13559 1.000000 3
13563 -1.000000 4
13567 1.000000 4
13570 1.000000 3
13574 1.000000 4
13578 1.000000 4
13581 1.000000 3
13585 1.000000 4
13588 -1.000000 3
13592 1.000000 4
13595 1.000000 3
13599 1.000000 4
13603 1.000000 4
13606 1.000000 3
13609 1.000000 3
13613 1.000000 4
13617 1.000000 4
13621 1.000000 4
13624 1.000000 3
13627 1.000000 3
13631 1.000000 4
13634 1.000000 3
13638 1.000000 4
13641 1.000000 3
13645 1.000000 4
13648 1.000000 3
13653 0.000000 5
13657 1.000000 4
13660 1.000000 3
13664 1.000000 4
13668 1.000000 4
13672 1.000000 4
13676 1.000000 4
13681 0.000000 5
13686 0.000000 5
13690 1.000000 4
13694 1.000000 4
13698 1.000000 4
13702 1.000000 4
13706 1.000000 4
13710 1.000000 4
13714 1.000000 4
13718 1.000000 4
13722 1.000000 4
13726 1.000000 4
13730 1.000000 4
13734 1.000000 4
13738 1.000000 4
13742 1.000000 4
13746 1.000000 4
13750 -1.000000 4
13754 1.000000 4
13758 1.000000 4
13762 1.000000 4
13766 1.000000 4
13769 1.000000 3
13772 1.000000 3
13775 1.000000 3
13778 -1.000000 3
13782 1.000000 4
13787 0.000000 5
13791 -1.000000 4
13795 1.000000 4
13798 1.000000 3
13802 1.000000 4
13805 -1.000000 3
13809 1.000000 4
13813 1.000000 4
13816 1.000000 3
13820 1.000000 4
13823 1.000000 3
13827 1.000000 4
13830 1.000000 3
13834 1.000000 4
13838 1.000000 4
13842 1.000000 4
13845 1.000000 3
13849 1.000000 4
13852 1.000000 3
13855 1.000000 3
13858 1.000000 3
13861 1.000000 3
13865 1.000000 4
13868 1.000000 3
13872 1.000000 4
13876 1.000000 4
13880 1.000000 4
13884 1.000000 4
13888 1.000000 4
13893 0.000000 5
13897 1.000000 4
13901 1.000000 4
13905 1.000000 4
13909 1.000000 4
13914 0.000000 5
13919 0.000000 5
13923 1.000000 4
13928 0.000000 5
13932 1.000000 4
13935 1.000000 3
13939 1.000000 4
13942 1.000000 3
13946 1.000000 4
13949 1.000000 3
13953 1.000000 4
13957 1.000000 4
13961 1.000000 4
13964 1.000000 3
13968 1.000000 4
13971 -1.000000 3
13975 1.000000 4
13979 1.000000 4
13982 1.000000 3
13985 1.000000 3
13988 1.000000 3
13991 1.000000 3
13996 0.000000 5
14000 1.000000 4
14004 1.000000 4
14007 1.000000 3
14010 1.000000 3
14014 1.000000 4
14018 1.000000 4
14022 1.000000 4
14025 -1.000000 3
14028 1.000000 3
14031 1.000000 3
14035 1.000000 4
14039 1.000000 4
14043 1.000000 4
14046 1.000000 3
14050 1.000000 4
14054 1.000000 4
14058 1.000000 4
14062 1.000000 4
14066 1.000000 4
14070 1.000000 4
14073 1.000000 3
14077 1.000000 4
14081 1.000000 4
14084 1.000000 3
14087 1.000000 3
14090 1.000000 3
14094 1.000000 4
14097 1.000000 3
14100 -1.000000 3
14103 1.000000 3
14106 1.000000 3
14110 1.000000 4
14114 1.000000 4
14118 1.000000 4
14122 -1.000000 4
14126 1.000000 4
14130 1.000000 4
14134 1.000000 4
14137 -1.000000 3
14142 0.000000 5
14146 1.000000 4
14149 1.000000 3
14153 1.000000 4
14157 1.000000 4
14160 1.000000 3
14163 1.000000 3
14167 1.000000 4
14171 1.000000 4
14174 1.000000 3
14178 1.000000 4
14182 1.000000 4
14185 1.000000 3
14188 1.000000 3
14192 1.000000 4
14196 1.000000 4
14199 1.000000 3
14203 1.000000 4
14206 -1.000000 3
14209 1.000000 3
14213 1.000000 4
14217 1.000000 4
14221 1.000000 4
14225 1.000000 4
14229 -1.000000 4
14232 1.000000 3
14236 1.000000 4
14239 1.000000 3
14243 1.000000 4
14247 1.000000 4
14250 1.000000 3
14253 1.000000 3
14257 1.000000 4
14260 -1.000000 3
14264 1.000000 4
14268 1.000000 4
14271 1.000000 3
14274 1.000000 3
14278 1.000000 4
14281 1.000000 3
14284 1.000000 3
14287 1.000000 3
14291 1.000000 4
14294 1.000000 3
14298 1.000000 4
14302 1.000000 4
14305 1.000000 3
14308 1.000000 3
14311 1.000000 3
14314 1.000000 3
14318 1.000000 4
14321 1.000000 3
14325 1.000000 4
14329 1.000000 4
14333 1.000000 4
14337 1.000000 4
14341 1.000000 4
14345 1.000000 4
14349 1.000000 4
14352 1.000000 3
14356 1.000000 4
14360 -1.000000 4
14364 1.000000 4
14368 1.000000 4
14372 1.000000 4
14376 1.000000 4
14380 1.000000 4
14384 1.000000 4
14388 1.000000 4
14391 1.000000 3
14395 1.000000 4
14400 0.000000 5
14403 1.000000 3
14407 1.000000 4
14410 -1.000000 3
14413 1.000000 3
14416 1.000000 3
14419 1.000000 3
14424 1.000000 5
14427 1.000000 3
14430 1.000000 3
14433 1.000000 3
14436 1.000000 3
14440 1.000000 4
14443 1.000000 3
14446 -1.000000 3
14450 1.000000 4
14453 1.000000 3
14457 -1.000000 4
14461 1.000000 4
14465 1.000000 4
14468 1.000000 3
14471 1.000000 3
14475 1.000000 4
14478 1.000000 3
14482 1.000000 4
14486 1.000000 4
14490 -1.000000 4
14493 1.000000 3
14497 1.000000 4
14500 -1.000000 3
14505 0.000000 5
14508 1.000000 3
14511 1.000000 3
14515 1.000000 4
14518 -1.000000 3
14521 1.000000 3
14525 1.000000 4
14528 1.000000 3
14532 1.000000 4
14536 1.000000 4
14541 0.000000 5
14545 -1.000000 4
14549 1.000000 4
14552 1.000000 3
14556 1.000000 4
14559 1.000000 3
14562 1.000000 3
14567 0.000000 5
14570 -1.000000 3
14575 0.000000 5
14580 0.000000 5
14583 1.000000 3
14588 0.000000 5
14592 1.000000 4
14595 1.000000 3
14599 1.000000 4
14603 1.000000 4
14607 1.000000 4
14611 1.000000 4
14616 0.000000 5
14620 1.000000 4
14624 1.000000 4
14627 1.000000 3
14632 0.000000 5
14636 1.000000 4
14639 1.000000 3
14642 -1.000000 3
14647 0.000000 5
14651 1.000000 4
14655 1.000000 4
14659 1.000000 4
14663 1.000000 4
14667 1.000000 4
14670 1.000000 3
14674 -1.000000 4
14678 1.000000 4
14682 1.000000 4
14685 1.000000 3
14689 1.000000 4
14692 1.000000 3
14696 1.000000 4
14700 1.000000 4
14703 1.000000 3
14708 0.000000 5
14711 1.000000 3
14715 1.000000 4
14719 1.000000 4
14722 1.000000 3
14725 1.000000 3
14729 1.000000 4
14733 1.000000 4
14736 1.000000 3
14740 -1.000000 4
14744 1.000000 4
14748 1.000000 4
14752 1.000000 4
14755 1.000000 3
14759 1.000000 4
14763 1.000000 4
14767 -1.000000 4
14770 -1.000000 3
14774 1.000000 4
14778 1.000000 4
14781 1.000000 3
14785 1.000000 4
14789 1.000000 4
14793 1.000000 4
14797 1.000000 4
14800 1.000000 3
14803 1.000000 3
14807 1.000000 4
14811 1.000000 4
14816 0.000000 5
14819 1.000000 3
14822 1.000000 3
14825 1.000000 3
14829 1.000000 4
14833 -1.000000 4
14837 1.000000 4
14841 1.000000 4
14845 1.000000 4
14848 1.000000 3
14852 1.000000 4
14856 1.000000 4
14860 1.000000 4
14864 1.000000 4
14868 1.000000 4
14871 1.000000 3
14875 1.000000 4
14879 1.000000 4
14883 1.000000 4
14888 1.000000 5
14891 -1.000000 3
14894 1.000000 3
14897 1.000000 3
14901 -1.000000 4
14904 1.000000 3
14907 1.000000 3
14911 1.000000 4
14914 1.000000 3
14918 1.000000 4
14922 1.000000 4
14925 1.000000 3
14928 1.000000 3
14931 1.000000 3
14936 1.000000 5
14940 1.000000 4
14943 1.000000 3
14946 -1.000000 3
14949 1.000000 3
14953 1.000000 4
14957 1.000000 4
14961 1.000000 4
14964 1.000000 3
14967 -1.000000 3
14970 1.000000 3
14973 1.000000 3
14977 1.000000 4
14980 1.000000 3
14984 1.000000 4
14988 1.000000 4
14991 1.000000 3
14994 -1.000000 3
14998 1.000000 4
15002 1.000000 4
15006 1.000000 4
15009 1.000000 3
15012 1.000000 3
