5 1.000000 5
10 0.000000 5
15 0.000000 5
18 1.000000 3
22 -1.000000 4
27 0.000000 5
31 1.000000 4
36 1.000000 5
41 1.000000 5
44 1.000000 3
48 1.000000 4
52 -1.000000 4
57 1.000000 5
61 -1.000000 4
66 1.000000 5
71 1.000000 5
74 -1.000000 3
77 -1.000000 3
81 -1.000000 4
85 1.000000 4
88 -1.000000 3
92 -1.000000 4
97 1.000000 5
102 1.000000 5
105 -1.000000 3
110 0.000000 5
115 1.000000 5
120 1.000000 5
124 1.000000 4
128 1.000000 4
132 -1.000000 4
135 1.000000 3
138 -1.000000 3
143 1.000000 5
147 1.000000 4
150 -1.000000 3
155 1.000000 5
158 -1.000000 3
161 1.000000 3
164 -1.000000 3
169 1.000000 5
172 1.000000 3
176 1.000000 4
180 1.000000 4
183 -1.000000 3
187 1.000000 4
190 -1.000000 3
195 1.000000 5
200 1.000000 5
205 0.000000 5
208 1.000000 3
213 1.000000 5
216 1.000000 3
219 -1.000000 3
222 1.000000 3
225 1.000000 3
230 0.000000 5
235 1.000000 5
240 0.000000 5
244 1.000000 4
248 1.000000 4
252 -1.000000 4
257 1.000000 5
261 1.000000 4
265 1.000000 4
269 1.000000 4
273 1.000000 4
276 -1.000000 3
281 0.000000 5
285 1.000000 4
289 1.000000 4
293 -1.000000 4
296 1.000000 3
299 1.000000 3
303 -1.000000 4
308 1.000000 5
313 0.000000 5
317 -1.000000 4
321 1.000000 4
324 1.000000 3
328 1.000000 4
331 -1.000000 3
335 -1.000000 4
339 -1.000000 4
343 1.000000 4
348 1.000000 5
352 1.000000 4
357 1.000000 5
361 -1.000000 4
365 -1.000000 4
369 1.000000 4
374 1.000000 5
379 0.000000 5
383 1.000000 4
387 -1.000000 4
392 1.000000 5
397 0.000000 5
402 1.000000 5
407 1.000000 5
411 1.000000 4
414 -1.000000 3
419 1.000000 5
423 -1.000000 4
426 1.000000 3
431 0.000000 5
436 0.000000 5
440 1.000000 4
445 1.000000 5
449 -1.000000 4
453 1.000000 4
458 0.000000 5
462 1.000000 4
466 -1.000000 4
470 1.000000 4
473 1.000000 3
476 1.000000 3
480 -1.000000 4
484 -1.000000 4
489 1.000000 5
494 1.000000 5
499 0.000000 5
504 0.000000 5
509 1.000000 5
513 1.000000 4
516 1.000000 3
520 -1.000000 4
525 0.000000 5
529 -1.000000 4
533 -1.000000 4
537 1.000000 4
541 1.000000 4
544 1.000000 3
547 1.000000 3
551 1.000000 4
555 1.000000 4
558 -1.000000 3
562 -1.000000 4
566 -1.000000 4
570 1.000000 4
575 1.000000 5
578 1.000000 3
581 -1.000000 3
585 1.000000 4
590 0.000000 5
594 -1.000000 4
599 0.000000 5
603 1.000000 4
607 1.000000 4
611 1.000000 4
614 1.000000 3
618 -1.000000 4
623 1.000000 5
628 0.000000 5
632 1.000000 4
637 0.000000 5
642 1.000000 5
647 1.000000 5
651 -1.000000 4
656 0.000000 5
659 -1.000000 3
664 1.000000 5
668 1.000000 4
672 1.000000 4
675 1.000000 3
679 -1.000000 4
684 0.000000 5
688 1.000000 4
691 1.000000 3
695 1.000000 4
699 -1.000000 4
703 -1.000000 4
706 -1.000000 3
711 1.000000 5
715 1.000000 4
719 1.000000 4
724 1.000000 5
728 1.000000 4
732 1.000000 4
737 0.000000 5
742 1.000000 5
747 1.000000 5
751 1.000000 4
756 0.000000 5
760 -1.000000 4
765 1.000000 5
770 0.000000 5
775 1.000000 5
780 1.000000 5
784 1.000000 4
788 -1.000000 4
791 1.000000 3
795 1.000000 4
799 -1.000000 4
804 1.000000 5
808 1.000000 4
812 -1.000000 4
817 1.000000 5
821 1.000000 4
825 1.000000 4
829 -1.000000 4
833 -1.000000 4
837 1.000000 4
842 1.000000 5
846 1.000000 4
851 1.000000 5
855 1.000000 4
858 -1.000000 3
862 1.000000 4
867 1.000000 5
871 1.000000 4
874 -1.000000 3
879 1.000000 5
882 1.000000 3
885 -1.000000 3
889 -1.000000 4
894 1.000000 5
898 1.000000 4
902 1.000000 4
906 1.000000 4
911 1.000000 5
915 1.000000 4
920 0.000000 5
925 1.000000 5
930 1.000000 5
933 1.000000 3
937 1.000000 4
941 1.000000 4
946 1.000000 5
949 1.000000 3
953 -1.000000 4
956 1.000000 3
960 1.000000 4
964 1.000000 4
968 -1.000000 4
972 1.000000 4
976 -1.000000 4
980 -1.000000 4
984 1.000000 4
989 1.000000 5
994 1.000000 5
998 -1.000000 4
1003 0.000000 5
1007 -1.000000 4
1010 -1.000000 3
1015 0.000000 5
1019 -1.000000 4
1024 1.000000 5
1028 -1.000000 4
1033 0.000000 5
1037 1.000000 4
1041 1.000000 4
1045 1.000000 4
1049 -1.000000 4
1052 -1.000000 3
1057 0.000000 5
1060 -1.000000 3
1065 1.000000 5
1068 -1.000000 3
1072 1.000000 4
1076 -1.000000 4
1081 1.000000 5
1086 1.000000 5
1090 1.000000 4
1094 1.000000 4
1099 0.000000 5
1104 1.000000 5
1109 1.000000 5
1114 0.000000 5
1119 1.000000 5
1123 1.000000 4
1127 1.000000 4
1132 1.000000 5
1137 1.000000 5
1142 1.000000 5
1145 1.000000 3
1150 1.000000 5
1154 1.000000 4
1159 0.000000 5
1163 -1.000000 4
1168 1.000000 5
1173 1.000000 5
1178 1.000000 5
1183 1.000000 5
1187 1.000000 4
1191 1.000000 4
1196 1.000000 5
1200 -1.000000 4
1203 -1.000000 3
1208 1.000000 5
1213 1.000000 5
1218 1.000000 5
1222 1.000000 4
1226 -1.000000 4
1229 -1.000000 3
1233 -1.000000 4
1238 0.000000 5
1241 -1.000000 3
1244 -1.000000 3
1248 -1.000000 4
1252 -1.000000 4
1255 1.000000 3
1260 1.000000 5
1264 1.000000 4
1268 -1.000000 4
1272 1.000000 4
1277 0.000000 5
1281 1.000000 4
1285 1.000000 4
1290 1.000000 5
1295 0.000000 5
1299 1.000000 4
1303 1.000000 4
1306 1.000000 3
1309 -1.000000 3
1312 1.000000 3
1316 -1.000000 4
1321 1.000000 5
1325 -1.000000 4
1329 1.000000 4
1332 -1.000000 3
1337 1.000000 5
1342 1.000000 5
1346 1.000000 4
1350 1.000000 4
1354 1.000000 4
1358 -1.000000 4
1362 1.000000 4
1366 1.000000 4
1370 -1.000000 4
1374 -1.000000 4
1378 -1.000000 4
1382 1.000000 4
1386 -1.000000 4
1391 1.000000 5
1394 -1.000000 3
1398 1.000000 4
1402 -1.000000 4
1407 1.000000 5
1412 1.000000 5
1417 1.000000 5
1422 1.000000 5
1426 -1.000000 4
1431 1.000000 5
1435 1.000000 4
1440 0.000000 5
1444 1.000000 4
1449 0.000000 5
1453 1.000000 4
1457 1.000000 4
1460 -1.000000 3
1464 1.000000 4
1468 -1.000000 4
1471 1.000000 3
1476 1.000000 5
1479 -1.000000 3
1482 -1.000000 3
1486 1.000000 4
1489 1.000000 3
1492 -1.000000 3
1496 1.000000 4
1501 0.000000 5
1506 1.000000 5
1510 -1.000000 4
1514 1.000000 4
1517 -1.000000 3
1522 0.000000 5
1526 1.000000 4
1529 -1.000000 3
1532 -1.000000 3
1537 1.000000 5
1541 -1.000000 4
1545 1.000000 4
1550 0.000000 5
1553 1.000000 3
1558 0.000000 5
1563 0.000000 5
1567 1.000000 4
1572 1.000000 5
1576 1.000000 4
1581 1.000000 5
1586 0.000000 5
1591 0.000000 5
1596 1.000000 5
1599 1.000000 3
1603 1.000000 4
1608 1.000000 5
1611 -1.000000 3
1614 1.000000 3
1619 1.000000 5
1623 -1.000000 4
1628 1.000000 5
1631 1.000000 3
1635 -1.000000 4
1640 0.000000 5
1645 1.000000 5
1650 0.000000 5
1653 -1.000000 3
1657 -1.000000 4
1662 1.000000 5
1665 -1.000000 3
1670 1.000000 5
1674 1.000000 4
1679 1.000000 5
1684 1.000000 5
1688 1.000000 4
1693 0.000000 5
1697 1.000000 4
1701 1.000000 4
1705 1.000000 4
1710 1.000000 5
1713 1.000000 3
1718 1.000000 5
1723 0.000000 5
1727 -1.000000 4
1731 -1.000000 4
1736 1.000000 5
1741 1.000000 5
1746 0.000000 5
1751 0.000000 5
1754 -1.000000 3
1758 -1.000000 4
1762 1.000000 4
1767 1.000000 5
1772 0.000000 5
1777 1.000000 5
1782 1.000000 5
1785 1.000000 3
1788 -1.000000 3
1792 1.000000 4
1797 0.000000 5
1802 0.000000 5
1807 0.000000 5
1812 1.000000 5
1816 -1.000000 4
1820 -1.000000 4
1823 -1.000000 3
1827 1.000000 4
1832 0.000000 5
1836 -1.000000 4
1841 1.000000 5
1845 -1.000000 4
1849 1.000000 4
1853 1.000000 4
1857 -1.000000 4
1861 1.000000 4
1865 -1.000000 4
1870 0.000000 5
1873 -1.000000 3
1877 1.000000 4
1882 1.000000 5
1886 1.000000 4
1890 1.000000 4
1893 1.000000 3
1896 1.000000 3
1900 1.000000 4
1903 -1.000000 3
1907 1.000000 4
1912 1.000000 5
1917 1.000000 5
1922 0.000000 5
1926 -1.000000 4
1931 0.000000 5
1934 1.000000 3
1939 1.000000 5
1942 1.000000 3
1947 0.000000 5
1951 1.000000 4
1955 1.000000 4
1960 0.000000 5
1965 1.000000 5
1970 1.000000 5
1975 0.000000 5
1978 1.000000 3
1982 1.000000 4
1986 -1.000000 4
1990 1.000000 4
1995 1.000000 5
2000 1.000000 5
2005 0.000000 5
2010 1.000000 5
2015 1.000000 5
2020 1.000000 5
2024 1.000000 4
2028 -1.000000 4
2032 1.000000 4
2036 1.000000 4
2041 0.000000 5
2044 -1.000000 3
2049 0.000000 5
2054 1.000000 5
2058 1.000000 4
2062 1.000000 4
2066 1.000000 4
2071 1.000000 5
2074 -1.000000 3
2079 1.000000 5
2082 1.000000 3
2087 1.000000 5
2092 0.000000 5
2096 -1.000000 4
2100 1.000000 4
2104 -1.000000 4
2109 1.000000 5
2114 0.000000 5
2119 1.000000 5
2123 -1.000000 4
2126 1.000000 3
2129 -1.000000 3
2132 -1.000000 3
2137 1.000000 5
2142 0.000000 5
2146 1.000000 4
2149 -1.000000 3
2153 -1.000000 4
2157 -1.000000 4
2162 1.000000 5
2166 -1.000000 4
2170 -1.000000 4
2174 -1.000000 4
2177 -1.000000 3
2181 1.000000 4
2185 1.000000 4
2190 1.000000 5
2193 1.000000 3
2198 0.000000 5
2203 0.000000 5
2208 1.000000 5
2213 1.000000 5
2217 1.000000 4
2222 1.000000 5
2226 1.000000 4
2229 1.000000 3
2234 1.000000 5
2237 1.000000 3
2240 1.000000 3
2244 1.000000 4
2248 1.000000 4
2251 -1.000000 3
2255 -1.000000 4
2259 -1.000000 4
2264 1.000000 5
2268 -1.000000 4
2272 1.000000 4
2277 0.000000 5
2280 -1.000000 3
2285 1.000000 5
2289 -1.000000 4
2292 -1.000000 3
2297 0.000000 5
2301 1.000000 4
2305 -1.000000 4
2309 -1.000000 4
2313 1.000000 4
2316 -1.000000 3
2320 1.000000 4
2325 1.000000 5
2329 1.000000 4
2333 1.000000 4
2337 1.000000 4
2340 -1.000000 3
2344 -1.000000 4
2348 -1.000000 4
2352 1.000000 4
2356 1.000000 4
2360 1.000000 4
2364 1.000000 4
2368 -1.000000 4
2373 1.000000 5
2378 0.000000 5
2383 1.000000 5
2388 0.000000 5
2392 1.000000 4
2397 1.000000 5
2401 1.000000 4
2405 -1.000000 4
2410 1.000000 5
2414 1.000000 4
2418 -1.000000 4
2423 0.000000 5
2428 1.000000 5
2431 1.000000 3
2435 -1.000000 4
2439 -1.000000 4
2443 1.000000 4
2447 -1.000000 4
2450 1.000000 3
2454 1.000000 4
2458 -1.000000 4
2462 1.000000 4
2466 1.000000 4
2470 1.000000 4
2474 -1.000000 4
2478 1.000000 4
2483 1.000000 5
2487 -1.000000 4
2492 0.000000 5
2496 -1.000000 4
2501 1.000000 5
2505 1.000000 4
2509 -1.000000 4
2513 -1.000000 4
2517 -1.000000 4
2521 1.000000 4
2524 1.000000 3
2528 -1.000000 4
2532 -1.000000 4
2537 0.000000 5
2542 1.000000 5
2546 1.000000 4
2549 -1.000000 3
2554 0.000000 5
2557 1.000000 3
2562 1.000000 5
2567 0.000000 5
2572 1.000000 5
2577 1.000000 5
2580 1.000000 3
2584 1.000000 4
2588 1.000000 4
2592 1.000000 4
2597 1.000000 5
2601 -1.000000 4
2606 1.000000 5
2610 -1.000000 4
2614 -1.000000 4
2618 1.000000 4
2622 1.000000 4
2626 1.000000 4
2630 -1.000000 4
2634 -1.000000 4
2639 1.000000 5
2643 -1.000000 4
2647 1.000000 4
2650 -1.000000 3
2655 1.000000 5
2659 1.000000 4
2663 1.000000 4
2667 1.000000 4
2670 -1.000000 3
2674 1.000000 4
2678 -1.000000 4
2683 0.000000 5
2687 1.000000 4
2691 1.000000 4
2696 0.000000 5
2700 1.000000 4
2704 -1.000000 4
2709 0.000000 5
2713 1.000000 4
2717 -1.000000 4
2721 1.000000 4
2725 -1.000000 4
2730 1.000000 5
2734 1.000000 4
2738 1.000000 4
2743 1.000000 5
2748 1.000000 5
2752 1.000000 4
2757 0.000000 5
2760 1.000000 3
2764 1.000000 4
2769 1.000000 5
2772 -1.000000 3
2776 1.000000 4
2781 0.000000 5
2786 1.000000 5
2791 0.000000 5
2794 -1.000000 3
2798 -1.000000 4
2802 1.000000 4
2807 0.000000 5
2811 -1.000000 4
2816 1.000000 5
2821 0.000000 5
2825 1.000000 4
2829 1.000000 4
2834 0.000000 5
2838 -1.000000 4
2843 0.000000 5
2848 1.000000 5
2852 1.000000 4
2856 -1.000000 4
2860 1.000000 4
2864 -1.000000 4
2867 1.000000 3
2871 -1.000000 4
2875 1.000000 4
2880 1.000000 5
2884 -1.000000 4
2888 -1.000000 4
2893 0.000000 5
2898 1.000000 5
2902 -1.000000 4
2906 -1.000000 4
2910 -1.000000 4
2914 -1.000000 4
2918 -1.000000 4
2923 0.000000 5
2927 1.000000 4
2931 1.000000 4
2936 0.000000 5
2941 1.000000 5
2946 1.000000 5
2950 1.000000 4
2954 -1.000000 4
2957 1.000000 3
2961 -1.000000 4
2964 -1.000000 3
2968 1.000000 4
2973 1.000000 5
2978 0.000000 5
2983 1.000000 5
2987 -1.000000 4
2991 1.000000 4
2994 1.000000 3
2998 1.000000 4
3003 0.000000 5
3008 1.000000 5
3013 1.000000 5
3017 1.000000 4
3022 1.000000 5
3027 1.000000 5
3031 1.000000 4
3035 1.000000 4
3038 1.000000 3
3042 1.000000 4
3045 1.000000 3
3049 -1.000000 4
3052 1.000000 3
3057 1.000000 5
3061 1.000000 4
3066 0.000000 5
3071 0.000000 5
3075 1.000000 4
3080 1.000000 5
3084 1.000000 4
3088 -1.000000 4
3092 1.000000 4
3097 1.000000 5
3100 -1.000000 3
3105 1.000000 5
3110 0.000000 5
3115 1.000000 5
3120 1.000000 5
3125 0.000000 5
3129 1.000000 4
3133 1.000000 4
3136 1.000000 3
3141 1.000000 5
3146 0.000000 5
3151 1.000000 5
3156 1.000000 5
3160 1.000000 4
3165 1.000000 5
3170 1.000000 5
3174 1.000000 4
3179 0.000000 5
3182 -1.000000 3
3185 1.000000 3
3190 1.000000 5
3194 -1.000000 4
3197 -1.000000 3
3202 0.000000 5
3205 -1.000000 3
3210 1.000000 5
3214 1.000000 4
3218 -1.000000 4
3221 -1.000000 3
3225 1.000000 4
3229 1.000000 4
3233 -1.000000 4
3237 -1.000000 4
3240 1.000000 3
3245 0.000000 5
3250 1.000000 5
3254 1.000000 4
3259 0.000000 5
3263 -1.000000 4
3268 0.000000 5
3272 1.000000 4
3276 1.000000 4
3281 1.000000 5
3285 -1.000000 4
3289 1.000000 4
3293 1.000000 4
3296 1.000000 3
3300 -1.000000 4
3305 1.000000 5
3309 -1.000000 4
3313 -1.000000 4
3318 0.000000 5
3322 1.000000 4
3327 1.000000 5
3331 1.000000 4
3335 -1.000000 4
3339 1.000000 4
3343 1.000000 4
3347 1.000000 4
3350 -1.000000 3
3354 1.000000 4
3358 -1.000000 4
3362 -1.000000 4
3366 -1.000000 4
3371 1.000000 5
3374 1.000000 3
3378 -1.000000 4
3383 1.000000 5
3386 -1.000000 3
3389 -1.000000 3
3394 1.000000 5
3399 1.000000 5
3402 -1.000000 3
3405 1.000000 3
3410 0.000000 5
3414 -1.000000 4
3417 1.000000 3
3421 1.000000 4
3426 1.000000 5
3430 -1.000000 4
3435 1.000000 5
3438 -1.000000 3
3442 1.000000 4
3447 1.000000 5
3452 1.000000 5
3456 -1.000000 4
3461 0.000000 5
3465 -1.000000 4
3469 -1.000000 4
3472 -1.000000 3
3477 1.000000 5
3481 -1.000000 4
3486 0.000000 5
3491 1.000000 5
3496 1.000000 5
3500 -1.000000 4
3503 -1.000000 3
3507 1.000000 4
3512 1.000000 5
3515 -1.000000 3
3518 1.000000 3
3522 1.000000 4
3526 1.000000 4
3531 0.000000 5
3536 1.000000 5
3540 1.000000 4
3543 -1.000000 3
3548 1.000000 5
3553 0.000000 5
3557 1.000000 4
3560 1.000000 3
3565 1.000000 5
3570 0.000000 5
3573 1.000000 3
3576 -1.000000 3
3580 -1.000000 4
3583 -1.000000 3
3586 1.000000 3
3591 1.000000 5
3595 1.000000 4
3599 1.000000 4
3603 -1.000000 4
3607 -1.000000 4
3611 -1.000000 4
3615 -1.000000 4
3619 -1.000000 4
3623 -1.000000 4
3627 1.000000 4
3631 -1.000000 4
3636 1.000000 5
3641 1.000000 5
3646 1.000000 5
3651 1.000000 5
3655 1.000000 4
3658 -1.000000 3
3662 1.000000 4
3666 1.000000 4
3670 1.000000 4
3674 1.000000 4
3677 1.000000 3
3682 1.000000 5
3685 -1.000000 3
3689 -1.000000 4
3693 1.000000 4
3697 1.000000 4
3702 0.000000 5
3707 0.000000 5
3712 0.000000 5
3717 0.000000 5
3722 0.000000 5
3726 1.000000 4
3730 1.000000 4
3733 1.000000 3
3737 -1.000000 4
3740 1.000000 3
3745 1.000000 5
3749 -1.000000 4
3754 1.000000 5
3759 1.000000 5
3764 1.000000 5
3769 1.000000 5
3774 0.000000 5
3777 -1.000000 3
3781 -1.000000 4
3786 0.000000 5
3791 1.000000 5
3796 1.000000 5
3801 1.000000 5
3805 1.000000 4
3810 1.000000 5
3814 1.000000 4
3818 -1.000000 4
3821 -1.000000 3
3825 1.000000 4
3830 0.000000 5
3834 1.000000 4
3837 -1.000000 3
3841 1.000000 4
3845 1.000000 4
3849 1.000000 4
3854 0.000000 5
3858 1.000000 4
3863 0.000000 5
3868 1.000000 5
3873 0.000000 5
3877 1.000000 4
3882 0.000000 5
3886 1.000000 4
3890 -1.000000 4
3893 1.000000 3
3898 1.000000 5
3901 -1.000000 3
3906 1.000000 5
3910 -1.000000 4
3914 1.000000 4
3919 1.000000 5
3924 1.000000 5
3929 1.000000 5
3933 -1.000000 4
3937 -1.000000 4
3942 1.000000 5
3947 0.000000 5
3952 1.000000 5
3957 1.000000 5
3962 0.000000 5
3967 1.000000 5
3970 1.000000 3
3975 0.000000 5
3980 1.000000 5
3984 1.000000 4
3988 -1.000000 4
3992 -1.000000 4
3996 1.000000 4
3999 -1.000000 3
4003 -1.000000 4
4008 1.000000 5
4013 1.000000 5
4017 1.000000 4
4021 -1.000000 4
4025 1.000000 4
4029 1.000000 4
4032 -1.000000 3
4036 1.000000 4
4040 1.000000 4
4044 -1.000000 4
4047 1.000000 3
4051 1.000000 4
4055 -1.000000 4
4058 1.000000 3
4063 0.000000 5
4066 1.000000 3
4069 -1.000000 3
4072 -1.000000 3
4077 1.000000 5
4082 1.000000 5
4086 1.000000 4
4091 0.000000 5
4096 1.000000 5
4099 1.000000 3
4103 1.000000 4
4108 1.000000 5
4111 1.000000 3
4115 -1.000000 4
4119 -1.000000 4
4122 -1.000000 3
4126 1.000000 4
4130 1.000000 4
4133 1.000000 3
4137 1.000000 4
4141 1.000000 4
4145 -1.000000 4
4150 0.000000 5
4155 1.000000 5
4158 -1.000000 3
4161 -1.000000 3
4164 -1.000000 3
4167 -1.000000 3
4170 1.000000 3
4174 1.000000 4
4179 1.000000 5
4184 1.000000 5
4188 -1.000000 4
4192 1.000000 4
4197 1.000000 5
4202 1.000000 5
4205 1.000000 3
4209 1.000000 4
4214 1.000000 5
4219 0.000000 5
4222 1.000000 3
4226 1.000000 4
4230 -1.000000 4
4234 -1.000000 4
4238 1.000000 4
4242 1.000000 4
4246 -1.000000 4
4249 1.000000 3
4253 -1.000000 4
4257 1.000000 4
4261 -1.000000 4
4265 1.000000 4
4268 -1.000000 3
4271 -1.000000 3
4275 -1.000000 4
4278 1.000000 3
4282 1.000000 4
4286 1.000000 4
4290 1.000000 4
4295 1.000000 5
4300 0.000000 5
4304 -1.000000 4
4309 0.000000 5
4312 1.000000 3
4315 -1.000000 3
4320 1.000000 5
4324 -1.000000 4
4328 1.000000 4
4332 1.000000 4
4335 1.000000 3
4339 -1.000000 4
4342 -1.000000 3
4347 1.000000 5
4351 -1.000000 4
4355 -1.000000 4
4359 -1.000000 4
4364 1.000000 5
4368 1.000000 4
4373 1.000000 5
4376 1.000000 3
4381 1.000000 5
4385 1.000000 4
4389 -1.000000 4
4394 0.000000 5
4398 1.000000 4
4403 1.000000 5
4407 1.000000 4
4411 -1.000000 4
4416 0.000000 5
4420 -1.000000 4
4425 1.000000 5
4429 1.000000 4
4433 -1.000000 4
4438 0.000000 5
4443 0.000000 5
4447 -1.000000 4
4452 1.000000 5
4455 -1.000000 3
4459 -1.000000 4
4463 -1.000000 4
4468 1.000000 5
4473 1.000000 5
4477 1.000000 4
4482 0.000000 5
4487 1.000000 5
4490 1.000000 3
4494 -1.000000 4
4497 -1.000000 3
4502 1.000000 5
4506 -1.000000 4
4511 1.000000 5
4516 1.000000 5
4520 -1.000000 4
4525 0.000000 5
4528 1.000000 3
4532 1.000000 4
4536 1.000000 4
4539 1.000000 3
4544 0.000000 5
4549 0.000000 5
4553 1.000000 4
4558 0.000000 5
4562 1.000000 4
4565 -1.000000 3
4569 1.000000 4
4573 -1.000000 4
4578 0.000000 5
4582 -1.000000 4
4585 -1.000000 3
4590 0.000000 5
4594 1.000000 4
4598 -1.000000 4
4601 -1.000000 3
4606 1.000000 5
4610 1.000000 4
4614 1.000000 4
4618 -1.000000 4
4621 1.000000 3
4625 -1.000000 4
4630 1.000000 5
4633 -1.000000 3
4636 -1.000000 3
4641 0.000000 5
4645 -1.000000 4
4649 -1.000000 4
4653 1.000000 4
4657 -1.000000 4
4661 -1.000000 4
4666 1.000000 5
4671 1.000000 5
4676 1.000000 5
4681 1.000000 5
4686 1.000000 5
4690 1.000000 4
4694 1.000000 4
4697 1.000000 3
4701 -1.000000 4
4705 1.000000 4
4709 -1.000000 4
4712 -1.000000 3
4717 0.000000 5
4721 -1.000000 4
4726 1.000000 5
4729 1.000000 3
4734 1.000000 5
4739 0.000000 5
4743 -1.000000 4
4747 1.000000 4
4751 -1.000000 4
4754 -1.000000 3
4759 0.000000 5
4764 1.000000 5
4769 1.000000 5
4774 1.000000 5
4778 1.000000 4
4782 -1.000000 4
4785 -1.000000 3
4790 1.000000 5
4793 -1.000000 3
4798 1.000000 5
4801 1.000000 3
4806 0.000000 5
4810 -1.000000 4
4813 1.000000 3
4817 1.000000 4
4822 1.000000 5
4826 1.000000 4
4831 0.000000 5
4834 -1.000000 3
4838 1.000000 4
4841 1.000000 3
4845 -1.000000 4
4849 1.000000 4
4853 1.000000 4
4857 1.000000 4
4860 -1.000000 3
4864 1.000000 4
4869 1.000000 5
4872 1.000000 3
4877 0.000000 5
4882 0.000000 5
4886 1.000000 4
4890 1.000000 4
4894 1.000000 4
4899 0.000000 5
4904 1.000000 5
4908 -1.000000 4
4911 1.000000 3
4914 -1.000000 3
4918 1.000000 4
4922 1.000000 4
4927 1.000000 5
4932 1.000000 5
4936 -1.000000 4
4941 0.000000 5
4945 1.000000 4
4950 1.000000 5
4953 1.000000 3
4958 1.000000 5
4962 1.000000 4
4967 0.000000 5
4971 1.000000 4
4976 1.000000 5
4980 1.000000 4
4985 1.000000 5
4990 1.000000 5
4994 1.000000 4
4997 1.000000 3
5000 1.000000 3
5004 1.000000 4
5008 -1.000000 4
5013 0.000000 5
5017 1.000000 4
5022 1.000000 5
5025 -1.000000 3
5028 -1.000000 3
5031 1.000000 3
5036 1.000000 5
5040 1.000000 4
5045 1.000000 5
5049 1.000000 4
5052 -1.000000 3
5057 0.000000 5
5061 -1.000000 4
5065 1.000000 4
5070 1.000000 5
5074 1.000000 4
5077 1.000000 3
5080 1.000000 3
5085 0.000000 5
5090 1.000000 5
5095 1.000000 5
5099 1.000000 4
5102 -1.000000 3
5107 0.000000 5
5111 1.000000 4
5114 -1.000000 3
5118 1.000000 4
5122 -1.000000 4
5126 1.000000 4
5130 -1.000000 4
5134 1.000000 4
5137 1.000000 3
5141 1.000000 4
5144 1.000000 3
5149 0.000000 5
5152 -1.000000 3
5155 -1.000000 3
5159 -1.000000 4
5164 1.000000 5
5169 0.000000 5
5173 1.000000 4
5178 1.000000 5
5183 1.000000 5
5188 0.000000 5
5193 1.000000 5
5198 0.000000 5
5201 1.000000 3
5205 -1.000000 4
5210 1.000000 5
5214 -1.000000 4
5219 0.000000 5
5224 1.000000 5
5228 1.000000 4
5231 -1.000000 3
5235 1.000000 4
5240 1.000000 5
5244 1.000000 4
5249 1.000000 5
5254 1.000000 5
5257 -1.000000 3
5262 1.000000 5
5265 1.000000 3
5270 1.000000 5
5273 -1.000000 3
5277 1.000000 4
5281 1.000000 4
5286 1.000000 5
5291 0.000000 5
5295 -1.000000 4
5299 -1.000000 4
5303 1.000000 4
5308 1.000000 5
5312 1.000000 4
5316 1.000000 4
5321 0.000000 5
5326 0.000000 5
5330 1.000000 4
5334 -1.000000 4
5338 1.000000 4
5343 1.000000 5
5347 -1.000000 4
5352 1.000000 5
5357 1.000000 5
5360 -1.000000 3
5365 1.000000 5
5369 -1.000000 4
5374 1.000000 5
5378 1.000000 4
5382 1.000000 4
5387 1.000000 5
5391 1.000000 4
5396 1.000000 5
5400 -1.000000 4
5404 -1.000000 4
5408 1.000000 4
5412 1.000000 4
5416 -1.000000 4
5421 1.000000 5
5426 1.000000 5
5429 1.000000 3
5433 -1.000000 4
5436 1.000000 3
5440 1.000000 4
5443 -1.000000 3
5446 -1.000000 3
5450 1.000000 4
5455 0.000000 5
5458 -1.000000 3
5463 1.000000 5
5468 1.000000 5
5473 0.000000 5
5477 1.000000 4
5481 -1.000000 4
5485 -1.000000 4
5489 1.000000 4
5492 -1.000000 3
5497 1.000000 5
5502 0.000000 5
5506 1.000000 4
5511 1.000000 5
5516 0.000000 5
5520 -1.000000 4
5523 1.000000 3
5528 0.000000 5
5532 -1.000000 4
5537 0.000000 5
5541 -1.000000 4
5546 0.000000 5
5549 -1.000000 3
5553 -1.000000 4
5558 0.000000 5
5563 1.000000 5
5566 -1.000000 3
5570 1.000000 4
5575 0.000000 5
5580 1.000000 5
5585 1.000000 5
5590 0.000000 5
5595 1.000000 5
5600 1.000000 5
5603 -1.000000 3
5606 -1.000000 3
5610 -1.000000 4
5614 1.000000 4
5619 0.000000 5
5623 -1.000000 4
5628 0.000000 5
5632 -1.000000 4
5637 0.000000 5
5641 1.000000 4
5646 1.000000 5
5651 0.000000 5
5655 1.000000 4
5658 -1.000000 3
5662 -1.000000 4
5666 -1.000000 4
5670 -1.000000 4
5675 0.000000 5
5679 -1.000000 4
5683 1.000000 4
5687 -1.000000 4
5692 1.000000 5
5697 1.000000 5
5700 -1.000000 3
5704 1.000000 4
5708 1.000000 4
5713 1.000000 5
5718 1.000000 5
5722 1.000000 4
5726 1.000000 4
5731 0.000000 5
5735 -1.000000 4
5739 1.000000 4
5743 1.000000 4
5747 -1.000000 4
5750 1.000000 3
5754 1.000000 4
5759 1.000000 5
5764 1.000000 5
5769 1.000000 5
5772 -1.000000 3
5776 -1.000000 4
5780 1.000000 4
5783 1.000000 3
5788 1.000000 5
5793 1.000000 5
5797 1.000000 4
5802 1.000000 5
5806 -1.000000 4
5809 1.000000 3
5812 -1.000000 3
5817 1.000000 5
5822 1.000000 5
5827 1.000000 5
5832 0.000000 5
5836 -1.000000 4
5840 -1.000000 4
5844 1.000000 4
5848 1.000000 4
5852 -1.000000 4
5856 1.000000 4
5861 0.000000 5
5866 1.000000 5
5869 -1.000000 3
5873 1.000000 4
5877 -1.000000 4
5881 -1.000000 4
5885 1.000000 4
5889 -1.000000 4
5894 1.000000 5
5899 0.000000 5
5904 0.000000 5
5909 1.000000 5
5914 0.000000 5
5918 -1.000000 4
5922 1.000000 4
5927 1.000000 5
5930 1.000000 3
5935 1.000000 5
5939 1.000000 4
5944 1.000000 5
5949 1.000000 5
5952 -1.000000 3
5957 1.000000 5
5961 1.000000 4
5966 1.000000 5
5971 0.000000 5
5975 -1.000000 4
5980 1.000000 5
5984 1.000000 4
5988 1.000000 4
5993 1.000000 5
5998 0.000000 5
6002 1.000000 4
6006 1.000000 4
6011 0.000000 5
6016 1.000000 5
6021 0.000000 5
6026 0.000000 5
6029 -1.000000 3
6034 1.000000 5
6039 1.000000 5
6043 -1.000000 4
6047 1.000000 4
6050 -1.000000 3
6054 1.000000 4
6058 -1.000000 4
6063 1.000000 5
6067 -1.000000 4
6070 1.000000 3
6073 -1.000000 3
6078 0.000000 5
6083 0.000000 5
6086 1.000000 3
6090 1.000000 4
6093 1.000000 3
6097 -1.000000 4
6100 -1.000000 3
6104 -1.000000 4
6109 1.000000 5
6113 1.000000 4
6117 1.000000 4
6120 1.000000 3
6124 -1.000000 4
6128 1.000000 4
6132 -1.000000 4
6137 1.000000 5
6141 -1.000000 4
6146 1.000000 5
6150 -1.000000 4
6154 1.000000 4
6159 1.000000 5
6164 1.000000 5
6168 1.000000 4
6172 1.000000 4
6177 0.000000 5
6181 -1.000000 4
6184 1.000000 3
6187 1.000000 3
6191 1.000000 4
6196 1.000000 5
6200 -1.000000 4
6204 -1.000000 4
6209 1.000000 5
6212 1.000000 3
6215 -1.000000 3
6219 1.000000 4
6223 1.000000 4
6228 1.000000 5
6233 1.000000 5
6238 1.000000 5
6243 1.000000 5
6247 -1.000000 4
6251 -1.000000 4
6255 -1.000000 4
6259 1.000000 4
6262 -1.000000 3
6267 0.000000 5
6271 1.000000 4
6274 -1.000000 3
6279 1.000000 5
6282 1.000000 3
6287 1.000000 5
6291 1.000000 4
6295 1.000000 4
6299 -1.000000 4
6304 1.000000 5
6309 1.000000 5
6314 1.000000 5
6319 1.000000 5
6324 0.000000 5
6327 1.000000 3
6331 -1.000000 4
6335 -1.000000 4
6340 0.000000 5
6344 1.000000 4
6348 1.000000 4
6352 -1.000000 4
6355 -1.000000 3
6360 1.000000 5
6364 1.000000 4
6368 1.000000 4
6373 1.000000 5
6377 -1.000000 4
6382 1.000000 5
6385 1.000000 3
6390 0.000000 5
6394 -1.000000 4
6397 -1.000000 3
6401 1.000000 4
6405 -1.000000 4
6409 1.000000 4
6414 1.000000 5
6419 1.000000 5
6422 1.000000 3
6426 -1.000000 4
6430 1.000000 4
6433 -1.000000 3
6438 1.000000 5
6441 1.000000 3
6446 0.000000 5
6451 1.000000 5
6455 1.000000 4
6459 -1.000000 4
6464 0.000000 5
6469 1.000000 5
6473 1.000000 4
6477 1.000000 4
6481 1.000000 4
6484 1.000000 3
6488 -1.000000 4
6492 1.000000 4
6496 -1.000000 4
6500 1.000000 4
6503 -1.000000 3
6507 1.000000 4
6511 1.000000 4
6515 -1.000000 4
6519 1.000000 4
6524 1.000000 5
6527 1.000000 3
6532 1.000000 5
6536 -1.000000 4
6541 0.000000 5
6546 1.000000 5
6550 1.000000 4
6554 -1.000000 4
6558 -1.000000 4
6563 1.000000 5
6567 -1.000000 4
6571 -1.000000 4
6575 1.000000 4
6579 -1.000000 4
6582 1.000000 3
6587 0.000000 5
6591 -1.000000 4
6594 1.000000 3
6598 1.000000 4
6601 1.000000 3
6604 1.000000 3
6609 1.000000 5
6614 1.000000 5
6618 -1.000000 4
6621 1.000000 3
6624 -1.000000 3
6628 -1.000000 4
6633 0.000000 5
6637 1.000000 4
6642 1.000000 5
6645 1.000000 3
6649 -1.000000 4
6653 1.000000 4
6656 -1.000000 3
6660 1.000000 4
6665 0.000000 5
6670 0.000000 5
6673 1.000000 3
6677 1.000000 4
6682 1.000000 5
6686 -1.000000 4
6691 1.000000 5
6696 1.000000 5
6699 1.000000 3
6704 1.000000 5
6708 -1.000000 4
6712 -1.000000 4
6715 -1.000000 3
6720 0.000000 5
6724 -1.000000 4
6729 0.000000 5
6734 1.000000 5
6737 1.000000 3
6742 0.000000 5
6745 -1.000000 3
6748 -1.000000 3
6753 1.000000 5
6757 1.000000 4
6761 1.000000 4
6766 1.000000 5
6771 1.000000 5
6776 0.000000 5
6780 1.000000 4
6785 0.000000 5
6789 1.000000 4
6794 0.000000 5
6799 1.000000 5
6803 -1.000000 4
6807 -1.000000 4
6812 0.000000 5
6817 0.000000 5
6822 1.000000 5
6826 -1.000000 4
6831 1.000000 5
6835 1.000000 4
6840 1.000000 5
6844 -1.000000 4
6848 -1.000000 4
6853 1.000000 5
6858 1.000000 5
6863 1.000000 5
6867 1.000000 4
6872 0.000000 5
6877 1.000000 5
6882 1.000000 5
6885 1.000000 3
6888 1.000000 3
6893 0.000000 5
6897 1.000000 4
6901 -1.000000 4
6905 -1.000000 4
6909 -1.000000 4
6913 1.000000 4
6917 1.000000 4
6922 1.000000 5
6925 1.000000 3
6929 -1.000000 4
6934 0.000000 5
6938 1.000000 4
6942 1.000000 4
6945 1.000000 3
6950 1.000000 5
6953 1.000000 3
6957 1.000000 4
6960 1.000000 3
6964 1.000000 4
6968 -1.000000 4
6972 1.000000 4
6977 0.000000 5
6981 1.000000 4
6985 -1.000000 4
6989 1.000000 4
6993 -1.000000 4
6998 0.000000 5
7003 1.000000 5
7007 -1.000000 4
7012 1.000000 5
7016 1.000000 4
7020 -1.000000 4
7024 1.000000 4
7027 -1.000000 3
7031 1.000000 4
7035 1.000000 4
7039 -1.000000 4
7043 1.000000 4
7048 1.000000 5
7052 -1.000000 4
7057 1.000000 5
7062 0.000000 5
7067 0.000000 5
7072 0.000000 5
7077 1.000000 5
7081 -1.000000 4
7084 -1.000000 3
7089 1.000000 5
7093 1.000000 4
7097 1.000000 4
7102 0.000000 5
7106 1.000000 4
7110 1.000000 4
7114 -1.000000 4
7118 -1.000000 4
7121 1.000000 3
7125 -1.000000 4
7128 -1.000000 3
7132 1.000000 4
7135 1.000000 3
7140 1.000000 5
7145 1.000000 5
7149 1.000000 4
7154 0.000000 5
7158 -1.000000 4
7163 1.000000 5
7168 1.000000 5
7171 -1.000000 3
7174 1.000000 3
7179 0.000000 5
7184 1.000000 5
7189 1.000000 5
7194 1.000000 5
7199 1.000000 5
7202 1.000000 3
7205 -1.000000 3
7209 1.000000 4
7214 1.000000 5
7218 -1.000000 4
7222 -1.000000 4
7227 0.000000 5
7230 1.000000 3
7235 1.000000 5
7239 -1.000000 4
7243 -1.000000 4
7247 1.000000 4
7252 1.000000 5
7256 -1.000000 4
7261 1.000000 5
7265 1.000000 4
7270 1.000000 5
7275 0.000000 5
7280 1.000000 5
7285 1.000000 5
7290 0.000000 5
7294 1.000000 4
7299 1.000000 5
7303 1.000000 4
7307 1.000000 4
7312 0.000000 5
7316 -1.000000 4
7319 1.000000 3
7322 1.000000 3
7327 1.000000 5
7331 1.000000 4
7335 1.000000 4
7339 1.000000 4
7344 1.000000 5
7348 1.000000 4
7353 0.000000 5
7357 1.000000 4
7361 -1.000000 4
7366 1.000000 5
7369 1.000000 3
7374 1.000000 5
7378 1.000000 4
7382 1.000000 4
7387 1.000000 5
7391 1.000000 4
7394 1.000000 3
7398 1.000000 4
7402 1.000000 4
7406 1.000000 4
7410 1.000000 4
7415 1.000000 5
7420 1.000000 5
7423 -1.000000 3
7428 1.000000 5
7433 1.000000 5
7436 -1.000000 3
7440 -1.000000 4
7444 1.000000 4
7449 1.000000 5
7453 -1.000000 4
7457 1.000000 4
7462 1.000000 5
7466 1.000000 4
7470 1.000000 4
7475 0.000000 5
7479 -1.000000 4
7483 1.000000 4
7487 1.000000 4
7491 -1.000000 4
7496 1.000000 5
7500 1.000000 4
7504 1.000000 4
7509 1.000000 5
7512 1.000000 3
7516 1.000000 4
7520 1.000000 4
7523 1.000000 3
7528 0.000000 5
7532 1.000000 4
7536 -1.000000 4
7541 0.000000 5
7546 0.000000 5
7551 0.000000 5
7556 0.000000 5
7560 1.000000 4
7563 -1.000000 3
7567 -1.000000 4
7571 -1.000000 4
7576 0.000000 5
7580 1.000000 4
7583 -1.000000 3
7587 -1.000000 4
7592 0.000000 5
7596 1.000000 4
7600 1.000000 4
7605 0.000000 5
7609 1.000000 4
7614 1.000000 5
7619 1.000000 5
7624 0.000000 5
7628 -1.000000 4
7631 -1.000000 3
7634 -1.000000 3
7639 1.000000 5
7644 0.000000 5
7648 -1.000000 4
7653 1.000000 5
7658 1.000000 5
7662 -1.000000 4
7666 -1.000000 4
7670 -1.000000 4
7675 0.000000 5
7680 1.000000 5
7684 1.000000 4
7688 -1.000000 4
7693 1.000000 5
7698 1.000000 5
7703 0.000000 5
7706 -1.000000 3
7709 -1.000000 3
7712 -1.000000 3
7716 1.000000 4
7720 -1.000000 4
7723 1.000000 3
7728 1.000000 5
7732 1.000000 4
7735 -1.000000 3
7739 -1.000000 4
7743 -1.000000 4
7747 -1.000000 4
7751 1.000000 4
7754 -1.000000 3
7758 1.000000 4
7762 1.000000 4
7766 -1.000000 4
7771 1.000000 5
7776 1.000000 5
7781 0.000000 5
7786 1.000000 5
7791 0.000000 5
7795 -1.000000 4
7799 1.000000 4
7804 1.000000 5
7808 1.000000 4
7812 -1.000000 4
7817 1.000000 5
7822 0.000000 5
7826 -1.000000 4
7829 1.000000 3
7834 0.000000 5
7839 1.000000 5
7842 1.000000 3
7846 1.000000 4
7850 -1.000000 4
7854 1.000000 4
7857 -1.000000 3
7860 1.000000 3
7865 0.000000 5
7869 1.000000 4
7874 1.000000 5
7878 1.000000 4
7882 -1.000000 4
7887 1.000000 5
7892 0.000000 5
7896 -1.000000 4
7900 -1.000000 4
7904 -1.000000 4
7908 -1.000000 4
7912 1.000000 4
7917 1.000000 5
7921 -1.000000 4
7926 0.000000 5
7931 0.000000 5
7936 1.000000 5
7941 1.000000 5
7946 1.000000 5
7951 1.000000 5
7956 1.000000 5
7961 1.000000 5
7966 1.000000 5
7969 -1.000000 3
7973 1.000000 4
7977 -1.000000 4
7982 1.000000 5
7985 1.000000 3
7988 1.000000 3
7992 1.000000 4
7995 1.000000 3
7998 -1.000000 3
8003 0.000000 5
8007 -1.000000 4
8010 -1.000000 3
8015 1.000000 5
8018 1.000000 3
8022 -1.000000 4
8026 -1.000000 4
8030 1.000000 4
8034 1.000000 4
8038 1.000000 4
8043 0.000000 5
8046 -1.000000 3
8050 1.000000 4
8054 1.000000 4
8058 -1.000000 4
8062 -1.000000 4
8066 1.000000 4
8071 1.000000 5
8076 0.000000 5
8080 -1.000000 4
8083 1.000000 3
8088 0.000000 5
8092 1.000000 4
8096 -1.000000 4
8101 1.000000 5
8105 1.000000 4
8108 -1.000000 3
8112 1.000000 4
8116 -1.000000 4
8121 1.000000 5
8126 1.000000 5
8130 1.000000 4
8135 0.000000 5
8139 1.000000 4
8144 1.000000 5
8148 1.000000 4
8153 1.000000 5
8157 1.000000 4
8162 1.000000 5
8166 1.000000 4
8169 1.000000 3
8173 1.000000 4
8178 1.000000 5
8182 -1.000000 4
8186 -1.000000 4
8190 1.000000 4
8193 -1.000000 3
8198 1.000000 5
8202 1.000000 4
8205 -1.000000 3
8208 1.000000 3
8213 1.000000 5
8216 1.000000 3
8220 1.000000 4
8224 -1.000000 4
8228 1.000000 4
8231 1.000000 3
8235 1.000000 4
8239 -1.000000 4
8242 -1.000000 3
8247 1.000000 5
8251 1.000000 4
8256 0.000000 5
8259 -1.000000 3
8262 -1.000000 3
8267 0.000000 5
8272 0.000000 5
8276 -1.000000 4
8280 1.000000 4
8284 -1.000000 4
8287 1.000000 3
8292 1.000000 5
8296 1.000000 4
8301 1.000000 5
8306 1.000000 5
8310 1.000000 4
8314 1.000000 4
8317 1.000000 3
8322 1.000000 5
8326 -1.000000 4
8331 1.000000 5
8335 -1.000000 4
8338 -1.000000 3
8342 1.000000 4
8346 1.000000 4
8351 1.000000 5
8356 1.000000 5
8360 1.000000 4
8365 1.000000 5
8370 1.000000 5
8375 1.000000 5
8379 1.000000 4
8384 0.000000 5
8389 1.000000 5
8393 -1.000000 4
8397 1.000000 4
8401 1.000000 4
8405 1.000000 4
8409 -1.000000 4
8414 1.000000 5
8418 -1.000000 4
8423 0.000000 5
8427 1.000000 4
8432 1.000000 5
8436 1.000000 4
8439 -1.000000 3
8443 1.000000 4
8447 1.000000 4
8452 0.000000 5
8457 1.000000 5
8461 1.000000 4
8464 1.000000 3
8467 1.000000 3
8472 1.000000 5
8476 1.000000 4
8479 1.000000 3
8483 1.000000 4
8488 0.000000 5
8493 1.000000 5
8498 0.000000 5
8502 1.000000 4
8506 -1.000000 4
8511 1.000000 5
8515 -1.000000 4
8519 1.000000 4
8523 -1.000000 4
8527 1.000000 4
8531 1.000000 4
8535 -1.000000 4
8540 1.000000 5
8543 -1.000000 3
8546 1.000000 3
8551 1.000000 5
8554 1.000000 3
8558 -1.000000 4
8562 -1.000000 4
8566 1.000000 4
8570 1.000000 4
8573 -1.000000 3
8576 -1.000000 3
8580 1.000000 4
8585 0.000000 5
8589 -1.000000 4
8593 1.000000 4
8597 1.000000 4
8601 -1.000000 4
8604 1.000000 3
8608 -1.000000 4
8612 1.000000 4
8616 -1.000000 4
8620 -1.000000 4
8625 1.000000 5
8629 -1.000000 4
8633 1.000000 4
8638 0.000000 5
8643 1.000000 5
8647 -1.000000 4
8652 0.000000 5
8656 1.000000 4
8661 0.000000 5
8665 1.000000 4
8670 1.000000 5
8675 1.000000 5
8680 1.000000 5
8684 -1.000000 4
8688 -1.000000 4
8692 -1.000000 4
8696 1.000000 4
8699 -1.000000 3
8703 1.000000 4
8707 1.000000 4
8710 1.000000 3
8713 1.000000 3
8717 -1.000000 4
8721 1.000000 4
8724 1.000000 3
8728 1.000000 4
8731 -1.000000 3
8736 0.000000 5
8740 1.000000 4
8744 -1.000000 4
8747 -1.000000 3
8750 -1.000000 3
8754 1.000000 4
8758 1.000000 4
8763 1.000000 5
8766 1.000000 3
8769 -1.000000 3
8774 1.000000 5
8778 1.000000 4
8781 -1.000000 3
8785 -1.000000 4
8790 1.000000 5
8795 0.000000 5
8800 0.000000 5
8803 1.000000 3
8808 1.000000 5
8812 1.000000 4
8816 -1.000000 4
8821 0.000000 5
8826 0.000000 5
8831 0.000000 5
8836 1.000000 5
8841 0.000000 5
8845 1.000000 4
8850 1.000000 5
8855 0.000000 5
8858 1.000000 3
8861 1.000000 3
8866 0.000000 5
8871 0.000000 5
8876 1.000000 5
8880 1.000000 4
8885 1.000000 5
8889 -1.000000 4
8894 1.000000 5
8899 1.000000 5
8903 1.000000 4
8908 1.000000 5
8911 1.000000 3
8916 1.000000 5
8920 1.000000 4
8924 1.000000 4
8929 1.000000 5
8933 1.000000 4
8937 1.000000 4
8942 0.000000 5
8947 1.000000 5
8951 -1.000000 4
8956 0.000000 5
8960 1.000000 4
8964 1.000000 4
8969 1.000000 5
8973 1.000000 4
8976 -1.000000 3
8980 1.000000 4
8984 1.000000 4
8988 -1.000000 4
8992 -1.000000 4
8996 1.000000 4
8999 1.000000 3
9004 1.000000 5
9009 0.000000 5
9014 1.000000 5
9018 1.000000 4
9021 1.000000 3
9025 1.000000 4
9028 -1.000000 3
9032 1.000000 4
9036 -1.000000 4
9039 1.000000 3
9044 0.000000 5
9048 1.000000 4
9052 -1.000000 4
9056 1.000000 4
9060 1.000000 4
9064 1.000000 4
9068 -1.000000 4
9072 -1.000000 4
9076 1.000000 4
9080 1.000000 4
9084 1.000000 4
9089 0.000000 5
9094 1.000000 5
9098 -1.000000 4
9103 0.000000 5
9107 -1.000000 4
9112 0.000000 5
9116 1.000000 4
9120 -1.000000 4
9125 1.000000 5
9130 1.000000 5
9134 1.000000 4
9139 0.000000 5
9143 1.000000 4
9147 -1.000000 4
9151 -1.000000 4
9155 -1.000000 4
9159 1.000000 4
9163 1.000000 4
9167 1.000000 4
9171 1.000000 4
9175 1.000000 4
9179 1.000000 4
9183 -1.000000 4
9188 0.000000 5
9192 1.000000 4
9195 -1.000000 3
9199 1.000000 4
9202 1.000000 3
9206 1.000000 4
9211 0.000000 5
9215 1.000000 4
9220 1.000000 5
9225 0.000000 5
9229 1.000000 4
9234 1.000000 5
9238 -1.000000 4
9241 -1.000000 3
9245 -1.000000 4
9249 1.000000 4
9253 1.000000 4
9257 1.000000 4
9262 0.000000 5
9266 -1.000000 4
9271 0.000000 5
9276 0.000000 5
9281 0.000000 5
9286 1.000000 5
9290 1.000000 4
9293 -1.000000 3
9296 1.000000 3
9301 1.000000 5
9305 1.000000 4
9309 1.000000 4
9312 -1.000000 3
9316 -1.000000 4
9320 1.000000 4
9325 1.000000 5
9330 0.000000 5
9335 1.000000 5
9340 1.000000 5
9344 1.000000 4
9348 1.000000 4
9352 1.000000 4
9355 -1.000000 3
9359 1.000000 4
9363 1.000000 4
9368 0.000000 5
9371 -1.000000 3
9375 -1.000000 4
9379 -1.000000 4
9383 -1.000000 4
9388 0.000000 5
9391 1.000000 3
9396 0.000000 5
9401 0.000000 5
9405 -1.000000 4
9409 1.000000 4
9412 1.000000 3
9416 1.000000 4
9420 -1.000000 4
9424 1.000000 4
9429 1.000000 5
9433 1.000000 4
9438 0.000000 5
9443 0.000000 5
9448 1.000000 5
9452 -1.000000 4
9456 1.000000 4
9461 1.000000 5
9465 1.000000 4
9468 1.000000 3
9472 1.000000 4
9477 1.000000 5
9480 -1.000000 3
9485 1.000000 5
9489 -1.000000 4
9492 1.000000 3
9496 1.000000 4
9499 1.000000 3
9502 1.000000 3
9506 1.000000 4
9510 -1.000000 4
9515 0.000000 5
9518 -1.000000 3
9522 1.000000 4
9527 0.000000 5
9531 1.000000 4
9535 -1.000000 4
9540 1.000000 5
9544 1.000000 4
9548 1.000000 4
9552 -1.000000 4
9556 1.000000 4
9560 -1.000000 4
9565 1.000000 5
9570 1.000000 5
9574 1.000000 4
9579 1.000000 5
9583 1.000000 4
9587 1.000000 4
9592 1.000000 5
9596 -1.000000 4
9601 1.000000 5
9604 1.000000 3
9608 -1.000000 4
9613 0.000000 5
9618 0.000000 5
9623 1.000000 5
9627 1.000000 4
9630 1.000000 3
9635 0.000000 5
9638 1.000000 3
9642 1.000000 4
9645 1.000000 3
9649 -1.000000 4
9654 1.000000 5
9658 1.000000 4
9662 -1.000000 4
9666 1.000000 4
9669 -1.000000 3
9674 1.000000 5
9678 1.000000 4
9681 1.000000 3
9685 1.000000 4
9688 -1.000000 3
9692 1.000000 4
9697 1.000000 5
9701 -1.000000 4
9705 -1.000000 4
9710 1.000000 5
9714 1.000000 4
9719 1.000000 5
9723 1.000000 4
9727 -1.000000 4
9730 -1.000000 3
9734 1.000000 4
9739 0.000000 5
9743 1.000000 4
9747 1.000000 4
9752 1.000000 5
9756 1.000000 4
9759 1.000000 3
9764 0.000000 5
9768 -1.000000 4
9772 1.000000 4
9777 1.000000 5
9780 -1.000000 3
9784 -1.000000 4
9788 -1.000000 4
9793 0.000000 5
9798 0.000000 5
9803 0.000000 5
9807 -1.000000 4
9811 1.000000 4
9815 -1.000000 4
9819 -1.000000 4
9823 1.000000 4
9827 1.000000 4
9830 1.000000 3
9834 -1.000000 4
9838 -1.000000 4
9842 -1.000000 4
9847 1.000000 5
9851 1.000000 4
9855 1.000000 4
9859 1.000000 4
9864 1.000000 5
9868 1.000000 4
9871 -1.000000 3
9874 1.000000 3
9877 1.000000 3
9880 -1.000000 3
9885 0.000000 5
9888 1.000000 3
9892 -1.000000 4
9896 1.000000 4
9901 1.000000 5
9905 1.000000 4
9910 0.000000 5
9915 0.000000 5
9920 0.000000 5
9924 1.000000 4
9929 1.000000 5
9934 1.000000 5
9939 0.000000 5
9943 -1.000000 4
9947 1.000000 4
9951 -1.000000 4
9955 -1.000000 4
9959 1.000000 4
9963 1.000000 4
9967 1.000000 4
9972 0.000000 5
9977 0.000000 5
9981 1.000000 4
9984 -1.000000 3
9988 1.000000 4
9991 1.000000 3
9995 1.000000 4
9999 -1.000000 4
10002 -1.000000 3
10005 -1.000000 3
10008 -1.000000 3
10011 -1.000000 3
10014 -1.000000 3
10017 -1.000000 3
10020 -1.000000 3
10023 -1.000000 3
10026 -1.000000 3
10029 -1.000000 3
10032 -1.000000 3
10035 -1.000000 3
10038 -1.000000 3
10041 -1.000000 3
10044 -1.000000 3
10047 -1.000000 3
10050 -1.000000 3
10053 -1.000000 3
10056 -1.000000 3
10059 -1.000000 3
10062 -1.000000 3
10065 -1.000000 3
10068 -1.000000 3
10071 -1.000000 3
10074 -1.000000 3
10077 -1.000000 3
10080 -1.000000 3
10083 -1.000000 3
10086 -1.000000 3
10089 -1.000000 3
10092 -1.000000 3
10095 -1.000000 3
10098 -1.000000 3
10101 -1.000000 3
10104 -1.000000 3
10107 -1.000000 3
10110 -1.000000 3
10113 -1.000000 3
10116 -1.000000 3
10119 -1.000000 3
10122 -1.000000 3
10125 -1.000000 3
10128 -1.000000 3
10131 -1.000000 3
10134 -1.000000 3
10137 -1.000000 3
10140 -1.000000 3
10143 -1.000000 3
10146 -1.000000 3
10149 -1.000000 3
10152 -1.000000 3
10155 -1.000000 3
10158 -1.000000 3
10161 -1.000000 3
10164 -1.000000 3
10167 -1.000000 3
10170 -1.000000 3
10173 -1.000000 3
10176 -1.000000 3
10179 -1.000000 3
10182 -1.000000 3
10185 -1.000000 3
10188 -1.000000 3
10191 -1.000000 3
10194 -1.000000 3
10197 -1.000000 3
10200 -1.000000 3
10203 -1.000000 3
10206 -1.000000 3
10209 -1.000000 3
10212 -1.000000 3
10215 -1.000000 3
10218 -1.000000 3
10221 -1.000000 3
10224 -1.000000 3
10227 -1.000000 3
10230 -1.000000 3
10233 -1.000000 3
10236 -1.000000 3
10239 -1.000000 3
10242 -1.000000 3
10245 -1.000000 3
10248 -1.000000 3
10251 -1.000000 3
10254 -1.000000 3
10257 -1.000000 3
10260 -1.000000 3
10263 -1.000000 3
10266 -1.000000 3
10269 -1.000000 3
10272 -1.000000 3
10275 -1.000000 3
10278 -1.000000 3
10281 -1.000000 3
10284 -1.000000 3
10287 -1.000000 3
10290 -1.000000 3
10293 -1.000000 3
10296 -1.000000 3
10299 -1.000000 3
10302 -1.000000 3
10305 -1.000000 3
10308 -1.000000 3
10311 -1.000000 3
10314 -1.000000 3
10317 -1.000000 3
10320 -1.000000 3
10323 -1.000000 3
10326 -1.000000 3
10329 -1.000000 3
10332 -1.000000 3
10335 -1.000000 3
10338 -1.000000 3
10341 -1.000000 3
10344 -1.000000 3
10347 -1.000000 3
10350 -1.000000 3
10353 -1.000000 3
10356 -1.000000 3
10359 -1.000000 3
10362 -1.000000 3
10365 -1.000000 3
10368 -1.000000 3
10371 -1.000000 3
10374 -1.000000 3
10377 -1.000000 3
10380 -1.000000 3
10383 -1.000000 3
10386 -1.000000 3
10389 -1.000000 3
10392 -1.000000 3
10395 -1.000000 3
10398 -1.000000 3
10401 -1.000000 3
10404 -1.000000 3
10407 -1.000000 3
10410 -1.000000 3
10413 -1.000000 3
10416 -1.000000 3
10419 -1.000000 3
10422 -1.000000 3
10425 -1.000000 3
10428 -1.000000 3
10431 -1.000000 3
10434 -1.000000 3
10437 -1.000000 3
10440 -1.000000 3
10443 -1.000000 3
10446 -1.000000 3
10449 -1.000000 3
10452 -1.000000 3
10455 -1.000000 3
10458 -1.000000 3
10461 -1.000000 3
10464 -1.000000 3
10467 -1.000000 3
10470 -1.000000 3
10473 -1.000000 3
10476 -1.000000 3
10479 -1.000000 3
10482 -1.000000 3
10485 -1.000000 3
10488 -1.000000 3
10491 -1.000000 3
10494 -1.000000 3
10497 -1.000000 3
10500 -1.000000 3
10503 -1.000000 3
10506 -1.000000 3
10509 -1.000000 3
10512 -1.000000 3
10515 -1.000000 3
10518 -1.000000 3
10521 -1.000000 3
10524 -1.000000 3
10527 -1.000000 3
10530 -1.000000 3
10533 -1.000000 3
10536 -1.000000 3
10539 -1.000000 3
10542 -1.000000 3
10545 -1.000000 3
10548 -1.000000 3
10551 -1.000000 3
10554 -1.000000 3
10557 -1.000000 3
10560 -1.000000 3
10563 -1.000000 3
10566 -1.000000 3
10569 -1.000000 3
10572 -1.000000 3
10575 -1.000000 3
10578 -1.000000 3
10581 -1.000000 3
10584 -1.000000 3
10587 -1.000000 3
10590 -1.000000 3
10593 -1.000000 3
10596 -1.000000 3
10599 -1.000000 3
10602 -1.000000 3
10605 -1.000000 3
10608 -1.000000 3
10611 -1.000000 3
10614 -1.000000 3
10617 -1.000000 3
10620 -1.000000 3
10623 -1.000000 3
10626 -1.000000 3
10629 -1.000000 3
10632 -1.000000 3
10635 -1.000000 3
10638 -1.000000 3
10641 -1.000000 3
10644 -1.000000 3
10647 -1.000000 3
10650 -1.000000 3
10653 -1.000000 3
10656 -1.000000 3
10659 -1.000000 3
10662 -1.000000 3
10665 -1.000000 3
10668 -1.000000 3
10671 -1.000000 3
10674 -1.000000 3
10677 -1.000000 3
10680 -1.000000 3
10683 -1.000000 3
10686 -1.000000 3
10689 -1.000000 3
10692 -1.000000 3
10695 -1.000000 3
10698 -1.000000 3
10701 -1.000000 3
10704 -1.000000 3
10707 -1.000000 3
10710 -1.000000 3
10713 -1.000000 3
10716 -1.000000 3
10719 -1.000000 3
10722 -1.000000 3
10725 -1.000000 3
10728 -1.000000 3
10731 -1.000000 3
10734 -1.000000 3
10737 -1.000000 3
10740 -1.000000 3
10743 -1.000000 3
10746 -1.000000 3
10749 -1.000000 3
10752 -1.000000 3
10755 -1.000000 3
10758 -1.000000 3
10761 -1.000000 3
10764 -1.000000 3
10767 -1.000000 3
10770 -1.000000 3
10773 -1.000000 3
10776 -1.000000 3
10779 -1.000000 3
10782 -1.000000 3
10785 -1.000000 3
10788 -1.000000 3
10791 -1.000000 3
10794 -1.000000 3
10797 -1.000000 3
10800 -1.000000 3
10803 -1.000000 3
10806 -1.000000 3
10809 -1.000000 3
10812 -1.000000 3
10815 -1.000000 3
10818 -1.000000 3
10821 -1.000000 3
10824 -1.000000 3
10827 -1.000000 3
10830 -1.000000 3
10833 -1.000000 3
10836 -1.000000 3
10839 -1.000000 3
10842 -1.000000 3
10845 -1.000000 3
10848 -1.000000 3
10851 -1.000000 3
10854 -1.000000 3
10857 -1.000000 3
10860 -1.000000 3
10863 -1.000000 3
10866 -1.000000 3
10869 -1.000000 3
10872 -1.000000 3
10875 -1.000000 3
10878 -1.000000 3
10881 -1.000000 3
10884 -1.000000 3
10887 -1.000000 3
10890 -1.000000 3
10893 -1.000000 3
10896 -1.000000 3
10899 -1.000000 3
10902 -1.000000 3
10905 -1.000000 3
10908 -1.000000 3
10911 -1.000000 3
10914 -1.000000 3
10917 -1.000000 3
10920 -1.000000 3
10923 -1.000000 3
10926 -1.000000 3
10929 -1.000000 3
10932 -1.000000 3
10935 -1.000000 3
10938 -1.000000 3
10941 -1.000000 3
10944 -1.000000 3
10947 -1.000000 3
10950 -1.000000 3
10953 -1.000000 3
10956 -1.000000 3
10959 -1.000000 3
10962 -1.000000 3
10965 -1.000000 3
10968 -1.000000 3
10971 -1.000000 3
10974 -1.000000 3
10977 -1.000000 3
10980 -1.000000 3
10983 -1.000000 3
10986 -1.000000 3
10989 -1.000000 3
10992 -1.000000 3
10995 -1.000000 3
10998 -1.000000 3
11001 -1.000000 3
11004 -1.000000 3
11007 1.000000 3
11011 1.000000 4
11015 1.000000 4
11020 0.000000 5
11024 1.000000 4
11028 1.000000 4
11032 1.000000 4
11036 1.000000 4
11040 1.000000 4
11044 1.000000 4
11048 1.000000 4
11052 1.000000 4
11057 0.000000 5
11062 0.000000 5
11065 1.000000 3
11069 1.000000 4
11073 1.000000 4
11077 1.000000 4
11081 1.000000 4
11085 1.000000 4
11088 -1.000000 3
11092 1.000000 4
11096 1.000000 4
11099 1.000000 3
11102 1.000000 3
11105 -1.000000 3
11109 1.000000 4
11114 0.000000 5
11118 1.000000 4
11121 -1.000000 3
11125 1.000000 4
11129 1.000000 4
11132 1.000000 3
11135 1.000000 3
11139 1.000000 4
11144 0.000000 5
11148 1.000000 4
11151 1.000000 3
11154 1.000000 3
11158 1.000000 4
11162 1.000000 4
11166 1.000000 4
11170 1.000000 4
11174 1.000000 4
11178 1.000000 4
11182 -1.000000 4
11186 1.000000 4
11190 1.000000 4
11194 1.000000 4
11198 1.000000 4
11202 1.000000 4
11206 1.000000 4
11210 1.000000 4
11215 0.000000 5
11219 1.000000 4
11223 1.000000 4
11227 1.000000 4
11231 1.000000 4
11235 1.000000 4
11239 1.000000 4
11243 1.000000 4
11247 1.000000 4
11251 1.000000 4
11255 1.000000 4
11260 0.000000 5
11264 1.000000 4
11267 1.000000 3
11271 1.000000 4
11275 1.000000 4
11278 -1.000000 3
11282 1.000000 4
11286 1.000000 4
11290 1.000000 4
11294 1.000000 4
11298 1.000000 4
11301 1.000000 3
11306 0.000000 5
11309 -1.000000 3
11313 1.000000 4
11317 1.000000 4
11321 1.000000 4
11325 1.000000 4
11328 1.000000 3
11332 1.000000 4
11335 -1.000000 3
11339 1.000000 4
11343 -1.000000 4
11347 1.000000 4
11350 1.000000 3
11354 1.000000 4
11359 0.000000 5
11363 1.000000 4
11367 1.000000 4
11372 0.000000 5
11376 1.000000 4
11379 1.000000 3
11382 1.000000 3
11385 1.000000 3
11389 1.000000 4
11393 1.000000 4
11398 0.000000 5
11402 1.000000 4
11406 1.000000 4
11410 1.000000 4
11414 1.000000 4
11417 -1.000000 3
11421 1.000000 4
11424 1.000000 3
11428 1.000000 4
11431 1.000000 3
11434 1.000000 3
11438 1.000000 4
11442 1.000000 4
11445 1.000000 3
11449 -1.000000 4
11453 1.000000 4
11457 1.000000 4
11461 -1.000000 4
11464 1.000000 3
11468 1.000000 4
11472 1.000000 4
11477 0.000000 5
11480 1.000000 3
11484 -1.000000 4
11488 1.000000 4
11492 1.000000 4
11496 1.000000 4
11500 1.000000 4
11504 1.000000 4
11508 1.000000 4
11511 1.000000 3
11515 1.000000 4
11519 1.000000 4
11523 1.000000 4
11526 1.000000 3
11530 1.000000 4
11534 1.000000 4
11537 1.000000 3
11542 0.000000 5
11545 1.000000 3
11549 1.000000 4
11552 1.000000 3
11556 1.000000 4
11560 1.000000 4
11563 1.000000 3
11567 1.000000 4
11571 1.000000 4
11575 1.000000 4
11578 1.000000 3
11582 1.000000 4
11586 1.000000 4
11591 0.000000 5
11594 -1.000000 3
11598 1.000000 4
11602 1.000000 4
11605 1.000000 3
11609 -1.000000 4
11612 1.000000 3
11616 1.000000 4
11620 1.000000 4
11624 1.000000 4
11628 1.000000 4
11631 -1.000000 3
11635 1.000000 4
11638 1.000000 3
11642 1.000000 4
11646 1.000000 4
11650 1.000000 4
11654 1.000000 4
11658 1.000000 4
11661 -1.000000 3
11665 1.000000 4
11668 1.000000 3
11672 1.000000 4
11676 1.000000 4
11680 1.000000 4
11683 1.000000 3
11687 1.000000 4
11690 1.000000 3
11694 1.000000 4
11697 -1.000000 3
11702 0.000000 5
11705 1.000000 3
11709 1.000000 4
11714 0.000000 5
11718 1.000000 4
11722 1.000000 4
11726 1.000000 4
11730 1.000000 4
11734 1.000000 4
11737 1.000000 3
11740 -1.000000 3
11744 1.000000 4
11749 0.000000 5
11753 1.000000 4
11757 1.000000 4
11761 1.000000 4
11765 1.000000 4
11769 1.000000 4
11773 1.000000 4
11776 1.000000 3
11780 -1.000000 4
11784 1.000000 4
11788 1.000000 4
11792 1.000000 4
11796 1.000000 4
11799 -1.000000 3
11803 1.000000 4
11807 1.000000 4
11811 1.000000 4
11815 1.000000 4
11819 1.000000 4
11823 1.000000 4
11827 1.000000 4
11831 1.000000 4
11836 0.000000 5
11840 1.000000 4
11844 1.000000 4
11848 1.000000 4
11851 -1.000000 3
11855 -1.000000 4
11859 1.000000 4
11863 1.000000 4
11868 0.000000 5
11871 1.000000 3
11875 1.000000 4
11879 1.000000 4
11883 1.000000 4
11886 1.000000 3
11890 1.000000 4
11893 1.000000 3
11897 1.000000 4
11901 1.000000 4
11905 1.000000 4
11908 -1.000000 3
11911 1.000000 3
11915 1.000000 4
11919 1.000000 4
11922 -1.000000 3
11926 -1.000000 4
11930 1.000000 4
11934 1.000000 4
11937 1.000000 3
11941 1.000000 4
11945 1.000000 4
11949 1.000000 4
11953 1.000000 4
11957 1.000000 4
11960 1.000000 3
11963 1.000000 3
11967 1.000000 4
11971 1.000000 4
11976 0.000000 5
11981 0.000000 5
11985 1.000000 4
11989 1.000000 4
11993 1.000000 4
11997 1.000000 4
12001 1.000000 4
12005 1.000000 4
12009 1.000000 4
12013 1.000000 4
12016 -1.000000 3
12019 1.000000 3
12023 1.000000 4
12027 1.000000 4
12031 1.000000 4
12034 1.000000 3
12038 1.000000 4
12042 1.000000 4
12045 1.000000 3
12048 1.000000 3
12051 1.000000 3
12055 1.000000 4
12059 1.000000 4
12063 1.000000 4
12067 1.000000 4
12071 1.000000 4
12075 1.000000 4
12079 1.000000 4
12083 1.000000 4
12088 0.000000 5
12092 1.000000 4
12096 1.000000 4
12099 1.000000 3
12102 1.000000 3
12105 -1.000000 3
12108 1.000000 3
12112 1.000000 4
12116 1.000000 4
12120 1.000000 4
12124 1.000000 4
12127 1.000000 3
12131 -1.000000 4
12135 1.000000 4
12139 1.000000 4
12143 1.000000 4
12147 1.000000 4
12151 1.000000 4
12155 1.000000 4
12159 1.000000 4
12163 1.000000 4
12167 1.000000 4
12172 0.000000 5
12176 1.000000 4
12180 1.000000 4
12183 1.000000 3
12186 -1.000000 3
12190 1.000000 4
12194 1.000000 4
12197 1.000000 3
12201 1.000000 4
12204 1.000000 3
12208 1.000000 4
12211 -1.000000 3
12214 1.000000 3
12217 1.000000 3
12220 1.000000 3
12223 1.000000 3
12226 -1.000000 3
12230 1.000000 4
12234 1.000000 4
12238 -1.000000 4
12242 -1.000000 4
12246 1.000000 4
12250 1.000000 4
12254 -1.000000 4
12258 1.000000 4
12261 -1.000000 3
12265 1.000000 4
12269 1.000000 4
12274 0.000000 5
12278 1.000000 4
12282 1.000000 4
12286 1.000000 4
12290 1.000000 4
12294 1.000000 4
12297 1.000000 3
12301 1.000000 4
12304 1.000000 3
12307 1.000000 3
12311 -1.000000 4
12315 1.000000 4
12318 -1.000000 3
12321 1.000000 3
12325 1.000000 4
12330 1.000000 5
12334 1.000000 4
12338 1.000000 4
12341 1.000000 3
12344 1.000000 3
12348 1.000000 4
12351 1.000000 3
12355 1.000000 4
12359 1.000000 4
12363 1.000000 4
12367 1.000000 4
12371 1.000000 4
12375 1.000000 4
12378 1.000000 3
12382 1.000000 4
12386 1.000000 4
12390 1.000000 4
12394 1.000000 4
12398 1.000000 4
12401 1.000000 3
12405 1.000000 4
12409 1.000000 4
12412 1.000000 3
12416 1.000000 4
12419 1.000000 3
12423 -1.000000 4
12427 1.000000 4
12430 1.000000 3
12434 1.000000 4
12438 1.000000 4
12442 1.000000 4
12446 1.000000 4
12450 -1.000000 4
12454 1.000000 4
12458 1.000000 4
12462 1.000000 4
12466 1.000000 4
12470 1.000000 4
12474 1.000000 4
12478 1.000000 4
12482 1.000000 4
12486 -1.000000 4
12490 1.000000 4
12494 1.000000 4
12498 1.000000 4
12501 -1.000000 3
12504 1.000000 3
12508 1.000000 4
12511 1.000000 3
12515 1.000000 4
12519 1.000000 4
12523 1.000000 4
12526 1.000000 3
12529 1.000000 3
12533 1.000000 4
12537 1.000000 4
12541 1.000000 4
12545 1.000000 4
12549 1.000000 4
12553 1.000000 4
12557 -1.000000 4
12561 1.000000 4
12564 1.000000 3
12568 -1.000000 4
12572 1.000000 4
12576 1.000000 4
12579 1.000000 3
12583 1.000000 4
12586 1.000000 3
12590 1.000000 4
12594 1.000000 4
12598 1.000000 4
12602 1.000000 4
12606 1.000000 4
12610 1.000000 4
12614 1.000000 4
12617 -1.000000 3
12620 -1.000000 3
12624 1.000000 4
12628 1.000000 4
12631 -1.000000 3
12635 1.000000 4
12639 1.000000 4
12643 1.000000 4
12647 -1.000000 4
12651 1.000000 4
12654 1.000000 3
12658 1.000000 4
12662 1.000000 4
12665 1.000000 3
12669 1.000000 4
12672 -1.000000 3
12676 1.000000 4
12680 1.000000 4
12684 1.000000 4
12688 1.000000 4
12692 1.000000 4
12696 1.000000 4
12700 1.000000 4
12704 1.000000 4
12707 1.000000 3
12711 1.000000 4
12714 1.000000 3
12718 1.000000 4
12722 -1.000000 4
12727 0.000000 5
12731 1.000000 4
12735 1.000000 4
12740 1.000000 5
12744 1.000000 4
12748 1.000000 4
12751 1.000000 3
12755 1.000000 4
12758 1.000000 3
12762 1.000000 4
12765 1.000000 3
12769 1.000000 4
12772 -1.000000 3
12776 1.000000 4
12780 1.000000 4
12783 1.000000 3
12788 0.000000 5
12792 1.000000 4
12796 1.000000 4
12800 -1.000000 4
12804 1.000000 4
12808 1.000000 4
12811 -1.000000 3
12815 1.000000 4
12818 -1.000000 3
12822 1.000000 4
12825 1.000000 3
12830 1.000000 5
12833 1.000000 3
12837 1.000000 4
12841 1.000000 4
12845 1.000000 4
12849 1.000000 4
12853 1.000000 4
12857 1.000000 4
12861 1.000000 4
12865 1.000000 4
12869 1.000000 4
12874 0.000000 5
12878 1.000000 4
12882 1.000000 4
12886 1.000000 4
12890 1.000000 4
12894 1.000000 4
12898 -1.000000 4
12901 -1.000000 3
12905 1.000000 4
12909 1.000000 4
12913 1.000000 4
12916 1.000000 3
12919 1.000000 3
12923 1.000000 4
12927 1.000000 4
12931 1.000000 4
12934 1.000000 3
12938 1.000000 4
12941 1.000000 3
12946 0.000000 5
12950 1.000000 4
12954 1.000000 4
12959 0.000000 5
12963 1.000000 4
12966 1.000000 3
12971 0.000000 5
12974 1.000000 3
12977 -1.000000 3
12981 1.000000 4
12985 1.000000 4
12989 1.000000 4
12993 1.000000 4
12997 1.000000 4
13001 1.000000 4
13005 1.000000 4
