4 -1.000000 4
9 1.000000 5
13 -1.000000 4
18 0.000000 5
23 1.000000 5
26 -1.000000 3
31 0.000000 5
34 1.000000 3
39 1.000000 5
43 -1.000000 4
47 1.000000 4
51 1.000000 4
55 1.000000 4
59 1.000000 4
64 1.000000 5
68 1.000000 4
71 -1.000000 3
74 1.000000 3
79 1.000000 5
82 -1.000000 3
86 1.000000 4
91 1.000000 5
96 0.000000 5
100 -1.000000 4
105 1.000000 5
108 -1.000000 3
111 1.000000 3
115 1.000000 4
118 -1.000000 3
123 1.000000 5
127 1.000000 4
130 1.000000 3
134 1.000000 4
139 0.000000 5
142 -1.000000 3
147 0.000000 5
152 0.000000 5
157 1.000000 5
160 1.000000 3
164 -1.000000 4
168 1.000000 4
171 1.000000 3
175 1.000000 4
179 1.000000 4
183 -1.000000 4
186 1.000000 3
191 0.000000 5
196 1.000000 5
200 -1.000000 4
204 -1.000000 4
208 1.000000 4
212 1.000000 4
216 1.000000 4
220 1.000000 4
224 -1.000000 4
229 1.000000 5
232 1.000000 3
236 -1.000000 4
240 -1.000000 4
244 1.000000 4
247 -1.000000 3
251 -1.000000 4
255 -1.000000 4
260 1.000000 5
264 1.000000 4
268 -1.000000 4
271 1.000000 3
275 1.000000 4
279 -1.000000 4
284 1.000000 5
288 1.000000 4
291 1.000000 3
296 1.000000 5
301 0.000000 5
306 0.000000 5
311 1.000000 5
316 0.000000 5
320 1.000000 4
324 1.000000 4
327 -1.000000 3
331 1.000000 4
336 0.000000 5
341 0.000000 5
345 -1.000000 4
349 -1.000000 4
354 1.000000 5
359 1.000000 5
363 -1.000000 4
366 1.000000 3
371 0.000000 5
375 -1.000000 4
379 1.000000 4
384 0.000000 5
387 1.000000 3
392 0.000000 5
397 1.000000 5
401 1.000000 4
404 -1.000000 3
408 1.000000 4
413 1.000000 5
416 1.000000 3
421 1.000000 5
425 -1.000000 4
430 1.000000 5
434 1.000000 4
439 1.000000 5
443 1.000000 4
447 1.000000 4
452 1.000000 5
456 1.000000 4
460 -1.000000 4
464 1.000000 4
468 -1.000000 4
472 1.000000 4
476 1.000000 4
481 1.000000 5
485 -1.000000 4
489 -1.000000 4
494 1.000000 5
499 1.000000 5
503 -1.000000 4
506 1.000000 3
510 1.000000 4
514 1.000000 4
518 -1.000000 4
522 1.000000 4
526 1.000000 4
531 1.000000 5
535 -1.000000 4
540 0.000000 5
544 1.000000 4
548 1.000000 4
553 1.000000 5
556 -1.000000 3
561 0.000000 5
564 1.000000 3
568 1.000000 4
573 1.000000 5
578 0.000000 5
583 1.000000 5
586 1.000000 3
590 1.000000 4
594 -1.000000 4
599 1.000000 5
602 1.000000 3
607 1.000000 5
612 1.000000 5
616 -1.000000 4
621 1.000000 5
626 1.000000 5
630 -1.000000 4
635 1.000000 5
639 1.000000 4
644 1.000000 5
648 -1.000000 4
651 1.000000 3
655 1.000000 4
658 1.000000 3
662 1.000000 4
665 -1.000000 3
670 0.000000 5
675 1.000000 5
678 -1.000000 3
682 -1.000000 4
685 1.000000 3
689 -1.000000 4
692 1.000000 3
696 -1.000000 4
700 -1.000000 4
704 1.000000 4
709 1.000000 5
713 1.000000 4
717 -1.000000 4
721 1.000000 4
725 -1.000000 4
729 1.000000 4
733 1.000000 4
738 1.000000 5
742 1.000000 4
746 -1.000000 4
750 1.000000 4
753 -1.000000 3
757 1.000000 4
762 1.000000 5
765 1.000000 3
769 -1.000000 4
773 1.000000 4
776 -1.000000 3
780 1.000000 4
783 1.000000 3
786 -1.000000 3
790 1.000000 4
795 0.000000 5
799 1.000000 4
802 1.000000 3
806 -1.000000 4
810 -1.000000 4
813 1.000000 3
817 1.000000 4
821 1.000000 4
825 -1.000000 4
828 -1.000000 3
832 1.000000 4
837 0.000000 5
841 -1.000000 4
845 1.000000 4
849 1.000000 4
852 1.000000 3
856 -1.000000 4
860 -1.000000 4
863 -1.000000 3
867 -1.000000 4
871 1.000000 4
875 1.000000 4
880 0.000000 5
884 -1.000000 4
889 0.000000 5
893 1.000000 4
898 0.000000 5
901 -1.000000 3
905 1.000000 4
908 -1.000000 3
912 1.000000 4
915 1.000000 3
920 0.000000 5
924 -1.000000 4
927 -1.000000 3
930 1.000000 3
935 1.000000 5
939 1.000000 4
944 1.000000 5
948 1.000000 4
952 1.000000 4
955 1.000000 3
958 1.000000 3
962 1.000000 4
965 1.000000 3
970 1.000000 5
975 1.000000 5
980 1.000000 5
985 1.000000 5
990 1.000000 5
994 1.000000 4
998 -1.000000 4
1002 -1.000000 4
1007 0.000000 5
1011 1.000000 4
1015 -1.000000 4
1018 1.000000 3
1021 1.000000 3
1026 1.000000 5
1031 1.000000 5
1036 1.000000 5
1040 1.000000 4
1044 1.000000 4
1048 1.000000 4
1052 -1.000000 4
1057 1.000000 5
1062 1.000000 5
1067 0.000000 5
1072 0.000000 5
1076 -1.000000 4
1080 1.000000 4
1083 -1.000000 3
1087 1.000000 4
1092 1.000000 5
1097 1.000000 5
1101 1.000000 4
1105 1.000000 4
1109 1.000000 4
1112 1.000000 3
1116 -1.000000 4
1120 -1.000000 4
1124 -1.000000 4
1128 1.000000 4
1132 1.000000 4
1136 1.000000 4
1141 1.000000 5
1146 1.000000 5
1150 -1.000000 4
1154 1.000000 4
1158 -1.000000 4
1163 0.000000 5
1168 1.000000 5
1173 1.000000 5
1178 0.000000 5
1183 1.000000 5
1187 1.000000 4
1191 1.000000 4
1195 1.000000 4
1199 -1.000000 4
1203 -1.000000 4
1207 -1.000000 4
1211 -1.000000 4
1214 1.000000 3
1218 -1.000000 4
1222 1.000000 4
1225 1.000000 3
1230 0.000000 5
1235 0.000000 5
1240 1.000000 5
1245 0.000000 5
1249 1.000000 4
1253 1.000000 4
1257 1.000000 4
1260 -1.000000 3
1264 1.000000 4
1268 -1.000000 4
1272 1.000000 4
1277 1.000000 5
1282 0.000000 5
1287 1.000000 5
1292 1.000000 5
1296 -1.000000 4
1301 1.000000 5
1304 -1.000000 3
1308 1.000000 4
1313 1.000000 5
1317 -1.000000 4
1321 1.000000 4
1325 1.000000 4
1330 0.000000 5
1335 1.000000 5
1340 1.000000 5
1345 1.000000 5
1349 1.000000 4
1353 1.000000 4
1358 1.000000 5
1361 -1.000000 3
1366 0.000000 5
1371 0.000000 5
1374 1.000000 3
1378 -1.000000 4
1382 1.000000 4
1387 0.000000 5
1391 1.000000 4
1396 1.000000 5
1399 -1.000000 3
1404 0.000000 5
1408 -1.000000 4
1412 -1.000000 4
1417 1.000000 5
1421 -1.000000 4
1426 1.000000 5
1429 1.000000 3
1432 1.000000 3
1436 -1.000000 4
1441 1.000000 5
1446 0.000000 5
1451 1.000000 5
1455 -1.000000 4
1458 -1.000000 3
1462 1.000000 4
1466 1.000000 4
1469 -1.000000 3
1474 1.000000 5
1478 1.000000 4
1481 -1.000000 3
1484 1.000000 3
1487 -1.000000 3
1490 -1.000000 3
1495 1.000000 5
1499 -1.000000 4
1502 -1.000000 3
1505 1.000000 3
1510 1.000000 5
1515 1.000000 5
1519 1.000000 4
1524 1.000000 5
1529 0.000000 5
1533 -1.000000 4
1538 1.000000 5
1542 1.000000 4
1547 1.000000 5
1551 1.000000 4
1554 1.000000 3
1559 0.000000 5
1564 0.000000 5
1569 0.000000 5
1574 1.000000 5
1579 0.000000 5
1583 1.000000 4
1587 1.000000 4
1592 1.000000 5
1596 -1.000000 4
1599 1.000000 3
1604 1.000000 5
1609 1.000000 5
1612 -1.000000 3
1617 0.000000 5
1622 1.000000 5
1625 -1.000000 3
1630 1.000000 5
1635 0.000000 5
1638 1.000000 3
1642 1.000000 4
1647 1.000000 5
1652 0.000000 5
1655 1.000000 3
1659 -1.000000 4
1664 1.000000 5
1667 1.000000 3
1670 1.000000 3
1673 1.000000 3
1677 1.000000 4
1682 1.000000 5
1687 1.000000 5
1691 -1.000000 4
1695 -1.000000 4
1699 1.000000 4
1702 1.000000 3
1706 -1.000000 4
1711 0.000000 5
1714 1.000000 3
1718 1.000000 4
1723 1.000000 5
1727 1.000000 4
1732 1.000000 5
1736 -1.000000 4
1741 1.000000 5
1745 1.000000 4
1748 1.000000 3
1751 1.000000 3
1755 1.000000 4
1759 1.000000 4
1762 -1.000000 3
1765 1.000000 3
1770 0.000000 5
1775 1.000000 5
1779 1.000000 4
1784 1.000000 5
1788 -1.000000 4
1793 0.000000 5
1797 -1.000000 4
1801 1.000000 4
1805 1.000000 4
1810 1.000000 5
1815 1.000000 5
1818 -1.000000 3
1822 -1.000000 4
1827 1.000000 5
1832 0.000000 5
1837 1.000000 5
1842 1.000000 5
1845 1.000000 3
1849 -1.000000 4
1853 -1.000000 4
1857 1.000000 4
1862 1.000000 5
1867 1.000000 5
1872 1.000000 5
1877 0.000000 5
1882 1.000000 5
1886 1.000000 4
1890 1.000000 4
1894 -1.000000 4
1899 0.000000 5
1902 -1.000000 3
1907 1.000000 5
1910 1.000000 3
1914 1.000000 4
1917 1.000000 3
1922 0.000000 5
1926 1.000000 4
1929 1.000000 3
1933 1.000000 4
1937 1.000000 4
1941 1.000000 4
1944 -1.000000 3
1949 1.000000 5
1953 1.000000 4
1957 -1.000000 4
1961 -1.000000 4
1964 1.000000 3
1969 1.000000 5
1974 1.000000 5
1978 1.000000 4
1983 1.000000 5
1987 -1.000000 4
1991 1.000000 4
1995 -1.000000 4
1998 -1.000000 3
2003 1.000000 5
2007 1.000000 4
2010 1.000000 3
2013 -1.000000 3
2017 1.000000 4
2021 1.000000 4
2026 1.000000 5
2030 1.000000 4
2035 1.000000 5
2040 1.000000 5
2044 -1.000000 4
2048 1.000000 4
2053 1.000000 5
2057 1.000000 4
2062 1.000000 5
2065 -1.000000 3
2070 0.000000 5
2074 -1.000000 4
2079 1.000000 5
2084 1.000000 5
2089 0.000000 5
2094 1.000000 5
2097 1.000000 3
2102 1.000000 5
2107 1.000000 5
2112 0.000000 5
2117 1.000000 5
2121 -1.000000 4
2126 1.000000 5
2130 1.000000 4
2134 -1.000000 4
2138 1.000000 4
2142 1.000000 4
2145 1.000000 3
2148 1.000000 3
2152 -1.000000 4
2156 1.000000 4
2160 -1.000000 4
2164 -1.000000 4
2168 1.000000 4
2172 -1.000000 4
2175 -1.000000 3
2178 1.000000 3
2181 1.000000 3
2184 1.000000 3
2189 1.000000 5
2194 1.000000 5
2198 1.000000 4
2202 1.000000 4
2206 1.000000 4
2210 1.000000 4
2214 -1.000000 4
2219 0.000000 5
2222 1.000000 3
2227 0.000000 5
2232 1.000000 5
2237 0.000000 5
2241 -1.000000 4
2244 1.000000 3
2249 0.000000 5
2254 1.000000 5
2259 1.000000 5
2262 -1.000000 3
2266 -1.000000 4
2271 1.000000 5
2276 0.000000 5
2279 -1.000000 3
2282 -1.000000 3
2287 1.000000 5
2291 -1.000000 4
2295 -1.000000 4
2299 -1.000000 4
2303 1.000000 4
2306 -1.000000 3
2310 -1.000000 4
2314 -1.000000 4
2317 -1.000000 3
2320 -1.000000 3
2324 1.000000 4
2328 -1.000000 4
2333 0.000000 5
2337 -1.000000 4
2342 0.000000 5
2346 1.000000 4
2349 1.000000 3
2353 1.000000 4
2357 1.000000 4
2360 -1.000000 3
2364 1.000000 4
2369 1.000000 5
2372 -1.000000 3
2376 1.000000 4
2379 -1.000000 3
2383 1.000000 4
2387 1.000000 4
2391 -1.000000 4
2395 1.000000 4
2400 1.000000 5
2405 0.000000 5
2409 1.000000 4
2412 -1.000000 3
2416 -1.000000 4
2421 1.000000 5
2425 1.000000 4
2430 1.000000 5
2434 1.000000 4
2437 -1.000000 3
2442 1.000000 5
2446 1.000000 4
2451 1.000000 5
2456 1.000000 5
2459 1.000000 3
2464 0.000000 5
2467 -1.000000 3
2472 0.000000 5
2475 1.000000 3
2479 -1.000000 4
2483 -1.000000 4
2487 1.000000 4
2492 0.000000 5
2496 -1.000000 4
2500 -1.000000 4
2503 -1.000000 3
2507 1.000000 4
2510 -1.000000 3
2514 -1.000000 4
2519 0.000000 5
2522 1.000000 3
2526 1.000000 4
2529 1.000000 3
2533 -1.000000 4
2537 1.000000 4
2540 1.000000 3
2545 0.000000 5
2548 -1.000000 3
2552 1.000000 4
2557 1.000000 5
2562 0.000000 5
2566 1.000000 4
2571 1.000000 5
2574 -1.000000 3
2579 0.000000 5
2583 1.000000 4
2588 0.000000 5
2593 1.000000 5
2598 1.000000 5
2603 0.000000 5
2607 -1.000000 4
2612 1.000000 5
2617 0.000000 5
2622 1.000000 5
2626 1.000000 4
2631 0.000000 5
2636 0.000000 5
2641 1.000000 5
2645 -1.000000 4
2649 1.000000 4
2654 1.000000 5
2659 1.000000 5
2662 -1.000000 3
2667 1.000000 5
2672 1.000000 5
2677 0.000000 5
2680 1.000000 3
2684 1.000000 4
2687 1.000000 3
2692 0.000000 5
2695 1.000000 3
2700 0.000000 5
2704 1.000000 4
2708 -1.000000 4
2712 1.000000 4
2716 1.000000 4
2720 1.000000 4
2723 1.000000 3
2726 1.000000 3
2729 -1.000000 3
2733 1.000000 4
2737 1.000000 4
2741 -1.000000 4
2744 -1.000000 3
2748 1.000000 4
2753 1.000000 5
2756 1.000000 3
2760 -1.000000 4
2765 1.000000 5
2769 -1.000000 4
2774 1.000000 5
2778 -1.000000 4
2783 1.000000 5
2787 1.000000 4
2791 1.000000 4
2795 -1.000000 4
2798 1.000000 3
2803 1.000000 5
2807 -1.000000 4
2811 -1.000000 4
2814 1.000000 3
2818 -1.000000 4
2821 1.000000 3
2825 -1.000000 4
2830 0.000000 5
2833 1.000000 3
2837 1.000000 4
2842 0.000000 5
2847 1.000000 5
2851 -1.000000 4
2856 0.000000 5
2861 1.000000 5
2865 1.000000 4
2869 -1.000000 4
2873 -1.000000 4
2876 -1.000000 3
2881 1.000000 5
2886 1.000000 5
2891 0.000000 5
2894 1.000000 3
2899 0.000000 5
2902 1.000000 3
2906 -1.000000 4
2910 1.000000 4
2914 -1.000000 4
2918 -1.000000 4
2922 -1.000000 4
2927 0.000000 5
2932 1.000000 5
2936 1.000000 4
2940 1.000000 4
2945 1.000000 5
2949 -1.000000 4
2952 -1.000000 3
2956 1.000000 4
2960 -1.000000 4
2963 1.000000 3
2967 -1.000000 4
2972 0.000000 5
2977 1.000000 5
2981 1.000000 4
2984 1.000000 3
2988 1.000000 4
2992 -1.000000 4
2997 0.000000 5
3001 -1.000000 4
3004 1.000000 3
3007 1.000000 3
3012 1.000000 5
3016 -1.000000 4
3021 1.000000 5
3025 1.000000 4
3029 -1.000000 4
3034 1.000000 5
3038 -1.000000 4
3041 1.000000 3
3045 -1.000000 4
3049 -1.000000 4
3052 -1.000000 3
3055 1.000000 3
3059 1.000000 4
3062 1.000000 3
3066 -1.000000 4
3071 1.000000 5
3076 1.000000 5
3081 0.000000 5
3085 1.000000 4
3089 -1.000000 4
3093 1.000000 4
3097 1.000000 4
3100 1.000000 3
3104 -1.000000 4
3107 -1.000000 3
3112 0.000000 5
3117 1.000000 5
3122 1.000000 5
3126 1.000000 4
3129 1.000000 3
3133 1.000000 4
3137 1.000000 4
3140 -1.000000 3
3143 -1.000000 3
3148 0.000000 5
3153 1.000000 5
3158 0.000000 5
3163 0.000000 5
3167 -1.000000 4
3171 1.000000 4
3174 -1.000000 3
3179 1.000000 5
3183 -1.000000 4
3186 1.000000 3
3190 1.000000 4
3194 1.000000 4
3199 1.000000 5
3203 1.000000 4
3207 -1.000000 4
3212 1.000000 5
3216 1.000000 4
3220 1.000000 4
3224 1.000000 4
3229 1.000000 5
3234 1.000000 5
3239 1.000000 5
3243 1.000000 4
3247 1.000000 4
3251 -1.000000 4
3255 1.000000 4
3260 1.000000 5
3264 1.000000 4
3269 0.000000 5
3274 0.000000 5
3278 1.000000 4
3282 1.000000 4
3286 1.000000 4
3290 1.000000 4
3294 -1.000000 4
3297 1.000000 3
3301 1.000000 4
3304 1.000000 3
3309 0.000000 5
3314 0.000000 5
3317 1.000000 3
3322 1.000000 5
3325 1.000000 3
3329 1.000000 4
3333 -1.000000 4
3337 -1.000000 4
3341 1.000000 4
3345 1.000000 4
3348 1.000000 3
3353 0.000000 5
3357 -1.000000 4
3361 1.000000 4
3365 -1.000000 4
3369 1.000000 4
3373 -1.000000 4
3378 0.000000 5
3383 1.000000 5
3387 1.000000 4
3391 1.000000 4
3395 -1.000000 4
3399 1.000000 4
3404 1.000000 5
3408 1.000000 4
3413 1.000000 5
3417 -1.000000 4
3422 1.000000 5
3426 -1.000000 4
3431 1.000000 5
3434 1.000000 3
3437 1.000000 3
3442 1.000000 5
3447 0.000000 5
3451 -1.000000 4
3455 1.000000 4
3460 1.000000 5
3464 1.000000 4
3469 1.000000 5
3473 1.000000 4
3477 -1.000000 4
3482 1.000000 5
3486 -1.000000 4
3491 0.000000 5
3495 1.000000 4
3500 1.000000 5
3505 0.000000 5
3509 1.000000 4
3513 1.000000 4
3516 -1.000000 3
3519 -1.000000 3
3522 1.000000 3
3527 0.000000 5
3530 1.000000 3
3535 1.000000 5
3539 -1.000000 4
3543 1.000000 4
3547 -1.000000 4
3552 0.000000 5
3556 -1.000000 4
3561 0.000000 5
3564 -1.000000 3
3569 1.000000 5
3573 1.000000 4
3577 1.000000 4
3581 1.000000 4
3586 0.000000 5
3590 -1.000000 4
3595 1.000000 5
3598 -1.000000 3
3602 1.000000 4
3606 1.000000 4
3610 -1.000000 4
3615 1.000000 5
3619 -1.000000 4
3624 1.000000 5
3628 1.000000 4
3633 1.000000 5
3637 1.000000 4
3641 -1.000000 4
3646 0.000000 5
3650 -1.000000 4
3653 -1.000000 3
3658 1.000000 5
3661 1.000000 3
3666 1.000000 5
3669 1.000000 3
3673 -1.000000 4
3676 1.000000 3
3680 -1.000000 4
3684 1.000000 4
3688 -1.000000 4
3693 1.000000 5
3697 1.000000 4
3701 -1.000000 4
3705 1.000000 4
3709 1.000000 4
3713 1.000000 4
3717 -1.000000 4
3722 1.000000 5
3727 1.000000 5
3731 -1.000000 4
3735 1.000000 4
3740 1.000000 5
3743 -1.000000 3
3747 1.000000 4
3751 1.000000 4
3756 0.000000 5
3760 -1.000000 4
3764 1.000000 4
3768 -1.000000 4
3771 -1.000000 3
3776 0.000000 5
3780 1.000000 4
3785 1.000000 5
3789 1.000000 4
3792 -1.000000 3
3797 1.000000 5
3801 1.000000 4
3805 1.000000 4
3809 1.000000 4
3812 1.000000 3
3816 -1.000000 4
3821 1.000000 5
3825 1.000000 4
3830 1.000000 5
3833 1.000000 3
3838 1.000000 5
3842 -1.000000 4
3846 1.000000 4
3851 1.000000 5
3855 1.000000 4
3859 -1.000000 4
3863 -1.000000 4
3868 0.000000 5
3872 -1.000000 4
3877 1.000000 5
3881 -1.000000 4
3885 1.000000 4
3889 -1.000000 4
3893 1.000000 4
3897 1.000000 4
3902 0.000000 5
3907 1.000000 5
3911 -1.000000 4
3916 0.000000 5
3921 1.000000 5
3924 -1.000000 3
3928 1.000000 4
3933 1.000000 5
3937 -1.000000 4
3941 -1.000000 4
3944 -1.000000 3
3948 1.000000 4
3951 1.000000 3
3954 -1.000000 3
3959 1.000000 5
3963 1.000000 4
3968 1.000000 5
3973 0.000000 5
3978 1.000000 5
3983 1.000000 5
3987 1.000000 4
3992 0.000000 5
3996 -1.000000 4
4000 1.000000 4
4005 0.000000 5
4009 -1.000000 4
4013 1.000000 4
4018 1.000000 5
4023 1.000000 5
4027 -1.000000 4
4032 0.000000 5
4035 -1.000000 3
4040 1.000000 5
4044 1.000000 4
4048 1.000000 4
4053 1.000000 5
4057 1.000000 4
4061 -1.000000 4
4066 1.000000 5
4070 -1.000000 4
4074 1.000000 4
4079 1.000000 5
4084 1.000000 5
4087 1.000000 3
4091 1.000000 4
4095 -1.000000 4
4099 -1.000000 4
4104 0.000000 5
4108 1.000000 4
4111 -1.000000 3
4116 1.000000 5
4120 1.000000 4
4125 0.000000 5
4130 1.000000 5
4134 1.000000 4
4137 -1.000000 3
4141 -1.000000 4
4145 -1.000000 4
4148 1.000000 3
4152 -1.000000 4
4156 1.000000 4
4159 -1.000000 3
4164 1.000000 5
4167 1.000000 3
4171 1.000000 4
4174 1.000000 3
4178 1.000000 4
4182 -1.000000 4
4187 1.000000 5
4191 1.000000 4
4196 1.000000 5
4199 -1.000000 3
4204 0.000000 5
4209 1.000000 5
4214 1.000000 5
4218 1.000000 4
4222 1.000000 4
4227 1.000000 5
4232 0.000000 5
4235 -1.000000 3
4239 1.000000 4
4244 1.000000 5
4248 1.000000 4
4251 -1.000000 3
4256 0.000000 5
4260 1.000000 4
4264 1.000000 4
4268 1.000000 4
4273 1.000000 5
4276 -1.000000 3
4281 0.000000 5
4285 1.000000 4
4290 1.000000 5
4294 -1.000000 4
4298 1.000000 4
4303 0.000000 5
4307 1.000000 4
4310 1.000000 3
4314 1.000000 4
4318 -1.000000 4
4322 1.000000 4
4327 0.000000 5
4331 1.000000 4
4335 -1.000000 4
4340 0.000000 5
4344 1.000000 4
4348 1.000000 4
4352 1.000000 4
4356 1.000000 4
4361 0.000000 5
4366 0.000000 5
4370 -1.000000 4
4375 1.000000 5
4379 -1.000000 4
4384 1.000000 5
4388 -1.000000 4
4391 -1.000000 3
4396 1.000000 5
4399 -1.000000 3
4403 1.000000 4
4408 0.000000 5
4413 1.000000 5
4417 -1.000000 4
4421 1.000000 4
4424 1.000000 3
4428 -1.000000 4
4431 1.000000 3
4436 1.000000 5
4440 1.000000 4
4443 -1.000000 3
4447 1.000000 4
4451 1.000000 4
4455 1.000000 4
4459 -1.000000 4
4463 1.000000 4
4468 0.000000 5
4472 1.000000 4
4475 -1.000000 3
4478 1.000000 3
4482 -1.000000 4
4486 -1.000000 4
4491 1.000000 5
4495 -1.000000 4
4500 1.000000 5
4505 1.000000 5
4509 1.000000 4
4514 1.000000 5
4518 1.000000 4
4523 1.000000 5
4526 1.000000 3
4530 1.000000 4
4533 -1.000000 3
4536 1.000000 3
4541 1.000000 5
4544 -1.000000 3
4547 1.000000 3
4551 -1.000000 4
4555 -1.000000 4
4560 1.000000 5
4563 -1.000000 3
4567 1.000000 4
4572 0.000000 5
4577 0.000000 5
4581 -1.000000 4
4585 -1.000000 4
4590 1.000000 5
4595 1.000000 5
4600 1.000000 5
4604 1.000000 4
4608 1.000000 4
4613 1.000000 5
4617 1.000000 4
4622 1.000000 5
4627 1.000000 5
4631 -1.000000 4
4635 1.000000 4
4638 1.000000 3
4643 0.000000 5
4647 -1.000000 4
4651 -1.000000 4
4655 -1.000000 4
4660 1.000000 5
4665 1.000000 5
4669 1.000000 4
4673 -1.000000 4
4678 1.000000 5
4683 1.000000 5
4687 1.000000 4
4692 0.000000 5
4695 1.000000 3
4700 0.000000 5
4704 -1.000000 4
4708 1.000000 4
4711 -1.000000 3
4715 1.000000 4
4718 -1.000000 3
4721 -1.000000 3
4724 1.000000 3
4727 -1.000000 3
4732 1.000000 5
4736 1.000000 4
4740 1.000000 4
4743 -1.000000 3
4748 0.000000 5
4752 -1.000000 4
4756 1.000000 4
4761 1.000000 5
4765 -1.000000 4
4770 0.000000 5
4773 -1.000000 3
4777 -1.000000 4
4782 1.000000 5
4787 0.000000 5
4791 1.000000 4
4794 -1.000000 3
4798 1.000000 4
4802 -1.000000 4
4807 0.000000 5
4810 -1.000000 3
4814 1.000000 4
4818 -1.000000 4
4822 -1.000000 4
4827 1.000000 5
4831 -1.000000 4
4835 1.000000 4
4839 1.000000 4
4843 -1.000000 4
4848 1.000000 5
4853 0.000000 5
4858 0.000000 5
4862 -1.000000 4
4865 -1.000000 3
4869 -1.000000 4
4873 -1.000000 4
4877 1.000000 4
4881 1.000000 4
4886 0.000000 5
4890 1.000000 4
4895 1.000000 5
4900 1.000000 5
4904 -1.000000 4
4909 1.000000 5
4912 1.000000 3
4916 -1.000000 4
4920 1.000000 4
4924 1.000000 4
4928 -1.000000 4
4933 1.000000 5
4938 0.000000 5
4943 1.000000 5
4947 1.000000 4
4952 1.000000 5
4956 1.000000 4
4960 -1.000000 4
4964 1.000000 4
4968 -1.000000 4
4972 1.000000 4
4977 1.000000 5
4981 -1.000000 4
4985 -1.000000 4
4990 1.000000 5
4993 -1.000000 3
4997 -1.000000 4
5001 -1.000000 4
5004 1.000000 3
5009 0.000000 5
5013 1.000000 4
5017 1.000000 4
5021 -1.000000 4
5025 1.000000 4
5030 1.000000 5
5034 1.000000 4
5039 1.000000 5
5042 1.000000 3
5045 -1.000000 3
5050 0.000000 5
5054 1.000000 4
5058 1.000000 4
5062 1.000000 4
5066 1.000000 4
5070 1.000000 4
5074 -1.000000 4
5079 1.000000 5
5083 1.000000 4
5088 1.000000 5
5093 0.000000 5
5098 1.000000 5
5102 -1.000000 4
5107 1.000000 5
5112 1.000000 5
5116 1.000000 4
5120 -1.000000 4
5125 1.000000 5
5130 1.000000 5
5135 0.000000 5
5138 1.000000 3
5142 1.000000 4
5146 -1.000000 4
5150 -1.000000 4
5154 -1.000000 4
5158 -1.000000 4
5161 -1.000000 3
5166 0.000000 5
5169 -1.000000 3
5172 -1.000000 3
5177 1.000000 5
5180 1.000000 3
5184 -1.000000 4
5188 1.000000 4
5193 1.000000 5
5196 1.000000 3
5200 1.000000 4
5203 -1.000000 3
5207 -1.000000 4
5210 1.000000 3
5214 -1.000000 4
5219 1.000000 5
5222 1.000000 3
5226 1.000000 4
5230 1.000000 4
5235 0.000000 5
5240 1.000000 5
5244 -1.000000 4
5248 1.000000 4
5252 1.000000 4
5255 1.000000 3
5258 1.000000 3
5262 1.000000 4
5266 -1.000000 4
5271 1.000000 5
5276 1.000000 5
5281 1.000000 5
5286 1.000000 5
5291 1.000000 5
5296 1.000000 5
5300 -1.000000 4
5303 -1.000000 3
5308 1.000000 5
5312 -1.000000 4
5316 -1.000000 4
5319 -1.000000 3
5324 0.000000 5
5329 0.000000 5
5333 -1.000000 4
5338 1.000000 5
5342 1.000000 4
5346 1.000000 4
5351 1.000000 5
5355 1.000000 4
5360 1.000000 5
5365 1.000000 5
5369 1.000000 4
5374 0.000000 5
5378 1.000000 4
5382 1.000000 4
5386 1.000000 4
5391 0.000000 5
5396 1.000000 5
5399 -1.000000 3
5403 -1.000000 4
5408 0.000000 5
5413 1.000000 5
5418 1.000000 5
5423 0.000000 5
5428 1.000000 5
5432 -1.000000 4
5436 1.000000 4
5440 -1.000000 4
5444 -1.000000 4
5449 1.000000 5
5452 1.000000 3
5455 -1.000000 3
5460 1.000000 5
5464 -1.000000 4
5468 1.000000 4
5472 1.000000 4
5475 -1.000000 3
5478 -1.000000 3
5481 -1.000000 3
5485 -1.000000 4
5488 -1.000000 3
5492 1.000000 4
5496 1.000000 4
5499 1.000000 3
5503 -1.000000 4
5506 1.000000 3
5510 1.000000 4
5514 1.000000 4
5517 -1.000000 3
5521 -1.000000 4
5526 0.000000 5
5530 1.000000 4
5534 -1.000000 4
5538 1.000000 4
5543 1.000000 5
5548 1.000000 5
5552 1.000000 4
5557 0.000000 5
5562 1.000000 5
5565 -1.000000 3
5569 -1.000000 4
5573 1.000000 4
5576 -1.000000 3
5580 1.000000 4
5584 1.000000 4
5589 1.000000 5
5594 1.000000 5
5599 0.000000 5
5602 1.000000 3
5607 0.000000 5
5611 -1.000000 4
5614 1.000000 3
5619 1.000000 5
5623 -1.000000 4
5627 -1.000000 4
5631 1.000000 4
5635 1.000000 4
5639 1.000000 4
5644 1.000000 5
5648 -1.000000 4
5651 1.000000 3
5655 -1.000000 4
5660 0.000000 5
5663 -1.000000 3
5668 0.000000 5
5672 -1.000000 4
5677 1.000000 5
5680 -1.000000 3
5683 -1.000000 3
5688 0.000000 5
5691 1.000000 3
5696 1.000000 5
5701 0.000000 5
5705 -1.000000 4
5708 1.000000 3
5711 1.000000 3
5716 1.000000 5
5720 1.000000 4
5723 -1.000000 3
5727 -1.000000 4
5730 1.000000 3
5735 1.000000 5
5740 1.000000 5
5745 1.000000 5
5750 0.000000 5
5754 -1.000000 4
5758 1.000000 4
5763 1.000000 5
5766 -1.000000 3
5771 1.000000 5
5774 1.000000 3
5778 -1.000000 4
5782 1.000000 4
5786 1.000000 4
5790 1.000000 4
5795 1.000000 5
5799 1.000000 4
5804 1.000000 5
5807 1.000000 3
5811 1.000000 4
5815 1.000000 4
5820 0.000000 5
5825 1.000000 5
5829 1.000000 4
5834 1.000000 5
5838 -1.000000 4
5842 -1.000000 4
5847 1.000000 5
5852 1.000000 5
5855 -1.000000 3
5860 1.000000 5
5864 1.000000 4
5869 0.000000 5
5874 0.000000 5
5878 -1.000000 4
5883 1.000000 5
5887 1.000000 4
5891 -1.000000 4
5895 -1.000000 4
5899 1.000000 4
5904 1.000000 5
5908 1.000000 4
5911 1.000000 3
5915 1.000000 4
5919 1.000000 4
5923 1.000000 4
5928 1.000000 5
5933 0.000000 5
5937 -1.000000 4
5941 1.000000 4
5946 0.000000 5
5950 1.000000 4
5955 1.000000 5
5958 -1.000000 3
5962 1.000000 4
5967 1.000000 5
5972 0.000000 5
5976 -1.000000 4
5980 -1.000000 4
5984 1.000000 4
5989 0.000000 5
5994 0.000000 5
5999 1.000000 5
6002 -1.000000 3
6006 1.000000 4
6010 -1.000000 4
6014 1.000000 4
6017 1.000000 3
6021 -1.000000 4
6025 -1.000000 4
6030 0.000000 5
6035 0.000000 5
6039 1.000000 4
6042 1.000000 3
6047 0.000000 5
6051 -1.000000 4
6055 -1.000000 4
6059 1.000000 4
6062 -1.000000 3
6066 -1.000000 4
6071 1.000000 5
6075 -1.000000 4
6080 0.000000 5
6085 1.000000 5
6089 1.000000 4
6094 0.000000 5
6098 1.000000 4
6102 1.000000 4
6106 -1.000000 4
6109 -1.000000 3
6112 -1.000000 3
6116 1.000000 4
6121 1.000000 5
6125 -1.000000 4
6129 1.000000 4
6133 1.000000 4
6138 1.000000 5
6142 1.000000 4
6145 -1.000000 3
6150 1.000000 5
6154 -1.000000 4
6158 -1.000000 4
6162 -1.000000 4
6166 1.000000 4
6171 1.000000 5
6176 0.000000 5
6181 1.000000 5
6186 0.000000 5
6190 1.000000 4
6194 1.000000 4
6198 1.000000 4
6203 1.000000 5
6208 1.000000 5
6212 -1.000000 4
6216 -1.000000 4
6221 1.000000 5
6225 -1.000000 4
6229 -1.000000 4
6234 1.000000 5
6239 1.000000 5
6244 0.000000 5
6247 1.000000 3
6252 1.000000 5
6256 1.000000 4
6260 -1.000000 4
6265 0.000000 5
6268 -1.000000 3
6273 1.000000 5
6278 0.000000 5
6282 1.000000 4
6286 1.000000 4
6290 1.000000 4
6295 0.000000 5
6299 1.000000 4
6304 1.000000 5
6308 -1.000000 4
6311 1.000000 3
6315 1.000000 4
6319 1.000000 4
6323 1.000000 4
6327 -1.000000 4
6332 0.000000 5
6336 -1.000000 4
6340 1.000000 4
6345 1.000000 5
6349 1.000000 4
6354 1.000000 5
6358 -1.000000 4
6362 -1.000000 4
6366 -1.000000 4
6370 -1.000000 4
6374 -1.000000 4
6379 0.000000 5
6383 -1.000000 4
6388 0.000000 5
6392 -1.000000 4
6395 -1.000000 3
6398 1.000000 3
6402 -1.000000 4
6405 1.000000 3
6410 1.000000 5
6415 0.000000 5
6419 1.000000 4
6423 1.000000 4
6427 1.000000 4
6431 -1.000000 4
6435 1.000000 4
6440 1.000000 5
6444 1.000000 4
6448 1.000000 4
6453 0.000000 5
6458 1.000000 5
6463 1.000000 5
6467 -1.000000 4
6471 -1.000000 4
6475 -1.000000 4
6479 1.000000 4
6482 -1.000000 3
6485 -1.000000 3
6490 1.000000 5
6494 -1.000000 4
6498 -1.000000 4
6502 1.000000 4
6506 -1.000000 4
6510 1.000000 4
6515 1.000000 5
6519 1.000000 4
6524 1.000000 5
6529 1.000000 5
6533 1.000000 4
6537 1.000000 4
6541 -1.000000 4
6544 -1.000000 3
6548 1.000000 4
6553 0.000000 5
6558 0.000000 5
6563 0.000000 5
6568 1.000000 5
6571 -1.000000 3
6574 -1.000000 3
6578 1.000000 4
6582 -1.000000 4
6587 0.000000 5
6590 1.000000 3
6595 1.000000 5
6600 0.000000 5
6605 0.000000 5
6610 1.000000 5
6615 1.000000 5
6620 1.000000 5
6624 1.000000 4
6628 1.000000 4
6631 1.000000 3
6635 -1.000000 4
6640 1.000000 5
6644 -1.000000 4
6648 -1.000000 4
6653 0.000000 5
6658 1.000000 5
6661 1.000000 3
6665 -1.000000 4
6669 1.000000 4
6672 -1.000000 3
6677 0.000000 5
6680 1.000000 3
6685 1.000000 5
6688 1.000000 3
6693 1.000000 5
6698 1.000000 5
6702 1.000000 4
6706 -1.000000 4
6711 0.000000 5
6715 -1.000000 4
6719 1.000000 4
6724 1.000000 5
6728 1.000000 4
6733 1.000000 5
6737 -1.000000 4
6742 1.000000 5
6746 1.000000 4
6750 1.000000 4
6753 -1.000000 3
6756 -1.000000 3
6760 -1.000000 4
6764 1.000000 4
6768 1.000000 4
6772 1.000000 4
6775 1.000000 3
6778 1.000000 3
6781 1.000000 3
6785 1.000000 4
6788 1.000000 3
6792 1.000000 4
6797 1.000000 5
6802 0.000000 5
6806 -1.000000 4
6811 0.000000 5
6814 -1.000000 3
6818 1.000000 4
6822 1.000000 4
6825 1.000000 3
6830 1.000000 5
6833 -1.000000 3
6836 1.000000 3
6840 1.000000 4
6843 1.000000 3
6847 1.000000 4
6851 -1.000000 4
6856 0.000000 5
6861 0.000000 5
6865 1.000000 4
6869 1.000000 4
6872 -1.000000 3
6875 1.000000 3
6878 1.000000 3
6882 1.000000 4
6887 1.000000 5
6890 1.000000 3
6894 1.000000 4
6898 -1.000000 4
6903 0.000000 5
6907 1.000000 4
6910 -1.000000 3
6914 1.000000 4
6919 1.000000 5
6923 1.000000 4
6927 1.000000 4
6930 -1.000000 3
6934 -1.000000 4
6937 -1.000000 3
6942 1.000000 5
6946 -1.000000 4
6949 -1.000000 3
6954 1.000000 5
6958 1.000000 4
6962 1.000000 4
6966 1.000000 4
6970 -1.000000 4
6975 1.000000 5
6979 1.000000 4
6984 1.000000 5
6988 1.000000 4
6992 -1.000000 4
6997 0.000000 5
7000 -1.000000 3
7003 -1.000000 3
7007 -1.000000 4
7011 1.000000 4
7015 -1.000000 4
7019 -1.000000 4
7023 -1.000000 4
7028 1.000000 5
7031 1.000000 3
7035 1.000000 4
7040 1.000000 5
7044 1.000000 4
7048 1.000000 4
7053 1.000000 5
7057 1.000000 4
7061 1.000000 4
7064 1.000000 3
7067 -1.000000 3
7070 -1.000000 3
7074 1.000000 4
7079 1.000000 5
7082 -1.000000 3
7087 1.000000 5
7092 1.000000 5
7096 1.000000 4
7100 1.000000 4
7104 -1.000000 4
7108 1.000000 4
7112 -1.000000 4
7116 -1.000000 4
7120 -1.000000 4
7124 1.000000 4
7128 1.000000 4
7132 -1.000000 4
7136 1.000000 4
7141 0.000000 5
7145 1.000000 4
7148 -1.000000 3
7153 1.000000 5
7157 -1.000000 4
7161 -1.000000 4
7166 1.000000 5
7170 1.000000 4
7174 -1.000000 4
7178 1.000000 4
7183 1.000000 5
7186 -1.000000 3
7190 -1.000000 4
7193 -1.000000 3
7197 -1.000000 4
7201 1.000000 4
7206 1.000000 5
7210 1.000000 4
7214 -1.000000 4
7218 1.000000 4
7223 0.000000 5
7227 1.000000 4
7232 1.000000 5
7236 -1.000000 4
7241 1.000000 5
7246 1.000000 5
7250 -1.000000 4
7254 -1.000000 4
7257 -1.000000 3
7262 0.000000 5
7267 1.000000 5
7272 1.000000 5
7277 0.000000 5
7281 -1.000000 4
7285 -1.000000 4
7289 -1.000000 4
7292 -1.000000 3
7297 1.000000 5
7301 -1.000000 4
7306 1.000000 5
7310 -1.000000 4
7314 -1.000000 4
7319 1.000000 5
7324 1.000000 5
7328 1.000000 4
7332 1.000000 4
7335 1.000000 3
7339 1.000000 4
7344 1.000000 5
7349 1.000000 5
7352 -1.000000 3
7355 -1.000000 3
7360 0.000000 5
7365 0.000000 5
7369 1.000000 4
7372 -1.000000 3
7377 1.000000 5
7381 1.000000 4
7385 1.000000 4
7388 -1.000000 3
7393 0.000000 5
7397 -1.000000 4
7402 1.000000 5
7406 -1.000000 4
7410 -1.000000 4
7413 -1.000000 3
7416 -1.000000 3
7421 1.000000 5
7424 -1.000000 3
7428 1.000000 4
7432 1.000000 4
7437 1.000000 5
7440 -1.000000 3
7445 0.000000 5
7450 0.000000 5
7454 1.000000 4
7458 1.000000 4
7463 1.000000 5
7466 -1.000000 3
7471 1.000000 5
7475 1.000000 4
7480 1.000000 5
7484 -1.000000 4
7488 1.000000 4
7493 1.000000 5
7497 1.000000 4
7501 1.000000 4
7505 1.000000 4
7509 1.000000 4
7514 0.000000 5
7518 1.000000 4
7523 0.000000 5
7528 1.000000 5
7532 1.000000 4
7536 1.000000 4
7540 -1.000000 4
7544 1.000000 4
7549 1.000000 5
7554 0.000000 5
7558 1.000000 4
7561 -1.000000 3
7565 -1.000000 4
7569 -1.000000 4
7574 1.000000 5
7578 -1.000000 4
7583 0.000000 5
7588 1.000000 5
7592 1.000000 4
7597 1.000000 5
7602 1.000000 5
7607 1.000000 5
7611 -1.000000 4
7614 -1.000000 3
7618 -1.000000 4
7623 0.000000 5
7626 -1.000000 3
7629 -1.000000 3
7632 1.000000 3
7635 -1.000000 3
7640 0.000000 5
7644 -1.000000 4
7649 0.000000 5
7653 1.000000 4
7656 1.000000 3
7660 1.000000 4
7664 -1.000000 4
7667 1.000000 3
7672 1.000000 5
7676 1.000000 4
7681 1.000000 5
7686 0.000000 5
7690 1.000000 4
7693 1.000000 3
7697 -1.000000 4
7700 -1.000000 3
7704 1.000000 4
7707 1.000000 3
7711 -1.000000 4
7716 0.000000 5
7721 1.000000 5
7725 -1.000000 4
7729 -1.000000 4
7734 1.000000 5
7738 1.000000 4
7742 -1.000000 4
7746 1.000000 4
7749 -1.000000 3
7753 1.000000 4
7757 1.000000 4
7761 1.000000 4
7764 -1.000000 3
7767 1.000000 3
7771 -1.000000 4
7775 1.000000 4
7779 -1.000000 4
7784 1.000000 5
7788 -1.000000 4
7792 1.000000 4
7796 1.000000 4
7800 -1.000000 4
7805 1.000000 5
7808 -1.000000 3
7812 1.000000 4
7816 1.000000 4
7820 1.000000 4
7824 -1.000000 4
7828 1.000000 4
7833 1.000000 5
7837 -1.000000 4
7840 -1.000000 3
7843 -1.000000 3
7848 1.000000 5
7852 -1.000000 4
7856 -1.000000 4
7859 1.000000 3
7863 1.000000 4
7868 1.000000 5
7873 1.000000 5
7876 -1.000000 3
7880 1.000000 4
7885 1.000000 5
7889 1.000000 4
7894 1.000000 5
7898 -1.000000 4
7901 1.000000 3
7906 1.000000 5
7909 1.000000 3
7913 1.000000 4
7918 1.000000 5
7923 0.000000 5
7927 -1.000000 4
7931 1.000000 4
7936 1.000000 5
7940 1.000000 4
7945 1.000000 5
7950 0.000000 5
7955 0.000000 5
7959 1.000000 4
7964 1.000000 5
7969 1.000000 5
7973 -1.000000 4
7978 1.000000 5
7983 1.000000 5
7987 1.000000 4
7991 -1.000000 4
7994 -1.000000 3
7998 1.000000 4
8003 1.000000 5
8007 -1.000000 4
8011 -1.000000 4
8015 1.000000 4
8020 1.000000 5
8024 1.000000 4
8029 0.000000 5
8034 0.000000 5
8039 0.000000 5
8043 1.000000 4
8047 -1.000000 4
8051 1.000000 4
8055 -1.000000 4
8058 1.000000 3
8062 1.000000 4
8065 1.000000 3
8070 0.000000 5
8073 1.000000 3
8077 1.000000 4
8081 -1.000000 4
8086 0.000000 5
8091 1.000000 5
8096 0.000000 5
8100 1.000000 4
8104 -1.000000 4
8107 -1.000000 3
8111 1.000000 4
8116 1.000000 5
8120 -1.000000 4
8123 -1.000000 3
8128 0.000000 5
8132 1.000000 4
8137 1.000000 5
8141 1.000000 4
8146 1.000000 5
8150 -1.000000 4
8153 -1.000000 3
8157 1.000000 4
8161 -1.000000 4
8166 1.000000 5
8170 -1.000000 4
8173 1.000000 3
8178 1.000000 5
8183 0.000000 5
8188 0.000000 5
8192 -1.000000 4
8196 1.000000 4
8200 1.000000 4
8203 1.000000 3
8207 1.000000 4
8210 1.000000 3
8214 -1.000000 4
8217 -1.000000 3
8221 -1.000000 4
8226 1.000000 5
8231 0.000000 5
8234 -1.000000 3
8237 -1.000000 3
8242 1.000000 5
8246 -1.000000 4
8251 1.000000 5
8255 1.000000 4
8260 0.000000 5
8265 1.000000 5
8270 1.000000 5
8274 1.000000 4
8277 1.000000 3
8280 1.000000 3
8284 1.000000 4
8289 1.000000 5
8293 1.000000 4
8296 -1.000000 3
8300 1.000000 4
8305 1.000000 5
8309 -1.000000 4
8314 0.000000 5
8318 1.000000 4
8321 -1.000000 3
8325 1.000000 4
8329 1.000000 4
8333 -1.000000 4
8338 1.000000 5
8343 1.000000 5
8348 0.000000 5
8351 1.000000 3
8355 1.000000 4
8359 1.000000 4
8362 1.000000 3
8367 1.000000 5
8370 -1.000000 3
8375 0.000000 5
8379 1.000000 4
8383 -1.000000 4
8387 1.000000 4
8390 -1.000000 3
8395 1.000000 5
8398 1.000000 3
8401 1.000000 3
8406 1.000000 5
8409 1.000000 3
8413 1.000000 4
8416 -1.000000 3
8421 1.000000 5
8426 0.000000 5
8431 1.000000 5
8436 1.000000 5
8440 -1.000000 4
8444 1.000000 4
8447 1.000000 3
8451 -1.000000 4
8454 -1.000000 3
8458 1.000000 4
8461 1.000000 3
8465 1.000000 4
8469 -1.000000 4
8472 -1.000000 3
8476 -1.000000 4
8481 0.000000 5
8484 -1.000000 3
8489 1.000000 5
8493 -1.000000 4
8497 -1.000000 4
8501 1.000000 4
8504 -1.000000 3
8509 0.000000 5
8513 1.000000 4
8517 1.000000 4
8521 1.000000 4
8526 1.000000 5
8531 0.000000 5
8536 1.000000 5
8540 -1.000000 4
8544 -1.000000 4
8549 1.000000 5
8554 1.000000 5
8559 1.000000 5
8563 1.000000 4
8567 -1.000000 4
8572 1.000000 5
8575 1.000000 3
8578 1.000000 3
8582 -1.000000 4
8587 1.000000 5
8591 1.000000 4
8594 1.000000 3
8597 1.000000 3
8602 1.000000 5
8607 0.000000 5
8612 1.000000 5
8616 -1.000000 4
8620 1.000000 4
8624 1.000000 4
8629 1.000000 5
8633 1.000000 4
8636 1.000000 3
8640 -1.000000 4
8645 1.000000 5
8649 1.000000 4
8654 1.000000 5
8658 1.000000 4
8661 1.000000 3
8664 1.000000 3
8669 0.000000 5
8672 1.000000 3
8676 1.000000 4
8680 1.000000 4
8684 1.000000 4
8689 0.000000 5
8692 -1.000000 3
8697 1.000000 5
8701 1.000000 4
8706 1.000000 5
8710 -1.000000 4
8715 1.000000 5
8718 -1.000000 3
8721 1.000000 3
8726 1.000000 5
8730 1.000000 4
8735 1.000000 5
8739 1.000000 4
8744 1.000000 5
8748 1.000000 4
8753 0.000000 5
8758 1.000000 5
8761 -1.000000 3
8766 1.000000 5
8771 1.000000 5
8776 0.000000 5
8781 1.000000 5
8785 1.000000 4
8788 1.000000 3
8791 -1.000000 3
8795 1.000000 4
8798 -1.000000 3
8801 -1.000000 3
8806 0.000000 5
8809 1.000000 3
8813 -1.000000 4
8818 0.000000 5
8823 1.000000 5
8827 1.000000 4
8832 1.000000 5
8837 1.000000 5
8842 1.000000 5
8847 1.000000 5
8851 1.000000 4
8856 1.000000 5
8859 1.000000 3
8864 1.000000 5
8868 1.000000 4
8872 1.000000 4
8876 1.000000 4
8880 1.000000 4
8884 1.000000 4
8887 1.000000 3
8892 0.000000 5
8895 -1.000000 3
8900 0.000000 5
8904 -1.000000 4
8907 -1.000000 3
8910 -1.000000 3
8913 -1.000000 3
8918 0.000000 5
8923 0.000000 5
8927 1.000000 4
8930 1.000000 3
8934 -1.000000 4
8939 1.000000 5
8943 -1.000000 4
8948 0.000000 5
8951 1.000000 3
8956 1.000000 5
8961 0.000000 5
8965 -1.000000 4
8969 1.000000 4
8973 -1.000000 4
8978 1.000000 5
8981 -1.000000 3
8985 -1.000000 4
8989 -1.000000 4
8993 -1.000000 4
8997 -1.000000 4
9000 -1.000000 3
9005 0.000000 5
9010 0.000000 5
9013 -1.000000 3
9016 1.000000 3
9020 -1.000000 4
9024 1.000000 4
9027 -1.000000 3
9032 0.000000 5
9036 1.000000 4
9040 1.000000 4
9043 -1.000000 3
9046 1.000000 3
9051 1.000000 5
9055 1.000000 4
9059 -1.000000 4
9064 1.000000 5
9069 0.000000 5
9072 -1.000000 3
9075 1.000000 3
9079 1.000000 4
9083 1.000000 4
9086 -1.000000 3
9089 -1.000000 3
9093 -1.000000 4
9096 1.000000 3
9101 1.000000 5
9104 1.000000 3
9108 -1.000000 4
9113 0.000000 5
9118 1.000000 5
9122 1.000000 4
9127 0.000000 5
9130 1.000000 3
9135 1.000000 5
9140 1.000000 5
9145 1.000000 5
9149 1.000000 4
9152 1.000000 3
9157 0.000000 5
9160 -1.000000 3
9164 -1.000000 4
9168 -1.000000 4
9173 0.000000 5
9178 0.000000 5
9183 0.000000 5
9187 1.000000 4
9192 1.000000 5
9196 -1.000000 4
9200 1.000000 4
9204 -1.000000 4
9208 1.000000 4
9212 -1.000000 4
9216 -1.000000 4
9220 -1.000000 4
9224 1.000000 4
9228 -1.000000 4
9231 1.000000 3
9235 -1.000000 4
9239 -1.000000 4
9242 1.000000 3
9247 1.000000 5
9252 1.000000 5
9256 1.000000 4
9260 1.000000 4
9263 1.000000 3
9268 0.000000 5
9272 -1.000000 4
9275 -1.000000 3
9279 1.000000 4
9284 1.000000 5
9288 -1.000000 4
9291 1.000000 3
9296 1.000000 5
9300 -1.000000 4
9304 1.000000 4
9309 0.000000 5
9314 0.000000 5
9318 1.000000 4
9322 1.000000 4
9327 1.000000 5
9331 -1.000000 4
9336 1.000000 5
9341 1.000000 5
9345 -1.000000 4
9350 0.000000 5
9353 -1.000000 3
9356 -1.000000 3
9361 0.000000 5
9365 1.000000 4
9369 -1.000000 4
9374 0.000000 5
9377 1.000000 3
9382 1.000000 5
9385 1.000000 3
9390 1.000000 5
9395 0.000000 5
9400 1.000000 5
9404 -1.000000 4
9409 1.000000 5
9413 1.000000 4
9417 -1.000000 4
9421 -1.000000 4
9426 1.000000 5
9431 1.000000 5
9434 -1.000000 3
9438 1.000000 4
9443 0.000000 5
9448 0.000000 5
9452 -1.000000 4
9457 0.000000 5
9461 -1.000000 4
9466 1.000000 5
9470 1.000000 4
9474 1.000000 4
9477 1.000000 3
9481 1.000000 4
9486 0.000000 5
9490 1.000000 4
9495 1.000000 5
9499 1.000000 4
9503 1.000000 4
9508 1.000000 5
9513 0.000000 5
9516 1.000000 3
9519 -1.000000 3
9524 0.000000 5
9528 -1.000000 4
9532 1.000000 4
9535 -1.000000 3
9540 1.000000 5
9545 1.000000 5
9549 1.000000 4
9554 1.000000 5
9557 -1.000000 3
9562 1.000000 5
9567 0.000000 5
9571 1.000000 4
9574 1.000000 3
9579 1.000000 5
9582 1.000000 3
9587 1.000000 5
9591 1.000000 4
9594 -1.000000 3
9599 1.000000 5
9604 1.000000 5
9609 0.000000 5
9613 1.000000 4
9616 1.000000 3
9620 -1.000000 4
9624 1.000000 4
9628 1.000000 4
9632 -1.000000 4
9636 1.000000 4
9640 1.000000 4
9643 1.000000 3
9646 -1.000000 3
9650 -1.000000 4
9654 -1.000000 4
9658 1.000000 4
9662 1.000000 4
9667 1.000000 5
9671 1.000000 4
9676 0.000000 5
9681 1.000000 5
9686 0.000000 5
9691 1.000000 5
9695 1.000000 4
9700 1.000000 5
9704 -1.000000 4
9708 -1.000000 4
9712 1.000000 4
9715 1.000000 3
9720 0.000000 5
9725 0.000000 5
9730 0.000000 5
9735 1.000000 5
9739 1.000000 4
9744 1.000000 5
9748 1.000000 4
9753 0.000000 5
9756 1.000000 3
9760 -1.000000 4
9764 -1.000000 4
9769 1.000000 5
9772 -1.000000 3
9776 1.000000 4
9780 -1.000000 4
9785 1.000000 5
9789 1.000000 4
9793 -1.000000 4
9797 -1.000000 4
9802 1.000000 5
9807 1.000000 5
9811 -1.000000 4
9815 1.000000 4
9820 0.000000 5
9825 0.000000 5
9829 1.000000 4
9832 1.000000 3
9836 1.000000 4
9840 -1.000000 4
9844 -1.000000 4
9849 1.000000 5
9854 1.000000 5
9858 1.000000 4
9863 0.000000 5
9867 1.000000 4
9872 0.000000 5
9876 1.000000 4
9881 1.000000 5
9885 1.000000 4
9890 1.000000 5
9893 -1.000000 3
9897 1.000000 4
9901 1.000000 4
9904 -1.000000 3
9908 -1.000000 4
9913 1.000000 5
9917 -1.000000 4
9920 1.000000 3
9924 -1.000000 4
9928 -1.000000 4
9932 1.000000 4
9937 0.000000 5
9940 1.000000 3
9943 -1.000000 3
9946 1.000000 3
9950 1.000000 4
9954 -1.000000 4
9957 -1.000000 3
9961 1.000000 4
9966 0.000000 5
9971 1.000000 5
9974 1.000000 3
9977 1.000000 3
9981 -1.000000 4
9985 1.000000 4
9989 1.000000 4
9992 1.000000 3
9996 1.000000 4
9999 1.000000 3
10003 -1.000000 4
10006 -1.000000 3
10009 -1.000000 3
10012 -1.000000 3
10015 -1.000000 3
10018 -1.000000 3
10021 -1.000000 3
10024 -1.000000 3
10027 -1.000000 3
10030 -1.000000 3
10033 -1.000000 3
10036 -1.000000 3
10039 -1.000000 3
10042 -1.000000 3
10045 -1.000000 3
10048 -1.000000 3
10051 -1.000000 3
10054 -1.000000 3
10057 -1.000000 3
10060 -1.000000 3
10063 -1.000000 3
10066 -1.000000 3
10069 -1.000000 3
10072 -1.000000 3
10075 -1.000000 3
10078 -1.000000 3
10081 -1.000000 3
10084 -1.000000 3
10087 -1.000000 3
10090 -1.000000 3
10093 -1.000000 3
10096 -1.000000 3
10099 -1.000000 3
10102 -1.000000 3
10105 -1.000000 3
10108 -1.000000 3
10111 -1.000000 3
10114 -1.000000 3
10117 -1.000000 3
10120 -1.000000 3
10123 -1.000000 3
10126 -1.000000 3
10129 -1.000000 3
10132 -1.000000 3
10135 -1.000000 3
10138 -1.000000 3
10141 -1.000000 3
10144 -1.000000 3
10147 -1.000000 3
10150 -1.000000 3
10153 -1.000000 3
10156 -1.000000 3
10159 -1.000000 3
10162 -1.000000 3
10165 -1.000000 3
10168 -1.000000 3
10171 -1.000000 3
10174 -1.000000 3
10177 -1.000000 3
10180 -1.000000 3
10183 -1.000000 3
10186 -1.000000 3
10189 -1.000000 3
10192 -1.000000 3
10195 -1.000000 3
10198 -1.000000 3
10201 -1.000000 3
10204 -1.000000 3
10207 -1.000000 3
10210 -1.000000 3
10213 -1.000000 3
10216 -1.000000 3
10219 -1.000000 3
10222 -1.000000 3
10225 -1.000000 3
10228 -1.000000 3
10231 -1.000000 3
10234 -1.000000 3
10237 -1.000000 3
10240 -1.000000 3
10243 -1.000000 3
10246 -1.000000 3
10249 -1.000000 3
10252 -1.000000 3
10255 -1.000000 3
10258 -1.000000 3
10261 -1.000000 3
10264 -1.000000 3
10267 -1.000000 3
10270 -1.000000 3
10273 -1.000000 3
10276 -1.000000 3
10279 -1.000000 3
10282 -1.000000 3
10285 -1.000000 3
10288 -1.000000 3
10291 -1.000000 3
10294 -1.000000 3
10297 -1.000000 3
10300 -1.000000 3
10303 -1.000000 3
10306 -1.000000 3
10309 -1.000000 3
10312 -1.000000 3
10315 -1.000000 3
10318 -1.000000 3
10321 -1.000000 3
10324 -1.000000 3
10327 -1.000000 3
10330 -1.000000 3
10333 -1.000000 3
10336 -1.000000 3
10339 -1.000000 3
10342 -1.000000 3
10345 -1.000000 3
10348 -1.000000 3
10351 -1.000000 3
10354 -1.000000 3
10357 -1.000000 3
10360 -1.000000 3
10363 -1.000000 3
10366 -1.000000 3
10369 -1.000000 3
10372 -1.000000 3
10375 -1.000000 3
10378 -1.000000 3
10381 -1.000000 3
10384 -1.000000 3
10387 -1.000000 3
10390 -1.000000 3
10393 -1.000000 3
10396 -1.000000 3
10399 -1.000000 3
10402 -1.000000 3
10405 -1.000000 3
10408 -1.000000 3
10411 -1.000000 3
10414 -1.000000 3
10417 -1.000000 3
10420 -1.000000 3
10423 -1.000000 3
10426 -1.000000 3
10429 -1.000000 3
10432 -1.000000 3
10435 -1.000000 3
10438 -1.000000 3
10441 -1.000000 3
10444 -1.000000 3
10447 -1.000000 3
10450 -1.000000 3
10453 -1.000000 3
10456 -1.000000 3
10459 -1.000000 3
10462 -1.000000 3
10465 -1.000000 3
10468 -1.000000 3
10471 -1.000000 3
10474 -1.000000 3
10477 -1.000000 3
10480 -1.000000 3
10483 -1.000000 3
10486 -1.000000 3
10489 -1.000000 3
10492 -1.000000 3
10495 -1.000000 3
10498 -1.000000 3
10501 -1.000000 3
10504 -1.000000 3
10507 -1.000000 3
10510 -1.000000 3
10513 -1.000000 3
10516 -1.000000 3
10519 -1.000000 3
10522 -1.000000 3
10525 -1.000000 3
10528 -1.000000 3
10531 -1.000000 3
10534 -1.000000 3
10537 -1.000000 3
10540 -1.000000 3
10543 -1.000000 3
10546 -1.000000 3
10549 -1.000000 3
10552 -1.000000 3
10555 -1.000000 3
10558 -1.000000 3
10561 -1.000000 3
10564 -1.000000 3
10567 -1.000000 3
10570 -1.000000 3
10573 -1.000000 3
10576 -1.000000 3
10579 -1.000000 3
10582 -1.000000 3
10585 -1.000000 3
10588 -1.000000 3
10591 -1.000000 3
10594 -1.000000 3
10597 -1.000000 3
10600 -1.000000 3
10603 -1.000000 3
10606 -1.000000 3
10609 -1.000000 3
10612 -1.000000 3
10615 -1.000000 3
10618 -1.000000 3
10621 -1.000000 3
10624 -1.000000 3
10627 -1.000000 3
10630 -1.000000 3
10633 -1.000000 3
10636 -1.000000 3
10639 -1.000000 3
10642 -1.000000 3
10645 -1.000000 3
10648 -1.000000 3
10651 -1.000000 3
10654 -1.000000 3
10657 -1.000000 3
10660 -1.000000 3
10663 -1.000000 3
10666 -1.000000 3
10669 -1.000000 3
10672 -1.000000 3
10675 -1.000000 3
10678 -1.000000 3
10681 -1.000000 3
10684 -1.000000 3
10687 -1.000000 3
10690 -1.000000 3
10693 -1.000000 3
10696 -1.000000 3
10699 -1.000000 3
10702 -1.000000 3
10705 -1.000000 3
10708 -1.000000 3
10711 -1.000000 3
10714 -1.000000 3
10717 -1.000000 3
10720 -1.000000 3
10723 -1.000000 3
10726 -1.000000 3
10729 -1.000000 3
10732 -1.000000 3
10735 -1.000000 3
10738 -1.000000 3
10741 -1.000000 3
10744 -1.000000 3
10747 -1.000000 3
10750 -1.000000 3
10753 -1.000000 3
10756 -1.000000 3
10759 -1.000000 3
10762 -1.000000 3
10765 -1.000000 3
10768 -1.000000 3
10771 -1.000000 3
10774 -1.000000 3
10777 -1.000000 3
10780 -1.000000 3
10783 -1.000000 3
10786 -1.000000 3
10789 -1.000000 3
10792 -1.000000 3
10795 -1.000000 3
10798 -1.000000 3
10801 -1.000000 3
10804 -1.000000 3
10807 -1.000000 3
10810 -1.000000 3
10813 -1.000000 3
10816 -1.000000 3
10819 -1.000000 3
10822 -1.000000 3
10825 -1.000000 3
10828 -1.000000 3
10831 -1.000000 3
10834 -1.000000 3
10837 -1.000000 3
10840 -1.000000 3
10843 -1.000000 3
10846 -1.000000 3
10849 -1.000000 3
10852 -1.000000 3
10855 -1.000000 3
10858 -1.000000 3
10861 -1.000000 3
10864 -1.000000 3
10867 -1.000000 3
10870 -1.000000 3
10873 -1.000000 3
10876 -1.000000 3
10879 -1.000000 3
10882 -1.000000 3
10885 -1.000000 3
10888 -1.000000 3
10891 -1.000000 3
10894 -1.000000 3
10897 -1.000000 3
10900 -1.000000 3
10903 -1.000000 3
10906 -1.000000 3
10909 -1.000000 3
10912 -1.000000 3
10915 -1.000000 3
10918 -1.000000 3
10921 -1.000000 3
10924 -1.000000 3
10927 -1.000000 3
10930 -1.000000 3
10933 -1.000000 3
10936 -1.000000 3
10939 -1.000000 3
10942 -1.000000 3
10945 -1.000000 3
10948 -1.000000 3
10951 -1.000000 3
10954 -1.000000 3
10957 -1.000000 3
10960 -1.000000 3
10963 -1.000000 3
10966 -1.000000 3
10969 -1.000000 3
10972 -1.000000 3
10975 -1.000000 3
10978 -1.000000 3
10981 -1.000000 3
10984 -1.000000 3
10987 -1.000000 3
10990 -1.000000 3
10993 -1.000000 3
10996 -1.000000 3
10999 -1.000000 3
11002 -1.000000 3
11005 -1.000000 3
11009 1.000000 4
11013 1.000000 4
11018 1.000000 5
11022 1.000000 4
11025 1.000000 3
11028 1.000000 3
11031 1.000000 3
11034 1.000000 3
11037 1.000000 3
11041 -1.000000 4
11044 1.000000 3
11047 1.000000 3
11052 0.000000 5
11055 1.000000 3
11059 1.000000 4
11063 1.000000 4
11066 1.000000 3
11070 1.000000 4
11074 1.000000 4
11077 1.000000 3
11080 1.000000 3
11085 1.000000 5
11089 1.000000 4
11093 1.000000 4
11096 1.000000 3
11099 1.000000 3
11103 1.000000 4
11106 1.000000 3
11110 1.000000 4
11114 1.000000 4
11118 1.000000 4
11121 1.000000 3
11124 1.000000 3
11127 1.000000 3
11132 0.000000 5
11135 1.000000 3
11140 0.000000 5
11143 1.000000 3
11147 1.000000 4
11150 1.000000 3
11153 1.000000 3
11156 1.000000 3
11159 1.000000 3
11162 1.000000 3
11165 1.000000 3
11168 1.000000 3
11171 1.000000 3
11174 1.000000 3
11177 1.000000 3
11180 1.000000 3
11183 1.000000 3
11186 1.000000 3
11191 1.000000 5
11194 1.000000 3
11198 1.000000 4
11201 1.000000 3
11205 1.000000 4
11208 1.000000 3
11211 1.000000 3
11214 1.000000 3
11217 1.000000 3
11221 1.000000 4
11225 1.000000 4
11229 1.000000 4
11233 1.000000 4
11238 1.000000 5
11241 1.000000 3
11244 1.000000 3
11248 1.000000 4
11251 1.000000 3
11254 1.000000 3
11257 1.000000 3
11261 1.000000 4
11264 1.000000 3
11267 1.000000 3
11270 1.000000 3
11273 1.000000 3
11276 1.000000 3
11279 1.000000 3
11282 1.000000 3
11285 1.000000 3
11289 1.000000 4
11292 1.000000 3
11295 1.000000 3
11298 1.000000 3
11301 1.000000 3
11304 1.000000 3
11308 1.000000 4
11311 1.000000 3
11316 0.000000 5
11320 -1.000000 4
11325 0.000000 5
11328 1.000000 3
11332 1.000000 4
11336 1.000000 4
11339 1.000000 3
11343 1.000000 4
11348 1.000000 5
11351 1.000000 3
11354 -1.000000 3
11358 1.000000 4
11361 1.000000 3
11364 1.000000 3
11367 1.000000 3
11370 1.000000 3
11373 1.000000 3
11376 1.000000 3
11380 1.000000 4
11385 0.000000 5
11388 1.000000 3
11391 1.000000 3
11394 1.000000 3
11399 0.000000 5
11402 1.000000 3
11405 1.000000 3
11409 -1.000000 4
11412 1.000000 3
11415 1.000000 3
11418 1.000000 3
11421 1.000000 3
11425 1.000000 4
11428 1.000000 3
11431 1.000000 3
11434 1.000000 3
11437 1.000000 3
11441 1.000000 4
11444 1.000000 3
11447 -1.000000 3
11450 1.000000 3
11453 1.000000 3
11457 1.000000 4
11460 1.000000 3
11465 1.000000 5
11468 1.000000 3
11471 1.000000 3
11474 1.000000 3
11477 1.000000 3
11480 1.000000 3
11483 1.000000 3
11486 1.000000 3
11490 1.000000 4
11493 1.000000 3
11497 -1.000000 4
11501 1.000000 4
11505 1.000000 4
11509 1.000000 4
11513 1.000000 4
11518 0.000000 5
11521 1.000000 3
11524 1.000000 3
11529 0.000000 5
11532 1.000000 3
11535 1.000000 3
11538 1.000000 3
11543 1.000000 5
11546 1.000000 3
11549 1.000000 3
11553 -1.000000 4
11556 1.000000 3
11559 1.000000 3
11563 1.000000 4
11566 1.000000 3
11569 1.000000 3
11572 1.000000 3
11576 1.000000 4
11579 1.000000 3
11584 0.000000 5
11587 1.000000 3
11591 1.000000 4
11594 1.000000 3
11597 1.000000 3
11601 1.000000 4
11604 1.000000 3
11608 1.000000 4
11613 1.000000 5
11616 1.000000 3
11619 1.000000 3
11622 1.000000 3
11625 1.000000 3
11628 1.000000 3
11631 1.000000 3
11634 -1.000000 3
11637 1.000000 3
11640 1.000000 3
11643 1.000000 3
11646 1.000000 3
11651 0.000000 5
11654 1.000000 3
11657 1.000000 3
11660 1.000000 3
11663 1.000000 3
11666 1.000000 3
11669 1.000000 3
11672 1.000000 3
11675 1.000000 3
11678 1.000000 3
11681 1.000000 3
11685 1.000000 4
11688 1.000000 3
11692 1.000000 4
11695 1.000000 3
11698 1.000000 3
11702 1.000000 4
11705 1.000000 3
11708 1.000000 3
11712 1.000000 4
11715 1.000000 3
11718 1.000000 3
11721 1.000000 3
11726 0.000000 5
11729 1.000000 3
11732 1.000000 3
11735 1.000000 3
11738 1.000000 3
11741 1.000000 3
11744 1.000000 3
11747 1.000000 3
11750 1.000000 3
11753 1.000000 3
11756 1.000000 3
11760 1.000000 4
11763 1.000000 3
11766 1.000000 3
11770 1.000000 4
11774 1.000000 4
11779 0.000000 5
11783 1.000000 4
11786 1.000000 3
11789 1.000000 3
11792 1.000000 3
11795 1.000000 3
11798 1.000000 3
11801 1.000000 3
11804 1.000000 3
11809 0.000000 5
11813 1.000000 4
11816 1.000000 3
11819 1.000000 3
11824 0.000000 5
11827 1.000000 3
11830 1.000000 3
11833 1.000000 3
11836 1.000000 3
11840 1.000000 4
11843 1.000000 3
11847 1.000000 4
11851 1.000000 4
11855 1.000000 4
11858 1.000000 3
11862 -1.000000 4
11865 1.000000 3
11868 1.000000 3
11872 -1.000000 4
11875 1.000000 3
11878 1.000000 3
11881 1.000000 3
11884 1.000000 3
11887 1.000000 3
11890 1.000000 3
11893 1.000000 3
11896 1.000000 3
11899 1.000000 3
11902 -1.000000 3
11905 1.000000 3
11908 1.000000 3
11912 1.000000 4
11916 1.000000 4
11919 1.000000 3
11922 1.000000 3
11925 1.000000 3
11928 1.000000 3
11933 0.000000 5
11936 1.000000 3
11941 0.000000 5
11944 1.000000 3
11948 1.000000 4
11951 1.000000 3
11955 1.000000 4
11960 1.000000 5
11964 1.000000 4
11968 1.000000 4
11971 1.000000 3
11974 1.000000 3
11977 1.000000 3
11980 1.000000 3
11984 1.000000 4
11987 1.000000 3
11990 1.000000 3
11994 1.000000 4
11998 -1.000000 4
12001 1.000000 3
12004 1.000000 3
12007 1.000000 3
12010 1.000000 3
12013 1.000000 3
12017 1.000000 4
12020 1.000000 3
12023 1.000000 3
12027 1.000000 4
12030 1.000000 3
12033 -1.000000 3
12036 1.000000 3
12039 1.000000 3
12042 1.000000 3
12047 0.000000 5
12050 1.000000 3
12053 1.000000 3
12057 1.000000 4
12060 1.000000 3
12063 1.000000 3
12066 1.000000 3
12069 1.000000 3
12073 1.000000 4
12076 1.000000 3
12080 1.000000 4
12085 0.000000 5
12088 1.000000 3
12092 1.000000 4
12095 1.000000 3
12098 1.000000 3
12102 1.000000 4
12105 1.000000 3
12108 1.000000 3
12112 1.000000 4
12115 1.000000 3
12118 1.000000 3
12121 1.000000 3
12124 1.000000 3
12127 1.000000 3
12131 1.000000 4
12135 -1.000000 4
12139 1.000000 4
12142 1.000000 3
12145 1.000000 3
12149 1.000000 4
12152 1.000000 3
12155 1.000000 3
12158 1.000000 3
12162 1.000000 4
12166 1.000000 4
12171 0.000000 5
12174 -1.000000 3
12178 1.000000 4
12181 1.000000 3
12186 1.000000 5
12189 1.000000 3
12192 1.000000 3
12195 1.000000 3
12198 -1.000000 3
12202 1.000000 4
12206 1.000000 4
12210 1.000000 4
12213 1.000000 3
12216 1.000000 3
12221 1.000000 5
12224 1.000000 3
12227 1.000000 3
12231 1.000000 4
12234 1.000000 3
12237 1.000000 3
12240 1.000000 3
12243 1.000000 3
12246 1.000000 3
12250 -1.000000 4
12254 1.000000 4
12257 1.000000 3
12260 1.000000 3
12264 -1.000000 4
12269 1.000000 5
12272 1.000000 3
12275 1.000000 3
12279 -1.000000 4
12282 1.000000 3
12286 1.000000 4
12289 1.000000 3
12293 1.000000 4
12296 1.000000 3
12299 1.000000 3
12302 1.000000 3
12306 1.000000 4
12309 1.000000 3
12313 1.000000 4
12316 1.000000 3
12319 1.000000 3
12322 1.000000 3
12327 0.000000 5
12331 1.000000 4
12335 1.000000 4
12338 1.000000 3
12342 1.000000 4
12345 1.000000 3
12349 1.000000 4
12354 1.000000 5
12357 1.000000 3
12360 1.000000 3
12364 1.000000 4
12367 -1.000000 3
12370 1.000000 3
12373 1.000000 3
12376 1.000000 3
12379 1.000000 3
12382 1.000000 3
12386 1.000000 4
12389 1.000000 3
12392 1.000000 3
12395 1.000000 3
12399 1.000000 4
12402 1.000000 3
12405 1.000000 3
12409 1.000000 4
12412 1.000000 3
12415 1.000000 3
12419 1.000000 4
12424 0.000000 5
12427 1.000000 3
12431 1.000000 4
12434 1.000000 3
12438 1.000000 4
12441 1.000000 3
12444 1.000000 3
12448 1.000000 4
12451 1.000000 3
12454 1.000000 3
12457 1.000000 3
12460 1.000000 3
12463 1.000000 3
12467 1.000000 4
12470 1.000000 3
12473 1.000000 3
12476 1.000000 3
12479 1.000000 3
12483 1.000000 4
12486 1.000000 3
12489 1.000000 3
12493 1.000000 4
12496 1.000000 3
12500 1.000000 4
12503 1.000000 3
12506 1.000000 3
12509 -1.000000 3
12512 1.000000 3
12515 1.000000 3
12519 1.000000 4
12523 -1.000000 4
12527 1.000000 4
12531 1.000000 4
12534 1.000000 3
12537 1.000000 3
12540 -1.000000 3
12543 1.000000 3
12546 -1.000000 3
12549 1.000000 3
12552 1.000000 3
12555 1.000000 3
12558 1.000000 3
12562 1.000000 4
12565 1.000000 3
12568 1.000000 3
12572 1.000000 4
12575 1.000000 3
12580 1.000000 5
12584 1.000000 4
12587 1.000000 3
12590 -1.000000 3
12593 1.000000 3
12597 -1.000000 4
12601 1.000000 4
12606 0.000000 5
12610 1.000000 4
12613 1.000000 3
12616 1.000000 3
12619 1.000000 3
12622 1.000000 3
12625 1.000000 3
12628 1.000000 3
12631 1.000000 3
12634 1.000000 3
12638 -1.000000 4
12643 0.000000 5
12646 1.000000 3
12650 1.000000 4
12655 0.000000 5
12658 1.000000 3
12661 -1.000000 3
12664 1.000000 3
12667 1.000000 3
12670 1.000000 3
12674 1.000000 4
12679 0.000000 5
12682 1.000000 3
12685 1.000000 3
12688 1.000000 3
12691 1.000000 3
12694 1.000000 3
12699 1.000000 5
12702 1.000000 3
12706 1.000000 4
12709 1.000000 3
12714 1.000000 5
12717 1.000000 3
12720 1.000000 3
12723 1.000000 3
12728 0.000000 5
12733 0.000000 5
12737 1.000000 4
12741 1.000000 4
12744 1.000000 3
12749 0.000000 5
12752 1.000000 3
12755 1.000000 3
12758 1.000000 3
12761 1.000000 3
12766 0.000000 5
12770 1.000000 4
12773 1.000000 3
12778 0.000000 5
12781 1.000000 3
12784 1.000000 3
12787 1.000000 3
12792 1.000000 5
12795 1.000000 3
12798 1.000000 3
12801 1.000000 3
12804 1.000000 3
12807 1.000000 3
12810 1.000000 3
12813 1.000000 3
12816 1.000000 3
12819 1.000000 3
12822 1.000000 3
12825 -1.000000 3
12829 -1.000000 4
12834 0.000000 5
12838 1.000000 4
12842 1.000000 4
12845 1.000000 3
12848 1.000000 3
12851 1.000000 3
12854 1.000000 3
12858 1.000000 4
12861 1.000000 3
12864 1.000000 3
12867 1.000000 3
12870 1.000000 3
12873 1.000000 3
12876 1.000000 3
12879 1.000000 3
12882 1.000000 3
12887 0.000000 5
12891 1.000000 4
12896 0.000000 5
12899 1.000000 3
12903 1.000000 4
12906 1.000000 3
12910 1.000000 4
12913 1.000000 3
12917 1.000000 4
12920 1.000000 3
12923 1.000000 3
12926 1.000000 3
12931 0.000000 5
12935 1.000000 4
12938 1.000000 3
12941 1.000000 3
12944 -1.000000 3
12947 1.000000 3
12952 0.000000 5
12955 1.000000 3
12959 1.000000 4
12962 1.000000 3
12965 1.000000 3
12969 1.000000 4
12972 1.000000 3
12975 1.000000 3
12978 1.000000 3
12982 1.000000 4
12986 1.000000 4
12989 1.000000 3
12993 1.000000 4
12996 1.000000 3
13000 1.000000 4
13005 0.000000 5
13008 1.000000 3
