5 0.000000 5
10 1.000000 5
14 -1.000000 4
18 1.000000 4
22 -1.000000 4
27 1.000000 5
30 1.000000 3
34 1.000000 4
38 -1.000000 4
43 1.000000 5
48 1.000000 5
52 -1.000000 4
56 -1.000000 4
60 1.000000 4
63 -1.000000 3
67 1.000000 4
70 -1.000000 3
74 -1.000000 4
77 1.000000 3
81 -1.000000 4
86 1.000000 5
91 1.000000 5
96 1.000000 5
100 -1.000000 4
104 1.000000 4
107 -1.000000 3
110 1.000000 3
113 1.000000 3
118 1.000000 5
123 0.000000 5
128 0.000000 5
132 -1.000000 4
137 1.000000 5
142 0.000000 5
147 1.000000 5
151 -1.000000 4
155 -1.000000 4
160 1.000000 5
164 -1.000000 4
168 1.000000 4
172 1.000000 4
176 1.000000 4
181 0.000000 5
185 -1.000000 4
189 -1.000000 4
194 0.000000 5
198 -1.000000 4
203 1.000000 5
207 -1.000000 4
212 0.000000 5
216 -1.000000 4
220 1.000000 4
225 1.000000 5
228 1.000000 3
233 0.000000 5
237 1.000000 4
242 0.000000 5
246 1.000000 4
250 1.000000 4
254 1.000000 4
259 1.000000 5
264 0.000000 5
269 1.000000 5
274 1.000000 5
278 -1.000000 4
282 -1.000000 4
287 0.000000 5
291 1.000000 4
295 -1.000000 4
299 -1.000000 4
303 1.000000 4
306 1.000000 3
309 1.000000 3
313 -1.000000 4
317 1.000000 4
321 1.000000 4
326 1.000000 5
331 0.000000 5
335 1.000000 4
339 -1.000000 4
343 1.000000 4
347 -1.000000 4
351 1.000000 4
354 -1.000000 3
358 -1.000000 4
363 1.000000 5
368 0.000000 5
372 1.000000 4
376 1.000000 4
380 -1.000000 4
383 1.000000 3
387 1.000000 4
390 -1.000000 3
395 1.000000 5
400 0.000000 5
404 1.000000 4
407 1.000000 3
411 1.000000 4
415 1.000000 4
420 1.000000 5
424 1.000000 4
428 -1.000000 4
433 0.000000 5
437 1.000000 4
440 1.000000 3
445 0.000000 5
449 1.000000 4
453 1.000000 4
457 1.000000 4
462 1.000000 5
466 -1.000000 4
470 -1.000000 4
474 -1.000000 4
479 0.000000 5
484 1.000000 5
489 0.000000 5
492 1.000000 3
497 0.000000 5
502 1.000000 5
506 -1.000000 4
511 1.000000 5
514 -1.000000 3
518 1.000000 4
523 0.000000 5
528 1.000000 5
533 1.000000 5
536 -1.000000 3
540 1.000000 4
544 -1.000000 4
548 -1.000000 4
552 -1.000000 4
557 1.000000 5
562 0.000000 5
566 1.000000 4
570 -1.000000 4
574 1.000000 4
579 1.000000 5
582 1.000000 3
586 -1.000000 4
590 -1.000000 4
594 -1.000000 4
599 1.000000 5
603 1.000000 4
607 -1.000000 4
612 1.000000 5
616 1.000000 4
619 -1.000000 3
622 1.000000 3
626 1.000000 4
631 0.000000 5
635 1.000000 4
639 1.000000 4
644 1.000000 5
648 1.000000 4
652 -1.000000 4
656 -1.000000 4
660 1.000000 4
663 -1.000000 3
667 1.000000 4
671 -1.000000 4
676 1.000000 5
680 1.000000 4
684 1.000000 4
687 1.000000 3
690 1.000000 3
693 -1.000000 3
698 0.000000 5
702 -1.000000 4
705 -1.000000 3
709 -1.000000 4
714 0.000000 5
718 -1.000000 4
722 -1.000000 4
727 0.000000 5
731 -1.000000 4
735 -1.000000 4
739 -1.000000 4
743 1.000000 4
748 0.000000 5
752 1.000000 4
757 1.000000 5
762 1.000000 5
766 -1.000000 4
771 0.000000 5
775 1.000000 4
779 1.000000 4
784 0.000000 5
787 1.000000 3
791 1.000000 4
795 1.000000 4
799 -1.000000 4
803 1.000000 4
807 -1.000000 4
812 1.000000 5
816 1.000000 4
820 -1.000000 4
825 0.000000 5
829 1.000000 4
833 1.000000 4
838 1.000000 5
842 1.000000 4
846 -1.000000 4
851 1.000000 5
855 1.000000 4
859 1.000000 4
864 1.000000 5
867 1.000000 3
871 -1.000000 4
874 1.000000 3
877 -1.000000 3
882 1.000000 5
887 0.000000 5
892 1.000000 5
897 1.000000 5
902 1.000000 5
907 1.000000 5
912 1.000000 5
915 -1.000000 3
919 1.000000 4
924 1.000000 5
928 -1.000000 4
932 1.000000 4
937 0.000000 5
942 1.000000 5
947 1.000000 5
951 -1.000000 4
955 1.000000 4
959 1.000000 4
962 1.000000 3
967 0.000000 5
971 1.000000 4
976 1.000000 5
980 1.000000 4
984 -1.000000 4
988 1.000000 4
992 1.000000 4
997 0.000000 5
1001 1.000000 4
1004 -1.000000 3
1008 1.000000 4
1012 1.000000 4
1017 0.000000 5
1021 -1.000000 4
1026 1.000000 5
1031 1.000000 5
1036 1.000000 5
1040 1.000000 4
1044 -1.000000 4
1048 -1.000000 4
1051 1.000000 3
1056 0.000000 5
1061 1.000000 5
1065 -1.000000 4
1069 -1.000000 4
1074 1.000000 5
1078 -1.000000 4
1082 1.000000 4
1086 -1.000000 4
1090 1.000000 4
1094 1.000000 4
1098 1.000000 4
1102 1.000000 4
1105 1.000000 3
1110 0.000000 5
1115 0.000000 5
1120 1.000000 5
1124 -1.000000 4
1129 1.000000 5
1132 -1.000000 3
1136 1.000000 4
1140 1.000000 4
1144 1.000000 4
1149 1.000000 5
1154 0.000000 5
1159 1.000000 5
1163 -1.000000 4
1166 1.000000 3
1170 1.000000 4
1174 1.000000 4
1178 -1.000000 4
1183 0.000000 5
1187 1.000000 4
1192 0.000000 5
1196 -1.000000 4
1199 -1.000000 3
1203 1.000000 4
1207 -1.000000 4
1212 1.000000 5
1216 -1.000000 4
1220 1.000000 4
1225 1.000000 5
1228 -1.000000 3
1233 1.000000 5
1237 1.000000 4
1242 1.000000 5
1246 1.000000 4
1250 -1.000000 4
1254 1.000000 4
1258 1.000000 4
1261 -1.000000 3
1265 -1.000000 4
1268 -1.000000 3
1272 -1.000000 4
1277 1.000000 5
1280 1.000000 3
1285 1.000000 5
1288 -1.000000 3
1293 1.000000 5
1298 0.000000 5
1302 -1.000000 4
1307 1.000000 5
1312 1.000000 5
1316 1.000000 4
1321 1.000000 5
1326 0.000000 5
1331 1.000000 5
1336 0.000000 5
1339 1.000000 3
1343 1.000000 4
1347 1.000000 4
1351 -1.000000 4
1354 -1.000000 3
1359 1.000000 5
1363 -1.000000 4
1367 -1.000000 4
1372 1.000000 5
1377 1.000000 5
1382 1.000000 5
1387 1.000000 5
1391 -1.000000 4
1396 1.000000 5
1400 1.000000 4
1404 1.000000 4
1408 1.000000 4
1413 1.000000 5
1418 0.000000 5
1422 -1.000000 4
1426 -1.000000 4
1430 -1.000000 4
1433 -1.000000 3
1437 -1.000000 4
1441 -1.000000 4
1444 -1.000000 3
1448 -1.000000 4
1452 -1.000000 4
1456 1.000000 4
1461 1.000000 5
1465 1.000000 4
1470 0.000000 5
1474 1.000000 4
1478 1.000000 4
1483 0.000000 5
1487 -1.000000 4
1491 1.000000 4
1496 1.000000 5
1500 1.000000 4
1504 -1.000000 4
1508 1.000000 4
1512 -1.000000 4
1517 1.000000 5
1521 1.000000 4
1525 -1.000000 4
1530 1.000000 5
1535 1.000000 5
1538 1.000000 3
1542 -1.000000 4
1546 -1.000000 4
1551 1.000000 5
1555 -1.000000 4
1560 0.000000 5
1564 -1.000000 4
1568 -1.000000 4
1572 1.000000 4
1577 1.000000 5
1581 1.000000 4
1586 1.000000 5
1591 0.000000 5
1596 0.000000 5
1600 1.000000 4
1604 1.000000 4
1609 0.000000 5
1614 1.000000 5
1619 1.000000 5
1623 -1.000000 4
1626 1.000000 3
1631 1.000000 5
1636 0.000000 5
1641 1.000000 5
1646 0.000000 5
1650 -1.000000 4
1653 1.000000 3
1657 1.000000 4
1662 1.000000 5
1667 0.000000 5
1670 1.000000 3
1674 1.000000 4
1677 -1.000000 3
1682 1.000000 5
1687 1.000000 5
1691 1.000000 4
1694 1.000000 3
1699 1.000000 5
1704 0.000000 5
1709 0.000000 5
1713 -1.000000 4
1717 -1.000000 4
1721 -1.000000 4
1725 1.000000 4
1729 1.000000 4
1733 -1.000000 4
1736 -1.000000 3
1740 1.000000 4
1744 1.000000 4
1748 1.000000 4
1753 0.000000 5
1757 1.000000 4
1760 -1.000000 3
1764 1.000000 4
1767 1.000000 3
1772 1.000000 5
1776 -1.000000 4
1780 1.000000 4
1783 -1.000000 3
1788 1.000000 5
1792 -1.000000 4
1797 0.000000 5
1801 -1.000000 4
1804 -1.000000 3
1807 -1.000000 3
1812 1.000000 5
1816 -1.000000 4
1821 1.000000 5
1824 1.000000 3
1828 1.000000 4
1831 1.000000 3
1836 1.000000 5
1839 1.000000 3
1844 0.000000 5
1848 -1.000000 4
1852 -1.000000 4
1856 -1.000000 4
1860 -1.000000 4
1865 1.000000 5
1870 0.000000 5
1875 1.000000 5
1878 -1.000000 3
1882 -1.000000 4
1886 -1.000000 4
1891 1.000000 5
1896 1.000000 5
1899 1.000000 3
1902 1.000000 3
1905 1.000000 3
1908 -1.000000 3
1912 -1.000000 4
1916 -1.000000 4
1919 -1.000000 3
1923 -1.000000 4
1927 -1.000000 4
1932 1.000000 5
1936 1.000000 4
1941 1.000000 5
1946 1.000000 5
1950 1.000000 4
1953 1.000000 3
1956 1.000000 3
1961 1.000000 5
1965 -1.000000 4
1969 1.000000 4
1973 -1.000000 4
1978 1.000000 5
1981 1.000000 3
1984 1.000000 3
1989 0.000000 5
1994 1.000000 5
1998 1.000000 4
2003 1.000000 5
2008 1.000000 5
2013 1.000000 5
2017 1.000000 4
2022 1.000000 5
2025 1.000000 3
2030 0.000000 5
2035 1.000000 5
2040 0.000000 5
2043 1.000000 3
2047 -1.000000 4
2051 1.000000 4
2054 1.000000 3
2059 1.000000 5
2063 1.000000 4
2067 -1.000000 4
2070 -1.000000 3
2074 -1.000000 4
2079 1.000000 5
2084 1.000000 5
2088 1.000000 4
2093 1.000000 5
2098 0.000000 5
2102 -1.000000 4
2107 0.000000 5
2112 1.000000 5
2116 -1.000000 4
2120 1.000000 4
2125 1.000000 5
2130 1.000000 5
2135 0.000000 5
2138 -1.000000 3
2143 1.000000 5
2148 1.000000 5
2152 -1.000000 4
2157 1.000000 5
2162 0.000000 5
2167 1.000000 5
2171 -1.000000 4
2176 1.000000 5
2179 1.000000 3
2183 1.000000 4
2187 1.000000 4
2192 1.000000 5
2195 1.000000 3
2200 1.000000 5
2204 -1.000000 4
2209 1.000000 5
2213 1.000000 4
2218 1.000000 5
2223 1.000000 5
2227 -1.000000 4
2231 1.000000 4
2236 1.000000 5
2239 -1.000000 3
2243 -1.000000 4
2247 1.000000 4
2252 0.000000 5
2256 -1.000000 4
2261 1.000000 5
2264 1.000000 3
2268 1.000000 4
2271 1.000000 3
2275 1.000000 4
2280 1.000000 5
2284 -1.000000 4
2287 1.000000 3
2292 1.000000 5
2296 -1.000000 4
2300 1.000000 4
2303 -1.000000 3
2307 1.000000 4
2311 -1.000000 4
2316 1.000000 5
2320 1.000000 4
2325 1.000000 5
2329 -1.000000 4
2333 1.000000 4
2336 1.000000 3
2340 1.000000 4
2345 1.000000 5
2349 1.000000 4
2354 0.000000 5
2357 1.000000 3
2361 1.000000 4
2366 1.000000 5
2370 1.000000 4
2375 0.000000 5
2379 -1.000000 4
2384 0.000000 5
2387 1.000000 3
2392 0.000000 5
2397 0.000000 5
2402 1.000000 5
2406 1.000000 4
2411 0.000000 5
2416 1.000000 5
2420 1.000000 4
2424 1.000000 4
2429 1.000000 5
2434 1.000000 5
2439 0.000000 5
2444 1.000000 5
2447 1.000000 3
2451 1.000000 4
2456 1.000000 5
2460 -1.000000 4
2464 1.000000 4
2469 1.000000 5
2473 1.000000 4
2476 1.000000 3
2479 1.000000 3
2483 -1.000000 4
2487 1.000000 4
2492 0.000000 5
2495 1.000000 3
2498 -1.000000 3
2501 1.000000 3
2504 1.000000 3
2508 1.000000 4
2513 1.000000 5
2518 1.000000 5
2522 1.000000 4
2527 1.000000 5
2532 0.000000 5
2536 -1.000000 4
2540 1.000000 4
2545 1.000000 5
2549 1.000000 4
2553 1.000000 4
2558 0.000000 5
2563 1.000000 5
2567 1.000000 4
2572 1.000000 5
2576 1.000000 4
2581 1.000000 5
2586 1.000000 5
2591 0.000000 5
2595 -1.000000 4
2600 1.000000 5
2605 1.000000 5
2609 -1.000000 4
2614 1.000000 5
2618 -1.000000 4
2622 -1.000000 4
2627 1.000000 5
2631 1.000000 4
2636 1.000000 5
2639 -1.000000 3
2644 0.000000 5
2649 0.000000 5
2653 1.000000 4
2657 -1.000000 4
2662 0.000000 5
2666 -1.000000 4
2669 1.000000 3
2673 1.000000 4
2677 1.000000 4
2681 1.000000 4
2684 -1.000000 3
2687 1.000000 3
2691 1.000000 4
2696 1.000000 5
2700 -1.000000 4
2705 1.000000 5
2709 1.000000 4
2714 0.000000 5
2718 -1.000000 4
2722 1.000000 4
2726 1.000000 4
2731 1.000000 5
2734 -1.000000 3
2739 1.000000 5
2744 1.000000 5
2749 0.000000 5
2754 1.000000 5
2758 1.000000 4
2762 1.000000 4
2766 -1.000000 4
2771 0.000000 5
2776 1.000000 5
2779 1.000000 3
2783 -1.000000 4
2788 1.000000 5
2792 1.000000 4
2795 -1.000000 3
2800 1.000000 5
2805 1.000000 5
2809 1.000000 4
2813 1.000000 4
2818 1.000000 5
2823 1.000000 5
2828 0.000000 5
2833 0.000000 5
2837 1.000000 4
2842 0.000000 5
2847 0.000000 5
2852 0.000000 5
2857 1.000000 5
2862 1.000000 5
2866 1.000000 4
2871 1.000000 5
2876 0.000000 5
2880 1.000000 4
2884 -1.000000 4
2887 -1.000000 3
2891 1.000000 4
2895 -1.000000 4
2900 1.000000 5
2904 1.000000 4
2909 1.000000 5
2914 1.000000 5
2918 1.000000 4
2923 0.000000 5
2927 -1.000000 4
2932 0.000000 5
2937 0.000000 5
2942 0.000000 5
2946 -1.000000 4
2951 0.000000 5
2955 1.000000 4
2958 -1.000000 3
2963 1.000000 5
2968 1.000000 5
2971 -1.000000 3
2976 1.000000 5
2981 0.000000 5
2986 1.000000 5
2991 1.000000 5
2996 1.000000 5
3001 0.000000 5
3005 1.000000 4
3010 0.000000 5
3015 1.000000 5
3020 1.000000 5
3025 1.000000 5
3029 -1.000000 4
3032 -1.000000 3
3036 1.000000 4
3041 0.000000 5
3046 1.000000 5
3049 -1.000000 3
3054 1.000000 5
3058 -1.000000 4
3061 1.000000 3
3065 1.000000 4
3068 -1.000000 3
3073 0.000000 5
3077 -1.000000 4
3081 -1.000000 4
3084 -1.000000 3
3088 1.000000 4
3092 1.000000 4
3097 0.000000 5
3100 1.000000 3
3104 -1.000000 4
3107 -1.000000 3
3111 1.000000 4
3115 1.000000 4
3120 1.000000 5
3124 1.000000 4
3127 -1.000000 3
3132 0.000000 5
3137 1.000000 5
3142 1.000000 5
3145 -1.000000 3
3148 -1.000000 3
3152 1.000000 4
3157 1.000000 5
3161 1.000000 4
3166 0.000000 5
3169 -1.000000 3
3174 1.000000 5
3179 1.000000 5
3183 -1.000000 4
3187 1.000000 4
3191 1.000000 4
3194 1.000000 3
3198 1.000000 4
3203 0.000000 5
3208 1.000000 5
3213 1.000000 5
3217 -1.000000 4
3222 1.000000 5
3227 1.000000 5
3231 1.000000 4
3235 -1.000000 4
3239 1.000000 4
3243 -1.000000 4
3248 0.000000 5
3253 0.000000 5
3257 1.000000 4
3260 -1.000000 3
3264 1.000000 4
3269 1.000000 5
3273 1.000000 4
3276 -1.000000 3
3279 1.000000 3
3283 1.000000 4
3287 1.000000 4
3292 0.000000 5
3296 1.000000 4
3300 1.000000 4
3304 -1.000000 4
3309 0.000000 5
3314 1.000000 5
3318 -1.000000 4
3322 1.000000 4
3327 1.000000 5
3331 -1.000000 4
3335 1.000000 4
3340 0.000000 5
3343 1.000000 3
3347 1.000000 4
3352 1.000000 5
3356 -1.000000 4
3361 1.000000 5
3365 1.000000 4
3369 -1.000000 4
3373 1.000000 4
3378 1.000000 5
3382 -1.000000 4
3385 -1.000000 3
3388 -1.000000 3
3393 1.000000 5
3398 0.000000 5
3402 -1.000000 4
3406 1.000000 4
3410 1.000000 4
3414 1.000000 4
3417 1.000000 3
3421 1.000000 4
3426 0.000000 5
3429 1.000000 3
3434 1.000000 5
3438 1.000000 4
3443 0.000000 5
3447 -1.000000 4
3451 1.000000 4
3456 0.000000 5
3460 -1.000000 4
3465 0.000000 5
3469 -1.000000 4
3474 0.000000 5
3479 1.000000 5
3482 -1.000000 3
3486 1.000000 4
3489 -1.000000 3
3493 1.000000 4
3498 1.000000 5
3501 1.000000 3
3505 1.000000 4
3508 1.000000 3
3512 -1.000000 4
3516 -1.000000 4
3520 1.000000 4
3525 0.000000 5
3529 1.000000 4
3534 1.000000 5
3537 1.000000 3
3540 1.000000 3
3543 1.000000 3
3548 1.000000 5
3552 -1.000000 4
3556 -1.000000 4
3560 -1.000000 4
3564 -1.000000 4
3568 -1.000000 4
3573 0.000000 5
3577 -1.000000 4
3581 1.000000 4
3584 1.000000 3
3587 -1.000000 3
3590 1.000000 3
3594 1.000000 4
3598 1.000000 4
3603 1.000000 5
3606 1.000000 3
3610 -1.000000 4
3614 1.000000 4
3617 1.000000 3
3622 0.000000 5
3625 -1.000000 3
3630 1.000000 5
3634 1.000000 4
3638 -1.000000 4
3642 1.000000 4
3647 1.000000 5
3651 1.000000 4
3655 -1.000000 4
3660 1.000000 5
3665 1.000000 5
3669 -1.000000 4
3673 -1.000000 4
3678 1.000000 5
3683 1.000000 5
3687 1.000000 4
3691 -1.000000 4
3695 -1.000000 4
3698 1.000000 3
3702 1.000000 4
3705 -1.000000 3
3709 1.000000 4
3713 -1.000000 4
3718 1.000000 5
3722 -1.000000 4
3725 1.000000 3
3728 -1.000000 3
3732 -1.000000 4
3736 -1.000000 4
3740 -1.000000 4
3744 1.000000 4
3748 -1.000000 4
3753 1.000000 5
3758 1.000000 5
3761 1.000000 3
3764 1.000000 3
3769 0.000000 5
3774 0.000000 5
3779 1.000000 5
3783 -1.000000 4
3787 1.000000 4
3791 -1.000000 4
3795 1.000000 4
3799 -1.000000 4
3804 1.000000 5
3808 1.000000 4
3813 1.000000 5
3818 1.000000 5
3823 1.000000 5
3826 1.000000 3
3830 1.000000 4
3833 -1.000000 3
3838 1.000000 5
3842 -1.000000 4
3846 -1.000000 4
3849 1.000000 3
3854 1.000000 5
3859 1.000000 5
3864 1.000000 5
3869 1.000000 5
3874 0.000000 5
3878 1.000000 4
3882 -1.000000 4
3886 1.000000 4
3890 -1.000000 4
3895 1.000000 5
3899 -1.000000 4
3903 1.000000 4
3907 1.000000 4
3911 1.000000 4
3914 1.000000 3
3918 1.000000 4
3921 1.000000 3
3924 -1.000000 3
3928 -1.000000 4
3932 -1.000000 4
3936 1.000000 4
3939 -1.000000 3
3943 -1.000000 4
3948 1.000000 5
3952 1.000000 4
3957 1.000000 5
3962 0.000000 5
3967 1.000000 5
3970 -1.000000 3
3973 1.000000 3
3978 1.000000 5
3981 -1.000000 3
3984 -1.000000 3
3989 1.000000 5
3994 1.000000 5
3998 -1.000000 4
4002 1.000000 4
4006 1.000000 4
4011 0.000000 5
4016 0.000000 5
4021 1.000000 5
4025 -1.000000 4
4029 -1.000000 4
4033 1.000000 4
4038 0.000000 5
4042 1.000000 4
4046 -1.000000 4
4050 -1.000000 4
4054 1.000000 4
4058 -1.000000 4
4062 1.000000 4
4067 0.000000 5
4071 -1.000000 4
4075 -1.000000 4
4078 -1.000000 3
4081 -1.000000 3
4086 0.000000 5
4090 1.000000 4
4093 -1.000000 3
4097 -1.000000 4
4102 0.000000 5
4107 0.000000 5
4110 1.000000 3
4115 1.000000 5
4118 1.000000 3
4121 -1.000000 3
4124 -1.000000 3
4129 0.000000 5
4134 1.000000 5
4137 1.000000 3
4141 1.000000 4
4146 0.000000 5
4150 -1.000000 4
4155 1.000000 5
4159 -1.000000 4
4164 0.000000 5
4167 -1.000000 3
4171 1.000000 4
4174 1.000000 3
4177 1.000000 3
4181 1.000000 4
4185 -1.000000 4
4189 -1.000000 4
4193 -1.000000 4
4197 -1.000000 4
4202 1.000000 5
4206 1.000000 4
4211 1.000000 5
4215 1.000000 4
4219 1.000000 4
4223 -1.000000 4
4228 1.000000 5
4233 1.000000 5
4237 1.000000 4
4240 -1.000000 3
4243 -1.000000 3
4247 1.000000 4
4250 1.000000 3
4255 1.000000 5
4259 1.000000 4
4263 1.000000 4
4267 -1.000000 4
4270 1.000000 3
4274 1.000000 4
4278 -1.000000 4
4282 -1.000000 4
4286 -1.000000 4
4290 -1.000000 4
4294 1.000000 4
4298 1.000000 4
4302 1.000000 4
4307 1.000000 5
4311 -1.000000 4
4315 1.000000 4
4319 -1.000000 4
4324 0.000000 5
4329 1.000000 5
4333 1.000000 4
4338 1.000000 5
4342 -1.000000 4
4347 0.000000 5
4352 1.000000 5
4355 1.000000 3
4360 1.000000 5
4363 -1.000000 3
4367 -1.000000 4
4370 -1.000000 3
4375 0.000000 5
4380 1.000000 5
4385 1.000000 5
4390 0.000000 5
4394 1.000000 4
4399 0.000000 5
4404 1.000000 5
4408 1.000000 4
4413 0.000000 5
4416 -1.000000 3
4420 1.000000 4
4424 1.000000 4
4428 -1.000000 4
4433 1.000000 5
4437 1.000000 4
4441 -1.000000 4
4445 1.000000 4
4450 1.000000 5
4454 1.000000 4
4458 -1.000000 4
4462 -1.000000 4
4466 1.000000 4
4470 1.000000 4
4474 1.000000 4
4479 1.000000 5
4484 1.000000 5
4489 0.000000 5
4492 1.000000 3
4497 1.000000 5
4500 1.000000 3
4503 1.000000 3
4508 1.000000 5
4512 -1.000000 4
4516 -1.000000 4
4519 1.000000 3
4524 0.000000 5
4528 1.000000 4
4531 -1.000000 3
4535 -1.000000 4
4538 1.000000 3
4541 1.000000 3
4544 1.000000 3
4548 1.000000 4
4551 1.000000 3
4555 1.000000 4
4559 1.000000 4
4563 -1.000000 4
4567 -1.000000 4
4572 1.000000 5
4576 1.000000 4
4581 0.000000 5
4584 -1.000000 3
4588 -1.000000 4
4593 1.000000 5
4596 -1.000000 3
4601 1.000000 5
4605 1.000000 4
4609 -1.000000 4
4614 0.000000 5
4618 1.000000 4
4623 1.000000 5
4626 -1.000000 3
4629 -1.000000 3
4633 1.000000 4
4636 -1.000000 3
4641 1.000000 5
4646 1.000000 5
4650 -1.000000 4
4655 1.000000 5
4660 1.000000 5
4663 1.000000 3
4666 1.000000 3
4671 1.000000 5
4674 1.000000 3
4679 1.000000 5
4684 0.000000 5
4689 0.000000 5
4693 -1.000000 4
4697 1.000000 4
4701 1.000000 4
4704 1.000000 3
4708 -1.000000 4
4713 1.000000 5
4717 1.000000 4
4721 -1.000000 4
4726 0.000000 5
4730 1.000000 4
4735 0.000000 5
4740 1.000000 5
4745 0.000000 5
4750 0.000000 5
4755 1.000000 5
4759 1.000000 4
4763 -1.000000 4
4767 -1.000000 4
4770 1.000000 3
4774 -1.000000 4
4778 -1.000000 4
4781 -1.000000 3
4786 1.000000 5
4790 -1.000000 4
4793 -1.000000 3
4797 1.000000 4
4802 1.000000 5
4807 0.000000 5
4810 1.000000 3
4815 1.000000 5
4819 -1.000000 4
4823 1.000000 4
4828 1.000000 5
4833 1.000000 5
4836 1.000000 3
4839 1.000000 3
4844 1.000000 5
4849 1.000000 5
4853 1.000000 4
4857 -1.000000 4
4861 -1.000000 4
4865 -1.000000 4
4869 1.000000 4
4874 0.000000 5
4879 0.000000 5
4882 1.000000 3
4885 -1.000000 3
4888 -1.000000 3
4892 1.000000 4
4896 1.000000 4
4901 0.000000 5
4905 1.000000 4
4910 1.000000 5
4914 1.000000 4
4918 -1.000000 4
4923 1.000000 5
4927 -1.000000 4
4931 1.000000 4
4935 -1.000000 4
4940 1.000000 5
4945 0.000000 5
4949 -1.000000 4
4954 1.000000 5
4959 1.000000 5
4962 -1.000000 3
4967 1.000000 5
4971 1.000000 4
4975 1.000000 4
4980 1.000000 5
4983 1.000000 3
4987 -1.000000 4
4991 1.000000 4
4994 -1.000000 3
4999 1.000000 5
5003 1.000000 4
5007 1.000000 4
5012 0.000000 5
5015 -1.000000 3
5020 1.000000 5
5025 1.000000 5
5029 1.000000 4
5034 1.000000 5
5038 1.000000 4
5041 1.000000 3
5044 -1.000000 3
5048 1.000000 4
5051 -1.000000 3
5056 1.000000 5
5060 -1.000000 4
5064 1.000000 4
5068 1.000000 4
5072 -1.000000 4
5077 1.000000 5
5082 1.000000 5
5087 1.000000 5
5090 1.000000 3
5095 0.000000 5
5100 0.000000 5
5104 1.000000 4
5108 1.000000 4
5112 1.000000 4
5116 1.000000 4
5121 0.000000 5
5124 1.000000 3
5128 -1.000000 4
5133 1.000000 5
5136 -1.000000 3
5140 -1.000000 4
5145 1.000000 5
5149 1.000000 4
5153 -1.000000 4
5157 1.000000 4
5162 1.000000 5
5167 1.000000 5
5170 1.000000 3
5175 1.000000 5
5178 1.000000 3
5183 1.000000 5
5187 1.000000 4
5192 1.000000 5
5197 1.000000 5
5201 1.000000 4
5205 1.000000 4
5209 -1.000000 4
5212 1.000000 3
5217 0.000000 5
5222 0.000000 5
5227 0.000000 5
5231 1.000000 4
5234 1.000000 3
5237 1.000000 3
5242 1.000000 5
5245 -1.000000 3
5249 1.000000 4
5253 1.000000 4
5257 -1.000000 4
5261 -1.000000 4
5264 -1.000000 3
5268 1.000000 4
5273 1.000000 5
5277 1.000000 4
5281 1.000000 4
5285 1.000000 4
5289 -1.000000 4
5294 0.000000 5
5298 1.000000 4
5303 1.000000 5
5308 1.000000 5
5313 1.000000 5
5316 1.000000 3
5320 1.000000 4
5325 0.000000 5
5329 1.000000 4
5332 1.000000 3
5335 1.000000 3
5339 1.000000 4
5344 1.000000 5
5348 -1.000000 4
5351 -1.000000 3
5356 0.000000 5
5360 1.000000 4
5364 1.000000 4
5369 1.000000 5
5373 -1.000000 4
5376 -1.000000 3
5381 0.000000 5
5384 -1.000000 3
5389 1.000000 5
5392 1.000000 3
5395 -1.000000 3
5399 -1.000000 4
5404 0.000000 5
5408 1.000000 4
5413 1.000000 5
5416 1.000000 3
5420 1.000000 4
5424 -1.000000 4
5429 1.000000 5
5433 1.000000 4
5438 1.000000 5
5442 1.000000 4
5447 1.000000 5
5450 1.000000 3
5453 -1.000000 3
5458 1.000000 5
5462 1.000000 4
5466 -1.000000 4
5470 1.000000 4
5475 1.000000 5
5478 -1.000000 3
5483 1.000000 5
5487 1.000000 4
5492 0.000000 5
5496 -1.000000 4
5501 1.000000 5
5506 1.000000 5
5510 -1.000000 4
5513 -1.000000 3
5518 1.000000 5
5521 1.000000 3
5526 1.000000 5
5531 1.000000 5
5535 1.000000 4
5539 1.000000 4
5544 1.000000 5
5547 1.000000 3
5551 -1.000000 4
5556 0.000000 5
5559 1.000000 3
5562 -1.000000 3
5566 -1.000000 4
5571 1.000000 5
5576 1.000000 5
5581 0.000000 5
5586 0.000000 5
5590 -1.000000 4
5594 -1.000000 4
5599 1.000000 5
5603 -1.000000 4
5607 1.000000 4
5612 0.000000 5
5616 1.000000 4
5620 -1.000000 4
5625 1.000000 5
5629 1.000000 4
5634 1.000000 5
5638 -1.000000 4
5643 1.000000 5
5646 -1.000000 3
5650 1.000000 4
5654 -1.000000 4
5658 1.000000 4
5662 1.000000 4
5665 1.000000 3
5669 1.000000 4
5673 -1.000000 4
5677 1.000000 4
5681 1.000000 4
5686 0.000000 5
5691 0.000000 5
5695 1.000000 4
5699 1.000000 4
5704 1.000000 5
5709 1.000000 5
5712 1.000000 3
5716 1.000000 4
5721 1.000000 5
5726 1.000000 5
5731 0.000000 5
5735 1.000000 4
5740 1.000000 5
5745 1.000000 5
5749 -1.000000 4
5753 1.000000 4
5757 -1.000000 4
5760 1.000000 3
5765 1.000000 5
5768 1.000000 3
5772 1.000000 4
5776 -1.000000 4
5781 1.000000 5
5785 -1.000000 4
5789 1.000000 4
5794 1.000000 5
5799 0.000000 5
5803 1.000000 4
5808 0.000000 5
5812 1.000000 4
5816 -1.000000 4
5821 1.000000 5
5825 1.000000 4
5829 1.000000 4
5833 -1.000000 4
5838 1.000000 5
5842 -1.000000 4
5846 1.000000 4
5849 1.000000 3
5853 1.000000 4
5858 1.000000 5
5862 1.000000 4
5866 1.000000 4
5870 -1.000000 4
5874 -1.000000 4
5877 -1.000000 3
5881 1.000000 4
5884 1.000000 3
5889 1.000000 5
5894 1.000000 5
5898 -1.000000 4
5903 1.000000 5
5906 1.000000 3
5911 1.000000 5
5915 1.000000 4
5919 -1.000000 4
5923 -1.000000 4
5928 0.000000 5
5933 1.000000 5
5938 0.000000 5
5942 -1.000000 4
5946 1.000000 4
5950 1.000000 4
5955 0.000000 5
5959 1.000000 4
5964 1.000000 5
5969 1.000000 5
5974 1.000000 5
5978 -1.000000 4
5983 1.000000 5
5987 -1.000000 4
5992 1.000000 5
5995 -1.000000 3
6000 0.000000 5
6003 -1.000000 3
6007 1.000000 4
6011 1.000000 4
6015 -1.000000 4
6019 1.000000 4
6022 -1.000000 3
6027 1.000000 5
6031 -1.000000 4
6035 -1.000000 4
6039 1.000000 4
6043 1.000000 4
6047 1.000000 4
6052 0.000000 5
6055 1.000000 3
6059 -1.000000 4
6064 0.000000 5
6068 1.000000 4
6072 1.000000 4
6076 1.000000 4
6080 -1.000000 4
6085 1.000000 5
6090 1.000000 5
6094 -1.000000 4
6097 -1.000000 3
6100 -1.000000 3
6104 1.000000 4
6109 0.000000 5
6113 1.000000 4
6118 1.000000 5
6121 1.000000 3
6124 1.000000 3
6129 1.000000 5
6133 -1.000000 4
6137 1.000000 4
6140 -1.000000 3
6144 1.000000 4
6147 1.000000 3
6151 -1.000000 4
6155 1.000000 4
6158 -1.000000 3
6162 1.000000 4
6166 1.000000 4
6171 1.000000 5
6174 1.000000 3
6178 -1.000000 4
6182 -1.000000 4
6186 1.000000 4
6190 1.000000 4
6194 -1.000000 4
6198 -1.000000 4
6202 1.000000 4
6206 1.000000 4
6209 1.000000 3
6212 -1.000000 3
6217 0.000000 5
6222 1.000000 5
6226 1.000000 4
6231 0.000000 5
6235 -1.000000 4
6240 1.000000 5
6244 1.000000 4
6248 -1.000000 4
6251 1.000000 3
6255 1.000000 4
6259 1.000000 4
6263 1.000000 4
6267 -1.000000 4
6270 -1.000000 3
6275 0.000000 5
6278 -1.000000 3
6282 -1.000000 4
6285 -1.000000 3
6289 1.000000 4
6294 1.000000 5
6299 1.000000 5
6302 -1.000000 3
6306 1.000000 4
6309 -1.000000 3
6313 -1.000000 4
6318 1.000000 5
6323 1.000000 5
6327 1.000000 4
6332 1.000000 5
6336 -1.000000 4
6340 1.000000 4
6344 1.000000 4
6348 -1.000000 4
6352 1.000000 4
6357 1.000000 5
6361 1.000000 4
6364 -1.000000 3
6367 -1.000000 3
6372 1.000000 5
6376 1.000000 4
6379 1.000000 3
6383 -1.000000 4
6387 1.000000 4
6391 -1.000000 4
6396 1.000000 5
6400 -1.000000 4
6405 1.000000 5
6408 -1.000000 3
6413 0.000000 5
6418 0.000000 5
6423 1.000000 5
6428 0.000000 5
6433 1.000000 5
6436 1.000000 3
6441 1.000000 5
6445 -1.000000 4
6450 1.000000 5
6455 1.000000 5
6460 1.000000 5
6463 1.000000 3
6467 1.000000 4
6472 0.000000 5
6477 0.000000 5
6481 1.000000 4
6485 -1.000000 4
6488 -1.000000 3
6492 -1.000000 4
6497 1.000000 5
6502 0.000000 5
6506 1.000000 4
6511 1.000000 5
6515 1.000000 4
6518 1.000000 3
6521 1.000000 3
6525 -1.000000 4
6528 -1.000000 3
6532 -1.000000 4
6536 1.000000 4
6539 -1.000000 3
6543 -1.000000 4
6546 1.000000 3
6550 1.000000 4
6555 0.000000 5
6559 -1.000000 4
6563 1.000000 4
6568 0.000000 5
6571 1.000000 3
6575 -1.000000 4
6578 -1.000000 3
6582 -1.000000 4
6587 1.000000 5
6591 1.000000 4
6596 0.000000 5
6601 1.000000 5
6606 1.000000 5
6611 1.000000 5
6615 1.000000 4
6618 1.000000 3
6623 1.000000 5
6626 -1.000000 3
6631 1.000000 5
6635 1.000000 4
6638 1.000000 3
6642 -1.000000 4
6645 1.000000 3
6650 1.000000 5
6654 1.000000 4
6657 -1.000000 3
6662 0.000000 5
6667 0.000000 5
6671 -1.000000 4
6675 -1.000000 4
6680 1.000000 5
6685 0.000000 5
6690 1.000000 5
6694 1.000000 4
6698 -1.000000 4
6703 0.000000 5
6707 1.000000 4
6710 -1.000000 3
6714 1.000000 4
6717 -1.000000 3
6722 1.000000 5
6725 -1.000000 3
6730 1.000000 5
6735 1.000000 5
6740 0.000000 5
6744 1.000000 4
6748 -1.000000 4
6751 1.000000 3
6756 1.000000 5
6759 1.000000 3
6762 1.000000 3
6766 -1.000000 4
6771 0.000000 5
6776 0.000000 5
6780 1.000000 4
6785 1.000000 5
6789 1.000000 4
6794 0.000000 5
6797 -1.000000 3
6801 -1.000000 4
6806 0.000000 5
6810 1.000000 4
6814 -1.000000 4
6819 1.000000 5
6823 -1.000000 4
6828 1.000000 5
6832 1.000000 4
6835 1.000000 3
6840 1.000000 5
6845 1.000000 5
6850 0.000000 5
6854 -1.000000 4
6859 0.000000 5
6864 1.000000 5
6869 0.000000 5
6872 -1.000000 3
6875 -1.000000 3
6880 0.000000 5
6884 1.000000 4
6888 1.000000 4
6892 1.000000 4
6896 1.000000 4
6899 -1.000000 3
6904 1.000000 5
6909 1.000000 5
6914 1.000000 5
6918 -1.000000 4
6922 -1.000000 4
6926 1.000000 4
6930 1.000000 4
6934 1.000000 4
6938 1.000000 4
6943 1.000000 5
6946 1.000000 3
6950 1.000000 4
6955 1.000000 5
6960 1.000000 5
6964 1.000000 4
6968 1.000000 4
6971 -1.000000 3
6976 0.000000 5
6980 -1.000000 4
6983 -1.000000 3
6988 0.000000 5
6992 1.000000 4
6996 1.000000 4
6999 1.000000 3
7004 0.000000 5
7008 1.000000 4
7012 1.000000 4
7017 0.000000 5
7022 0.000000 5
7025 1.000000 3
7029 1.000000 4
7033 1.000000 4
7036 -1.000000 3
7039 -1.000000 3
7044 0.000000 5
7049 1.000000 5
7054 1.000000 5
7059 0.000000 5
7064 1.000000 5
7068 1.000000 4
7072 1.000000 4
7077 0.000000 5
7080 -1.000000 3
7084 -1.000000 4
7088 -1.000000 4
7093 1.000000 5
7097 -1.000000 4
7101 1.000000 4
7104 -1.000000 3
7108 1.000000 4
7112 -1.000000 4
7115 1.000000 3
7119 1.000000 4
7122 1.000000 3
7126 -1.000000 4
7130 -1.000000 4
7134 -1.000000 4
7138 -1.000000 4
7141 1.000000 3
7145 -1.000000 4
7149 -1.000000 4
7153 1.000000 4
7157 1.000000 4
7160 1.000000 3
7163 1.000000 3
7168 1.000000 5
7173 1.000000 5
7177 -1.000000 4
7180 1.000000 3
7183 1.000000 3
7188 0.000000 5
7192 -1.000000 4
7196 -1.000000 4
7200 -1.000000 4
7205 0.000000 5
7210 1.000000 5
7213 -1.000000 3
7217 -1.000000 4
7222 0.000000 5
7226 1.000000 4
7230 -1.000000 4
7234 -1.000000 4
7239 1.000000 5
7242 -1.000000 3
7247 1.000000 5
7252 1.000000 5
7256 -1.000000 4
7261 0.000000 5
7264 1.000000 3
7268 -1.000000 4
7273 0.000000 5
7277 1.000000 4
7282 1.000000 5
7285 -1.000000 3
7289 1.000000 4
7293 -1.000000 4
7297 1.000000 4
7301 -1.000000 4
7305 -1.000000 4
7310 1.000000 5
7315 1.000000 5
7320 0.000000 5
7324 -1.000000 4
7329 0.000000 5
7333 -1.000000 4
7338 1.000000 5
7342 1.000000 4
7346 1.000000 4
7351 1.000000 5
7354 1.000000 3
7358 1.000000 4
7363 0.000000 5
7368 1.000000 5
7371 1.000000 3
7375 1.000000 4
7380 0.000000 5
7384 -1.000000 4
7389 1.000000 5
7394 1.000000 5
7398 1.000000 4
7401 1.000000 3
7406 1.000000 5
7409 1.000000 3
7413 1.000000 4
7416 1.000000 3
7419 1.000000 3
7423 1.000000 4
7427 1.000000 4
7431 -1.000000 4
7435 1.000000 4
7439 -1.000000 4
7443 -1.000000 4
7446 1.000000 3
7451 1.000000 5
7455 1.000000 4
7459 1.000000 4
7462 1.000000 3
7466 1.000000 4
7470 1.000000 4
7475 1.000000 5
7480 0.000000 5
7484 1.000000 4
7488 1.000000 4
7492 -1.000000 4
7495 1.000000 3
7499 1.000000 4
7503 -1.000000 4
7508 1.000000 5
7512 1.000000 4
7517 1.000000 5
7520 -1.000000 3
7525 1.000000 5
7528 1.000000 3
7533 0.000000 5
7537 -1.000000 4
7541 1.000000 4
7545 1.000000 4
7549 -1.000000 4
7553 1.000000 4
7556 -1.000000 3
7561 1.000000 5
7566 0.000000 5
7571 1.000000 5
7575 1.000000 4
7580 1.000000 5
7585 1.000000 5
7589 -1.000000 4
7593 1.000000 4
7598 1.000000 5
7602 1.000000 4
7606 1.000000 4
7610 -1.000000 4
7615 1.000000 5
7618 1.000000 3
7621 1.000000 3
7626 1.000000 5
7630 -1.000000 4
7635 1.000000 5
7638 1.000000 3
7642 1.000000 4
7646 1.000000 4
7651 0.000000 5
7654 -1.000000 3
7658 -1.000000 4
7661 -1.000000 3
7664 1.000000 3
7668 -1.000000 4
7671 -1.000000 3
7675 1.000000 4
7679 -1.000000 4
7683 -1.000000 4
7687 1.000000 4
7691 1.000000 4
7695 1.000000 4
7700 0.000000 5
7704 -1.000000 4
7709 0.000000 5
7714 0.000000 5
7718 1.000000 4
7723 0.000000 5
7728 1.000000 5
7731 1.000000 3
7734 -1.000000 3
7737 1.000000 3
7741 1.000000 4
7745 -1.000000 4
7749 -1.000000 4
7754 0.000000 5
7758 1.000000 4
7762 1.000000 4
7765 1.000000 3
7769 1.000000 4
7772 -1.000000 3
7776 -1.000000 4
7780 -1.000000 4
7784 1.000000 4
7788 -1.000000 4
7792 -1.000000 4
7797 0.000000 5
7802 1.000000 5
7807 1.000000 5
7812 1.000000 5
7816 -1.000000 4
7820 1.000000 4
7825 0.000000 5
7828 1.000000 3
7831 -1.000000 3
7835 -1.000000 4
7839 1.000000 4
7842 1.000000 3
7847 1.000000 5
7851 1.000000 4
7854 1.000000 3
7858 -1.000000 4
7862 -1.000000 4
7867 1.000000 5
7871 -1.000000 4
7875 -1.000000 4
7880 0.000000 5
7885 0.000000 5
7889 -1.000000 4
7894 1.000000 5
7899 0.000000 5
7903 1.000000 4
7906 1.000000 3
7910 1.000000 4
7914 1.000000 4
7918 -1.000000 4
7923 1.000000 5
7927 1.000000 4
7931 1.000000 4
7936 0.000000 5
7941 1.000000 5
7946 1.000000 5
7950 -1.000000 4
7955 0.000000 5
7958 -1.000000 3
7962 1.000000 4
7965 -1.000000 3
7969 -1.000000 4
7973 1.000000 4
7978 1.000000 5
7982 1.000000 4
7987 1.000000 5
7992 0.000000 5
7997 1.000000 5
8001 1.000000 4
8005 1.000000 4
8009 -1.000000 4
8013 -1.000000 4
8017 -1.000000 4
8022 1.000000 5
8027 1.000000 5
8031 1.000000 4
8034 1.000000 3
8038 1.000000 4
8041 -1.000000 3
8045 -1.000000 4
8048 1.000000 3
8052 1.000000 4
8057 1.000000 5
8062 1.000000 5
8066 -1.000000 4
8069 1.000000 3
8073 1.000000 4
8077 1.000000 4
8082 1.000000 5
8086 -1.000000 4
8090 1.000000 4
8093 1.000000 3
8097 -1.000000 4
8102 1.000000 5
8106 -1.000000 4
8111 1.000000 5
8115 -1.000000 4
8120 1.000000 5
8123 -1.000000 3
8127 -1.000000 4
8132 1.000000 5
8136 1.000000 4
8140 1.000000 4
8145 0.000000 5
8150 1.000000 5
8154 -1.000000 4
8159 0.000000 5
8162 -1.000000 3
8165 -1.000000 3
8169 1.000000 4
8174 0.000000 5
8178 -1.000000 4
8182 -1.000000 4
8187 1.000000 5
8190 1.000000 3
8195 1.000000 5
8199 -1.000000 4
8202 -1.000000 3
8206 -1.000000 4
8210 1.000000 4
8214 -1.000000 4
8218 1.000000 4
8222 1.000000 4
8225 1.000000 3
8230 1.000000 5
8235 1.000000 5
8239 1.000000 4
8242 1.000000 3
8246 -1.000000 4
8251 0.000000 5
8255 1.000000 4
8260 0.000000 5
8265 1.000000 5
8269 -1.000000 4
8273 1.000000 4
8278 1.000000 5
8282 -1.000000 4
8287 1.000000 5
8292 1.000000 5
8295 1.000000 3
8298 1.000000 3
8302 1.000000 4
8306 -1.000000 4
8310 -1.000000 4
8315 1.000000 5
8319 1.000000 4
8323 -1.000000 4
8328 0.000000 5
8332 1.000000 4
8336 1.000000 4
8340 1.000000 4
8343 -1.000000 3
8346 -1.000000 3
8349 1.000000 3
8353 1.000000 4
8357 -1.000000 4
8360 1.000000 3
8364 -1.000000 4
8368 -1.000000 4
8373 1.000000 5
8377 -1.000000 4
8380 -1.000000 3
8383 -1.000000 3
8387 -1.000000 4
8391 1.000000 4
8396 0.000000 5
8400 -1.000000 4
8404 1.000000 4
8408 1.000000 4
8413 1.000000 5
8416 1.000000 3
8419 1.000000 3
8423 1.000000 4
8428 0.000000 5
8432 1.000000 4
8435 -1.000000 3
8439 1.000000 4
8443 -1.000000 4
8447 1.000000 4
8452 0.000000 5
8457 1.000000 5
8460 -1.000000 3
8464 -1.000000 4
8469 0.000000 5
8472 1.000000 3
8477 1.000000 5
8481 1.000000 4
8486 1.000000 5
8491 1.000000 5
8494 -1.000000 3
8499 1.000000 5
8503 -1.000000 4
8507 -1.000000 4
8511 1.000000 4
8515 -1.000000 4
8520 0.000000 5
8524 1.000000 4
8529 0.000000 5
8532 1.000000 3
8536 1.000000 4
8541 0.000000 5
8546 1.000000 5
8551 1.000000 5
8556 1.000000 5
8561 0.000000 5
8566 0.000000 5
8570 1.000000 4
8575 1.000000 5
8579 -1.000000 4
8582 -1.000000 3
8585 -1.000000 3
8589 1.000000 4
8594 0.000000 5
8598 -1.000000 4
8603 0.000000 5
8607 1.000000 4
8612 1.000000 5
8616 -1.000000 4
8621 0.000000 5
8626 1.000000 5
8630 1.000000 4
8635 1.000000 5
8639 1.000000 4
8644 0.000000 5
8648 -1.000000 4
8651 1.000000 3
8656 1.000000 5
8660 1.000000 4
8665 1.000000 5
8670 0.000000 5
8674 -1.000000 4
8679 0.000000 5
8682 1.000000 3
8685 -1.000000 3
8689 1.000000 4
8693 1.000000 4
8696 -1.000000 3
8699 1.000000 3
8702 1.000000 3
8707 1.000000 5
8712 0.000000 5
8716 1.000000 4
8720 1.000000 4
8725 0.000000 5
8729 1.000000 4
8734 1.000000 5
8737 1.000000 3
8742 0.000000 5
8746 -1.000000 4
8750 1.000000 4
8755 0.000000 5
8759 -1.000000 4
8762 1.000000 3
8767 1.000000 5
8771 -1.000000 4
8776 0.000000 5
8780 -1.000000 4
8784 1.000000 4
8788 -1.000000 4
8792 -1.000000 4
8797 1.000000 5
8800 -1.000000 3
8803 1.000000 3
8807 -1.000000 4
8811 -1.000000 4
8814 -1.000000 3
8818 1.000000 4
8822 1.000000 4
8827 0.000000 5
8830 1.000000 3
8835 0.000000 5
8840 1.000000 5
8845 0.000000 5
8850 1.000000 5
8855 1.000000 5
8859 -1.000000 4
8864 1.000000 5
8868 1.000000 4
8871 -1.000000 3
8875 -1.000000 4
8879 1.000000 4
8884 0.000000 5
8889 1.000000 5
8893 -1.000000 4
8896 -1.000000 3
8901 0.000000 5
8906 0.000000 5
8911 0.000000 5
8914 -1.000000 3
8917 -1.000000 3
8921 1.000000 4
8924 1.000000 3
8929 0.000000 5
8934 1.000000 5
8937 -1.000000 3
8941 -1.000000 4
8945 -1.000000 4
8948 1.000000 3
8952 1.000000 4
8955 1.000000 3
8960 1.000000 5
8965 1.000000 5
8970 0.000000 5
8974 1.000000 4
8979 1.000000 5
8982 -1.000000 3
8986 1.000000 4
8989 -1.000000 3
8994 1.000000 5
8999 1.000000 5
9002 -1.000000 3
9007 1.000000 5
9011 1.000000 4
9015 1.000000 4
9020 0.000000 5
9024 1.000000 4
9027 -1.000000 3
9031 1.000000 4
9035 -1.000000 4
9040 1.000000 5
9044 1.000000 4
9048 -1.000000 4
9053 1.000000 5
9056 1.000000 3
9060 1.000000 4
9064 1.000000 4
9068 1.000000 4
9072 -1.000000 4
9076 -1.000000 4
9079 1.000000 3
9083 1.000000 4
9087 -1.000000 4
9091 1.000000 4
9096 1.000000 5
9099 1.000000 3
9102 -1.000000 3
9106 1.000000 4
9110 -1.000000 4
9114 -1.000000 4
9117 -1.000000 3
9121 -1.000000 4
9125 1.000000 4
9129 -1.000000 4
9133 -1.000000 4
9137 1.000000 4
9141 1.000000 4
9144 1.000000 3
9148 -1.000000 4
9153 1.000000 5
9157 -1.000000 4
9161 -1.000000 4
9165 -1.000000 4
9169 -1.000000 4
9173 1.000000 4
9178 1.000000 5
9182 -1.000000 4
9185 1.000000 3
9190 1.000000 5
9195 0.000000 5
9199 1.000000 4
9203 1.000000 4
9207 1.000000 4
9210 -1.000000 3
9215 1.000000 5
9219 -1.000000 4
9222 -1.000000 3
9226 -1.000000 4
9230 -1.000000 4
9234 1.000000 4
9239 1.000000 5
9244 0.000000 5
9248 1.000000 4
9252 -1.000000 4
9257 0.000000 5
9262 1.000000 5
9266 1.000000 4
9271 1.000000 5
9275 1.000000 4
9278 1.000000 3
9281 -1.000000 3
9284 -1.000000 3
9289 1.000000 5
9293 -1.000000 4
9297 1.000000 4
9300 -1.000000 3
9305 1.000000 5
9309 1.000000 4
9313 -1.000000 4
9316 -1.000000 3
9321 0.000000 5
9325 -1.000000 4
9330 1.000000 5
9333 1.000000 3
9338 0.000000 5
9342 1.000000 4
9347 1.000000 5
9351 -1.000000 4
9356 0.000000 5
9360 -1.000000 4
9364 1.000000 4
9368 -1.000000 4
9373 1.000000 5
9378 1.000000 5
9382 -1.000000 4
9386 1.000000 4
9391 0.000000 5
9396 0.000000 5
9400 1.000000 4
9405 1.000000 5
9409 1.000000 4
9413 -1.000000 4
9418 0.000000 5
9422 -1.000000 4
9427 1.000000 5
9432 1.000000 5
9436 -1.000000 4
9440 -1.000000 4
9445 1.000000 5
9450 0.000000 5
9454 1.000000 4
9459 1.000000 5
9463 -1.000000 4
9467 1.000000 4
9471 1.000000 4
9476 0.000000 5
9480 1.000000 4
9484 -1.000000 4
9488 1.000000 4
9492 1.000000 4
9497 1.000000 5
9501 -1.000000 4
9504 1.000000 3
9508 1.000000 4
9513 1.000000 5
9518 1.000000 5
9523 1.000000 5
9527 -1.000000 4
9530 1.000000 3
9534 -1.000000 4
9539 1.000000 5
9543 1.000000 4
9547 -1.000000 4
9551 -1.000000 4
9555 -1.000000 4
9558 1.000000 3
9563 1.000000 5
9568 1.000000 5
9572 -1.000000 4
9577 1.000000 5
9581 -1.000000 4
9586 0.000000 5
9590 -1.000000 4
9594 1.000000 4
9599 0.000000 5
9604 1.000000 5
9608 1.000000 4
9613 1.000000 5
9618 0.000000 5
9623 1.000000 5
9628 1.000000 5
9631 -1.000000 3
9636 0.000000 5
9641 0.000000 5
9645 1.000000 4
9650 1.000000 5
9654 1.000000 4
9657 -1.000000 3
9661 1.000000 4
9665 1.000000 4
9669 1.000000 4
9674 0.000000 5
9679 0.000000 5
9684 1.000000 5
9689 0.000000 5
9694 1.000000 5
9699 0.000000 5
9704 1.000000 5
9709 1.000000 5
9714 1.000000 5
9718 1.000000 4
9723 0.000000 5
9727 -1.000000 4
9732 0.000000 5
9736 1.000000 4
9741 0.000000 5
9745 1.000000 4
9750 1.000000 5
9754 -1.000000 4
9757 -1.000000 3
9762 1.000000 5
9766 -1.000000 4
9771 0.000000 5
9775 -1.000000 4
9780 0.000000 5
9784 1.000000 4
9788 1.000000 4
9792 -1.000000 4
9795 1.000000 3
9800 0.000000 5
9805 1.000000 5
9809 1.000000 4
9814 0.000000 5
9817 1.000000 3
9822 0.000000 5
9827 1.000000 5
9832 0.000000 5
9837 1.000000 5
9842 1.000000 5
9847 1.000000 5
9851 1.000000 4
9855 1.000000 4
9859 -1.000000 4
9863 1.000000 4
9868 1.000000 5
9871 -1.000000 3
9875 -1.000000 4
9880 1.000000 5
9884 -1.000000 4
9889 1.000000 5
9893 1.000000 4
9897 -1.000000 4
9902 0.000000 5
9905 -1.000000 3
9910 1.000000 5
9914 -1.000000 4
9918 1.000000 4
9923 1.000000 5
9927 1.000000 4
9931 1.000000 4
9935 1.000000 4
9939 1.000000 4
9943 1.000000 4
9947 1.000000 4
9951 1.000000 4
9955 1.000000 4
9960 1.000000 5
9964 -1.000000 4
9968 1.000000 4
9972 -1.000000 4
9976 1.000000 4
9980 -1.000000 4
9983 -1.000000 3
9987 1.000000 4
9991 1.000000 4
9995 1.000000 4
10000 0.000000 5
