4 -1.000000 4
8 1.000000 4
11 1.000000 3
15 1.000000 4
20 0.000000 5
24 1.000000 4
27 -1.000000 3
32 0.000000 5
36 1.000000 4
40 1.000000 4
45 1.000000 5
49 1.000000 4
53 -1.000000 4
57 -1.000000 4
62 1.000000 5
65 -1.000000 3
70 1.000000 5
75 1.000000 5
80 1.000000 5
84 1.000000 4
88 1.000000 4
92 1.000000 4
97 1.000000 5
102 0.000000 5
106 -1.000000 4
110 -1.000000 4
114 1.000000 4
118 1.000000 4
122 1.000000 4
125 1.000000 3
129 1.000000 4
133 -1.000000 4
137 -1.000000 4
141 1.000000 4
144 1.000000 3
149 1.000000 5
152 1.000000 3
155 1.000000 3
160 1.000000 5
164 1.000000 4
169 0.000000 5
173 -1.000000 4
177 -1.000000 4
181 1.000000 4
185 -1.000000 4
189 1.000000 4
194 1.000000 5
198 1.000000 4
202 1.000000 4
206 -1.000000 4
210 1.000000 4
213 -1.000000 3
218 0.000000 5
222 -1.000000 4
225 1.000000 3
229 1.000000 4
232 1.000000 3
237 1.000000 5
241 -1.000000 4
246 1.000000 5
251 0.000000 5
256 0.000000 5
261 1.000000 5
264 -1.000000 3
267 1.000000 3
272 0.000000 5
276 1.000000 4
281 1.000000 5
286 0.000000 5
289 1.000000 3
293 1.000000 4
298 0.000000 5
301 1.000000 3
305 1.000000 4
309 1.000000 4
313 -1.000000 4
318 0.000000 5
321 1.000000 3
325 1.000000 4
330 1.000000 5
334 1.000000 4
338 1.000000 4
342 -1.000000 4
347 1.000000 5
352 0.000000 5
357 0.000000 5
360 -1.000000 3
364 1.000000 4
369 0.000000 5
374 0.000000 5
378 1.000000 4
382 1.000000 4
386 1.000000 4
390 -1.000000 4
393 -1.000000 3
397 -1.000000 4
402 1.000000 5
407 0.000000 5
412 0.000000 5
417 1.000000 5
421 1.000000 4
424 1.000000 3
429 0.000000 5
433 -1.000000 4
437 -1.000000 4
441 1.000000 4
445 1.000000 4
449 -1.000000 4
454 0.000000 5
457 -1.000000 3
462 1.000000 5
466 1.000000 4
470 -1.000000 4
473 1.000000 3
477 1.000000 4
482 1.000000 5
487 0.000000 5
490 1.000000 3
495 1.000000 5
498 1.000000 3
502 -1.000000 4
506 -1.000000 4
509 1.000000 3
512 1.000000 3
517 1.000000 5
521 1.000000 4
525 1.000000 4
529 1.000000 4
532 -1.000000 3
537 0.000000 5
541 -1.000000 4
546 1.000000 5
551 1.000000 5
555 1.000000 4
559 1.000000 4
564 0.000000 5
569 1.000000 5
573 -1.000000 4
578 1.000000 5
582 -1.000000 4
586 -1.000000 4
591 0.000000 5
595 1.000000 4
600 1.000000 5
604 -1.000000 4
608 1.000000 4
611 -1.000000 3
615 1.000000 4
620 1.000000 5
624 1.000000 4
629 1.000000 5
632 -1.000000 3
635 -1.000000 3
640 0.000000 5
644 1.000000 4
648 -1.000000 4
651 1.000000 3
655 1.000000 4
659 -1.000000 4
664 0.000000 5
668 1.000000 4
672 1.000000 4
677 1.000000 5
682 0.000000 5
687 1.000000 5
692 0.000000 5
697 1.000000 5
700 -1.000000 3
705 1.000000 5
708 -1.000000 3
712 1.000000 4
717 1.000000 5
722 1.000000 5
726 -1.000000 4
730 1.000000 4
734 1.000000 4
738 1.000000 4
743 0.000000 5
748 0.000000 5
752 -1.000000 4
756 -1.000000 4
760 1.000000 4
763 1.000000 3
768 1.000000 5
773 1.000000 5
778 1.000000 5
782 1.000000 4
786 1.000000 4
789 -1.000000 3
793 -1.000000 4
798 1.000000 5
803 0.000000 5
807 1.000000 4
812 1.000000 5
815 1.000000 3
820 0.000000 5
823 1.000000 3
827 1.000000 4
831 -1.000000 4
835 -1.000000 4
840 0.000000 5
845 1.000000 5
849 1.000000 4
852 -1.000000 3
856 1.000000 4
860 -1.000000 4
863 1.000000 3
867 -1.000000 4
871 1.000000 4
874 -1.000000 3
878 1.000000 4
883 0.000000 5
888 0.000000 5
891 1.000000 3
895 -1.000000 4
900 0.000000 5
904 1.000000 4
909 1.000000 5
914 1.000000 5
917 -1.000000 3
921 -1.000000 4
926 0.000000 5
931 1.000000 5
934 1.000000 3
937 1.000000 3
940 -1.000000 3
945 1.000000 5
949 -1.000000 4
952 -1.000000 3
955 1.000000 3
959 1.000000 4
964 1.000000 5
968 1.000000 4
972 1.000000 4
976 -1.000000 4
981 0.000000 5
985 1.000000 4
989 1.000000 4
994 1.000000 5
999 1.000000 5
1002 -1.000000 3
1006 1.000000 4
1010 -1.000000 4
1014 -1.000000 4
1018 1.000000 4
1023 1.000000 5
1027 1.000000 4
1032 1.000000 5
1035 1.000000 3
1040 0.000000 5
1044 1.000000 4
1047 1.000000 3
1051 1.000000 4
1055 -1.000000 4
1059 1.000000 4
1062 1.000000 3
1065 1.000000 3
1070 1.000000 5
1074 -1.000000 4
1078 1.000000 4
1083 1.000000 5
1087 1.000000 4
1091 1.000000 4
1095 1.000000 4
1099 1.000000 4
1102 1.000000 3
1107 1.000000 5
1112 1.000000 5
1117 0.000000 5
1121 1.000000 4
1126 1.000000 5
1130 -1.000000 4
1135 0.000000 5
1138 1.000000 3
1143 0.000000 5
1148 1.000000 5
1152 -1.000000 4
1156 -1.000000 4
1159 -1.000000 3
1162 1.000000 3
1166 -1.000000 4
1170 -1.000000 4
1174 1.000000 4
1179 1.000000 5
1184 0.000000 5
1188 -1.000000 4
1192 1.000000 4
1197 0.000000 5
1200 -1.000000 3
1204 1.000000 4
1209 1.000000 5
1213 1.000000 4
1218 1.000000 5
1223 0.000000 5
1228 1.000000 5
1232 -1.000000 4
1236 1.000000 4
1241 0.000000 5
1245 -1.000000 4
1249 1.000000 4
1254 1.000000 5
1258 1.000000 4
1262 1.000000 4
1265 -1.000000 3
1268 1.000000 3
1272 -1.000000 4
1276 1.000000 4
1281 0.000000 5
1284 -1.000000 3
1288 1.000000 4
1292 1.000000 4
1297 1.000000 5
1301 1.000000 4
1305 -1.000000 4
1309 1.000000 4
1314 1.000000 5
1317 1.000000 3
1320 -1.000000 3
1323 -1.000000 3
1328 0.000000 5
1331 -1.000000 3
1336 1.000000 5
1339 -1.000000 3
1344 1.000000 5
1348 1.000000 4
1353 1.000000 5
1358 1.000000 5
1362 1.000000 4
1367 1.000000 5
1371 1.000000 4
1375 -1.000000 4
1379 -1.000000 4
1383 -1.000000 4
1387 1.000000 4
1391 1.000000 4
1396 1.000000 5
1399 1.000000 3
1402 -1.000000 3
1406 -1.000000 4
1410 -1.000000 4
1414 -1.000000 4
1417 1.000000 3
1420 1.000000 3
1424 1.000000 4
1429 0.000000 5
1434 1.000000 5
1439 1.000000 5
1443 1.000000 4
1447 1.000000 4
1451 1.000000 4
1456 1.000000 5
1460 1.000000 4
1463 1.000000 3
1468 1.000000 5
1473 1.000000 5
1477 -1.000000 4
1481 -1.000000 4
1486 1.000000 5
1491 1.000000 5
1495 -1.000000 4
1498 1.000000 3
1503 1.000000 5
1507 1.000000 4
1511 -1.000000 4
1514 1.000000 3
1518 -1.000000 4
1522 1.000000 4
1526 -1.000000 4
1530 -1.000000 4
1535 1.000000 5
1539 1.000000 4
1542 1.000000 3
1546 -1.000000 4
1550 1.000000 4
1554 -1.000000 4
1559 1.000000 5
1564 1.000000 5
1568 1.000000 4
1572 -1.000000 4
1576 1.000000 4
1579 1.000000 3
1582 1.000000 3
1585 -1.000000 3
1589 -1.000000 4
1594 1.000000 5
1599 0.000000 5
1602 1.000000 3
1607 1.000000 5
1610 1.000000 3
1614 1.000000 4
1618 1.000000 4
1622 1.000000 4
1625 -1.000000 3
1629 1.000000 4
1633 1.000000 4
1637 -1.000000 4
1642 1.000000 5
1647 0.000000 5
1651 1.000000 4
1656 1.000000 5
1660 1.000000 4
1664 -1.000000 4
1669 1.000000 5
1673 1.000000 4
1677 1.000000 4
1682 0.000000 5
1686 1.000000 4
1690 1.000000 4
1693 -1.000000 3
1698 1.000000 5
1702 1.000000 4
1706 -1.000000 4
1710 -1.000000 4
1713 1.000000 3
1717 -1.000000 4
1720 1.000000 3
1725 0.000000 5
1728 1.000000 3
1732 -1.000000 4
1737 1.000000 5
1742 1.000000 5
1746 -1.000000 4
1750 -1.000000 4
1754 -1.000000 4
1757 1.000000 3
1762 0.000000 5
1766 -1.000000 4
1770 -1.000000 4
1774 1.000000 4
1777 -1.000000 3
1780 1.000000 3
1785 1.000000 5
1790 1.000000 5
1795 0.000000 5
1800 1.000000 5
1805 0.000000 5
1809 1.000000 4
1814 1.000000 5
1818 1.000000 4
1821 -1.000000 3
1825 1.000000 4
1829 1.000000 4
1834 0.000000 5
1838 1.000000 4
1842 -1.000000 4
1845 -1.000000 3
1848 -1.000000 3
1851 1.000000 3
1855 1.000000 4
1859 1.000000 4
1864 0.000000 5
1869 1.000000 5
1872 1.000000 3
1876 -1.000000 4
1879 1.000000 3
1884 1.000000 5
1888 1.000000 4
1892 1.000000 4
1897 0.000000 5
1901 1.000000 4
1904 1.000000 3
1908 1.000000 4
1913 1.000000 5
1916 -1.000000 3
1920 1.000000 4
1925 1.000000 5
1929 -1.000000 4
1933 1.000000 4
1937 1.000000 4
1942 1.000000 5
1945 1.000000 3
1950 1.000000 5
1954 -1.000000 4
1959 0.000000 5
1964 1.000000 5
1967 1.000000 3
1972 1.000000 5
1977 0.000000 5
1981 1.000000 4
1985 -1.000000 4
1988 -1.000000 3
1991 -1.000000 3
1996 1.000000 5
2001 1.000000 5
2006 0.000000 5
2010 1.000000 4
2013 1.000000 3
2017 1.000000 4
2022 1.000000 5
2026 1.000000 4
2031 1.000000 5
2035 -1.000000 4
2039 -1.000000 4
2043 1.000000 4
2047 -1.000000 4
2051 1.000000 4
2054 1.000000 3
2058 -1.000000 4
2062 1.000000 4
2066 1.000000 4
2069 -1.000000 3
2073 -1.000000 4
2077 1.000000 4
2081 -1.000000 4
2084 -1.000000 3
2087 -1.000000 3
2092 0.000000 5
2095 -1.000000 3
2100 0.000000 5
2105 0.000000 5
2108 1.000000 3
2112 1.000000 4
2116 1.000000 4
2120 -1.000000 4
2124 1.000000 4
2127 -1.000000 3
2131 1.000000 4
2135 1.000000 4
2140 1.000000 5
2143 1.000000 3
2148 1.000000 5
2152 -1.000000 4
2156 1.000000 4
2160 -1.000000 4
2165 1.000000 5
2170 1.000000 5
2174 -1.000000 4
2178 -1.000000 4
2181 1.000000 3
2185 -1.000000 4
2189 1.000000 4
2192 -1.000000 3
2196 -1.000000 4
2200 -1.000000 4
2204 1.000000 4
2207 1.000000 3
2210 -1.000000 3
2213 1.000000 3
2217 1.000000 4
2222 1.000000 5
2227 0.000000 5
2230 1.000000 3
2234 1.000000 4
2237 -1.000000 3
2241 1.000000 4
2245 1.000000 4
2250 1.000000 5
2255 0.000000 5
2260 0.000000 5
2264 -1.000000 4
2268 -1.000000 4
2273 1.000000 5
2277 1.000000 4
2281 1.000000 4
2285 1.000000 4
2288 1.000000 3
2293 0.000000 5
2297 1.000000 4
2301 1.000000 4
2305 1.000000 4
2309 1.000000 4
2314 0.000000 5
2319 1.000000 5
2323 1.000000 4
2327 -1.000000 4
2332 1.000000 5
2335 -1.000000 3
2338 -1.000000 3
2341 1.000000 3
2345 1.000000 4
2349 1.000000 4
2354 1.000000 5
2357 1.000000 3
2362 0.000000 5
2365 -1.000000 3
2369 1.000000 4
2373 1.000000 4
2376 1.000000 3
2379 1.000000 3
2383 -1.000000 4
2387 -1.000000 4
2392 1.000000 5
2395 -1.000000 3
2400 1.000000 5
2405 1.000000 5
2409 -1.000000 4
2414 1.000000 5
2417 -1.000000 3
2420 -1.000000 3
2425 0.000000 5
2429 1.000000 4
2433 -1.000000 4
2437 1.000000 4
2441 1.000000 4
2445 -1.000000 4
2450 1.000000 5
2453 -1.000000 3
2457 1.000000 4
2462 0.000000 5
2466 -1.000000 4
2470 1.000000 4
2475 1.000000 5
2480 1.000000 5
2484 -1.000000 4
2488 1.000000 4
2493 1.000000 5
2497 1.000000 4
2502 0.000000 5
2506 1.000000 4
2509 1.000000 3
2514 1.000000 5
2519 1.000000 5
2524 1.000000 5
2529 1.000000 5
2533 1.000000 4
2537 -1.000000 4
2541 1.000000 4
2545 1.000000 4
2550 1.000000 5
2555 0.000000 5
2559 -1.000000 4
2562 1.000000 3
2567 0.000000 5
2571 -1.000000 4
2574 -1.000000 3
2578 -1.000000 4
2581 -1.000000 3
2585 1.000000 4
2588 -1.000000 3
2592 -1.000000 4
2596 -1.000000 4
2600 -1.000000 4
2604 -1.000000 4
2608 -1.000000 4
2613 1.000000 5
2618 0.000000 5
2623 1.000000 5
2627 1.000000 4
2632 1.000000 5
2635 1.000000 3
2639 1.000000 4
2643 1.000000 4
2646 -1.000000 3
2650 1.000000 4
2655 1.000000 5
2659 1.000000 4
2664 1.000000 5
2669 1.000000 5
2673 1.000000 4
2677 1.000000 4
2680 1.000000 3
2685 1.000000 5
2689 -1.000000 4
2694 0.000000 5
2698 1.000000 4
2702 1.000000 4
2707 1.000000 5
2711 1.000000 4
2714 1.000000 3
2719 0.000000 5
2724 1.000000 5
2729 0.000000 5
2734 0.000000 5
2739 0.000000 5
2744 0.000000 5
2747 1.000000 3
2750 -1.000000 3
2754 1.000000 4
2759 1.000000 5
2763 1.000000 4
2768 0.000000 5
2772 1.000000 4
2777 0.000000 5
2780 -1.000000 3
2784 -1.000000 4
2787 1.000000 3
2791 1.000000 4
2794 -1.000000 3
2799 0.000000 5
2802 1.000000 3
2807 0.000000 5
2811 -1.000000 4
2816 1.000000 5
2819 1.000000 3
2824 1.000000 5
2829 0.000000 5
2834 1.000000 5
2838 1.000000 4
2843 0.000000 5
2848 0.000000 5
2851 1.000000 3
2854 -1.000000 3
2858 1.000000 4
2863 1.000000 5
2867 1.000000 4
2870 1.000000 3
2874 1.000000 4
2879 0.000000 5
2883 1.000000 4
2887 -1.000000 4
2891 1.000000 4
2895 1.000000 4
2900 1.000000 5
2904 1.000000 4
2908 1.000000 4
2913 1.000000 5
2917 1.000000 4
2921 -1.000000 4
2925 -1.000000 4
2930 0.000000 5
2933 1.000000 3
2938 0.000000 5
2941 -1.000000 3
2945 -1.000000 4
2950 1.000000 5
2954 1.000000 4
2957 1.000000 3
2962 1.000000 5
2967 1.000000 5
2971 1.000000 4
2976 1.000000 5
2979 1.000000 3
2983 -1.000000 4
2988 0.000000 5
2992 1.000000 4
2995 1.000000 3
2999 -1.000000 4
3003 -1.000000 4
3008 1.000000 5
3012 1.000000 4
3016 1.000000 4
3020 1.000000 4
3024 1.000000 4
3028 -1.000000 4
3031 -1.000000 3
3034 1.000000 3
3038 -1.000000 4
3043 1.000000 5
3047 -1.000000 4
3051 1.000000 4
3056 1.000000 5
3061 0.000000 5
3066 1.000000 5
3070 -1.000000 4
3074 -1.000000 4
3077 1.000000 3
3081 1.000000 4
3086 0.000000 5
3089 -1.000000 3
3093 1.000000 4
3097 1.000000 4
3101 -1.000000 4
3106 1.000000 5
3110 1.000000 4
3115 0.000000 5
3119 1.000000 4
3124 1.000000 5
3128 1.000000 4
3132 1.000000 4
3135 -1.000000 3
3138 1.000000 3
3142 1.000000 4
3147 1.000000 5
3150 -1.000000 3
3153 1.000000 3
3157 1.000000 4
3162 1.000000 5
3165 -1.000000 3
3170 0.000000 5
3175 0.000000 5
3179 1.000000 4
3184 0.000000 5
3189 0.000000 5
3194 0.000000 5
3199 1.000000 5
3204 0.000000 5
3207 1.000000 3
3212 0.000000 5
3217 1.000000 5
3222 0.000000 5
3227 1.000000 5
3230 1.000000 3
3233 -1.000000 3
3238 0.000000 5
3243 1.000000 5
3247 -1.000000 4
3252 1.000000 5
3256 1.000000 4
3260 1.000000 4
3264 1.000000 4
3267 -1.000000 3
3272 1.000000 5
3276 1.000000 4
3281 0.000000 5
3284 -1.000000 3
3288 -1.000000 4
3292 1.000000 4
3297 1.000000 5
3300 -1.000000 3
3304 1.000000 4
3307 1.000000 3
3310 1.000000 3
3315 1.000000 5
3318 1.000000 3
3322 1.000000 4
3327 1.000000 5
3330 1.000000 3
3334 -1.000000 4
3338 -1.000000 4
3342 -1.000000 4
3346 1.000000 4
3350 1.000000 4
3353 1.000000 3
3358 1.000000 5
3361 1.000000 3
3365 1.000000 4
3369 1.000000 4
3372 1.000000 3
3375 -1.000000 3
3379 -1.000000 4
3384 0.000000 5
3388 1.000000 4
3391 -1.000000 3
3395 1.000000 4
3400 0.000000 5
3405 1.000000 5
3409 -1.000000 4
3414 1.000000 5
3418 -1.000000 4
3423 1.000000 5
3428 0.000000 5
3433 1.000000 5
3437 -1.000000 4
3440 -1.000000 3
3443 1.000000 3
3447 -1.000000 4
3451 1.000000 4
3456 0.000000 5
3460 -1.000000 4
3464 -1.000000 4
3469 1.000000 5
3474 1.000000 5
3478 1.000000 4
3481 1.000000 3
3485 -1.000000 4
3490 0.000000 5
3493 1.000000 3
3497 -1.000000 4
3501 -1.000000 4
3506 1.000000 5
3511 1.000000 5
3515 1.000000 4
3520 0.000000 5
3525 0.000000 5
3529 1.000000 4
3534 1.000000 5
3539 1.000000 5
3542 1.000000 3
3547 0.000000 5
3550 1.000000 3
3555 1.000000 5
3560 1.000000 5
3564 -1.000000 4
3569 1.000000 5
3573 1.000000 4
3578 1.000000 5
3582 -1.000000 4
3585 1.000000 3
3590 1.000000 5
3594 1.000000 4
3597 1.000000 3
3602 0.000000 5
3607 0.000000 5
3610 -1.000000 3
3615 1.000000 5
3619 -1.000000 4
3624 1.000000 5
3629 1.000000 5
3633 -1.000000 4
3637 1.000000 4
3641 -1.000000 4
3645 1.000000 4
3649 1.000000 4
3653 1.000000 4
3656 1.000000 3
3661 1.000000 5
3666 1.000000 5
3671 0.000000 5
3676 0.000000 5
3680 1.000000 4
3685 1.000000 5
3689 -1.000000 4
3694 1.000000 5
3698 1.000000 4
3702 -1.000000 4
3706 1.000000 4
3711 1.000000 5
3716 1.000000 5
3721 1.000000 5
3725 -1.000000 4
3728 -1.000000 3
3733 0.000000 5
3737 1.000000 4
3742 1.000000 5
3746 -1.000000 4
3749 -1.000000 3
3752 1.000000 3
3757 1.000000 5
3761 1.000000 4
3766 1.000000 5
3770 -1.000000 4
3774 1.000000 4
3778 1.000000 4
3783 0.000000 5
3788 0.000000 5
3792 1.000000 4
3795 1.000000 3
3799 1.000000 4
3802 1.000000 3
3807 1.000000 5
3811 -1.000000 4
3816 0.000000 5
3821 1.000000 5
3826 0.000000 5
3830 1.000000 4
3834 -1.000000 4
3839 0.000000 5
3844 0.000000 5
3848 1.000000 4
3851 -1.000000 3
3855 1.000000 4
3860 0.000000 5
3864 1.000000 4
3869 0.000000 5
3874 0.000000 5
3879 0.000000 5
3882 1.000000 3
3885 -1.000000 3
3889 -1.000000 4
3893 1.000000 4
3896 1.000000 3
3900 -1.000000 4
3904 -1.000000 4
3908 1.000000 4
3913 1.000000 5
3917 -1.000000 4
3921 1.000000 4
3926 1.000000 5
3930 1.000000 4
3935 0.000000 5
3940 0.000000 5
3944 -1.000000 4
3948 1.000000 4
3953 1.000000 5
3957 1.000000 4
3962 1.000000 5
3965 1.000000 3
3970 0.000000 5
3974 -1.000000 4
3978 -1.000000 4
3983 0.000000 5
3987 1.000000 4
3990 1.000000 3
3994 -1.000000 4
3997 1.000000 3
4001 -1.000000 4
4005 -1.000000 4
4010 1.000000 5
4014 1.000000 4
4017 -1.000000 3
4021 1.000000 4
4026 0.000000 5
4030 1.000000 4
4034 1.000000 4
4038 -1.000000 4
4042 -1.000000 4
4046 1.000000 4
4050 -1.000000 4
4054 1.000000 4
4058 -1.000000 4
4062 -1.000000 4
4065 -1.000000 3
4070 1.000000 5
4074 1.000000 4
4078 -1.000000 4
4083 1.000000 5
4087 1.000000 4
4091 1.000000 4
4096 0.000000 5
4101 1.000000 5
4105 1.000000 4
4110 1.000000 5
4115 1.000000 5
4120 0.000000 5
4124 1.000000 4
4127 -1.000000 3
4131 1.000000 4
4136 0.000000 5
4140 -1.000000 4
4145 1.000000 5
4149 1.000000 4
4153 1.000000 4
4158 1.000000 5
4162 1.000000 4
4165 -1.000000 3
4169 -1.000000 4
4174 0.000000 5
4178 1.000000 4
4183 1.000000 5
4187 1.000000 4
4191 -1.000000 4
4195 1.000000 4
4199 1.000000 4
4203 1.000000 4
4207 1.000000 4
4210 1.000000 3
4214 -1.000000 4
4219 0.000000 5
4222 1.000000 3
4227 1.000000 5
4232 1.000000 5
4236 1.000000 4
4240 1.000000 4
4243 -1.000000 3
4246 1.000000 3
4249 1.000000 3
4254 1.000000 5
4257 -1.000000 3
4262 0.000000 5
4265 1.000000 3
4269 1.000000 4
4273 -1.000000 4
4277 -1.000000 4
4281 -1.000000 4
4285 -1.000000 4
4288 -1.000000 3
4293 1.000000 5
4296 -1.000000 3
4300 -1.000000 4
4304 1.000000 4
4308 1.000000 4
4313 1.000000 5
4318 1.000000 5
4322 1.000000 4
4326 1.000000 4
4331 1.000000 5
4335 1.000000 4
4339 1.000000 4
4343 1.000000 4
4347 1.000000 4
4352 0.000000 5
4356 -1.000000 4
4361 0.000000 5
4365 1.000000 4
4369 -1.000000 4
4372 1.000000 3
4377 1.000000 5
4380 -1.000000 3
4384 1.000000 4
4389 0.000000 5
4392 1.000000 3
4396 1.000000 4
4400 1.000000 4
4403 1.000000 3
4407 -1.000000 4
4411 1.000000 4
4416 1.000000 5
4419 1.000000 3
4423 1.000000 4
4426 1.000000 3
4429 -1.000000 3
4433 1.000000 4
4438 0.000000 5
4442 -1.000000 4
4446 1.000000 4
4451 0.000000 5
4456 1.000000 5
4460 -1.000000 4
4464 1.000000 4
4468 1.000000 4
4472 -1.000000 4
4477 1.000000 5
4482 1.000000 5
4486 1.000000 4
4491 0.000000 5
4495 -1.000000 4
4499 -1.000000 4
4504 1.000000 5
4509 1.000000 5
4513 1.000000 4
4518 0.000000 5
4522 1.000000 4
4525 1.000000 3
4529 1.000000 4
4533 -1.000000 4
4538 1.000000 5
4542 1.000000 4
4547 0.000000 5
4551 1.000000 4
4556 1.000000 5
4561 1.000000 5
4565 1.000000 4
4570 0.000000 5
4574 1.000000 4
4577 -1.000000 3
4581 1.000000 4
4586 1.000000 5
4590 1.000000 4
4593 1.000000 3
4598 0.000000 5
4602 1.000000 4
4606 1.000000 4
4609 -1.000000 3
4613 1.000000 4
4617 1.000000 4
4622 1.000000 5
4626 1.000000 4
4631 1.000000 5
4634 -1.000000 3
4638 1.000000 4
4642 -1.000000 4
4646 1.000000 4
4651 0.000000 5
4656 1.000000 5
4659 -1.000000 3
4663 1.000000 4
4666 -1.000000 3
4670 1.000000 4
4673 1.000000 3
4677 1.000000 4
4681 -1.000000 4
4685 -1.000000 4
4689 -1.000000 4
4693 1.000000 4
4697 -1.000000 4
4701 1.000000 4
4705 -1.000000 4
4708 -1.000000 3
4711 1.000000 3
4716 1.000000 5
4719 1.000000 3
4724 0.000000 5
4727 -1.000000 3
4731 1.000000 4
4736 1.000000 5
4741 0.000000 5
4745 -1.000000 4
4749 -1.000000 4
4753 -1.000000 4
4756 -1.000000 3
4760 1.000000 4
4765 1.000000 5
4769 1.000000 4
4772 1.000000 3
4775 1.000000 3
4779 1.000000 4
4783 -1.000000 4
4787 1.000000 4
4791 1.000000 4
4795 1.000000 4
4800 1.000000 5
4804 1.000000 4
4808 -1.000000 4
4812 1.000000 4
4816 1.000000 4
4820 -1.000000 4
4825 1.000000 5
4829 -1.000000 4
4833 -1.000000 4
4837 1.000000 4
4841 1.000000 4
4845 1.000000 4
4849 -1.000000 4
4853 1.000000 4
4857 -1.000000 4
4860 -1.000000 3
4865 1.000000 5
4868 1.000000 3
4872 1.000000 4
4876 -1.000000 4
4881 0.000000 5
4884 -1.000000 3
4888 -1.000000 4
4892 1.000000 4
4896 1.000000 4
4900 -1.000000 4
4905 0.000000 5
4908 1.000000 3
4913 0.000000 5
4918 1.000000 5
4923 1.000000 5
4927 1.000000 4
4930 1.000000 3
4934 -1.000000 4
4937 1.000000 3
4942 1.000000 5
4947 1.000000 5
4952 1.000000 5
4957 1.000000 5
4961 1.000000 4
4964 1.000000 3
4969 1.000000 5
4974 1.000000 5
4979 1.000000 5
4983 -1.000000 4
4987 1.000000 4
4990 -1.000000 3
4995 1.000000 5
5000 0.000000 5
5004 1.000000 4
5008 1.000000 4
5011 -1.000000 3
5016 1.000000 5
5020 1.000000 4
5024 -1.000000 4
5028 1.000000 4
5032 1.000000 4
5035 -1.000000 3
5040 1.000000 5
5045 1.000000 5
5049 1.000000 4
5053 -1.000000 4
5057 1.000000 4
5061 1.000000 4
5064 -1.000000 3
5069 1.000000 5
5073 -1.000000 4
5078 0.000000 5
5081 1.000000 3
5085 1.000000 4
5089 -1.000000 4
5093 1.000000 4
5097 -1.000000 4
5100 -1.000000 3
5104 -1.000000 4
5109 1.000000 5
5114 0.000000 5
5117 -1.000000 3
5121 1.000000 4
5124 1.000000 3
5128 1.000000 4
5131 -1.000000 3
5135 -1.000000 4
5140 0.000000 5
5144 1.000000 4
5148 1.000000 4
5152 1.000000 4
5156 1.000000 4
5159 1.000000 3
5163 -1.000000 4
5166 -1.000000 3
5170 -1.000000 4
5173 -1.000000 3
5177 1.000000 4
5181 -1.000000 4
5185 1.000000 4
5189 1.000000 4
5194 1.000000 5
5198 -1.000000 4
5201 1.000000 3
5205 1.000000 4
5208 1.000000 3
5212 -1.000000 4
5217 1.000000 5
5220 1.000000 3
5225 0.000000 5
5230 1.000000 5
5234 1.000000 4
5239 1.000000 5
5242 1.000000 3
5245 1.000000 3
5248 -1.000000 3
5253 1.000000 5
5258 0.000000 5
5263 1.000000 5
5268 1.000000 5
5272 1.000000 4
5275 -1.000000 3
5278 1.000000 3
5282 1.000000 4
5285 1.000000 3
5290 0.000000 5
5293 1.000000 3
5298 1.000000 5
5302 1.000000 4
5305 -1.000000 3
5309 -1.000000 4
5314 1.000000 5
5318 1.000000 4
5322 -1.000000 4
5325 -1.000000 3
5329 1.000000 4
5333 1.000000 4
5336 1.000000 3
5341 1.000000 5
5344 1.000000 3
5348 1.000000 4
5352 1.000000 4
5356 1.000000 4
5360 -1.000000 4
5365 1.000000 5
5370 1.000000 5
5375 1.000000 5
5380 0.000000 5
5383 1.000000 3
5388 1.000000 5
5391 1.000000 3
5394 1.000000 3
5399 1.000000 5
5402 1.000000 3
5407 1.000000 5
5410 1.000000 3
5413 -1.000000 3
5417 1.000000 4
5422 0.000000 5
5427 0.000000 5
5431 -1.000000 4
5435 -1.000000 4
5439 -1.000000 4
5443 1.000000 4
5447 1.000000 4
5452 0.000000 5
5456 -1.000000 4
5461 0.000000 5
5465 -1.000000 4
5469 1.000000 4
5473 1.000000 4
5477 1.000000 4
5481 1.000000 4
5486 0.000000 5
5490 -1.000000 4
5495 0.000000 5
5498 1.000000 3
5503 0.000000 5
5508 0.000000 5
5512 -1.000000 4
5515 -1.000000 3
5520 1.000000 5
5523 1.000000 3
5528 1.000000 5
5533 1.000000 5
5537 1.000000 4
5540 -1.000000 3
5545 0.000000 5
5550 1.000000 5
5553 1.000000 3
5557 1.000000 4
5561 1.000000 4
5565 1.000000 4
5570 1.000000 5
5573 -1.000000 3
5577 1.000000 4
5581 -1.000000 4
5585 1.000000 4
5589 1.000000 4
5594 0.000000 5
5599 1.000000 5
5603 -1.000000 4
5608 0.000000 5
5612 1.000000 4
5617 1.000000 5
5621 1.000000 4
5625 1.000000 4
5629 1.000000 4
5633 1.000000 4
5637 1.000000 4
5642 1.000000 5
5646 -1.000000 4
5651 0.000000 5
5655 1.000000 4
5659 -1.000000 4
5663 1.000000 4
5668 0.000000 5
5672 1.000000 4
5676 -1.000000 4
5680 1.000000 4
5684 -1.000000 4
5688 1.000000 4
5692 1.000000 4
5696 1.000000 4
5700 1.000000 4
5704 1.000000 4
5709 1.000000 5
5713 -1.000000 4
5717 1.000000 4
5720 1.000000 3
5725 1.000000 5
5729 -1.000000 4
5734 1.000000 5
5739 0.000000 5
5743 -1.000000 4
5748 1.000000 5
5753 1.000000 5
5756 1.000000 3
5759 -1.000000 3
5764 1.000000 5
5767 1.000000 3
5771 1.000000 4
5774 -1.000000 3
5778 1.000000 4
5782 1.000000 4
5787 1.000000 5
5791 1.000000 4
5794 1.000000 3
5797 1.000000 3
5801 1.000000 4
5805 1.000000 4
5810 0.000000 5
5815 1.000000 5
5819 -1.000000 4
5823 1.000000 4
5827 1.000000 4
5831 -1.000000 4
5835 1.000000 4
5839 1.000000 4
5842 -1.000000 3
5846 -1.000000 4
5850 -1.000000 4
5854 -1.000000 4
5859 1.000000 5
5864 1.000000 5
5867 1.000000 3
5872 1.000000 5
5876 1.000000 4
5880 1.000000 4
5885 0.000000 5
5888 1.000000 3
5893 1.000000 5
5896 1.000000 3
5900 -1.000000 4
5903 1.000000 3
5908 1.000000 5
5912 1.000000 4
5917 1.000000 5
5921 1.000000 4
5925 -1.000000 4
5929 1.000000 4
5933 1.000000 4
5938 1.000000 5
5942 -1.000000 4
5946 1.000000 4
5950 1.000000 4
5953 1.000000 3
5958 0.000000 5
5963 1.000000 5
5967 1.000000 4
5972 0.000000 5
5977 0.000000 5
5980 1.000000 3
5983 1.000000 3
5987 -1.000000 4
5991 1.000000 4
5994 -1.000000 3
5999 0.000000 5
6002 1.000000 3
6006 -1.000000 4
6009 1.000000 3
6014 1.000000 5
6018 1.000000 4
6022 1.000000 4
6025 -1.000000 3
6030 1.000000 5
6034 1.000000 4
6037 -1.000000 3
6041 1.000000 4
6046 0.000000 5
6050 -1.000000 4
6055 0.000000 5
6059 -1.000000 4
6062 1.000000 3
6067 1.000000 5
6072 1.000000 5
6076 -1.000000 4
6079 -1.000000 3
6084 1.000000 5
6088 1.000000 4
6092 1.000000 4
6096 1.000000 4
6100 1.000000 4
6104 1.000000 4
6108 -1.000000 4
6111 -1.000000 3
6115 1.000000 4
6119 1.000000 4
6123 -1.000000 4
6128 0.000000 5
6131 1.000000 3
6136 1.000000 5
6139 -1.000000 3
6143 1.000000 4
6148 1.000000 5
6153 1.000000 5
6156 -1.000000 3
6161 1.000000 5
6165 1.000000 4
6169 1.000000 4
6173 -1.000000 4
6178 1.000000 5
6182 -1.000000 4
6186 1.000000 4
6190 1.000000 4
6193 -1.000000 3
6197 1.000000 4
6200 -1.000000 3
6205 1.000000 5
6209 1.000000 4
6213 1.000000 4
6218 0.000000 5
6223 1.000000 5
6227 -1.000000 4
6232 0.000000 5
6237 1.000000 5
6241 1.000000 4
6246 1.000000 5
6249 1.000000 3
6254 1.000000 5
6259 0.000000 5
6263 1.000000 4
6268 0.000000 5
6272 1.000000 4
6277 1.000000 5
6280 1.000000 3
6284 1.000000 4
6289 0.000000 5
6293 -1.000000 4
6297 -1.000000 4
6302 0.000000 5
6305 1.000000 3
6309 1.000000 4
6313 1.000000 4
6318 1.000000 5
6323 1.000000 5
6328 0.000000 5
6331 -1.000000 3
6336 1.000000 5
6340 1.000000 4
6343 -1.000000 3
6347 -1.000000 4
6351 -1.000000 4
6355 1.000000 4
6358 -1.000000 3
6363 0.000000 5
6368 1.000000 5
6372 1.000000 4
6377 1.000000 5
6382 0.000000 5
6385 -1.000000 3
6390 1.000000 5
6393 1.000000 3
6397 1.000000 4
6402 0.000000 5
6406 1.000000 4
6410 -1.000000 4
6415 1.000000 5
6419 -1.000000 4
6423 1.000000 4
6428 0.000000 5
6433 1.000000 5
6438 0.000000 5
6442 -1.000000 4
6447 0.000000 5
6452 0.000000 5
6456 -1.000000 4
6459 -1.000000 3
6464 1.000000 5
6468 1.000000 4
6473 0.000000 5
6478 1.000000 5
6482 -1.000000 4
6486 1.000000 4
6489 -1.000000 3
6493 -1.000000 4
6497 -1.000000 4
6501 1.000000 4
6504 1.000000 3
6508 -1.000000 4
6512 1.000000 4
6516 1.000000 4
6521 0.000000 5
6526 1.000000 5
6530 -1.000000 4
6534 1.000000 4
6538 1.000000 4
6543 1.000000 5
6547 1.000000 4
6552 1.000000 5
6556 1.000000 4
6561 1.000000 5
6564 -1.000000 3
6568 1.000000 4
6572 1.000000 4
6576 -1.000000 4
6579 -1.000000 3
6583 1.000000 4
6586 1.000000 3
6589 1.000000 3
6593 -1.000000 4
6597 -1.000000 4
6601 -1.000000 4
6606 1.000000 5
6610 -1.000000 4
6613 1.000000 3
6617 1.000000 4
6622 0.000000 5
6626 -1.000000 4
6629 1.000000 3
6633 1.000000 4
6638 1.000000 5
6641 1.000000 3
6644 1.000000 3
6648 1.000000 4
6651 1.000000 3
6654 -1.000000 3
6659 1.000000 5
6664 0.000000 5
6668 1.000000 4
6673 1.000000 5
6676 1.000000 3
6680 1.000000 4
6685 1.000000 5
6689 1.000000 4
6694 1.000000 5
6697 -1.000000 3
6700 -1.000000 3
6704 1.000000 4
6708 -1.000000 4
6712 1.000000 4
6715 -1.000000 3
6718 -1.000000 3
6722 -1.000000 4
6726 1.000000 4
6731 0.000000 5
6735 1.000000 4
6739 1.000000 4
6743 1.000000 4
6748 0.000000 5
6752 1.000000 4
6757 1.000000 5
6762 1.000000 5
6767 1.000000 5
6772 0.000000 5
6775 -1.000000 3
6779 1.000000 4
6783 -1.000000 4
6787 -1.000000 4
6791 1.000000 4
6796 1.000000 5
6801 1.000000 5
6805 1.000000 4
6810 1.000000 5
6813 1.000000 3
6818 1.000000 5
6821 1.000000 3
6826 1.000000 5
6831 1.000000 5
6836 1.000000 5
6840 1.000000 4
6844 1.000000 4
6847 1.000000 3
6851 -1.000000 4
6855 1.000000 4
6858 -1.000000 3
6861 1.000000 3
6864 1.000000 3
6868 1.000000 4
6873 1.000000 5
6877 -1.000000 4
6880 1.000000 3
6885 1.000000 5
6890 1.000000 5
6894 -1.000000 4
6898 1.000000 4
6903 1.000000 5
6907 1.000000 4
6910 -1.000000 3
6915 0.000000 5
6919 1.000000 4
6923 1.000000 4
6927 -1.000000 4
6932 1.000000 5
6937 1.000000 5
6941 1.000000 4
6944 1.000000 3
6947 1.000000 3
6951 -1.000000 4
6954 -1.000000 3
6959 1.000000 5
6962 1.000000 3
6967 0.000000 5
6972 0.000000 5
6975 1.000000 3
6978 -1.000000 3
6981 1.000000 3
6985 1.000000 4
6989 -1.000000 4
6993 -1.000000 4
6997 -1.000000 4
7001 -1.000000 4
7005 -1.000000 4
7010 1.000000 5
7015 0.000000 5
7019 1.000000 4
7022 1.000000 3
7026 1.000000 4
7029 1.000000 3
7034 0.000000 5
7037 -1.000000 3
7042 1.000000 5
7045 1.000000 3
7049 -1.000000 4
7054 1.000000 5
7058 1.000000 4
7062 1.000000 4
7066 1.000000 4
7071 1.000000 5
7075 1.000000 4
7080 0.000000 5
7083 -1.000000 3
7087 -1.000000 4
7092 0.000000 5
7097 0.000000 5
7100 1.000000 3
7105 0.000000 5
7109 1.000000 4
7114 1.000000 5
7118 -1.000000 4
7123 0.000000 5
7126 1.000000 3
7131 1.000000 5
7135 -1.000000 4
7139 -1.000000 4
7144 1.000000 5
7149 0.000000 5
7153 -1.000000 4
7157 1.000000 4
7162 1.000000 5
7166 -1.000000 4
7170 1.000000 4
7175 1.000000 5
7180 1.000000 5
7185 1.000000 5
7190 1.000000 5
7193 1.000000 3
7197 1.000000 4
7200 1.000000 3
7204 1.000000 4
7209 1.000000 5
7213 1.000000 4
7216 1.000000 3
7219 1.000000 3
7223 1.000000 4
7227 1.000000 4
7231 1.000000 4
7235 -1.000000 4
7239 1.000000 4
7242 1.000000 3
7246 1.000000 4
7249 1.000000 3
7253 1.000000 4
7256 1.000000 3
7261 0.000000 5
7265 -1.000000 4
7270 0.000000 5
7275 1.000000 5
7278 1.000000 3
7282 1.000000 4
7285 -1.000000 3
7289 1.000000 4
7293 -1.000000 4
7298 0.000000 5
7301 1.000000 3
7306 1.000000 5
7311 1.000000 5
7315 -1.000000 4
7320 1.000000 5
7324 1.000000 4
7328 1.000000 4
7333 0.000000 5
7338 0.000000 5
7342 1.000000 4
7345 1.000000 3
7349 -1.000000 4
7354 1.000000 5
7359 1.000000 5
7363 -1.000000 4
7367 1.000000 4
7372 1.000000 5
7376 1.000000 4
7380 -1.000000 4
7384 1.000000 4
7389 1.000000 5
7393 1.000000 4
7396 -1.000000 3
7400 -1.000000 4
7404 1.000000 4
7408 -1.000000 4
7413 1.000000 5
7418 0.000000 5
7423 1.000000 5
7427 -1.000000 4
7432 0.000000 5
7436 -1.000000 4
7440 -1.000000 4
7443 -1.000000 3
7448 1.000000 5
7452 1.000000 4
7455 -1.000000 3
7460 1.000000 5
7465 1.000000 5
7468 -1.000000 3
7472 -1.000000 4
7477 0.000000 5
7482 0.000000 5
7487 1.000000 5
7490 1.000000 3
7494 -1.000000 4
7499 1.000000 5
7502 -1.000000 3
7506 1.000000 4
7510 1.000000 4
7513 -1.000000 3
7517 1.000000 4
7521 -1.000000 4
7526 0.000000 5
7530 1.000000 4
7535 1.000000 5
7540 0.000000 5
7545 0.000000 5
7549 1.000000 4
7552 1.000000 3
7557 0.000000 5
7561 -1.000000 4
7565 -1.000000 4
7570 0.000000 5
7574 1.000000 4
7579 1.000000 5
7584 1.000000 5
7589 0.000000 5
7593 1.000000 4
7598 0.000000 5
7603 0.000000 5
7606 -1.000000 3
7609 1.000000 3
7613 1.000000 4
7618 1.000000 5
7623 1.000000 5
7626 1.000000 3
7630 -1.000000 4
7634 1.000000 4
7638 -1.000000 4
7642 1.000000 4
7645 1.000000 3
7649 1.000000 4
7653 -1.000000 4
7658 1.000000 5
7661 1.000000 3
7665 1.000000 4
7669 1.000000 4
7674 1.000000 5
7679 1.000000 5
7683 1.000000 4
7687 1.000000 4
7692 0.000000 5
7697 1.000000 5
7700 1.000000 3
7703 -1.000000 3
7708 0.000000 5
7713 1.000000 5
7718 0.000000 5
7722 1.000000 4
7727 1.000000 5
7730 1.000000 3
7734 -1.000000 4
7738 -1.000000 4
7741 1.000000 3
7745 -1.000000 4
7750 1.000000 5
7755 1.000000 5
7759 -1.000000 4
7762 1.000000 3
7767 1.000000 5
7771 -1.000000 4
7776 1.000000 5
7780 1.000000 4
7783 -1.000000 3
7787 1.000000 4
7790 1.000000 3
7794 -1.000000 4
7797 -1.000000 3
7802 1.000000 5
7806 -1.000000 4
7811 1.000000 5
7816 1.000000 5
7820 1.000000 4
7824 -1.000000 4
7828 -1.000000 4
7832 1.000000 4
7836 -1.000000 4
7840 -1.000000 4
7843 -1.000000 3
7847 1.000000 4
7851 -1.000000 4
7856 0.000000 5
7861 1.000000 5
7865 -1.000000 4
7869 1.000000 4
7874 0.000000 5
7878 -1.000000 4
7881 1.000000 3
7885 1.000000 4
7889 1.000000 4
7893 1.000000 4
7898 0.000000 5
7901 -1.000000 3
7906 1.000000 5
7910 1.000000 4
7914 -1.000000 4
7918 -1.000000 4
7922 -1.000000 4
7926 1.000000 4
7931 1.000000 5
7935 1.000000 4
7940 1.000000 5
7944 1.000000 4
7947 1.000000 3
7952 1.000000 5
7956 1.000000 4
7960 1.000000 4
7963 1.000000 3
7967 1.000000 4
7970 1.000000 3
7975 1.000000 5
7979 1.000000 4
7983 -1.000000 4
7986 -1.000000 3
7989 1.000000 3
7992 -1.000000 3
7996 1.000000 4
7999 1.000000 3
8003 1.000000 4
8008 1.000000 5
8012 1.000000 4
8017 1.000000 5
8021 -1.000000 4
8025 -1.000000 4
8029 1.000000 4
8032 1.000000 3
8035 1.000000 3
8040 0.000000 5
8045 1.000000 5
8049 1.000000 4
8053 1.000000 4
8058 0.000000 5
8062 1.000000 4
8065 1.000000 3
8070 0.000000 5
8074 -1.000000 4
8078 -1.000000 4
8081 1.000000 3
8086 0.000000 5
8090 1.000000 4
8093 -1.000000 3
8098 1.000000 5
8103 1.000000 5
8106 1.000000 3
8109 -1.000000 3
8113 1.000000 4
8117 1.000000 4
8122 1.000000 5
8127 0.000000 5
8130 -1.000000 3
8135 1.000000 5
8138 -1.000000 3
8143 1.000000 5
8148 0.000000 5
8152 1.000000 4
8157 1.000000 5
8161 1.000000 4
8166 1.000000 5
8170 1.000000 4
8175 1.000000 5
8180 1.000000 5
8184 -1.000000 4
8188 1.000000 4
8192 -1.000000 4
8195 1.000000 3
8199 -1.000000 4
8202 -1.000000 3
8207 0.000000 5
8212 1.000000 5
8216 -1.000000 4
8221 1.000000 5
8225 1.000000 4
8229 1.000000 4
8234 1.000000 5
8237 1.000000 3
8241 1.000000 4
8245 1.000000 4
8250 0.000000 5
8254 1.000000 4
8258 1.000000 4
8263 1.000000 5
8267 1.000000 4
8272 0.000000 5
8276 -1.000000 4
8281 0.000000 5
8285 1.000000 4
8289 1.000000 4
8293 1.000000 4
8298 0.000000 5
8302 1.000000 4
8305 1.000000 3
8309 1.000000 4
8313 1.000000 4
8317 -1.000000 4
8321 1.000000 4
8325 1.000000 4
8329 1.000000 4
8333 -1.000000 4
8336 1.000000 3
8340 -1.000000 4
8344 -1.000000 4
8348 1.000000 4
8352 1.000000 4
8356 -1.000000 4
8360 1.000000 4
8363 1.000000 3
8368 1.000000 5
8372 1.000000 4
8377 1.000000 5
8381 1.000000 4
8385 1.000000 4
8389 1.000000 4
8393 1.000000 4
8397 -1.000000 4
8402 1.000000 5
8406 1.000000 4
8410 1.000000 4
8414 1.000000 4
8418 -1.000000 4
8423 1.000000 5
8427 -1.000000 4
8430 1.000000 3
8434 -1.000000 4
8439 1.000000 5
8444 1.000000 5
8448 1.000000 4
8453 1.000000 5
8458 0.000000 5
8462 1.000000 4
8467 1.000000 5
8471 1.000000 4
8476 1.000000 5
8481 1.000000 5
8486 1.000000 5
8491 1.000000 5
8495 1.000000 4
8500 0.000000 5
8504 -1.000000 4
8509 1.000000 5
8513 1.000000 4
8517 1.000000 4
8522 1.000000 5
8526 -1.000000 4
8530 -1.000000 4
8535 0.000000 5
8540 0.000000 5
8544 1.000000 4
8548 1.000000 4
8552 1.000000 4
8556 1.000000 4
8561 0.000000 5
8565 1.000000 4
8570 1.000000 5
8574 1.000000 4
8578 1.000000 4
8582 1.000000 4
8586 1.000000 4
8589 1.000000 3
8594 0.000000 5
8597 1.000000 3
8600 1.000000 3
8604 -1.000000 4
8609 1.000000 5
8613 1.000000 4
8617 -1.000000 4
8620 1.000000 3
8625 1.000000 5
8629 -1.000000 4
8634 1.000000 5
8639 1.000000 5
8642 -1.000000 3
8646 1.000000 4
8650 -1.000000 4
8654 1.000000 4
8657 -1.000000 3
8662 0.000000 5
8666 1.000000 4
8671 0.000000 5
8676 0.000000 5
8680 1.000000 4
8684 -1.000000 4
8689 1.000000 5
8694 0.000000 5
8697 1.000000 3
8701 1.000000 4
8705 1.000000 4
8710 1.000000 5
8715 0.000000 5
8718 -1.000000 3
8722 1.000000 4
8726 1.000000 4
8731 0.000000 5
8735 1.000000 4
8739 1.000000 4
8743 1.000000 4
8748 1.000000 5
8753 1.000000 5
8758 0.000000 5
8762 1.000000 4
8765 1.000000 3
8768 -1.000000 3
8772 1.000000 4
8775 -1.000000 3
8779 1.000000 4
8783 1.000000 4
8787 1.000000 4
8791 1.000000 4
8795 1.000000 4
8800 1.000000 5
8805 0.000000 5
8809 1.000000 4
8813 1.000000 4
8818 0.000000 5
8822 -1.000000 4
8827 0.000000 5
8831 1.000000 4
8836 1.000000 5
8841 1.000000 5
8846 1.000000 5
8850 1.000000 4
8853 1.000000 3
8858 1.000000 5
8861 -1.000000 3
8866 0.000000 5
8869 -1.000000 3
8874 1.000000 5
8878 1.000000 4
8881 -1.000000 3
8885 1.000000 4
8888 -1.000000 3
8892 -1.000000 4
8895 1.000000 3
8899 1.000000 4
8903 1.000000 4
8907 -1.000000 4
8910 -1.000000 3
8914 1.000000 4
8918 -1.000000 4
8922 1.000000 4
8925 -1.000000 3
8929 -1.000000 4
8934 1.000000 5
8938 1.000000 4
8941 -1.000000 3
8945 1.000000 4
8950 1.000000 5
8953 1.000000 3
8957 1.000000 4
8961 1.000000 4
8966 0.000000 5
8970 -1.000000 4
8974 1.000000 4
8977 1.000000 3
8982 0.000000 5
8986 -1.000000 4
8991 1.000000 5
8995 -1.000000 4
8999 1.000000 4
9003 1.000000 4
9008 1.000000 5
9013 1.000000 5
9017 1.000000 4
9021 -1.000000 4
9025 -1.000000 4
9029 -1.000000 4
9034 1.000000 5
9038 1.000000 4
9042 1.000000 4
9046 1.000000 4
9051 0.000000 5
9054 1.000000 3
9058 1.000000 4
9062 1.000000 4
9066 1.000000 4
9070 -1.000000 4
9075 1.000000 5
9080 0.000000 5
9085 1.000000 5
9089 1.000000 4
9094 1.000000 5
9097 1.000000 3
9102 1.000000 5
9107 1.000000 5
9111 1.000000 4
9115 -1.000000 4
9118 1.000000 3
9122 1.000000 4
9126 1.000000 4
9130 1.000000 4
9135 1.000000 5
9140 1.000000 5
9143 -1.000000 3
9147 1.000000 4
9150 1.000000 3
9154 -1.000000 4
9159 1.000000 5
9163 -1.000000 4
9167 -1.000000 4
9172 1.000000 5
9176 -1.000000 4
9180 -1.000000 4
9184 1.000000 4
9189 1.000000 5
9193 1.000000 4
9197 1.000000 4
9201 -1.000000 4
9205 1.000000 4
9210 0.000000 5
9214 1.000000 4
9219 1.000000 5
9224 1.000000 5
9229 1.000000 5
9233 1.000000 4
9237 1.000000 4
9241 1.000000 4
9246 0.000000 5
9250 1.000000 4
9255 1.000000 5
9258 1.000000 3
9262 1.000000 4
9265 1.000000 3
9269 1.000000 4
9273 1.000000 4
9277 -1.000000 4
9280 1.000000 3
9285 1.000000 5
9289 -1.000000 4
9292 1.000000 3
9296 1.000000 4
9300 1.000000 4
9304 1.000000 4
9309 1.000000 5
9313 -1.000000 4
9316 -1.000000 3
9320 1.000000 4
9325 1.000000 5
9330 1.000000 5
9334 1.000000 4
9339 1.000000 5
9344 1.000000 5
9347 -1.000000 3
9351 -1.000000 4
9354 1.000000 3
9358 1.000000 4
9362 1.000000 4
9367 1.000000 5
9372 0.000000 5
9376 1.000000 4
9380 1.000000 4
9383 -1.000000 3
9388 1.000000 5
9392 -1.000000 4
9397 1.000000 5
9401 -1.000000 4
9405 1.000000 4
9410 1.000000 5
9414 -1.000000 4
9419 0.000000 5
9424 0.000000 5
9428 -1.000000 4
9433 1.000000 5
9437 1.000000 4
9441 -1.000000 4
9444 -1.000000 3
9448 1.000000 4
9453 1.000000 5
9456 -1.000000 3
9460 1.000000 4
9465 0.000000 5
9469 1.000000 4
9472 -1.000000 3
9476 -1.000000 4
9481 1.000000 5
9484 -1.000000 3
9488 1.000000 4
9492 1.000000 4
9495 1.000000 3
9500 0.000000 5
9503 -1.000000 3
9507 1.000000 4
9511 1.000000 4
9515 1.000000 4
9518 1.000000 3
9523 0.000000 5
9526 1.000000 3
9530 1.000000 4
9534 1.000000 4
9538 1.000000 4
9543 1.000000 5
9547 -1.000000 4
9551 -1.000000 4
9555 -1.000000 4
9560 1.000000 5
9564 1.000000 4
9568 -1.000000 4
9573 1.000000 5
9577 -1.000000 4
9582 0.000000 5
9585 -1.000000 3
9589 -1.000000 4
9594 0.000000 5
9598 1.000000 4
9601 -1.000000 3
9604 -1.000000 3
9609 1.000000 5
9614 1.000000 5
9619 0.000000 5
9623 1.000000 4
9628 1.000000 5
9633 0.000000 5
9638 0.000000 5
9643 1.000000 5
9647 -1.000000 4
9652 0.000000 5
9655 1.000000 3
9658 -1.000000 3
9662 -1.000000 4
9665 -1.000000 3
9670 1.000000 5
9673 1.000000 3
9677 1.000000 4
9682 1.000000 5
9687 0.000000 5
9690 1.000000 3
9693 -1.000000 3
9698 0.000000 5
9702 -1.000000 4
9706 -1.000000 4
9710 1.000000 4
9713 -1.000000 3
9717 1.000000 4
9721 -1.000000 4
9726 1.000000 5
9730 1.000000 4
9734 1.000000 4
9738 -1.000000 4
9742 -1.000000 4
9745 1.000000 3
9749 1.000000 4
9754 0.000000 5
9758 1.000000 4
9761 1.000000 3
9765 1.000000 4
9770 0.000000 5
9773 1.000000 3
9778 1.000000 5
9781 1.000000 3
9784 -1.000000 3
9789 0.000000 5
9794 0.000000 5
9797 1.000000 3
9801 1.000000 4
9805 1.000000 4
9810 1.000000 5
9814 -1.000000 4
9817 1.000000 3
9822 1.000000 5
9826 -1.000000 4
9831 1.000000 5
9836 0.000000 5
9840 -1.000000 4
9844 1.000000 4
9849 1.000000 5
9853 1.000000 4
9856 -1.000000 3
9861 0.000000 5
9866 0.000000 5
9871 1.000000 5
9875 -1.000000 4
9880 0.000000 5
9885 0.000000 5
9889 1.000000 4
9893 1.000000 4
9898 1.000000 5
9903 1.000000 5
9908 1.000000 5
9912 1.000000 4
9916 1.000000 4
9920 1.000000 4
9925 1.000000 5
9929 -1.000000 4
9933 1.000000 4
9937 1.000000 4
9942 0.000000 5
9946 1.000000 4
9949 1.000000 3
9953 1.000000 4
9958 1.000000 5
9963 0.000000 5
9966 -1.000000 3
9970 -1.000000 4
9974 1.000000 4
9978 1.000000 4
9981 1.000000 3
9986 1.000000 5
9991 1.000000 5
9996 0.000000 5
9999 1.000000 3
10003 1.000000 4
10006 -1.000000 3
10009 -1.000000 3
10012 -1.000000 3
10015 -1.000000 3
10018 -1.000000 3
10021 -1.000000 3
10024 -1.000000 3
10027 -1.000000 3
10030 -1.000000 3
10033 -1.000000 3
10036 -1.000000 3
10039 -1.000000 3
10042 -1.000000 3
10045 -1.000000 3
10048 -1.000000 3
10051 -1.000000 3
10054 -1.000000 3
10057 -1.000000 3
10060 -1.000000 3
10063 -1.000000 3
10066 -1.000000 3
10069 -1.000000 3
10072 -1.000000 3
10075 -1.000000 3
10078 -1.000000 3
10081 -1.000000 3
10084 -1.000000 3
10087 -1.000000 3
10090 -1.000000 3
10093 -1.000000 3
10096 -1.000000 3
10099 -1.000000 3
10102 -1.000000 3
10105 -1.000000 3
10108 -1.000000 3
10111 -1.000000 3
10114 -1.000000 3
10117 -1.000000 3
10120 -1.000000 3
10123 -1.000000 3
10126 -1.000000 3
10129 -1.000000 3
10132 -1.000000 3
10135 -1.000000 3
10138 -1.000000 3
10141 -1.000000 3
10144 -1.000000 3
10147 -1.000000 3
10150 -1.000000 3
10153 -1.000000 3
10156 -1.000000 3
10159 -1.000000 3
10162 -1.000000 3
10165 -1.000000 3
10168 -1.000000 3
10171 -1.000000 3
10174 -1.000000 3
10177 -1.000000 3
10180 -1.000000 3
10183 -1.000000 3
10186 -1.000000 3
10189 -1.000000 3
10192 -1.000000 3
10195 -1.000000 3
10198 -1.000000 3
10201 -1.000000 3
10204 -1.000000 3
10207 -1.000000 3
10210 -1.000000 3
10213 -1.000000 3
10216 -1.000000 3
10219 -1.000000 3
10222 -1.000000 3
10227 0.000000 5
10230 -1.000000 3
10233 -1.000000 3
10236 -1.000000 3
10239 -1.000000 3
10242 -1.000000 3
10245 -1.000000 3
10248 -1.000000 3
10251 -1.000000 3
10254 -1.000000 3
10257 -1.000000 3
10260 -1.000000 3
10263 -1.000000 3
10266 -1.000000 3
10269 -1.000000 3
10272 -1.000000 3
10275 -1.000000 3
10278 -1.000000 3
10281 -1.000000 3
10284 -1.000000 3
10287 -1.000000 3
10290 -1.000000 3
10293 -1.000000 3
10296 -1.000000 3
10299 -1.000000 3
10302 -1.000000 3
10305 -1.000000 3
10308 -1.000000 3
10311 -1.000000 3
10314 -1.000000 3
10317 -1.000000 3
10320 -1.000000 3
10323 -1.000000 3
10326 -1.000000 3
10329 -1.000000 3
10332 -1.000000 3
10335 -1.000000 3
10338 -1.000000 3
10341 -1.000000 3
10344 -1.000000 3
10347 -1.000000 3
10350 -1.000000 3
10353 -1.000000 3
10356 -1.000000 3
10359 -1.000000 3
10362 -1.000000 3
10365 -1.000000 3
10368 -1.000000 3
10371 -1.000000 3
10374 -1.000000 3
10377 -1.000000 3
10380 -1.000000 3
10383 -1.000000 3
10386 -1.000000 3
10389 -1.000000 3
10392 -1.000000 3
10395 -1.000000 3
10398 -1.000000 3
10401 -1.000000 3
10404 -1.000000 3
10407 -1.000000 3
10410 -1.000000 3
10413 -1.000000 3
10416 -1.000000 3
10419 -1.000000 3
10422 -1.000000 3
10425 -1.000000 3
10428 -1.000000 3
10431 -1.000000 3
10434 -1.000000 3
10437 -1.000000 3
10440 -1.000000 3
10443 -1.000000 3
10446 -1.000000 3
10449 -1.000000 3
10452 -1.000000 3
10455 -1.000000 3
10458 -1.000000 3
10461 -1.000000 3
10464 -1.000000 3
10467 -1.000000 3
10470 -1.000000 3
10473 -1.000000 3
10476 -1.000000 3
10479 -1.000000 3
10482 -1.000000 3
10485 -1.000000 3
10488 -1.000000 3
10491 -1.000000 3
10494 -1.000000 3
10497 -1.000000 3
10500 -1.000000 3
10503 -1.000000 3
10506 -1.000000 3
10509 -1.000000 3
10512 -1.000000 3
10515 -1.000000 3
10518 -1.000000 3
10521 -1.000000 3
10524 -1.000000 3
10527 -1.000000 3
10530 -1.000000 3
10533 -1.000000 3
10536 -1.000000 3
10539 -1.000000 3
10542 -1.000000 3
10545 -1.000000 3
10548 -1.000000 3
10551 -1.000000 3
10554 -1.000000 3
10557 -1.000000 3
10560 -1.000000 3
10563 -1.000000 3
10566 -1.000000 3
10569 -1.000000 3
10572 -1.000000 3
10575 -1.000000 3
10578 -1.000000 3
10581 -1.000000 3
10584 -1.000000 3
10587 -1.000000 3
10590 -1.000000 3
10593 -1.000000 3
10596 -1.000000 3
10599 -1.000000 3
10602 -1.000000 3
10605 -1.000000 3
10608 -1.000000 3
10611 -1.000000 3
10614 -1.000000 3
10617 -1.000000 3
10620 -1.000000 3
10623 -1.000000 3
10626 -1.000000 3
10629 -1.000000 3
10632 -1.000000 3
10635 -1.000000 3
10638 -1.000000 3
10641 -1.000000 3
10644 -1.000000 3
10647 -1.000000 3
10650 -1.000000 3
10653 -1.000000 3
10656 -1.000000 3
10659 -1.000000 3
10662 -1.000000 3
10665 -1.000000 3
10668 -1.000000 3
10671 -1.000000 3
10674 -1.000000 3
10677 -1.000000 3
10680 -1.000000 3
10683 -1.000000 3
10686 -1.000000 3
10689 -1.000000 3
10692 -1.000000 3
10695 -1.000000 3
10698 -1.000000 3
10701 -1.000000 3
10704 -1.000000 3
10707 -1.000000 3
10710 -1.000000 3
10713 -1.000000 3
10716 -1.000000 3
10719 -1.000000 3
10722 -1.000000 3
10725 -1.000000 3
10728 -1.000000 3
10731 -1.000000 3
10734 -1.000000 3
10737 -1.000000 3
10740 -1.000000 3
10743 -1.000000 3
10746 -1.000000 3
10749 -1.000000 3
10752 -1.000000 3
10755 -1.000000 3
10758 -1.000000 3
10761 -1.000000 3
10764 -1.000000 3
10767 -1.000000 3
10770 -1.000000 3
10773 -1.000000 3
10776 -1.000000 3
10779 -1.000000 3
10782 -1.000000 3
10785 -1.000000 3
10788 -1.000000 3
10791 -1.000000 3
10794 -1.000000 3
10797 -1.000000 3
10800 -1.000000 3
10803 -1.000000 3
10806 -1.000000 3
10809 -1.000000 3
10812 -1.000000 3
10815 -1.000000 3
10818 -1.000000 3
10821 -1.000000 3
10824 -1.000000 3
10827 -1.000000 3
10830 -1.000000 3
10833 -1.000000 3
10836 -1.000000 3
10839 -1.000000 3
10842 -1.000000 3
10845 -1.000000 3
10848 -1.000000 3
10851 -1.000000 3
10854 -1.000000 3
10857 -1.000000 3
10860 -1.000000 3
10863 -1.000000 3
10866 -1.000000 3
10869 -1.000000 3
10872 -1.000000 3
10875 -1.000000 3
10878 -1.000000 3
10881 -1.000000 3
10884 -1.000000 3
10887 -1.000000 3
10890 -1.000000 3
10893 -1.000000 3
10896 -1.000000 3
10899 -1.000000 3
10902 -1.000000 3
10905 -1.000000 3
10908 -1.000000 3
10911 -1.000000 3
10914 -1.000000 3
10917 -1.000000 3
10920 -1.000000 3
10923 -1.000000 3
10926 -1.000000 3
10929 -1.000000 3
10932 -1.000000 3
10935 -1.000000 3
10938 -1.000000 3
10941 -1.000000 3
10944 -1.000000 3
10947 -1.000000 3
10950 -1.000000 3
10953 -1.000000 3
10956 -1.000000 3
10959 -1.000000 3
10962 -1.000000 3
10965 -1.000000 3
10968 -1.000000 3
10971 -1.000000 3
10974 -1.000000 3
10977 -1.000000 3
10980 -1.000000 3
10983 -1.000000 3
10986 -1.000000 3
10989 -1.000000 3
10992 -1.000000 3
10995 -1.000000 3
10998 -1.000000 3
11001 -1.000000 3
11004 -1.000000 3
11008 1.000000 4
11011 1.000000 3
11014 1.000000 3
11017 1.000000 3
11021 1.000000 4
11024 1.000000 3
11028 1.000000 4
11032 1.000000 4
11036 1.000000 4
11039 1.000000 3
11043 1.000000 4
11046 1.000000 3
11049 1.000000 3
11053 1.000000 4
11057 -1.000000 4
11060 1.000000 3
11063 1.000000 3
11066 1.000000 3
11069 1.000000 3
11072 1.000000 3
11076 1.000000 4
11079 1.000000 3
11083 1.000000 4
11086 1.000000 3
11089 1.000000 3
11092 1.000000 3
11095 1.000000 3
11099 1.000000 4
11102 1.000000 3
11105 1.000000 3
11108 1.000000 3
11111 1.000000 3
11114 1.000000 3
11117 1.000000 3
11121 1.000000 4
11124 1.000000 3
11127 1.000000 3
11130 1.000000 3
11133 1.000000 3
11137 1.000000 4
11140 1.000000 3
11144 1.000000 4
11147 1.000000 3
11150 1.000000 3
11153 1.000000 3
11156 1.000000 3
11159 1.000000 3
11163 1.000000 4
11167 1.000000 4
11171 1.000000 4
11174 1.000000 3
11177 1.000000 3
11181 1.000000 4
11185 1.000000 4
11188 -1.000000 3
11192 1.000000 4
11195 1.000000 3
11198 1.000000 3
11201 1.000000 3
11205 1.000000 4
11209 1.000000 4
11213 1.000000 4
11216 1.000000 3
11219 1.000000 3
11222 1.000000 3
11226 1.000000 4
11229 -1.000000 3
11234 0.000000 5
11237 1.000000 3
11241 1.000000 4
11245 1.000000 4
11249 1.000000 4
11253 1.000000 4
11256 1.000000 3
11259 1.000000 3
11262 1.000000 3
11266 1.000000 4
11269 1.000000 3
11272 1.000000 3
11277 0.000000 5
11280 -1.000000 3
11283 1.000000 3
11286 1.000000 3
11289 1.000000 3
11292 1.000000 3
11296 1.000000 4
11299 1.000000 3
11303 1.000000 4
11306 1.000000 3
11309 1.000000 3
11312 1.000000 3
11315 1.000000 3
11318 1.000000 3
11321 1.000000 3
11324 1.000000 3
11327 1.000000 3
11330 -1.000000 3
11333 1.000000 3
11336 1.000000 3
11339 1.000000 3
11342 1.000000 3
11345 1.000000 3
11348 1.000000 3
11351 -1.000000 3
11354 1.000000 3
11358 1.000000 4
11361 1.000000 3
11364 1.000000 3
11367 1.000000 3
11370 1.000000 3
11374 1.000000 4
11377 1.000000 3
11381 -1.000000 4
11384 1.000000 3
11387 1.000000 3
11390 1.000000 3
11393 1.000000 3
11396 -1.000000 3
11399 1.000000 3
11402 1.000000 3
11405 1.000000 3
11408 1.000000 3
11411 1.000000 3
11414 1.000000 3
11418 1.000000 4
11421 1.000000 3
11425 1.000000 4
11428 1.000000 3
11431 1.000000 3
11434 1.000000 3
11438 -1.000000 4
11441 1.000000 3
11444 1.000000 3
11447 1.000000 3
11451 1.000000 4
11455 1.000000 4
11458 1.000000 3
11461 1.000000 3
11466 0.000000 5
11469 1.000000 3
11474 0.000000 5
11477 -1.000000 3
11481 1.000000 4
11484 1.000000 3
11488 1.000000 4
11491 1.000000 3
11494 1.000000 3
11497 1.000000 3
11500 -1.000000 3
11503 1.000000 3
11506 1.000000 3
11510 1.000000 4
11513 1.000000 3
11516 1.000000 3
11519 1.000000 3
11522 1.000000 3
11526 1.000000 4
11529 1.000000 3
11533 1.000000 4
11537 -1.000000 4
11541 1.000000 4
11544 1.000000 3
11548 1.000000 4
11551 1.000000 3
11554 1.000000 3
11558 1.000000 4
11562 1.000000 4
11565 1.000000 3
11568 -1.000000 3
11571 1.000000 3
11576 0.000000 5
11580 1.000000 4
11583 1.000000 3
11587 1.000000 4
11590 1.000000 3
11593 1.000000 3
11597 1.000000 4
11601 1.000000 4
11604 1.000000 3
11608 1.000000 4
11611 1.000000 3
11614 1.000000 3
11617 1.000000 3
11620 1.000000 3
11624 1.000000 4
11628 1.000000 4
11632 1.000000 4
11635 1.000000 3
11639 1.000000 4
11642 1.000000 3
11646 1.000000 4
11651 0.000000 5
11654 1.000000 3
11657 1.000000 3
11660 -1.000000 3
11664 1.000000 4
11667 1.000000 3
11670 1.000000 3
11674 -1.000000 4
11677 1.000000 3
11681 1.000000 4
11685 1.000000 4
11688 1.000000 3
11692 1.000000 4
11696 1.000000 4
11699 1.000000 3
11702 -1.000000 3
11705 1.000000 3
11709 1.000000 4
11712 1.000000 3
11715 1.000000 3
11718 1.000000 3
11722 1.000000 4
11726 -1.000000 4
11729 1.000000 3
11733 -1.000000 4
11737 1.000000 4
11740 1.000000 3
11744 1.000000 4
11748 1.000000 4
11751 1.000000 3
11755 1.000000 4
11759 1.000000 4
11762 1.000000 3
11765 1.000000 3
11768 1.000000 3
11772 1.000000 4
11775 1.000000 3
11778 1.000000 3
11782 1.000000 4
11785 1.000000 3
11788 1.000000 3
11791 1.000000 3
11795 1.000000 4
11798 1.000000 3
11801 1.000000 3
11805 1.000000 4
11808 1.000000 3
11811 1.000000 3
11814 1.000000 3
11817 1.000000 3
11820 1.000000 3
11823 1.000000 3
11827 1.000000 4
11830 1.000000 3
11833 1.000000 3
11836 -1.000000 3
11839 -1.000000 3
11844 0.000000 5
11847 1.000000 3
11850 1.000000 3
11853 1.000000 3
11856 1.000000 3
11860 -1.000000 4
11864 1.000000 4
11869 1.000000 5
11872 1.000000 3
11875 1.000000 3
11879 1.000000 4
11882 1.000000 3
11885 1.000000 3
11889 1.000000 4
11892 1.000000 3
11895 1.000000 3
11898 1.000000 3
11902 1.000000 4
11905 1.000000 3
11908 1.000000 3
11911 1.000000 3
11914 -1.000000 3
11919 1.000000 5
11923 1.000000 4
11926 1.000000 3
11929 1.000000 3
11932 1.000000 3
11936 1.000000 4
11939 1.000000 3
11943 -1.000000 4
11946 1.000000 3
11950 1.000000 4
11955 0.000000 5
11959 1.000000 4
11962 1.000000 3
11966 1.000000 4
11969 1.000000 3
11972 1.000000 3
11975 1.000000 3
11979 1.000000 4
11984 1.000000 5
11989 0.000000 5
11992 1.000000 3
11995 1.000000 3
11999 1.000000 4
12002 1.000000 3
12005 1.000000 3
12008 1.000000 3
12011 1.000000 3
12015 -1.000000 4
12018 1.000000 3
12021 1.000000 3
12024 1.000000 3
12027 1.000000 3
12031 1.000000 4
12034 1.000000 3
12037 -1.000000 3
12040 1.000000 3
12044 -1.000000 4
12047 1.000000 3
12050 1.000000 3
12053 1.000000 3
12057 1.000000 4
12060 1.000000 3
12063 1.000000 3
12067 1.000000 4
12072 0.000000 5
12075 1.000000 3
12079 1.000000 4
12083 1.000000 4
12086 1.000000 3
12089 1.000000 3
12092 1.000000 3
12095 1.000000 3
12099 1.000000 4
12102 1.000000 3
12105 1.000000 3
12108 1.000000 3
12111 1.000000 3
12114 1.000000 3
12118 1.000000 4
12122 1.000000 4
12125 1.000000 3
12129 1.000000 4
12132 1.000000 3
12135 1.000000 3
12140 1.000000 5
12143 1.000000 3
12148 1.000000 5
12151 1.000000 3
12154 -1.000000 3
12157 1.000000 3
12160 1.000000 3
12163 1.000000 3
12168 0.000000 5
12171 1.000000 3
12174 1.000000 3
12177 1.000000 3
12180 1.000000 3
12184 1.000000 4
12187 1.000000 3
12190 1.000000 3
12193 -1.000000 3
12196 1.000000 3
12199 1.000000 3
12202 1.000000 3
12205 1.000000 3
12208 1.000000 3
12212 1.000000 4
12215 1.000000 3
12218 1.000000 3
12221 1.000000 3
12224 1.000000 3
12227 1.000000 3
12230 1.000000 3
12235 0.000000 5
12238 1.000000 3
12242 1.000000 4
12246 -1.000000 4
12249 1.000000 3
12253 1.000000 4
12257 1.000000 4
12260 1.000000 3
12264 1.000000 4
12268 1.000000 4
12271 1.000000 3
12274 1.000000 3
12277 1.000000 3
12280 1.000000 3
12284 1.000000 4
12287 1.000000 3
12291 1.000000 4
12294 1.000000 3
12297 1.000000 3
12301 1.000000 4
12306 0.000000 5
12309 1.000000 3
12314 0.000000 5
12318 1.000000 4
12323 1.000000 5
12326 -1.000000 3
12329 1.000000 3
12332 1.000000 3
12337 0.000000 5
12340 1.000000 3
12343 1.000000 3
12346 1.000000 3
12349 1.000000 3
12352 1.000000 3
12355 1.000000 3
12358 1.000000 3
12363 0.000000 5
12367 1.000000 4
12370 1.000000 3
12375 1.000000 5
12379 1.000000 4
12383 1.000000 4
12386 1.000000 3
12389 1.000000 3
12392 1.000000 3
12395 -1.000000 3
12398 1.000000 3
12401 1.000000 3
12404 -1.000000 3
12407 1.000000 3
12410 1.000000 3
12413 -1.000000 3
12417 1.000000 4
12420 1.000000 3
12423 1.000000 3
12426 1.000000 3
12429 1.000000 3
12433 1.000000 4
12438 1.000000 5
12441 1.000000 3
12444 1.000000 3
12448 1.000000 4
12451 1.000000 3
12454 1.000000 3
12457 1.000000 3
12461 1.000000 4
12464 1.000000 3
12467 1.000000 3
12470 1.000000 3
12475 0.000000 5
12478 1.000000 3
12481 1.000000 3
12484 1.000000 3
12488 -1.000000 4
12491 1.000000 3
12494 1.000000 3
12497 1.000000 3
12501 1.000000 4
12505 1.000000 4
12509 1.000000 4
12512 1.000000 3
12515 1.000000 3
12519 1.000000 4
12524 0.000000 5
12528 1.000000 4
12532 1.000000 4
12535 -1.000000 3
12538 1.000000 3
12541 1.000000 3
12544 1.000000 3
12547 -1.000000 3
12551 1.000000 4
12555 -1.000000 4
12559 1.000000 4
12562 1.000000 3
12565 1.000000 3
12568 1.000000 3
12572 1.000000 4
12575 1.000000 3
12578 1.000000 3
12581 1.000000 3
12584 1.000000 3
12587 1.000000 3
12591 -1.000000 4
12595 -1.000000 4
12598 1.000000 3
12602 1.000000 4
12605 1.000000 3
12609 1.000000 4
12613 1.000000 4
12616 -1.000000 3
12620 1.000000 4
12624 1.000000 4
12627 1.000000 3
12630 1.000000 3
12633 1.000000 3
12637 1.000000 4
12640 1.000000 3
12643 1.000000 3
12646 1.000000 3
12649 1.000000 3
12652 1.000000 3
12655 1.000000 3
12658 1.000000 3
12661 1.000000 3
12664 1.000000 3
12668 1.000000 4
12671 1.000000 3
12675 1.000000 4
12678 1.000000 3
12683 0.000000 5
12686 1.000000 3
12689 1.000000 3
12692 1.000000 3
12696 1.000000 4
12699 1.000000 3
12702 1.000000 3
12705 1.000000 3
12708 1.000000 3
12711 1.000000 3
12715 1.000000 4
12718 1.000000 3
12721 1.000000 3
12724 1.000000 3
12728 1.000000 4
12731 1.000000 3
12734 1.000000 3
12737 1.000000 3
12740 1.000000 3
12743 1.000000 3
12746 1.000000 3
12749 1.000000 3
12752 1.000000 3
12757 1.000000 5
12760 1.000000 3
12764 1.000000 4
12767 1.000000 3
12770 1.000000 3
12773 1.000000 3
12776 1.000000 3
12780 1.000000 4
12783 1.000000 3
12786 1.000000 3
12789 1.000000 3
12793 1.000000 4
12796 -1.000000 3
12799 1.000000 3
12802 1.000000 3
12805 1.000000 3
12808 1.000000 3
12812 1.000000 4
12816 1.000000 4
12820 1.000000 4
12825 0.000000 5
12828 1.000000 3
12832 -1.000000 4
12835 1.000000 3
12838 1.000000 3
12841 1.000000 3
12844 1.000000 3
12847 1.000000 3
12850 1.000000 3
12853 1.000000 3
12856 1.000000 3
12859 1.000000 3
12862 1.000000 3
12866 1.000000 4
12869 1.000000 3
12873 -1.000000 4
12878 1.000000 5
12882 1.000000 4
12886 1.000000 4
12889 1.000000 3
12892 1.000000 3
12896 1.000000 4
12899 1.000000 3
12903 1.000000 4
12906 1.000000 3
12909 1.000000 3
12912 -1.000000 3
12917 1.000000 5
12920 1.000000 3
12924 1.000000 4
12927 1.000000 3
12930 1.000000 3
12933 1.000000 3
12936 1.000000 3
12940 1.000000 4
12943 1.000000 3
12947 1.000000 4
12950 1.000000 3
12953 -1.000000 3
12956 1.000000 3
12960 1.000000 4
12963 1.000000 3
12967 -1.000000 4
12970 1.000000 3
12973 1.000000 3
12976 1.000000 3
12979 1.000000 3
12984 0.000000 5
12987 1.000000 3
12990 1.000000 3
12993 1.000000 3
12996 -1.000000 3
12999 1.000000 3
13002 1.000000 3
13005 1.000000 3
