17 -1.000000 17
33 -1.000000 16
49 -1.000000 16
65 -1.000000 16
81 -1.000000 16
98 -1.000000 17
114 -1.000000 16
131 -1.000000 17
147 -1.000000 16
164 -1.000000 17
180 -1.000000 16
198 -1.000000 18
214 -1.000000 16
230 -1.000000 16
247 -1.000000 17
263 -1.000000 16
279 -1.000000 16
295 -1.000000 16
309 -1.000000 14
326 -1.000000 17
344 -1.000000 18
360 -1.000000 16
373 -1.000000 13
386 -1.000000 13
403 -1.000000 17
419 -1.000000 16
436 -1.000000 17
453 -1.000000 17
470 -1.000000 17
486 -1.000000 16
502 -1.000000 16
519 -1.000000 17
535 -1.000000 16
551 -1.000000 16
567 -1.000000 16
584 -1.000000 17
600 -1.000000 16
616 -1.000000 16
632 -1.000000 16
649 -1.000000 17
666 -1.000000 17
682 -1.000000 16
698 -1.000000 16
715 -1.000000 17
731 -1.000000 16
748 -1.000000 17
765 -1.000000 17
781 -1.000000 16
793 -1.000000 12
809 -1.000000 16
827 -1.000000 18
844 -1.000000 17
861 -1.000000 17
878 -1.000000 17
894 -1.000000 16
