16 -1.000000 16
29 -1.000000 13
45 -1.000000 16
51 1.000000 6
56 1.000000 5
69 -1.000000 13
77 1.000000 8
87 -1.000000 10
94 -1.000000 7
101 1.000000 7
117 -1.000000 16
133 -1.000000 16
149 -1.000000 16
165 -1.000000 16
181 -1.000000 16
186 1.000000 5
201 -1.000000 15
217 -1.000000 16
232 -1.000000 15
248 -1.000000 16
264 -1.000000 16
271 1.000000 7
283 -1.000000 12
299 -1.000000 16
304 1.000000 5
320 -1.000000 16
336 -1.000000 16
348 -1.000000 12
353 1.000000 5
365 1.000000 12
380 -1.000000 15
396 -1.000000 16
412 -1.000000 16
424 1.000000 12
440 -1.000000 16
447 -1.000000 7
462 -1.000000 15
473 1.000000 11
484 1.000000 11
490 -1.000000 6
501 -1.000000 11
512 -1.000000 11
528 -1.000000 16
533 1.000000 5
547 -1.000000 14
556 1.000000 9
572 -1.000000 16
588 0.000010 16
604 -1.000000 16
620 -1.000000 16
636 -1.000000 16
652 -1.000000 16
665 1.000000 13
680 -1.000000 15
688 1.000000 8
703 -1.000000 15
719 -1.000000 16
724 1.000000 5
736 -1.000000 12
750 -1.000000 14
757 -1.000000 7
763 1.000000 6
777 -1.000000 14
793 -1.000000 16
809 -1.000000 16
825 -1.000000 16
840 -1.000000 15
846 1.000000 6
862 -1.000000 16
868 1.000000 6
884 -1.000000 16
898 -1.000000 14
903 1.000000 5
913 -1.000000 10
928 -1.000000 15
944 -1.000000 16
952 1.000000 8
968 -1.000000 16
976 -1.000000 8
992 -1.000000 16
1008 -1.000000 16
1022 -1.000000 14
1033 -1.000000 11
1049 -1.000000 16
1065 -1.000000 16
1072 -1.000000 7
1082 -1.000000 10
1098 -1.000000 16
1110 1.000000 12
1124 -1.000000 14
1138 -1.000000 14
1148 -1.000000 10
1153 1.000000 5
1168 -1.000000 15
1184 -1.000000 16
1196 1.000000 12
1206 1.000000 10
1216 -1.000000 10
1230 -1.000000 14
1245 -1.000000 15
1256 1.000000 11
1272 -1.000000 16
1288 -1.000000 16
1303 -1.000000 15
1319 -1.000000 16
1329 1.000000 10
1339 1.000000 10
1355 -1.000000 16
1370 -1.000000 15
1381 -1.000000 11
1391 -1.000000 10
1401 -1.000000 10
1406 1.000000 5
1419 1.000000 13
1424 1.000000 5
1440 -1.000000 16
1454 -1.000000 14
1470 -1.000000 16
1486 -1.000000 16
1502 -1.000000 16
1507 1.000000 5
1523 -1.000000 16
1538 -1.000000 15
1554 -1.000000 16
1570 -1.000000 16
1585 -1.000000 15
1596 1.000000 11
1612 -1.000000 16
1622 1.000000 10
1630 -1.000000 8
1646 -1.000000 16
1654 -1.000000 8
1664 -1.000000 10
1674 1.000000 10
1690 -1.000000 16
1704 -1.000000 14
1709 1.000000 5
1722 -1.000000 13
1738 -1.000000 16
1750 1.000000 12
1758 1.000000 8
1774 -1.000000 16
1790 1.000000 16
1806 -1.000000 16
1817 -1.000000 11
1833 -1.000000 16
1843 -1.000000 10
1859 -1.000000 16
1872 -1.000000 13
1885 -1.000000 13
1896 -1.000000 11
1903 -1.000000 7
1908 1.000000 5
1913 1.000000 5
1926 -1.000000 13
1941 -1.000000 15
1956 -1.000000 15
1972 -1.000000 16
1980 1.000000 8
1989 1.000000 9
1999 -1.000000 10
2004 1.000000 5
2017 1.000000 13
2030 -1.000000 13
2046 -1.000000 16
2062 -1.000000 16
2077 -1.000000 15
2090 1.000000 13
2106 -1.000000 16
2111 1.000000 5
2127 -1.000000 16
2132 1.000000 5
2144 -1.000000 12
2156 -1.000000 12
2166 1.000000 10
2171 1.000000 5
2187 -1.000000 16
2203 -1.000000 16
2208 1.000000 5
2224 -1.000000 16
2240 -1.000000 16
2254 -1.000000 14
2266 1.000000 12
2276 -1.000000 10
2292 -1.000000 16
2304 1.000000 12
2314 1.000000 10
2330 -1.000000 16
2341 -1.000000 11
2354 -1.000000 13
2370 -1.000000 16
2381 -1.000000 11
2397 -1.000000 16
2404 -1.000000 7
2420 -1.000000 16
2426 1.000000 6
2442 -1.000000 16
2455 -1.000000 13
2470 -1.000000 15
2486 -1.000000 16
2501 -1.000000 15
2509 1.000000 8
2525 -1.000000 16
2530 1.000000 5
2546 -1.000000 16
2557 1.000000 11
2573 -1.000000 16
2589 -1.000000 16
2605 -1.000000 16
2618 -1.000000 13
2629 -1.000000 11
2642 1.000000 13
2652 -1.000000 10
2668 -1.000000 16
2684 -1.000000 16
2698 -1.000000 14
2712 -1.000000 14
2723 -1.000000 11
2733 -1.000000 10
2749 -1.000000 16
2762 -1.000000 13
2770 1.000000 8
2784 -1.000000 14
2800 -1.000000 16
2814 -1.000000 14
2827 -1.000000 13
2835 1.000000 8
2845 -1.000000 10
2860 -1.000000 15
2875 -1.000000 15
2880 1.000000 5
2894 -1.000000 14
2908 -1.000000 14
2921 -1.000000 13
2932 -1.000000 11
2946 -1.000000 14
2952 1.000000 6
2957 1.000000 5
