4 -1.000000 4
8 1.000000 4
12 -1.000000 4
17 1.000000 5
21 -1.000000 4
25 -1.000000 4
30 1.000000 5
34 1.000000 4
38 1.000000 4
43 0.000000 5
48 0.000000 5
52 -1.000000 4
56 -1.000000 4
60 1.000000 4
65 0.000000 5
70 1.000000 5
74 1.000000 4
78 -1.000000 4
83 1.000000 5
88 0.000000 5
92 -1.000000 4
96 -1.000000 4
101 1.000000 5
105 1.000000 4
109 -1.000000 4
113 1.000000 4
118 1.000000 5
123 1.000000 5
128 1.000000 5
133 1.000000 5
138 1.000000 5
142 1.000000 4
146 -1.000000 4
150 1.000000 4
154 1.000000 4
159 0.000000 5
163 1.000000 4
168 0.000000 5
173 0.000000 5
176 1.000000 3
181 1.000000 5
184 -1.000000 3
189 1.000000 5
193 1.000000 4
196 1.000000 3
200 1.000000 4
204 1.000000 4
209 1.000000 5
213 -1.000000 4
218 0.000000 5
223 0.000000 5
226 -1.000000 3
231 0.000000 5
235 -1.000000 4
239 -1.000000 4
243 -1.000000 4
247 1.000000 4
251 1.000000 4
255 -1.000000 4
259 -1.000000 4
262 1.000000 3
266 -1.000000 4
270 1.000000 4
275 0.000000 5
279 1.000000 4
283 -1.000000 4
288 1.000000 5
293 1.000000 5
298 1.000000 5
302 1.000000 4
306 -1.000000 4
310 1.000000 4
315 1.000000 5
320 0.000000 5
325 1.000000 5
329 1.000000 4
333 -1.000000 4
336 1.000000 3
341 1.000000 5
346 0.000000 5
350 1.000000 4
355 1.000000 5
358 -1.000000 3
362 1.000000 4
366 1.000000 4
371 0.000000 5
375 1.000000 4
379 -1.000000 4
384 1.000000 5
389 1.000000 5
393 -1.000000 4
398 1.000000 5
401 1.000000 3
405 -1.000000 4
410 1.000000 5
414 1.000000 4
419 1.000000 5
422 1.000000 3
425 -1.000000 3
428 -1.000000 3
432 1.000000 4
436 -1.000000 4
441 1.000000 5
446 1.000000 5
450 1.000000 4
454 1.000000 4
459 0.000000 5
463 1.000000 4
467 1.000000 4
471 1.000000 4
475 -1.000000 4
479 1.000000 4
482 1.000000 3
486 -1.000000 4
489 -1.000000 3
494 0.000000 5
499 1.000000 5
502 -1.000000 3
506 1.000000 4
510 -1.000000 4
514 1.000000 4
517 -1.000000 3
521 -1.000000 4
526 1.000000 5
530 1.000000 4
533 -1.000000 3
537 1.000000 4
542 1.000000 5
547 1.000000 5
551 -1.000000 4
556 1.000000 5
561 1.000000 5
564 -1.000000 3
569 0.000000 5
573 1.000000 4
578 1.000000 5
583 0.000000 5
588 1.000000 5
592 -1.000000 4
595 -1.000000 3
599 -1.000000 4
604 1.000000 5
608 1.000000 4
613 0.000000 5
617 1.000000 4
622 0.000000 5
627 1.000000 5
631 1.000000 4
636 0.000000 5
640 1.000000 4
644 -1.000000 4
648 -1.000000 4
653 0.000000 5
658 1.000000 5
662 -1.000000 4
666 1.000000 4
671 0.000000 5
676 0.000000 5
681 0.000000 5
684 1.000000 3
688 -1.000000 4
692 1.000000 4
695 1.000000 3
700 1.000000 5
704 1.000000 4
709 1.000000 5
713 -1.000000 4
716 -1.000000 3
721 1.000000 5
725 -1.000000 4
730 0.000000 5
735 1.000000 5
739 1.000000 4
744 0.000000 5
749 0.000000 5
754 1.000000 5
758 -1.000000 4
762 1.000000 4
766 -1.000000 4
770 -1.000000 4
775 0.000000 5
778 1.000000 3
781 -1.000000 3
785 1.000000 4
789 -1.000000 4
794 0.000000 5
798 -1.000000 4
803 1.000000 5
807 -1.000000 4
810 1.000000 3
814 1.000000 4
818 1.000000 4
822 -1.000000 4
826 1.000000 4
829 1.000000 3
832 -1.000000 3
837 0.000000 5
841 1.000000 4
846 0.000000 5
849 1.000000 3
854 1.000000 5
859 1.000000 5
864 0.000000 5
868 -1.000000 4
873 1.000000 5
877 -1.000000 4
881 1.000000 4
884 1.000000 3
889 1.000000 5
893 -1.000000 4
898 0.000000 5
902 -1.000000 4
905 -1.000000 3
908 1.000000 3
911 -1.000000 3
916 0.000000 5
920 1.000000 4
924 -1.000000 4
928 -1.000000 4
933 1.000000 5
936 1.000000 3
939 -1.000000 3
943 1.000000 4
947 -1.000000 4
951 1.000000 4
956 0.000000 5
961 0.000000 5
965 1.000000 4
970 0.000000 5
975 1.000000 5
978 1.000000 3
982 1.000000 4
986 -1.000000 4
990 1.000000 4
993 -1.000000 3
996 -1.000000 3
1001 1.000000 5
1006 0.000000 5
1011 0.000000 5
1015 -1.000000 4
1019 1.000000 4
1022 1.000000 3
1027 0.000000 5
1032 1.000000 5
1036 1.000000 4
1041 0.000000 5
1046 0.000000 5
1049 -1.000000 3
1052 -1.000000 3
1057 1.000000 5
1062 1.000000 5
1067 0.000000 5
1071 1.000000 4
1076 1.000000 5
1081 0.000000 5
1086 1.000000 5
1089 -1.000000 3
1093 1.000000 4
1098 0.000000 5
1103 1.000000 5
1107 1.000000 4
1110 1.000000 3
1115 0.000000 5
1118 -1.000000 3
1122 1.000000 4
1127 0.000000 5
1131 1.000000 4
1135 -1.000000 4
1139 1.000000 4
1144 1.000000 5
1149 1.000000 5
1154 1.000000 5
1159 1.000000 5
1162 1.000000 3
1165 1.000000 3
1169 -1.000000 4
1173 1.000000 4
1176 1.000000 3
1181 1.000000 5
1184 1.000000 3
1188 -1.000000 4
1192 1.000000 4
1197 1.000000 5
1200 1.000000 3
1205 0.000000 5
1210 1.000000 5
1215 0.000000 5
1219 -1.000000 4
1222 1.000000 3
1227 1.000000 5
1231 1.000000 4
1235 -1.000000 4
1239 1.000000 4
1243 -1.000000 4
1247 -1.000000 4
1251 1.000000 4
1254 1.000000 3
1259 1.000000 5
1263 1.000000 4
1268 0.000000 5
1273 1.000000 5
1276 1.000000 3
1279 -1.000000 3
1284 0.000000 5
1289 0.000000 5
1294 1.000000 5
1299 1.000000 5
1304 1.000000 5
1308 -1.000000 4
1312 1.000000 4
1316 1.000000 4
1320 1.000000 4
1324 -1.000000 4
1327 1.000000 3
1331 -1.000000 4
1335 1.000000 4
1339 -1.000000 4
1343 -1.000000 4
1348 0.000000 5
1352 -1.000000 4
1357 1.000000 5
1361 -1.000000 4
1366 1.000000 5
1370 -1.000000 4
1374 -1.000000 4
1378 1.000000 4
1381 1.000000 3
1384 1.000000 3
1389 1.000000 5
1393 1.000000 4
1398 1.000000 5
1401 -1.000000 3
1405 1.000000 4
1408 1.000000 3
1412 1.000000 4
1416 1.000000 4
1419 1.000000 3
1422 1.000000 3
1425 1.000000 3
1428 1.000000 3
1432 -1.000000 4
1437 1.000000 5
1441 -1.000000 4
1445 1.000000 4
1449 -1.000000 4
1454 1.000000 5
1457 -1.000000 3
1461 1.000000 4
1466 0.000000 5
1471 1.000000 5
1476 1.000000 5
1480 1.000000 4
1484 1.000000 4
1489 1.000000 5
1494 0.000000 5
1498 -1.000000 4
1502 -1.000000 4
1507 0.000000 5
1510 1.000000 3
1514 1.000000 4
1519 0.000000 5
1523 -1.000000 4
1528 1.000000 5
1531 1.000000 3
1535 1.000000 4
1540 1.000000 5
1545 0.000000 5
1550 1.000000 5
1555 1.000000 5
1559 1.000000 4
1563 -1.000000 4
1567 1.000000 4
1572 0.000000 5
1577 0.000000 5
1581 -1.000000 4
1586 1.000000 5
1590 -1.000000 4
1595 1.000000 5
1599 1.000000 4
1603 -1.000000 4
1607 1.000000 4
1611 1.000000 4
1616 1.000000 5
1620 1.000000 4
1623 1.000000 3
1628 1.000000 5
1632 -1.000000 4
1635 1.000000 3
1639 -1.000000 4
1644 1.000000 5
1648 -1.000000 4
1652 1.000000 4
1656 -1.000000 4
1661 0.000000 5
1666 1.000000 5
1671 1.000000 5
1675 1.000000 4
1679 1.000000 4
1684 1.000000 5
1688 1.000000 4
1692 1.000000 4
1696 1.000000 4
1700 1.000000 4
1704 1.000000 4
1709 1.000000 5
1714 1.000000 5
1719 0.000000 5
1723 1.000000 4
1726 1.000000 3
1731 1.000000 5
1735 -1.000000 4
1739 -1.000000 4
1742 -1.000000 3
1747 0.000000 5
1752 1.000000 5
1756 1.000000 4
1759 -1.000000 3
1764 1.000000 5
1768 -1.000000 4
1773 1.000000 5
1776 1.000000 3
1780 1.000000 4
1784 -1.000000 4
1789 0.000000 5
1793 -1.000000 4
1798 0.000000 5
1802 1.000000 4
1806 1.000000 4
1810 -1.000000 4
1814 1.000000 4
1819 0.000000 5
1823 1.000000 4
1827 -1.000000 4
1832 0.000000 5
1836 1.000000 4
1840 1.000000 4
1843 -1.000000 3
1848 0.000000 5
1851 1.000000 3
1856 1.000000 5
1860 -1.000000 4
1863 -1.000000 3
1867 1.000000 4
1871 1.000000 4
1875 1.000000 4
1879 -1.000000 4
1884 1.000000 5
1888 1.000000 4
1892 1.000000 4
1896 1.000000 4
1899 1.000000 3
1903 1.000000 4
1906 1.000000 3
1911 0.000000 5
1916 0.000000 5
1920 -1.000000 4
1924 1.000000 4
1928 -1.000000 4
1932 1.000000 4
1936 1.000000 4
1941 1.000000 5
1944 1.000000 3
1947 -1.000000 3
1952 1.000000 5
1955 -1.000000 3
1960 0.000000 5
1964 1.000000 4
1968 -1.000000 4
1972 1.000000 4
1976 -1.000000 4
1981 1.000000 5
1985 1.000000 4
1989 1.000000 4
1994 0.000000 5
1999 1.000000 5
2003 1.000000 4
2006 -1.000000 3
2009 -1.000000 3
2012 -1.000000 3
2015 -1.000000 3
2018 -1.000000 3
2021 -1.000000 3
2024 -1.000000 3
2027 -1.000000 3
2030 -1.000000 3
2033 -1.000000 3
2036 -1.000000 3
2039 -1.000000 3
2042 -1.000000 3
2045 -1.000000 3
2048 -1.000000 3
2051 -1.000000 3
2054 -1.000000 3
2057 -1.000000 3
2060 -1.000000 3
2063 -1.000000 3
2066 -1.000000 3
2069 -1.000000 3
2072 -1.000000 3
2075 -1.000000 3
2078 -1.000000 3
2081 -1.000000 3
2084 -1.000000 3
2087 -1.000000 3
2090 -1.000000 3
2093 -1.000000 3
2096 -1.000000 3
2099 -1.000000 3
2102 -1.000000 3
2105 -1.000000 3
2108 -1.000000 3
2111 -1.000000 3
2114 -1.000000 3
2117 -1.000000 3
2120 -1.000000 3
2123 -1.000000 3
2126 -1.000000 3
2129 -1.000000 3
2132 -1.000000 3
2135 -1.000000 3
2138 -1.000000 3
2141 -1.000000 3
2144 -1.000000 3
2147 -1.000000 3
2150 -1.000000 3
2153 -1.000000 3
2156 -1.000000 3
2159 -1.000000 3
2162 -1.000000 3
2165 -1.000000 3
2168 -1.000000 3
2171 -1.000000 3
2174 -1.000000 3
2177 -1.000000 3
2180 -1.000000 3
2183 -1.000000 3
2186 -1.000000 3
2189 -1.000000 3
2192 -1.000000 3
2195 -1.000000 3
2198 -1.000000 3
2201 -1.000000 3
2204 -1.000000 3
2207 -1.000000 3
2210 -1.000000 3
2213 -1.000000 3
2216 -1.000000 3
2219 -1.000000 3
2222 -1.000000 3
2225 -1.000000 3
2228 -1.000000 3
2231 -1.000000 3
2234 -1.000000 3
2237 -1.000000 3
2240 -1.000000 3
2243 -1.000000 3
2246 -1.000000 3
2249 -1.000000 3
2252 -1.000000 3
2255 -1.000000 3
2258 -1.000000 3
2261 -1.000000 3
2264 -1.000000 3
2267 -1.000000 3
2270 -1.000000 3
2273 -1.000000 3
2276 -1.000000 3
2279 -1.000000 3
2282 -1.000000 3
2285 -1.000000 3
2288 -1.000000 3
2291 -1.000000 3
2294 -1.000000 3
2297 -1.000000 3
2300 -1.000000 3
2303 -1.000000 3
2306 -1.000000 3
2309 -1.000000 3
2312 -1.000000 3
2315 -1.000000 3
2318 -1.000000 3
2321 -1.000000 3
2324 -1.000000 3
2327 -1.000000 3
2330 -1.000000 3
2333 -1.000000 3
2336 -1.000000 3
2339 -1.000000 3
2342 -1.000000 3
2345 -1.000000 3
2348 -1.000000 3
2351 -1.000000 3
2354 -1.000000 3
2357 -1.000000 3
2360 -1.000000 3
2363 -1.000000 3
2366 -1.000000 3
2369 -1.000000 3
2372 -1.000000 3
2375 -1.000000 3
2378 -1.000000 3
2381 -1.000000 3
2384 -1.000000 3
2387 -1.000000 3
2390 -1.000000 3
2393 -1.000000 3
2396 -1.000000 3
2399 -1.000000 3
2402 -1.000000 3
2405 -1.000000 3
2408 -1.000000 3
2411 -1.000000 3
2414 -1.000000 3
2417 -1.000000 3
2420 -1.000000 3
2423 -1.000000 3
2426 -1.000000 3
2429 -1.000000 3
2432 -1.000000 3
2435 -1.000000 3
2438 -1.000000 3
2441 -1.000000 3
2444 -1.000000 3
2447 -1.000000 3
2450 -1.000000 3
2453 -1.000000 3
2456 -1.000000 3
2459 -1.000000 3
2462 -1.000000 3
2465 -1.000000 3
2468 -1.000000 3
2471 -1.000000 3
2474 -1.000000 3
2477 -1.000000 3
2480 -1.000000 3
2483 -1.000000 3
2486 -1.000000 3
2489 -1.000000 3
2492 -1.000000 3
2495 -1.000000 3
2498 -1.000000 3
2501 -1.000000 3
2504 -1.000000 3
2507 -1.000000 3
2510 -1.000000 3
2513 -1.000000 3
2516 -1.000000 3
2519 -1.000000 3
2522 -1.000000 3
2525 -1.000000 3
2528 -1.000000 3
2531 -1.000000 3
2534 -1.000000 3
2537 -1.000000 3
2540 -1.000000 3
2543 -1.000000 3
2546 -1.000000 3
2549 -1.000000 3
2552 -1.000000 3
2555 -1.000000 3
2558 -1.000000 3
2561 -1.000000 3
2564 -1.000000 3
2567 -1.000000 3
2570 -1.000000 3
2573 -1.000000 3
2576 -1.000000 3
2579 -1.000000 3
2582 -1.000000 3
2585 -1.000000 3
2588 -1.000000 3
2591 -1.000000 3
2594 -1.000000 3
2597 -1.000000 3
2600 -1.000000 3
2603 -1.000000 3
2606 -1.000000 3
2609 -1.000000 3
2612 -1.000000 3
2615 -1.000000 3
2618 -1.000000 3
2621 -1.000000 3
2624 -1.000000 3
2627 -1.000000 3
2630 -1.000000 3
2633 -1.000000 3
2636 -1.000000 3
2639 -1.000000 3
2642 -1.000000 3
2645 -1.000000 3
2648 -1.000000 3
2651 -1.000000 3
2654 -1.000000 3
2657 -1.000000 3
2660 -1.000000 3
2663 -1.000000 3
2666 -1.000000 3
2669 -1.000000 3
2672 -1.000000 3
2675 -1.000000 3
2678 -1.000000 3
2681 -1.000000 3
2684 -1.000000 3
2687 -1.000000 3
2690 -1.000000 3
2693 -1.000000 3
2696 -1.000000 3
2699 -1.000000 3
2702 -1.000000 3
2705 -1.000000 3
2708 -1.000000 3
2711 -1.000000 3
2714 -1.000000 3
2717 -1.000000 3
2720 -1.000000 3
2723 -1.000000 3
2726 -1.000000 3
2729 -1.000000 3
2732 -1.000000 3
2735 -1.000000 3
2738 -1.000000 3
2741 -1.000000 3
2744 -1.000000 3
2747 -1.000000 3
2750 -1.000000 3
2753 -1.000000 3
2756 -1.000000 3
2759 -1.000000 3
2762 -1.000000 3
2765 -1.000000 3
2768 -1.000000 3
2771 -1.000000 3
2774 -1.000000 3
2777 -1.000000 3
2780 -1.000000 3
2783 -1.000000 3
2786 -1.000000 3
2789 -1.000000 3
2792 -1.000000 3
2795 -1.000000 3
2798 -1.000000 3
2801 -1.000000 3
2804 -1.000000 3
2807 -1.000000 3
2810 -1.000000 3
2813 -1.000000 3
2816 -1.000000 3
2819 -1.000000 3
2822 -1.000000 3
2825 -1.000000 3
2828 -1.000000 3
2831 -1.000000 3
2834 -1.000000 3
2837 -1.000000 3
2840 -1.000000 3
2843 -1.000000 3
2846 -1.000000 3
2849 -1.000000 3
2852 -1.000000 3
2855 -1.000000 3
2858 -1.000000 3
2861 -1.000000 3
2864 -1.000000 3
2867 -1.000000 3
2870 -1.000000 3
2873 -1.000000 3
2876 -1.000000 3
2879 -1.000000 3
2882 -1.000000 3
2885 -1.000000 3
2888 -1.000000 3
2891 -1.000000 3
2894 -1.000000 3
2897 -1.000000 3
2900 -1.000000 3
2903 -1.000000 3
2906 -1.000000 3
2909 -1.000000 3
2912 -1.000000 3
2915 -1.000000 3
2918 -1.000000 3
2921 -1.000000 3
2924 -1.000000 3
2927 -1.000000 3
2930 -1.000000 3
2933 -1.000000 3
2936 -1.000000 3
2939 -1.000000 3
2942 -1.000000 3
2945 -1.000000 3
2948 -1.000000 3
2951 -1.000000 3
2954 -1.000000 3
2957 -1.000000 3
2960 -1.000000 3
2963 -1.000000 3
2966 -1.000000 3
2969 -1.000000 3
2972 -1.000000 3
2975 -1.000000 3
2978 -1.000000 3
2981 -1.000000 3
2984 -1.000000 3
2987 -1.000000 3
2990 -1.000000 3
2993 -1.000000 3
2996 -1.000000 3
2999 -1.000000 3
3002 -1.000000 3
3005 -1.000000 3
