3 1.000000 3
7 -1.000000 4
12 1.000000 5
17 1.000000 5
21 1.000000 4
25 -1.000000 4
28 1.000000 3
32 -1.000000 4
36 -1.000000 4
39 -1.000000 3
44 1.000000 5
49 1.000000 5
54 1.000000 5
58 1.000000 4
62 -1.000000 4
67 1.000000 5
71 1.000000 4
74 -1.000000 3
79 1.000000 5
82 -1.000000 3
86 -1.000000 4
91 1.000000 5
94 -1.000000 3
98 1.000000 4
101 1.000000 3
105 1.000000 4
110 0.000000 5
115 0.000000 5
119 1.000000 4
123 1.000000 4
127 1.000000 4
130 -1.000000 3
135 1.000000 5
140 1.000000 5
143 -1.000000 3
146 -1.000000 3
150 -1.000000 4
155 1.000000 5
158 -1.000000 3
163 1.000000 5
167 1.000000 4
170 1.000000 3
174 1.000000 4
179 0.000000 5
182 -1.000000 3
186 1.000000 4
191 1.000000 5
196 1.000000 5
201 1.000000 5
205 -1.000000 4
210 0.000000 5
215 1.000000 5
219 -1.000000 4
223 1.000000 4
227 -1.000000 4
232 1.000000 5
236 -1.000000 4
239 1.000000 3
243 -1.000000 4
248 1.000000 5
251 1.000000 3
254 -1.000000 3
259 0.000000 5
263 -1.000000 4
267 1.000000 4
271 1.000000 4
275 1.000000 4
278 -1.000000 3
282 -1.000000 4
287 1.000000 5
291 -1.000000 4
294 -1.000000 3
298 1.000000 4
303 1.000000 5
307 1.000000 4
311 -1.000000 4
315 1.000000 4
319 1.000000 4
324 0.000000 5
329 1.000000 5
334 1.000000 5
337 -1.000000 3
341 1.000000 4
346 1.000000 5
350 1.000000 4
353 1.000000 3
358 1.000000 5
361 -1.000000 3
365 1.000000 4
369 -1.000000 4
374 1.000000 5
377 -1.000000 3
382 0.000000 5
386 -1.000000 4
391 1.000000 5
394 -1.000000 3
397 -1.000000 3
400 1.000000 3
404 1.000000 4
409 0.000000 5
413 -1.000000 4
416 -1.000000 3
420 1.000000 4
424 -1.000000 4
428 1.000000 4
432 -1.000000 4
436 1.000000 4
439 1.000000 3
444 1.000000 5
449 1.000000 5
453 -1.000000 4
458 0.000000 5
463 0.000000 5
467 1.000000 4
472 1.000000 5
477 0.000000 5
480 1.000000 3
485 1.000000 5
489 -1.000000 4
492 -1.000000 3
496 1.000000 4
499 1.000000 3
504 0.000000 5
507 1.000000 3
511 -1.000000 4
515 1.000000 4
519 -1.000000 4
524 0.000000 5
529 1.000000 5
533 1.000000 4
537 -1.000000 4
541 1.000000 4
545 1.000000 4
549 1.000000 4
552 -1.000000 3
556 1.000000 4
560 1.000000 4
564 -1.000000 4
569 1.000000 5
574 1.000000 5
578 -1.000000 4
582 1.000000 4
585 -1.000000 3
590 1.000000 5
594 -1.000000 4
598 -1.000000 4
603 1.000000 5
606 -1.000000 3
611 1.000000 5
615 -1.000000 4
618 1.000000 3
621 -1.000000 3
625 -1.000000 4
628 1.000000 3
633 0.000000 5
638 1.000000 5
642 1.000000 4
647 1.000000 5
652 1.000000 5
656 1.000000 4
660 1.000000 4
664 1.000000 4
668 1.000000 4
672 -1.000000 4
675 -1.000000 3
680 1.000000 5
685 0.000000 5
689 1.000000 4
692 -1.000000 3
696 -1.000000 4
701 1.000000 5
705 1.000000 4
709 1.000000 4
714 0.000000 5
718 1.000000 4
721 1.000000 3
724 -1.000000 3
728 -1.000000 4
732 1.000000 4
737 1.000000 5
741 1.000000 4
745 1.000000 4
748 -1.000000 3
752 -1.000000 4
756 -1.000000 4
761 0.000000 5
766 1.000000 5
770 -1.000000 4
775 1.000000 5
779 1.000000 4
784 1.000000 5
789 1.000000 5
793 -1.000000 4
796 -1.000000 3
800 -1.000000 4
805 1.000000 5
810 0.000000 5
814 -1.000000 4
819 0.000000 5
822 -1.000000 3
826 1.000000 4
830 1.000000 4
835 1.000000 5
840 0.000000 5
843 -1.000000 3
848 0.000000 5
851 -1.000000 3
856 1.000000 5
860 -1.000000 4
864 1.000000 4
869 1.000000 5
873 -1.000000 4
877 1.000000 4
881 1.000000 4
885 -1.000000 4
890 1.000000 5
894 1.000000 4
898 1.000000 4
902 1.000000 4
907 1.000000 5
911 1.000000 4
914 -1.000000 3
918 -1.000000 4
923 1.000000 5
926 -1.000000 3
929 -1.000000 3
933 -1.000000 4
937 1.000000 4
940 -1.000000 3
944 1.000000 4
948 -1.000000 4
952 1.000000 4
956 -1.000000 4
960 1.000000 4
964 -1.000000 4
967 -1.000000 3
970 -1.000000 3
974 -1.000000 4
979 1.000000 5
984 1.000000 5
989 1.000000 5
994 0.000000 5
997 1.000000 3
1002 0.000000 5
1005 -1.000000 3
1009 1.000000 4
1014 1.000000 5
1018 1.000000 4
1023 0.000000 5
1027 1.000000 4
1031 1.000000 4
1035 1.000000 4
1039 -1.000000 4
1044 1.000000 5
1048 1.000000 4
1052 -1.000000 4
1056 -1.000000 4
1061 1.000000 5
1064 -1.000000 3
1069 1.000000 5
1074 0.000000 5
1078 1.000000 4
1083 1.000000 5
1088 0.000000 5
1092 -1.000000 4
1096 -1.000000 4
1099 -1.000000 3
1103 1.000000 4
1107 1.000000 4
1112 1.000000 5
1117 1.000000 5
1122 0.000000 5
1127 1.000000 5
1130 -1.000000 3
1135 1.000000 5
1138 -1.000000 3
1142 -1.000000 4
1146 -1.000000 4
1150 1.000000 4
1154 -1.000000 4
1159 1.000000 5
1163 1.000000 4
1167 1.000000 4
1172 1.000000 5
1175 -1.000000 3
1180 1.000000 5
1185 0.000000 5
1189 -1.000000 4
1193 1.000000 4
1197 -1.000000 4
1200 -1.000000 3
1203 1.000000 3
1207 -1.000000 4
1211 -1.000000 4
1216 1.000000 5
1219 -1.000000 3
1223 -1.000000 4
1226 -1.000000 3
1229 1.000000 3
1233 -1.000000 4
1237 -1.000000 4
1242 1.000000 5
1247 1.000000 5
1251 -1.000000 4
1255 -1.000000 4
1260 1.000000 5
1265 1.000000 5
1270 0.000000 5
1275 1.000000 5
1279 1.000000 4
1283 1.000000 4
1286 -1.000000 3
1290 1.000000 4
1294 -1.000000 4
1299 1.000000 5
1302 -1.000000 3
1306 1.000000 4
1309 -1.000000 3
1313 1.000000 4
1316 -1.000000 3
1320 1.000000 4
1324 1.000000 4
1328 1.000000 4
1332 -1.000000 4
1336 -1.000000 4
1341 1.000000 5
1345 -1.000000 4
1350 0.000000 5
1354 1.000000 4
1359 1.000000 5
1364 0.000000 5
1369 1.000000 5
1373 -1.000000 4
1377 1.000000 4
1382 1.000000 5
1386 -1.000000 4
1390 -1.000000 4
1395 1.000000 5
1399 -1.000000 4
1403 -1.000000 4
1408 1.000000 5
1412 -1.000000 4
1417 1.000000 5
1421 -1.000000 4
1424 1.000000 3
1429 1.000000 5
1434 1.000000 5
1439 1.000000 5
1442 1.000000 3
1446 1.000000 4
1450 1.000000 4
1453 -1.000000 3
1457 -1.000000 4
1460 1.000000 3
1464 -1.000000 4
1469 1.000000 5
1474 1.000000 5
1478 1.000000 4
1482 -1.000000 4
1487 1.000000 5
1492 1.000000 5
1496 -1.000000 4
1499 -1.000000 3
1504 0.000000 5
1507 1.000000 3
1511 1.000000 4
1515 1.000000 4
1519 1.000000 4
1523 -1.000000 4
1526 1.000000 3
1530 1.000000 4
1534 -1.000000 4
1538 1.000000 4
1543 1.000000 5
1548 1.000000 5
1552 1.000000 4
1555 1.000000 3
1558 1.000000 3
1562 1.000000 4
1566 -1.000000 4
1571 1.000000 5
1576 0.000000 5
1581 1.000000 5
1586 1.000000 5
1590 1.000000 4
1594 1.000000 4
1597 -1.000000 3
1601 1.000000 4
1606 1.000000 5
1610 1.000000 4
1613 1.000000 3
1617 1.000000 4
1621 1.000000 4
1625 1.000000 4
1628 -1.000000 3
1632 -1.000000 4
1636 -1.000000 4
1640 1.000000 4
1644 1.000000 4
1648 -1.000000 4
1653 0.000000 5
1657 -1.000000 4
1662 0.000000 5
1666 1.000000 4
1671 0.000000 5
1676 1.000000 5
1681 1.000000 5
1685 -1.000000 4
1689 -1.000000 4
1693 -1.000000 4
1697 1.000000 4
1702 1.000000 5
1707 0.000000 5
1711 1.000000 4
1715 -1.000000 4
1720 1.000000 5
1725 1.000000 5
1730 1.000000 5
1734 1.000000 4
1738 1.000000 4
1741 -1.000000 3
1744 1.000000 3
1749 0.000000 5
1753 1.000000 4
1758 1.000000 5
1762 1.000000 4
1765 1.000000 3
1768 -1.000000 3
1772 -1.000000 4
1777 1.000000 5
1781 -1.000000 4
1786 0.000000 5
1791 1.000000 5
1796 1.000000 5
1800 -1.000000 4
1804 1.000000 4
1808 -1.000000 4
1813 1.000000 5
1817 1.000000 4
1820 -1.000000 3
1824 1.000000 4
1828 -1.000000 4
1832 1.000000 4
1835 -1.000000 3
1840 0.000000 5
1844 -1.000000 4
1849 1.000000 5
1853 1.000000 4
1857 -1.000000 4
1861 1.000000 4
1866 0.000000 5
1870 -1.000000 4
1875 0.000000 5
1880 1.000000 5
1885 1.000000 5
1889 -1.000000 4
1892 1.000000 3
1897 0.000000 5
1902 1.000000 5
1907 0.000000 5
1912 0.000000 5
1915 -1.000000 3
1920 0.000000 5
1924 -1.000000 4
1928 1.000000 4
1931 -1.000000 3
1935 -1.000000 4
1940 1.000000 5
1944 1.000000 4
1949 0.000000 5
1954 1.000000 5
1958 1.000000 4
1963 1.000000 5
1967 1.000000 4
1971 -1.000000 4
1976 1.000000 5
1981 1.000000 5
1985 -1.000000 4
1989 1.000000 4
1994 0.000000 5
1997 1.000000 3
2002 1.000000 5
2007 0.000000 5
2012 0.000000 5
2016 -1.000000 4
2020 -1.000000 4
2024 1.000000 4
2028 -1.000000 4
2031 -1.000000 3
2035 1.000000 4
2040 1.000000 5
2043 -1.000000 3
2047 1.000000 4
2050 1.000000 3
2054 1.000000 4
2057 -1.000000 3
2061 1.000000 4
2065 1.000000 4
2069 1.000000 4
2074 1.000000 5
2077 1.000000 3
2081 1.000000 4
2084 1.000000 3
2089 1.000000 5
2094 1.000000 5
2099 1.000000 5
2103 1.000000 4
2107 -1.000000 4
2111 1.000000 4
2114 -1.000000 3
2119 1.000000 5
2123 1.000000 4
2126 -1.000000 3
2130 -1.000000 4
2135 1.000000 5
2139 -1.000000 4
2142 1.000000 3
2146 1.000000 4
2150 -1.000000 4
2155 0.000000 5
2158 1.000000 3
2163 1.000000 5
2166 -1.000000 3
2169 -1.000000 3
2172 1.000000 3
2175 -1.000000 3
2179 1.000000 4
2182 1.000000 3
2187 1.000000 5
2191 1.000000 4
2196 1.000000 5
2200 1.000000 4
2205 1.000000 5
2209 -1.000000 4
2214 0.000000 5
2218 1.000000 4
2223 0.000000 5
2228 0.000000 5
2231 1.000000 3
2235 1.000000 4
2239 1.000000 4
2243 -1.000000 4
2247 1.000000 4
2250 1.000000 3
2254 1.000000 4
2258 1.000000 4
2261 -1.000000 3
2264 -1.000000 3
2268 1.000000 4
2272 1.000000 4
2275 1.000000 3
2280 0.000000 5
2284 1.000000 4
2289 1.000000 5
2293 -1.000000 4
2297 1.000000 4
2302 1.000000 5
2306 1.000000 4
2310 1.000000 4
2313 -1.000000 3
2317 1.000000 4
2321 -1.000000 4
2326 1.000000 5
2330 -1.000000 4
2334 1.000000 4
2338 -1.000000 4
2343 0.000000 5
2348 0.000000 5
2352 1.000000 4
2357 0.000000 5
2361 -1.000000 4
2365 1.000000 4
2368 -1.000000 3
2373 1.000000 5
2378 1.000000 5
2381 1.000000 3
2386 1.000000 5
2390 1.000000 4
2394 1.000000 4
2397 -1.000000 3
2400 -1.000000 3
2405 1.000000 5
2409 -1.000000 4
2412 -1.000000 3
2416 1.000000 4
2420 1.000000 4
2425 0.000000 5
2430 1.000000 5
2434 -1.000000 4
2438 1.000000 4
2443 1.000000 5
2447 -1.000000 4
2451 1.000000 4
2456 1.000000 5
2459 -1.000000 3
2462 -1.000000 3
2466 1.000000 4
2470 1.000000 4
2475 0.000000 5
2480 1.000000 5
2483 -1.000000 3
2487 1.000000 4
2491 1.000000 4
2495 1.000000 4
2500 1.000000 5
2505 0.000000 5
2508 1.000000 3
2512 1.000000 4
2515 -1.000000 3
2518 -1.000000 3
2523 1.000000 5
2526 1.000000 3
2529 -1.000000 3
2534 0.000000 5
2538 1.000000 4
2541 1.000000 3
2544 -1.000000 3
2549 0.000000 5
2553 1.000000 4
2558 0.000000 5
2562 1.000000 4
2567 0.000000 5
2572 1.000000 5
2576 -1.000000 4
2580 1.000000 4
2585 0.000000 5
2588 1.000000 3
2592 1.000000 4
2596 1.000000 4
2600 1.000000 4
2604 1.000000 4
2609 1.000000 5
2613 1.000000 4
2618 1.000000 5
2621 1.000000 3
2626 1.000000 5
2629 1.000000 3
2634 1.000000 5
2637 1.000000 3
2641 -1.000000 4
2646 0.000000 5
2651 1.000000 5
2655 1.000000 4
2660 1.000000 5
2665 1.000000 5
2669 -1.000000 4
2674 1.000000 5
2679 1.000000 5
2683 1.000000 4
2688 1.000000 5
2692 1.000000 4
2697 1.000000 5
2702 1.000000 5
2706 1.000000 4
2711 0.000000 5
2716 0.000000 5
2720 -1.000000 4
2723 -1.000000 3
2727 1.000000 4
2732 0.000000 5
2736 -1.000000 4
2741 0.000000 5
2745 1.000000 4
2749 1.000000 4
2754 1.000000 5
2759 0.000000 5
2763 -1.000000 4
2767 1.000000 4
2771 1.000000 4
2776 1.000000 5
2781 0.000000 5
2784 1.000000 3
2787 1.000000 3
2792 1.000000 5
2797 1.000000 5
2802 0.000000 5
2806 -1.000000 4
2810 1.000000 4
2813 -1.000000 3
2817 1.000000 4
2821 1.000000 4
2826 0.000000 5
2830 -1.000000 4
2833 1.000000 3
2837 -1.000000 4
2842 1.000000 5
2846 1.000000 4
2850 1.000000 4
2854 1.000000 4
2859 1.000000 5
2864 1.000000 5
2869 1.000000 5
2873 -1.000000 4
2877 -1.000000 4
2881 1.000000 4
2884 -1.000000 3
2887 1.000000 3
2891 1.000000 4
2896 0.000000 5
2900 1.000000 4
2905 1.000000 5
2908 -1.000000 3
2911 1.000000 3
2916 1.000000 5
2920 -1.000000 4
2924 -1.000000 4
2928 1.000000 4
2933 1.000000 5
2938 1.000000 5
2943 1.000000 5
2946 -1.000000 3
2951 1.000000 5
2955 1.000000 4
2959 1.000000 4
2963 -1.000000 4
2967 -1.000000 4
2971 1.000000 4
2975 -1.000000 4
2980 0.000000 5
2984 1.000000 4
2989 1.000000 5
2994 1.000000 5
2998 1.000000 4
3001 1.000000 3
3006 0.000000 5
3011 0.000000 5
3014 1.000000 3
3017 -1.000000 3
3020 1.000000 3
3025 1.000000 5
3029 -1.000000 4
3034 1.000000 5
3039 1.000000 5
3044 1.000000 5
3048 1.000000 4
3051 1.000000 3
3055 -1.000000 4
3059 1.000000 4
3062 1.000000 3
3066 1.000000 4
3070 1.000000 4
3074 -1.000000 4
3079 1.000000 5
3082 1.000000 3
3086 1.000000 4
3089 1.000000 3
3093 1.000000 4
3097 1.000000 4
3100 1.000000 3
3105 1.000000 5
3109 1.000000 4
3113 1.000000 4
3116 -1.000000 3
3119 1.000000 3
3124 1.000000 5
3127 1.000000 3
3130 -1.000000 3
3135 1.000000 5
3139 1.000000 4
3143 1.000000 4
3147 1.000000 4
3150 1.000000 3
3154 1.000000 4
3158 1.000000 4
3163 1.000000 5
3167 -1.000000 4
3172 1.000000 5
3175 1.000000 3
3179 -1.000000 4
3183 1.000000 4
3188 1.000000 5
3191 -1.000000 3
3196 1.000000 5
3200 1.000000 4
3204 1.000000 4
3209 0.000000 5
3212 1.000000 3
3217 1.000000 5
3220 1.000000 3
3224 1.000000 4
3227 1.000000 3
3231 -1.000000 4
3235 1.000000 4
3240 1.000000 5
3244 -1.000000 4
3249 1.000000 5
3253 -1.000000 4
3256 1.000000 3
3261 1.000000 5
3266 1.000000 5
3270 -1.000000 4
3274 1.000000 4
3278 1.000000 4
3283 0.000000 5
3288 0.000000 5
3293 1.000000 5
3297 1.000000 4
3302 1.000000 5
3306 1.000000 4
3310 -1.000000 4
3315 1.000000 5
3319 1.000000 4
3323 1.000000 4
3326 1.000000 3
3331 0.000000 5
3335 -1.000000 4
3340 1.000000 5
3345 1.000000 5
3349 1.000000 4
3354 0.000000 5
3359 0.000000 5
3362 -1.000000 3
3367 1.000000 5
3371 -1.000000 4
3376 0.000000 5
3380 -1.000000 4
3384 1.000000 4
3388 -1.000000 4
3393 1.000000 5
3396 1.000000 3
3399 -1.000000 3
3402 -1.000000 3
3406 1.000000 4
3410 1.000000 4
3415 0.000000 5
3418 1.000000 3
3423 1.000000 5
3426 -1.000000 3
3431 1.000000 5
3436 1.000000 5
3439 1.000000 3
3443 -1.000000 4
3448 1.000000 5
3452 1.000000 4
3457 1.000000 5
3460 -1.000000 3
3464 -1.000000 4
3468 1.000000 4
3472 -1.000000 4
3476 -1.000000 4
3480 1.000000 4
3484 1.000000 4
3488 1.000000 4
3492 1.000000 4
3495 -1.000000 3
3499 1.000000 4
3503 -1.000000 4
3508 1.000000 5
3512 -1.000000 4
3515 -1.000000 3
3520 1.000000 5
3524 1.000000 4
3528 -1.000000 4
3532 -1.000000 4
3537 0.000000 5
3540 1.000000 3
3544 -1.000000 4
3548 1.000000 4
3552 1.000000 4
3555 1.000000 3
3559 -1.000000 4
3563 1.000000 4
3567 -1.000000 4
3571 1.000000 4
3574 1.000000 3
3577 1.000000 3
3581 -1.000000 4
3585 -1.000000 4
3588 -1.000000 3
3593 1.000000 5
3596 -1.000000 3
3599 1.000000 3
3603 1.000000 4
3608 0.000000 5
3613 1.000000 5
3616 -1.000000 3
3621 0.000000 5
3625 -1.000000 4
3630 0.000000 5
3634 -1.000000 4
3639 0.000000 5
3644 1.000000 5
3647 1.000000 3
3651 -1.000000 4
3654 1.000000 3
3659 0.000000 5
3663 1.000000 4
3667 1.000000 4
3672 1.000000 5
3676 -1.000000 4
3680 1.000000 4
3683 -1.000000 3
3687 1.000000 4
3690 1.000000 3
3694 1.000000 4
3698 1.000000 4
3702 1.000000 4
3707 0.000000 5
3712 1.000000 5
3717 0.000000 5
3720 1.000000 3
3724 1.000000 4
3728 -1.000000 4
3733 1.000000 5
3738 1.000000 5
3741 -1.000000 3
3744 -1.000000 3
3749 1.000000 5
3753 1.000000 4
3758 1.000000 5
3763 1.000000 5
3766 -1.000000 3
3771 1.000000 5
3775 -1.000000 4
3779 1.000000 4
3783 1.000000 4
3788 0.000000 5
3792 1.000000 4
3795 -1.000000 3
3800 1.000000 5
3803 -1.000000 3
3808 0.000000 5
3813 1.000000 5
3816 -1.000000 3
3821 0.000000 5
3826 1.000000 5
3831 1.000000 5
3836 1.000000 5
3840 1.000000 4
3845 0.000000 5
3850 1.000000 5
3854 1.000000 4
3859 1.000000 5
3863 1.000000 4
3867 1.000000 4
3871 1.000000 4
3875 1.000000 4
3878 -1.000000 3
3882 -1.000000 4
3886 1.000000 4
3890 -1.000000 4
3894 1.000000 4
3899 1.000000 5
3903 -1.000000 4
3907 1.000000 4
3911 -1.000000 4
3914 1.000000 3
3918 -1.000000 4
3922 -1.000000 4
3927 1.000000 5
3932 1.000000 5
3936 1.000000 4
3940 -1.000000 4
3943 -1.000000 3
3948 1.000000 5
3953 0.000000 5
3958 1.000000 5
3962 -1.000000 4
3967 1.000000 5
3972 1.000000 5
3977 1.000000 5
3980 1.000000 3
3985 1.000000 5
3990 1.000000 5
3993 -1.000000 3
3996 1.000000 3
4001 0.000000 5
4005 -1.000000 4
4009 -1.000000 4
4012 1.000000 3
4016 -1.000000 4
4020 -1.000000 4
4025 1.000000 5
4029 1.000000 4
4034 0.000000 5
4038 -1.000000 4
4043 0.000000 5
4048 0.000000 5
4052 1.000000 4
4057 1.000000 5
4062 0.000000 5
4067 0.000000 5
4071 1.000000 4
4075 -1.000000 4
4078 -1.000000 3
4081 -1.000000 3
4085 1.000000 4
4089 1.000000 4
4093 1.000000 4
4096 1.000000 3
4100 -1.000000 4
4105 0.000000 5
4110 0.000000 5
4115 0.000000 5
4119 -1.000000 4
4124 1.000000 5
4129 0.000000 5
4132 1.000000 3
4136 -1.000000 4
4140 -1.000000 4
4143 1.000000 3
4148 1.000000 5
4152 -1.000000 4
4155 -1.000000 3
4159 1.000000 4
4162 -1.000000 3
4167 0.000000 5
4171 1.000000 4
4176 1.000000 5
4180 1.000000 4
4183 1.000000 3
4187 -1.000000 4
4191 1.000000 4
4195 -1.000000 4
4200 1.000000 5
4205 1.000000 5
4210 0.000000 5
4214 -1.000000 4
4218 -1.000000 4
4223 1.000000 5
4228 1.000000 5
4232 1.000000 4
4235 -1.000000 3
4238 1.000000 3
4242 -1.000000 4
4246 -1.000000 4
4249 -1.000000 3
4254 0.000000 5
4258 1.000000 4
4262 1.000000 4
4266 -1.000000 4
4271 0.000000 5
4274 1.000000 3
4279 1.000000 5
4283 1.000000 4
4288 0.000000 5
4292 -1.000000 4
4296 1.000000 4
4299 -1.000000 3
4304 1.000000 5
4307 1.000000 3
4311 1.000000 4
4316 1.000000 5
4319 1.000000 3
4324 1.000000 5
4329 0.000000 5
4333 1.000000 4
4336 1.000000 3
4340 -1.000000 4
4345 1.000000 5
4349 -1.000000 4
4354 1.000000 5
4358 1.000000 4
4362 1.000000 4
4367 1.000000 5
4371 1.000000 4
4375 1.000000 4
4378 1.000000 3
4382 -1.000000 4
4386 1.000000 4
4390 1.000000 4
4395 1.000000 5
4400 1.000000 5
4404 1.000000 4
4407 1.000000 3
4411 1.000000 4
4415 -1.000000 4
4418 1.000000 3
4422 1.000000 4
4426 -1.000000 4
4431 1.000000 5
4436 0.000000 5
4440 1.000000 4
4443 1.000000 3
4446 -1.000000 3
4450 1.000000 4
4455 1.000000 5
4458 1.000000 3
4463 1.000000 5
4467 -1.000000 4
4471 -1.000000 4
4476 1.000000 5
4481 1.000000 5
4485 1.000000 4
4490 1.000000 5
4494 -1.000000 4
4499 1.000000 5
4503 1.000000 4
4507 -1.000000 4
4510 1.000000 3
4515 1.000000 5
4519 1.000000 4
4523 1.000000 4
4528 0.000000 5
4532 1.000000 4
4537 0.000000 5
4541 -1.000000 4
4544 -1.000000 3
4548 1.000000 4
4551 1.000000 3
4555 -1.000000 4
4559 -1.000000 4
4564 1.000000 5
4568 -1.000000 4
4573 1.000000 5
4577 1.000000 4
4581 -1.000000 4
4584 -1.000000 3
4588 1.000000 4
4593 1.000000 5
4598 1.000000 5
4602 1.000000 4
4607 0.000000 5
4611 1.000000 4
4615 -1.000000 4
4620 1.000000 5
4625 0.000000 5
4630 1.000000 5
4635 0.000000 5
4640 0.000000 5
4644 1.000000 4
4649 1.000000 5
4652 1.000000 3
4656 -1.000000 4
4660 -1.000000 4
4663 1.000000 3
4667 1.000000 4
4671 1.000000 4
4674 -1.000000 3
4679 0.000000 5
4682 -1.000000 3
4685 -1.000000 3
4689 -1.000000 4
4693 -1.000000 4
4698 0.000000 5
4703 0.000000 5
4708 1.000000 5
4711 -1.000000 3
4716 1.000000 5
4720 1.000000 4
4725 1.000000 5
4729 1.000000 4
4732 -1.000000 3
4737 1.000000 5
4741 1.000000 4
4746 0.000000 5
4749 -1.000000 3
4753 1.000000 4
4756 -1.000000 3
4759 -1.000000 3
4764 1.000000 5
4768 1.000000 4
4771 -1.000000 3
4774 1.000000 3
4778 1.000000 4
4783 1.000000 5
4787 1.000000 4
4791 -1.000000 4
4794 1.000000 3
4798 -1.000000 4
4802 1.000000 4
4807 1.000000 5
4810 1.000000 3
4814 1.000000 4
4819 1.000000 5
4824 1.000000 5
4828 -1.000000 4
4833 1.000000 5
4838 1.000000 5
4841 1.000000 3
4846 0.000000 5
4850 -1.000000 4
4854 1.000000 4
4858 1.000000 4
4863 1.000000 5
4867 -1.000000 4
4872 1.000000 5
4876 -1.000000 4
4881 0.000000 5
4884 -1.000000 3
4888 1.000000 4
4893 1.000000 5
4898 0.000000 5
4902 1.000000 4
4907 0.000000 5
4910 -1.000000 3
4915 0.000000 5
4920 0.000000 5
4924 1.000000 4
4927 -1.000000 3
4931 1.000000 4
4935 -1.000000 4
4938 -1.000000 3
4941 1.000000 3
4946 0.000000 5
4949 -1.000000 3
4953 -1.000000 4
4957 1.000000 4
4961 -1.000000 4
4966 1.000000 5
4971 1.000000 5
4976 1.000000 5
4980 -1.000000 4
4984 1.000000 4
4988 1.000000 4
4993 1.000000 5
4997 1.000000 4
5002 1.000000 5
5007 0.000000 5
5010 -1.000000 3
5015 0.000000 5
5019 -1.000000 4
5023 1.000000 4
5026 1.000000 3
5031 1.000000 5
5035 -1.000000 4
5040 1.000000 5
5044 1.000000 4
5048 -1.000000 4
5051 1.000000 3
5055 -1.000000 4
5058 1.000000 3
5061 -1.000000 3
5064 -1.000000 3
5069 0.000000 5
5073 -1.000000 4
5078 1.000000 5
5083 1.000000 5
5088 0.000000 5
5091 -1.000000 3
5095 -1.000000 4
5100 0.000000 5
5103 1.000000 3
5107 1.000000 4
5110 -1.000000 3
5115 0.000000 5
5119 1.000000 4
5122 1.000000 3
5125 1.000000 3
5130 1.000000 5
5135 1.000000 5
5139 1.000000 4
5144 1.000000 5
5149 1.000000 5
5153 1.000000 4
5158 0.000000 5
5163 1.000000 5
5167 -1.000000 4
5171 1.000000 4
5176 0.000000 5
5179 -1.000000 3
5184 1.000000 5
5189 1.000000 5
5193 -1.000000 4
5197 1.000000 4
5201 -1.000000 4
5205 1.000000 4
5210 1.000000 5
5215 0.000000 5
5218 1.000000 3
5221 1.000000 3
5224 1.000000 3
5228 1.000000 4
5233 0.000000 5
5238 1.000000 5
5243 1.000000 5
5248 1.000000 5
5252 -1.000000 4
5256 1.000000 4
5260 -1.000000 4
5265 0.000000 5
5269 1.000000 4
5274 0.000000 5
5277 1.000000 3
5281 1.000000 4
5285 -1.000000 4
5288 1.000000 3
5292 1.000000 4
5297 0.000000 5
5302 1.000000 5
5306 -1.000000 4
5310 -1.000000 4
5314 -1.000000 4
5318 -1.000000 4
5323 1.000000 5
5328 1.000000 5
5332 -1.000000 4
5336 -1.000000 4
5341 1.000000 5
5344 -1.000000 3
5349 0.000000 5
5354 0.000000 5
5357 -1.000000 3
5361 -1.000000 4
5365 1.000000 4
5370 1.000000 5
5373 1.000000 3
5376 1.000000 3
5381 0.000000 5
5386 1.000000 5
5390 -1.000000 4
5395 0.000000 5
5400 0.000000 5
5403 -1.000000 3
5408 1.000000 5
5412 1.000000 4
5417 0.000000 5
5421 -1.000000 4
5426 0.000000 5
5430 1.000000 4
5434 1.000000 4
5438 -1.000000 4
5443 1.000000 5
5447 -1.000000 4
5451 1.000000 4
5455 -1.000000 4
5458 1.000000 3
5461 1.000000 3
5465 1.000000 4
5468 1.000000 3
5473 0.000000 5
5477 -1.000000 4
5480 -1.000000 3
5484 1.000000 4
5489 1.000000 5
5493 1.000000 4
5497 1.000000 4
5501 -1.000000 4
5506 0.000000 5
5510 -1.000000 4
5515 1.000000 5
5519 -1.000000 4
5523 -1.000000 4
5527 -1.000000 4
5531 1.000000 4
5535 1.000000 4
5539 1.000000 4
5542 -1.000000 3
5546 1.000000 4
5550 1.000000 4
5555 1.000000 5
5559 1.000000 4
5564 1.000000 5
5568 1.000000 4
5571 1.000000 3
5576 1.000000 5
5580 1.000000 4
5585 1.000000 5
5590 1.000000 5
5594 -1.000000 4
5598 1.000000 4
5602 1.000000 4
5606 -1.000000 4
5610 -1.000000 4
5614 1.000000 4
5618 1.000000 4
5622 1.000000 4
5627 1.000000 5
5630 1.000000 3
5634 -1.000000 4
5637 -1.000000 3
5642 0.000000 5
5646 -1.000000 4
5649 -1.000000 3
5654 1.000000 5
5658 -1.000000 4
5662 1.000000 4
5665 -1.000000 3
5669 1.000000 4
5673 1.000000 4
5678 1.000000 5
5682 1.000000 4
5686 -1.000000 4
5690 -1.000000 4
5693 1.000000 3
5698 0.000000 5
5702 -1.000000 4
5706 -1.000000 4
5709 -1.000000 3
5712 -1.000000 3
5716 1.000000 4
5721 1.000000 5
5726 1.000000 5
5731 0.000000 5
5735 1.000000 4
5740 1.000000 5
5744 1.000000 4
5748 1.000000 4
5751 1.000000 3
5756 1.000000 5
5760 -1.000000 4
5765 0.000000 5
5769 -1.000000 4
5774 0.000000 5
5779 0.000000 5
5784 0.000000 5
5787 -1.000000 3
5792 0.000000 5
5796 1.000000 4
5799 1.000000 3
5802 1.000000 3
5807 1.000000 5
5811 1.000000 4
5815 -1.000000 4
5820 1.000000 5
5823 1.000000 3
5828 1.000000 5
5833 1.000000 5
5838 1.000000 5
5842 1.000000 4
5846 -1.000000 4
5850 1.000000 4
5853 -1.000000 3
5857 1.000000 4
5860 -1.000000 3
5864 1.000000 4
5869 1.000000 5
5874 0.000000 5
5877 1.000000 3
5881 1.000000 4
5884 1.000000 3
5888 1.000000 4
5892 1.000000 4
5896 1.000000 4
5900 -1.000000 4
5904 1.000000 4
5908 1.000000 4
5912 1.000000 4
5917 1.000000 5
5922 1.000000 5
5926 1.000000 4
5931 1.000000 5
5934 1.000000 3
5938 1.000000 4
5942 -1.000000 4
5947 0.000000 5
5951 -1.000000 4
5956 1.000000 5
5960 1.000000 4
5964 -1.000000 4
5969 0.000000 5
5972 1.000000 3
5976 1.000000 4
5980 -1.000000 4
5985 1.000000 5
5989 1.000000 4
5993 1.000000 4
5997 -1.000000 4
6001 1.000000 4
6005 -1.000000 4
6008 1.000000 3
6011 1.000000 3
6016 0.000000 5
6021 1.000000 5
6024 -1.000000 3
6029 0.000000 5
6034 1.000000 5
6038 -1.000000 4
6043 1.000000 5
6047 -1.000000 4
6052 0.000000 5
6056 -1.000000 4
6060 1.000000 4
6064 -1.000000 4
6068 1.000000 4
6072 1.000000 4
6077 0.000000 5
6080 1.000000 3
6084 -1.000000 4
6089 1.000000 5
6093 -1.000000 4
6097 1.000000 4
6102 1.000000 5
6105 1.000000 3
6109 1.000000 4
6114 0.000000 5
6118 1.000000 4
6122 1.000000 4
6127 1.000000 5
6130 -1.000000 3
6135 1.000000 5
6140 1.000000 5
6145 1.000000 5
6150 0.000000 5
6154 -1.000000 4
6158 1.000000 4
6161 -1.000000 3
6166 1.000000 5
6169 1.000000 3
6174 0.000000 5
6179 1.000000 5
6183 -1.000000 4
6188 1.000000 5
6193 1.000000 5
6198 1.000000 5
6202 -1.000000 4
6207 1.000000 5
6210 1.000000 3
6215 0.000000 5
6219 1.000000 4
6223 1.000000 4
6227 1.000000 4
6231 1.000000 4
6235 -1.000000 4
6239 1.000000 4
6244 0.000000 5
6248 -1.000000 4
6252 1.000000 4
6256 1.000000 4
6261 1.000000 5
6265 1.000000 4
6270 0.000000 5
6274 1.000000 4
6278 -1.000000 4
6283 1.000000 5
6287 1.000000 4
6291 1.000000 4
6296 0.000000 5
6300 1.000000 4
6305 1.000000 5
6308 -1.000000 3
6312 -1.000000 4
6316 1.000000 4
6320 -1.000000 4
6325 1.000000 5
6329 -1.000000 4
6334 1.000000 5
6339 1.000000 5
6343 1.000000 4
6347 1.000000 4
6351 -1.000000 4
6356 0.000000 5
6359 1.000000 3
6364 1.000000 5
6368 1.000000 4
6373 1.000000 5
6378 1.000000 5
6383 0.000000 5
6388 1.000000 5
6393 0.000000 5
6397 -1.000000 4
6402 0.000000 5
6406 1.000000 4
6411 1.000000 5
6416 1.000000 5
6421 1.000000 5
6424 -1.000000 3
6428 -1.000000 4
6433 1.000000 5
6438 0.000000 5
6442 -1.000000 4
6447 1.000000 5
6452 1.000000 5
6456 1.000000 4
6459 -1.000000 3
6463 -1.000000 4
6468 1.000000 5
6472 1.000000 4
6476 1.000000 4
6480 -1.000000 4
6484 -1.000000 4
6488 1.000000 4
6492 1.000000 4
6496 1.000000 4
6501 0.000000 5
6504 1.000000 3
6509 1.000000 5
6514 0.000000 5
6517 1.000000 3
6520 -1.000000 3
6524 1.000000 4
6529 1.000000 5
6532 1.000000 3
6536 1.000000 4
6541 1.000000 5
6544 -1.000000 3
6548 1.000000 4
6553 0.000000 5
6558 1.000000 5
6563 1.000000 5
6568 0.000000 5
6571 1.000000 3
6576 1.000000 5
6580 -1.000000 4
6585 1.000000 5
6589 1.000000 4
6593 1.000000 4
6598 1.000000 5
6602 -1.000000 4
6607 0.000000 5
6611 1.000000 4
6615 -1.000000 4
6619 -1.000000 4
6624 1.000000 5
6628 1.000000 4
6633 0.000000 5
6637 1.000000 4
6642 1.000000 5
6645 1.000000 3
6650 0.000000 5
6655 1.000000 5
6660 1.000000 5
6665 0.000000 5
6670 0.000000 5
6673 1.000000 3
6678 1.000000 5
6681 1.000000 3
6686 0.000000 5
6690 1.000000 4
6695 0.000000 5
6700 1.000000 5
6705 1.000000 5
6710 0.000000 5
6714 -1.000000 4
6719 0.000000 5
6724 0.000000 5
6727 -1.000000 3
6732 1.000000 5
6736 1.000000 4
6740 1.000000 4
6745 0.000000 5
6750 1.000000 5
6753 -1.000000 3
6758 1.000000 5
6762 1.000000 4
6766 -1.000000 4
6770 -1.000000 4
6774 -1.000000 4
6779 1.000000 5
6783 1.000000 4
6787 -1.000000 4
6790 1.000000 3
6794 -1.000000 4
6798 1.000000 4
6803 1.000000 5
6807 1.000000 4
6812 1.000000 5
6817 1.000000 5
6821 1.000000 4
6825 1.000000 4
6828 1.000000 3
6832 -1.000000 4
6835 1.000000 3
6838 -1.000000 3
6842 -1.000000 4
6847 1.000000 5
6851 1.000000 4
6855 1.000000 4
6859 1.000000 4
6863 1.000000 4
6867 1.000000 4
6871 -1.000000 4
6874 -1.000000 3
6878 1.000000 4
6881 -1.000000 3
6886 0.000000 5
6891 0.000000 5
6895 1.000000 4
6898 1.000000 3
6903 1.000000 5
6907 1.000000 4
6911 1.000000 4
6914 -1.000000 3
6918 1.000000 4
6922 1.000000 4
6926 -1.000000 4
6931 1.000000 5
6935 1.000000 4
6939 1.000000 4
6944 0.000000 5
6949 1.000000 5
6954 1.000000 5
6958 1.000000 4
6962 -1.000000 4
6966 1.000000 4
6970 -1.000000 4
6974 1.000000 4
6978 1.000000 4
6983 1.000000 5
6988 1.000000 5
6992 -1.000000 4
6995 -1.000000 3
6999 -1.000000 4
7003 -1.000000 4
7006 1.000000 3
7011 1.000000 5
7015 -1.000000 4
7018 -1.000000 3
7023 1.000000 5
7028 1.000000 5
7031 1.000000 3
7035 1.000000 4
7039 1.000000 4
7043 -1.000000 4
7047 1.000000 4
7051 -1.000000 4
7055 1.000000 4
7060 0.000000 5
7064 -1.000000 4
7069 0.000000 5
7073 -1.000000 4
7078 1.000000 5
7083 0.000000 5
7086 1.000000 3
7089 1.000000 3
7093 1.000000 4
7098 1.000000 5
7103 1.000000 5
7107 1.000000 4
7111 1.000000 4
7116 1.000000 5
7121 0.000000 5
7126 1.000000 5
7131 0.000000 5
7135 -1.000000 4
7139 -1.000000 4
7143 1.000000 4
7148 0.000000 5
7153 1.000000 5
7157 1.000000 4
7162 1.000000 5
7165 -1.000000 3
7170 1.000000 5
7173 1.000000 3
7178 1.000000 5
7183 1.000000 5
7186 -1.000000 3
7190 -1.000000 4
7195 1.000000 5
7199 1.000000 4
7203 -1.000000 4
7208 1.000000 5
7212 1.000000 4
7216 1.000000 4
7220 1.000000 4
7225 1.000000 5
7229 -1.000000 4
7233 -1.000000 4
7237 1.000000 4
7242 0.000000 5
7245 1.000000 3
7248 1.000000 3
7251 1.000000 3
7254 1.000000 3
7258 1.000000 4
7263 1.000000 5
7266 -1.000000 3
7269 -1.000000 3
7274 1.000000 5
7278 -1.000000 4
7282 1.000000 4
7286 -1.000000 4
7291 0.000000 5
7295 1.000000 4
7299 -1.000000 4
7303 1.000000 4
7307 -1.000000 4
7310 -1.000000 3
7314 -1.000000 4
7317 -1.000000 3
7321 -1.000000 4
7325 1.000000 4
7329 1.000000 4
7332 -1.000000 3
7336 -1.000000 4
7341 0.000000 5
7344 -1.000000 3
7349 1.000000 5
7353 1.000000 4
7357 1.000000 4
7360 1.000000 3
7364 1.000000 4
7367 -1.000000 3
7371 -1.000000 4
7375 1.000000 4
7379 1.000000 4
7383 1.000000 4
7386 1.000000 3
7391 1.000000 5
7395 1.000000 4
7399 -1.000000 4
7404 1.000000 5
7407 1.000000 3
7410 -1.000000 3
7415 1.000000 5
7420 1.000000 5
7425 1.000000 5
7430 1.000000 5
7434 1.000000 4
7437 -1.000000 3
7440 -1.000000 3
7444 1.000000 4
7449 1.000000 5
7454 0.000000 5
7458 1.000000 4
7462 1.000000 4
7467 0.000000 5
7472 0.000000 5
7477 1.000000 5
7482 0.000000 5
7486 -1.000000 4
7489 1.000000 3
7492 -1.000000 3
7496 1.000000 4
7500 1.000000 4
7504 -1.000000 4
7509 1.000000 5
7513 1.000000 4
7517 1.000000 4
7521 1.000000 4
7525 1.000000 4
7530 0.000000 5
7535 0.000000 5
7540 0.000000 5
7544 -1.000000 4
7547 1.000000 3
7551 1.000000 4
7555 1.000000 4
7560 0.000000 5
7565 1.000000 5
7569 -1.000000 4
7574 1.000000 5
7578 1.000000 4
7582 -1.000000 4
7586 1.000000 4
7589 1.000000 3
7593 1.000000 4
7597 -1.000000 4
7601 1.000000 4
7604 1.000000 3
7609 0.000000 5
7613 1.000000 4
7617 1.000000 4
7621 -1.000000 4
7625 -1.000000 4
7628 1.000000 3
7632 -1.000000 4
7636 -1.000000 4
7640 1.000000 4
7644 1.000000 4
7648 1.000000 4
7652 1.000000 4
7655 -1.000000 3
7660 0.000000 5
7665 0.000000 5
7670 1.000000 5
7675 0.000000 5
7679 1.000000 4
7683 1.000000 4
7687 -1.000000 4
7691 -1.000000 4
7695 1.000000 4
7699 -1.000000 4
7703 -1.000000 4
7708 1.000000 5
7713 1.000000 5
7718 1.000000 5
7722 1.000000 4
7726 -1.000000 4
7730 -1.000000 4
7735 1.000000 5
7740 1.000000 5
7745 0.000000 5
7750 0.000000 5
7754 -1.000000 4
7759 1.000000 5
7762 -1.000000 3
7766 1.000000 4
7770 -1.000000 4
7774 1.000000 4
7778 -1.000000 4
7782 1.000000 4
7787 0.000000 5
7791 1.000000 4
7796 0.000000 5
7800 -1.000000 4
7803 -1.000000 3
7807 -1.000000 4
7810 1.000000 3
7815 1.000000 5
7818 -1.000000 3
7822 -1.000000 4
7827 1.000000 5
7832 1.000000 5
7837 1.000000 5
7842 0.000000 5
7845 -1.000000 3
7848 1.000000 3
7852 1.000000 4
7855 1.000000 3
7859 -1.000000 4
7864 1.000000 5
7867 -1.000000 3
7872 0.000000 5
7877 1.000000 5
7881 1.000000 4
7885 1.000000 4
7889 -1.000000 4
7893 -1.000000 4
7897 1.000000 4
7901 1.000000 4
7905 1.000000 4
7909 1.000000 4
7913 -1.000000 4
7918 1.000000 5
7921 1.000000 3
7926 0.000000 5
7930 -1.000000 4
7935 0.000000 5
7940 1.000000 5
7945 0.000000 5
7948 1.000000 3
7951 1.000000 3
7954 1.000000 3
7958 1.000000 4
7963 0.000000 5
7967 -1.000000 4
7971 -1.000000 4
7976 1.000000 5
7980 -1.000000 4
7984 -1.000000 4
7989 1.000000 5
7993 1.000000 4
7997 1.000000 4
8002 1.000000 5
8006 -1.000000 4
8010 -1.000000 4
8014 -1.000000 4
8018 -1.000000 4
8023 1.000000 5
8026 1.000000 3
8031 0.000000 5
8035 1.000000 4
8040 1.000000 5
8044 -1.000000 4
8048 1.000000 4
8053 1.000000 5
8058 0.000000 5
8063 0.000000 5
8068 1.000000 5
8072 -1.000000 4
8076 1.000000 4
8079 -1.000000 3
8084 0.000000 5
8088 1.000000 4
8093 1.000000 5
8096 1.000000 3
8101 1.000000 5
8106 1.000000 5
8110 -1.000000 4
8114 -1.000000 4
8119 1.000000 5
8123 1.000000 4
8126 -1.000000 3
8130 1.000000 4
8134 1.000000 4
8137 1.000000 3
8141 1.000000 4
8146 1.000000 5
8150 1.000000 4
8154 -1.000000 4
8159 1.000000 5
8162 -1.000000 3
8165 1.000000 3
8170 1.000000 5
8175 0.000000 5
8178 1.000000 3
8182 -1.000000 4
8185 1.000000 3
8189 1.000000 4
8193 -1.000000 4
8197 1.000000 4
8200 -1.000000 3
8203 1.000000 3
8208 1.000000 5
8212 -1.000000 4
8217 1.000000 5
8222 0.000000 5
8226 -1.000000 4
8230 -1.000000 4
8234 1.000000 4
8239 1.000000 5
8243 1.000000 4
8248 0.000000 5
8252 1.000000 4
8256 1.000000 4
8260 1.000000 4
8264 1.000000 4
8268 -1.000000 4
8273 1.000000 5
8276 -1.000000 3
8280 1.000000 4
8284 1.000000 4
8289 1.000000 5
8293 -1.000000 4
8297 -1.000000 4
8302 1.000000 5
8306 -1.000000 4
8310 -1.000000 4
8313 1.000000 3
8316 1.000000 3
8320 1.000000 4
8325 0.000000 5
8329 -1.000000 4
8334 0.000000 5
8339 1.000000 5
8342 1.000000 3
8346 1.000000 4
8349 1.000000 3
8353 -1.000000 4
8357 -1.000000 4
8361 -1.000000 4
8364 1.000000 3
8368 -1.000000 4
8372 1.000000 4
8375 1.000000 3
8379 1.000000 4
8383 1.000000 4
8386 1.000000 3
8390 1.000000 4
8394 1.000000 4
8397 1.000000 3
8400 1.000000 3
8403 1.000000 3
8406 -1.000000 3
8410 -1.000000 4
8414 -1.000000 4
8418 1.000000 4
8422 1.000000 4
8426 -1.000000 4
8429 -1.000000 3
8434 0.000000 5
8437 -1.000000 3
8442 1.000000 5
8446 1.000000 4
8451 0.000000 5
8454 1.000000 3
8458 1.000000 4
8462 1.000000 4
8467 1.000000 5
8472 1.000000 5
8477 1.000000 5
8480 -1.000000 3
8485 1.000000 5
8489 1.000000 4
8494 1.000000 5
8497 -1.000000 3
8501 -1.000000 4
8505 -1.000000 4
8510 1.000000 5
8514 1.000000 4
8519 0.000000 5
8522 1.000000 3
8527 1.000000 5
8532 1.000000 5
8536 -1.000000 4
8541 0.000000 5
8544 -1.000000 3
8547 1.000000 3
8550 1.000000 3
8555 0.000000 5
8559 -1.000000 4
8562 1.000000 3
8566 1.000000 4
8569 -1.000000 3
8573 1.000000 4
8578 0.000000 5
8582 -1.000000 4
8585 1.000000 3
8588 1.000000 3
8592 1.000000 4
8597 1.000000 5
8601 -1.000000 4
8605 -1.000000 4
8608 -1.000000 3
8613 0.000000 5
8618 1.000000 5
8623 0.000000 5
8626 1.000000 3
8630 1.000000 4
8634 -1.000000 4
8639 1.000000 5
8642 1.000000 3
8646 1.000000 4
8650 1.000000 4
8655 1.000000 5
8658 1.000000 3
8663 0.000000 5
8668 0.000000 5
8672 1.000000 4
8677 0.000000 5
8680 -1.000000 3
8684 1.000000 4
8687 1.000000 3
8691 1.000000 4
8694 -1.000000 3
8697 1.000000 3
8702 0.000000 5
8705 -1.000000 3
8708 -1.000000 3
8712 -1.000000 4
8716 1.000000 4
8719 1.000000 3
8724 1.000000 5
8728 1.000000 4
8731 -1.000000 3
8735 1.000000 4
8738 1.000000 3
8743 0.000000 5
8747 1.000000 4
8751 -1.000000 4
8756 1.000000 5
8760 -1.000000 4
8764 -1.000000 4
8767 1.000000 3
8772 1.000000 5
8777 0.000000 5
8782 0.000000 5
8786 1.000000 4
8791 1.000000 5
8796 0.000000 5
8799 -1.000000 3
8803 1.000000 4
8807 -1.000000 4
8812 0.000000 5
8817 1.000000 5
8821 1.000000 4
8824 1.000000 3
8829 1.000000 5
8834 0.000000 5
8839 1.000000 5
8842 -1.000000 3
8845 1.000000 3
8850 1.000000 5
8855 1.000000 5
8859 -1.000000 4
8864 1.000000 5
8869 1.000000 5
8874 1.000000 5
8878 1.000000 4
8882 -1.000000 4
8887 1.000000 5
8890 -1.000000 3
8893 1.000000 3
8897 -1.000000 4
8900 -1.000000 3
8903 -1.000000 3
8908 0.000000 5
8912 1.000000 4
8917 1.000000 5
8921 1.000000 4
8926 1.000000 5
8931 1.000000 5
8936 1.000000 5
8940 -1.000000 4
8945 0.000000 5
8949 -1.000000 4
8953 1.000000 4
8958 0.000000 5
8961 1.000000 3
8966 0.000000 5
8969 1.000000 3
8973 -1.000000 4
8978 1.000000 5
8983 1.000000 5
8986 1.000000 3
8990 1.000000 4
8994 -1.000000 4
8998 1.000000 4
9001 1.000000 3
9004 1.000000 3
9007 -1.000000 3
9011 1.000000 4
9016 1.000000 5
9020 1.000000 4
9024 1.000000 4
9029 1.000000 5
9032 -1.000000 3
9035 1.000000 3
9038 1.000000 3
9043 0.000000 5
9048 1.000000 5
9052 -1.000000 4
9057 1.000000 5
9061 -1.000000 4
9065 1.000000 4
9069 1.000000 4
9074 1.000000 5
9079 1.000000 5
9083 -1.000000 4
9087 1.000000 4
9092 1.000000 5
9096 -1.000000 4
9101 1.000000 5
9105 1.000000 4
9110 1.000000 5
9114 1.000000 4
9119 1.000000 5
9123 1.000000 4
9128 1.000000 5
9132 1.000000 4
9135 -1.000000 3
9140 1.000000 5
9144 1.000000 4
9149 1.000000 5
9153 1.000000 4
9157 -1.000000 4
9161 1.000000 4
9164 -1.000000 3
9169 0.000000 5
9174 0.000000 5
9177 -1.000000 3
9181 -1.000000 4
9186 1.000000 5
9189 -1.000000 3
9192 1.000000 3
9196 1.000000 4
9200 1.000000 4
9205 0.000000 5
9209 -1.000000 4
9214 1.000000 5
9218 1.000000 4
9221 -1.000000 3
9225 -1.000000 4
9228 1.000000 3
9233 1.000000 5
9238 1.000000 5
9243 1.000000 5
9247 1.000000 4
9250 -1.000000 3
9254 1.000000 4
9259 1.000000 5
9263 1.000000 4
9267 1.000000 4
9270 -1.000000 3
9275 1.000000 5
9280 1.000000 5
9284 1.000000 4
9288 1.000000 4
9293 0.000000 5
9297 1.000000 4
9300 1.000000 3
9303 -1.000000 3
9308 1.000000 5
9311 1.000000 3
9316 0.000000 5
9319 -1.000000 3
9324 1.000000 5
9328 1.000000 4
9331 -1.000000 3
9334 -1.000000 3
9338 1.000000 4
9342 1.000000 4
9346 -1.000000 4
9349 -1.000000 3
9352 1.000000 3
9355 1.000000 3
9359 1.000000 4
9364 1.000000 5
9368 -1.000000 4
9372 1.000000 4
9375 1.000000 3
9380 1.000000 5
9383 1.000000 3
9388 0.000000 5
9392 1.000000 4
9397 1.000000 5
9400 1.000000 3
9404 1.000000 4
9407 1.000000 3
9412 0.000000 5
9416 -1.000000 4
9419 -1.000000 3
9423 1.000000 4
9428 1.000000 5
9431 1.000000 3
9436 0.000000 5
9441 1.000000 5
9444 -1.000000 3
9448 -1.000000 4
9452 1.000000 4
9456 -1.000000 4
9460 -1.000000 4
9464 -1.000000 4
9469 0.000000 5
9473 -1.000000 4
9478 1.000000 5
9481 -1.000000 3
9485 1.000000 4
9488 -1.000000 3
9492 1.000000 4
9497 1.000000 5
9500 1.000000 3
9505 0.000000 5
9508 -1.000000 3
9513 0.000000 5
9518 1.000000 5
9522 1.000000 4
9525 -1.000000 3
9529 1.000000 4
9534 1.000000 5
9538 1.000000 4
9542 1.000000 4
9546 1.000000 4
9550 1.000000 4
9554 -1.000000 4
9559 1.000000 5
9562 1.000000 3
9567 1.000000 5
9571 -1.000000 4
9575 1.000000 4
9580 1.000000 5
9584 1.000000 4
9588 1.000000 4
9592 -1.000000 4
9596 -1.000000 4
9601 1.000000 5
9605 -1.000000 4
9609 -1.000000 4
9613 -1.000000 4
9617 -1.000000 4
9622 1.000000 5
9627 0.000000 5
9630 1.000000 3
9634 1.000000 4
9638 1.000000 4
9642 1.000000 4
9645 -1.000000 3
9649 -1.000000 4
9653 -1.000000 4
9656 -1.000000 3
9659 1.000000 3
9663 1.000000 4
9667 1.000000 4
9671 -1.000000 4
9675 -1.000000 4
9679 1.000000 4
9682 1.000000 3
9687 1.000000 5
9690 1.000000 3
9693 1.000000 3
9698 0.000000 5
9702 -1.000000 4
9706 1.000000 4
9711 1.000000 5
9715 1.000000 4
9720 0.000000 5
9724 -1.000000 4
9729 1.000000 5
9734 1.000000 5
9738 1.000000 4
9742 1.000000 4
9746 -1.000000 4
9750 -1.000000 4
9753 -1.000000 3
9758 1.000000 5
9763 1.000000 5
9766 -1.000000 3
9770 -1.000000 4
9774 -1.000000 4
9778 -1.000000 4
9783 1.000000 5
9788 1.000000 5
9793 0.000000 5
9797 -1.000000 4
9801 -1.000000 4
9806 1.000000 5
9811 1.000000 5
9816 0.000000 5
9821 0.000000 5
9826 1.000000 5
9831 1.000000 5
9835 -1.000000 4
9838 1.000000 3
9841 -1.000000 3
9845 1.000000 4
9850 0.000000 5
9853 -1.000000 3
9858 0.000000 5
9862 -1.000000 4
9866 -1.000000 4
9869 -1.000000 3
9874 0.000000 5
9877 1.000000 3
9882 0.000000 5
9885 1.000000 3
9890 1.000000 5
9894 -1.000000 4
9899 0.000000 5
9903 1.000000 4
9907 1.000000 4
9912 1.000000 5
9915 -1.000000 3
9918 -1.000000 3
9923 0.000000 5
9926 -1.000000 3
9930 1.000000 4
9934 1.000000 4
9937 1.000000 3
9941 -1.000000 4
9945 1.000000 4
9948 -1.000000 3
9953 0.000000 5
9957 1.000000 4
9961 1.000000 4
9965 1.000000 4
9969 -1.000000 4
9974 1.000000 5
9979 0.000000 5
9982 1.000000 3
9986 1.000000 4
9991 1.000000 5
9996 1.000000 5
10000 -1.000000 4
10003 -1.000000 3
10006 -1.000000 3
10009 -1.000000 3
10012 -1.000000 3
10015 -1.000000 3
10018 -1.000000 3
10021 -1.000000 3
10024 -1.000000 3
10027 -1.000000 3
10030 -1.000000 3
10033 -1.000000 3
10036 -1.000000 3
10039 -1.000000 3
10042 -1.000000 3
10045 -1.000000 3
10048 -1.000000 3
10051 -1.000000 3
10054 -1.000000 3
10057 -1.000000 3
10060 -1.000000 3
10063 -1.000000 3
10066 -1.000000 3
10069 -1.000000 3
10072 -1.000000 3
10075 -1.000000 3
10078 -1.000000 3
10081 -1.000000 3
10084 -1.000000 3
10087 -1.000000 3
10090 -1.000000 3
10093 -1.000000 3
10096 -1.000000 3
10099 -1.000000 3
10102 -1.000000 3
10105 -1.000000 3
10108 -1.000000 3
10111 -1.000000 3
10114 -1.000000 3
10117 -1.000000 3
10120 -1.000000 3
10123 -1.000000 3
10126 -1.000000 3
10129 -1.000000 3
10132 -1.000000 3
10135 -1.000000 3
10138 -1.000000 3
10141 -1.000000 3
10144 -1.000000 3
10147 -1.000000 3
10150 -1.000000 3
10153 -1.000000 3
10156 -1.000000 3
10159 -1.000000 3
10162 -1.000000 3
10165 -1.000000 3
10168 -1.000000 3
10171 -1.000000 3
10174 -1.000000 3
10177 -1.000000 3
10180 -1.000000 3
10183 -1.000000 3
10186 -1.000000 3
10189 -1.000000 3
10192 -1.000000 3
10195 -1.000000 3
10198 -1.000000 3
10201 -1.000000 3
10204 -1.000000 3
10207 -1.000000 3
10210 -1.000000 3
10213 -1.000000 3
10216 -1.000000 3
10219 -1.000000 3
10222 -1.000000 3
10225 -1.000000 3
10228 -1.000000 3
10231 -1.000000 3
10234 -1.000000 3
10237 -1.000000 3
10240 -1.000000 3
10243 -1.000000 3
10246 -1.000000 3
10249 -1.000000 3
10252 -1.000000 3
10255 -1.000000 3
10258 -1.000000 3
10261 -1.000000 3
10264 -1.000000 3
10267 -1.000000 3
10270 -1.000000 3
10273 -1.000000 3
10276 -1.000000 3
10279 -1.000000 3
10282 -1.000000 3
10285 -1.000000 3
10288 -1.000000 3
10291 -1.000000 3
10294 -1.000000 3
10297 -1.000000 3
10300 -1.000000 3
10303 -1.000000 3
10306 -1.000000 3
10309 -1.000000 3
10312 -1.000000 3
10315 -1.000000 3
10318 -1.000000 3
10321 -1.000000 3
10324 -1.000000 3
10327 -1.000000 3
10330 -1.000000 3
10333 -1.000000 3
10336 -1.000000 3
10339 -1.000000 3
10342 -1.000000 3
10345 -1.000000 3
10348 -1.000000 3
10351 -1.000000 3
10354 -1.000000 3
10357 -1.000000 3
10360 -1.000000 3
10363 -1.000000 3
10366 -1.000000 3
10369 -1.000000 3
10372 -1.000000 3
10375 -1.000000 3
10378 -1.000000 3
10381 -1.000000 3
10384 -1.000000 3
10387 -1.000000 3
10390 -1.000000 3
10393 -1.000000 3
10396 -1.000000 3
10399 -1.000000 3
10402 -1.000000 3
10405 -1.000000 3
10408 -1.000000 3
10411 -1.000000 3
10414 -1.000000 3
10417 -1.000000 3
10420 -1.000000 3
10423 -1.000000 3
10426 -1.000000 3
10429 -1.000000 3
10432 -1.000000 3
10435 -1.000000 3
10438 -1.000000 3
10441 -1.000000 3
10444 -1.000000 3
10447 -1.000000 3
10450 -1.000000 3
10453 -1.000000 3
10456 -1.000000 3
10459 -1.000000 3
10462 -1.000000 3
10465 -1.000000 3
10468 -1.000000 3
10471 -1.000000 3
10474 -1.000000 3
10477 -1.000000 3
10480 -1.000000 3
10483 -1.000000 3
10486 -1.000000 3
10489 -1.000000 3
10492 -1.000000 3
10495 -1.000000 3
10498 -1.000000 3
10501 -1.000000 3
10504 -1.000000 3
10507 -1.000000 3
10510 -1.000000 3
10513 -1.000000 3
10516 -1.000000 3
10519 -1.000000 3
10522 -1.000000 3
10525 -1.000000 3
10528 -1.000000 3
10531 -1.000000 3
10534 -1.000000 3
10537 -1.000000 3
10540 -1.000000 3
10543 -1.000000 3
10546 -1.000000 3
10549 -1.000000 3
10552 -1.000000 3
10555 -1.000000 3
10558 -1.000000 3
10561 -1.000000 3
10564 -1.000000 3
10567 -1.000000 3
10570 -1.000000 3
10573 -1.000000 3
10576 -1.000000 3
10579 -1.000000 3
10582 -1.000000 3
10585 -1.000000 3
10588 -1.000000 3
10591 -1.000000 3
10594 -1.000000 3
10597 -1.000000 3
10600 -1.000000 3
10603 -1.000000 3
10606 -1.000000 3
10609 -1.000000 3
10612 -1.000000 3
10615 -1.000000 3
10618 -1.000000 3
10621 -1.000000 3
10624 -1.000000 3
10627 -1.000000 3
10630 -1.000000 3
10633 -1.000000 3
10636 -1.000000 3
10639 -1.000000 3
10642 -1.000000 3
10645 -1.000000 3
10648 -1.000000 3
10651 -1.000000 3
10654 -1.000000 3
10657 -1.000000 3
10660 -1.000000 3
10663 -1.000000 3
10666 -1.000000 3
10669 -1.000000 3
10672 -1.000000 3
10675 -1.000000 3
10678 -1.000000 3
10681 -1.000000 3
10684 -1.000000 3
10687 -1.000000 3
10690 -1.000000 3
10693 -1.000000 3
10696 -1.000000 3
10699 -1.000000 3
10702 -1.000000 3
10705 -1.000000 3
10708 -1.000000 3
10711 -1.000000 3
10714 -1.000000 3
10717 -1.000000 3
10720 -1.000000 3
10723 -1.000000 3
10726 -1.000000 3
10729 -1.000000 3
10732 -1.000000 3
10735 -1.000000 3
10738 -1.000000 3
10741 -1.000000 3
10744 -1.000000 3
10747 -1.000000 3
10750 -1.000000 3
10753 -1.000000 3
10756 -1.000000 3
10759 -1.000000 3
10762 -1.000000 3
10765 -1.000000 3
10768 -1.000000 3
10771 -1.000000 3
10774 -1.000000 3
10777 -1.000000 3
10780 -1.000000 3
10783 -1.000000 3
10786 -1.000000 3
10789 -1.000000 3
10792 -1.000000 3
10795 -1.000000 3
10798 -1.000000 3
10801 -1.000000 3
10804 -1.000000 3
10807 -1.000000 3
10810 -1.000000 3
10813 -1.000000 3
10816 -1.000000 3
10819 -1.000000 3
10822 -1.000000 3
10825 -1.000000 3
10828 -1.000000 3
10831 -1.000000 3
10834 -1.000000 3
10837 -1.000000 3
10840 -1.000000 3
10843 -1.000000 3
10846 -1.000000 3
10849 -1.000000 3
10852 -1.000000 3
10855 -1.000000 3
10858 -1.000000 3
10861 -1.000000 3
10864 -1.000000 3
10867 -1.000000 3
10870 -1.000000 3
10873 -1.000000 3
10876 -1.000000 3
10879 -1.000000 3
10882 -1.000000 3
10885 -1.000000 3
10888 -1.000000 3
10891 -1.000000 3
10894 -1.000000 3
10897 -1.000000 3
10900 -1.000000 3
10903 -1.000000 3
10906 -1.000000 3
10909 -1.000000 3
10912 -1.000000 3
10915 -1.000000 3
10918 -1.000000 3
10921 -1.000000 3
10924 -1.000000 3
10927 -1.000000 3
10930 -1.000000 3
10933 -1.000000 3
10936 -1.000000 3
10939 -1.000000 3
10942 -1.000000 3
10945 -1.000000 3
10948 -1.000000 3
10951 -1.000000 3
10954 -1.000000 3
10957 -1.000000 3
10960 -1.000000 3
10963 -1.000000 3
10966 -1.000000 3
10969 -1.000000 3
10972 -1.000000 3
10975 -1.000000 3
10978 -1.000000 3
10981 -1.000000 3
10984 -1.000000 3
10987 -1.000000 3
10990 -1.000000 3
10993 -1.000000 3
10996 -1.000000 3
10999 -1.000000 3
11002 -1.000000 3
11005 1.000000 3
11008 1.000000 3
11011 1.000000 3
11014 1.000000 3
11017 1.000000 3
11020 1.000000 3
11023 1.000000 3
11026 -1.000000 3
11030 1.000000 4
11033 1.000000 3
11036 1.000000 3
11039 1.000000 3
11042 1.000000 3
11045 1.000000 3
11049 1.000000 4
11052 -1.000000 3
11055 -1.000000 3
11059 -1.000000 4
11062 1.000000 3
11067 0.000000 5
11071 1.000000 4
11074 1.000000 3
11077 1.000000 3
11080 1.000000 3
11083 1.000000 3
11086 1.000000 3
11089 1.000000 3
11092 1.000000 3
11096 1.000000 4
11101 0.000000 5
11105 1.000000 4
11108 1.000000 3
11111 1.000000 3
11114 1.000000 3
11118 1.000000 4
11121 1.000000 3
11124 1.000000 3
11127 1.000000 3
11131 1.000000 4
11135 1.000000 4
11138 1.000000 3
11141 1.000000 3
11145 1.000000 4
11149 1.000000 4
11152 1.000000 3
11155 1.000000 3
11158 1.000000 3
11161 1.000000 3
11164 1.000000 3
11167 -1.000000 3
11170 1.000000 3
11173 1.000000 3
11177 -1.000000 4
11181 1.000000 4
11184 1.000000 3
11187 1.000000 3
11190 1.000000 3
11194 1.000000 4
11197 1.000000 3
11200 -1.000000 3
11203 1.000000 3
11206 1.000000 3
11209 1.000000 3
11212 1.000000 3
11215 1.000000 3
11219 1.000000 4
11223 1.000000 4
11227 1.000000 4
11230 1.000000 3
11233 -1.000000 3
11236 -1.000000 3
11239 1.000000 3
11243 1.000000 4
11247 1.000000 4
11252 1.000000 5
11255 1.000000 3
11258 -1.000000 3
11261 1.000000 3
11264 1.000000 3
11267 1.000000 3
11270 1.000000 3
11274 1.000000 4
11278 1.000000 4
11281 1.000000 3
11285 -1.000000 4
11288 1.000000 3
11292 1.000000 4
11295 1.000000 3
11298 1.000000 3
11301 1.000000 3
11304 1.000000 3
11307 1.000000 3
11310 1.000000 3
11314 -1.000000 4
11317 1.000000 3
11321 1.000000 4
11325 1.000000 4
11328 1.000000 3
11332 -1.000000 4
11336 1.000000 4
11339 1.000000 3
11342 1.000000 3
11346 1.000000 4
11349 1.000000 3
11353 1.000000 4
11358 0.000000 5
11361 1.000000 3
11364 1.000000 3
11368 1.000000 4
11372 1.000000 4
11375 1.000000 3
11380 0.000000 5
11383 1.000000 3
11386 1.000000 3
11389 1.000000 3
11393 1.000000 4
11396 1.000000 3
11400 1.000000 4
11403 1.000000 3
11406 1.000000 3
11409 1.000000 3
11412 -1.000000 3
11415 1.000000 3
11418 1.000000 3
11421 1.000000 3
11425 1.000000 4
11429 -1.000000 4
11432 1.000000 3
11436 1.000000 4
11441 1.000000 5
11444 1.000000 3
11448 1.000000 4
11452 1.000000 4
11455 -1.000000 3
11458 1.000000 3
11462 1.000000 4
11466 1.000000 4
11469 1.000000 3
11472 1.000000 3
11475 1.000000 3
11478 -1.000000 3
11481 1.000000 3
11484 1.000000 3
11488 1.000000 4
11493 0.000000 5
11496 1.000000 3
11499 1.000000 3
11502 1.000000 3
11505 1.000000 3
11508 1.000000 3
11512 -1.000000 4
11516 1.000000 4
11519 1.000000 3
11522 1.000000 3
11525 1.000000 3
11528 1.000000 3
11533 1.000000 5
11536 1.000000 3
11539 1.000000 3
11542 1.000000 3
11545 1.000000 3
11549 -1.000000 4
11552 -1.000000 3
11555 1.000000 3
11558 -1.000000 3
11561 1.000000 3
11565 1.000000 4
11568 1.000000 3
11571 1.000000 3
11575 1.000000 4
11578 1.000000 3
11581 1.000000 3
11585 1.000000 4
11589 1.000000 4
11592 1.000000 3
11595 1.000000 3
11599 1.000000 4
11602 1.000000 3
11607 0.000000 5
11611 1.000000 4
11614 1.000000 3
11617 1.000000 3
11620 -1.000000 3
11623 1.000000 3
11626 1.000000 3
11629 -1.000000 3
11633 1.000000 4
11637 1.000000 4
11640 1.000000 3
11643 1.000000 3
11648 0.000000 5
11651 1.000000 3
11654 1.000000 3
11657 1.000000 3
11660 1.000000 3
11663 1.000000 3
11667 1.000000 4
11670 1.000000 3
11674 1.000000 4
11677 1.000000 3
11680 1.000000 3
11683 1.000000 3
11686 1.000000 3
11689 1.000000 3
11692 1.000000 3
11695 1.000000 3
11699 -1.000000 4
11704 0.000000 5
11707 1.000000 3
11710 1.000000 3
11714 1.000000 4
11718 -1.000000 4
11721 1.000000 3
11725 1.000000 4
11728 1.000000 3
11731 1.000000 3
11734 1.000000 3
11738 1.000000 4
11741 1.000000 3
11744 1.000000 3
11747 1.000000 3
11750 1.000000 3
11753 1.000000 3
11757 1.000000 4
11761 1.000000 4
11764 1.000000 3
11768 1.000000 4
11771 1.000000 3
11775 1.000000 4
11778 1.000000 3
11781 1.000000 3
11784 1.000000 3
11788 1.000000 4
11793 0.000000 5
11796 1.000000 3
11800 1.000000 4
11803 1.000000 3
11806 1.000000 3
11809 1.000000 3
11813 1.000000 4
11816 1.000000 3
11819 -1.000000 3
11822 1.000000 3
11826 1.000000 4
11830 1.000000 4
11833 1.000000 3
11837 1.000000 4
11840 1.000000 3
11843 1.000000 3
11847 1.000000 4
11850 1.000000 3
11854 1.000000 4
11857 1.000000 3
11860 1.000000 3
11863 -1.000000 3
11866 1.000000 3
11869 -1.000000 3
11873 1.000000 4
11876 1.000000 3
11879 1.000000 3
11882 1.000000 3
11885 1.000000 3
11888 1.000000 3
11891 1.000000 3
11895 1.000000 4
11898 1.000000 3
11901 1.000000 3
11904 1.000000 3
11907 1.000000 3
11910 1.000000 3
11913 1.000000 3
11916 1.000000 3
11919 -1.000000 3
11922 1.000000 3
11925 1.000000 3
11928 1.000000 3
11931 1.000000 3
11934 1.000000 3
11937 1.000000 3
11940 1.000000 3
11944 1.000000 4
11947 1.000000 3
11950 1.000000 3
11953 1.000000 3
11956 1.000000 3
11960 1.000000 4
11963 1.000000 3
11966 1.000000 3
11971 0.000000 5
11974 -1.000000 3
11977 1.000000 3
11982 0.000000 5
11987 0.000000 5
11990 1.000000 3
11994 1.000000 4
11997 1.000000 3
12000 -1.000000 3
12003 1.000000 3
12006 1.000000 3
12010 1.000000 4
12014 1.000000 4
12017 1.000000 3
12020 1.000000 3
12023 1.000000 3
12027 1.000000 4
12032 0.000000 5
12035 1.000000 3
12038 1.000000 3
12042 -1.000000 4
12045 1.000000 3
12049 1.000000 4
12053 1.000000 4
12056 1.000000 3
12060 1.000000 4
12063 1.000000 3
12066 1.000000 3
12069 1.000000 3
12072 1.000000 3
12075 1.000000 3
12079 1.000000 4
12082 1.000000 3
12085 1.000000 3
12089 1.000000 4
12092 1.000000 3
12095 1.000000 3
12098 1.000000 3
12101 1.000000 3
12104 1.000000 3
12107 1.000000 3
12111 1.000000 4
12114 1.000000 3
12117 1.000000 3
12122 0.000000 5
12127 0.000000 5
12130 1.000000 3
12135 0.000000 5
12138 1.000000 3
12142 1.000000 4
12146 1.000000 4
12149 1.000000 3
12152 -1.000000 3
12156 1.000000 4
12160 1.000000 4
12163 1.000000 3
12166 1.000000 3
12170 1.000000 4
12174 1.000000 4
12177 1.000000 3
12180 1.000000 3
12183 1.000000 3
12186 1.000000 3
12190 1.000000 4
12195 0.000000 5
12198 1.000000 3
12201 1.000000 3
12204 1.000000 3
12207 1.000000 3
12210 1.000000 3
12213 1.000000 3
12216 1.000000 3
12219 1.000000 3
12222 -1.000000 3
12225 1.000000 3
12228 1.000000 3
12231 1.000000 3
12234 1.000000 3
12237 -1.000000 3
12240 1.000000 3
12243 -1.000000 3
12246 1.000000 3
12249 1.000000 3
12253 1.000000 4
12256 1.000000 3
12259 1.000000 3
12263 1.000000 4
12267 1.000000 4
12270 1.000000 3
12273 1.000000 3
12276 1.000000 3
12279 1.000000 3
12282 1.000000 3
12285 1.000000 3
12288 1.000000 3
12291 1.000000 3
12294 1.000000 3
12298 1.000000 4
12302 1.000000 4
12305 1.000000 3
12308 1.000000 3
12312 1.000000 4
12316 1.000000 4
12319 1.000000 3
12322 1.000000 3
12325 1.000000 3
12328 1.000000 3
12331 1.000000 3
12335 1.000000 4
12339 1.000000 4
12342 1.000000 3
12345 1.000000 3
12348 1.000000 3
12351 1.000000 3
12354 1.000000 3
12358 1.000000 4
12361 1.000000 3
12364 1.000000 3
12367 1.000000 3
12371 1.000000 4
12374 1.000000 3
12377 1.000000 3
12380 -1.000000 3
12383 1.000000 3
12386 1.000000 3
12389 -1.000000 3
12392 1.000000 3
12395 1.000000 3
12399 1.000000 4
12402 1.000000 3
12405 1.000000 3
12408 1.000000 3
12411 1.000000 3
12414 1.000000 3
12417 1.000000 3
12421 1.000000 4
12424 1.000000 3
12428 1.000000 4
12431 1.000000 3
12434 1.000000 3
12438 1.000000 4
12441 1.000000 3
12445 1.000000 4
12448 1.000000 3
12453 0.000000 5
12456 1.000000 3
12460 -1.000000 4
12463 1.000000 3
12466 1.000000 3
12470 1.000000 4
12473 1.000000 3
12476 1.000000 3
12479 1.000000 3
12483 1.000000 4
12486 1.000000 3
12491 1.000000 5
12494 1.000000 3
12497 1.000000 3
12500 1.000000 3
12504 1.000000 4
12507 1.000000 3
12511 -1.000000 4
12514 1.000000 3
12517 1.000000 3
12520 1.000000 3
12523 1.000000 3
12528 1.000000 5
12532 1.000000 4
12536 1.000000 4
12539 1.000000 3
12542 1.000000 3
12545 1.000000 3
12548 1.000000 3
12552 1.000000 4
12555 1.000000 3
12558 1.000000 3
12561 1.000000 3
12564 1.000000 3
12567 1.000000 3
12570 1.000000 3
12573 1.000000 3
12576 -1.000000 3
12579 1.000000 3
12583 -1.000000 4
12586 -1.000000 3
12589 1.000000 3
12592 1.000000 3
12595 1.000000 3
12598 1.000000 3
12601 1.000000 3
12604 1.000000 3
12607 1.000000 3
12611 1.000000 4
12614 1.000000 3
12618 -1.000000 4
12622 1.000000 4
12625 1.000000 3
12628 1.000000 3
12631 1.000000 3
12634 1.000000 3
12638 1.000000 4
12641 1.000000 3
12644 1.000000 3
12648 1.000000 4
12651 1.000000 3
12656 0.000000 5
12659 1.000000 3
12662 1.000000 3
12665 1.000000 3
12668 1.000000 3
12672 1.000000 4
12676 1.000000 4
12680 1.000000 4
12683 1.000000 3
12686 1.000000 3
12690 -1.000000 4
12693 1.000000 3
12696 1.000000 3
12699 1.000000 3
12702 1.000000 3
12706 1.000000 4
12709 1.000000 3
12713 1.000000 4
12717 1.000000 4
12720 1.000000 3
12723 1.000000 3
12727 1.000000 4
12730 1.000000 3
12733 1.000000 3
12736 1.000000 3
12739 1.000000 3
12742 1.000000 3
12745 1.000000 3
12748 1.000000 3
12752 1.000000 4
12757 1.000000 5
12761 1.000000 4
12764 1.000000 3
12767 1.000000 3
12770 1.000000 3
12774 1.000000 4
12777 1.000000 3
12780 1.000000 3
12783 1.000000 3
12786 1.000000 3
12789 1.000000 3
12793 1.000000 4
12797 1.000000 4
12801 1.000000 4
12805 1.000000 4
12808 1.000000 3
12811 1.000000 3
12815 1.000000 4
12818 1.000000 3
12822 1.000000 4
12825 1.000000 3
12829 1.000000 4
12832 1.000000 3
12837 0.000000 5
12841 1.000000 4
12844 1.000000 3
12849 0.000000 5
12853 1.000000 4
12856 1.000000 3
12859 1.000000 3
12863 1.000000 4
12866 1.000000 3
12869 1.000000 3
12872 1.000000 3
12876 1.000000 4
12879 1.000000 3
12882 1.000000 3
12887 1.000000 5
12890 1.000000 3
12894 1.000000 4
12897 1.000000 3
12900 1.000000 3
12904 1.000000 4
12908 1.000000 4
12913 0.000000 5
12916 1.000000 3
12919 1.000000 3
12922 1.000000 3
12925 -1.000000 3
12928 1.000000 3
12932 1.000000 4
12935 1.000000 3
12938 1.000000 3
12941 1.000000 3
12945 1.000000 4
12948 1.000000 3
12951 1.000000 3
12954 -1.000000 3
12957 1.000000 3
12960 1.000000 3
12963 1.000000 3
12966 1.000000 3
12970 1.000000 4
12975 0.000000 5
12978 1.000000 3
12983 0.000000 5
12986 1.000000 3
12989 1.000000 3
12992 1.000000 3
12995 1.000000 3
12998 1.000000 3
13002 1.000000 4
13005 1.000000 3
