5 0.000000 5
9 -1.000000 4
14 1.000000 5
18 1.000000 4
23 0.000000 5
28 0.000000 5
32 1.000000 4
36 1.000000 4
41 1.000000 5
45 1.000000 4
50 0.000000 5
55 0.000000 5
60 0.000000 5
64 1.000000 4
68 -1.000000 4
72 1.000000 4
76 -1.000000 4
81 1.000000 5
86 1.000000 5
90 -1.000000 4
93 1.000000 3
97 -1.000000 4
102 1.000000 5
107 1.000000 5
112 0.000000 5
117 1.000000 5
121 -1.000000 4
126 0.000000 5
130 -1.000000 4
134 1.000000 4
138 1.000000 4
142 1.000000 4
147 1.000000 5
152 0.000000 5
157 1.000000 5
161 1.000000 4
166 1.000000 5
169 1.000000 3
173 1.000000 4
177 1.000000 4
182 1.000000 5
187 1.000000 5
191 1.000000 4
195 -1.000000 4
199 -1.000000 4
202 1.000000 3
207 0.000000 5
211 -1.000000 4
216 1.000000 5
220 1.000000 4
225 0.000000 5
230 0.000000 5
233 1.000000 3
238 1.000000 5
243 1.000000 5
246 -1.000000 3
250 1.000000 4
255 0.000000 5
259 1.000000 4
264 1.000000 5
268 -1.000000 4
272 1.000000 4
275 1.000000 3
278 1.000000 3
283 0.000000 5
288 0.000000 5
293 1.000000 5
296 1.000000 3
300 -1.000000 4
305 0.000000 5
309 -1.000000 4
313 1.000000 4
317 1.000000 4
322 1.000000 5
327 1.000000 5
331 1.000000 4
335 1.000000 4
339 1.000000 4
343 1.000000 4
347 -1.000000 4
352 1.000000 5
357 1.000000 5
360 -1.000000 3
363 1.000000 3
367 -1.000000 4
370 1.000000 3
374 1.000000 4
379 1.000000 5
384 0.000000 5
388 1.000000 4
392 1.000000 4
396 1.000000 4
401 1.000000 5
406 1.000000 5
410 1.000000 4
414 1.000000 4
419 1.000000 5
423 1.000000 4
427 1.000000 4
432 0.000000 5
436 1.000000 4
440 -1.000000 4
444 -1.000000 4
448 1.000000 4
452 -1.000000 4
456 1.000000 4
460 1.000000 4
465 1.000000 5
469 1.000000 4
472 1.000000 3
477 1.000000 5
482 1.000000 5
486 -1.000000 4
490 1.000000 4
495 1.000000 5
499 1.000000 4
503 -1.000000 4
507 -1.000000 4
511 1.000000 4
515 1.000000 4
520 1.000000 5
524 -1.000000 4
529 1.000000 5
534 0.000000 5
537 -1.000000 3
541 -1.000000 4
546 0.000000 5
550 -1.000000 4
555 1.000000 5
560 1.000000 5
564 1.000000 4
569 0.000000 5
572 -1.000000 3
576 -1.000000 4
580 1.000000 4
585 0.000000 5
590 0.000000 5
594 1.000000 4
598 1.000000 4
602 1.000000 4
606 1.000000 4
610 1.000000 4
614 1.000000 4
619 0.000000 5
623 -1.000000 4
627 1.000000 4
632 1.000000 5
635 1.000000 3
638 1.000000 3
642 1.000000 4
646 -1.000000 4
649 1.000000 3
653 1.000000 4
658 0.000000 5
662 -1.000000 4
667 0.000000 5
672 1.000000 5
677 1.000000 5
680 -1.000000 3
684 1.000000 4
689 1.000000 5
693 -1.000000 4
697 -1.000000 4
701 1.000000 4
704 -1.000000 3
709 1.000000 5
713 1.000000 4
718 1.000000 5
723 1.000000 5
728 0.000000 5
732 1.000000 4
737 1.000000 5
741 1.000000 4
744 -1.000000 3
748 -1.000000 4
753 1.000000 5
758 1.000000 5
761 1.000000 3
764 1.000000 3
769 1.000000 5
773 -1.000000 4
776 -1.000000 3
780 -1.000000 4
785 1.000000 5
790 0.000000 5
795 0.000000 5
799 1.000000 4
802 1.000000 3
805 1.000000 3
810 1.000000 5
814 -1.000000 4
817 -1.000000 3
822 1.000000 5
827 1.000000 5
832 0.000000 5
837 1.000000 5
841 1.000000 4
845 1.000000 4
850 1.000000 5
854 -1.000000 4
859 0.000000 5
863 1.000000 4
868 0.000000 5
872 1.000000 4
876 -1.000000 4
880 1.000000 4
884 1.000000 4
889 0.000000 5
894 0.000000 5
899 1.000000 5
903 -1.000000 4
908 1.000000 5
913 1.000000 5
916 1.000000 3
920 1.000000 4
925 1.000000 5
928 1.000000 3
933 1.000000 5
936 -1.000000 3
939 -1.000000 3
943 -1.000000 4
947 -1.000000 4
951 1.000000 4
955 1.000000 4
959 -1.000000 4
964 0.000000 5
967 -1.000000 3
972 0.000000 5
977 1.000000 5
981 -1.000000 4
985 -1.000000 4
988 1.000000 3
992 1.000000 4
996 1.000000 4
1000 -1.000000 4
1005 1.000000 5
1009 -1.000000 4
1013 1.000000 4
1018 1.000000 5
1023 1.000000 5
1028 0.000000 5
1032 -1.000000 4
1036 1.000000 4
1040 1.000000 4
1043 1.000000 3
1046 1.000000 3
1050 -1.000000 4
1055 1.000000 5
1060 0.000000 5
1064 1.000000 4
1068 -1.000000 4
1072 1.000000 4
1077 0.000000 5
1081 -1.000000 4
1086 0.000000 5
1089 1.000000 3
1094 0.000000 5
1099 1.000000 5
1104 0.000000 5
1108 1.000000 4
1112 1.000000 4
1117 0.000000 5
1121 -1.000000 4
1126 1.000000 5
1131 1.000000 5
1135 -1.000000 4
1140 1.000000 5
1144 1.000000 4
1148 1.000000 4
1153 1.000000 5
1157 -1.000000 4
1161 1.000000 4
1166 1.000000 5
1170 1.000000 4
1175 1.000000 5
1180 1.000000 5
1185 0.000000 5
1189 1.000000 4
1193 1.000000 4
1198 1.000000 5
1203 1.000000 5
1207 1.000000 4
1212 1.000000 5
1216 1.000000 4
1221 1.000000 5
1225 1.000000 4
1230 0.000000 5
1233 1.000000 3
1238 0.000000 5
1243 1.000000 5
1247 1.000000 4
1251 -1.000000 4
1255 1.000000 4
1258 1.000000 3
1263 1.000000 5
1268 1.000000 5
1271 1.000000 3
1274 1.000000 3
1279 0.000000 5
1283 1.000000 4
1288 0.000000 5
1293 0.000000 5
1297 1.000000 4
1301 1.000000 4
1306 1.000000 5
1311 1.000000 5
1315 1.000000 4
1319 1.000000 4
1322 1.000000 3
1327 1.000000 5
1332 1.000000 5
1337 1.000000 5
1342 1.000000 5
1346 -1.000000 4
1349 -1.000000 3
1354 0.000000 5
1359 1.000000 5
1364 0.000000 5
1368 -1.000000 4
1372 -1.000000 4
1377 0.000000 5
1382 1.000000 5
1385 -1.000000 3
1388 -1.000000 3
1392 -1.000000 4
1397 0.000000 5
1402 0.000000 5
1407 1.000000 5
1412 1.000000 5
1417 0.000000 5
1422 0.000000 5
1426 1.000000 4
1430 -1.000000 4
1433 1.000000 3
1437 -1.000000 4
1441 1.000000 4
1444 -1.000000 3
1449 1.000000 5
1454 1.000000 5
1457 1.000000 3
1462 1.000000 5
1467 1.000000 5
1471 -1.000000 4
1476 1.000000 5
1479 1.000000 3
1483 1.000000 4
1487 -1.000000 4
1491 1.000000 4
1495 1.000000 4
1500 0.000000 5
1504 1.000000 4
1508 1.000000 4
1512 -1.000000 4
1517 1.000000 5
1521 1.000000 4
1524 1.000000 3
1529 1.000000 5
1534 1.000000 5
1539 1.000000 5
1542 1.000000 3
1545 1.000000 3
1550 0.000000 5
1555 1.000000 5
1559 -1.000000 4
1564 1.000000 5
1567 -1.000000 3
1571 -1.000000 4
1574 1.000000 3
1579 0.000000 5
1582 -1.000000 3
1587 0.000000 5
1592 0.000000 5
1596 1.000000 4
1601 1.000000 5
1604 -1.000000 3
1609 0.000000 5
1614 1.000000 5
1618 1.000000 4
1623 0.000000 5
1627 1.000000 4
1631 1.000000 4
1635 1.000000 4
1639 1.000000 4
1644 1.000000 5
1649 1.000000 5
1653 1.000000 4
1657 1.000000 4
1662 1.000000 5
1667 1.000000 5
1672 1.000000 5
1676 1.000000 4
1679 1.000000 3
1683 -1.000000 4
1687 1.000000 4
1692 0.000000 5
1696 1.000000 4
1701 1.000000 5
1705 -1.000000 4
1710 1.000000 5
1715 0.000000 5
1720 1.000000 5
1724 1.000000 4
1728 -1.000000 4
1732 1.000000 4
1737 1.000000 5
1741 1.000000 4
1746 1.000000 5
1751 1.000000 5
1756 0.000000 5
1759 1.000000 3
1763 -1.000000 4
1766 -1.000000 3
1771 1.000000 5
1775 1.000000 4
1780 1.000000 5
1784 1.000000 4
1789 1.000000 5
1794 0.000000 5
1799 1.000000 5
1803 1.000000 4
1807 -1.000000 4
1811 -1.000000 4
1814 1.000000 3
1818 -1.000000 4
1822 -1.000000 4
1827 0.000000 5
1832 0.000000 5
1835 1.000000 3
1839 1.000000 4
1844 1.000000 5
1849 1.000000 5
1854 0.000000 5
1858 -1.000000 4
1861 -1.000000 3
1865 1.000000 4
1869 -1.000000 4
1873 1.000000 4
1877 1.000000 4
1882 0.000000 5
1885 -1.000000 3
1889 1.000000 4
1893 1.000000 4
1896 1.000000 3
1901 1.000000 5
1904 1.000000 3
1908 1.000000 4
1912 -1.000000 4
1917 0.000000 5
1921 1.000000 4
1926 0.000000 5
1930 -1.000000 4
1935 0.000000 5
1938 1.000000 3
1943 1.000000 5
1947 1.000000 4
1951 1.000000 4
1956 1.000000 5
1960 -1.000000 4
1964 -1.000000 4
1968 -1.000000 4
1973 0.000000 5
1977 1.000000 4
1981 -1.000000 4
1986 1.000000 5
1990 -1.000000 4
1994 -1.000000 4
1999 0.000000 5
2002 -1.000000 3
2007 0.000000 5
2011 -1.000000 4
2015 1.000000 4
2019 -1.000000 4
2024 0.000000 5
2027 -1.000000 3
2031 -1.000000 4
2035 1.000000 4
2040 1.000000 5
2044 -1.000000 4
2048 1.000000 4
2052 1.000000 4
2056 -1.000000 4
2061 0.000000 5
2064 -1.000000 3
2069 0.000000 5
2073 -1.000000 4
2077 1.000000 4
2081 -1.000000 4
2085 -1.000000 4
2090 1.000000 5
2094 1.000000 4
2099 1.000000 5
2104 1.000000 5
2109 0.000000 5
2113 -1.000000 4
2118 1.000000 5
2122 -1.000000 4
2127 1.000000 5
2131 1.000000 4
2136 1.000000 5
2140 1.000000 4
2144 1.000000 4
2147 1.000000 3
2151 -1.000000 4
2155 1.000000 4
2160 1.000000 5
2165 1.000000 5
2169 -1.000000 4
2173 -1.000000 4
2178 0.000000 5
2182 1.000000 4
2186 1.000000 4
2191 1.000000 5
2196 1.000000 5
2200 1.000000 4
2204 -1.000000 4
2209 1.000000 5
2213 1.000000 4
2217 -1.000000 4
2221 1.000000 4
2224 1.000000 3
2227 1.000000 3
2230 -1.000000 3
2235 1.000000 5
2239 1.000000 4
2243 -1.000000 4
2247 -1.000000 4
2251 -1.000000 4
2254 1.000000 3
2259 1.000000 5
2262 1.000000 3
2265 1.000000 3
2269 1.000000 4
2273 1.000000 4
2276 1.000000 3
2280 1.000000 4
2285 1.000000 5
2289 1.000000 4
2293 1.000000 4
2296 -1.000000 3
2299 -1.000000 3
2303 1.000000 4
2307 -1.000000 4
2312 1.000000 5
2317 1.000000 5
2322 1.000000 5
2327 1.000000 5
2332 0.000000 5
2336 -1.000000 4
2341 1.000000 5
2346 1.000000 5
2351 0.000000 5
2355 1.000000 4
2360 0.000000 5
2365 1.000000 5
2369 1.000000 4
2373 1.000000 4
2376 -1.000000 3
2381 0.000000 5
2385 1.000000 4
2388 -1.000000 3
2393 1.000000 5
2397 1.000000 4
2401 1.000000 4
2405 1.000000 4
2408 1.000000 3
2412 -1.000000 4
2417 1.000000 5
2422 0.000000 5
2426 1.000000 4
2430 -1.000000 4
2435 1.000000 5
2439 1.000000 4
2444 0.000000 5
2449 0.000000 5
2453 1.000000 4
2457 -1.000000 4
2460 -1.000000 3
2464 -1.000000 4
2469 0.000000 5
2473 1.000000 4
2476 1.000000 3
2479 -1.000000 3
2482 -1.000000 3
2485 -1.000000 3
2489 1.000000 4
2494 1.000000 5
2499 1.000000 5
2503 -1.000000 4
2506 1.000000 3
2510 1.000000 4
2515 0.000000 5
2520 0.000000 5
2525 0.000000 5
2530 1.000000 5
2534 1.000000 4
2538 -1.000000 4
2542 -1.000000 4
2547 1.000000 5
2551 1.000000 4
2555 1.000000 4
2560 1.000000 5
2564 1.000000 4
2568 -1.000000 4
2572 -1.000000 4
2577 1.000000 5
2581 1.000000 4
2586 1.000000 5
2590 -1.000000 4
2594 -1.000000 4
2599 1.000000 5
2604 1.000000 5
2607 -1.000000 3
2610 1.000000 3
2614 1.000000 4
2618 1.000000 4
2622 1.000000 4
2627 0.000000 5
2631 -1.000000 4
2635 -1.000000 4
2640 0.000000 5
2645 1.000000 5
2650 1.000000 5
2653 1.000000 3
2656 1.000000 3
2660 -1.000000 4
2664 1.000000 4
2669 1.000000 5
2674 0.000000 5
2679 1.000000 5
2683 1.000000 4
2686 1.000000 3
2690 1.000000 4
2694 -1.000000 4
2699 0.000000 5
2702 1.000000 3
2706 -1.000000 4
2710 1.000000 4
2714 1.000000 4
2718 -1.000000 4
2722 -1.000000 4
2727 1.000000 5
2731 -1.000000 4
2736 0.000000 5
2740 -1.000000 4
2744 1.000000 4
2748 1.000000 4
2752 1.000000 4
2756 1.000000 4
2760 1.000000 4
2765 1.000000 5
2768 1.000000 3
2772 1.000000 4
2777 1.000000 5
2782 0.000000 5
2787 0.000000 5
2792 1.000000 5
2795 1.000000 3
2799 1.000000 4
2803 1.000000 4
2807 -1.000000 4
2811 1.000000 4
2815 1.000000 4
2818 -1.000000 3
2823 1.000000 5
2827 1.000000 4
2831 -1.000000 4
2835 1.000000 4
2838 -1.000000 3
2843 1.000000 5
2848 1.000000 5
2852 1.000000 4
2857 0.000000 5
2862 1.000000 5
2866 1.000000 4
2869 1.000000 3
2873 1.000000 4
2877 1.000000 4
2882 1.000000 5
2887 1.000000 5
2890 1.000000 3
2895 1.000000 5
2900 0.000000 5
2904 -1.000000 4
2909 1.000000 5
2914 1.000000 5
2918 1.000000 4
2923 1.000000 5
2926 -1.000000 3
2931 1.000000 5
2935 1.000000 4
2939 1.000000 4
2943 1.000000 4
2947 1.000000 4
2951 -1.000000 4
2955 1.000000 4
2959 -1.000000 4
2964 0.000000 5
2968 -1.000000 4
2971 1.000000 3
2974 -1.000000 3
2978 1.000000 4
2983 1.000000 5
2988 1.000000 5
2992 1.000000 4
2996 1.000000 4
2999 1.000000 3
3004 1.000000 5
3008 1.000000 4
3013 1.000000 5
3018 0.000000 5
3022 -1.000000 4
3027 1.000000 5
3031 -1.000000 4
3035 1.000000 4
3040 1.000000 5
3045 1.000000 5
3049 -1.000000 4
3054 0.000000 5
3059 1.000000 5
3063 1.000000 4
3066 1.000000 3
3069 -1.000000 3
3074 0.000000 5
3078 -1.000000 4
3081 1.000000 3
3085 -1.000000 4
3090 1.000000 5
3094 -1.000000 4
3097 -1.000000 3
3102 1.000000 5
3107 1.000000 5
3112 1.000000 5
3116 -1.000000 4
3121 0.000000 5
3125 1.000000 4
3129 1.000000 4
3134 0.000000 5
3139 1.000000 5
3144 0.000000 5
3149 1.000000 5
3154 0.000000 5
3159 0.000000 5
3164 0.000000 5
3169 1.000000 5
3172 1.000000 3
3177 0.000000 5
3180 -1.000000 3
3184 1.000000 4
3187 1.000000 3
3190 1.000000 3
3194 -1.000000 4
3198 1.000000 4
3202 1.000000 4
3207 0.000000 5
3212 0.000000 5
3215 1.000000 3
3220 1.000000 5
3225 0.000000 5
3230 0.000000 5
3234 -1.000000 4
3238 -1.000000 4
3242 1.000000 4
3246 -1.000000 4
3251 1.000000 5
3255 1.000000 4
3259 -1.000000 4
3263 1.000000 4
3268 1.000000 5
3272 1.000000 4
3277 1.000000 5
3280 -1.000000 3
3285 1.000000 5
3289 1.000000 4
3294 1.000000 5
3298 1.000000 4
3302 -1.000000 4
3306 1.000000 4
