4 1.000000 4
8 -1.000000 4
12 1.000000 4
16 1.000000 4
21 0.000000 5
25 -1.000000 4
30 1.000000 5
34 1.000000 4
39 0.000000 5
43 -1.000000 4
48 1.000000 5
52 -1.000000 4
57 1.000000 5
62 1.000000 5
67 1.000000 5
70 1.000000 3
75 0.000000 5
80 1.000000 5
84 1.000000 4
89 1.000000 5
94 0.000000 5
99 1.000000 5
103 1.000000 4
108 1.000000 5
111 1.000000 3
116 1.000000 5
120 1.000000 4
125 1.000000 5
130 1.000000 5
133 1.000000 3
138 1.000000 5
141 1.000000 3
146 0.000000 5
150 1.000000 4
153 -1.000000 3
157 1.000000 4
160 -1.000000 3
164 -1.000000 4
169 1.000000 5
174 1.000000 5
178 -1.000000 4
183 1.000000 5
186 1.000000 3
189 -1.000000 3
194 0.000000 5
199 1.000000 5
203 1.000000 4
207 -1.000000 4
211 -1.000000 4
215 1.000000 4
219 1.000000 4
224 0.000000 5
228 -1.000000 4
233 0.000000 5
237 1.000000 4
241 1.000000 4
246 1.000000 5
251 0.000000 5
256 0.000000 5
260 1.000000 4
264 1.000000 4
269 1.000000 5
273 -1.000000 4
277 1.000000 4
281 -1.000000 4
284 -1.000000 3
288 1.000000 4
292 1.000000 4
296 1.000000 4
300 1.000000 4
304 1.000000 4
307 -1.000000 3
311 1.000000 4
316 1.000000 5
319 1.000000 3
323 1.000000 4
327 1.000000 4
332 1.000000 5
337 1.000000 5
341 -1.000000 4
345 1.000000 4
350 1.000000 5
355 0.000000 5
359 1.000000 4
363 -1.000000 4
367 1.000000 4
371 1.000000 4
376 1.000000 5
379 -1.000000 3
383 -1.000000 4
386 1.000000 3
391 1.000000 5
396 0.000000 5
401 1.000000 5
404 -1.000000 3
408 -1.000000 4
412 -1.000000 4
415 -1.000000 3
419 -1.000000 4
422 1.000000 3
426 -1.000000 4
430 1.000000 4
435 1.000000 5
440 0.000000 5
443 -1.000000 3
447 -1.000000 4
450 -1.000000 3
453 -1.000000 3
456 1.000000 3
459 1.000000 3
463 1.000000 4
467 1.000000 4
471 1.000000 4
475 -1.000000 4
478 1.000000 3
482 1.000000 4
485 1.000000 3
490 1.000000 5
495 1.000000 5
499 1.000000 4
502 1.000000 3
506 1.000000 4
509 1.000000 3
513 1.000000 4
518 1.000000 5
522 -1.000000 4
527 0.000000 5
531 1.000000 4
534 1.000000 3
538 1.000000 4
541 -1.000000 3
545 -1.000000 4
549 -1.000000 4
553 1.000000 4
557 -1.000000 4
562 0.000000 5
566 -1.000000 4
571 1.000000 5
574 1.000000 3
579 1.000000 5
583 1.000000 4
588 1.000000 5
591 -1.000000 3
595 -1.000000 4
599 1.000000 4
603 -1.000000 4
608 1.000000 5
613 1.000000 5
618 1.000000 5
622 -1.000000 4
626 1.000000 4
631 1.000000 5
635 -1.000000 4
639 -1.000000 4
643 1.000000 4
647 1.000000 4
651 1.000000 4
656 1.000000 5
659 -1.000000 3
664 1.000000 5
668 -1.000000 4
672 1.000000 4
675 -1.000000 3
680 1.000000 5
684 1.000000 4
688 1.000000 4
692 -1.000000 4
696 1.000000 4
701 0.000000 5
706 1.000000 5
711 1.000000 5
716 1.000000 5
719 -1.000000 3
723 -1.000000 4
727 1.000000 4
731 1.000000 4
735 -1.000000 4
740 1.000000 5
744 -1.000000 4
747 -1.000000 3
750 1.000000 3
754 1.000000 4
759 0.000000 5
764 0.000000 5
767 -1.000000 3
771 -1.000000 4
776 0.000000 5
780 1.000000 4
784 1.000000 4
789 0.000000 5
792 1.000000 3
795 1.000000 3
798 -1.000000 3
802 1.000000 4
807 0.000000 5
812 1.000000 5
815 -1.000000 3
818 -1.000000 3
822 1.000000 4
827 1.000000 5
831 1.000000 4
835 1.000000 4
838 1.000000 3
841 1.000000 3
845 -1.000000 4
849 -1.000000 4
854 1.000000 5
858 -1.000000 4
861 -1.000000 3
864 1.000000 3
867 -1.000000 3
871 -1.000000 4
876 1.000000 5
881 1.000000 5
885 -1.000000 4
888 1.000000 3
891 -1.000000 3
894 -1.000000 3
898 1.000000 4
902 1.000000 4
907 1.000000 5
910 -1.000000 3
914 1.000000 4
918 1.000000 4
921 1.000000 3
924 1.000000 3
929 1.000000 5
932 -1.000000 3
935 1.000000 3
939 -1.000000 4
943 1.000000 4
948 1.000000 5
951 -1.000000 3
954 1.000000 3
959 1.000000 5
964 1.000000 5
969 1.000000 5
973 -1.000000 4
977 1.000000 4
982 0.000000 5
987 0.000000 5
991 1.000000 4
994 1.000000 3
998 -1.000000 4
1001 1.000000 3
1004 1.000000 3
1008 -1.000000 4
1011 -1.000000 3
1015 1.000000 4
1018 -1.000000 3
1022 1.000000 4
1025 -1.000000 3
1030 1.000000 5
1034 1.000000 4
1039 0.000000 5
1043 1.000000 4
1048 1.000000 5
1053 0.000000 5
1057 -1.000000 4
1061 1.000000 4
1064 1.000000 3
1068 -1.000000 4
1072 1.000000 4
1077 1.000000 5
1080 1.000000 3
1085 1.000000 5
1088 -1.000000 3
1091 -1.000000 3
1096 1.000000 5
1099 -1.000000 3
1102 -1.000000 3
1106 1.000000 4
1111 1.000000 5
1115 1.000000 4
1118 1.000000 3
1122 -1.000000 4
1127 0.000000 5
1132 0.000000 5
1136 1.000000 4
1141 0.000000 5
1146 0.000000 5
1150 -1.000000 4
1155 1.000000 5
1158 -1.000000 3
1162 -1.000000 4
1165 -1.000000 3
1169 1.000000 4
1174 1.000000 5
1178 1.000000 4
1183 1.000000 5
1187 -1.000000 4
1192 1.000000 5
1196 1.000000 4
1200 -1.000000 4
1204 1.000000 4
1209 1.000000 5
1214 1.000000 5
1219 0.000000 5
1223 1.000000 4
1226 1.000000 3
1230 1.000000 4
1234 1.000000 4
1238 1.000000 4
1241 1.000000 3
1244 -1.000000 3
1249 1.000000 5
1252 1.000000 3
1256 -1.000000 4
1259 1.000000 3
1263 -1.000000 4
1268 1.000000 5
1273 0.000000 5
1276 1.000000 3
1280 1.000000 4
1285 0.000000 5
1290 1.000000 5
1294 -1.000000 4
1299 1.000000 5
1303 -1.000000 4
1308 1.000000 5
1313 0.000000 5
1317 1.000000 4
1320 1.000000 3
1324 1.000000 4
1329 1.000000 5
1333 1.000000 4
1337 1.000000 4
1342 1.000000 5
1345 1.000000 3
1348 -1.000000 3
1352 -1.000000 4
1356 -1.000000 4
1360 1.000000 4
1363 1.000000 3
1366 -1.000000 3
1369 -1.000000 3
1373 1.000000 4
1378 0.000000 5
1382 1.000000 4
1385 1.000000 3
1389 1.000000 4
1393 1.000000 4
1397 1.000000 4
1401 1.000000 4
1405 1.000000 4
1409 1.000000 4
1413 -1.000000 4
1418 1.000000 5
1421 1.000000 3
1424 1.000000 3
1429 1.000000 5
1432 -1.000000 3
1436 -1.000000 4
1440 -1.000000 4
1444 1.000000 4
1447 1.000000 3
1450 1.000000 3
1454 1.000000 4
1459 1.000000 5
1463 -1.000000 4
1467 1.000000 4
1472 0.000000 5
1476 1.000000 4
1481 1.000000 5
1486 1.000000 5
1491 1.000000 5
1496 1.000000 5
1499 1.000000 3
1502 -1.000000 3
1506 1.000000 4
1510 1.000000 4
1515 0.000000 5
1520 1.000000 5
1525 0.000000 5
1530 1.000000 5
1533 1.000000 3
1537 1.000000 4
1542 1.000000 5
1547 1.000000 5
1551 1.000000 4
1555 -1.000000 4
1559 1.000000 4
1562 1.000000 3
1565 -1.000000 3
1569 -1.000000 4
1573 1.000000 4
1577 1.000000 4
1581 1.000000 4
1585 1.000000 4
1588 -1.000000 3
1592 -1.000000 4
1597 1.000000 5
1600 1.000000 3
1605 0.000000 5
1609 1.000000 4
1614 1.000000 5
1617 1.000000 3
1622 1.000000 5
1625 1.000000 3
1630 1.000000 5
1633 -1.000000 3
1638 1.000000 5
1641 1.000000 3
1646 0.000000 5
1650 -1.000000 4
1653 -1.000000 3
1658 1.000000 5
1662 1.000000 4
1666 1.000000 4
1671 1.000000 5
1675 1.000000 4
1678 1.000000 3
1682 1.000000 4
1687 1.000000 5
1690 -1.000000 3
1694 -1.000000 4
1697 1.000000 3
1701 -1.000000 4
1705 1.000000 4
1710 1.000000 5
1714 1.000000 4
1719 0.000000 5
1723 1.000000 4
1727 -1.000000 4
1732 0.000000 5
1736 1.000000 4
1739 -1.000000 3
1742 1.000000 3
1746 1.000000 4
1750 1.000000 4
1753 1.000000 3
1758 1.000000 5
1762 1.000000 4
1767 0.000000 5
1772 0.000000 5
1775 1.000000 3
1780 0.000000 5
1784 1.000000 4
1787 1.000000 3
1791 1.000000 4
1795 1.000000 4
1799 1.000000 4
1803 -1.000000 4
1807 1.000000 4
1812 1.000000 5
1817 1.000000 5
1822 1.000000 5
1826 -1.000000 4
1830 1.000000 4
1834 1.000000 4
1838 -1.000000 4
1843 0.000000 5
1848 1.000000 5
1852 1.000000 4
1856 -1.000000 4
1859 -1.000000 3
1864 1.000000 5
1869 0.000000 5
1874 1.000000 5
1879 1.000000 5
1884 1.000000 5
1887 -1.000000 3
1892 0.000000 5
1897 0.000000 5
1902 0.000000 5
1905 -1.000000 3
1910 1.000000 5
1914 1.000000 4
1919 0.000000 5
1924 1.000000 5
1928 -1.000000 4
1932 1.000000 4
1936 1.000000 4
1940 1.000000 4
1943 1.000000 3
1948 0.000000 5
1952 -1.000000 4
1957 1.000000 5
1960 -1.000000 3
1965 1.000000 5
1969 1.000000 4
1972 1.000000 3
1977 0.000000 5
1981 -1.000000 4
1986 1.000000 5
1991 1.000000 5
1995 1.000000 4
1999 -1.000000 4
2003 1.000000 4
2007 1.000000 4
2011 1.000000 4
2014 -1.000000 3
2018 -1.000000 4
2022 -1.000000 4
2025 1.000000 3
2029 1.000000 4
2032 -1.000000 3
2036 1.000000 4
2040 1.000000 4
2043 1.000000 3
2047 -1.000000 4
2051 1.000000 4
2055 -1.000000 4
2059 -1.000000 4
2063 1.000000 4
2067 1.000000 4
2070 -1.000000 3
2073 -1.000000 3
2077 1.000000 4
2082 1.000000 5
2087 0.000000 5
2092 1.000000 5
2097 0.000000 5
2101 -1.000000 4
2104 -1.000000 3
2108 -1.000000 4
2113 1.000000 5
2117 -1.000000 4
2120 1.000000 3
2123 1.000000 3
2126 1.000000 3
2129 1.000000 3
2134 1.000000 5
2137 -1.000000 3
2141 1.000000 4
2145 1.000000 4
2149 1.000000 4
2153 -1.000000 4
2156 1.000000 3
2159 1.000000 3
2163 1.000000 4
2166 1.000000 3
2170 1.000000 4
2175 1.000000 5
2179 -1.000000 4
2184 0.000000 5
2187 1.000000 3
2191 1.000000 4
2194 -1.000000 3
2198 1.000000 4
2202 1.000000 4
2205 1.000000 3
2210 1.000000 5
2214 -1.000000 4
2219 0.000000 5
2223 1.000000 4
2226 1.000000 3
2229 1.000000 3
2232 1.000000 3
2237 1.000000 5
2241 -1.000000 4
2245 1.000000 4
2249 1.000000 4
2254 1.000000 5
2259 1.000000 5
2264 1.000000 5
2269 1.000000 5
2273 1.000000 4
2277 1.000000 4
2282 1.000000 5
2287 1.000000 5
2292 1.000000 5
2296 1.000000 4
2301 0.000000 5
2304 1.000000 3
2309 0.000000 5
2312 1.000000 3
2316 1.000000 4
2321 0.000000 5
2326 0.000000 5
2331 0.000000 5
2336 1.000000 5
2340 -1.000000 4
2343 1.000000 3
2347 1.000000 4
2350 1.000000 3
2355 1.000000 5
2359 -1.000000 4
2363 -1.000000 4
2368 0.000000 5
2373 1.000000 5
2378 1.000000 5
2382 -1.000000 4
2385 -1.000000 3
2389 -1.000000 4
2393 1.000000 4
2398 1.000000 5
2402 1.000000 4
2407 0.000000 5
2412 0.000000 5
2415 -1.000000 3
2420 1.000000 5
2424 1.000000 4
2428 1.000000 4
2432 -1.000000 4
2436 -1.000000 4
2439 -1.000000 3
2442 -1.000000 3
2446 1.000000 4
2449 1.000000 3
2453 -1.000000 4
2458 0.000000 5
2463 0.000000 5
2467 -1.000000 4
2470 1.000000 3
2475 0.000000 5
2478 1.000000 3
2481 1.000000 3
2484 1.000000 3
2487 1.000000 3
2492 0.000000 5
2497 0.000000 5
2502 1.000000 5
2506 1.000000 4
2510 1.000000 4
2514 1.000000 4
2518 1.000000 4
2522 1.000000 4
2526 -1.000000 4
2531 0.000000 5
2535 -1.000000 4
2540 1.000000 5
2543 1.000000 3
2547 1.000000 4
2551 1.000000 4
2555 -1.000000 4
2560 0.000000 5
2564 1.000000 4
2567 -1.000000 3
2572 1.000000 5
2576 1.000000 4
2580 1.000000 4
2585 0.000000 5
2588 1.000000 3
2593 0.000000 5
2597 1.000000 4
2602 1.000000 5
2606 -1.000000 4
2610 -1.000000 4
2614 1.000000 4
2617 1.000000 3
2620 1.000000 3
2624 1.000000 4
2628 1.000000 4
2631 -1.000000 3
2636 1.000000 5
2640 1.000000 4
2645 0.000000 5
2649 -1.000000 4
2652 1.000000 3
2656 1.000000 4
2660 1.000000 4
2665 1.000000 5
2669 1.000000 4
2674 1.000000 5
2677 1.000000 3
2681 1.000000 4
2685 1.000000 4
2689 1.000000 4
2694 1.000000 5
2698 1.000000 4
2702 1.000000 4
2706 -1.000000 4
2709 1.000000 3
2714 1.000000 5
2717 1.000000 3
2721 -1.000000 4
2726 1.000000 5
2731 1.000000 5
2736 0.000000 5
2740 1.000000 4
2744 1.000000 4
2747 -1.000000 3
2750 -1.000000 3
2754 1.000000 4
2759 0.000000 5
2763 1.000000 4
2768 1.000000 5
2773 1.000000 5
2776 1.000000 3
2780 1.000000 4
2783 -1.000000 3
2788 0.000000 5
2792 -1.000000 4
2797 1.000000 5
2801 1.000000 4
2805 1.000000 4
2809 1.000000 4
2814 1.000000 5
2819 1.000000 5
2824 1.000000 5
2828 1.000000 4
2833 0.000000 5
2836 1.000000 3
2840 1.000000 4
2844 1.000000 4
2848 1.000000 4
2853 0.000000 5
2857 1.000000 4
2862 0.000000 5
2866 1.000000 4
2871 0.000000 5
2875 1.000000 4
2880 0.000000 5
2884 -1.000000 4
2887 -1.000000 3
2891 1.000000 4
2896 0.000000 5
2901 0.000000 5
2906 1.000000 5
2910 -1.000000 4
2914 -1.000000 4
2917 -1.000000 3
2922 1.000000 5
2926 1.000000 4
2931 1.000000 5
2935 1.000000 4
2940 0.000000 5
2945 1.000000 5
2949 -1.000000 4
2952 1.000000 3
2957 1.000000 5
2961 -1.000000 4
2966 0.000000 5
2971 1.000000 5
2975 1.000000 4
2978 1.000000 3
2982 1.000000 4
2986 -1.000000 4
2991 1.000000 5
2994 1.000000 3
2999 0.000000 5
3003 -1.000000 4
3007 1.000000 4
3012 1.000000 5
3015 -1.000000 3
3018 -1.000000 3
3022 1.000000 4
3026 1.000000 4
3030 -1.000000 4
3034 1.000000 4
3039 1.000000 5
3043 1.000000 4
3047 1.000000 4
3051 -1.000000 4
3055 1.000000 4
3060 1.000000 5
3063 1.000000 3
3067 1.000000 4
3071 -1.000000 4
3076 0.000000 5
3081 0.000000 5
3084 -1.000000 3
3088 1.000000 4
3091 -1.000000 3
3095 1.000000 4
3100 1.000000 5
3104 1.000000 4
3109 1.000000 5
3114 1.000000 5
3118 -1.000000 4
3121 -1.000000 3
3125 -1.000000 4
3129 1.000000 4
3134 0.000000 5
3139 0.000000 5
3143 -1.000000 4
3148 0.000000 5
3151 1.000000 3
3155 -1.000000 4
3160 1.000000 5
3163 1.000000 3
3168 0.000000 5
3173 1.000000 5
3178 0.000000 5
3183 0.000000 5
3187 1.000000 4
3191 1.000000 4
3196 1.000000 5
3199 1.000000 3
3204 1.000000 5
3208 1.000000 4
3213 1.000000 5
3217 -1.000000 4
3221 -1.000000 4
3225 -1.000000 4
3229 -1.000000 4
3234 1.000000 5
3238 1.000000 4
3242 -1.000000 4
3247 1.000000 5
3252 1.000000 5
3256 1.000000 4
3260 -1.000000 4
3263 1.000000 3
3268 1.000000 5
3272 1.000000 4
3276 1.000000 4
3279 1.000000 3
3283 -1.000000 4
3287 -1.000000 4
3291 1.000000 4
3296 1.000000 5
3301 1.000000 5
3304 1.000000 3
3308 1.000000 4
3312 1.000000 4
3317 1.000000 5
3321 1.000000 4
3324 1.000000 3
3329 0.000000 5
3334 1.000000 5
3339 0.000000 5
3342 1.000000 3
3346 1.000000 4
3351 1.000000 5
3355 1.000000 4
3359 -1.000000 4
3363 1.000000 4
3368 1.000000 5
3371 -1.000000 3
3375 -1.000000 4
3379 1.000000 4
3383 -1.000000 4
3388 1.000000 5
3391 -1.000000 3
3395 -1.000000 4
3399 1.000000 4
3403 -1.000000 4
3407 -1.000000 4
3412 1.000000 5
3416 -1.000000 4
3420 -1.000000 4
3424 1.000000 4
3428 1.000000 4
3432 1.000000 4
3437 0.000000 5
3442 0.000000 5
3445 1.000000 3
3449 1.000000 4
3454 1.000000 5
3459 0.000000 5
3462 -1.000000 3
3465 -1.000000 3
3469 1.000000 4
3472 -1.000000 3
3477 1.000000 5
3482 0.000000 5
3485 1.000000 3
3489 -1.000000 4
3494 1.000000 5
3499 1.000000 5
3504 0.000000 5
3508 1.000000 4
3512 1.000000 4
3517 1.000000 5
3521 -1.000000 4
3524 1.000000 3
3528 1.000000 4
3532 1.000000 4
3536 1.000000 4
3541 0.000000 5
3546 1.000000 5
3549 -1.000000 3
3554 1.000000 5
3558 1.000000 4
3561 -1.000000 3
3566 0.000000 5
3570 1.000000 4
3574 -1.000000 4
3579 0.000000 5
3584 1.000000 5
3589 1.000000 5
3594 1.000000 5
3597 1.000000 3
3602 1.000000 5
3607 0.000000 5
3611 1.000000 4
3616 0.000000 5
3620 1.000000 4
3623 1.000000 3
3626 -1.000000 3
3629 1.000000 3
3632 1.000000 3
3636 1.000000 4
3639 1.000000 3
3643 -1.000000 4
3648 0.000000 5
3653 0.000000 5
3656 1.000000 3
3660 -1.000000 4
3664 -1.000000 4
3669 0.000000 5
3674 1.000000 5
3679 1.000000 5
3684 1.000000 5
3689 1.000000 5
3694 0.000000 5
3698 1.000000 4
3701 1.000000 3
3706 1.000000 5
3710 -1.000000 4
3714 -1.000000 4
3719 0.000000 5
3724 1.000000 5
3729 1.000000 5
3733 1.000000 4
3738 1.000000 5
3743 1.000000 5
3747 1.000000 4
3750 1.000000 3
3753 1.000000 3
3756 1.000000 3
3759 1.000000 3
3764 0.000000 5
3768 1.000000 4
3773 1.000000 5
3776 -1.000000 3
3781 0.000000 5
3785 1.000000 4
3789 1.000000 4
3793 -1.000000 4
3796 -1.000000 3
3800 1.000000 4
3803 1.000000 3
3807 1.000000 4
3811 1.000000 4
3816 1.000000 5
3819 1.000000 3
3823 -1.000000 4
3828 1.000000 5
3832 -1.000000 4
3836 -1.000000 4
3841 1.000000 5
3846 0.000000 5
3851 0.000000 5
3855 1.000000 4
3860 0.000000 5
3864 -1.000000 4
3867 -1.000000 3
3872 1.000000 5
3876 1.000000 4
3880 -1.000000 4
3884 1.000000 4
3888 1.000000 4
3892 1.000000 4
3895 -1.000000 3
3898 -1.000000 3
3903 1.000000 5
3907 1.000000 4
3910 1.000000 3
3915 1.000000 5
3918 -1.000000 3
3922 -1.000000 4
3927 0.000000 5
3931 1.000000 4
3936 1.000000 5
3941 0.000000 5
3945 1.000000 4
3950 0.000000 5
3953 -1.000000 3
3956 1.000000 3
3960 -1.000000 4
3964 1.000000 4
3968 -1.000000 4
3972 -1.000000 4
3975 1.000000 3
3978 -1.000000 3
3982 1.000000 4
3987 1.000000 5
3990 -1.000000 3
3994 1.000000 4
3998 -1.000000 4
4003 1.000000 5
4007 1.000000 4
4010 1.000000 3
4013 -1.000000 3
4017 -1.000000 4
4022 1.000000 5
4027 0.000000 5
4032 0.000000 5
4035 -1.000000 3
4038 1.000000 3
4043 0.000000 5
4048 0.000000 5
4053 1.000000 5
4057 -1.000000 4
4062 1.000000 5
4067 0.000000 5
4071 1.000000 4
4075 -1.000000 4
4078 -1.000000 3
4082 -1.000000 4
4085 1.000000 3
4088 -1.000000 3
4092 -1.000000 4
4097 0.000000 5
4101 1.000000 4
4104 -1.000000 3
4109 1.000000 5
4112 1.000000 3
4115 1.000000 3
4119 1.000000 4
4123 -1.000000 4
4126 1.000000 3
4131 1.000000 5
4135 1.000000 4
4139 1.000000 4
4144 1.000000 5
4149 1.000000 5
4154 1.000000 5
4157 -1.000000 3
4160 1.000000 3
4165 1.000000 5
4169 1.000000 4
4172 1.000000 3
4177 0.000000 5
4181 1.000000 4
4185 1.000000 4
4189 1.000000 4
4193 -1.000000 4
4197 1.000000 4
4200 -1.000000 3
4204 1.000000 4
4208 1.000000 4
4213 0.000000 5
4216 1.000000 3
4220 -1.000000 4
4224 -1.000000 4
4228 1.000000 4
4232 1.000000 4
4235 -1.000000 3
4240 1.000000 5
4244 -1.000000 4
4247 -1.000000 3
4252 1.000000 5
4256 1.000000 4
4260 1.000000 4
4264 -1.000000 4
4269 0.000000 5
4274 0.000000 5
4277 -1.000000 3
4281 -1.000000 4
4284 -1.000000 3
4289 1.000000 5
4293 1.000000 4
4297 1.000000 4
4301 -1.000000 4
4306 1.000000 5
4310 1.000000 4
4313 -1.000000 3
4318 1.000000 5
4321 -1.000000 3
4325 1.000000 4
4329 1.000000 4
4334 1.000000 5
4339 1.000000 5
4343 1.000000 4
4347 1.000000 4
4351 1.000000 4
4354 1.000000 3
4359 1.000000 5
4363 1.000000 4
4367 -1.000000 4
4371 -1.000000 4
4374 1.000000 3
4378 -1.000000 4
4382 1.000000 4
4385 -1.000000 3
4390 1.000000 5
4394 1.000000 4
4398 -1.000000 4
4403 0.000000 5
4408 1.000000 5
4413 0.000000 5
4417 1.000000 4
4422 1.000000 5
4427 0.000000 5
4431 1.000000 4
4434 1.000000 3
4438 -1.000000 4
4443 0.000000 5
4448 1.000000 5
4452 1.000000 4
4457 1.000000 5
4460 1.000000 3
4465 1.000000 5
4468 1.000000 3
4472 1.000000 4
4477 1.000000 5
4482 1.000000 5
4486 -1.000000 4
4489 1.000000 3
4494 0.000000 5
4497 -1.000000 3
4501 -1.000000 4
4505 1.000000 4
4509 1.000000 4
4514 1.000000 5
4519 0.000000 5
4523 1.000000 4
4527 1.000000 4
4530 -1.000000 3
4533 1.000000 3
4537 1.000000 4
4540 1.000000 3
4544 -1.000000 4
4548 -1.000000 4
4551 1.000000 3
4555 -1.000000 4
4560 1.000000 5
4564 -1.000000 4
4569 1.000000 5
4572 1.000000 3
4577 0.000000 5
4582 1.000000 5
4586 -1.000000 4
4590 -1.000000 4
4594 1.000000 4
4599 0.000000 5
4602 1.000000 3
4606 -1.000000 4
4609 1.000000 3
4613 1.000000 4
4618 0.000000 5
4622 -1.000000 4
4626 1.000000 4
4629 -1.000000 3
4634 1.000000 5
4638 1.000000 4
4642 1.000000 4
4647 0.000000 5
4652 0.000000 5
4656 1.000000 4
4660 1.000000 4
4664 -1.000000 4
4667 1.000000 3
4671 1.000000 4
4675 -1.000000 4
4680 0.000000 5
4684 1.000000 4
4688 -1.000000 4
4691 1.000000 3
4696 1.000000 5
4700 1.000000 4
4704 1.000000 4
4707 -1.000000 3
4712 1.000000 5
4717 1.000000 5
4721 1.000000 4
4726 1.000000 5
4731 1.000000 5
4735 -1.000000 4
4739 -1.000000 4
4744 1.000000 5
4748 1.000000 4
4752 -1.000000 4
4756 1.000000 4
4759 1.000000 3
4764 1.000000 5
4769 0.000000 5
4772 -1.000000 3
4776 1.000000 4
4780 1.000000 4
4784 -1.000000 4
4789 1.000000 5
4792 -1.000000 3
4796 1.000000 4
4800 1.000000 4
4803 1.000000 3
4807 -1.000000 4
4811 1.000000 4
4816 1.000000 5
4820 -1.000000 4
4823 1.000000 3
4828 1.000000 5
4831 -1.000000 3
4835 1.000000 4
4840 1.000000 5
4845 0.000000 5
4849 -1.000000 4
4854 1.000000 5
4858 1.000000 4
4862 -1.000000 4
4867 0.000000 5
4872 1.000000 5
4876 1.000000 4
4880 1.000000 4
4883 1.000000 3
4887 1.000000 4
4892 1.000000 5
4895 -1.000000 3
4899 1.000000 4
4904 1.000000 5
4908 1.000000 4
4913 0.000000 5
4918 1.000000 5
4922 -1.000000 4
4926 -1.000000 4
4931 1.000000 5
4935 -1.000000 4
4940 1.000000 5
4944 1.000000 4
4948 1.000000 4
4952 -1.000000 4
4955 -1.000000 3
4960 1.000000 5
4964 1.000000 4
4967 1.000000 3
4972 0.000000 5
4975 1.000000 3
4979 -1.000000 4
4983 -1.000000 4
4988 1.000000 5
4993 1.000000 5
4997 1.000000 4
5000 1.000000 3
5004 1.000000 4
5007 -1.000000 3
5011 1.000000 4
5015 1.000000 4
5020 1.000000 5
5023 1.000000 3
5028 0.000000 5
5032 -1.000000 4
5036 -1.000000 4
5040 1.000000 4
5043 -1.000000 3
5047 1.000000 4
5052 1.000000 5
5056 1.000000 4
5060 1.000000 4
5063 -1.000000 3
5067 -1.000000 4
5071 -1.000000 4
5074 1.000000 3
5078 -1.000000 4
5082 1.000000 4
5087 1.000000 5
5092 1.000000 5
5097 1.000000 5
5100 -1.000000 3
5104 1.000000 4
5108 1.000000 4
5112 -1.000000 4
5116 -1.000000 4
5121 1.000000 5
5126 0.000000 5
5130 -1.000000 4
5134 1.000000 4
5138 1.000000 4
5143 0.000000 5
5147 1.000000 4
5151 1.000000 4
5156 0.000000 5
5159 1.000000 3
5164 1.000000 5
5169 1.000000 5
5173 1.000000 4
5177 1.000000 4
5181 1.000000 4
5185 1.000000 4
5189 1.000000 4
5194 1.000000 5
5197 1.000000 3
5200 1.000000 3
5205 1.000000 5
5209 -1.000000 4
5213 -1.000000 4
5218 0.000000 5
5221 1.000000 3
5225 -1.000000 4
5228 1.000000 3
5233 0.000000 5
5236 -1.000000 3
5240 1.000000 4
5245 1.000000 5
5249 1.000000 4
5254 1.000000 5
5258 1.000000 4
5263 0.000000 5
5266 1.000000 3
5271 0.000000 5
5276 0.000000 5
5281 0.000000 5
5285 1.000000 4
5288 -1.000000 3
5292 1.000000 4
5295 1.000000 3
5300 1.000000 5
5305 1.000000 5
5309 1.000000 4
5314 0.000000 5
5319 1.000000 5
5323 -1.000000 4
5326 1.000000 3
5330 -1.000000 4
5334 -1.000000 4
5339 1.000000 5
5343 1.000000 4
5348 0.000000 5
5353 0.000000 5
5357 -1.000000 4
5360 1.000000 3
5364 1.000000 4
5367 -1.000000 3
5372 1.000000 5
5375 1.000000 3
5380 1.000000 5
5384 -1.000000 4
5389 1.000000 5
5393 -1.000000 4
5396 -1.000000 3
5400 1.000000 4
5405 0.000000 5
5410 1.000000 5
5413 -1.000000 3
5416 1.000000 3
5421 0.000000 5
5425 1.000000 4
5430 0.000000 5
5433 -1.000000 3
5438 1.000000 5
5442 1.000000 4
5445 1.000000 3
5450 1.000000 5
5453 -1.000000 3
5457 -1.000000 4
5461 1.000000 4
5465 1.000000 4
5469 1.000000 4
5473 -1.000000 4
5478 0.000000 5
5482 -1.000000 4
5486 1.000000 4
5491 0.000000 5
5494 1.000000 3
5497 -1.000000 3
5501 -1.000000 4
5506 0.000000 5
5510 1.000000 4
5514 1.000000 4
5519 1.000000 5
5522 1.000000 3
5527 1.000000 5
5530 1.000000 3
5535 1.000000 5
5540 0.000000 5
5544 1.000000 4
5547 -1.000000 3
5551 1.000000 4
5556 1.000000 5
5560 1.000000 4
5564 1.000000 4
5569 0.000000 5
5574 1.000000 5
5578 -1.000000 4
5583 1.000000 5
5587 1.000000 4
5592 1.000000 5
5595 1.000000 3
5598 1.000000 3
5602 1.000000 4
5607 1.000000 5
5612 0.000000 5
5615 1.000000 3
5618 1.000000 3
5623 0.000000 5
5627 1.000000 4
5631 -1.000000 4
5634 1.000000 3
5638 1.000000 4
5642 -1.000000 4
5647 1.000000 5
5652 1.000000 5
5657 1.000000 5
5661 1.000000 4
5665 1.000000 4
5669 -1.000000 4
5672 -1.000000 3
5676 1.000000 4
5681 0.000000 5
5685 -1.000000 4
5690 1.000000 5
5694 -1.000000 4
5698 1.000000 4
5702 1.000000 4
5706 -1.000000 4
5710 1.000000 4
5714 1.000000 4
5718 -1.000000 4
5723 0.000000 5
5727 1.000000 4
5731 1.000000 4
5736 1.000000 5
5740 1.000000 4
5744 1.000000 4
5749 1.000000 5
5753 -1.000000 4
5757 1.000000 4
5762 0.000000 5
5766 1.000000 4
5771 1.000000 5
5775 -1.000000 4
5779 1.000000 4
5782 1.000000 3
5786 1.000000 4
5791 0.000000 5
5795 -1.000000 4
5799 1.000000 4
5802 -1.000000 3
5806 1.000000 4
5809 1.000000 3
5812 1.000000 3
5816 -1.000000 4
5820 -1.000000 4
5825 0.000000 5
5828 -1.000000 3
5831 1.000000 3
5834 1.000000 3
5838 -1.000000 4
5843 0.000000 5
5848 0.000000 5
5852 1.000000 4
5856 1.000000 4
5860 1.000000 4
5864 1.000000 4
5868 1.000000 4
5871 1.000000 3
5875 -1.000000 4
5880 1.000000 5
5883 1.000000 3
5887 1.000000 4
5892 0.000000 5
5896 -1.000000 4
5900 1.000000 4
5905 1.000000 5
5909 1.000000 4
5914 0.000000 5
5918 1.000000 4
5922 1.000000 4
5926 1.000000 4
5931 0.000000 5
5934 -1.000000 3
5939 1.000000 5
5943 -1.000000 4
5948 1.000000 5
5951 -1.000000 3
5955 1.000000 4
5958 -1.000000 3
5961 -1.000000 3
5965 -1.000000 4
5969 1.000000 4
5973 1.000000 4
5977 1.000000 4
5981 1.000000 4
5985 1.000000 4
5990 1.000000 5
5994 1.000000 4
5999 1.000000 5
6004 1.000000 5
6008 1.000000 4
6011 1.000000 3
6016 1.000000 5
6019 -1.000000 3
6024 0.000000 5
6027 -1.000000 3
6031 -1.000000 4
6036 0.000000 5
6041 1.000000 5
6046 0.000000 5
6051 1.000000 5
6055 1.000000 4
6060 1.000000 5
6065 1.000000 5
6068 1.000000 3
6071 -1.000000 3
6076 0.000000 5
6081 0.000000 5
6086 1.000000 5
6090 1.000000 4
6095 1.000000 5
6099 1.000000 4
6103 1.000000 4
6106 1.000000 3
6110 -1.000000 4
6114 1.000000 4
6119 1.000000 5
6124 1.000000 5
6128 1.000000 4
6133 1.000000 5
6138 1.000000 5
6142 -1.000000 4
6147 1.000000 5
6151 -1.000000 4
6155 1.000000 4
6159 1.000000 4
6164 0.000000 5
6168 1.000000 4
6173 1.000000 5
6177 1.000000 4
6181 1.000000 4
6184 -1.000000 3
6187 1.000000 3
6192 1.000000 5
6195 1.000000 3
6199 -1.000000 4
6204 1.000000 5
6209 1.000000 5
6212 -1.000000 3
6216 1.000000 4
6219 -1.000000 3
6224 0.000000 5
6229 0.000000 5
6232 1.000000 3
6235 1.000000 3
6239 1.000000 4
6243 -1.000000 4
6246 1.000000 3
6251 1.000000 5
6255 1.000000 4
6259 1.000000 4
6263 1.000000 4
6268 0.000000 5
6271 1.000000 3
6275 -1.000000 4
6279 -1.000000 4
6282 -1.000000 3
6287 0.000000 5
6292 1.000000 5
6296 -1.000000 4
6299 -1.000000 3
6303 -1.000000 4
6307 -1.000000 4
6311 -1.000000 4
6316 1.000000 5
6320 1.000000 4
6325 1.000000 5
6329 -1.000000 4
6333 1.000000 4
6336 -1.000000 3
6339 1.000000 3
6344 1.000000 5
6348 -1.000000 4
6352 1.000000 4
6356 1.000000 4
6360 1.000000 4
6364 1.000000 4
6369 1.000000 5
6372 1.000000 3
6376 -1.000000 4
6380 1.000000 4
6385 0.000000 5
6389 1.000000 4
6393 1.000000 4
6398 1.000000 5
6402 1.000000 4
6405 1.000000 3
6410 1.000000 5
6415 0.000000 5
6418 -1.000000 3
6421 -1.000000 3
6425 -1.000000 4
6429 -1.000000 4
6434 1.000000 5
6438 1.000000 4
6442 -1.000000 4
6446 -1.000000 4
6449 1.000000 3
6453 -1.000000 4
6458 0.000000 5
6462 -1.000000 4
6466 1.000000 4
6471 1.000000 5
6474 -1.000000 3
6477 1.000000 3
6481 1.000000 4
6485 1.000000 4
6489 -1.000000 4
6492 -1.000000 3
6496 1.000000 4
6501 0.000000 5
6505 -1.000000 4
6509 1.000000 4
6512 -1.000000 3
6515 1.000000 3
6519 1.000000 4
6523 1.000000 4
6527 1.000000 4
6531 1.000000 4
6536 0.000000 5
6539 -1.000000 3
6542 -1.000000 3
6545 1.000000 3
6549 1.000000 4
6553 -1.000000 4
6557 1.000000 4
6562 1.000000 5
6566 1.000000 4
6569 1.000000 3
6573 1.000000 4
6577 -1.000000 4
6582 0.000000 5
6586 1.000000 4
6590 -1.000000 4
6595 0.000000 5
6599 1.000000 4
6602 1.000000 3
6605 1.000000 3
6609 1.000000 4
6614 1.000000 5
6617 1.000000 3
6621 1.000000 4
6625 1.000000 4
6628 1.000000 3
6633 1.000000 5
6637 1.000000 4
6641 -1.000000 4
6645 1.000000 4
6648 1.000000 3
6653 0.000000 5
6658 0.000000 5
6662 1.000000 4
6666 1.000000 4
6670 1.000000 4
6674 1.000000 4
6677 1.000000 3
6681 -1.000000 4
6685 -1.000000 4
6690 1.000000 5
6694 -1.000000 4
6699 1.000000 5
6703 -1.000000 4
6706 1.000000 3
6710 1.000000 4
6714 -1.000000 4
6719 1.000000 5
6723 -1.000000 4
6727 1.000000 4
6731 1.000000 4
6734 1.000000 3
6739 1.000000 5
6743 -1.000000 4
6747 1.000000 4
6752 1.000000 5
6756 -1.000000 4
6760 -1.000000 4
6763 1.000000 3
6767 1.000000 4
6771 1.000000 4
6775 1.000000 4
6780 1.000000 5
6785 1.000000 5
6789 1.000000 4
6793 1.000000 4
6797 1.000000 4
6802 1.000000 5
6805 -1.000000 3
6809 -1.000000 4
6814 0.000000 5
6819 1.000000 5
6822 1.000000 3
6826 1.000000 4
6830 1.000000 4
6833 -1.000000 3
6836 -1.000000 3
6839 1.000000 3
6842 1.000000 3
6847 1.000000 5
6850 1.000000 3
6854 1.000000 4
6857 1.000000 3
6861 1.000000 4
6865 1.000000 4
6868 -1.000000 3
6872 -1.000000 4
6875 1.000000 3
6879 -1.000000 4
6884 0.000000 5
6887 -1.000000 3
6892 1.000000 5
6897 1.000000 5
6901 1.000000 4
6906 1.000000 5
6910 1.000000 4
6914 1.000000 4
6919 1.000000 5
6923 1.000000 4
6927 1.000000 4
6932 0.000000 5
6937 1.000000 5
6941 1.000000 4
6945 1.000000 4
6950 1.000000 5
6954 -1.000000 4
6959 1.000000 5
6963 -1.000000 4
6967 -1.000000 4
6971 1.000000 4
6975 1.000000 4
6979 -1.000000 4
6983 1.000000 4
6987 1.000000 4
6991 1.000000 4
6995 -1.000000 4
6999 -1.000000 4
7004 0.000000 5
7009 1.000000 5
7013 1.000000 4
7017 1.000000 4
7020 -1.000000 3
7024 1.000000 4
7029 1.000000 5
7034 0.000000 5
7039 0.000000 5
7042 1.000000 3
7045 -1.000000 3
7048 1.000000 3
7052 1.000000 4
7055 1.000000 3
7058 -1.000000 3
7062 1.000000 4
7066 1.000000 4
7069 -1.000000 3
7073 1.000000 4
7078 0.000000 5
7081 -1.000000 3
7086 0.000000 5
7089 -1.000000 3
7093 1.000000 4
7096 -1.000000 3
7099 1.000000 3
7103 1.000000 4
7107 -1.000000 4
7112 0.000000 5
7116 1.000000 4
7121 1.000000 5
7125 1.000000 4
7128 1.000000 3
7132 -1.000000 4
7135 -1.000000 3
7140 1.000000 5
7144 -1.000000 4
7149 1.000000 5
7152 1.000000 3
7155 1.000000 3
7159 1.000000 4
7164 1.000000 5
7169 1.000000 5
7174 0.000000 5
7178 1.000000 4
7183 0.000000 5
7188 0.000000 5
7192 1.000000 4
7197 1.000000 5
7200 -1.000000 3
7204 1.000000 4
7207 1.000000 3
7212 0.000000 5
7216 1.000000 4
7220 1.000000 4
7223 1.000000 3
7228 0.000000 5
7232 1.000000 4
7235 1.000000 3
7239 -1.000000 4
7243 -1.000000 4
7247 1.000000 4
7251 -1.000000 4
7255 1.000000 4
7259 1.000000 4
7264 1.000000 5
7267 -1.000000 3
7272 0.000000 5
7276 1.000000 4
7279 -1.000000 3
7282 1.000000 3
7285 -1.000000 3
7289 1.000000 4
7292 1.000000 3
7296 1.000000 4
7300 1.000000 4
7304 1.000000 4
7309 0.000000 5
7313 -1.000000 4
7318 0.000000 5
7322 -1.000000 4
7326 1.000000 4
7329 1.000000 3
7332 1.000000 3
7337 1.000000 5
7341 1.000000 4
7344 -1.000000 3
7349 0.000000 5
7354 1.000000 5
7359 1.000000 5
7362 1.000000 3
7367 1.000000 5
7372 1.000000 5
7377 1.000000 5
7382 1.000000 5
7386 1.000000 4
7390 1.000000 4
7394 1.000000 4
7398 -1.000000 4
7402 1.000000 4
7407 0.000000 5
7412 0.000000 5
7416 1.000000 4
7421 1.000000 5
7424 1.000000 3
7428 1.000000 4
7432 -1.000000 4
7436 -1.000000 4
7441 1.000000 5
7445 1.000000 4
7449 1.000000 4
7453 -1.000000 4
7458 1.000000 5
7462 1.000000 4
7467 1.000000 5
7470 1.000000 3
7473 -1.000000 3
7477 -1.000000 4
7481 1.000000 4
7486 0.000000 5
7491 1.000000 5
7494 1.000000 3
7499 1.000000 5
7504 1.000000 5
7509 0.000000 5
7513 1.000000 4
7517 1.000000 4
7521 -1.000000 4
7525 1.000000 4
7529 1.000000 4
7533 1.000000 4
7538 0.000000 5
7541 -1.000000 3
7545 1.000000 4
7550 1.000000 5
7555 0.000000 5
7560 0.000000 5
7564 -1.000000 4
7567 1.000000 3
7571 -1.000000 4
7575 1.000000 4
7580 1.000000 5
7585 1.000000 5
7589 1.000000 4
7594 0.000000 5
7598 1.000000 4
7601 -1.000000 3
7606 0.000000 5
7611 1.000000 5
7615 -1.000000 4
7618 -1.000000 3
7621 -1.000000 3
7624 1.000000 3
7629 0.000000 5
7632 -1.000000 3
7636 -1.000000 4
7641 1.000000 5
7645 -1.000000 4
7649 -1.000000 4
7652 1.000000 3
7656 -1.000000 4
7661 1.000000 5
7664 1.000000 3
7668 -1.000000 4
7671 1.000000 3
7674 1.000000 3
7679 1.000000 5
7684 0.000000 5
7689 0.000000 5
7694 0.000000 5
7698 1.000000 4
7701 1.000000 3
7706 1.000000 5
7711 1.000000 5
7715 1.000000 4
7718 1.000000 3
7721 -1.000000 3
7726 1.000000 5
7730 1.000000 4
7734 -1.000000 4
7739 1.000000 5
7742 1.000000 3
7746 1.000000 4
7750 1.000000 4
7754 -1.000000 4
7758 1.000000 4
7761 -1.000000 3
7764 -1.000000 3
7768 1.000000 4
7772 1.000000 4
7776 -1.000000 4
7779 1.000000 3
7783 1.000000 4
7787 -1.000000 4
7791 1.000000 4
7794 -1.000000 3
7799 0.000000 5
7802 1.000000 3
7805 -1.000000 3
7810 1.000000 5
7813 1.000000 3
7817 1.000000 4
7821 1.000000 4
7826 0.000000 5
7831 1.000000 5
7835 -1.000000 4
7839 -1.000000 4
7843 1.000000 4
7846 -1.000000 3
7850 1.000000 4
7854 -1.000000 4
7858 1.000000 4
7861 1.000000 3
7866 0.000000 5
7871 0.000000 5
7875 1.000000 4
7879 1.000000 4
7884 0.000000 5
7889 1.000000 5
7892 -1.000000 3
7896 -1.000000 4
7899 1.000000 3
7902 1.000000 3
7906 -1.000000 4
7910 1.000000 4
7914 1.000000 4
7918 -1.000000 4
7923 1.000000 5
7928 1.000000 5
7932 1.000000 4
7936 1.000000 4
7941 1.000000 5
7944 -1.000000 3
7947 -1.000000 3
7951 1.000000 4
7954 -1.000000 3
7958 1.000000 4
7961 1.000000 3
7965 1.000000 4
7968 1.000000 3
7972 1.000000 4
7976 1.000000 4
7980 1.000000 4
7984 1.000000 4
7989 1.000000 5
7994 1.000000 5
7998 1.000000 4
8003 1.000000 5
8006 1.000000 3
8009 1.000000 3
8014 0.000000 5
8018 -1.000000 4
8021 -1.000000 3
8024 -1.000000 3
8028 -1.000000 4
8032 1.000000 4
8037 0.000000 5
8041 1.000000 4
8045 1.000000 4
8049 1.000000 4
8054 0.000000 5
8058 1.000000 4
8061 -1.000000 3
8066 1.000000 5
8070 -1.000000 4
8075 1.000000 5
8080 1.000000 5
8084 -1.000000 4
8088 1.000000 4
8093 1.000000 5
8098 1.000000 5
8102 1.000000 4
8107 1.000000 5
8111 -1.000000 4
8115 1.000000 4
8120 1.000000 5
8125 0.000000 5
8130 0.000000 5
8133 -1.000000 3
8138 0.000000 5
8142 1.000000 4
8146 1.000000 4
8149 -1.000000 3
8154 1.000000 5
8159 1.000000 5
8164 0.000000 5
8169 1.000000 5
8173 1.000000 4
8177 -1.000000 4
8181 1.000000 4
8185 -1.000000 4
8190 0.000000 5
8195 1.000000 5
8200 0.000000 5
8203 -1.000000 3
8206 1.000000 3
8210 1.000000 4
8214 1.000000 4
8218 1.000000 4
8222 1.000000 4
8226 -1.000000 4
8231 1.000000 5
8235 1.000000 4
8239 -1.000000 4
8244 1.000000 5
8248 1.000000 4
8253 0.000000 5
8257 1.000000 4
8260 -1.000000 3
8264 -1.000000 4
8268 1.000000 4
8272 -1.000000 4
8277 1.000000 5
8280 1.000000 3
8285 1.000000 5
8290 1.000000 5
8293 1.000000 3
8297 1.000000 4
8301 1.000000 4
8305 1.000000 4
8308 -1.000000 3
8311 -1.000000 3
8315 1.000000 4
8320 1.000000 5
8324 1.000000 4
8329 1.000000 5
8334 0.000000 5
8339 0.000000 5
8343 1.000000 4
8348 1.000000 5
8352 1.000000 4
8357 1.000000 5
8361 -1.000000 4
8364 -1.000000 3
8369 0.000000 5
8374 1.000000 5
8378 -1.000000 4
8382 1.000000 4
8385 1.000000 3
8389 -1.000000 4
8392 1.000000 3
8396 1.000000 4
8399 1.000000 3
8404 0.000000 5
8409 0.000000 5
8412 1.000000 3
8416 1.000000 4
8420 1.000000 4
8425 1.000000 5
8428 1.000000 3
8433 1.000000 5
8437 1.000000 4
8440 1.000000 3
8445 1.000000 5
8449 1.000000 4
8452 1.000000 3
8456 1.000000 4
8460 1.000000 4
8464 1.000000 4
8468 -1.000000 4
8472 -1.000000 4
8476 -1.000000 4
8481 1.000000 5
8484 1.000000 3
8487 1.000000 3
8492 0.000000 5
8497 0.000000 5
8502 0.000000 5
8506 1.000000 4
8511 0.000000 5
8515 1.000000 4
8518 -1.000000 3
8523 0.000000 5
8528 1.000000 5
8532 -1.000000 4
8536 -1.000000 4
8540 -1.000000 4
8544 -1.000000 4
8548 1.000000 4
8551 1.000000 3
8554 -1.000000 3
8559 0.000000 5
8562 -1.000000 3
8565 -1.000000 3
8570 1.000000 5
8574 1.000000 4
8579 1.000000 5
8584 1.000000 5
8588 -1.000000 4
8592 1.000000 4
8597 1.000000 5
8602 1.000000 5
8605 1.000000 3
8608 1.000000 3
8611 -1.000000 3
8614 1.000000 3
8618 1.000000 4
8623 1.000000 5
8627 -1.000000 4
8631 1.000000 4
8635 -1.000000 4
8639 1.000000 4
8644 1.000000 5
8648 1.000000 4
8653 0.000000 5
8657 1.000000 4
8661 1.000000 4
8664 -1.000000 3
8669 1.000000 5
8673 1.000000 4
8677 1.000000 4
8680 1.000000 3
8685 1.000000 5
8690 0.000000 5
8694 1.000000 4
8697 -1.000000 3
8700 -1.000000 3
8705 0.000000 5
8709 1.000000 4
8712 1.000000 3
8717 0.000000 5
8721 -1.000000 4
8724 -1.000000 3
8728 1.000000 4
8733 1.000000 5
8737 1.000000 4
8742 1.000000 5
8747 0.000000 5
8750 -1.000000 3
8754 1.000000 4
8759 1.000000 5
8764 1.000000 5
8769 0.000000 5
8773 1.000000 4
8778 1.000000 5
8783 0.000000 5
8788 1.000000 5
8792 1.000000 4
8796 1.000000 4
8800 1.000000 4
8804 1.000000 4
8807 -1.000000 3
8811 1.000000 4
8815 1.000000 4
8820 1.000000 5
8824 -1.000000 4
8828 -1.000000 4
8831 1.000000 3
8836 0.000000 5
8839 -1.000000 3
8842 1.000000 3
8846 1.000000 4
8851 1.000000 5
8854 1.000000 3
8858 1.000000 4
8861 -1.000000 3
8865 1.000000 4
8868 1.000000 3
8872 -1.000000 4
8877 0.000000 5
8880 1.000000 3
8885 1.000000 5
8888 1.000000 3
8893 0.000000 5
8897 1.000000 4
8901 1.000000 4
8905 1.000000 4
8908 1.000000 3
8912 1.000000 4
8915 1.000000 3
8919 1.000000 4
8924 1.000000 5
8929 0.000000 5
8932 1.000000 3
8936 -1.000000 4
8939 -1.000000 3
8943 -1.000000 4
8946 1.000000 3
8949 1.000000 3
8953 -1.000000 4
8956 1.000000 3
8960 1.000000 4
8963 -1.000000 3
8967 1.000000 4
8971 -1.000000 4
8975 -1.000000 4
8980 1.000000 5
8984 -1.000000 4
8988 -1.000000 4
8992 1.000000 4
8996 -1.000000 4
9000 -1.000000 4
9004 -1.000000 4
9009 0.000000 5
9012 -1.000000 3
9015 -1.000000 3
9020 1.000000 5
9025 1.000000 5
9030 0.000000 5
9034 1.000000 4
9038 1.000000 4
9041 1.000000 3
9046 1.000000 5
9051 1.000000 5
9055 1.000000 4
9060 1.000000 5
9064 1.000000 4
9069 0.000000 5
9073 1.000000 4
9077 1.000000 4
9082 1.000000 5
9085 -1.000000 3
9089 1.000000 4
9094 0.000000 5
9098 -1.000000 4
9102 -1.000000 4
9106 1.000000 4
9111 1.000000 5
9116 1.000000 5
9121 0.000000 5
9125 1.000000 4
9129 1.000000 4
9134 0.000000 5
9138 -1.000000 4
9143 1.000000 5
9148 1.000000 5
9152 1.000000 4
9156 -1.000000 4
9160 -1.000000 4
9163 1.000000 3
9167 1.000000 4
9171 -1.000000 4
9176 1.000000 5
9180 -1.000000 4
9184 1.000000 4
9188 -1.000000 4
9193 1.000000 5
9196 1.000000 3
9200 1.000000 4
9205 0.000000 5
9208 -1.000000 3
9213 1.000000 5
9217 1.000000 4
9221 1.000000 4
9224 1.000000 3
9228 -1.000000 4
9232 -1.000000 4
9236 1.000000 4
9240 1.000000 4
9244 1.000000 4
9247 1.000000 3
9251 -1.000000 4
9256 0.000000 5
9261 0.000000 5
9265 -1.000000 4
9268 -1.000000 3
9272 1.000000 4
9276 1.000000 4
9281 0.000000 5
9285 1.000000 4
9290 0.000000 5
9294 1.000000 4
9298 1.000000 4
9302 1.000000 4
9306 1.000000 4
9311 1.000000 5
9315 -1.000000 4
9320 0.000000 5
9324 1.000000 4
9328 1.000000 4
9333 1.000000 5
9337 1.000000 4
9341 1.000000 4
9346 1.000000 5
9350 1.000000 4
9354 -1.000000 4
9359 0.000000 5
9363 1.000000 4
9367 -1.000000 4
9371 1.000000 4
9374 1.000000 3
9378 1.000000 4
9383 1.000000 5
9386 -1.000000 3
9391 1.000000 5
9396 0.000000 5
9401 1.000000 5
9405 -1.000000 4
9410 0.000000 5
9413 1.000000 3
9417 -1.000000 4
9422 1.000000 5
9426 1.000000 4
9430 1.000000 4
9434 -1.000000 4
9438 1.000000 4
9442 1.000000 4
9446 -1.000000 4
9451 0.000000 5
9454 1.000000 3
9459 1.000000 5
9462 1.000000 3
9466 1.000000 4
9471 1.000000 5
9476 1.000000 5
9481 1.000000 5
9485 1.000000 4
9489 1.000000 4
9492 -1.000000 3
9496 -1.000000 4
9500 1.000000 4
9503 -1.000000 3
9506 1.000000 3
9510 1.000000 4
9515 1.000000 5
9519 1.000000 4
9524 0.000000 5
9527 -1.000000 3
9531 -1.000000 4
9536 0.000000 5
9539 1.000000 3
9543 -1.000000 4
9547 -1.000000 4
9552 1.000000 5
9557 1.000000 5
9561 1.000000 4
9565 1.000000 4
9568 -1.000000 3
9572 -1.000000 4
9576 -1.000000 4
9579 -1.000000 3
9583 1.000000 4
9587 -1.000000 4
9591 1.000000 4
9596 1.000000 5
9600 -1.000000 4
9604 -1.000000 4
9608 -1.000000 4
9612 -1.000000 4
9615 1.000000 3
9618 1.000000 3
9623 1.000000 5
9628 1.000000 5
9631 -1.000000 3
9635 1.000000 4
9640 1.000000 5
9644 1.000000 4
9647 1.000000 3
9652 1.000000 5
9656 1.000000 4
9661 1.000000 5
9665 1.000000 4
9669 1.000000 4
9673 1.000000 4
9678 0.000000 5
9683 1.000000 5
9687 1.000000 4
9691 -1.000000 4
9695 -1.000000 4
9699 1.000000 4
9704 0.000000 5
9707 1.000000 3
9712 1.000000 5
9716 -1.000000 4
9720 1.000000 4
9725 1.000000 5
9730 0.000000 5
9734 -1.000000 4
9738 1.000000 4
9741 -1.000000 3
9745 1.000000 4
9750 1.000000 5
9755 0.000000 5
9760 0.000000 5
9764 -1.000000 4
9768 1.000000 4
9772 1.000000 4
9776 -1.000000 4
9780 -1.000000 4
9785 1.000000 5
9789 1.000000 4
9793 -1.000000 4
9798 1.000000 5
9803 1.000000 5
9807 1.000000 4
9810 -1.000000 3
9813 1.000000 3
9818 1.000000 5
9823 0.000000 5
9826 -1.000000 3
9830 1.000000 4
9833 -1.000000 3
9837 1.000000 4
9841 1.000000 4
9845 -1.000000 4
9848 -1.000000 3
9852 1.000000 4
9857 0.000000 5
9862 0.000000 5
9866 1.000000 4
9870 -1.000000 4
9874 1.000000 4
9877 1.000000 3
9880 1.000000 3
9884 1.000000 4
9889 1.000000 5
9893 1.000000 4
9898 1.000000 5
9902 -1.000000 4
9906 1.000000 4
9910 1.000000 4
9914 1.000000 4
9918 1.000000 4
9923 0.000000 5
9927 1.000000 4
9932 1.000000 5
9936 1.000000 4
9941 1.000000 5
9945 1.000000 4
9949 1.000000 4
9952 1.000000 3
9957 0.000000 5
9962 1.000000 5
9965 1.000000 3
9969 1.000000 4
9974 1.000000 5
9978 -1.000000 4
9983 1.000000 5
9988 1.000000 5
9991 -1.000000 3
9995 -1.000000 4
10000 1.000000 5
10003 -1.000000 3
10006 -1.000000 3
10009 -1.000000 3
10012 -1.000000 3
10015 -1.000000 3
10018 -1.000000 3
10021 -1.000000 3
10024 -1.000000 3
10027 -1.000000 3
10030 -1.000000 3
10033 -1.000000 3
10036 -1.000000 3
10039 -1.000000 3
10042 -1.000000 3
10045 -1.000000 3
10048 -1.000000 3
10051 -1.000000 3
10054 -1.000000 3
10057 -1.000000 3
10060 -1.000000 3
10063 -1.000000 3
10066 -1.000000 3
10069 -1.000000 3
10072 -1.000000 3
10075 -1.000000 3
10078 -1.000000 3
10081 -1.000000 3
10084 -1.000000 3
10087 -1.000000 3
10090 -1.000000 3
10093 -1.000000 3
10096 -1.000000 3
10099 -1.000000 3
10102 -1.000000 3
10105 -1.000000 3
10108 -1.000000 3
10111 -1.000000 3
10114 -1.000000 3
10117 -1.000000 3
10120 -1.000000 3
10123 -1.000000 3
10126 -1.000000 3
10129 -1.000000 3
10132 -1.000000 3
10135 -1.000000 3
10138 -1.000000 3
10141 -1.000000 3
10144 -1.000000 3
10147 -1.000000 3
10150 -1.000000 3
10153 -1.000000 3
10156 -1.000000 3
10159 -1.000000 3
10162 -1.000000 3
10165 -1.000000 3
10168 -1.000000 3
10171 -1.000000 3
10174 -1.000000 3
10177 -1.000000 3
10180 -1.000000 3
10183 -1.000000 3
10186 -1.000000 3
10189 -1.000000 3
10192 -1.000000 3
10195 -1.000000 3
10198 -1.000000 3
10201 -1.000000 3
10204 -1.000000 3
10207 -1.000000 3
10210 -1.000000 3
10213 -1.000000 3
10216 -1.000000 3
10219 -1.000000 3
10222 -1.000000 3
10225 -1.000000 3
10228 -1.000000 3
10231 -1.000000 3
10234 -1.000000 3
10237 -1.000000 3
10240 -1.000000 3
10243 -1.000000 3
10246 -1.000000 3
10249 -1.000000 3
10252 -1.000000 3
10255 -1.000000 3
10258 -1.000000 3
10261 -1.000000 3
10264 -1.000000 3
10267 -1.000000 3
10270 -1.000000 3
10273 -1.000000 3
10276 -1.000000 3
10279 -1.000000 3
10282 -1.000000 3
10285 -1.000000 3
10288 -1.000000 3
10291 -1.000000 3
10294 -1.000000 3
10297 -1.000000 3
10300 -1.000000 3
10303 -1.000000 3
10306 -1.000000 3
10309 -1.000000 3
10312 -1.000000 3
10315 -1.000000 3
10318 -1.000000 3
10321 -1.000000 3
10324 -1.000000 3
10327 -1.000000 3
10330 -1.000000 3
10333 -1.000000 3
10336 -1.000000 3
10339 -1.000000 3
10342 -1.000000 3
10345 -1.000000 3
10348 -1.000000 3
10351 -1.000000 3
10354 -1.000000 3
10357 -1.000000 3
10360 -1.000000 3
10363 -1.000000 3
10366 -1.000000 3
10369 -1.000000 3
10372 -1.000000 3
10375 -1.000000 3
10378 -1.000000 3
10381 -1.000000 3
10384 -1.000000 3
10387 -1.000000 3
10390 -1.000000 3
10393 -1.000000 3
10396 -1.000000 3
10399 -1.000000 3
10402 -1.000000 3
10405 -1.000000 3
10408 -1.000000 3
10411 -1.000000 3
10414 -1.000000 3
10417 -1.000000 3
10420 -1.000000 3
10423 -1.000000 3
10426 -1.000000 3
10429 -1.000000 3
10432 -1.000000 3
10435 -1.000000 3
10438 -1.000000 3
10441 -1.000000 3
10444 -1.000000 3
10447 -1.000000 3
10450 -1.000000 3
10453 -1.000000 3
10456 -1.000000 3
10459 -1.000000 3
10462 -1.000000 3
10465 -1.000000 3
10468 -1.000000 3
10471 -1.000000 3
10474 -1.000000 3
10477 -1.000000 3
10480 -1.000000 3
10483 -1.000000 3
10486 -1.000000 3
10489 -1.000000 3
10492 -1.000000 3
10495 -1.000000 3
10498 -1.000000 3
10501 -1.000000 3
10504 -1.000000 3
10507 -1.000000 3
10510 -1.000000 3
10513 -1.000000 3
10516 -1.000000 3
10519 -1.000000 3
10522 -1.000000 3
10525 -1.000000 3
10528 -1.000000 3
10531 -1.000000 3
10534 -1.000000 3
10537 -1.000000 3
10540 -1.000000 3
10543 -1.000000 3
10546 -1.000000 3
10549 -1.000000 3
10552 -1.000000 3
10555 -1.000000 3
10558 -1.000000 3
10561 -1.000000 3
10564 -1.000000 3
10567 -1.000000 3
10570 -1.000000 3
10573 -1.000000 3
10576 -1.000000 3
10579 -1.000000 3
10582 -1.000000 3
10585 -1.000000 3
10588 -1.000000 3
10591 -1.000000 3
10594 -1.000000 3
10597 -1.000000 3
10600 -1.000000 3
10603 -1.000000 3
10606 -1.000000 3
10609 -1.000000 3
10612 -1.000000 3
10615 -1.000000 3
10618 -1.000000 3
10621 -1.000000 3
10624 -1.000000 3
10627 -1.000000 3
10630 -1.000000 3
10633 -1.000000 3
10636 -1.000000 3
10639 -1.000000 3
10642 -1.000000 3
10645 -1.000000 3
10648 -1.000000 3
10651 -1.000000 3
10654 -1.000000 3
10657 -1.000000 3
10660 -1.000000 3
10663 -1.000000 3
10666 -1.000000 3
10669 -1.000000 3
10672 -1.000000 3
10675 -1.000000 3
10678 -1.000000 3
10681 -1.000000 3
10684 -1.000000 3
10687 -1.000000 3
10690 -1.000000 3
10693 -1.000000 3
10696 -1.000000 3
10699 -1.000000 3
10702 -1.000000 3
10705 -1.000000 3
10708 -1.000000 3
10711 -1.000000 3
10714 -1.000000 3
10717 -1.000000 3
10720 -1.000000 3
10723 -1.000000 3
10726 -1.000000 3
10729 -1.000000 3
10732 -1.000000 3
10735 -1.000000 3
10738 -1.000000 3
10741 -1.000000 3
10744 -1.000000 3
10747 -1.000000 3
10750 -1.000000 3
10753 -1.000000 3
10756 -1.000000 3
10759 -1.000000 3
10762 -1.000000 3
10765 -1.000000 3
10768 -1.000000 3
10771 -1.000000 3
10774 -1.000000 3
10777 -1.000000 3
10780 -1.000000 3
10783 -1.000000 3
10786 -1.000000 3
10789 -1.000000 3
10792 -1.000000 3
10795 -1.000000 3
10798 -1.000000 3
10801 -1.000000 3
10804 -1.000000 3
10807 -1.000000 3
10810 -1.000000 3
10813 -1.000000 3
10816 -1.000000 3
10819 -1.000000 3
10822 -1.000000 3
10825 -1.000000 3
10828 -1.000000 3
10831 -1.000000 3
10834 -1.000000 3
10837 -1.000000 3
10840 -1.000000 3
10843 -1.000000 3
10846 -1.000000 3
10849 -1.000000 3
10852 -1.000000 3
10855 -1.000000 3
10858 -1.000000 3
10861 -1.000000 3
10864 -1.000000 3
10867 -1.000000 3
10870 -1.000000 3
10873 -1.000000 3
10876 -1.000000 3
10879 -1.000000 3
10882 -1.000000 3
10885 -1.000000 3
10888 -1.000000 3
10891 -1.000000 3
10894 -1.000000 3
10897 -1.000000 3
10900 -1.000000 3
10903 -1.000000 3
10906 -1.000000 3
10909 -1.000000 3
10912 -1.000000 3
10915 -1.000000 3
10918 -1.000000 3
10921 -1.000000 3
10924 -1.000000 3
10927 -1.000000 3
10930 -1.000000 3
10933 -1.000000 3
10936 -1.000000 3
10939 -1.000000 3
10942 -1.000000 3
10945 -1.000000 3
10948 -1.000000 3
10951 -1.000000 3
10954 -1.000000 3
10957 -1.000000 3
10960 -1.000000 3
10963 -1.000000 3
10966 -1.000000 3
10969 -1.000000 3
10972 -1.000000 3
10975 -1.000000 3
10978 -1.000000 3
10981 -1.000000 3
10984 -1.000000 3
10987 -1.000000 3
10990 -1.000000 3
10993 -1.000000 3
10996 -1.000000 3
10999 -1.000000 3
11002 -1.000000 3
11005 1.000000 3
11008 1.000000 3
11011 1.000000 3
11014 1.000000 3
11018 1.000000 4
11023 1.000000 5
11026 -1.000000 3
11029 1.000000 3
11034 0.000000 5
11039 1.000000 5
11043 1.000000 4
11047 1.000000 4
11051 -1.000000 4
11056 0.000000 5
11059 1.000000 3
11063 1.000000 4
11066 1.000000 3
11071 0.000000 5
11074 1.000000 3
11079 1.000000 5
11083 1.000000 4
11086 1.000000 3
11089 1.000000 3
11092 -1.000000 3
11096 1.000000 4
11099 1.000000 3
11102 1.000000 3
11106 1.000000 4
11109 1.000000 3
11112 1.000000 3
11117 0.000000 5
11120 1.000000 3
11123 1.000000 3
11126 1.000000 3
11129 1.000000 3
11132 1.000000 3
11135 1.000000 3
11138 1.000000 3
11142 1.000000 4
11145 1.000000 3
11149 1.000000 4
11152 1.000000 3
11155 -1.000000 3
11159 1.000000 4
11163 1.000000 4
11167 1.000000 4
11171 1.000000 4
11174 1.000000 3
11177 1.000000 3
11182 0.000000 5
11185 1.000000 3
11189 1.000000 4
11192 1.000000 3
11195 1.000000 3
11198 1.000000 3
11201 1.000000 3
11204 1.000000 3
11207 1.000000 3
11210 1.000000 3
11213 1.000000 3
11216 1.000000 3
11219 1.000000 3
11222 1.000000 3
11225 1.000000 3
11228 1.000000 3
11233 0.000000 5
11238 0.000000 5
11241 1.000000 3
11244 1.000000 3
11247 1.000000 3
11252 1.000000 5
11255 1.000000 3
11258 1.000000 3
11262 -1.000000 4
11266 1.000000 4
11270 1.000000 4
11274 -1.000000 4
11277 1.000000 3
11282 1.000000 5
11286 1.000000 4
11290 1.000000 4
11293 1.000000 3
11296 1.000000 3
11299 1.000000 3
11302 1.000000 3
11305 1.000000 3
11308 1.000000 3
11311 1.000000 3
11315 1.000000 4
11319 1.000000 4
11322 -1.000000 3
11325 1.000000 3
11328 1.000000 3
11331 1.000000 3
11336 0.000000 5
11340 1.000000 4
11343 1.000000 3
11347 1.000000 4
11350 1.000000 3
11355 0.000000 5
11358 1.000000 3
11361 -1.000000 3
11364 1.000000 3
11367 1.000000 3
11370 -1.000000 3
11373 1.000000 3
11377 1.000000 4
11380 1.000000 3
11383 1.000000 3
11386 1.000000 3
11389 -1.000000 3
11392 1.000000 3
11395 1.000000 3
11398 1.000000 3
11401 1.000000 3
11405 1.000000 4
11408 1.000000 3
11413 0.000000 5
11416 1.000000 3
11419 -1.000000 3
11423 1.000000 4
11426 1.000000 3
11429 1.000000 3
11432 1.000000 3
11435 1.000000 3
11440 0.000000 5
11443 -1.000000 3
11446 1.000000 3
11450 1.000000 4
11454 1.000000 4
11458 1.000000 4
11461 1.000000 3
11465 1.000000 4
11468 1.000000 3
11472 1.000000 4
11476 1.000000 4
11479 1.000000 3
11482 1.000000 3
11485 1.000000 3
11488 -1.000000 3
11491 1.000000 3
11494 1.000000 3
11497 1.000000 3
11500 1.000000 3
11503 1.000000 3
11506 1.000000 3
11509 1.000000 3
11514 1.000000 5
11518 1.000000 4
11521 1.000000 3
11524 1.000000 3
11528 -1.000000 4
11531 1.000000 3
11534 1.000000 3
11537 1.000000 3
11540 1.000000 3
11544 -1.000000 4
11548 1.000000 4
11551 -1.000000 3
11554 1.000000 3
11557 1.000000 3
11561 1.000000 4
11565 1.000000 4
11569 1.000000 4
11572 1.000000 3
11576 1.000000 4
11579 1.000000 3
11584 0.000000 5
11589 1.000000 5
11592 1.000000 3
11595 1.000000 3
11598 1.000000 3
11601 1.000000 3
11604 1.000000 3
11607 1.000000 3
11610 1.000000 3
11613 1.000000 3
11616 1.000000 3
11619 1.000000 3
11623 1.000000 4
11626 1.000000 3
11630 1.000000 4
11634 1.000000 4
11638 1.000000 4
11641 1.000000 3
11646 1.000000 5
11649 1.000000 3
11653 1.000000 4
11656 1.000000 3
11659 1.000000 3
11664 1.000000 5
11669 0.000000 5
11672 1.000000 3
11677 0.000000 5
11680 1.000000 3
11683 1.000000 3
11686 1.000000 3
11690 1.000000 4
11693 -1.000000 3
11696 1.000000 3
11699 1.000000 3
11702 1.000000 3
11705 1.000000 3
11708 -1.000000 3
11711 1.000000 3
11715 1.000000 4
11719 1.000000 4
11722 -1.000000 3
11726 -1.000000 4
11730 1.000000 4
11733 1.000000 3
11736 1.000000 3
11739 1.000000 3
11744 0.000000 5
11747 1.000000 3
11750 1.000000 3
11753 1.000000 3
11758 0.000000 5
11761 1.000000 3
11764 1.000000 3
11767 1.000000 3
11770 1.000000 3
11773 1.000000 3
11776 1.000000 3
11781 0.000000 5
11784 1.000000 3
11789 1.000000 5
11792 1.000000 3
11795 1.000000 3
11798 1.000000 3
11802 1.000000 4
11805 1.000000 3
11810 1.000000 5
11813 1.000000 3
11816 1.000000 3
11819 1.000000 3
11822 1.000000 3
11825 1.000000 3
11828 -1.000000 3
11831 1.000000 3
11834 1.000000 3
11838 1.000000 4
11841 1.000000 3
11844 1.000000 3
11848 1.000000 4
11851 1.000000 3
11854 1.000000 3
11859 0.000000 5
11863 1.000000 4
11866 1.000000 3
11869 1.000000 3
11873 1.000000 4
11876 1.000000 3
11879 1.000000 3
11882 1.000000 3
11885 1.000000 3
11888 1.000000 3
11891 -1.000000 3
11894 1.000000 3
11897 1.000000 3
11902 1.000000 5
11906 -1.000000 4
11910 1.000000 4
11915 0.000000 5
11918 1.000000 3
11921 1.000000 3
11925 1.000000 4
11928 1.000000 3
11931 1.000000 3
11934 1.000000 3
11939 1.000000 5
11942 1.000000 3
11947 1.000000 5
11950 1.000000 3
11953 1.000000 3
11957 1.000000 4
11960 -1.000000 3
11964 1.000000 4
11968 -1.000000 4
11972 1.000000 4
11975 1.000000 3
11980 1.000000 5
11984 1.000000 4
11987 -1.000000 3
11991 1.000000 4
11996 0.000000 5
11999 1.000000 3
12004 0.000000 5
12007 1.000000 3
12011 -1.000000 4
12014 1.000000 3
12017 1.000000 3
12021 1.000000 4
12024 1.000000 3
12028 1.000000 4
12031 1.000000 3
12034 1.000000 3
12039 0.000000 5
12042 1.000000 3
12046 1.000000 4
12049 1.000000 3
12053 1.000000 4
12058 1.000000 5
12061 1.000000 3
12065 1.000000 4
12069 1.000000 4
12072 1.000000 3
12075 1.000000 3
12079 1.000000 4
12082 1.000000 3
12085 1.000000 3
12090 0.000000 5
12094 1.000000 4
12099 0.000000 5
12103 1.000000 4
12108 1.000000 5
12112 -1.000000 4
12115 1.000000 3
12120 0.000000 5
12123 1.000000 3
12126 1.000000 3
12129 1.000000 3
12132 1.000000 3
12136 1.000000 4
12139 1.000000 3
12142 1.000000 3
12145 1.000000 3
12149 1.000000 4
12152 -1.000000 3
12156 -1.000000 4
12159 1.000000 3
12162 1.000000 3
12166 1.000000 4
12170 1.000000 4
12173 1.000000 3
12177 1.000000 4
12181 1.000000 4
12184 1.000000 3
12188 1.000000 4
12191 1.000000 3
12194 1.000000 3
12197 1.000000 3
12200 1.000000 3
12203 1.000000 3
12206 1.000000 3
12210 1.000000 4
12213 1.000000 3
12216 1.000000 3
12219 1.000000 3
12223 1.000000 4
12226 1.000000 3
12230 1.000000 4
12234 1.000000 4
12238 1.000000 4
12242 1.000000 4
12246 1.000000 4
12249 1.000000 3
12252 1.000000 3
12257 0.000000 5
12260 1.000000 3
12263 1.000000 3
12267 1.000000 4
12270 1.000000 3
12273 1.000000 3
12276 1.000000 3
12279 1.000000 3
12282 1.000000 3
12285 1.000000 3
12289 1.000000 4
12292 1.000000 3
12296 -1.000000 4
12300 1.000000 4
12303 1.000000 3
12307 1.000000 4
12312 0.000000 5
12315 1.000000 3
12318 1.000000 3
12321 -1.000000 3
12324 1.000000 3
12327 1.000000 3
12330 1.000000 3
12333 1.000000 3
12337 1.000000 4
12341 1.000000 4
12345 1.000000 4
12348 -1.000000 3
12352 1.000000 4
12356 1.000000 4
12359 1.000000 3
12363 1.000000 4
12366 1.000000 3
12370 1.000000 4
12373 1.000000 3
12376 1.000000 3
12379 1.000000 3
12383 1.000000 4
12386 1.000000 3
12390 1.000000 4
12393 1.000000 3
12397 1.000000 4
12400 -1.000000 3
12403 1.000000 3
12406 1.000000 3
12409 1.000000 3
12412 1.000000 3
12415 1.000000 3
12419 1.000000 4
12422 1.000000 3
12425 1.000000 3
12429 1.000000 4
12432 1.000000 3
12435 -1.000000 3
12439 1.000000 4
12443 1.000000 4
12447 1.000000 4
12451 1.000000 4
12454 1.000000 3
12457 1.000000 3
12461 1.000000 4
12464 1.000000 3
12467 1.000000 3
12471 1.000000 4
12475 1.000000 4
12479 1.000000 4
12483 1.000000 4
12486 -1.000000 3
12490 1.000000 4
12493 1.000000 3
12497 1.000000 4
12500 1.000000 3
12504 1.000000 4
12507 -1.000000 3
12510 1.000000 3
12513 1.000000 3
12517 1.000000 4
12520 1.000000 3
12524 1.000000 4
12528 1.000000 4
12532 1.000000 4
12535 1.000000 3
12538 1.000000 3
12542 1.000000 4
12545 1.000000 3
12548 1.000000 3
12551 1.000000 3
12554 1.000000 3
12557 1.000000 3
12560 1.000000 3
12563 1.000000 3
12566 1.000000 3
12569 -1.000000 3
12572 1.000000 3
12575 -1.000000 3
12579 -1.000000 4
12583 1.000000 4
12586 1.000000 3
12590 1.000000 4
12594 1.000000 4
12597 1.000000 3
12600 1.000000 3
12603 1.000000 3
12606 1.000000 3
12609 -1.000000 3
12612 1.000000 3
12615 1.000000 3
12618 1.000000 3
12622 -1.000000 4
12627 0.000000 5
12630 1.000000 3
12633 1.000000 3
12636 1.000000 3
12640 1.000000 4
12643 1.000000 3
12646 1.000000 3
12650 1.000000 4
12653 1.000000 3
12656 1.000000 3
12659 1.000000 3
12664 1.000000 5
12668 1.000000 4
12672 1.000000 4
12675 -1.000000 3
12678 -1.000000 3
12681 1.000000 3
12684 1.000000 3
12687 1.000000 3
12692 0.000000 5
12695 -1.000000 3
12699 1.000000 4
12702 1.000000 3
12706 1.000000 4
12710 1.000000 4
12713 1.000000 3
12716 1.000000 3
12719 1.000000 3
12722 1.000000 3
12725 1.000000 3
12728 1.000000 3
12733 0.000000 5
12736 1.000000 3
12739 1.000000 3
12743 1.000000 4
12747 1.000000 4
12750 1.000000 3
12753 1.000000 3
12756 1.000000 3
12760 1.000000 4
12763 1.000000 3
12766 1.000000 3
12769 1.000000 3
12774 0.000000 5
12777 1.000000 3
12780 1.000000 3
12784 -1.000000 4
12788 1.000000 4
12792 1.000000 4
12796 1.000000 4
12799 1.000000 3
12803 1.000000 4
12806 1.000000 3
12810 1.000000 4
12814 1.000000 4
12818 1.000000 4
12822 1.000000 4
12827 0.000000 5
12830 1.000000 3
12833 1.000000 3
12836 1.000000 3
12839 1.000000 3
12843 1.000000 4
12847 1.000000 4
12850 1.000000 3
12853 1.000000 3
12857 1.000000 4
12861 1.000000 4
12864 -1.000000 3
12868 1.000000 4
12871 1.000000 3
12874 1.000000 3
12879 1.000000 5
12883 1.000000 4
12886 1.000000 3
12889 1.000000 3
12894 1.000000 5
12897 1.000000 3
12901 1.000000 4
12904 1.000000 3
12907 1.000000 3
12912 0.000000 5
12915 -1.000000 3
12918 1.000000 3
12922 1.000000 4
12925 1.000000 3
12928 1.000000 3
12933 0.000000 5
12936 1.000000 3
12939 1.000000 3
12942 -1.000000 3
12946 1.000000 4
12949 1.000000 3
12952 1.000000 3
12956 1.000000 4
12959 1.000000 3
12962 1.000000 3
12965 -1.000000 3
12968 1.000000 3
12972 -1.000000 4
12976 1.000000 4
12980 1.000000 4
12985 0.000000 5
12988 1.000000 3
12991 1.000000 3
12995 1.000000 4
12999 1.000000 4
13003 1.000000 4
13006 -1.000000 3
