16 1.000000 16
32 -1.000000 16
48 1.000000 16
64 1.000000 16
80 -1.000000 16
97 1.000000 17
113 1.000000 16
129 -1.000000 16
145 -1.000000 16
162 1.000000 17
178 1.000000 16
194 1.000000 16
210 -1.000000 16
226 -1.000000 16
242 1.000000 16
259 1.000000 17
274 1.000000 15
291 1.000000 17
307 -1.000000 16
323 1.000000 16
339 1.000000 16
355 1.000000 16
371 1.000000 16
387 -1.000000 16
403 -1.000000 16
419 -1.000000 16
435 1.000000 16
450 1.000000 15
466 1.000000 16
482 1.000000 16
498 1.000000 16
514 -1.000000 16
530 -1.000000 16
546 1.000000 16
562 1.000000 16
578 -1.000000 16
594 1.000000 16
610 1.000000 16
626 -1.000000 16
642 -1.000000 16
657 -1.000000 15
673 1.000000 16
689 -1.000000 16
705 1.000000 16
721 -1.000000 16
737 1.000000 16
753 -1.000000 16
769 -1.000000 16
785 -1.000000 16
801 1.000000 16
818 1.000000 17
834 1.000000 16
850 1.000000 16
866 1.000000 16
883 -1.000000 17
899 -1.000000 16
914 1.000000 15
930 1.000000 16
946 -1.000000 16
962 1.000000 16
978 -1.000000 16
994 1.000000 16
1009 -1.000000 15
1023 -1.000000 14
1039 -1.000000 16
1055 1.000000 16
1071 1.000000 16
1088 1.000000 17
1104 -1.000000 16
1120 1.000000 16
1136 -1.000000 16
1152 1.000000 16
1168 -1.000000 16
1184 -1.000000 16
1200 1.000000 16
1216 -1.000000 16
1232 1.000000 16
1248 -1.000000 16
1264 1.000000 16
1280 1.000000 16
1296 -1.000000 16
1312 -1.000000 16
1328 1.000000 16
1345 -1.000000 17
1361 -1.000000 16
1377 -1.000000 16
1393 -1.000000 16
1409 1.000000 16
1425 -1.000000 16
1441 -1.000000 16
1458 1.000000 17
1474 -1.000000 16
1490 -1.000000 16
1506 -1.000000 16
1522 1.000000 16
1538 -1.000000 16
1554 1.000000 16
1571 1.000000 17
1587 1.000000 16
1603 -1.000000 16
1619 1.000000 16
1635 1.000000 16
1651 1.000000 16
1662 1.000000 11
1678 -1.000000 16
1694 1.000000 16
1710 -1.000000 16
1726 1.000000 16
1742 1.000000 16
1758 1.000000 16
1776 1.000000 18
1792 1.000000 16
1808 1.000000 16
1823 1.000000 15
1839 1.000000 16
1855 -1.000000 16
1871 1.000000 16
1888 1.000000 17
1904 -1.000000 16
1920 -1.000000 16
1936 -1.000000 16
1952 -1.000000 16
1968 1.000000 16
1984 -1.000000 16
1997 -1.000000 13
2013 1.000000 16
2029 -1.000000 16
2045 1.000000 16
2061 -1.000000 16
2077 1.000000 16
2093 1.000000 16
2109 1.000000 16
2125 -1.000000 16
2141 1.000000 16
2157 -1.000000 16
2173 1.000000 16
2189 1.000000 16
2205 1.000000 16
2221 1.000000 16
2237 -1.000000 16
2253 1.000000 16
2269 1.000000 16
2285 -1.000000 16
2301 1.000000 16
2317 1.000000 16
2333 -1.000000 16
2349 1.000000 16
2364 1.000000 15
2380 -1.000000 16
2396 1.000000 16
2412 -1.000000 16
2428 -1.000000 16
2445 1.000000 17
2461 1.000000 16
2477 1.000000 16
2493 -1.000000 16
2509 1.000000 16
2525 -1.000000 16
2541 1.000000 16
2558 -1.000000 17
2575 1.000000 17
2590 -1.000000 15
2606 -1.000000 16
2622 -1.000000 16
2637 -1.000000 15
2654 1.000000 17
2670 1.000000 16
2686 -1.000000 16
2702 1.000000 16
2717 1.000000 15
2733 1.000000 16
2749 -1.000000 16
2765 1.000000 16
2781 1.000000 16
2797 1.000000 16
2813 -1.000000 16
2829 -1.000000 16
2845 1.000000 16
2861 1.000000 16
2874 -1.000000 13
2890 1.000000 16
2906 1.000000 16
2922 -1.000000 16
2938 -1.000000 16
2954 1.000000 16
2970 1.000000 16
2986 1.000000 16
3002 -1.000000 16
3019 1.000000 17
3035 1.000000 16
3051 -1.000000 16
3067 1.000000 16
3083 1.000000 16
3099 -1.000000 16
3114 1.000000 15
3130 1.000000 16
3144 -1.000000 14
3160 1.000000 16
3176 1.000000 16
3192 1.000000 16
3208 -1.000000 16
3221 1.000000 13
3234 -1.000000 13
3250 1.000000 16
3266 -1.000000 16
3282 1.000000 16
3298 -1.000000 16
3314 1.000000 16
3330 -1.000000 16
3346 -1.000000 16
3361 -1.000000 15
3377 1.000000 16
3393 -1.000000 16
3409 1.000000 16
3425 1.000000 16
3441 1.000000 16
3457 -1.000000 16
3473 -1.000000 16
3490 1.000000 17
3507 1.000000 17
3523 -1.000000 16
3539 -1.000000 16
3555 -1.000000 16
3572 1.000000 17
3585 1.000000 13
3602 1.000000 17
3618 -1.000000 16
3634 1.000000 16
3650 1.000000 16
3666 -1.000000 16
3682 -1.000000 16
3699 1.000000 17
3715 -1.000000 16
3731 -1.000000 16
3747 -1.000000 16
3765 1.000000 18
3781 -1.000000 16
3797 1.000000 16
3813 -1.000000 16
3827 1.000000 14
3843 -1.000000 16
3859 1.000000 16
3875 1.000000 16
3891 -1.000000 16
3907 1.000000 16
3923 1.000000 16
3939 1.000000 16
3955 1.000000 16
3971 1.000000 16
3986 -1.000000 15
4002 1.000000 16
4018 -1.000000 16
4034 -1.000000 16
4050 -1.000000 16
4066 1.000000 16
4083 1.000000 17
4100 -1.000000 17
4116 1.000000 16
4132 1.000000 16
4148 -1.000000 16
4165 1.000000 17
4181 1.000000 16
4197 1.000000 16
4213 1.000000 16
4227 1.000000 14
4242 1.000000 15
4258 -1.000000 16
4274 -1.000000 16
4290 -1.000000 16
4306 1.000000 16
4322 1.000000 16
4338 1.000000 16
4354 -1.000000 16
4370 1.000000 16
4386 1.000000 16
4402 -1.000000 16
4418 -1.000000 16
4434 -1.000000 16
4450 1.000000 16
4466 1.000000 16
4483 1.000000 17
4499 -1.000000 16
4515 1.000000 16
4531 -1.000000 16
4548 1.000000 17
4563 -1.000000 15
4579 -1.000000 16
4595 1.000000 16
4611 1.000000 16
4627 1.000000 16
4643 1.000000 16
4659 1.000000 16
4675 -1.000000 16
4691 -1.000000 16
4708 1.000000 17
4722 1.000000 14
4739 1.000000 17
4755 -1.000000 16
4772 1.000000 17
4788 -1.000000 16
4804 -1.000000 16
4820 -1.000000 16
4837 1.000000 17
4853 1.000000 16
4871 1.000000 18
4887 1.000000 16
4903 1.000000 16
4918 1.000000 15
4934 1.000000 16
4950 1.000000 16
4966 1.000000 16
4982 1.000000 16
4996 -1.000000 14
5013 1.000000 17
5029 1.000000 16
5046 1.000000 17
5062 1.000000 16
5078 1.000000 16
5094 -1.000000 16
5110 1.000000 16
5126 1.000000 16
5142 -1.000000 16
5158 1.000000 16
5174 1.000000 16
5190 -1.000000 16
5206 1.000000 16
5222 -1.000000 16
5238 1.000000 16
5254 -1.000000 16
5271 -1.000000 17
5287 1.000000 16
5304 1.000000 17
5320 1.000000 16
5336 1.000000 16
5351 1.000000 15
5367 1.000000 16
5383 -1.000000 16
5391 1.000000 8
5407 1.000000 16
5424 1.000000 17
5440 1.000000 16
5456 1.000000 16
5472 -1.000000 16
5488 1.000000 16
5504 -1.000000 16
5520 1.000000 16
5536 1.000000 16
5550 -1.000000 14
5566 1.000000 16
5582 -1.000000 16
5599 -1.000000 17
5615 1.000000 16
5631 1.000000 16
5647 -1.000000 16
5663 1.000000 16
5679 -1.000000 16
5695 -1.000000 16
5711 -1.000000 16
5727 -1.000000 16
5743 1.000000 16
5759 1.000000 16
5775 -1.000000 16
5791 1.000000 16
5807 1.000000 16
5823 1.000000 16
5839 -1.000000 16
5855 1.000000 16
5868 -1.000000 13
5884 1.000000 16
5898 1.000000 14
5914 -1.000000 16
5930 -1.000000 16
5946 -1.000000 16
5962 -1.000000 16
5978 -1.000000 16
5994 -1.000000 16
6010 -1.000000 16
6026 1.000000 16
6042 1.000000 16
6058 -1.000000 16
