3 -1.000000 3
7 1.000000 4
11 1.000000 4
15 1.000000 4
20 0.000000 5
24 1.000000 4
28 -1.000000 4
33 0.000000 5
36 -1.000000 3
39 -1.000000 3
44 1.000000 5
49 0.000000 5
54 1.000000 5
57 1.000000 3
62 1.000000 5
66 1.000000 4
70 1.000000 4
74 1.000000 4
77 1.000000 3
82 0.000000 5
86 -1.000000 4
91 1.000000 5
96 1.000000 5
100 1.000000 4
105 1.000000 5
109 1.000000 4
112 1.000000 3
117 0.000000 5
122 1.000000 5
127 1.000000 5
130 1.000000 3
134 1.000000 4
139 1.000000 5
142 -1.000000 3
147 1.000000 5
151 -1.000000 4
156 1.000000 5
160 -1.000000 4
163 -1.000000 3
168 0.000000 5
171 -1.000000 3
175 -1.000000 4
180 1.000000 5
185 1.000000 5
190 0.000000 5
194 1.000000 4
198 -1.000000 4
201 -1.000000 3
204 -1.000000 3
209 0.000000 5
213 1.000000 4
217 -1.000000 4
221 -1.000000 4
225 1.000000 4
229 1.000000 4
233 -1.000000 4
238 1.000000 5
242 1.000000 4
246 1.000000 4
250 1.000000 4
253 -1.000000 3
258 0.000000 5
262 1.000000 4
267 1.000000 5
271 -1.000000 4
275 -1.000000 4
279 -1.000000 4
284 1.000000 5
287 1.000000 3
292 1.000000 5
296 -1.000000 4
300 -1.000000 4
304 1.000000 4
309 0.000000 5
313 1.000000 4
317 1.000000 4
322 1.000000 5
326 -1.000000 4
330 1.000000 4
334 1.000000 4
338 1.000000 4
342 1.000000 4
346 1.000000 4
350 1.000000 4
355 1.000000 5
359 1.000000 4
364 0.000000 5
368 -1.000000 4
373 1.000000 5
377 -1.000000 4
381 -1.000000 4
385 1.000000 4
390 0.000000 5
394 -1.000000 4
398 -1.000000 4
402 -1.000000 4
406 -1.000000 4
410 1.000000 4
414 1.000000 4
418 -1.000000 4
422 1.000000 4
427 1.000000 5
431 -1.000000 4
434 1.000000 3
438 1.000000 4
442 1.000000 4
447 1.000000 5
452 1.000000 5
457 0.000000 5
461 -1.000000 4
464 -1.000000 3
469 0.000000 5
472 -1.000000 3
476 -1.000000 4
479 -1.000000 3
484 1.000000 5
489 1.000000 5
493 -1.000000 4
496 -1.000000 3
499 -1.000000 3
503 1.000000 4
508 0.000000 5
511 -1.000000 3
516 0.000000 5
521 1.000000 5
525 -1.000000 4
529 1.000000 4
534 0.000000 5
538 1.000000 4
543 0.000000 5
547 -1.000000 4
552 0.000000 5
556 1.000000 4
561 0.000000 5
565 1.000000 4
570 1.000000 5
575 0.000000 5
579 1.000000 4
584 0.000000 5
588 -1.000000 4
592 1.000000 4
597 1.000000 5
602 0.000000 5
607 0.000000 5
611 -1.000000 4
616 1.000000 5
621 1.000000 5
625 -1.000000 4
629 1.000000 4
632 1.000000 3
636 -1.000000 4
640 1.000000 4
644 1.000000 4
648 -1.000000 4
653 0.000000 5
657 1.000000 4
661 1.000000 4
666 1.000000 5
669 1.000000 3
673 1.000000 4
678 1.000000 5
683 1.000000 5
688 1.000000 5
691 1.000000 3
695 1.000000 4
699 -1.000000 4
704 0.000000 5
709 1.000000 5
714 1.000000 5
718 1.000000 4
722 -1.000000 4
725 -1.000000 3
729 1.000000 4
734 1.000000 5
737 -1.000000 3
741 -1.000000 4
746 1.000000 5
750 -1.000000 4
755 1.000000 5
759 -1.000000 4
762 -1.000000 3
767 0.000000 5
771 1.000000 4
774 1.000000 3
779 0.000000 5
783 -1.000000 4
788 1.000000 5
792 -1.000000 4
797 0.000000 5
802 1.000000 5
806 1.000000 4
811 1.000000 5
815 1.000000 4
819 1.000000 4
824 1.000000 5
827 -1.000000 3
832 1.000000 5
837 0.000000 5
841 -1.000000 4
845 -1.000000 4
849 1.000000 4
853 1.000000 4
858 1.000000 5
863 0.000000 5
868 0.000000 5
872 -1.000000 4
877 1.000000 5
882 1.000000 5
886 -1.000000 4
890 1.000000 4
894 -1.000000 4
898 -1.000000 4
902 1.000000 4
905 -1.000000 3
909 1.000000 4
914 1.000000 5
918 -1.000000 4
922 1.000000 4
926 1.000000 4
931 1.000000 5
936 1.000000 5
940 1.000000 4
944 1.000000 4
947 1.000000 3
950 -1.000000 3
955 1.000000 5
958 1.000000 3
962 -1.000000 4
967 0.000000 5
971 1.000000 4
976 1.000000 5
981 1.000000 5
985 -1.000000 4
989 1.000000 4
992 1.000000 3
995 -1.000000 3
998 1.000000 3
1003 1.000000 5
1007 1.000000 4
1012 1.000000 5
1016 -1.000000 4
1021 0.000000 5
1024 -1.000000 3
1027 -1.000000 3
1031 1.000000 4
1034 1.000000 3
1037 1.000000 3
1042 1.000000 5
1045 1.000000 3
1049 1.000000 4
1053 -1.000000 4
1056 1.000000 3
1059 1.000000 3
1063 1.000000 4
1067 1.000000 4
1071 1.000000 4
1076 0.000000 5
1080 -1.000000 4
1085 1.000000 5
1088 1.000000 3
1092 -1.000000 4
1097 1.000000 5
1100 -1.000000 3
1103 -1.000000 3
1108 1.000000 5
1112 -1.000000 4
1115 -1.000000 3
1118 -1.000000 3
1122 1.000000 4
1127 0.000000 5
1131 -1.000000 4
1136 1.000000 5
1139 -1.000000 3
1144 0.000000 5
1148 1.000000 4
1153 1.000000 5
1158 1.000000 5
1162 -1.000000 4
1165 -1.000000 3
1169 -1.000000 4
1173 1.000000 4
1176 -1.000000 3
1181 1.000000 5
1186 1.000000 5
1190 1.000000 4
1194 1.000000 4
1198 1.000000 4
1201 1.000000 3
1205 1.000000 4
1209 -1.000000 4
1214 1.000000 5
1217 1.000000 3
1221 1.000000 4
1225 1.000000 4
1228 -1.000000 3
1232 -1.000000 4
1237 1.000000 5
1241 -1.000000 4
1246 0.000000 5
1250 1.000000 4
1254 -1.000000 4
1258 -1.000000 4
1263 1.000000 5
1268 0.000000 5
1272 -1.000000 4
1277 1.000000 5
1281 1.000000 4
1284 -1.000000 3
1288 1.000000 4
1292 1.000000 4
1296 -1.000000 4
1299 -1.000000 3
1302 1.000000 3
1307 1.000000 5
1311 1.000000 4
1315 1.000000 4
1320 1.000000 5
1324 1.000000 4
1329 1.000000 5
1333 1.000000 4
1338 1.000000 5
1343 1.000000 5
1347 -1.000000 4
1352 1.000000 5
1356 -1.000000 4
1361 0.000000 5
1365 -1.000000 4
1369 -1.000000 4
1374 0.000000 5
1379 1.000000 5
1382 1.000000 3
1387 0.000000 5
1391 1.000000 4
1396 1.000000 5
1399 -1.000000 3
1403 1.000000 4
1407 1.000000 4
1411 1.000000 4
1415 -1.000000 4
1419 -1.000000 4
1422 1.000000 3
1426 1.000000 4
1430 1.000000 4
1434 1.000000 4
1437 -1.000000 3
1441 -1.000000 4
1446 0.000000 5
1451 1.000000 5
1455 -1.000000 4
1460 0.000000 5
1463 -1.000000 3
1467 -1.000000 4
1472 0.000000 5
1476 1.000000 4
1480 -1.000000 4
1484 -1.000000 4
1488 1.000000 4
1491 -1.000000 3
1495 1.000000 4
1500 1.000000 5
1505 0.000000 5
1509 -1.000000 4
1513 -1.000000 4
1516 1.000000 3
1521 0.000000 5
1525 -1.000000 4
1529 1.000000 4
1533 1.000000 4
1537 -1.000000 4
1541 1.000000 4
1546 1.000000 5
1551 0.000000 5
1555 1.000000 4
1558 -1.000000 3
1561 1.000000 3
1565 1.000000 4
1568 1.000000 3
1572 -1.000000 4
1577 1.000000 5
1581 -1.000000 4
1586 1.000000 5
1591 0.000000 5
1595 1.000000 4
1598 1.000000 3
1603 0.000000 5
1607 1.000000 4
1611 -1.000000 4
1615 -1.000000 4
1620 0.000000 5
1623 1.000000 3
1627 -1.000000 4
1632 1.000000 5
1637 0.000000 5
1641 -1.000000 4
1645 1.000000 4
1648 1.000000 3
1652 1.000000 4
1657 1.000000 5
1661 -1.000000 4
1664 1.000000 3
1668 1.000000 4
1673 1.000000 5
1678 0.000000 5
1682 1.000000 4
1686 1.000000 4
1690 1.000000 4
1694 1.000000 4
1699 1.000000 5
1703 1.000000 4
1706 -1.000000 3
1711 1.000000 5
1715 -1.000000 4
1718 1.000000 3
1721 -1.000000 3
1724 -1.000000 3
1728 1.000000 4
1732 -1.000000 4
1737 1.000000 5
1741 1.000000 4
1745 -1.000000 4
1750 1.000000 5
1754 1.000000 4
1758 1.000000 4
1763 0.000000 5
1768 0.000000 5
1771 -1.000000 3
1776 1.000000 5
1781 1.000000 5
1785 -1.000000 4
1789 -1.000000 4
1792 1.000000 3
1795 -1.000000 3
1799 1.000000 4
1804 0.000000 5
1808 1.000000 4
1812 -1.000000 4
1817 1.000000 5
1822 1.000000 5
1826 -1.000000 4
1830 -1.000000 4
1834 1.000000 4
1838 1.000000 4
1841 1.000000 3
1845 1.000000 4
1849 -1.000000 4
1852 1.000000 3
1857 1.000000 5
1861 -1.000000 4
1864 1.000000 3
1867 -1.000000 3
1872 1.000000 5
1876 1.000000 4
1881 0.000000 5
1886 0.000000 5
1890 1.000000 4
1893 -1.000000 3
1896 -1.000000 3
1899 -1.000000 3
1903 1.000000 4
1907 1.000000 4
1912 1.000000 5
1917 1.000000 5
1921 1.000000 4
1926 1.000000 5
1930 -1.000000 4
1934 -1.000000 4
1939 1.000000 5
1943 1.000000 4
1948 0.000000 5
1952 -1.000000 4
1956 1.000000 4
1960 -1.000000 4
1964 1.000000 4
1967 1.000000 3
1972 0.000000 5
1976 1.000000 4
1979 1.000000 3
1984 1.000000 5
1987 1.000000 3
1991 -1.000000 4
1995 -1.000000 4
2000 0.000000 5
2004 1.000000 4
2009 0.000000 5
2014 1.000000 5
2019 1.000000 5
2023 1.000000 4
2026 1.000000 3
2031 1.000000 5
2035 1.000000 4
2038 1.000000 3
2041 1.000000 3
2044 -1.000000 3
2049 1.000000 5
2053 1.000000 4
2058 1.000000 5
2063 1.000000 5
2067 -1.000000 4
2071 -1.000000 4
2075 -1.000000 4
2080 1.000000 5
2085 1.000000 5
2089 1.000000 4
2093 1.000000 4
2098 0.000000 5
2103 1.000000 5
2106 -1.000000 3
2111 0.000000 5
2115 1.000000 4
2120 0.000000 5
2124 -1.000000 4
2128 -1.000000 4
2133 1.000000 5
2138 0.000000 5
2142 -1.000000 4
2146 -1.000000 4
2150 -1.000000 4
2154 1.000000 4
2158 -1.000000 4
2163 0.000000 5
2166 -1.000000 3
2170 1.000000 4
2173 1.000000 3
2176 1.000000 3
2179 1.000000 3
2184 1.000000 5
2189 1.000000 5
2194 1.000000 5
2198 -1.000000 4
2203 0.000000 5
2207 -1.000000 4
2212 1.000000 5
2215 -1.000000 3
2219 -1.000000 4
2223 1.000000 4
2226 1.000000 3
2229 1.000000 3
2234 1.000000 5
2238 1.000000 4
2243 0.000000 5
2248 0.000000 5
2253 1.000000 5
2256 1.000000 3
2261 1.000000 5
2265 1.000000 4
2269 1.000000 4
2273 -1.000000 4
2278 1.000000 5
2282 -1.000000 4
2286 1.000000 4
2290 -1.000000 4
2294 -1.000000 4
2298 -1.000000 4
2302 -1.000000 4
2307 1.000000 5
2311 1.000000 4
2314 1.000000 3
2317 -1.000000 3
2320 -1.000000 3
2324 1.000000 4
2328 -1.000000 4
2333 1.000000 5
2338 1.000000 5
2342 -1.000000 4
2347 1.000000 5
2352 0.000000 5
2355 -1.000000 3
2360 0.000000 5
2364 1.000000 4
2368 1.000000 4
2372 1.000000 4
2376 1.000000 4
2381 1.000000 5
2386 0.000000 5
2390 -1.000000 4
2394 -1.000000 4
2399 0.000000 5
2403 -1.000000 4
2408 0.000000 5
2412 1.000000 4
2417 0.000000 5
2421 1.000000 4
2426 0.000000 5
2430 1.000000 4
2433 -1.000000 3
2437 -1.000000 4
2441 -1.000000 4
2445 1.000000 4
2449 1.000000 4
2454 1.000000 5
2459 1.000000 5
2463 -1.000000 4
2467 -1.000000 4
2471 1.000000 4
2474 -1.000000 3
2478 -1.000000 4
2483 1.000000 5
2488 1.000000 5
2493 0.000000 5
2498 0.000000 5
2502 -1.000000 4
2505 1.000000 3
2509 -1.000000 4
2513 1.000000 4
2517 1.000000 4
2521 1.000000 4
2525 1.000000 4
2529 1.000000 4
2534 0.000000 5
2538 1.000000 4
2542 1.000000 4
2546 -1.000000 4
2549 1.000000 3
2552 -1.000000 3
2556 1.000000 4
2560 -1.000000 4
2565 1.000000 5
2568 1.000000 3
2573 1.000000 5
2577 -1.000000 4
2581 1.000000 4
2585 -1.000000 4
2589 1.000000 4
2593 1.000000 4
2596 1.000000 3
2599 1.000000 3
2604 1.000000 5
2608 -1.000000 4
2613 1.000000 5
2617 -1.000000 4
2621 1.000000 4
2626 1.000000 5
2631 0.000000 5
2635 -1.000000 4
2639 -1.000000 4
2643 1.000000 4
2648 0.000000 5
2652 1.000000 4
2656 1.000000 4
2659 -1.000000 3
2664 1.000000 5
2668 1.000000 4
2672 1.000000 4
2676 -1.000000 4
2680 -1.000000 4
2684 1.000000 4
2688 1.000000 4
2692 -1.000000 4
2697 1.000000 5
2702 1.000000 5
2706 1.000000 4
2711 0.000000 5
2714 -1.000000 3
2718 1.000000 4
2722 -1.000000 4
2727 1.000000 5
2732 0.000000 5
2737 0.000000 5
2740 -1.000000 3
2743 1.000000 3
2747 1.000000 4
2752 0.000000 5
2757 1.000000 5
2760 1.000000 3
2764 1.000000 4
2768 -1.000000 4
2773 1.000000 5
2778 1.000000 5
2782 1.000000 4
2786 1.000000 4
2790 1.000000 4
2793 1.000000 3
2798 1.000000 5
2803 0.000000 5
2808 0.000000 5
2811 1.000000 3
2816 1.000000 5
2821 0.000000 5
2826 1.000000 5
2830 -1.000000 4
2834 -1.000000 4
2837 -1.000000 3
2842 1.000000 5
2847 1.000000 5
2852 0.000000 5
2857 1.000000 5
2862 1.000000 5
2866 -1.000000 4
2869 -1.000000 3
2874 1.000000 5
2877 1.000000 3
2882 1.000000 5
2887 0.000000 5
2891 -1.000000 4
2895 -1.000000 4
2898 -1.000000 3
2902 1.000000 4
2906 1.000000 4
2909 1.000000 3
2914 1.000000 5
2918 1.000000 4
2922 1.000000 4
2926 -1.000000 4
2931 1.000000 5
2934 1.000000 3
2939 1.000000 5
2943 -1.000000 4
2948 1.000000 5
2951 -1.000000 3
2956 1.000000 5
2961 0.000000 5
2966 0.000000 5
2970 1.000000 4
2974 1.000000 4
2978 1.000000 4
2983 1.000000 5
2988 0.000000 5
2993 1.000000 5
2996 1.000000 3
3000 -1.000000 4
3005 1.000000 5
3010 1.000000 5
3014 1.000000 4
3019 1.000000 5
3022 1.000000 3
3026 -1.000000 4
3030 1.000000 4
3035 1.000000 5
3040 1.000000 5
3045 1.000000 5
3049 1.000000 4
3053 -1.000000 4
3056 1.000000 3
3060 1.000000 4
3063 -1.000000 3
3068 1.000000 5
3071 -1.000000 3
3076 0.000000 5
3079 -1.000000 3
3084 0.000000 5
3088 1.000000 4
3092 1.000000 4
3096 1.000000 4
3101 1.000000 5
3106 1.000000 5
3109 1.000000 3
3114 0.000000 5
3118 1.000000 4
3122 -1.000000 4
3126 -1.000000 4
3130 -1.000000 4
3134 1.000000 4
3138 -1.000000 4
3142 -1.000000 4
3145 -1.000000 3
3149 1.000000 4
3154 1.000000 5
3158 1.000000 4
3161 -1.000000 3
3164 -1.000000 3
3168 1.000000 4
3171 1.000000 3
3175 1.000000 4
3180 1.000000 5
3185 0.000000 5
3190 0.000000 5
3194 1.000000 4
3198 -1.000000 4
3201 1.000000 3
3205 1.000000 4
3209 1.000000 4
3214 0.000000 5
3219 0.000000 5
3223 1.000000 4
3226 1.000000 3
3231 1.000000 5
3236 0.000000 5
3240 1.000000 4
3245 0.000000 5
3249 -1.000000 4
3253 1.000000 4
3258 0.000000 5
3262 1.000000 4
3265 1.000000 3
3269 1.000000 4
3272 1.000000 3
3276 -1.000000 4
3280 -1.000000 4
3284 1.000000 4
3289 0.000000 5
3293 -1.000000 4
3296 1.000000 3
3301 1.000000 5
3306 0.000000 5
3311 1.000000 5
3316 0.000000 5
3320 -1.000000 4
3325 1.000000 5
3328 -1.000000 3
3331 1.000000 3
3334 -1.000000 3
3339 1.000000 5
3344 1.000000 5
3348 1.000000 4
3353 1.000000 5
3358 1.000000 5
3362 -1.000000 4
3367 1.000000 5
3371 1.000000 4
3376 1.000000 5
3380 1.000000 4
3383 1.000000 3
3387 1.000000 4
3392 0.000000 5
3397 1.000000 5
3402 0.000000 5
3405 1.000000 3
3408 1.000000 3
3413 1.000000 5
3418 0.000000 5
3423 1.000000 5
3427 1.000000 4
3431 1.000000 4
3435 -1.000000 4
3439 1.000000 4
3443 1.000000 4
3446 -1.000000 3
3450 -1.000000 4
3453 1.000000 3
3457 1.000000 4
3461 1.000000 4
3466 1.000000 5
3471 1.000000 5
3475 -1.000000 4
3478 -1.000000 3
3481 1.000000 3
3485 1.000000 4
3488 -1.000000 3
3493 1.000000 5
3498 1.000000 5
3503 0.000000 5
3506 1.000000 3
3510 -1.000000 4
3513 1.000000 3
3518 0.000000 5
3522 1.000000 4
3526 1.000000 4
3531 0.000000 5
3534 -1.000000 3
3539 1.000000 5
3544 1.000000 5
3548 -1.000000 4
3551 -1.000000 3
3556 1.000000 5
3561 1.000000 5
3565 -1.000000 4
3570 1.000000 5
3574 -1.000000 4
3579 1.000000 5
3583 1.000000 4
3587 -1.000000 4
3591 -1.000000 4
3596 0.000000 5
3601 0.000000 5
3605 -1.000000 4
3610 1.000000 5
3614 -1.000000 4
3619 1.000000 5
3623 1.000000 4
3628 0.000000 5
3632 -1.000000 4
3636 -1.000000 4
3639 1.000000 3
3644 0.000000 5
3648 1.000000 4
3652 1.000000 4
3657 1.000000 5
3660 -1.000000 3
3664 -1.000000 4
3668 1.000000 4
3673 1.000000 5
3678 0.000000 5
3682 1.000000 4
3686 1.000000 4
3691 0.000000 5
3695 1.000000 4
3699 -1.000000 4
3703 -1.000000 4
3706 1.000000 3
3710 1.000000 4
3715 1.000000 5
3719 -1.000000 4
3723 -1.000000 4
3727 -1.000000 4
3731 -1.000000 4
3735 1.000000 4
3738 1.000000 3
3742 1.000000 4
3746 -1.000000 4
3750 -1.000000 4
3754 -1.000000 4
3757 -1.000000 3
3761 1.000000 4
3766 0.000000 5
3770 1.000000 4
3774 1.000000 4
3779 1.000000 5
3783 -1.000000 4
3788 1.000000 5
3792 -1.000000 4
3797 0.000000 5
3802 0.000000 5
3807 0.000000 5
3810 1.000000 3
3815 1.000000 5
3819 -1.000000 4
3823 -1.000000 4
3827 1.000000 4
3830 -1.000000 3
3833 1.000000 3
3837 1.000000 4
3841 -1.000000 4
3845 -1.000000 4
3849 -1.000000 4
3853 -1.000000 4
3857 1.000000 4
3861 1.000000 4
3865 1.000000 4
3870 1.000000 5
3874 -1.000000 4
3879 1.000000 5
3883 -1.000000 4
3887 -1.000000 4
3892 1.000000 5
3896 1.000000 4
3899 -1.000000 3
3903 1.000000 4
3907 1.000000 4
3912 0.000000 5
3916 -1.000000 4
3919 -1.000000 3
3924 1.000000 5
3929 1.000000 5
3934 1.000000 5
3939 1.000000 5
3944 1.000000 5
3949 0.000000 5
3953 -1.000000 4
3956 1.000000 3
3960 -1.000000 4
3963 -1.000000 3
3967 1.000000 4
3970 -1.000000 3
3973 -1.000000 3
3977 -1.000000 4
3982 1.000000 5
3987 1.000000 5
3990 1.000000 3
3993 -1.000000 3
3998 1.000000 5
4001 1.000000 3
4006 0.000000 5
4009 1.000000 3
4014 1.000000 5
4018 1.000000 4
4022 -1.000000 4
4025 -1.000000 3
4028 -1.000000 3
4032 -1.000000 4
4037 0.000000 5
4040 -1.000000 3
4044 1.000000 4
4048 1.000000 4
4051 1.000000 3
4056 1.000000 5
4060 1.000000 4
4065 0.000000 5
4070 1.000000 5
4075 1.000000 5
4079 1.000000 4
4083 1.000000 4
4087 -1.000000 4
4091 -1.000000 4
4095 1.000000 4
4100 1.000000 5
4104 -1.000000 4
4108 1.000000 4
4113 1.000000 5
4117 1.000000 4
4121 1.000000 4
4125 1.000000 4
4129 1.000000 4
4133 -1.000000 4
4138 1.000000 5
4143 1.000000 5
4148 0.000000 5
4153 1.000000 5
4158 1.000000 5
4161 -1.000000 3
4166 0.000000 5
4171 1.000000 5
4175 -1.000000 4
4180 0.000000 5
4183 1.000000 3
4187 1.000000 4
4192 1.000000 5
4195 1.000000 3
4200 1.000000 5
4204 -1.000000 4
4209 1.000000 5
4213 1.000000 4
4216 -1.000000 3
4221 1.000000 5
4225 1.000000 4
4229 1.000000 4
4234 1.000000 5
4239 0.000000 5
4244 0.000000 5
4248 1.000000 4
4253 1.000000 5
4258 1.000000 5
4263 0.000000 5
4267 1.000000 4
4272 0.000000 5
4275 -1.000000 3
4278 -1.000000 3
4283 1.000000 5
4286 -1.000000 3
4289 -1.000000 3
4292 1.000000 3
4295 -1.000000 3
4299 1.000000 4
4303 1.000000 4
4308 0.000000 5
4311 1.000000 3
4315 1.000000 4
4320 1.000000 5
4323 -1.000000 3
4327 1.000000 4
4331 1.000000 4
4335 1.000000 4
4339 -1.000000 4
4344 1.000000 5
4349 0.000000 5
4353 1.000000 4
4358 0.000000 5
4363 0.000000 5
4368 1.000000 5
4371 1.000000 3
4376 1.000000 5
4380 -1.000000 4
4385 0.000000 5
4390 1.000000 5
4394 1.000000 4
4399 1.000000 5
4404 1.000000 5
4409 1.000000 5
4413 1.000000 4
4418 1.000000 5
4423 1.000000 5
4428 0.000000 5
4431 1.000000 3
4435 -1.000000 4
4440 1.000000 5
4445 0.000000 5
4450 1.000000 5
4453 1.000000 3
4457 1.000000 4
4462 1.000000 5
4466 1.000000 4
4471 1.000000 5
4476 1.000000 5
4480 1.000000 4
4484 -1.000000 4
4488 -1.000000 4
4492 -1.000000 4
4497 0.000000 5
4502 0.000000 5
4507 0.000000 5
4510 1.000000 3
4514 1.000000 4
4518 -1.000000 4
4523 0.000000 5
4526 1.000000 3
4530 -1.000000 4
4535 0.000000 5
4538 1.000000 3
4542 1.000000 4
4547 0.000000 5
4551 1.000000 4
4554 -1.000000 3
4558 -1.000000 4
4562 1.000000 4
4566 -1.000000 4
4571 1.000000 5
4575 1.000000 4
4579 -1.000000 4
4584 1.000000 5
4589 0.000000 5
4594 1.000000 5
4598 -1.000000 4
4603 0.000000 5
4607 1.000000 4
4612 0.000000 5
4617 1.000000 5
4622 1.000000 5
4625 1.000000 3
4629 -1.000000 4
4633 -1.000000 4
4638 1.000000 5
4643 1.000000 5
4648 0.000000 5
4652 1.000000 4
4657 1.000000 5
4661 1.000000 4
4666 1.000000 5
4669 1.000000 3
4673 -1.000000 4
4678 0.000000 5
4683 0.000000 5
4688 0.000000 5
4693 1.000000 5
4696 -1.000000 3
4699 1.000000 3
4703 1.000000 4
4706 1.000000 3
4711 1.000000 5
4716 0.000000 5
4721 0.000000 5
4726 1.000000 5
4731 1.000000 5
4735 1.000000 4
4740 1.000000 5
4745 1.000000 5
4749 1.000000 4
4753 1.000000 4
4758 0.000000 5
4762 1.000000 4
4765 1.000000 3
4770 1.000000 5
4775 1.000000 5
4779 -1.000000 4
4782 -1.000000 3
4786 -1.000000 4
4791 0.000000 5
4796 1.000000 5
4799 1.000000 3
4804 0.000000 5
4808 1.000000 4
4813 0.000000 5
4817 -1.000000 4
4821 -1.000000 4
4825 -1.000000 4
4828 -1.000000 3
4832 -1.000000 4
4836 1.000000 4
4840 -1.000000 4
4844 1.000000 4
4849 1.000000 5
4853 1.000000 4
4858 1.000000 5
4863 1.000000 5
4866 1.000000 3
4870 1.000000 4
4873 1.000000 3
4877 1.000000 4
4881 -1.000000 4
4884 -1.000000 3
4888 1.000000 4
4892 1.000000 4
4897 1.000000 5
4900 -1.000000 3
4905 1.000000 5
4910 1.000000 5
4913 1.000000 3
4917 -1.000000 4
4922 0.000000 5
4925 1.000000 3
4930 1.000000 5
4935 1.000000 5
4939 1.000000 4
4943 1.000000 4
4948 1.000000 5
4953 0.000000 5
4957 1.000000 4
4960 -1.000000 3
4964 1.000000 4
4968 1.000000 4
4972 1.000000 4
4976 1.000000 4
4980 -1.000000 4
4984 1.000000 4
4988 -1.000000 4
4992 1.000000 4
4996 -1.000000 4
5000 1.000000 4
5003 1.000000 3
5006 1.000000 3
5010 1.000000 4
5014 1.000000 4
5019 1.000000 5
5022 -1.000000 3
5026 -1.000000 4
5030 1.000000 4
5034 1.000000 4
5038 1.000000 4
5041 -1.000000 3
5046 0.000000 5
5049 -1.000000 3
5054 1.000000 5
5058 -1.000000 4
5062 -1.000000 4
5065 1.000000 3
5069 1.000000 4
5074 1.000000 5
5078 -1.000000 4
5083 0.000000 5
5087 -1.000000 4
5092 1.000000 5
5097 0.000000 5
5102 0.000000 5
5107 1.000000 5
5112 1.000000 5
5117 1.000000 5
5120 1.000000 3
5125 1.000000 5
5130 1.000000 5
5135 1.000000 5
5140 0.000000 5
5144 -1.000000 4
5149 1.000000 5
5154 1.000000 5
5158 1.000000 4
5163 1.000000 5
5168 1.000000 5
5173 1.000000 5
5177 1.000000 4
5181 -1.000000 4
5184 1.000000 3
5189 1.000000 5
5193 1.000000 4
5197 -1.000000 4
5201 1.000000 4
5206 1.000000 5
5211 1.000000 5
5215 -1.000000 4
5219 1.000000 4
5223 -1.000000 4
5228 1.000000 5
5233 1.000000 5
5237 1.000000 4
5241 1.000000 4
5244 -1.000000 3
5249 1.000000 5
5253 -1.000000 4
5258 1.000000 5
5263 0.000000 5
5267 -1.000000 4
5270 -1.000000 3
5274 1.000000 4
5278 -1.000000 4
5282 -1.000000 4
5286 -1.000000 4
5291 1.000000 5
5295 1.000000 4
5299 1.000000 4
5302 1.000000 3
5306 1.000000 4
5310 -1.000000 4
5314 1.000000 4
5317 1.000000 3
5322 1.000000 5
5326 -1.000000 4
5329 1.000000 3
5332 -1.000000 3
5337 1.000000 5
5340 1.000000 3
5345 0.000000 5
5348 1.000000 3
5353 1.000000 5
5357 1.000000 4
5362 0.000000 5
5367 1.000000 5
5372 1.000000 5
5377 1.000000 5
5382 0.000000 5
5386 1.000000 4
5391 1.000000 5
5395 1.000000 4
5399 1.000000 4
5404 1.000000 5
5407 -1.000000 3
5411 -1.000000 4
5414 -1.000000 3
5418 -1.000000 4
5423 0.000000 5
5427 1.000000 4
5432 1.000000 5
5435 -1.000000 3
5439 1.000000 4
5443 -1.000000 4
5448 1.000000 5
5451 1.000000 3
5456 1.000000 5
5460 1.000000 4
5464 1.000000 4
5468 -1.000000 4
5473 1.000000 5
5477 -1.000000 4
5480 1.000000 3
5485 1.000000 5
5490 1.000000 5
5494 1.000000 4
5499 0.000000 5
5504 1.000000 5
5509 1.000000 5
5512 1.000000 3
5515 1.000000 3
5519 1.000000 4
5523 1.000000 4
5528 1.000000 5
5533 1.000000 5
5538 0.000000 5
5541 1.000000 3
5544 -1.000000 3
5549 1.000000 5
5552 -1.000000 3
5556 1.000000 4
5560 -1.000000 4
5565 0.000000 5
5568 -1.000000 3
5571 1.000000 3
5576 1.000000 5
5580 -1.000000 4
5583 -1.000000 3
5587 -1.000000 4
5591 1.000000 4
5595 -1.000000 4
5599 1.000000 4
5602 1.000000 3
5607 1.000000 5
5612 1.000000 5
5615 1.000000 3
5618 1.000000 3
5623 1.000000 5
5627 1.000000 4
5631 -1.000000 4
5635 1.000000 4
5640 1.000000 5
5645 1.000000 5
5650 0.000000 5
5655 1.000000 5
5660 1.000000 5
5664 1.000000 4
5669 1.000000 5
5674 1.000000 5
5679 1.000000 5
5684 0.000000 5
5688 -1.000000 4
5692 -1.000000 4
5696 -1.000000 4
5701 0.000000 5
5705 1.000000 4
5710 1.000000 5
5714 -1.000000 4
5717 -1.000000 3
5721 -1.000000 4
5725 1.000000 4
5728 1.000000 3
5732 -1.000000 4
5737 1.000000 5
5740 -1.000000 3
5744 -1.000000 4
5748 1.000000 4
5753 1.000000 5
5756 1.000000 3
5760 1.000000 4
5764 1.000000 4
5768 1.000000 4
5771 1.000000 3
5774 1.000000 3
5777 1.000000 3
5782 1.000000 5
5785 -1.000000 3
5790 0.000000 5
5794 -1.000000 4
5797 1.000000 3
5800 1.000000 3
5803 1.000000 3
5807 1.000000 4
5811 -1.000000 4
5816 1.000000 5
5821 1.000000 5
5825 1.000000 4
5830 1.000000 5
5835 0.000000 5
5839 -1.000000 4
5844 1.000000 5
5849 1.000000 5
5853 1.000000 4
5858 1.000000 5
5862 -1.000000 4
5867 0.000000 5
5870 -1.000000 3
5874 1.000000 4
5879 0.000000 5
5883 1.000000 4
5887 1.000000 4
5892 0.000000 5
5896 1.000000 4
5900 1.000000 4
5905 0.000000 5
5910 0.000000 5
5914 1.000000 4
5918 -1.000000 4
5922 -1.000000 4
5925 1.000000 3
5928 -1.000000 3
5932 -1.000000 4
5936 1.000000 4
5939 1.000000 3
5943 -1.000000 4
5947 1.000000 4
5950 -1.000000 3
5955 1.000000 5
5958 1.000000 3
5961 1.000000 3
5964 -1.000000 3
5968 1.000000 4
5973 1.000000 5
5978 1.000000 5
5982 1.000000 4
5986 -1.000000 4
5990 1.000000 4
5995 0.000000 5
6000 1.000000 5
6003 -1.000000 3
6008 0.000000 5
6011 1.000000 3
6016 1.000000 5
6019 1.000000 3
6023 1.000000 4
6028 0.000000 5
6032 1.000000 4
6036 -1.000000 4
6040 1.000000 4
6045 0.000000 5
6050 1.000000 5
6054 -1.000000 4
6059 0.000000 5
6063 1.000000 4
6067 1.000000 4
6070 -1.000000 3
6075 1.000000 5
6078 -1.000000 3
6081 1.000000 3
6084 -1.000000 3
6088 -1.000000 4
6091 -1.000000 3
6095 -1.000000 4
6098 -1.000000 3
6101 1.000000 3
6104 -1.000000 3
6109 1.000000 5
6114 1.000000 5
6118 1.000000 4
6123 1.000000 5
6127 -1.000000 4
6131 -1.000000 4
6135 1.000000 4
6139 1.000000 4
6143 1.000000 4
6148 1.000000 5
6152 1.000000 4
6156 1.000000 4
6160 -1.000000 4
6165 1.000000 5
6169 -1.000000 4
6174 1.000000 5
6177 -1.000000 3
6182 1.000000 5
6186 -1.000000 4
6190 -1.000000 4
6193 -1.000000 3
6197 -1.000000 4
6200 -1.000000 3
6205 1.000000 5
6210 0.000000 5
6215 0.000000 5
6220 1.000000 5
6225 1.000000 5
6230 1.000000 5
6235 0.000000 5
6240 1.000000 5
6244 -1.000000 4
6247 1.000000 3
6252 0.000000 5
6257 0.000000 5
6260 1.000000 3
6263 1.000000 3
6267 -1.000000 4
6272 1.000000 5
6277 0.000000 5
6281 -1.000000 4
6284 1.000000 3
6288 1.000000 4
6292 -1.000000 4
6296 1.000000 4
6300 -1.000000 4
6304 -1.000000 4
6308 1.000000 4
6313 0.000000 5
6318 1.000000 5
6322 1.000000 4
6327 1.000000 5
6330 1.000000 3
6333 -1.000000 3
6338 1.000000 5
6341 -1.000000 3
6346 1.000000 5
6350 1.000000 4
6355 0.000000 5
6359 1.000000 4
6362 -1.000000 3
6366 1.000000 4
6370 -1.000000 4
6374 1.000000 4
6378 -1.000000 4
6382 -1.000000 4
6385 1.000000 3
6390 1.000000 5
6395 0.000000 5
6399 -1.000000 4
6404 1.000000 5
6409 1.000000 5
6413 -1.000000 4
6417 -1.000000 4
6420 1.000000 3
6424 -1.000000 4
6428 1.000000 4
6431 -1.000000 3
6436 1.000000 5
6441 0.000000 5
6445 1.000000 4
6448 -1.000000 3
6451 1.000000 3
6454 1.000000 3
6458 1.000000 4
6461 1.000000 3
6466 0.000000 5
6469 1.000000 3
6474 1.000000 5
6477 -1.000000 3
6481 -1.000000 4
6486 1.000000 5
6490 1.000000 4
6495 0.000000 5
6498 1.000000 3
6501 -1.000000 3
6505 -1.000000 4
6508 1.000000 3
6512 1.000000 4
6517 1.000000 5
6521 1.000000 4
6526 1.000000 5
6530 1.000000 4
6534 1.000000 4
6538 1.000000 4
6542 -1.000000 4
6547 1.000000 5
6550 1.000000 3
6555 1.000000 5
6559 1.000000 4
6562 -1.000000 3
6565 -1.000000 3
6569 -1.000000 4
6572 1.000000 3
6576 1.000000 4
6580 -1.000000 4
6583 -1.000000 3
6588 1.000000 5
6593 1.000000 5
6598 1.000000 5
6602 1.000000 4
6607 1.000000 5
6611 -1.000000 4
6614 1.000000 3
6618 1.000000 4
6621 1.000000 3
6625 -1.000000 4
6628 -1.000000 3
6632 1.000000 4
6636 -1.000000 4
6640 -1.000000 4
6643 -1.000000 3
6647 1.000000 4
6650 1.000000 3
6655 0.000000 5
6658 -1.000000 3
6663 0.000000 5
6668 1.000000 5
6673 1.000000 5
6677 -1.000000 4
6682 0.000000 5
6687 1.000000 5
6691 1.000000 4
6695 -1.000000 4
6699 -1.000000 4
6703 1.000000 4
6708 1.000000 5
6712 1.000000 4
6715 1.000000 3
6720 1.000000 5
6724 1.000000 4
6728 -1.000000 4
6732 1.000000 4
6736 -1.000000 4
6740 1.000000 4
6743 1.000000 3
6747 1.000000 4
6750 -1.000000 3
6754 -1.000000 4
6758 -1.000000 4
6763 1.000000 5
6768 0.000000 5
6773 0.000000 5
6776 1.000000 3
6779 1.000000 3
6784 0.000000 5
6787 1.000000 3
6792 0.000000 5
6797 0.000000 5
6802 1.000000 5
6806 1.000000 4
6809 -1.000000 3
6813 1.000000 4
6818 0.000000 5
6823 1.000000 5
6827 1.000000 4
6832 1.000000 5
6836 -1.000000 4
6840 -1.000000 4
6844 -1.000000 4
6849 1.000000 5
6853 -1.000000 4
6858 1.000000 5
6862 1.000000 4
6866 1.000000 4
6869 -1.000000 3
6873 1.000000 4
6877 1.000000 4
6881 -1.000000 4
6886 1.000000 5
6890 1.000000 4
6894 1.000000 4
6898 1.000000 4
6902 1.000000 4
6907 0.000000 5
6911 1.000000 4
6915 -1.000000 4
6919 -1.000000 4
6924 1.000000 5
6929 1.000000 5
6934 0.000000 5
6938 -1.000000 4
6943 1.000000 5
6948 0.000000 5
6952 -1.000000 4
6956 -1.000000 4
6960 1.000000 4
6964 -1.000000 4
6968 1.000000 4
6972 1.000000 4
6977 1.000000 5
6981 -1.000000 4
6985 -1.000000 4
6989 -1.000000 4
6993 1.000000 4
6997 1.000000 4
7002 1.000000 5
7006 -1.000000 4
7011 0.000000 5
7014 -1.000000 3
7018 1.000000 4
7023 1.000000 5
7027 1.000000 4
7031 1.000000 4
7035 -1.000000 4
7039 -1.000000 4
7042 -1.000000 3
7046 -1.000000 4
7049 1.000000 3
7052 1.000000 3
7055 -1.000000 3
7059 1.000000 4
7064 1.000000 5
7069 1.000000 5
7072 -1.000000 3
7076 1.000000 4
7081 1.000000 5
7085 1.000000 4
7089 -1.000000 4
7093 1.000000 4
7097 -1.000000 4
7101 -1.000000 4
7104 -1.000000 3
7109 0.000000 5
7114 0.000000 5
7118 1.000000 4
7123 1.000000 5
7126 -1.000000 3
7131 1.000000 5
7135 -1.000000 4
7139 -1.000000 4
7143 -1.000000 4
7147 -1.000000 4
7152 0.000000 5
7156 1.000000 4
7160 1.000000 4
7164 -1.000000 4
7168 -1.000000 4
7173 0.000000 5
7176 1.000000 3
7180 1.000000 4
7184 -1.000000 4
7189 0.000000 5
7193 1.000000 4
7197 -1.000000 4
7201 -1.000000 4
7204 1.000000 3
7207 1.000000 3
7212 0.000000 5
7216 1.000000 4
7221 1.000000 5
7225 -1.000000 4
7230 0.000000 5
7235 1.000000 5
7239 1.000000 4
7243 -1.000000 4
7248 1.000000 5
7253 0.000000 5
7257 -1.000000 4
7261 -1.000000 4
7265 -1.000000 4
7270 0.000000 5
7275 1.000000 5
7279 1.000000 4
7284 1.000000 5
7288 1.000000 4
7291 1.000000 3
7294 -1.000000 3
7299 1.000000 5
7302 -1.000000 3
7306 1.000000 4
7309 1.000000 3
7314 1.000000 5
7318 -1.000000 4
7323 1.000000 5
7327 1.000000 4
7331 -1.000000 4
7335 1.000000 4
7340 0.000000 5
7343 1.000000 3
7347 1.000000 4
7352 1.000000 5
7356 -1.000000 4
7361 1.000000 5
7364 1.000000 3
7369 1.000000 5
7374 0.000000 5
7378 1.000000 4
7383 0.000000 5
7387 1.000000 4
7392 1.000000 5
7396 -1.000000 4
7400 1.000000 4
7403 1.000000 3
7408 1.000000 5
7411 1.000000 3
7415 -1.000000 4
7418 -1.000000 3
7422 -1.000000 4
7427 1.000000 5
7430 1.000000 3
7435 1.000000 5
7439 1.000000 4
7443 1.000000 4
7446 1.000000 3
7450 1.000000 4
7454 -1.000000 4
7458 -1.000000 4
7462 1.000000 4
7466 -1.000000 4
7470 -1.000000 4
7473 -1.000000 3
7477 -1.000000 4
7481 -1.000000 4
7485 -1.000000 4
7490 1.000000 5
7494 1.000000 4
7497 -1.000000 3
7500 -1.000000 3
7504 1.000000 4
7508 -1.000000 4
7513 1.000000 5
7517 1.000000 4
7520 1.000000 3
7524 1.000000 4
7527 -1.000000 3
7532 0.000000 5
7537 1.000000 5
7542 1.000000 5
7546 1.000000 4
7549 1.000000 3
7552 1.000000 3
7557 1.000000 5
7562 0.000000 5
7566 1.000000 4
7571 1.000000 5
7575 1.000000 4
7578 -1.000000 3
7582 1.000000 4
7587 1.000000 5
7590 1.000000 3
7594 1.000000 4
7599 0.000000 5
7603 1.000000 4
7608 0.000000 5
7612 -1.000000 4
7617 1.000000 5
7621 1.000000 4
7626 1.000000 5
7629 1.000000 3
7633 1.000000 4
7637 1.000000 4
7642 0.000000 5
7646 1.000000 4
7650 -1.000000 4
7654 -1.000000 4
7658 1.000000 4
7662 1.000000 4
7666 1.000000 4
7670 1.000000 4
7675 1.000000 5
7678 1.000000 3
7682 1.000000 4
7685 -1.000000 3
7690 0.000000 5
7694 -1.000000 4
7697 1.000000 3
7701 1.000000 4
7704 -1.000000 3
7707 1.000000 3
7712 1.000000 5
7715 -1.000000 3
7720 1.000000 5
7724 -1.000000 4
7727 -1.000000 3
7731 1.000000 4
7735 -1.000000 4
7739 -1.000000 4
7744 0.000000 5
7749 1.000000 5
7753 -1.000000 4
7758 1.000000 5
7762 -1.000000 4
7767 1.000000 5
7771 -1.000000 4
7775 1.000000 4
7778 1.000000 3
7782 1.000000 4
7787 0.000000 5
7791 -1.000000 4
7794 1.000000 3
7799 1.000000 5
7804 0.000000 5
7808 -1.000000 4
7813 1.000000 5
7817 1.000000 4
7821 1.000000 4
7825 1.000000 4
7829 -1.000000 4
7833 1.000000 4
7837 -1.000000 4
7841 -1.000000 4
7845 1.000000 4
7850 1.000000 5
7855 0.000000 5
7859 -1.000000 4
7863 1.000000 4
7867 -1.000000 4
7871 1.000000 4
7875 1.000000 4
7879 -1.000000 4
7883 1.000000 4
7888 0.000000 5
7892 1.000000 4
7895 -1.000000 3
7900 1.000000 5
7905 1.000000 5
7909 1.000000 4
7914 1.000000 5
7917 1.000000 3
7920 -1.000000 3
7924 1.000000 4
7929 0.000000 5
7933 1.000000 4
7936 1.000000 3
7941 1.000000 5
7946 1.000000 5
7950 1.000000 4
7954 1.000000 4
7958 1.000000 4
7962 1.000000 4
7966 1.000000 4
7970 -1.000000 4
7974 -1.000000 4
7978 -1.000000 4
7981 -1.000000 3
7986 0.000000 5
7990 -1.000000 4
7995 1.000000 5
8000 0.000000 5
8005 1.000000 5
8009 -1.000000 4
8013 -1.000000 4
8017 -1.000000 4
8022 1.000000 5
8025 -1.000000 3
8028 -1.000000 3
8032 -1.000000 4
8035 -1.000000 3
8040 1.000000 5
8044 -1.000000 4
8048 -1.000000 4
8052 1.000000 4
8056 1.000000 4
8060 1.000000 4
8065 0.000000 5
8068 -1.000000 3
8072 1.000000 4
8077 1.000000 5
8082 1.000000 5
8087 1.000000 5
8090 1.000000 3
8094 1.000000 4
8098 1.000000 4
8102 -1.000000 4
8107 1.000000 5
8111 -1.000000 4
8115 1.000000 4
8119 -1.000000 4
8123 -1.000000 4
8128 1.000000 5
8132 -1.000000 4
8135 1.000000 3
8138 1.000000 3
8142 -1.000000 4
8147 1.000000 5
8152 1.000000 5
8157 1.000000 5
8161 -1.000000 4
8166 1.000000 5
8171 1.000000 5
8175 1.000000 4
8179 1.000000 4
8184 0.000000 5
8188 -1.000000 4
8193 1.000000 5
8197 1.000000 4
8202 1.000000 5
8206 -1.000000 4
8209 -1.000000 3
8214 1.000000 5
8218 1.000000 4
8222 -1.000000 4
8226 -1.000000 4
8231 1.000000 5
8236 0.000000 5
8240 -1.000000 4
8244 1.000000 4
8249 0.000000 5
8253 1.000000 4
8257 -1.000000 4
8260 1.000000 3
8264 -1.000000 4
8268 1.000000 4
8272 1.000000 4
8277 0.000000 5
8281 -1.000000 4
8286 1.000000 5
8291 0.000000 5
8295 -1.000000 4
8300 0.000000 5
8305 1.000000 5
8310 1.000000 5
8315 1.000000 5
8320 1.000000 5
8324 1.000000 4
8327 1.000000 3
8332 0.000000 5
8336 1.000000 4
8341 1.000000 5
8346 1.000000 5
8350 1.000000 4
8353 -1.000000 3
8358 1.000000 5
8362 1.000000 4
8366 -1.000000 4
8370 -1.000000 4
8374 -1.000000 4
8378 1.000000 4
8381 1.000000 3
8385 -1.000000 4
8389 -1.000000 4
8392 -1.000000 3
8397 1.000000 5
8401 1.000000 4
8406 1.000000 5
8411 1.000000 5
8415 1.000000 4
8419 -1.000000 4
8424 1.000000 5
8429 0.000000 5
8434 0.000000 5
8438 1.000000 4
8443 1.000000 5
8447 1.000000 4
8452 1.000000 5
8456 1.000000 4
8460 1.000000 4
8464 1.000000 4
8469 1.000000 5
8473 1.000000 4
8478 1.000000 5
8481 -1.000000 3
8486 1.000000 5
8491 0.000000 5
8496 0.000000 5
8500 -1.000000 4
8505 1.000000 5
8510 1.000000 5
8514 1.000000 4
8519 1.000000 5
8524 1.000000 5
8528 1.000000 4
8531 1.000000 3
8535 -1.000000 4
8538 1.000000 3
8542 1.000000 4
8547 1.000000 5
8552 1.000000 5
8556 1.000000 4
8560 1.000000 4
8563 1.000000 3
8567 1.000000 4
8571 1.000000 4
8575 -1.000000 4
8579 1.000000 4
8584 1.000000 5
8588 -1.000000 4
8593 1.000000 5
8596 -1.000000 3
8601 0.000000 5
8604 1.000000 3
8609 1.000000 5
8613 1.000000 4
8618 0.000000 5
8622 -1.000000 4
8626 1.000000 4
8629 1.000000 3
8634 0.000000 5
8638 1.000000 4
8643 0.000000 5
8647 -1.000000 4
8651 1.000000 4
8655 1.000000 4
8659 1.000000 4
8662 -1.000000 3
8665 -1.000000 3
8669 -1.000000 4
8674 1.000000 5
8679 1.000000 5
8684 1.000000 5
8689 0.000000 5
8693 1.000000 4
8696 1.000000 3
8699 1.000000 3
8704 0.000000 5
8708 1.000000 4
8713 1.000000 5
8718 1.000000 5
8721 1.000000 3
8724 -1.000000 3
8729 1.000000 5
8733 1.000000 4
8737 -1.000000 4
8740 -1.000000 3
8744 1.000000 4
8748 -1.000000 4
8753 0.000000 5
8757 1.000000 4
8762 1.000000 5
8767 1.000000 5
8770 1.000000 3
8774 -1.000000 4
8778 1.000000 4
8781 -1.000000 3
8786 0.000000 5
8791 1.000000 5
8794 -1.000000 3
8799 1.000000 5
8803 1.000000 4
8806 1.000000 3
8810 1.000000 4
8814 1.000000 4
8819 1.000000 5
8824 0.000000 5
8828 -1.000000 4
8831 -1.000000 3
8835 1.000000 4
8838 -1.000000 3
8841 1.000000 3
8846 1.000000 5
8850 1.000000 4
8855 1.000000 5
8859 -1.000000 4
8862 1.000000 3
8865 -1.000000 3
8869 -1.000000 4
8873 1.000000 4
8877 -1.000000 4
8881 -1.000000 4
8884 -1.000000 3
8888 -1.000000 4
8892 -1.000000 4
8895 -1.000000 3
8898 -1.000000 3
8903 0.000000 5
8908 1.000000 5
8912 1.000000 4
8917 0.000000 5
8921 1.000000 4
8926 1.000000 5
8931 0.000000 5
8935 -1.000000 4
8940 1.000000 5
8944 1.000000 4
8949 0.000000 5
8954 0.000000 5
8959 1.000000 5
8964 0.000000 5
8969 1.000000 5
8974 1.000000 5
8978 -1.000000 4
8982 1.000000 4
8986 1.000000 4
8990 1.000000 4
8994 1.000000 4
8998 -1.000000 4
9001 1.000000 3
9006 0.000000 5
9011 0.000000 5
9016 0.000000 5
9021 1.000000 5
9026 1.000000 5
9029 1.000000 3
9032 1.000000 3
9036 -1.000000 4
9039 -1.000000 3
9044 0.000000 5
9049 0.000000 5
9054 1.000000 5
9058 1.000000 4
9063 1.000000 5
9066 1.000000 3
9070 1.000000 4
9074 1.000000 4
9079 0.000000 5
9084 1.000000 5
9089 1.000000 5
9093 -1.000000 4
9097 -1.000000 4
9102 1.000000 5
9107 1.000000 5
9111 1.000000 4
9115 1.000000 4
9119 1.000000 4
9123 1.000000 4
9127 1.000000 4
9130 1.000000 3
9134 1.000000 4
9137 1.000000 3
9140 -1.000000 3
9145 1.000000 5
9149 1.000000 4
9154 1.000000 5
9159 0.000000 5
9162 -1.000000 3
9166 -1.000000 4
9171 1.000000 5
9176 1.000000 5
9179 1.000000 3
9184 0.000000 5
9188 1.000000 4
9193 1.000000 5
9198 0.000000 5
9202 1.000000 4
9206 -1.000000 4
9210 -1.000000 4
9215 1.000000 5
9219 -1.000000 4
9224 1.000000 5
9227 1.000000 3
9231 1.000000 4
9234 -1.000000 3
9238 1.000000 4
9243 1.000000 5
9246 1.000000 3
9249 -1.000000 3
9254 0.000000 5
9258 -1.000000 4
9263 0.000000 5
9268 0.000000 5
9273 0.000000 5
9277 -1.000000 4
9282 1.000000 5
9285 1.000000 3
9290 0.000000 5
9295 0.000000 5
9299 1.000000 4
9303 -1.000000 4
9308 1.000000 5
9312 1.000000 4
9316 1.000000 4
9319 -1.000000 3
9324 1.000000 5
9329 0.000000 5
9333 -1.000000 4
9337 1.000000 4
9341 -1.000000 4
9344 1.000000 3
9349 0.000000 5
9354 0.000000 5
9358 1.000000 4
9363 0.000000 5
9366 -1.000000 3
9369 -1.000000 3
9374 1.000000 5
9378 1.000000 4
9381 1.000000 3
9385 -1.000000 4
9389 -1.000000 4
9394 1.000000 5
9397 -1.000000 3
9401 1.000000 4
9406 1.000000 5
9409 1.000000 3
9414 1.000000 5
9419 1.000000 5
9423 1.000000 4
9427 -1.000000 4
9430 -1.000000 3
9434 1.000000 4
9439 1.000000 5
9443 -1.000000 4
9448 1.000000 5
9451 1.000000 3
9456 0.000000 5
9459 -1.000000 3
9463 -1.000000 4
9467 -1.000000 4
9472 0.000000 5
9475 -1.000000 3
9479 -1.000000 4
9482 1.000000 3
9486 1.000000 4
9490 1.000000 4
9494 1.000000 4
9498 1.000000 4
9502 1.000000 4
9507 1.000000 5
9512 0.000000 5
9516 1.000000 4
9521 0.000000 5
9524 -1.000000 3
9528 1.000000 4
9532 -1.000000 4
9537 1.000000 5
9542 0.000000 5
9545 1.000000 3
9548 1.000000 3
9552 1.000000 4
9556 1.000000 4
9560 1.000000 4
9565 1.000000 5
9568 1.000000 3
9573 1.000000 5
9577 1.000000 4
9581 1.000000 4
9585 -1.000000 4
9590 0.000000 5
9595 1.000000 5
9599 1.000000 4
9604 0.000000 5
9608 1.000000 4
9612 -1.000000 4
9617 0.000000 5
9621 1.000000 4
9625 1.000000 4
9629 -1.000000 4
9634 0.000000 5
9638 -1.000000 4
9642 1.000000 4
9646 1.000000 4
9651 1.000000 5
9654 -1.000000 3
9659 0.000000 5
9663 1.000000 4
9668 1.000000 5
9673 1.000000 5
9678 1.000000 5
9683 0.000000 5
9686 -1.000000 3
9691 1.000000 5
9695 -1.000000 4
9699 -1.000000 4
9703 -1.000000 4
9707 1.000000 4
9712 1.000000 5
9715 1.000000 3
9719 1.000000 4
9723 1.000000 4
9727 -1.000000 4
9731 1.000000 4
9735 -1.000000 4
9739 1.000000 4
9743 -1.000000 4
9748 0.000000 5
9753 1.000000 5
9756 1.000000 3
9759 1.000000 3
9764 1.000000 5
9767 -1.000000 3
9771 1.000000 4
9774 -1.000000 3
9779 1.000000 5
9783 1.000000 4
9787 1.000000 4
9792 0.000000 5
9797 1.000000 5
9802 1.000000 5
9807 1.000000 5
9812 1.000000 5
9815 -1.000000 3
9819 -1.000000 4
9823 1.000000 4
9827 -1.000000 4
9831 1.000000 4
9835 1.000000 4
9839 -1.000000 4
9844 1.000000 5
9848 1.000000 4
9852 -1.000000 4
9857 1.000000 5
9861 1.000000 4
9865 -1.000000 4
9870 1.000000 5
9875 1.000000 5
9879 1.000000 4
9883 -1.000000 4
9888 1.000000 5
9892 1.000000 4
9896 -1.000000 4
9900 -1.000000 4
9904 1.000000 4
9909 1.000000 5
9914 1.000000 5
9918 -1.000000 4
9922 -1.000000 4
9926 1.000000 4
9929 -1.000000 3
9933 1.000000 4
9937 1.000000 4
9941 1.000000 4
9945 1.000000 4
9948 -1.000000 3
9952 -1.000000 4
9957 1.000000 5
9960 -1.000000 3
9964 1.000000 4
9969 0.000000 5
9974 1.000000 5
9978 -1.000000 4
9982 -1.000000 4
9986 -1.000000 4
9990 1.000000 4
9994 -1.000000 4
9997 1.000000 3
10001 1.000000 4
10004 -1.000000 3
10007 -1.000000 3
10010 -1.000000 3
10013 -1.000000 3
10016 -1.000000 3
10019 -1.000000 3
10022 -1.000000 3
10025 -1.000000 3
10028 -1.000000 3
10031 -1.000000 3
10034 -1.000000 3
10037 -1.000000 3
10040 -1.000000 3
10043 -1.000000 3
10046 -1.000000 3
10049 -1.000000 3
10052 -1.000000 3
10055 -1.000000 3
10058 -1.000000 3
10061 -1.000000 3
10064 -1.000000 3
10067 -1.000000 3
10070 -1.000000 3
10073 -1.000000 3
10076 -1.000000 3
10079 -1.000000 3
10082 -1.000000 3
10085 -1.000000 3
10088 -1.000000 3
10091 -1.000000 3
10094 -1.000000 3
10097 -1.000000 3
10100 -1.000000 3
10103 -1.000000 3
10106 -1.000000 3
10109 -1.000000 3
10112 -1.000000 3
10115 -1.000000 3
10118 -1.000000 3
10121 -1.000000 3
10124 -1.000000 3
10127 -1.000000 3
10130 -1.000000 3
10133 -1.000000 3
10136 -1.000000 3
10139 -1.000000 3
10142 -1.000000 3
10145 -1.000000 3
10148 -1.000000 3
10151 -1.000000 3
10154 -1.000000 3
10157 -1.000000 3
10160 -1.000000 3
10163 -1.000000 3
10166 -1.000000 3
10169 -1.000000 3
10172 -1.000000 3
10175 -1.000000 3
10178 -1.000000 3
10181 -1.000000 3
10184 -1.000000 3
10187 -1.000000 3
10190 -1.000000 3
10193 -1.000000 3
10196 -1.000000 3
10199 -1.000000 3
10202 -1.000000 3
10205 -1.000000 3
10208 -1.000000 3
10211 -1.000000 3
10214 -1.000000 3
10217 -1.000000 3
10220 -1.000000 3
10223 -1.000000 3
10226 -1.000000 3
10229 -1.000000 3
10232 -1.000000 3
10235 -1.000000 3
10238 -1.000000 3
10241 -1.000000 3
10244 -1.000000 3
10247 -1.000000 3
10250 -1.000000 3
10253 -1.000000 3
10256 -1.000000 3
10259 -1.000000 3
10262 -1.000000 3
10265 -1.000000 3
10268 -1.000000 3
10271 -1.000000 3
10274 -1.000000 3
10277 -1.000000 3
10280 -1.000000 3
10283 -1.000000 3
10286 -1.000000 3
10289 -1.000000 3
10292 -1.000000 3
10295 -1.000000 3
10298 -1.000000 3
10301 -1.000000 3
10304 -1.000000 3
10307 -1.000000 3
10310 -1.000000 3
10313 -1.000000 3
10316 -1.000000 3
10319 -1.000000 3
10322 -1.000000 3
10325 -1.000000 3
10328 -1.000000 3
10331 -1.000000 3
10334 -1.000000 3
10337 -1.000000 3
10340 -1.000000 3
10343 -1.000000 3
10346 -1.000000 3
10349 -1.000000 3
10352 -1.000000 3
10355 -1.000000 3
10358 -1.000000 3
10361 -1.000000 3
10364 -1.000000 3
10367 -1.000000 3
10370 -1.000000 3
10373 -1.000000 3
10376 -1.000000 3
10379 -1.000000 3
10382 -1.000000 3
10385 -1.000000 3
10388 -1.000000 3
10391 -1.000000 3
10394 -1.000000 3
10397 -1.000000 3
10400 -1.000000 3
10403 -1.000000 3
10406 -1.000000 3
10409 -1.000000 3
10412 -1.000000 3
10415 -1.000000 3
10418 -1.000000 3
10421 -1.000000 3
10424 -1.000000 3
10427 -1.000000 3
10430 -1.000000 3
10433 -1.000000 3
10436 -1.000000 3
10439 -1.000000 3
10442 -1.000000 3
10445 -1.000000 3
10448 -1.000000 3
10451 -1.000000 3
10454 -1.000000 3
10457 -1.000000 3
10460 -1.000000 3
10463 -1.000000 3
10466 -1.000000 3
10469 -1.000000 3
10472 -1.000000 3
10475 -1.000000 3
10478 -1.000000 3
10481 -1.000000 3
10484 -1.000000 3
10487 -1.000000 3
10490 -1.000000 3
10493 -1.000000 3
10496 -1.000000 3
10499 -1.000000 3
10502 -1.000000 3
10505 -1.000000 3
10508 -1.000000 3
10511 -1.000000 3
10514 -1.000000 3
10517 -1.000000 3
10520 -1.000000 3
10523 -1.000000 3
10526 -1.000000 3
10529 -1.000000 3
10532 -1.000000 3
10535 -1.000000 3
10538 -1.000000 3
10541 -1.000000 3
10544 -1.000000 3
10547 -1.000000 3
10550 -1.000000 3
10553 -1.000000 3
10556 -1.000000 3
10559 -1.000000 3
10562 -1.000000 3
10565 -1.000000 3
10568 -1.000000 3
10571 -1.000000 3
10574 -1.000000 3
10577 -1.000000 3
10580 -1.000000 3
10583 -1.000000 3
10586 -1.000000 3
10589 -1.000000 3
10592 -1.000000 3
10595 -1.000000 3
10598 -1.000000 3
10601 -1.000000 3
10604 -1.000000 3
10607 -1.000000 3
10610 -1.000000 3
10613 -1.000000 3
10616 -1.000000 3
10619 -1.000000 3
10622 -1.000000 3
10625 -1.000000 3
10628 -1.000000 3
10631 -1.000000 3
10634 -1.000000 3
10637 -1.000000 3
10640 -1.000000 3
10643 -1.000000 3
10646 -1.000000 3
10649 -1.000000 3
10652 -1.000000 3
10655 -1.000000 3
10658 -1.000000 3
10661 -1.000000 3
10664 -1.000000 3
10667 -1.000000 3
10670 -1.000000 3
10673 -1.000000 3
10676 -1.000000 3
10679 -1.000000 3
10682 -1.000000 3
10685 -1.000000 3
10688 -1.000000 3
10691 -1.000000 3
10694 -1.000000 3
10697 -1.000000 3
10700 -1.000000 3
10703 -1.000000 3
10706 -1.000000 3
10709 -1.000000 3
10712 -1.000000 3
10715 -1.000000 3
10718 -1.000000 3
10721 -1.000000 3
10724 -1.000000 3
10727 -1.000000 3
10730 -1.000000 3
10733 -1.000000 3
10736 -1.000000 3
10739 -1.000000 3
10742 -1.000000 3
10745 -1.000000 3
10748 -1.000000 3
10751 -1.000000 3
10754 -1.000000 3
10757 -1.000000 3
10760 -1.000000 3
10763 -1.000000 3
10766 -1.000000 3
10769 -1.000000 3
10772 -1.000000 3
10775 -1.000000 3
10778 -1.000000 3
10781 -1.000000 3
10784 -1.000000 3
10787 -1.000000 3
10790 -1.000000 3
10793 -1.000000 3
10796 -1.000000 3
10799 -1.000000 3
10802 -1.000000 3
10805 -1.000000 3
10808 -1.000000 3
10811 -1.000000 3
10814 -1.000000 3
10817 -1.000000 3
10820 -1.000000 3
10823 -1.000000 3
10826 -1.000000 3
10829 -1.000000 3
10832 -1.000000 3
10835 -1.000000 3
10838 -1.000000 3
10841 -1.000000 3
10844 -1.000000 3
10847 -1.000000 3
10850 -1.000000 3
10853 -1.000000 3
10856 -1.000000 3
10859 -1.000000 3
10862 -1.000000 3
10865 -1.000000 3
10868 -1.000000 3
10871 -1.000000 3
10874 -1.000000 3
10877 -1.000000 3
10880 -1.000000 3
10883 -1.000000 3
10886 -1.000000 3
10889 -1.000000 3
10892 -1.000000 3
10895 -1.000000 3
10898 -1.000000 3
10901 -1.000000 3
10904 -1.000000 3
10907 -1.000000 3
10910 -1.000000 3
10913 -1.000000 3
10916 -1.000000 3
10919 -1.000000 3
10922 -1.000000 3
10925 -1.000000 3
10928 -1.000000 3
10931 -1.000000 3
10934 -1.000000 3
10937 -1.000000 3
10940 -1.000000 3
10943 -1.000000 3
10946 -1.000000 3
10949 -1.000000 3
10952 -1.000000 3
10955 -1.000000 3
10958 -1.000000 3
10961 -1.000000 3
10964 -1.000000 3
10967 -1.000000 3
10970 -1.000000 3
10973 -1.000000 3
10976 -1.000000 3
10979 -1.000000 3
10982 -1.000000 3
10985 -1.000000 3
10988 -1.000000 3
10991 -1.000000 3
10994 -1.000000 3
10997 -1.000000 3
11000 -1.000000 3
11003 -1.000000 3
11006 1.000000 3
11010 1.000000 4
11014 1.000000 4
11017 1.000000 3
11021 1.000000 4
11024 1.000000 3
11029 0.000000 5
11033 1.000000 4
11036 1.000000 3
11039 1.000000 3
11042 1.000000 3
11045 1.000000 3
11049 1.000000 4
11052 1.000000 3
11055 1.000000 3
11058 1.000000 3
11061 1.000000 3
11064 1.000000 3
11068 1.000000 4
11073 0.000000 5
11077 1.000000 4
11081 1.000000 4
11084 1.000000 3
11087 1.000000 3
11090 1.000000 3
11093 1.000000 3
11097 1.000000 4
11100 1.000000 3
11103 1.000000 3
11106 1.000000 3
11109 -1.000000 3
11113 1.000000 4
11117 -1.000000 4
11122 0.000000 5
11125 1.000000 3
11128 1.000000 3
11133 1.000000 5
11136 1.000000 3
11139 1.000000 3
11142 1.000000 3
11146 1.000000 4
11150 1.000000 4
11154 1.000000 4
11157 1.000000 3
11160 1.000000 3
11163 1.000000 3
11166 1.000000 3
11169 1.000000 3
11172 -1.000000 3
11176 1.000000 4
11179 1.000000 3
11182 1.000000 3
11186 1.000000 4
11190 1.000000 4
11195 0.000000 5
11198 1.000000 3
11201 1.000000 3
11204 1.000000 3
11207 1.000000 3
11210 1.000000 3
11213 1.000000 3
11218 0.000000 5
11221 1.000000 3
11224 1.000000 3
11228 1.000000 4
11231 -1.000000 3
11234 1.000000 3
11238 1.000000 4
11241 1.000000 3
11245 1.000000 4
11248 1.000000 3
11251 1.000000 3
11254 1.000000 3
11257 1.000000 3
11261 1.000000 4
11266 1.000000 5
11269 1.000000 3
11273 1.000000 4
11276 1.000000 3
11279 1.000000 3
11282 1.000000 3
11285 1.000000 3
11288 1.000000 3
11291 1.000000 3
11295 1.000000 4
11299 1.000000 4
11302 -1.000000 3
11305 1.000000 3
11309 1.000000 4
11312 1.000000 3
11315 1.000000 3
11318 1.000000 3
11321 1.000000 3
11324 1.000000 3
11327 1.000000 3
11330 1.000000 3
11334 1.000000 4
11338 -1.000000 4
11341 1.000000 3
11345 1.000000 4
11348 1.000000 3
11351 1.000000 3
11355 1.000000 4
11360 1.000000 5
11364 1.000000 4
11367 1.000000 3
11370 -1.000000 3
11373 1.000000 3
11378 0.000000 5
11381 -1.000000 3
11385 1.000000 4
11388 1.000000 3
11392 1.000000 4
11395 1.000000 3
11398 1.000000 3
11401 1.000000 3
11405 1.000000 4
11408 1.000000 3
11412 1.000000 4
11415 1.000000 3
11420 0.000000 5
11424 1.000000 4
11429 0.000000 5
11432 1.000000 3
11435 1.000000 3
11438 1.000000 3
11441 -1.000000 3
11444 1.000000 3
11447 1.000000 3
11450 1.000000 3
11454 1.000000 4
11457 1.000000 3
11460 1.000000 3
11464 1.000000 4
11467 -1.000000 3
11471 1.000000 4
11474 1.000000 3
11477 1.000000 3
11480 1.000000 3
11483 1.000000 3
11486 1.000000 3
11489 1.000000 3
11493 1.000000 4
11496 1.000000 3
11499 -1.000000 3
11502 1.000000 3
11505 1.000000 3
11508 1.000000 3
11511 -1.000000 3
11515 -1.000000 4
11518 1.000000 3
11522 1.000000 4
11525 1.000000 3
11529 1.000000 4
11532 1.000000 3
11535 1.000000 3
11538 1.000000 3
11542 1.000000 4
11545 1.000000 3
11548 1.000000 3
11551 1.000000 3
11555 1.000000 4
11558 1.000000 3
11561 1.000000 3
11564 1.000000 3
11567 1.000000 3
11572 0.000000 5
11575 1.000000 3
11578 1.000000 3
11583 0.000000 5
11587 1.000000 4
11590 1.000000 3
11593 1.000000 3
11596 1.000000 3
11600 1.000000 4
11604 1.000000 4
11607 1.000000 3
11610 1.000000 3
11613 1.000000 3
11616 1.000000 3
11621 0.000000 5
11624 1.000000 3
11627 1.000000 3
11630 1.000000 3
11634 1.000000 4
11638 1.000000 4
11642 1.000000 4
11645 1.000000 3
11648 1.000000 3
11651 1.000000 3
11654 1.000000 3
11657 1.000000 3
11660 1.000000 3
11663 1.000000 3
11666 1.000000 3
11669 1.000000 3
11672 1.000000 3
11676 1.000000 4
11679 1.000000 3
11682 1.000000 3
11686 1.000000 4
11690 1.000000 4
11693 1.000000 3
11696 1.000000 3
11700 1.000000 4
11705 0.000000 5
11709 1.000000 4
11712 1.000000 3
11715 1.000000 3
11718 1.000000 3
11721 1.000000 3
11724 1.000000 3
11727 1.000000 3
11730 1.000000 3
11733 1.000000 3
11736 1.000000 3
11739 1.000000 3
11743 1.000000 4
11746 1.000000 3
11749 1.000000 3
11752 1.000000 3
11756 1.000000 4
11759 1.000000 3
11763 1.000000 4
11766 1.000000 3
11769 1.000000 3
11772 1.000000 3
11775 1.000000 3
11778 1.000000 3
11782 1.000000 4
11785 1.000000 3
11789 1.000000 4
11793 1.000000 4
11797 1.000000 4
11800 1.000000 3
11803 1.000000 3
11807 1.000000 4
11812 0.000000 5
11816 1.000000 4
11819 1.000000 3
11823 1.000000 4
11826 1.000000 3
11831 1.000000 5
11834 1.000000 3
11837 1.000000 3
11840 1.000000 3
11844 -1.000000 4
11847 1.000000 3
11850 1.000000 3
11854 1.000000 4
11858 1.000000 4
11861 1.000000 3
11864 -1.000000 3
11867 -1.000000 3
11872 1.000000 5
11877 1.000000 5
11880 -1.000000 3
11883 1.000000 3
11886 1.000000 3
11889 1.000000 3
11892 1.000000 3
11895 1.000000 3
11898 1.000000 3
11902 -1.000000 4
11905 1.000000 3
11908 1.000000 3
11911 1.000000 3
11915 1.000000 4
11918 1.000000 3
11921 1.000000 3
11925 1.000000 4
11928 1.000000 3
11931 1.000000 3
11934 1.000000 3
11937 1.000000 3
11940 1.000000 3
11944 1.000000 4
11947 1.000000 3
11952 0.000000 5
11955 1.000000 3
11960 0.000000 5
11963 1.000000 3
11966 1.000000 3
11970 1.000000 4
11973 1.000000 3
11976 -1.000000 3
11979 1.000000 3
11982 1.000000 3
11986 1.000000 4
11991 0.000000 5
11994 1.000000 3
11997 1.000000 3
12000 1.000000 3
12004 1.000000 4
12008 1.000000 4
12011 1.000000 3
12014 1.000000 3
12018 1.000000 4
12021 1.000000 3
12024 1.000000 3
12027 1.000000 3
12030 1.000000 3
12033 1.000000 3
12036 1.000000 3
12039 1.000000 3
12042 1.000000 3
12045 1.000000 3
12049 1.000000 4
12053 1.000000 4
12056 1.000000 3
12060 1.000000 4
12064 1.000000 4
12068 -1.000000 4
12071 1.000000 3
12074 1.000000 3
12077 1.000000 3
12080 1.000000 3
12083 1.000000 3
12086 1.000000 3
12091 1.000000 5
12094 1.000000 3
12098 1.000000 4
12101 1.000000 3
12105 1.000000 4
12109 1.000000 4
12112 1.000000 3
12117 0.000000 5
12120 1.000000 3
12124 1.000000 4
12127 1.000000 3
12130 1.000000 3
12133 1.000000 3
12136 1.000000 3
12140 1.000000 4
12143 1.000000 3
12146 1.000000 3
12149 1.000000 3
12153 1.000000 4
12157 1.000000 4
12160 1.000000 3
12163 1.000000 3
12167 1.000000 4
12170 1.000000 3
12173 1.000000 3
12176 1.000000 3
12180 1.000000 4
12184 1.000000 4
12187 1.000000 3
12190 1.000000 3
12193 1.000000 3
12196 1.000000 3
12200 1.000000 4
12204 1.000000 4
12207 1.000000 3
12210 1.000000 3
12213 1.000000 3
12217 1.000000 4
12220 1.000000 3
12223 1.000000 3
12226 1.000000 3
12229 1.000000 3
12232 1.000000 3
12236 1.000000 4
12239 1.000000 3
12242 1.000000 3
12245 1.000000 3
12248 1.000000 3
12253 0.000000 5
12256 1.000000 3
12260 1.000000 4
12264 1.000000 4
12267 1.000000 3
12271 -1.000000 4
12275 1.000000 4
12278 1.000000 3
12282 1.000000 4
12285 1.000000 3
12290 0.000000 5
12293 1.000000 3
12296 1.000000 3
12301 0.000000 5
12305 1.000000 4
12309 1.000000 4
12313 1.000000 4
12317 1.000000 4
12321 1.000000 4
12325 1.000000 4
12328 1.000000 3
12331 1.000000 3
12334 1.000000 3
12337 -1.000000 3
12340 1.000000 3
12343 1.000000 3
12346 1.000000 3
12349 1.000000 3
12353 -1.000000 4
12356 1.000000 3
12359 1.000000 3
12363 1.000000 4
12366 1.000000 3
12369 1.000000 3
12372 -1.000000 3
12376 1.000000 4
12379 -1.000000 3
12382 1.000000 3
12386 1.000000 4
12390 1.000000 4
12394 1.000000 4
12398 1.000000 4
12402 1.000000 4
12406 1.000000 4
12409 1.000000 3
12412 1.000000 3
12416 1.000000 4
12419 1.000000 3
12422 1.000000 3
12425 1.000000 3
12428 1.000000 3
12431 1.000000 3
12434 1.000000 3
12437 1.000000 3
12440 -1.000000 3
12444 1.000000 4
12447 1.000000 3
12450 1.000000 3
12453 1.000000 3
12456 1.000000 3
12459 1.000000 3
12463 1.000000 4
12466 1.000000 3
12469 1.000000 3
12474 0.000000 5
12477 1.000000 3
12480 1.000000 3
12483 1.000000 3
12487 1.000000 4
12490 1.000000 3
12493 1.000000 3
12497 -1.000000 4
12500 1.000000 3
12503 1.000000 3
12506 1.000000 3
12509 1.000000 3
12513 1.000000 4
12516 1.000000 3
12519 1.000000 3
12522 1.000000 3
12527 1.000000 5
12530 1.000000 3
12533 1.000000 3
12536 1.000000 3
12539 1.000000 3
12543 1.000000 4
12546 1.000000 3
12551 0.000000 5
12554 1.000000 3
12558 -1.000000 4
12561 1.000000 3
12565 1.000000 4
12568 1.000000 3
12571 1.000000 3
12574 1.000000 3
12577 1.000000 3
12580 1.000000 3
12584 1.000000 4
12588 1.000000 4
12591 1.000000 3
12596 1.000000 5
12599 1.000000 3
12602 1.000000 3
12605 -1.000000 3
12608 1.000000 3
12612 1.000000 4
12616 1.000000 4
12620 1.000000 4
12623 1.000000 3
12628 1.000000 5
12631 1.000000 3
12634 1.000000 3
12637 1.000000 3
12642 0.000000 5
12646 1.000000 4
12649 1.000000 3
12653 1.000000 4
12656 1.000000 3
12659 1.000000 3
12662 1.000000 3
12665 1.000000 3
12668 1.000000 3
12673 0.000000 5
12676 1.000000 3
12680 1.000000 4
12683 1.000000 3
12687 -1.000000 4
12690 1.000000 3
12693 1.000000 3
12696 1.000000 3
12699 1.000000 3
12702 1.000000 3
12705 1.000000 3
12710 0.000000 5
12714 1.000000 4
12718 1.000000 4
12721 1.000000 3
12724 1.000000 3
12727 1.000000 3
12730 1.000000 3
12733 1.000000 3
12736 1.000000 3
12739 1.000000 3
12742 1.000000 3
12745 1.000000 3
12748 1.000000 3
12753 0.000000 5
12756 1.000000 3
12759 1.000000 3
12762 -1.000000 3
12765 1.000000 3
12768 1.000000 3
12772 1.000000 4
12775 1.000000 3
12779 -1.000000 4
12783 1.000000 4
12786 1.000000 3
12789 1.000000 3
12792 1.000000 3
12796 -1.000000 4
12799 1.000000 3
12802 1.000000 3
12806 1.000000 4
12809 1.000000 3
12812 -1.000000 3
12815 1.000000 3
12818 1.000000 3
12821 1.000000 3
12824 1.000000 3
12828 1.000000 4
12831 -1.000000 3
12835 1.000000 4
12838 1.000000 3
12842 1.000000 4
12846 1.000000 4
12850 1.000000 4
12853 1.000000 3
12856 1.000000 3
12860 1.000000 4
12863 1.000000 3
12867 1.000000 4
12870 1.000000 3
12873 1.000000 3
12877 1.000000 4
12880 1.000000 3
12883 1.000000 3
12886 1.000000 3
12890 1.000000 4
12893 1.000000 3
12897 1.000000 4
12900 -1.000000 3
12904 1.000000 4
12908 1.000000 4
12911 1.000000 3
12914 1.000000 3
12919 0.000000 5
12922 1.000000 3
12925 1.000000 3
12930 0.000000 5
12935 1.000000 5
12939 1.000000 4
12943 1.000000 4
12946 1.000000 3
12949 1.000000 3
12954 1.000000 5
12957 -1.000000 3
12960 1.000000 3
12963 1.000000 3
12966 1.000000 3
12969 1.000000 3
12972 1.000000 3
12976 1.000000 4
12979 1.000000 3
12983 1.000000 4
12987 1.000000 4
12992 0.000000 5
12995 -1.000000 3
12998 1.000000 3
13002 -1.000000 4
13005 1.000000 3
13008 1.000000 3
13012 1.000000 4
13015 1.000000 3
13019 1.000000 4
13022 1.000000 3
13027 0.000000 5
13030 1.000000 3
13033 1.000000 3
13036 1.000000 3
13039 1.000000 3
13042 1.000000 3
13046 1.000000 4
13049 1.000000 3
13052 1.000000 3
13055 1.000000 3
13060 0.000000 5
13065 0.000000 5
13068 1.000000 3
13071 1.000000 3
13074 1.000000 3
13077 1.000000 3
13080 1.000000 3
13084 1.000000 4
13087 1.000000 3
13091 1.000000 4
13094 1.000000 3
13097 1.000000 3
13100 1.000000 3
13103 1.000000 3
13106 1.000000 3
13110 -1.000000 4
13113 1.000000 3
13117 1.000000 4
13120 -1.000000 3
13124 1.000000 4
13128 1.000000 4
13132 1.000000 4
13136 1.000000 4
13139 1.000000 3
13143 1.000000 4
13148 0.000000 5
13152 1.000000 4
13157 0.000000 5
13160 1.000000 3
13163 1.000000 3
13166 1.000000 3
13169 1.000000 3
13172 1.000000 3
13175 1.000000 3
13179 1.000000 4
13182 1.000000 3
13186 1.000000 4
13189 1.000000 3
13192 1.000000 3
13195 1.000000 3
13198 1.000000 3
13202 1.000000 4
13206 1.000000 4
13209 1.000000 3
13212 1.000000 3
13216 1.000000 4
13220 1.000000 4
13224 1.000000 4
13227 1.000000 3
13230 1.000000 3
13234 -1.000000 4
13237 1.000000 3
13240 1.000000 3
13245 0.000000 5
13248 1.000000 3
13253 0.000000 5
13256 1.000000 3
13259 1.000000 3
13262 1.000000 3
13265 1.000000 3
13270 1.000000 5
13273 1.000000 3
13276 1.000000 3
13279 1.000000 3
13282 -1.000000 3
13285 -1.000000 3
13288 1.000000 3
13291 1.000000 3
13295 1.000000 4
13300 1.000000 5
13303 1.000000 3
13307 1.000000 4
13311 1.000000 4
13316 0.000000 5
13319 1.000000 3
13323 1.000000 4
13326 1.000000 3
13329 1.000000 3
13332 1.000000 3
13335 1.000000 3
13338 1.000000 3
13341 1.000000 3
13344 1.000000 3
13347 1.000000 3
13351 1.000000 4
13354 1.000000 3
13358 1.000000 4
13363 0.000000 5
13367 1.000000 4
13371 1.000000 4
13374 1.000000 3
13378 1.000000 4
13382 -1.000000 4
13386 1.000000 4
13390 1.000000 4
13395 0.000000 5
13398 1.000000 3
13403 0.000000 5
13407 1.000000 4
13410 1.000000 3
13414 1.000000 4
13417 1.000000 3
13421 1.000000 4
13425 -1.000000 4
13430 0.000000 5
13434 1.000000 4
13438 1.000000 4
13441 1.000000 3
13444 1.000000 3
13447 1.000000 3
13450 1.000000 3
13453 1.000000 3
13457 1.000000 4
13460 1.000000 3
13463 1.000000 3
13466 1.000000 3
13469 1.000000 3
13472 1.000000 3
13475 1.000000 3
13479 1.000000 4
13482 1.000000 3
13487 0.000000 5
13492 1.000000 5
13496 1.000000 4
13499 1.000000 3
13502 1.000000 3
13505 1.000000 3
13510 0.000000 5
13513 -1.000000 3
13516 -1.000000 3
13521 1.000000 5
13525 1.000000 4
13528 1.000000 3
13533 0.000000 5
13537 1.000000 4
13540 1.000000 3
13544 1.000000 4
13548 1.000000 4
13551 -1.000000 3
13554 1.000000 3
13557 1.000000 3
13560 1.000000 3
13563 1.000000 3
13566 1.000000 3
13569 1.000000 3
13572 1.000000 3
13575 1.000000 3
13578 1.000000 3
13581 1.000000 3
13584 1.000000 3
13588 1.000000 4
13591 1.000000 3
13595 1.000000 4
13598 1.000000 3
13601 1.000000 3
13604 1.000000 3
13607 1.000000 3
13610 1.000000 3
13613 1.000000 3
13616 1.000000 3
13619 -1.000000 3
13623 1.000000 4
13628 0.000000 5
13632 1.000000 4
13635 1.000000 3
13638 1.000000 3
13642 1.000000 4
13646 1.000000 4
13650 1.000000 4
13654 1.000000 4
13657 1.000000 3
13661 1.000000 4
13664 1.000000 3
13667 1.000000 3
13670 1.000000 3
13674 1.000000 4
13677 1.000000 3
13680 1.000000 3
13683 1.000000 3
13686 1.000000 3
13689 1.000000 3
13693 1.000000 4
13697 1.000000 4
13700 1.000000 3
13703 1.000000 3
13708 0.000000 5
13711 1.000000 3
13714 1.000000 3
13717 1.000000 3
13720 1.000000 3
13723 1.000000 3
13727 1.000000 4
13731 1.000000 4
13735 1.000000 4
13739 1.000000 4
13742 1.000000 3
13746 1.000000 4
13749 1.000000 3
13753 -1.000000 4
13756 1.000000 3
13760 1.000000 4
13764 1.000000 4
13767 1.000000 3
13770 1.000000 3
13773 1.000000 3
13776 1.000000 3
13780 1.000000 4
13783 1.000000 3
13786 1.000000 3
13789 1.000000 3
13793 1.000000 4
13796 1.000000 3
13800 1.000000 4
13805 0.000000 5
13809 -1.000000 4
13813 1.000000 4
13816 1.000000 3
13820 1.000000 4
13823 1.000000 3
13826 1.000000 3
13829 1.000000 3
13833 -1.000000 4
13837 -1.000000 4
13840 1.000000 3
13845 0.000000 5
13848 1.000000 3
13853 0.000000 5
13858 0.000000 5
13861 1.000000 3
13864 1.000000 3
13867 1.000000 3
13871 1.000000 4
13874 1.000000 3
13877 1.000000 3
13882 0.000000 5
13885 1.000000 3
13888 1.000000 3
13891 -1.000000 3
13894 1.000000 3
13897 1.000000 3
13900 1.000000 3
13903 1.000000 3
13907 1.000000 4
13910 1.000000 3
13914 1.000000 4
13917 1.000000 3
13920 -1.000000 3
13924 1.000000 4
13927 1.000000 3
13930 1.000000 3
13933 1.000000 3
13938 0.000000 5
13941 1.000000 3
13945 1.000000 4
13948 1.000000 3
13951 1.000000 3
13955 1.000000 4
13958 1.000000 3
13961 1.000000 3
13964 1.000000 3
13967 1.000000 3
13970 1.000000 3
13973 1.000000 3
13977 1.000000 4
13981 1.000000 4
13984 1.000000 3
13989 0.000000 5
13994 0.000000 5
13997 1.000000 3
14000 1.000000 3
14003 1.000000 3
14006 1.000000 3
