1 1.000000 1
2 1.000000 1
3 1.000000 1
4 1.000000 1
5 1.000000 1
6 1.000000 1
8 1.000000 2
9 1.000000 1
10 1.000000 1
11 1.000000 1
12 1.000000 1
13 1.000000 1
14 1.000000 1
15 1.000000 1
16 1.000000 1
18 1.000000 2
20 1.000000 2
21 1.000000 1
23 1.000000 2
24 1.000000 1
25 1.000000 1
26 1.000000 1
27 1.000000 1
28 1.000000 1
29 1.000000 1
30 1.000000 1
31 1.000000 1
32 1.000000 1
33 1.000000 1
36 1.000000 3
37 1.000000 1
39 1.000000 2
40 1.000000 1
41 1.000000 1
42 1.000000 1
43 1.000000 1
44 1.000000 1
45 1.000000 1
46 1.000000 1
48 1.000000 2
49 1.000000 1
51 1.000000 2
52 1.000000 1
55 1.000000 3
56 1.000000 1
57 1.000000 1
58 1.000000 1
59 1.000000 1
60 1.000000 1
61 1.000000 1
62 1.000000 1
63 1.000000 1
64 1.000000 1
65 1.000000 1
66 1.000000 1
67 1.000000 1
68 1.000000 1
69 1.000000 1
71 1.000000 2
72 1.000000 1
73 1.000000 1
74 1.000000 1
75 1.000000 1
76 1.000000 1
77 1.000000 1
80 1.000000 3
81 1.000000 1
82 1.000000 1
83 1.000000 1
84 1.000000 1
85 1.000000 1
86 1.000000 1
87 1.000000 1
88 1.000000 1
89 1.000000 1
90 1.000000 1
91 1.000000 1
92 1.000000 1
93 1.000000 1
