5 1.000000 5
9 1.000000 4
13 1.000000 4
16 1.000000 3
20 -1.000000 4
23 -1.000000 3
27 1.000000 4
31 -1.000000 4
35 -1.000000 4
39 1.000000 4
42 1.000000 3
46 -1.000000 4
49 1.000000 3
53 1.000000 4
57 -1.000000 4
61 -1.000000 4
66 1.000000 5
70 1.000000 4
75 0.000000 5
78 -1.000000 3
82 -1.000000 4
86 1.000000 4
90 -1.000000 4
94 1.000000 4
98 -1.000000 4
103 1.000000 5
108 1.000000 5
113 0.000000 5
117 -1.000000 4
122 1.000000 5
126 1.000000 4
130 1.000000 4
135 1.000000 5
140 1.000000 5
143 1.000000 3
148 0.000000 5
152 -1.000000 4
156 1.000000 4
159 -1.000000 3
164 0.000000 5
169 0.000000 5
173 -1.000000 4
176 1.000000 3
181 1.000000 5
185 -1.000000 4
188 1.000000 3
193 0.000000 5
197 -1.000000 4
201 1.000000 4
205 -1.000000 4
210 1.000000 5
213 -1.000000 3
218 0.000000 5
223 0.000000 5
228 0.000000 5
232 -1.000000 4
236 1.000000 4
241 1.000000 5
246 1.000000 5
251 1.000000 5
256 1.000000 5
259 1.000000 3
262 -1.000000 3
266 1.000000 4
269 -1.000000 3
274 1.000000 5
279 1.000000 5
284 0.000000 5
288 1.000000 4
293 1.000000 5
298 1.000000 5
302 -1.000000 4
306 1.000000 4
311 1.000000 5
315 1.000000 4
320 1.000000 5
323 -1.000000 3
327 1.000000 4
331 1.000000 4
335 -1.000000 4
338 1.000000 3
343 1.000000 5
347 1.000000 4
352 1.000000 5
355 -1.000000 3
359 -1.000000 4
364 1.000000 5
367 -1.000000 3
372 1.000000 5
377 0.000000 5
381 1.000000 4
385 1.000000 4
388 1.000000 3
392 -1.000000 4
397 1.000000 5
402 1.000000 5
406 -1.000000 4
411 1.000000 5
415 -1.000000 4
420 1.000000 5
424 -1.000000 4
429 1.000000 5
434 0.000000 5
439 0.000000 5
444 1.000000 5
448 1.000000 4
453 1.000000 5
456 1.000000 3
460 1.000000 4
464 1.000000 4
467 -1.000000 3
472 1.000000 5
476 1.000000 4
481 1.000000 5
485 1.000000 4
490 1.000000 5
495 1.000000 5
500 1.000000 5
503 1.000000 3
506 1.000000 3
510 -1.000000 4
515 1.000000 5
519 1.000000 4
523 1.000000 4
527 1.000000 4
531 1.000000 4
535 1.000000 4
540 1.000000 5
544 1.000000 4
549 1.000000 5
554 0.000000 5
559 0.000000 5
563 1.000000 4
566 1.000000 3
569 -1.000000 3
572 -1.000000 3
576 -1.000000 4
580 1.000000 4
584 -1.000000 4
589 0.000000 5
593 1.000000 4
596 1.000000 3
600 1.000000 4
604 1.000000 4
608 1.000000 4
613 1.000000 5
617 1.000000 4
620 -1.000000 3
625 1.000000 5
629 -1.000000 4
633 1.000000 4
637 -1.000000 4
640 -1.000000 3
645 1.000000 5
648 1.000000 3
653 0.000000 5
657 1.000000 4
660 -1.000000 3
664 -1.000000 4
668 -1.000000 4
673 1.000000 5
676 1.000000 3
680 1.000000 4
683 1.000000 3
688 1.000000 5
692 -1.000000 4
696 -1.000000 4
700 -1.000000 4
705 1.000000 5
709 1.000000 4
713 -1.000000 4
716 1.000000 3
720 1.000000 4
725 0.000000 5
729 1.000000 4
734 1.000000 5
739 1.000000 5
743 1.000000 4
747 1.000000 4
752 0.000000 5
755 -1.000000 3
759 1.000000 4
764 0.000000 5
767 -1.000000 3
771 1.000000 4
776 0.000000 5
780 1.000000 4
784 -1.000000 4
788 1.000000 4
792 1.000000 4
797 0.000000 5
800 1.000000 3
804 1.000000 4
807 -1.000000 3
811 1.000000 4
815 1.000000 4
820 1.000000 5
823 -1.000000 3
826 -1.000000 3
830 1.000000 4
834 1.000000 4
839 1.000000 5
843 -1.000000 4
847 1.000000 4
852 1.000000 5
856 1.000000 4
860 1.000000 4
865 0.000000 5
869 -1.000000 4
874 1.000000 5
878 -1.000000 4
882 1.000000 4
887 1.000000 5
891 -1.000000 4
896 0.000000 5
900 1.000000 4
905 0.000000 5
908 1.000000 3
912 -1.000000 4
917 1.000000 5
920 1.000000 3
924 -1.000000 4
929 0.000000 5
933 1.000000 4
936 1.000000 3
941 0.000000 5
946 0.000000 5
950 1.000000 4
955 1.000000 5
960 1.000000 5
964 -1.000000 4
967 -1.000000 3
972 0.000000 5
975 -1.000000 3
979 1.000000 4
983 -1.000000 4
987 1.000000 4
991 -1.000000 4
995 1.000000 4
999 1.000000 4
1004 1.000000 5
1008 1.000000 4
1012 1.000000 4
1017 0.000000 5
1022 0.000000 5
1025 1.000000 3
1029 1.000000 4
1033 1.000000 4
1037 1.000000 4
1040 1.000000 3
1043 -1.000000 3
1046 1.000000 3
1050 -1.000000 4
1053 1.000000 3
1057 1.000000 4
1061 1.000000 4
1064 1.000000 3
1068 1.000000 4
1072 1.000000 4
1076 1.000000 4
1080 1.000000 4
1084 1.000000 4
1088 1.000000 4
1092 1.000000 4
1095 1.000000 3
1098 1.000000 3
1102 1.000000 4
1105 1.000000 3
1109 1.000000 4
1113 1.000000 4
1118 0.000000 5
1122 1.000000 4
1126 1.000000 4
1130 1.000000 4
1134 1.000000 4
1138 1.000000 4
1142 1.000000 4
1146 1.000000 4
1151 1.000000 5
1155 1.000000 4
1159 1.000000 4
1163 1.000000 4
1167 1.000000 4
1171 1.000000 4
1175 1.000000 4
1178 -1.000000 3
1182 1.000000 4
1186 1.000000 4
1190 1.000000 4
1194 1.000000 4
1199 0.000000 5
1203 1.000000 4
1207 1.000000 4
1212 1.000000 5
1217 0.000000 5
1221 1.000000 4
1225 1.000000 4
1229 1.000000 4
1232 1.000000 3
1236 1.000000 4
1240 1.000000 4
1244 1.000000 4
1247 1.000000 3
1252 0.000000 5
1256 1.000000 4
1259 1.000000 3
1262 -1.000000 3
1266 1.000000 4
1270 -1.000000 4
1275 0.000000 5
1279 1.000000 4
1283 -1.000000 4
1287 1.000000 4
1290 -1.000000 3
1295 0.000000 5
1299 1.000000 4
1303 1.000000 4
1306 1.000000 3
1310 1.000000 4
1315 0.000000 5
1319 1.000000 4
1323 1.000000 4
1327 1.000000 4
1330 1.000000 3
1334 -1.000000 4
1337 -1.000000 3
1341 1.000000 4
1346 1.000000 5
1350 -1.000000 4
1354 1.000000 4
1358 1.000000 4
1362 1.000000 4
1366 1.000000 4
1371 0.000000 5
1376 0.000000 5
1380 1.000000 4
1384 1.000000 4
1388 1.000000 4
1392 1.000000 4
1396 1.000000 4
1399 -1.000000 3
1403 1.000000 4
1407 1.000000 4
1411 1.000000 4
1415 1.000000 4
1419 1.000000 4
1423 1.000000 4
1426 1.000000 3
1430 1.000000 4
1433 1.000000 3
1437 1.000000 4
1441 1.000000 4
1445 1.000000 4
1449 1.000000 4
1452 1.000000 3
1456 1.000000 4
1460 -1.000000 4
1464 1.000000 4
1468 1.000000 4
1472 1.000000 4
1476 1.000000 4
1480 1.000000 4
1483 1.000000 3
1487 1.000000 4
1491 1.000000 4
1494 1.000000 3
1497 1.000000 3
1501 1.000000 4
1505 1.000000 4
1509 1.000000 4
1513 1.000000 4
1517 1.000000 4
1521 1.000000 4
1525 1.000000 4
1529 1.000000 4
1532 1.000000 3
1536 1.000000 4
1540 1.000000 4
1544 1.000000 4
1548 1.000000 4
1552 1.000000 4
1555 -1.000000 3
1558 1.000000 3
1562 -1.000000 4
1566 1.000000 4
1570 1.000000 4
1575 0.000000 5
1578 -1.000000 3
1582 1.000000 4
1586 1.000000 4
1590 1.000000 4
1594 1.000000 4
1599 0.000000 5
1602 -1.000000 3
1607 0.000000 5
1611 1.000000 4
1615 1.000000 4
1619 1.000000 4
1623 1.000000 4
1627 1.000000 4
1631 1.000000 4
1634 1.000000 3
1638 1.000000 4
1641 1.000000 3
1645 1.000000 4
1649 1.000000 4
1654 0.000000 5
1658 1.000000 4
1663 1.000000 5
1668 0.000000 5
1671 1.000000 3
1676 1.000000 5
1680 1.000000 4
1684 1.000000 4
1688 1.000000 4
1692 1.000000 4
1696 1.000000 4
1700 1.000000 4
1704 1.000000 4
1708 1.000000 4
1711 1.000000 3
1715 -1.000000 4
1719 1.000000 4
1723 1.000000 4
1726 -1.000000 3
1730 1.000000 4
1734 1.000000 4
1737 -1.000000 3
1740 1.000000 3
1744 1.000000 4
1748 1.000000 4
1752 1.000000 4
1756 1.000000 4
1760 1.000000 4
1764 1.000000 4
1768 -1.000000 4
1772 1.000000 4
1776 1.000000 4
1780 1.000000 4
1784 1.000000 4
1788 1.000000 4
1792 1.000000 4
1796 1.000000 4
1800 1.000000 4
1804 1.000000 4
1808 1.000000 4
1812 -1.000000 4
1816 1.000000 4
1820 1.000000 4
1824 1.000000 4
1828 1.000000 4
1831 1.000000 3
1835 1.000000 4
1838 -1.000000 3
1842 1.000000 4
1846 1.000000 4
1850 1.000000 4
1854 1.000000 4
1858 1.000000 4
1862 1.000000 4
1866 1.000000 4
1870 1.000000 4
1873 1.000000 3
1877 1.000000 4
1881 1.000000 4
1885 1.000000 4
1889 1.000000 4
1894 0.000000 5
1898 1.000000 4
1902 1.000000 4
1906 1.000000 4
1910 1.000000 4
1914 1.000000 4
1917 -1.000000 3
1920 1.000000 3
1923 1.000000 3
1927 1.000000 4
1931 1.000000 4
1935 1.000000 4
1938 -1.000000 3
1942 1.000000 4
1945 -1.000000 3
1949 1.000000 4
1953 1.000000 4
1958 0.000000 5
1961 -1.000000 3
1964 1.000000 3
1968 1.000000 4
1972 1.000000 4
1977 0.000000 5
1981 1.000000 4
1984 -1.000000 3
1989 0.000000 5
1992 1.000000 3
1996 1.000000 4
1999 1.000000 3
2002 -1.000000 3
2005 -1.000000 3
2008 -1.000000 3
2011 -1.000000 3
2014 -1.000000 3
2017 -1.000000 3
2020 -1.000000 3
2023 -1.000000 3
2026 -1.000000 3
2029 -1.000000 3
2032 -1.000000 3
2035 -1.000000 3
2038 -1.000000 3
2041 -1.000000 3
2044 -1.000000 3
2047 -1.000000 3
2050 -1.000000 3
2053 -1.000000 3
2056 -1.000000 3
2059 -1.000000 3
2062 -1.000000 3
2065 -1.000000 3
2068 -1.000000 3
2071 -1.000000 3
2074 -1.000000 3
2077 -1.000000 3
2080 -1.000000 3
2083 -1.000000 3
2086 -1.000000 3
2089 -1.000000 3
2092 -1.000000 3
2095 -1.000000 3
2098 -1.000000 3
2101 -1.000000 3
2104 -1.000000 3
2107 -1.000000 3
2110 -1.000000 3
2113 -1.000000 3
2116 -1.000000 3
2119 -1.000000 3
2122 -1.000000 3
2125 -1.000000 3
2128 -1.000000 3
2131 -1.000000 3
2134 -1.000000 3
2137 -1.000000 3
2140 -1.000000 3
2143 -1.000000 3
2146 -1.000000 3
2149 -1.000000 3
2152 -1.000000 3
2155 -1.000000 3
2158 -1.000000 3
2161 -1.000000 3
2164 -1.000000 3
2167 -1.000000 3
2170 -1.000000 3
2173 -1.000000 3
2176 -1.000000 3
2179 -1.000000 3
2182 -1.000000 3
2185 -1.000000 3
2188 -1.000000 3
2191 -1.000000 3
2194 -1.000000 3
2197 -1.000000 3
2200 -1.000000 3
2203 -1.000000 3
2206 -1.000000 3
2209 -1.000000 3
2212 -1.000000 3
2215 -1.000000 3
2218 -1.000000 3
2221 -1.000000 3
2224 -1.000000 3
2227 -1.000000 3
2230 -1.000000 3
2233 -1.000000 3
2236 -1.000000 3
2239 -1.000000 3
2242 -1.000000 3
2245 -1.000000 3
2248 -1.000000 3
2251 -1.000000 3
2254 -1.000000 3
2257 -1.000000 3
2260 -1.000000 3
2263 -1.000000 3
2266 -1.000000 3
2269 -1.000000 3
2272 -1.000000 3
2275 -1.000000 3
2278 -1.000000 3
2281 -1.000000 3
2284 -1.000000 3
2287 -1.000000 3
2290 -1.000000 3
2293 -1.000000 3
2296 -1.000000 3
2299 -1.000000 3
2302 -1.000000 3
2305 -1.000000 3
2308 -1.000000 3
2311 -1.000000 3
2314 -1.000000 3
2317 -1.000000 3
2320 -1.000000 3
2323 -1.000000 3
2326 -1.000000 3
2329 -1.000000 3
2332 -1.000000 3
2335 -1.000000 3
2338 -1.000000 3
2341 -1.000000 3
2344 -1.000000 3
2347 -1.000000 3
2350 -1.000000 3
2353 -1.000000 3
2356 -1.000000 3
2359 -1.000000 3
2362 -1.000000 3
2365 -1.000000 3
2368 -1.000000 3
2371 -1.000000 3
2374 -1.000000 3
2377 -1.000000 3
2380 -1.000000 3
2383 -1.000000 3
2386 -1.000000 3
2389 -1.000000 3
2392 -1.000000 3
2395 -1.000000 3
2398 -1.000000 3
2401 -1.000000 3
2404 -1.000000 3
2407 -1.000000 3
2410 -1.000000 3
2413 -1.000000 3
2416 -1.000000 3
2419 -1.000000 3
2422 -1.000000 3
2425 -1.000000 3
2428 -1.000000 3
2431 -1.000000 3
2434 -1.000000 3
2437 -1.000000 3
2440 -1.000000 3
2443 -1.000000 3
2446 -1.000000 3
2449 -1.000000 3
2452 -1.000000 3
2455 -1.000000 3
2458 -1.000000 3
2461 -1.000000 3
2464 -1.000000 3
2467 -1.000000 3
2470 -1.000000 3
2473 -1.000000 3
2476 -1.000000 3
2479 -1.000000 3
2482 -1.000000 3
2485 -1.000000 3
2488 -1.000000 3
2491 -1.000000 3
2494 -1.000000 3
2497 -1.000000 3
2500 -1.000000 3
2503 -1.000000 3
2506 -1.000000 3
2509 -1.000000 3
2512 -1.000000 3
2515 -1.000000 3
2518 -1.000000 3
2521 -1.000000 3
2524 -1.000000 3
2527 -1.000000 3
2530 -1.000000 3
2533 -1.000000 3
2536 -1.000000 3
2539 -1.000000 3
2542 -1.000000 3
2545 -1.000000 3
2548 -1.000000 3
2551 -1.000000 3
2554 -1.000000 3
2557 -1.000000 3
2560 -1.000000 3
2563 -1.000000 3
2566 -1.000000 3
2569 -1.000000 3
2572 -1.000000 3
2575 -1.000000 3
2578 -1.000000 3
2581 -1.000000 3
2584 -1.000000 3
2587 -1.000000 3
2590 -1.000000 3
2593 -1.000000 3
2596 -1.000000 3
2599 -1.000000 3
2602 -1.000000 3
2605 -1.000000 3
2608 -1.000000 3
2611 -1.000000 3
2614 -1.000000 3
2617 -1.000000 3
2620 -1.000000 3
2623 -1.000000 3
2626 -1.000000 3
2629 -1.000000 3
2632 -1.000000 3
2635 -1.000000 3
2638 -1.000000 3
2641 -1.000000 3
2644 -1.000000 3
2647 -1.000000 3
2650 -1.000000 3
2653 -1.000000 3
2656 -1.000000 3
2659 -1.000000 3
2662 -1.000000 3
2665 -1.000000 3
2668 -1.000000 3
2671 -1.000000 3
2674 -1.000000 3
2677 -1.000000 3
2680 -1.000000 3
2683 -1.000000 3
2686 -1.000000 3
2689 -1.000000 3
2692 -1.000000 3
2695 -1.000000 3
2698 -1.000000 3
2701 -1.000000 3
2704 -1.000000 3
2707 -1.000000 3
2710 -1.000000 3
2713 -1.000000 3
2716 -1.000000 3
2719 -1.000000 3
2722 -1.000000 3
2725 -1.000000 3
2728 -1.000000 3
2731 -1.000000 3
2734 -1.000000 3
2737 -1.000000 3
2740 -1.000000 3
2743 -1.000000 3
2746 -1.000000 3
2749 -1.000000 3
2752 -1.000000 3
2755 -1.000000 3
2758 -1.000000 3
2761 -1.000000 3
2764 -1.000000 3
2767 -1.000000 3
2770 -1.000000 3
2773 -1.000000 3
2776 -1.000000 3
2779 -1.000000 3
2782 -1.000000 3
2785 -1.000000 3
2788 -1.000000 3
2791 -1.000000 3
2794 -1.000000 3
2797 -1.000000 3
2800 -1.000000 3
2803 -1.000000 3
2806 -1.000000 3
2809 -1.000000 3
2812 -1.000000 3
2815 -1.000000 3
2818 -1.000000 3
2821 -1.000000 3
2824 -1.000000 3
2827 -1.000000 3
2830 -1.000000 3
2833 -1.000000 3
2836 -1.000000 3
2839 -1.000000 3
2842 -1.000000 3
2845 -1.000000 3
2848 -1.000000 3
2851 -1.000000 3
2854 -1.000000 3
2857 -1.000000 3
2860 -1.000000 3
2863 -1.000000 3
2866 -1.000000 3
2869 -1.000000 3
2872 -1.000000 3
2875 -1.000000 3
2878 -1.000000 3
2881 -1.000000 3
2884 -1.000000 3
2887 -1.000000 3
2890 -1.000000 3
2893 -1.000000 3
2896 -1.000000 3
2899 -1.000000 3
2902 -1.000000 3
2905 -1.000000 3
2908 -1.000000 3
2911 -1.000000 3
2914 -1.000000 3
2917 -1.000000 3
2920 -1.000000 3
2923 -1.000000 3
2926 -1.000000 3
2929 -1.000000 3
2932 -1.000000 3
2935 -1.000000 3
2938 -1.000000 3
2941 -1.000000 3
2944 -1.000000 3
2947 -1.000000 3
2950 -1.000000 3
2953 -1.000000 3
2956 -1.000000 3
2959 -1.000000 3
2962 -1.000000 3
2965 -1.000000 3
2968 -1.000000 3
2971 -1.000000 3
2974 -1.000000 3
2977 -1.000000 3
2980 -1.000000 3
2983 -1.000000 3
2986 -1.000000 3
2989 -1.000000 3
2992 -1.000000 3
2995 -1.000000 3
2998 -1.000000 3
3001 -1.000000 3
3004 -1.000000 3
3007 -1.000000 3
3010 1.000000 3
3013 1.000000 3
3016 1.000000 3
3019 1.000000 3
3022 1.000000 3
3025 1.000000 3
3028 1.000000 3
3031 1.000000 3
3034 1.000000 3
3037 1.000000 3
3040 1.000000 3
3043 1.000000 3
3046 1.000000 3
3049 1.000000 3
3052 1.000000 3
3055 1.000000 3
3058 1.000000 3
3061 1.000000 3
3064 1.000000 3
3067 1.000000 3
3070 1.000000 3
3073 1.000000 3
3076 1.000000 3
3079 1.000000 3
3082 1.000000 3
3085 1.000000 3
3088 1.000000 3
3091 1.000000 3
3094 1.000000 3
3097 1.000000 3
3100 1.000000 3
3103 1.000000 3
3106 1.000000 3
3109 1.000000 3
3112 1.000000 3
3115 1.000000 3
3118 1.000000 3
3121 1.000000 3
3124 1.000000 3
3127 1.000000 3
3130 1.000000 3
3133 1.000000 3
3136 1.000000 3
3139 1.000000 3
3142 1.000000 3
3145 1.000000 3
3148 1.000000 3
3151 1.000000 3
3154 1.000000 3
3157 1.000000 3
3160 1.000000 3
3163 1.000000 3
3166 1.000000 3
3169 1.000000 3
3172 1.000000 3
3175 1.000000 3
3178 1.000000 3
3181 1.000000 3
3184 1.000000 3
3187 1.000000 3
3190 1.000000 3
3193 1.000000 3
3196 1.000000 3
3199 1.000000 3
3202 1.000000 3
3205 1.000000 3
3208 1.000000 3
3211 1.000000 3
3214 1.000000 3
3217 1.000000 3
3220 1.000000 3
3223 1.000000 3
3226 1.000000 3
3229 1.000000 3
3232 1.000000 3
3235 1.000000 3
3238 1.000000 3
3241 1.000000 3
3244 1.000000 3
3247 1.000000 3
3250 1.000000 3
3253 1.000000 3
3256 1.000000 3
3259 1.000000 3
3262 1.000000 3
3265 1.000000 3
3268 1.000000 3
3271 1.000000 3
3274 1.000000 3
3277 1.000000 3
3280 1.000000 3
3283 1.000000 3
3286 1.000000 3
3289 1.000000 3
3292 1.000000 3
3295 1.000000 3
3298 1.000000 3
3301 1.000000 3
3304 1.000000 3
3307 1.000000 3
3310 1.000000 3
3313 1.000000 3
3316 1.000000 3
3319 1.000000 3
3322 1.000000 3
3325 1.000000 3
3328 1.000000 3
3331 1.000000 3
3334 1.000000 3
3337 1.000000 3
3340 1.000000 3
3343 1.000000 3
3346 1.000000 3
3349 1.000000 3
3352 1.000000 3
3355 1.000000 3
3358 1.000000 3
3361 1.000000 3
3364 1.000000 3
3367 1.000000 3
3370 1.000000 3
3373 1.000000 3
3376 1.000000 3
3379 1.000000 3
3382 1.000000 3
3385 1.000000 3
3388 1.000000 3
3391 1.000000 3
3394 1.000000 3
3397 1.000000 3
3400 1.000000 3
3403 1.000000 3
3406 1.000000 3
3409 1.000000 3
3412 1.000000 3
3415 1.000000 3
3418 1.000000 3
3421 1.000000 3
3424 1.000000 3
3427 1.000000 3
3430 1.000000 3
3433 1.000000 3
3436 1.000000 3
3439 1.000000 3
3442 1.000000 3
3445 1.000000 3
3448 1.000000 3
3451 1.000000 3
3454 1.000000 3
3457 1.000000 3
3460 1.000000 3
3463 1.000000 3
3466 1.000000 3
3469 1.000000 3
3472 1.000000 3
3475 1.000000 3
3478 1.000000 3
3481 1.000000 3
3484 1.000000 3
3487 1.000000 3
3490 1.000000 3
3493 1.000000 3
3496 1.000000 3
3499 1.000000 3
3502 1.000000 3
3505 1.000000 3
3508 1.000000 3
3511 1.000000 3
3514 1.000000 3
3517 1.000000 3
3520 1.000000 3
3523 1.000000 3
3526 1.000000 3
3529 1.000000 3
3532 1.000000 3
3535 1.000000 3
3538 1.000000 3
3541 1.000000 3
3544 1.000000 3
3547 1.000000 3
3550 1.000000 3
3553 1.000000 3
3556 1.000000 3
3559 1.000000 3
3562 1.000000 3
3565 1.000000 3
3568 1.000000 3
3571 1.000000 3
3574 1.000000 3
3577 1.000000 3
3580 1.000000 3
3583 1.000000 3
3586 1.000000 3
3589 1.000000 3
3592 1.000000 3
3595 1.000000 3
3598 1.000000 3
3601 1.000000 3
3604 1.000000 3
3607 1.000000 3
3610 1.000000 3
3613 1.000000 3
3616 1.000000 3
3619 1.000000 3
3622 1.000000 3
3625 1.000000 3
3628 1.000000 3
3631 1.000000 3
3634 1.000000 3
3637 1.000000 3
3640 1.000000 3
3643 1.000000 3
3646 1.000000 3
3649 1.000000 3
3652 1.000000 3
3655 1.000000 3
3658 1.000000 3
3661 1.000000 3
3664 1.000000 3
3667 1.000000 3
3670 1.000000 3
3673 1.000000 3
3676 1.000000 3
3679 1.000000 3
3682 1.000000 3
3685 1.000000 3
3688 1.000000 3
3691 1.000000 3
3694 1.000000 3
3697 1.000000 3
3700 1.000000 3
3703 1.000000 3
3706 1.000000 3
3709 1.000000 3
3712 1.000000 3
3715 1.000000 3
3718 1.000000 3
3721 1.000000 3
3724 1.000000 3
3727 1.000000 3
3730 1.000000 3
3733 1.000000 3
3736 1.000000 3
3739 1.000000 3
3742 1.000000 3
3745 1.000000 3
3748 1.000000 3
3751 1.000000 3
3754 1.000000 3
3757 1.000000 3
3760 1.000000 3
3763 1.000000 3
3766 1.000000 3
3769 1.000000 3
3772 1.000000 3
3775 1.000000 3
3778 1.000000 3
3781 1.000000 3
3784 1.000000 3
3787 1.000000 3
3790 1.000000 3
3793 1.000000 3
3796 1.000000 3
3799 1.000000 3
3802 1.000000 3
3805 1.000000 3
3808 1.000000 3
3811 1.000000 3
3814 1.000000 3
3817 1.000000 3
3820 1.000000 3
3823 1.000000 3
3826 1.000000 3
3829 1.000000 3
3832 1.000000 3
3835 1.000000 3
3838 1.000000 3
3841 1.000000 3
3844 1.000000 3
3847 1.000000 3
3850 1.000000 3
3853 1.000000 3
3856 1.000000 3
3859 1.000000 3
3862 1.000000 3
3865 1.000000 3
3868 1.000000 3
3871 1.000000 3
3874 1.000000 3
3877 1.000000 3
3880 1.000000 3
3883 1.000000 3
3886 1.000000 3
3889 1.000000 3
3892 1.000000 3
3895 1.000000 3
3898 1.000000 3
3901 1.000000 3
3904 1.000000 3
3907 1.000000 3
3910 1.000000 3
3913 1.000000 3
3916 1.000000 3
3919 1.000000 3
3922 1.000000 3
3925 1.000000 3
3928 1.000000 3
3931 1.000000 3
3934 1.000000 3
3937 1.000000 3
3940 1.000000 3
3943 1.000000 3
3946 1.000000 3
3949 1.000000 3
3952 1.000000 3
3955 1.000000 3
3958 1.000000 3
3961 1.000000 3
3964 1.000000 3
3967 1.000000 3
3970 1.000000 3
3973 1.000000 3
3976 1.000000 3
3979 1.000000 3
3982 1.000000 3
3985 1.000000 3
3988 1.000000 3
3991 1.000000 3
3994 1.000000 3
3997 1.000000 3
4000 1.000000 3
4003 1.000000 3
4006 1.000000 3
4009 1.000000 3
4012 1.000000 3
4015 1.000000 3
4018 1.000000 3
4021 1.000000 3
4024 1.000000 3
4027 1.000000 3
4030 1.000000 3
4033 1.000000 3
4036 1.000000 3
4039 1.000000 3
4042 1.000000 3
4045 1.000000 3
4048 1.000000 3
4051 1.000000 3
4054 1.000000 3
4057 1.000000 3
4060 1.000000 3
4063 1.000000 3
4066 1.000000 3
4069 1.000000 3
4072 1.000000 3
4075 1.000000 3
4078 1.000000 3
4081 1.000000 3
4084 1.000000 3
4087 1.000000 3
4090 1.000000 3
4093 1.000000 3
4096 1.000000 3
4099 1.000000 3
4102 1.000000 3
4105 1.000000 3
4108 1.000000 3
4111 1.000000 3
4114 1.000000 3
4117 1.000000 3
4120 1.000000 3
4123 1.000000 3
4126 1.000000 3
4129 1.000000 3
4132 1.000000 3
4135 1.000000 3
4138 1.000000 3
4141 1.000000 3
4144 1.000000 3
4147 1.000000 3
4150 1.000000 3
4153 1.000000 3
4156 1.000000 3
4159 1.000000 3
4162 1.000000 3
4165 1.000000 3
4168 1.000000 3
4171 1.000000 3
4174 1.000000 3
4177 1.000000 3
4180 1.000000 3
4183 1.000000 3
4186 1.000000 3
4189 1.000000 3
4192 1.000000 3
4195 1.000000 3
4198 1.000000 3
4201 1.000000 3
4204 1.000000 3
4207 1.000000 3
4210 1.000000 3
4213 1.000000 3
4216 1.000000 3
4219 1.000000 3
4222 1.000000 3
4225 1.000000 3
4228 1.000000 3
4231 1.000000 3
4234 1.000000 3
4237 1.000000 3
4240 1.000000 3
4243 1.000000 3
4246 1.000000 3
4249 1.000000 3
4252 1.000000 3
4255 1.000000 3
4258 1.000000 3
4261 1.000000 3
4264 1.000000 3
4267 1.000000 3
4270 1.000000 3
4273 1.000000 3
4276 1.000000 3
4279 1.000000 3
4282 1.000000 3
4285 1.000000 3
4288 1.000000 3
4291 1.000000 3
4294 1.000000 3
4297 1.000000 3
4300 1.000000 3
4303 1.000000 3
4306 1.000000 3
4309 1.000000 3
4312 1.000000 3
4315 1.000000 3
4318 1.000000 3
4321 1.000000 3
4324 1.000000 3
4327 1.000000 3
4330 1.000000 3
4333 1.000000 3
4336 1.000000 3
4339 1.000000 3
4342 1.000000 3
4345 1.000000 3
4348 1.000000 3
4351 1.000000 3
4354 1.000000 3
4357 1.000000 3
4360 1.000000 3
4363 1.000000 3
4366 1.000000 3
4369 1.000000 3
4372 1.000000 3
4375 1.000000 3
4378 1.000000 3
4381 1.000000 3
4384 1.000000 3
4387 1.000000 3
4390 1.000000 3
4393 1.000000 3
4396 1.000000 3
4399 1.000000 3
4402 1.000000 3
4405 1.000000 3
4408 1.000000 3
4411 1.000000 3
4414 1.000000 3
4417 1.000000 3
4420 1.000000 3
4423 1.000000 3
4426 1.000000 3
4429 1.000000 3
4432 1.000000 3
4435 1.000000 3
4438 1.000000 3
4441 1.000000 3
4444 1.000000 3
4447 1.000000 3
4450 1.000000 3
4453 1.000000 3
4456 1.000000 3
4459 1.000000 3
4462 1.000000 3
4465 1.000000 3
4468 1.000000 3
4471 1.000000 3
4474 1.000000 3
4477 1.000000 3
4480 1.000000 3
4483 1.000000 3
4486 1.000000 3
4489 1.000000 3
4492 1.000000 3
4495 1.000000 3
4498 1.000000 3
4501 1.000000 3
4504 1.000000 3
4507 1.000000 3
4510 1.000000 3
4513 1.000000 3
4516 1.000000 3
4519 1.000000 3
4522 1.000000 3
4525 1.000000 3
4528 1.000000 3
4531 1.000000 3
4534 1.000000 3
4537 1.000000 3
4540 1.000000 3
4544 1.000000 4
4547 1.000000 3
4550 1.000000 3
4553 1.000000 3
4556 1.000000 3
4559 1.000000 3
4562 1.000000 3
4565 1.000000 3
4568 1.000000 3
4571 1.000000 3
4574 1.000000 3
4577 1.000000 3
4580 1.000000 3
4583 1.000000 3
4586 1.000000 3
4589 1.000000 3
4592 1.000000 3
4595 1.000000 3
4598 1.000000 3
4601 1.000000 3
4604 1.000000 3
4607 1.000000 3
4610 1.000000 3
4613 1.000000 3
4616 1.000000 3
4619 1.000000 3
4622 1.000000 3
4625 1.000000 3
4628 1.000000 3
4631 1.000000 3
4634 1.000000 3
4637 1.000000 3
4640 1.000000 3
4643 1.000000 3
4646 1.000000 3
4649 1.000000 3
4652 1.000000 3
4655 1.000000 3
4658 1.000000 3
4661 1.000000 3
4664 1.000000 3
4667 1.000000 3
4670 1.000000 3
4673 1.000000 3
4676 1.000000 3
4679 1.000000 3
4682 1.000000 3
4685 1.000000 3
4688 1.000000 3
4691 1.000000 3
4694 1.000000 3
4697 1.000000 3
4700 1.000000 3
4703 1.000000 3
4706 1.000000 3
4709 1.000000 3
4712 1.000000 3
4715 1.000000 3
4718 1.000000 3
4721 1.000000 3
4724 1.000000 3
4727 1.000000 3
4730 1.000000 3
4733 1.000000 3
4736 1.000000 3
4739 1.000000 3
4742 1.000000 3
4745 1.000000 3
4748 1.000000 3
4751 1.000000 3
4754 1.000000 3
4757 1.000000 3
4760 1.000000 3
4763 1.000000 3
4766 1.000000 3
4769 1.000000 3
4772 1.000000 3
4775 1.000000 3
4778 1.000000 3
4781 1.000000 3
4784 1.000000 3
4787 1.000000 3
4790 1.000000 3
4793 1.000000 3
4796 1.000000 3
4799 1.000000 3
4802 1.000000 3
4805 1.000000 3
4808 1.000000 3
4811 1.000000 3
4815 1.000000 4
4818 1.000000 3
4821 1.000000 3
4824 1.000000 3
4827 1.000000 3
4830 1.000000 3
4833 1.000000 3
4836 1.000000 3
4839 1.000000 3
4842 1.000000 3
4845 1.000000 3
4848 1.000000 3
4851 1.000000 3
4854 1.000000 3
4857 1.000000 3
4860 1.000000 3
4863 1.000000 3
4866 1.000000 3
4869 1.000000 3
4872 1.000000 3
4875 1.000000 3
4878 1.000000 3
4881 1.000000 3
4884 1.000000 3
4887 1.000000 3
4890 1.000000 3
4893 1.000000 3
4896 1.000000 3
4899 1.000000 3
4902 1.000000 3
4905 1.000000 3
4908 1.000000 3
4911 1.000000 3
4914 1.000000 3
4917 1.000000 3
4920 1.000000 3
4923 1.000000 3
4926 1.000000 3
4929 1.000000 3
4932 1.000000 3
4935 1.000000 3
4938 1.000000 3
4941 1.000000 3
4944 1.000000 3
4947 1.000000 3
4950 1.000000 3
4953 1.000000 3
4956 1.000000 3
4959 1.000000 3
4962 1.000000 3
4965 1.000000 3
4968 1.000000 3
4971 1.000000 3
4974 1.000000 3
4977 1.000000 3
4980 1.000000 3
4983 1.000000 3
4986 1.000000 3
4989 1.000000 3
4992 1.000000 3
4995 1.000000 3
4998 1.000000 3
5001 1.000000 3
5004 1.000000 3
5007 1.000000 3
5010 1.000000 3
5013 -1.000000 3
5016 -1.000000 3
5019 -1.000000 3
5022 -1.000000 3
5025 -1.000000 3
5028 -1.000000 3
5031 -1.000000 3
5034 -1.000000 3
5037 -1.000000 3
5040 -1.000000 3
5043 -1.000000 3
5046 -1.000000 3
5049 -1.000000 3
5052 -1.000000 3
5055 -1.000000 3
5058 -1.000000 3
5061 -1.000000 3
5064 -1.000000 3
5067 -1.000000 3
5070 -1.000000 3
5073 -1.000000 3
5076 -1.000000 3
5079 -1.000000 3
5082 -1.000000 3
5085 -1.000000 3
5088 -1.000000 3
5091 -1.000000 3
5094 -1.000000 3
5097 -1.000000 3
5100 -1.000000 3
5103 -1.000000 3
5106 -1.000000 3
5109 -1.000000 3
5112 -1.000000 3
5115 -1.000000 3
5118 -1.000000 3
5121 -1.000000 3
5124 -1.000000 3
5127 -1.000000 3
5130 -1.000000 3
5133 -1.000000 3
5136 -1.000000 3
5139 -1.000000 3
5142 -1.000000 3
5145 -1.000000 3
5148 -1.000000 3
5151 -1.000000 3
5154 -1.000000 3
5157 -1.000000 3
5160 -1.000000 3
5163 -1.000000 3
5166 -1.000000 3
5169 -1.000000 3
5172 -1.000000 3
5175 -1.000000 3
5178 -1.000000 3
5181 -1.000000 3
5184 -1.000000 3
5187 -1.000000 3
5190 -1.000000 3
5193 -1.000000 3
5196 -1.000000 3
5199 -1.000000 3
5202 -1.000000 3
5205 -1.000000 3
5208 -1.000000 3
5211 -1.000000 3
5214 -1.000000 3
5217 -1.000000 3
5220 -1.000000 3
5223 -1.000000 3
5226 -1.000000 3
5229 -1.000000 3
5232 -1.000000 3
5235 -1.000000 3
5238 -1.000000 3
5241 -1.000000 3
5244 -1.000000 3
5247 -1.000000 3
5250 -1.000000 3
5253 -1.000000 3
5256 -1.000000 3
5259 -1.000000 3
5262 -1.000000 3
5265 -1.000000 3
5268 -1.000000 3
5271 -1.000000 3
5274 -1.000000 3
5277 -1.000000 3
5280 -1.000000 3
5283 -1.000000 3
5286 -1.000000 3
5289 -1.000000 3
5292 -1.000000 3
5295 -1.000000 3
5298 -1.000000 3
5301 -1.000000 3
5304 -1.000000 3
5307 -1.000000 3
5310 -1.000000 3
5313 -1.000000 3
5316 -1.000000 3
5319 -1.000000 3
5322 -1.000000 3
5325 -1.000000 3
5328 -1.000000 3
5331 -1.000000 3
5334 -1.000000 3
5337 -1.000000 3
5340 -1.000000 3
5343 -1.000000 3
5346 -1.000000 3
5349 -1.000000 3
5352 -1.000000 3
5355 -1.000000 3
5358 -1.000000 3
5361 -1.000000 3
5364 -1.000000 3
5367 -1.000000 3
5370 -1.000000 3
5373 -1.000000 3
5376 -1.000000 3
5379 -1.000000 3
5382 -1.000000 3
5385 -1.000000 3
5388 -1.000000 3
5391 -1.000000 3
5394 -1.000000 3
5397 -1.000000 3
5400 -1.000000 3
5403 -1.000000 3
5406 -1.000000 3
5409 -1.000000 3
5412 -1.000000 3
5415 -1.000000 3
5418 -1.000000 3
5421 -1.000000 3
5424 -1.000000 3
5427 -1.000000 3
5430 -1.000000 3
5433 -1.000000 3
5436 -1.000000 3
5439 -1.000000 3
5442 -1.000000 3
5445 -1.000000 3
5448 -1.000000 3
5451 -1.000000 3
5454 -1.000000 3
5457 -1.000000 3
5460 -1.000000 3
5463 -1.000000 3
5466 -1.000000 3
5469 -1.000000 3
5472 -1.000000 3
5475 -1.000000 3
5478 -1.000000 3
5481 -1.000000 3
5484 -1.000000 3
5487 -1.000000 3
5490 -1.000000 3
5493 -1.000000 3
5496 -1.000000 3
5499 -1.000000 3
5502 -1.000000 3
5505 -1.000000 3
5508 -1.000000 3
5511 -1.000000 3
5514 -1.000000 3
5517 -1.000000 3
5520 -1.000000 3
5523 -1.000000 3
5526 -1.000000 3
5529 -1.000000 3
5532 -1.000000 3
5535 -1.000000 3
5538 -1.000000 3
5541 -1.000000 3
5545 -1.000000 4
5548 -1.000000 3
5551 -1.000000 3
5554 -1.000000 3
5557 -1.000000 3
5560 -1.000000 3
5563 -1.000000 3
5566 -1.000000 3
5569 -1.000000 3
5572 -1.000000 3
5575 -1.000000 3
5578 -1.000000 3
5581 -1.000000 3
5584 -1.000000 3
5587 -1.000000 3
5590 -1.000000 3
5593 -1.000000 3
5596 -1.000000 3
5599 -1.000000 3
5602 -1.000000 3
5605 -1.000000 3
5608 -1.000000 3
5611 -1.000000 3
5614 -1.000000 3
5617 -1.000000 3
5620 -1.000000 3
5623 -1.000000 3
5626 -1.000000 3
5629 -1.000000 3
5632 -1.000000 3
5635 -1.000000 3
5638 -1.000000 3
5641 -1.000000 3
5644 -1.000000 3
5647 -1.000000 3
5650 -1.000000 3
5653 -1.000000 3
5656 -1.000000 3
5659 -1.000000 3
5662 -1.000000 3
5665 -1.000000 3
5668 -1.000000 3
5671 -1.000000 3
5674 -1.000000 3
5677 -1.000000 3
5680 -1.000000 3
5683 -1.000000 3
5686 -1.000000 3
5689 -1.000000 3
5692 -1.000000 3
5695 -1.000000 3
5698 -1.000000 3
5701 -1.000000 3
5704 -1.000000 3
5707 -1.000000 3
5710 -1.000000 3
5713 -1.000000 3
5716 -1.000000 3
5719 -1.000000 3
5722 -1.000000 3
5725 -1.000000 3
5728 -1.000000 3
5731 -1.000000 3
5734 -1.000000 3
5737 -1.000000 3
5740 -1.000000 3
5743 -1.000000 3
5746 -1.000000 3
5749 -1.000000 3
5752 -1.000000 3
5755 -1.000000 3
5758 -1.000000 3
5761 -1.000000 3
5764 -1.000000 3
5767 -1.000000 3
5770 -1.000000 3
5773 -1.000000 3
5776 -1.000000 3
5779 -1.000000 3
5782 -1.000000 3
5785 -1.000000 3
5788 -1.000000 3
5791 -1.000000 3
5794 -1.000000 3
5797 -1.000000 3
5800 -1.000000 3
5803 -1.000000 3
5806 -1.000000 3
5809 -1.000000 3
5812 -1.000000 3
5815 -1.000000 3
5818 -1.000000 3
5821 -1.000000 3
5824 -1.000000 3
5827 -1.000000 3
5830 -1.000000 3
5833 -1.000000 3
5836 -1.000000 3
5839 -1.000000 3
5842 -1.000000 3
5845 -1.000000 3
5848 -1.000000 3
5851 -1.000000 3
5854 -1.000000 3
5857 -1.000000 3
5860 -1.000000 3
5863 -1.000000 3
5866 -1.000000 3
5869 -1.000000 3
5872 -1.000000 3
5875 -1.000000 3
5878 -1.000000 3
5881 -1.000000 3
5884 -1.000000 3
5887 -1.000000 3
5890 -1.000000 3
5893 -1.000000 3
5896 -1.000000 3
5899 -1.000000 3
5902 -1.000000 3
5905 -1.000000 3
5908 -1.000000 3
5911 -1.000000 3
5914 -1.000000 3
5917 -1.000000 3
5920 -1.000000 3
5923 -1.000000 3
5926 -1.000000 3
5929 -1.000000 3
5932 -1.000000 3
5935 -1.000000 3
5938 -1.000000 3
5941 -1.000000 3
5944 -1.000000 3
5947 -1.000000 3
5950 -1.000000 3
5953 -1.000000 3
5956 -1.000000 3
5959 -1.000000 3
5962 -1.000000 3
5965 -1.000000 3
5968 -1.000000 3
5971 -1.000000 3
5974 -1.000000 3
5977 -1.000000 3
5980 -1.000000 3
5983 -1.000000 3
5986 -1.000000 3
5989 -1.000000 3
5992 -1.000000 3
5995 -1.000000 3
5998 -1.000000 3
6001 -1.000000 3
6004 -1.000000 3
6007 -1.000000 3
6010 -1.000000 3
