16 -1.000000 16
32 -1.000000 16
48 1.000000 16
64 -1.000000 16
80 1.000000 16
97 1.000000 17
112 -1.000000 15
128 1.000000 16
144 1.000000 16
161 1.000000 17
177 -1.000000 16
192 1.000000 15
208 1.000000 16
224 -1.000000 16
240 1.000000 16
257 1.000000 17
273 1.000000 16
289 1.000000 16
305 -1.000000 16
321 1.000000 16
337 1.000000 16
353 1.000000 16
369 -1.000000 16
385 1.000000 16
401 1.000000 16
417 -1.000000 16
433 1.000000 16
449 1.000000 16
465 1.000000 16
481 1.000000 16
497 -1.000000 16
513 1.000000 16
529 1.000000 16
544 1.000000 15
561 1.000000 17
577 1.000000 16
593 1.000000 16
609 1.000000 16
625 -1.000000 16
642 1.000000 17
658 -1.000000 16
673 1.000000 15
689 1.000000 16
706 1.000000 17
723 1.000000 17
739 -1.000000 16
755 1.000000 16
771 -1.000000 16
785 -1.000000 14
801 1.000000 16
817 -1.000000 16
833 1.000000 16
849 1.000000 16
865 -1.000000 16
881 1.000000 16
897 1.000000 16
913 1.000000 16
929 -1.000000 16
945 -1.000000 16
961 -1.000000 16
978 1.000000 17
994 -1.000000 16
1010 1.000000 16
1026 1.000000 16
1042 -1.000000 16
1058 1.000000 16
1074 1.000000 16
1090 -1.000000 16
1106 1.000000 16
1122 1.000000 16
1139 1.000000 17
1154 1.000000 15
1169 1.000000 15
1185 -1.000000 16
1201 1.000000 16
1209 -1.000000 8
1225 1.000000 16
1241 1.000000 16
1257 1.000000 16
1273 -1.000000 16
1289 -1.000000 16
1305 1.000000 16
1321 -1.000000 16
1337 -1.000000 16
1353 1.000000 16
1369 1.000000 16
1385 1.000000 16
1401 1.000000 16
1417 -1.000000 16
1433 1.000000 16
1449 -1.000000 16
1465 -1.000000 16
1481 1.000000 16
1497 1.000000 16
1513 1.000000 16
1529 -1.000000 16
1545 1.000000 16
1561 -1.000000 16
1577 1.000000 16
1593 -1.000000 16
1609 -1.000000 16
1625 1.000000 16
1642 -1.000000 17
1658 1.000000 16
1674 1.000000 16
1690 -1.000000 16
1706 1.000000 16
1722 1.000000 16
1738 -1.000000 16
1754 1.000000 16
1770 1.000000 16
1786 1.000000 16
1802 1.000000 16
1818 1.000000 16
1834 1.000000 16
1851 1.000000 17
1867 -1.000000 16
1882 1.000000 15
1898 1.000000 16
1915 1.000000 17
1931 -1.000000 16
1947 1.000000 16
1962 1.000000 15
1978 -1.000000 16
1994 -1.000000 16
2010 1.000000 16
2026 -1.000000 16
2041 1.000000 15
2055 1.000000 14
2071 -1.000000 16
2087 1.000000 16
2103 -1.000000 16
2119 1.000000 16
2135 -1.000000 16
2151 -1.000000 16
2166 -1.000000 15
2182 1.000000 16
2198 1.000000 16
2214 1.000000 16
2230 1.000000 16
2246 1.000000 16
2263 1.000000 17
2279 1.000000 16
2295 -1.000000 16
2311 1.000000 16
2328 -1.000000 17
2344 1.000000 16
2360 -1.000000 16
2376 1.000000 16
2393 1.000000 17
2409 1.000000 16
2425 1.000000 16
2441 1.000000 16
2457 -1.000000 16
2474 1.000000 17
2490 -1.000000 16
2506 1.000000 16
2522 1.000000 16
2538 1.000000 16
2554 -1.000000 16
2570 1.000000 16
2586 1.000000 16
2602 1.000000 16
2618 1.000000 16
2635 1.000000 17
2651 1.000000 16
2666 1.000000 15
2682 -1.000000 16
2698 1.000000 16
2714 1.000000 16
2730 1.000000 16
2746 1.000000 16
2762 1.000000 16
2778 -1.000000 16
2794 1.000000 16
2810 -1.000000 16
2826 -1.000000 16
2842 1.000000 16
2858 1.000000 16
2875 1.000000 17
2885 -1.000000 10
2901 1.000000 16
2917 1.000000 16
2933 -1.000000 16
2950 1.000000 17
2966 1.000000 16
2982 -1.000000 16
2999 1.000000 17
3015 1.000000 16
3031 -1.000000 16
3047 1.000000 16
3064 1.000000 17
3080 1.000000 16
3096 -1.000000 16
3112 1.000000 16
3128 -1.000000 16
3144 1.000000 16
3160 1.000000 16
3175 -1.000000 15
3191 1.000000 16
3207 1.000000 16
3223 -1.000000 16
3239 1.000000 16
3255 1.000000 16
3271 1.000000 16
3287 1.000000 16
3303 1.000000 16
3319 -1.000000 16
3335 1.000000 16
3351 1.000000 16
3367 -1.000000 16
3384 1.000000 17
3400 1.000000 16
3416 1.000000 16
3432 1.000000 16
3448 1.000000 16
3465 -1.000000 17
3481 -1.000000 16
3497 1.000000 16
3511 1.000000 14
3527 -1.000000 16
3543 1.000000 16
3559 -1.000000 16
3575 -1.000000 16
3591 -1.000000 16
3607 1.000000 16
3623 1.000000 16
3639 1.000000 16
3655 -1.000000 16
3671 -1.000000 16
3687 -1.000000 16
3703 1.000000 16
3719 1.000000 16
3735 -1.000000 16
3751 1.000000 16
3767 1.000000 16
3783 -1.000000 16
3799 1.000000 16
3816 1.000000 17
3832 -1.000000 16
3848 1.000000 16
3864 1.000000 16
3880 -1.000000 16
3895 1.000000 15
3911 1.000000 16
3927 -1.000000 16
3943 1.000000 16
3959 1.000000 16
3975 1.000000 16
3991 1.000000 16
4007 1.000000 16
4023 1.000000 16
4039 1.000000 16
4055 -1.000000 16
4071 1.000000 16
4087 1.000000 16
4104 1.000000 17
4120 1.000000 16
4136 -1.000000 16
4153 -1.000000 17
4169 -1.000000 16
4185 1.000000 16
4201 -1.000000 16
4217 -1.000000 16
4233 -1.000000 16
4249 1.000000 16
4265 1.000000 16
4281 1.000000 16
4297 1.000000 16
4313 1.000000 16
4329 1.000000 16
4345 -1.000000 16
4361 1.000000 16
4377 1.000000 16
4394 1.000000 17
4410 1.000000 16
4426 1.000000 16
4443 1.000000 17
4459 1.000000 16
4475 -1.000000 16
4491 -1.000000 16
4506 1.000000 15
4523 1.000000 17
4539 1.000000 16
4555 1.000000 16
4570 1.000000 15
4586 1.000000 16
4602 1.000000 16
4618 -1.000000 16
4634 1.000000 16
4650 -1.000000 16
4666 1.000000 16
4682 -1.000000 16
4698 -1.000000 16
4714 1.000000 16
4730 -1.000000 16
4746 1.000000 16
4762 1.000000 16
4778 -1.000000 16
4794 1.000000 16
4810 1.000000 16
4826 1.000000 16
4842 1.000000 16
4858 1.000000 16
4874 1.000000 16
4890 1.000000 16
4906 -1.000000 16
4922 1.000000 16
4938 1.000000 16
4954 1.000000 16
4970 -1.000000 16
4986 -1.000000 16
5002 -1.000000 16
5018 1.000000 16
5034 1.000000 16
5050 1.000000 16
5067 1.000000 17
5083 1.000000 16
5096 1.000000 13
5112 1.000000 16
5129 1.000000 17
5145 -1.000000 16
5161 -1.000000 16
5177 1.000000 16
5193 1.000000 16
5209 -1.000000 16
5226 1.000000 17
5240 1.000000 14
5256 -1.000000 16
5272 1.000000 16
5286 1.000000 14
5302 1.000000 16
5318 1.000000 16
5334 1.000000 16
5350 1.000000 16
5366 -1.000000 16
5382 1.000000 16
5398 -1.000000 16
5414 1.000000 16
5431 -1.000000 17
5448 1.000000 17
5464 1.000000 16
5480 1.000000 16
5496 -1.000000 16
5512 1.000000 16
5528 -1.000000 16
5544 1.000000 16
5560 1.000000 16
5576 1.000000 16
5589 -1.000000 13
5606 1.000000 17
5623 -1.000000 17
5639 1.000000 16
5655 -1.000000 16
5671 1.000000 16
5687 1.000000 16
5703 -1.000000 16
5719 1.000000 16
5735 -1.000000 16
5751 1.000000 16
5767 -1.000000 16
5783 1.000000 16
5799 1.000000 16
5815 1.000000 16
5831 -1.000000 16
5847 1.000000 16
5863 -1.000000 16
5879 1.000000 16
5895 1.000000 16
5911 -1.000000 16
5917 -1.000000 6
5933 1.000000 16
5949 1.000000 16
5965 -1.000000 16
5981 -1.000000 16
5997 1.000000 16
6013 -1.000000 16
6029 1.000000 16
6045 -1.000000 16
6061 1.000000 16
6077 -1.000000 16
6093 -1.000000 16
6109 1.000000 16
6122 1.000000 13
6138 -1.000000 16
6154 1.000000 16
6170 -1.000000 16
6186 1.000000 16
6202 1.000000 16
6218 -1.000000 16
6234 1.000000 16
6251 1.000000 17
6267 1.000000 16
6283 1.000000 16
6299 -1.000000 16
6315 -1.000000 16
6331 -1.000000 16
6347 1.000000 16
6363 1.000000 16
6379 -1.000000 16
6395 -1.000000 16
6412 1.000000 17
6428 1.000000 16
6444 -1.000000 16
6460 1.000000 16
6475 1.000000 15
6491 -1.000000 16
6507 1.000000 16
6523 1.000000 16
6539 1.000000 16
6555 1.000000 16
6571 1.000000 16
6587 -1.000000 16
6603 -1.000000 16
6619 -1.000000 16
6635 -1.000000 16
6651 -1.000000 16
6667 1.000000 16
6683 1.000000 16
6699 1.000000 16
6715 1.000000 16
6731 1.000000 16
6747 1.000000 16
6763 -1.000000 16
6779 -1.000000 16
6793 -1.000000 14
6809 1.000000 16
6825 1.000000 16
6841 1.000000 16
6857 1.000000 16
6873 -1.000000 16
6889 -1.000000 16
6905 1.000000 16
6921 1.000000 16
6938 -1.000000 17
6954 1.000000 16
6970 1.000000 16
6986 1.000000 16
7002 -1.000000 16
7018 -1.000000 16
7034 -1.000000 16
7050 -1.000000 16
7066 1.000000 16
7082 1.000000 16
7098 1.000000 16
7114 1.000000 16
7130 1.000000 16
7142 -1.000000 12
7159 1.000000 17
7175 -1.000000 16
7191 1.000000 16
7207 -1.000000 16
7224 1.000000 17
7240 1.000000 16
7256 1.000000 16
7272 1.000000 16
7288 1.000000 16
7303 -1.000000 15
7319 -1.000000 16
7335 1.000000 16
7351 1.000000 16
7367 1.000000 16
7383 1.000000 16
7399 1.000000 16
7415 -1.000000 16
7431 1.000000 16
7447 1.000000 16
7463 1.000000 16
7479 1.000000 16
7496 -1.000000 17
7512 1.000000 16
7528 1.000000 16
7544 1.000000 16
7560 -1.000000 16
7576 1.000000 16
7592 -1.000000 16
7608 -1.000000 16
7625 -1.000000 17
7641 -1.000000 16
7658 1.000000 17
7674 1.000000 16
7690 -1.000000 16
7706 1.000000 16
7722 1.000000 16
7738 1.000000 16
7754 1.000000 16
7770 1.000000 16
7786 1.000000 16
7802 -1.000000 16
7818 1.000000 16
7834 -1.000000 16
7850 -1.000000 16
7866 1.000000 16
7882 -1.000000 16
7898 1.000000 16
7914 1.000000 16
7930 1.000000 16
7946 -1.000000 16
7962 1.000000 16
7978 1.000000 16
7994 1.000000 16
8011 1.000000 17
8027 1.000000 16
8043 1.000000 16
8059 1.000000 16
8075 1.000000 16
8089 1.000000 14
8105 -1.000000 16
8120 -1.000000 15
8136 1.000000 16
8153 -1.000000 17
8169 -1.000000 16
8185 1.000000 16
8201 1.000000 16
8216 -1.000000 15
8232 1.000000 16
8248 1.000000 16
8264 1.000000 16
8280 1.000000 16
8297 -1.000000 17
8314 1.000000 17
8330 1.000000 16
8346 1.000000 16
8362 -1.000000 16
8378 -1.000000 16
8395 1.000000 17
8412 1.000000 17
8428 1.000000 16
8444 1.000000 16
8460 -1.000000 16
8476 1.000000 16
8492 -1.000000 16
8508 -1.000000 16
8524 -1.000000 16
8539 -1.000000 15
8555 1.000000 16
8571 1.000000 16
8584 1.000000 13
8600 1.000000 16
8616 1.000000 16
8632 1.000000 16
8647 1.000000 15
8663 1.000000 16
8679 1.000000 16
8696 -1.000000 17
8712 -1.000000 16
8728 1.000000 16
8744 -1.000000 16
8760 1.000000 16
8776 -1.000000 16
8792 1.000000 16
8808 1.000000 16
8824 -1.000000 16
8840 1.000000 16
8856 1.000000 16
8872 1.000000 16
8888 1.000000 16
8904 1.000000 16
8920 -1.000000 16
8936 1.000000 16
8953 1.000000 17
8969 1.000000 16
8984 1.000000 15
9000 -1.000000 16
9016 -1.000000 16
9033 1.000000 17
9049 1.000000 16
9065 -1.000000 16
9081 1.000000 16
9097 -1.000000 16
9113 -1.000000 16
9129 1.000000 16
9145 -1.000000 16
9161 1.000000 16
9177 1.000000 16
9193 1.000000 16
9208 -1.000000 15
9224 1.000000 16
9240 1.000000 16
9256 1.000000 16
9272 1.000000 16
9290 -1.000000 18
9306 -1.000000 16
9322 1.000000 16
9338 -1.000000 16
9354 -1.000000 16
9370 1.000000 16
9387 1.000000 17
9403 -1.000000 16
9419 1.000000 16
9435 1.000000 16
9451 1.000000 16
9467 -1.000000 16
9483 1.000000 16
9499 -1.000000 16
9513 -1.000000 14
9529 1.000000 16
9545 -1.000000 16
9562 1.000000 17
9578 -1.000000 16
9594 1.000000 16
9610 -1.000000 16
9627 1.000000 17
9643 -1.000000 16
9659 -1.000000 16
9675 1.000000 16
9690 -1.000000 15
9706 1.000000 16
9722 1.000000 16
9738 -1.000000 16
9754 -1.000000 16
9770 1.000000 16
9786 1.000000 16
9802 1.000000 16
9818 -1.000000 16
9834 1.000000 16
9850 -1.000000 16
9866 1.000000 16
9883 1.000000 17
9899 1.000000 16
9915 1.000000 16
9931 1.000000 16
9947 -1.000000 16
9962 1.000000 15
9977 1.000000 15
9993 -1.000000 16
10009 -1.000000 16
10023 1.000000 14
10039 1.000000 16
10055 1.000000 16
10071 -1.000000 16
10087 1.000000 16
10103 -1.000000 16
10120 1.000000 17
10136 -1.000000 16
10152 1.000000 16
10168 1.000000 16
10184 -1.000000 16
10201 1.000000 17
10217 -1.000000 16
10233 1.000000 16
10249 1.000000 16
10265 1.000000 16
10281 1.000000 16
10297 1.000000 16
10313 -1.000000 16
10329 1.000000 16
10345 -1.000000 16
10362 1.000000 17
10378 -1.000000 16
10394 -1.000000 16
10410 1.000000 16
10426 -1.000000 16
10442 1.000000 16
10458 1.000000 16
10473 1.000000 15
10490 1.000000 17
10506 1.000000 16
10522 1.000000 16
10539 1.000000 17
10555 1.000000 16
10571 -1.000000 16
10587 1.000000 16
10603 1.000000 16
10619 1.000000 16
10635 1.000000 16
10651 -1.000000 16
10666 1.000000 15
10682 -1.000000 16
10698 1.000000 16
10714 1.000000 16
10731 1.000000 17
10747 1.000000 16
10763 1.000000 16
10779 1.000000 16
10792 1.000000 13
10809 -1.000000 17
10825 -1.000000 16
10841 1.000000 16
10857 1.000000 16
10873 1.000000 16
10889 1.000000 16
10905 1.000000 16
10921 -1.000000 16
10937 -1.000000 16
10953 1.000000 16
10969 1.000000 16
10982 1.000000 13
10998 -1.000000 16
11014 -1.000000 16
11026 1.000000 12
11042 -1.000000 16
11058 1.000000 16
11074 1.000000 16
11090 -1.000000 16
11106 1.000000 16
11122 -1.000000 16
11138 1.000000 16
11154 1.000000 16
11170 1.000000 16
11186 -1.000000 16
11202 1.000000 16
11218 1.000000 16
11234 1.000000 16
11250 -1.000000 16
11266 1.000000 16
11282 1.000000 16
11298 -1.000000 16
11314 1.000000 16
11330 1.000000 16
11346 1.000000 16
11362 -1.000000 16
11379 -1.000000 17
11394 -1.000000 15
11410 1.000000 16
11426 1.000000 16
11442 -1.000000 16
11458 -1.000000 16
11475 1.000000 17
11492 1.000000 17
11508 -1.000000 16
11524 -1.000000 16
11540 1.000000 16
11556 1.000000 16
11575 -1.000000 19
11590 1.000000 15
11606 -1.000000 16
11622 -1.000000 16
11638 -1.000000 16
11654 -1.000000 16
11670 -1.000000 16
11686 -1.000000 16
11703 1.000000 17
11719 -1.000000 16
11735 1.000000 16
11751 -1.000000 16
11767 -1.000000 16
11783 1.000000 16
11799 1.000000 16
11815 1.000000 16
11831 1.000000 16
11847 -1.000000 16
11863 -1.000000 16
11879 -1.000000 16
11895 -1.000000 16
11911 -1.000000 16
11928 -1.000000 17
11945 1.000000 17
11961 -1.000000 16
11977 1.000000 16
11993 -1.000000 16
12009 1.000000 16
12025 -1.000000 16
12041 1.000000 16
12057 1.000000 16
12073 -1.000000 16
12089 -1.000000 16
12105 1.000000 16
12121 -1.000000 16
12137 -1.000000 16
12154 1.000000 17
12170 -1.000000 16
12185 1.000000 15
12201 -1.000000 16
12215 1.000000 14
12231 1.000000 16
12247 1.000000 16
12263 -1.000000 16
12279 1.000000 16
12295 -1.000000 16
12311 -1.000000 16
12327 1.000000 16
12343 1.000000 16
12360 1.000000 17
12376 1.000000 16
12393 1.000000 17
12409 -1.000000 16
12425 1.000000 16
12441 1.000000 16
12458 -1.000000 17
12474 -1.000000 16
12490 1.000000 16
12504 1.000000 14
12521 1.000000 17
12537 1.000000 16
12553 -1.000000 16
12569 -1.000000 16
12585 -1.000000 16
12601 1.000000 16
12617 -1.000000 16
12633 1.000000 16
12649 1.000000 16
12665 -1.000000 16
12681 1.000000 16
12697 1.000000 16
12713 -1.000000 16
12729 1.000000 16
12745 1.000000 16
12761 -1.000000 16
12778 1.000000 17
12794 1.000000 16
12810 -1.000000 16
12825 1.000000 15
12841 1.000000 16
12857 1.000000 16
12873 -1.000000 16
12889 -1.000000 16
12905 1.000000 16
12921 1.000000 16
12938 1.000000 17
12954 -1.000000 16
12970 1.000000 16
12986 -1.000000 16
13002 1.000000 16
13018 -1.000000 16
13034 1.000000 16
13049 1.000000 15
13065 1.000000 16
13082 -1.000000 17
13098 1.000000 16
13114 -1.000000 16
13130 1.000000 16
13146 -1.000000 16
13162 1.000000 16
13178 1.000000 16
13194 1.000000 16
13210 1.000000 16
13226 -1.000000 16
13242 -1.000000 16
13258 1.000000 16
13274 1.000000 16
13290 1.000000 16
13305 1.000000 15
13321 -1.000000 16
13337 1.000000 16
13353 -1.000000 16
13369 -1.000000 16
13385 1.000000 16
13398 -1.000000 13
13414 1.000000 16
13430 -1.000000 16
13446 -1.000000 16
13462 1.000000 16
13478 -1.000000 16
13494 -1.000000 16
13511 1.000000 17
13527 1.000000 16
13543 1.000000 16
13559 1.000000 16
13575 1.000000 16
13591 1.000000 16
13609 1.000000 18
13625 1.000000 16
13641 1.000000 16
13657 1.000000 16
13673 1.000000 16
13688 1.000000 15
13704 -1.000000 16
13720 -1.000000 16
13736 -1.000000 16
13752 1.000000 16
13768 -1.000000 16
13785 1.000000 17
13801 1.000000 16
13817 1.000000 16
13833 -1.000000 16
13849 1.000000 16
13865 -1.000000 16
13881 -1.000000 16
13897 1.000000 16
13913 -1.000000 16
13929 -1.000000 16
13939 -1.000000 10
13949 -1.000000 10
13965 1.000000 16
13981 1.000000 16
13997 -1.000000 16
14013 -1.000000 16
14029 1.000000 16
14045 -1.000000 16
14061 -1.000000 16
14077 -1.000000 16
14093 1.000000 16
14110 1.000000 17
14126 1.000000 16
14142 1.000000 16
14158 -1.000000 16
14174 1.000000 16
14190 1.000000 16
14206 1.000000 16
14222 -1.000000 16
14238 1.000000 16
14254 -1.000000 16
14270 1.000000 16
14287 1.000000 17
14303 -1.000000 16
14319 -1.000000 16
14335 -1.000000 16
14351 1.000000 16
14367 -1.000000 16
14383 -1.000000 16
14396 1.000000 13
14412 1.000000 16
14428 1.000000 16
14446 1.000000 18
14462 -1.000000 16
14478 -1.000000 16
14494 1.000000 16
14510 1.000000 16
14526 1.000000 16
14542 -1.000000 16
14558 1.000000 16
14574 1.000000 16
14590 -1.000000 16
14607 1.000000 17
14623 1.000000 16
14639 1.000000 16
14656 1.000000 17
14672 1.000000 16
14688 1.000000 16
14704 1.000000 16
14720 1.000000 16
14736 -1.000000 16
14752 -1.000000 16
14768 -1.000000 16
14785 -1.000000 17
14801 -1.000000 16
14817 1.000000 16
14833 1.000000 16
14849 1.000000 16
14865 1.000000 16
14881 1.000000 16
14897 1.000000 16
14913 1.000000 16
14929 -1.000000 16
14945 -1.000000 16
14961 1.000000 16
14972 -1.000000 11
14988 1.000000 16
15004 -1.000000 16
15020 -1.000000 16
15036 1.000000 16
15052 1.000000 16
15068 -1.000000 16
15084 -1.000000 16
15101 -1.000000 17
15117 1.000000 16
15133 1.000000 16
15149 1.000000 16
15165 1.000000 16
15181 -1.000000 16
15198 1.000000 17
15214 1.000000 16
15230 1.000000 16
15246 1.000000 16
15262 -1.000000 16
15278 -1.000000 16
15295 -1.000000 17
15310 1.000000 15
15326 -1.000000 16
15342 1.000000 16
15358 -1.000000 16
15374 1.000000 16
15390 -1.000000 16
15407 1.000000 17
15423 1.000000 16
15439 1.000000 16
15455 1.000000 16
15471 -1.000000 16
15487 1.000000 16
15503 1.000000 16
15519 1.000000 16
15535 -1.000000 16
15551 1.000000 16
15567 -1.000000 16
15583 1.000000 16
15599 1.000000 16
15615 -1.000000 16
15630 1.000000 15
15645 1.000000 15
15661 1.000000 16
15677 1.000000 16
15693 1.000000 16
15709 -1.000000 16
15725 -1.000000 16
15741 -1.000000 16
15757 1.000000 16
15773 -1.000000 16
15790 1.000000 17
15806 1.000000 16
15822 -1.000000 16
15838 1.000000 16
15854 -1.000000 16
15870 -1.000000 16
15885 1.000000 15
15902 1.000000 17
15918 1.000000 16
15934 1.000000 16
15950 1.000000 16
15966 1.000000 16
15982 -1.000000 16
15998 -1.000000 16
16015 1.000000 17
16031 1.000000 16
16047 1.000000 16
16063 1.000000 16
16079 1.000000 16
16095 -1.000000 16
16111 -1.000000 16
16127 1.000000 16
16143 1.000000 16
16159 1.000000 16
16176 -1.000000 17
16192 -1.000000 16
16208 -1.000000 16
16225 1.000000 17
16241 1.000000 16
16257 -1.000000 16
16272 -1.000000 15
16288 1.000000 16
16304 1.000000 16
16320 1.000000 16
16336 -1.000000 16
16352 1.000000 16
16368 1.000000 16
16385 -1.000000 17
16399 -1.000000 14
16415 1.000000 16
16426 1.000000 11
16442 1.000000 16
16458 -1.000000 16
16474 1.000000 16
16490 -1.000000 16
16505 1.000000 15
16522 1.000000 17
16538 -1.000000 16
16554 1.000000 16
16570 -1.000000 16
16586 1.000000 16
16602 1.000000 16
16618 -1.000000 16
16634 1.000000 16
16650 1.000000 16
16666 1.000000 16
16683 -1.000000 17
16699 1.000000 16
16715 -1.000000 16
16731 -1.000000 16
16747 1.000000 16
16763 1.000000 16
16779 1.000000 16
16795 1.000000 16
16810 -1.000000 15
16826 1.000000 16
16842 1.000000 16
16858 1.000000 16
16873 1.000000 15
16889 -1.000000 16
16904 -1.000000 15
16920 -1.000000 16
16936 1.000000 16
16952 1.000000 16
16968 1.000000 16
16984 -1.000000 16
17000 1.000000 16
17016 -1.000000 16
17032 1.000000 16
17048 -1.000000 16
17065 1.000000 17
17082 1.000000 17
17098 1.000000 16
17114 1.000000 16
17130 1.000000 16
17146 -1.000000 16
17162 -1.000000 16
17178 1.000000 16
17194 1.000000 16
17210 1.000000 16
17226 1.000000 16
17242 1.000000 16
17258 1.000000 16
17274 1.000000 16
17290 -1.000000 16
17306 -1.000000 16
17322 1.000000 16
17338 -1.000000 16
17354 -1.000000 16
17371 1.000000 17
17383 -1.000000 12
17399 1.000000 16
17415 1.000000 16
17431 1.000000 16
17447 1.000000 16
17463 1.000000 16
17479 -1.000000 16
17495 1.000000 16
17511 1.000000 16
17527 -1.000000 16
17543 1.000000 16
17559 -1.000000 16
17575 1.000000 16
17591 1.000000 16
17606 1.000000 15
17622 1.000000 16
17639 1.000000 17
17655 -1.000000 16
17671 1.000000 16
17687 -1.000000 16
17703 1.000000 16
17719 -1.000000 16
17735 -1.000000 16
17751 -1.000000 16
17767 1.000000 16
17783 -1.000000 16
17799 1.000000 16
17816 -1.000000 17
17832 -1.000000 16
17848 1.000000 16
17864 -1.000000 16
17880 -1.000000 16
17896 1.000000 16
17912 -1.000000 16
17928 1.000000 16
17944 -1.000000 16
17960 1.000000 16
17976 1.000000 16
17992 1.000000 16
18008 1.000000 16
18022 1.000000 14
18038 1.000000 16
18055 1.000000 17
18071 1.000000 16
18087 1.000000 16
18103 1.000000 16
18119 -1.000000 16
18135 -1.000000 16
18152 1.000000 17
18168 -1.000000 16
18184 1.000000 16
18200 -1.000000 16
18216 1.000000 16
18232 -1.000000 16
18248 1.000000 16
18264 1.000000 16
18280 1.000000 16
18296 -1.000000 16
18312 1.000000 16
18328 1.000000 16
18344 1.000000 16
18360 1.000000 16
18376 -1.000000 16
18393 1.000000 17
18409 1.000000 16
18425 -1.000000 16
18441 1.000000 16
18457 -1.000000 16
18474 -1.000000 17
18490 -1.000000 16
18506 -1.000000 16
18522 1.000000 16
18538 -1.000000 16
18554 1.000000 16
18570 1.000000 16
18586 -1.000000 16
18602 -1.000000 16
18618 -1.000000 16
18633 1.000000 15
18649 1.000000 16
18665 1.000000 16
18681 -1.000000 16
18697 1.000000 16
18713 1.000000 16
18729 1.000000 16
18745 1.000000 16
18761 -1.000000 16
18777 1.000000 16
18793 1.000000 16
18809 1.000000 16
18825 1.000000 16
18841 1.000000 16
18857 1.000000 16
18873 1.000000 16
18889 1.000000 16
18905 -1.000000 16
18921 1.000000 16
18937 1.000000 16
18953 -1.000000 16
18969 1.000000 16
18985 1.000000 16
19002 1.000000 17
19018 -1.000000 16
19034 1.000000 16
19050 -1.000000 16
19067 1.000000 17
19083 1.000000 16
19099 1.000000 16
19115 1.000000 16
19131 1.000000 16
19147 -1.000000 16
19163 1.000000 16
19179 -1.000000 16
19195 -1.000000 16
19211 1.000000 16
19227 1.000000 16
19243 1.000000 16
19259 1.000000 16
19275 -1.000000 16
19290 1.000000 15
19306 -1.000000 16
19320 1.000000 14
19336 -1.000000 16
19352 1.000000 16
19368 1.000000 16
19384 -1.000000 16
19400 1.000000 16
19416 1.000000 16
19432 1.000000 16
19447 -1.000000 15
19463 -1.000000 16
19480 -1.000000 17
19495 -1.000000 15
19511 1.000000 16
19527 1.000000 16
19542 -1.000000 15
19556 -1.000000 14
19570 1.000000 14
19586 -1.000000 16
19602 1.000000 16
19619 1.000000 17
19635 1.000000 16
19651 -1.000000 16
19667 -1.000000 16
19684 -1.000000 17
19700 1.000000 16
19716 1.000000 16
19730 1.000000 14
19742 1.000000 12
19758 1.000000 16
19773 1.000000 15
19789 -1.000000 16
19806 1.000000 17
19822 -1.000000 16
19838 1.000000 16
19854 -1.000000 16
19870 1.000000 16
19886 -1.000000 16
19902 1.000000 16
19918 -1.000000 16
19934 -1.000000 16
19950 -1.000000 16
19967 -1.000000 17
19983 1.000000 16
19999 1.000000 16
20015 -1.000000 16
20031 -1.000000 16
20048 1.000000 17
20065 1.000000 17
20081 1.000000 16
20098 1.000000 17
20113 1.000000 15
20129 1.000000 16
20145 1.000000 16
20161 -1.000000 16
20177 1.000000 16
20193 1.000000 16
20207 1.000000 14
20223 1.000000 16
20239 1.000000 16
20255 1.000000 16
20271 -1.000000 16
20287 -1.000000 16
20303 -1.000000 16
20319 1.000000 16
20336 1.000000 17
20352 1.000000 16
20368 1.000000 16
20384 1.000000 16
20400 -1.000000 16
20416 -1.000000 16
20432 -1.000000 16
20448 1.000000 16
20465 1.000000 17
20481 1.000000 16
20497 1.000000 16
20513 -1.000000 16
20529 1.000000 16
20546 -1.000000 17
20562 1.000000 16
20578 1.000000 16
20594 1.000000 16
20610 -1.000000 16
20626 1.000000 16
20642 1.000000 16
20658 1.000000 16
20674 -1.000000 16
20691 1.000000 17
20707 -1.000000 16
20723 1.000000 16
20739 1.000000 16
20756 1.000000 17
20772 -1.000000 16
20788 -1.000000 16
20804 1.000000 16
20820 1.000000 16
20836 1.000000 16
20852 1.000000 16
20869 1.000000 17
20885 1.000000 16
20901 1.000000 16
20917 1.000000 16
20933 -1.000000 16
20949 1.000000 16
20966 -1.000000 17
20982 1.000000 16
20998 1.000000 16
21014 -1.000000 16
21031 1.000000 17
21047 -1.000000 16
21063 1.000000 16
21079 1.000000 16
21095 1.000000 16
21111 1.000000 16
21127 -1.000000 16
21143 1.000000 16
21159 -1.000000 16
21175 1.000000 16
21191 1.000000 16
21206 1.000000 15
21222 1.000000 16
21238 1.000000 16
21254 1.000000 16
21271 1.000000 17
21287 1.000000 16
21304 1.000000 17
21320 -1.000000 16
21333 1.000000 13
21349 1.000000 16
21365 1.000000 16
21381 -1.000000 16
21398 1.000000 17
21414 1.000000 16
21430 1.000000 16
21446 -1.000000 16
21462 -1.000000 16
21478 -1.000000 16
21494 1.000000 16
21510 -1.000000 16
21526 1.000000 16
21542 1.000000 16
21558 -1.000000 16
21574 1.000000 16
21590 -1.000000 16
21606 1.000000 16
21622 -1.000000 16
21638 1.000000 16
21654 1.000000 16
21671 1.000000 17
21687 -1.000000 16
21703 -1.000000 16
21719 -1.000000 16
21735 -1.000000 16
21752 1.000000 17
21768 1.000000 16
21784 1.000000 16
21800 -1.000000 16
21816 1.000000 16
21832 -1.000000 16
21848 1.000000 16
21864 -1.000000 16
21880 -1.000000 16
21889 -1.000000 9
21906 1.000000 17
21921 1.000000 15
21937 1.000000 16
21953 1.000000 16
21969 1.000000 16
21986 1.000000 17
22002 1.000000 16
22018 1.000000 16
22034 1.000000 16
22050 1.000000 16
22066 1.000000 16
22082 -1.000000 16
22098 -1.000000 16
22114 -1.000000 16
22130 -1.000000 16
22146 1.000000 16
22162 1.000000 16
22178 1.000000 16
22194 1.000000 16
22210 1.000000 16
22227 1.000000 17
22243 -1.000000 16
22260 1.000000 17
22276 1.000000 16
22292 1.000000 16
22309 1.000000 17
22325 1.000000 16
22341 -1.000000 16
22357 -1.000000 16
22374 1.000000 17
22390 1.000000 16
22406 1.000000 16
22422 1.000000 16
22438 1.000000 16
22454 -1.000000 16
22470 1.000000 16
22486 1.000000 16
22502 1.000000 16
22518 1.000000 16
22534 1.000000 16
22550 1.000000 16
22566 1.000000 16
22582 1.000000 16
22598 1.000000 16
22613 1.000000 15
22628 1.000000 15
22644 1.000000 16
22660 1.000000 16
22676 -1.000000 16
22692 1.000000 16
22708 1.000000 16
22722 -1.000000 14
22738 1.000000 16
22755 1.000000 17
22769 1.000000 14
22785 -1.000000 16
22801 1.000000 16
22817 1.000000 16
22833 -1.000000 16
22849 -1.000000 16
22865 1.000000 16
22881 1.000000 16
22897 1.000000 16
22906 1.000000 9
22922 1.000000 16
22938 1.000000 16
22953 -1.000000 15
22970 1.000000 17
22986 1.000000 16
23002 1.000000 16
23019 1.000000 17
23034 -1.000000 15
23050 -1.000000 16
23066 1.000000 16
23082 1.000000 16
23099 1.000000 17
23115 1.000000 16
23131 1.000000 16
23147 -1.000000 16
23161 -1.000000 14
23177 -1.000000 16
23193 -1.000000 16
23209 -1.000000 16
23225 -1.000000 16
23241 -1.000000 16
23250 -1.000000 9
23267 1.000000 17
23281 1.000000 14
23297 1.000000 16
23313 -1.000000 16
23329 1.000000 16
23345 1.000000 16
23362 1.000000 17
23378 1.000000 16
23393 -1.000000 15
23409 -1.000000 16
23424 -1.000000 15
23440 -1.000000 16
23456 1.000000 16
23472 -1.000000 16
23488 -1.000000 16
23504 1.000000 16
23520 -1.000000 16
23536 -1.000000 16
23552 1.000000 16
23568 1.000000 16
23584 -1.000000 16
23600 1.000000 16
23614 1.000000 14
23630 1.000000 16
23646 -1.000000 16
23662 1.000000 16
23678 1.000000 16
23694 1.000000 16
23710 1.000000 16
23726 1.000000 16
23736 -1.000000 10
23752 1.000000 16
23768 -1.000000 16
23785 -1.000000 17
23801 1.000000 16
23817 1.000000 16
23833 1.000000 16
23849 -1.000000 16
23865 1.000000 16
23881 1.000000 16
23897 1.000000 16
23913 -1.000000 16
23929 1.000000 16
23945 -1.000000 16
23961 1.000000 16
23977 1.000000 16
23993 1.000000 16
24008 -1.000000 15
24024 1.000000 16
24040 -1.000000 16
24058 1.000000 18
24074 1.000000 16
24090 1.000000 16
24097 -1.000000 7
24112 -1.000000 15
24128 -1.000000 16
24144 1.000000 16
24160 -1.000000 16
24176 -1.000000 16
24192 -1.000000 16
24208 1.000000 16
24224 1.000000 16
24238 -1.000000 14
24254 1.000000 16
24270 1.000000 16
24286 1.000000 16
24303 1.000000 17
24319 -1.000000 16
24335 1.000000 16
24351 -1.000000 16
24367 -1.000000 16
24383 1.000000 16
24399 1.000000 16
24415 1.000000 16
24431 -1.000000 16
24447 1.000000 16
24463 -1.000000 16
24479 -1.000000 16
24495 -1.000000 16
24511 -1.000000 16
24527 1.000000 16
24545 -1.000000 18
24561 -1.000000 16
24577 1.000000 16
24593 -1.000000 16
24609 1.000000 16
24625 -1.000000 16
24641 -1.000000 16
24657 1.000000 16
24673 -1.000000 16
24689 1.000000 16
24705 1.000000 16
24721 -1.000000 16
24737 -1.000000 16
24753 -1.000000 16
24769 1.000000 16
24785 1.000000 16
24802 1.000000 17
24818 1.000000 16
24834 -1.000000 16
24850 1.000000 16
24867 1.000000 17
24883 -1.000000 16
24899 1.000000 16
24915 1.000000 16
24931 1.000000 16
24947 -1.000000 16
24963 1.000000 16
24979 -1.000000 16
24995 1.000000 16
25011 1.000000 16
25027 1.000000 16
25043 -1.000000 16
25059 -1.000000 16
25075 1.000000 16
25091 -1.000000 16
25109 1.000000 18
25124 1.000000 15
25141 1.000000 17
25158 -1.000000 17
25174 1.000000 16
25190 -1.000000 16
25206 1.000000 16
25220 -1.000000 14
25236 1.000000 16
25252 1.000000 16
25268 -1.000000 16
25284 1.000000 16
25300 1.000000 16
25316 -1.000000 16
25332 1.000000 16
25348 1.000000 16
25364 1.000000 16
25380 -1.000000 16
25396 -1.000000 16
25412 1.000000 16
25428 1.000000 16
25444 -1.000000 16
25460 1.000000 16
25476 1.000000 16
25492 -1.000000 16
25508 1.000000 16
25524 1.000000 16
25540 1.000000 16
25556 1.000000 16
25572 1.000000 16
25588 1.000000 16
25604 1.000000 16
25620 1.000000 16
25636 1.000000 16
25653 1.000000 17
25669 1.000000 16
25686 1.000000 17
25702 1.000000 16
25718 1.000000 16
25733 1.000000 15
25749 -1.000000 16
25765 1.000000 16
25781 -1.000000 16
25797 1.000000 16
25813 -1.000000 16
25829 1.000000 16
25845 1.000000 16
25861 1.000000 16
25877 -1.000000 16
25893 1.000000 16
25909 1.000000 16
25925 1.000000 16
25941 1.000000 16
25957 1.000000 16
25973 1.000000 16
25989 1.000000 16
26005 -1.000000 16
26021 1.000000 16
26037 1.000000 16
26053 -1.000000 16
26069 1.000000 16
26085 1.000000 16
26101 -1.000000 16
26117 1.000000 16
26133 1.000000 16
26149 1.000000 16
26165 -1.000000 16
26181 1.000000 16
26197 -1.000000 16
26213 -1.000000 16
26229 1.000000 16
26246 -1.000000 17
26262 1.000000 16
26278 1.000000 16
26294 1.000000 16
26310 1.000000 16
26326 1.000000 16
26342 1.000000 16
26358 -1.000000 16
26375 1.000000 17
26392 1.000000 17
26407 1.000000 15
26423 1.000000 16
26439 1.000000 16
26446 -1.000000 7
26462 1.000000 16
26478 -1.000000 16
26494 1.000000 16
26510 -1.000000 16
26526 1.000000 16
26542 1.000000 16
26558 1.000000 16
26574 1.000000 16
26590 1.000000 16
26606 1.000000 16
26623 1.000000 17
26639 1.000000 16
26655 1.000000 16
26671 -1.000000 16
26687 1.000000 16
26703 -1.000000 16
26719 -1.000000 16
26736 1.000000 17
26752 1.000000 16
26768 -1.000000 16
26784 -1.000000 16
26801 -1.000000 17
26817 -1.000000 16
26833 1.000000 16
26845 1.000000 12
26861 -1.000000 16
26877 0.000000 16
26893 1.000000 16
26909 -1.000000 16
26926 1.000000 17
26941 1.000000 15
26957 1.000000 16
26973 1.000000 16
26989 1.000000 16
27005 -1.000000 16
27021 -1.000000 16
27030 1.000000 9
27046 1.000000 16
27062 1.000000 16
27079 1.000000 17
27095 -1.000000 16
27111 1.000000 16
27127 1.000000 16
27144 -1.000000 17
27158 -1.000000 14
27174 1.000000 16
27190 1.000000 16
27206 1.000000 16
27216 -1.000000 10
27232 -1.000000 16
27248 1.000000 16
27263 1.000000 15
27279 1.000000 16
27295 1.000000 16
27311 -1.000000 16
27327 -1.000000 16
27343 1.000000 16
27359 1.000000 16
27375 -1.000000 16
27391 -1.000000 16
27407 1.000000 16
27423 1.000000 16
27439 1.000000 16
27455 1.000000 16
27471 1.000000 16
27487 1.000000 16
27503 1.000000 16
27519 1.000000 16
27535 1.000000 16
27551 1.000000 16
27567 -1.000000 16
27583 -1.000000 16
27588 1.000000 5
27604 1.000000 16
27620 -1.000000 16
27636 1.000000 16
27652 -1.000000 16
27668 -1.000000 16
27684 -1.000000 16
27700 1.000000 16
27716 1.000000 16
27732 -1.000000 16
27748 -1.000000 16
27763 1.000000 15
27779 1.000000 16
27795 1.000000 16
27811 1.000000 16
27827 -1.000000 16
27843 1.000000 16
27859 -1.000000 16
27875 -1.000000 16
27891 1.000000 16
27907 1.000000 16
27923 1.000000 16
27939 1.000000 16
27954 1.000000 15
27970 1.000000 16
27986 -1.000000 16
28002 1.000000 16
28018 1.000000 16
28034 -1.000000 16
28050 1.000000 16
28066 1.000000 16
28080 -1.000000 14
28096 1.000000 16
28109 1.000000 13
28125 -1.000000 16
28141 1.000000 16
28157 -1.000000 16
28173 1.000000 16
28189 1.000000 16
28205 1.000000 16
28221 1.000000 16
28237 1.000000 16
28253 -1.000000 16
28269 -1.000000 16
28285 1.000000 16
28300 -1.000000 15
28316 -1.000000 16
28333 1.000000 17
28350 1.000000 17
28366 1.000000 16
28382 -1.000000 16
28398 1.000000 16
28414 1.000000 16
28430 1.000000 16
28445 1.000000 15
28461 -1.000000 16
28477 -1.000000 16
28493 -1.000000 16
28509 1.000000 16
28522 -1.000000 13
28537 -1.000000 15
28553 1.000000 16
28569 1.000000 16
28586 1.000000 17
28600 1.000000 14
28616 1.000000 16
28628 -1.000000 12
28644 1.000000 16
28661 1.000000 17
28677 1.000000 16
28693 -1.000000 16
28709 1.000000 16
28725 -1.000000 16
28741 -1.000000 16
28757 1.000000 16
28774 -1.000000 17
28790 -1.000000 16
28806 -1.000000 16
28822 1.000000 16
28838 -1.000000 16
28854 1.000000 16
28870 -1.000000 16
28886 1.000000 16
28900 -1.000000 14
28916 -1.000000 16
28932 -1.000000 16
28948 1.000000 16
28964 1.000000 16
28980 -1.000000 16
28995 1.000000 15
29011 1.000000 16
29027 1.000000 16
29044 1.000000 17
29060 1.000000 16
29076 1.000000 16
29092 -1.000000 16
29108 1.000000 16
29124 -1.000000 16
29140 -1.000000 16
29156 1.000000 16
29172 1.000000 16
29187 1.000000 15
29204 1.000000 17
29220 1.000000 16
29236 1.000000 16
29252 1.000000 16
29268 1.000000 16
29284 1.000000 16
29299 1.000000 15
29316 1.000000 17
29332 1.000000 16
29348 1.000000 16
29364 1.000000 16
29381 1.000000 17
29397 1.000000 16
29413 1.000000 16
29429 1.000000 16
29445 -1.000000 16
29461 -1.000000 16
29477 -1.000000 16
29493 -1.000000 16
29510 1.000000 17
29527 -1.000000 17
29543 1.000000 16
29559 1.000000 16
29575 1.000000 16
29591 -1.000000 16
29606 -1.000000 15
29622 -1.000000 16
29638 1.000000 16
29654 1.000000 16
29670 -1.000000 16
29686 -1.000000 16
29702 -1.000000 16
29718 1.000000 16
29734 -1.000000 16
29750 -1.000000 16
29766 1.000000 16
29780 1.000000 14
29796 1.000000 16
29812 -1.000000 16
29828 1.000000 16
29844 1.000000 16
29860 1.000000 16
29876 -1.000000 16
29891 -1.000000 15
29907 1.000000 16
29923 -1.000000 16
29940 1.000000 17
29955 1.000000 15
29969 1.000000 14
29985 1.000000 16
30001 1.000000 16
30017 -1.000000 16
30033 1.000000 16
30049 -1.000000 16
30065 1.000000 16
30081 -1.000000 16
30097 -1.000000 16
30114 1.000000 17
30130 -1.000000 16
30146 -1.000000 16
30162 1.000000 16
30178 1.000000 16
30194 -1.000000 16
30210 1.000000 16
30226 1.000000 16
30242 1.000000 16
30258 1.000000 16
30274 1.000000 16
30290 1.000000 16
30303 1.000000 13
30319 1.000000 16
30335 -1.000000 16
30351 1.000000 16
30367 -1.000000 16
30383 1.000000 16
30400 -1.000000 17
30416 -1.000000 16
30432 1.000000 16
30448 1.000000 16
30464 -1.000000 16
30480 1.000000 16
30496 1.000000 16
30512 1.000000 16
30527 1.000000 15
30543 -1.000000 16
30559 1.000000 16
30575 1.000000 16
30591 1.000000 16
30607 1.000000 16
30623 -1.000000 16
30637 -1.000000 14
30653 1.000000 16
30669 -1.000000 16
30685 1.000000 16
30701 1.000000 16
30717 1.000000 16
30731 -1.000000 14
30747 1.000000 16
30763 1.000000 16
30779 1.000000 16
30795 -1.000000 16
30811 -1.000000 16
30827 -1.000000 16
30841 -1.000000 14
30857 -1.000000 16
30873 1.000000 16
30884 -1.000000 11
30900 1.000000 16
30916 1.000000 16
30932 1.000000 16
30947 1.000000 15
30964 -1.000000 17
30980 1.000000 16
30996 -1.000000 16
31012 1.000000 16
31028 -1.000000 16
31045 -1.000000 17
31061 -1.000000 16
31077 1.000000 16
31094 1.000000 17
31110 1.000000 16
31125 -1.000000 15
31141 1.000000 16
31157 -1.000000 16
31173 1.000000 16
31189 1.000000 16
31205 -1.000000 16
31221 1.000000 16
31237 -1.000000 16
31254 1.000000 17
31270 1.000000 16
31286 -1.000000 16
31302 1.000000 16
31318 -1.000000 16
31334 1.000000 16
31350 1.000000 16
31366 -1.000000 16
31382 1.000000 16
31398 -1.000000 16
31414 1.000000 16
31431 1.000000 17
31447 -1.000000 16
31463 1.000000 16
31479 1.000000 16
31496 -1.000000 17
31512 1.000000 16
31529 1.000000 17
31545 -1.000000 16
31561 1.000000 16
31576 1.000000 15
31592 1.000000 16
31609 1.000000 17
31625 -1.000000 16
31641 1.000000 16
31657 1.000000 16
31673 -1.000000 16
31689 1.000000 16
31706 1.000000 17
31722 -1.000000 16
31739 1.000000 17
31755 1.000000 16
31771 1.000000 16
31787 -1.000000 16
31803 1.000000 16
31819 1.000000 16
31835 -1.000000 16
31851 1.000000 16
31867 -1.000000 16
31883 -1.000000 16
31900 -1.000000 17
31916 -1.000000 16
31932 1.000000 16
31948 -1.000000 16
31965 1.000000 17
31981 1.000000 16
31997 -1.000000 16
32013 1.000000 16
32029 1.000000 16
32045 1.000000 16
32061 1.000000 16
32077 1.000000 16
32093 -1.000000 16
32109 -1.000000 16
32125 -1.000000 16
32141 1.000000 16
32157 1.000000 16
32173 1.000000 16
32189 -1.000000 16
32205 1.000000 16
32221 1.000000 16
32237 -1.000000 16
32253 1.000000 16
32269 -1.000000 16
32285 1.000000 16
32301 1.000000 16
32317 -1.000000 16
32333 1.000000 16
32349 1.000000 16
32365 1.000000 16
32381 1.000000 16
32397 -1.000000 16
32414 1.000000 17
32430 -1.000000 16
32446 -1.000000 16
32462 1.000000 16
32479 1.000000 17
32495 1.000000 16
32512 1.000000 17
32528 1.000000 16
32544 1.000000 16
32560 1.000000 16
32578 1.000000 18
32594 1.000000 16
32610 1.000000 16
32626 -1.000000 16
32642 1.000000 16
32658 1.000000 16
32674 1.000000 16
32690 -1.000000 16
32707 1.000000 17
32723 1.000000 16
32739 -1.000000 16
32756 1.000000 17
32772 -1.000000 16
32788 -1.000000 16
32804 1.000000 16
32820 -1.000000 16
32836 1.000000 16
32852 -1.000000 16
32868 1.000000 16
32884 1.000000 16
32901 1.000000 17
32918 1.000000 17
32934 1.000000 16
32949 -1.000000 15
32965 1.000000 16
32981 1.000000 16
32997 -1.000000 16
33013 1.000000 16
33029 1.000000 16
33045 -1.000000 16
33061 -1.000000 16
33077 1.000000 16
33093 -1.000000 16
33109 1.000000 16
33125 -1.000000 16
33141 -1.000000 16
33157 1.000000 16
33173 1.000000 16
33189 1.000000 16
33205 1.000000 16
33221 1.000000 16
33233 1.000000 12
33249 1.000000 16
33265 1.000000 16
33281 1.000000 16
33297 1.000000 16
33313 1.000000 16
33329 1.000000 16
33345 1.000000 16
33362 1.000000 17
33378 -1.000000 16
33394 1.000000 16
33411 1.000000 17
33428 -1.000000 17
33444 1.000000 16
33460 -1.000000 16
33476 1.000000 16
33492 1.000000 16
33508 1.000000 16
33524 -1.000000 16
33540 1.000000 16
33556 1.000000 16
33572 1.000000 16
33587 1.000000 15
33603 -1.000000 16
33616 1.000000 13
33632 1.000000 16
33649 1.000000 17
33665 1.000000 16
33681 1.000000 16
33697 1.000000 16
33712 1.000000 15
33728 1.000000 16
33745 1.000000 17
33762 1.000000 17
33778 -1.000000 16
33791 -1.000000 13
33807 1.000000 16
33823 1.000000 16
33839 -1.000000 16
33855 1.000000 16
33871 1.000000 16
33887 1.000000 16
33903 -1.000000 16
33919 1.000000 16
33935 1.000000 16
33951 1.000000 16
33967 1.000000 16
33983 -1.000000 16
33999 -1.000000 16
34015 1.000000 16
34031 -1.000000 16
34047 -1.000000 16
34063 -1.000000 16
34079 1.000000 16
34095 -1.000000 16
34111 1.000000 16
34126 -1.000000 15
34142 -1.000000 16
34158 -1.000000 16
34174 -1.000000 16
34190 -1.000000 16
34206 1.000000 16
34222 -1.000000 16
34238 1.000000 16
34254 -1.000000 16
34270 1.000000 16
34281 1.000000 11
34297 1.000000 16
34313 -1.000000 16
34329 1.000000 16
34342 1.000000 13
34358 1.000000 16
34374 1.000000 16
34390 1.000000 16
34406 -1.000000 16
34423 1.000000 17
34438 1.000000 15
34454 -1.000000 16
34470 1.000000 16
34487 1.000000 17
34502 1.000000 15
34518 1.000000 16
34534 1.000000 16
34550 1.000000 16
34566 1.000000 16
34582 1.000000 16
34598 1.000000 16
34614 1.000000 16
34630 1.000000 16
34646 1.000000 16
34662 1.000000 16
34678 1.000000 16
34695 1.000000 17
34711 1.000000 16
34727 1.000000 16
34743 1.000000 16
34754 -1.000000 11
34771 1.000000 17
34787 -1.000000 16
34803 -1.000000 16
34819 -1.000000 16
34835 1.000000 16
34852 1.000000 17
34868 1.000000 16
34884 -1.000000 16
34900 -1.000000 16
34917 1.000000 17
34933 1.000000 16
34949 1.000000 16
34965 -1.000000 16
34982 1.000000 17
34998 -1.000000 16
35014 -1.000000 16
35030 1.000000 16
35047 1.000000 17
35063 -1.000000 16
35079 1.000000 16
35095 1.000000 16
35112 -1.000000 17
35128 1.000000 16
35145 1.000000 17
35161 1.000000 16
35176 1.000000 15
35192 1.000000 16
35208 -1.000000 16
35224 1.000000 16
35240 1.000000 16
35257 1.000000 17
35273 1.000000 16
35290 1.000000 17
35306 -1.000000 16
35322 1.000000 16
35338 1.000000 16
35354 1.000000 16
35370 -1.000000 16
35386 -1.000000 16
35402 -1.000000 16
35418 1.000000 16
35434 1.000000 16
35450 1.000000 16
35466 1.000000 16
35482 1.000000 16
35498 1.000000 16
35514 1.000000 16
35529 1.000000 15
35545 1.000000 16
35561 1.000000 16
35577 1.000000 16
35594 1.000000 17
35610 -1.000000 16
35626 1.000000 16
35642 1.000000 16
35657 -1.000000 15
35673 -1.000000 16
35689 -1.000000 16
35705 1.000000 16
35721 -1.000000 16
35736 1.000000 15
35751 -1.000000 15
35767 -1.000000 16
35783 -1.000000 16
35799 1.000000 16
35815 1.000000 16
35831 1.000000 16
35847 1.000000 16
35863 -1.000000 16
35879 1.000000 16
35895 1.000000 16
35911 -1.000000 16
35927 1.000000 16
35943 1.000000 16
35959 -1.000000 16
35975 -1.000000 16
35983 -1.000000 8
35999 1.000000 16
36015 1.000000 16
36031 -1.000000 16
36047 1.000000 16
36064 1.000000 17
36080 1.000000 16
36096 -1.000000 16
36112 -1.000000 16
36128 -1.000000 16
36144 -1.000000 16
36160 1.000000 16
36176 -1.000000 16
36192 -1.000000 16
36208 1.000000 16
36225 1.000000 17
36241 1.000000 16
36258 1.000000 17
36274 1.000000 16
36290 1.000000 16
36306 -1.000000 16
36322 -1.000000 16
36338 -1.000000 16
36354 1.000000 16
36370 1.000000 16
36386 -1.000000 16
36402 1.000000 16
36418 1.000000 16
36434 1.000000 16
36450 -1.000000 16
36466 1.000000 16
36482 1.000000 16
36498 1.000000 16
36514 -1.000000 16
36530 -1.000000 16
36547 1.000000 17
36563 -1.000000 16
36579 1.000000 16
36595 -1.000000 16
36612 1.000000 17
36628 -1.000000 16
36644 1.000000 16
36661 1.000000 17
36677 1.000000 16
36692 -1.000000 15
36708 1.000000 16
36724 1.000000 16
36740 -1.000000 16
36756 1.000000 16
36772 1.000000 16
36788 1.000000 16
36804 1.000000 16
36818 1.000000 14
36834 1.000000 16
36850 -1.000000 16
36866 1.000000 16
36882 1.000000 16
36898 1.000000 16
36913 -1.000000 15
36929 1.000000 16
36945 1.000000 16
36961 -1.000000 16
36977 1.000000 16
36994 1.000000 17
37010 1.000000 16
37026 -1.000000 16
37043 -1.000000 17
37059 -1.000000 16
37075 -1.000000 16
37091 1.000000 16
37107 -1.000000 16
37124 1.000000 17
37140 1.000000 16
37156 1.000000 16
37172 1.000000 16
37187 -1.000000 15
37202 -1.000000 15
37218 -1.000000 16
37234 1.000000 16
37250 1.000000 16
37266 1.000000 16
37274 -1.000000 8
37290 1.000000 16
37306 1.000000 16
37322 -1.000000 16
37337 1.000000 15
37353 1.000000 16
37369 1.000000 16
37385 1.000000 16
37401 -1.000000 16
37417 -1.000000 16
37434 1.000000 17
37450 1.000000 16
37465 -1.000000 15
37481 -1.000000 16
37497 1.000000 16
37513 -1.000000 16
37529 1.000000 16
37545 1.000000 16
37561 1.000000 16
37577 1.000000 16
37593 1.000000 16
37609 -1.000000 16
37625 1.000000 16
37641 1.000000 16
37657 -1.000000 16
37673 -1.000000 16
37689 1.000000 16
37705 -1.000000 16
37721 1.000000 16
37737 -1.000000 16
37753 -1.000000 16
37769 1.000000 16
37785 1.000000 16
37801 1.000000 16
37817 1.000000 16
37833 -1.000000 16
37848 1.000000 15
37865 -1.000000 17
37881 1.000000 16
37897 1.000000 16
37913 1.000000 16
37929 -1.000000 16
37945 -1.000000 16
37961 1.000000 16
37977 -1.000000 16
37993 1.000000 16
38009 1.000000 16
38025 -1.000000 16
38042 1.000000 17
38058 1.000000 16
38074 1.000000 16
38090 1.000000 16
38106 -1.000000 16
38117 -1.000000 11
38133 1.000000 16
38149 -1.000000 16
38165 -1.000000 16
38182 1.000000 17
38198 -1.000000 16
38214 -1.000000 16
38230 1.000000 16
38246 -1.000000 16
38262 1.000000 16
38277 1.000000 15
38293 1.000000 16
38309 -1.000000 16
38326 1.000000 17
38342 1.000000 16
38358 -1.000000 16
38374 -1.000000 16
38390 1.000000 16
38406 1.000000 16
38422 -1.000000 16
38438 1.000000 16
38454 1.000000 16
38470 1.000000 16
38486 1.000000 16
38502 -1.000000 16
38518 1.000000 16
38534 1.000000 16
38550 -1.000000 16
38566 -1.000000 16
38582 -1.000000 16
38597 -1.000000 15
38613 1.000000 16
38629 1.000000 16
38645 1.000000 16
38661 -1.000000 16
38677 1.000000 16
38693 -1.000000 16
38709 1.000000 16
38725 1.000000 16
38741 1.000000 16
38756 -1.000000 15
38772 -1.000000 16
38788 1.000000 16
38804 -1.000000 16
38817 -1.000000 13
38833 1.000000 16
38849 1.000000 16
38865 -1.000000 16
38881 -1.000000 16
38898 -1.000000 17
38914 -1.000000 16
38930 1.000000 16
38946 1.000000 16
38962 1.000000 16
38978 1.000000 16
38996 1.000000 18
39012 -1.000000 16
39028 1.000000 16
39044 -1.000000 16
39060 1.000000 16
39076 -1.000000 16
39092 1.000000 16
39108 -1.000000 16
39124 1.000000 16
39140 -1.000000 16
39156 1.000000 16
39172 -1.000000 16
39188 1.000000 16
39204 1.000000 16
39220 1.000000 16
39235 -1.000000 15
39251 1.000000 16
39267 -1.000000 16
39283 1.000000 16
39299 1.000000 16
39315 1.000000 16
39331 1.000000 16
39347 -1.000000 16
39363 1.000000 16
39379 -1.000000 16
39395 1.000000 16
39411 -1.000000 16
39427 1.000000 16
39444 1.000000 17
39460 1.000000 16
39476 -1.000000 16
39492 -1.000000 16
39508 -1.000000 16
39525 1.000000 17
39541 1.000000 16
39557 1.000000 16
39574 1.000000 17
39590 -1.000000 16
39606 1.000000 16
39622 -1.000000 16
39638 -1.000000 16
39655 1.000000 17
39671 -1.000000 16
39687 -1.000000 16
39703 1.000000 16
39719 1.000000 16
39734 1.000000 15
39750 1.000000 16
39766 1.000000 16
39783 1.000000 17
39799 1.000000 16
39814 -1.000000 15
39821 -1.000000 7
39837 1.000000 16
39854 1.000000 17
39870 1.000000 16
39886 1.000000 16
39902 -1.000000 16
39918 1.000000 16
39928 -1.000000 10
39944 -1.000000 16
39960 -1.000000 16
39976 -1.000000 16
39992 1.000000 16
40008 -1.000000 16
40023 1.000000 15
40038 1.000000 15
40055 1.000000 17
40071 1.000000 16
40087 1.000000 16
40103 1.000000 16
40119 -1.000000 16
40135 -1.000000 16
40151 -1.000000 16
40167 1.000000 16
40183 1.000000 16
40199 1.000000 16
40215 1.000000 16
40231 1.000000 16
40248 1.000000 17
40264 -1.000000 16
40280 -1.000000 16
40296 1.000000 16
40312 -1.000000 16
40328 -1.000000 16
40346 1.000000 18
40362 1.000000 16
40378 1.000000 16
40394 1.000000 16
40410 1.000000 16
40427 -1.000000 17
40443 1.000000 16
40459 -1.000000 16
40475 -1.000000 16
40491 1.000000 16
40507 1.000000 16
40523 1.000000 16
40539 -1.000000 16
40555 1.000000 16
40571 -1.000000 16
40586 1.000000 15
40602 -1.000000 16
40619 1.000000 17
40635 1.000000 16
40651 -1.000000 16
40668 1.000000 17
40684 1.000000 16
40700 -1.000000 16
40716 1.000000 16
40732 1.000000 16
40748 1.000000 16
40764 1.000000 16
40780 1.000000 16
40796 1.000000 16
40812 1.000000 16
40828 1.000000 16
40844 1.000000 16
40860 -1.000000 16
40876 -1.000000 16
40892 1.000000 16
40908 1.000000 16
40924 -1.000000 16
40940 1.000000 16
40956 1.000000 16
40972 1.000000 16
40988 -1.000000 16
41004 1.000000 16
41020 -1.000000 16
41036 -1.000000 16
41053 -1.000000 17
41069 -1.000000 16
41085 -1.000000 16
41101 1.000000 16
41117 1.000000 16
41133 1.000000 16
41149 -1.000000 16
41165 1.000000 16
41181 -1.000000 16
41197 1.000000 16
41213 1.000000 16
41229 1.000000 16
41245 1.000000 16
41261 1.000000 16
41277 1.000000 16
41293 -1.000000 16
41309 -1.000000 16
41325 -1.000000 16
41341 1.000000 16
41357 1.000000 16
41373 1.000000 16
41380 -1.000000 7
41396 -1.000000 16
41412 1.000000 16
41428 -1.000000 16
41443 1.000000 15
41460 1.000000 17
41476 -1.000000 16
41492 1.000000 16
41508 1.000000 16
41524 1.000000 16
41540 1.000000 16
41555 -1.000000 15
41571 1.000000 16
41588 1.000000 17
41606 1.000000 18
41623 -1.000000 17
41639 1.000000 16
41656 -1.000000 17
41671 1.000000 15
41687 -1.000000 16
41703 -1.000000 16
41719 1.000000 16
41735 -1.000000 16
41751 1.000000 16
41767 1.000000 16
41781 1.000000 14
41797 -1.000000 16
41813 -1.000000 16
41829 1.000000 16
41846 -1.000000 17
41863 1.000000 17
41879 1.000000 16
41895 1.000000 16
41903 -1.000000 8
41919 -1.000000 16
41936 1.000000 17
41952 1.000000 16
41968 1.000000 16
41985 1.000000 17
42001 -1.000000 16
42016 -1.000000 15
42032 -1.000000 16
42048 1.000000 16
42065 1.000000 17
42081 1.000000 16
42095 1.000000 14
42111 -1.000000 16
42122 -1.000000 11
42138 -1.000000 16
42154 1.000000 16
42171 1.000000 17
42187 1.000000 16
42203 1.000000 16
42219 -1.000000 16
42235 -1.000000 16
42251 -1.000000 16
42267 1.000000 16
42284 1.000000 17
42300 1.000000 16
42316 1.000000 16
42332 1.000000 16
42348 -1.000000 16
42365 1.000000 17
42382 1.000000 17
42398 1.000000 16
42414 -1.000000 16
42431 1.000000 17
42447 1.000000 16
42463 1.000000 16
42479 -1.000000 16
42495 -1.000000 16
42511 -1.000000 16
42527 1.000000 16
42542 1.000000 15
42558 1.000000 16
42574 1.000000 16
42590 1.000000 16
42606 1.000000 16
42622 -1.000000 16
42638 -1.000000 16
42654 1.000000 16
42670 1.000000 16
42686 -1.000000 16
42702 1.000000 16
42718 -1.000000 16
42734 1.000000 16
42750 1.000000 16
42766 1.000000 16
42782 1.000000 16
42798 1.000000 16
42815 1.000000 17
42830 1.000000 15
42846 1.000000 16
42862 1.000000 16
42878 1.000000 16
42894 1.000000 16
42911 1.000000 17
42928 1.000000 17
42944 1.000000 16
42960 1.000000 16
42975 -1.000000 15
42991 1.000000 16
43007 -1.000000 16
43023 1.000000 16
43039 1.000000 16
43055 1.000000 16
43071 1.000000 16
43087 1.000000 16
43103 1.000000 16
43119 1.000000 16
43136 1.000000 17
43152 1.000000 16
43168 1.000000 16
43184 -1.000000 16
43200 1.000000 16
43216 1.000000 16
43231 1.000000 15
43248 1.000000 17
43264 1.000000 16
43276 1.000000 12
43292 1.000000 16
43308 1.000000 16
43324 1.000000 16
43340 -1.000000 16
43356 -1.000000 16
43372 1.000000 16
43388 -1.000000 16
43404 -1.000000 16
43420 1.000000 16
43436 1.000000 16
43451 1.000000 15
43467 -1.000000 16
43483 -1.000000 16
43499 -1.000000 16
43515 1.000000 16
43532 1.000000 17
43548 1.000000 16
43564 -1.000000 16
43579 1.000000 15
43594 -1.000000 15
43610 -1.000000 16
43626 1.000000 16
43642 1.000000 16
43658 -1.000000 16
43673 -1.000000 15
43689 -1.000000 16
43705 1.000000 16
43721 -1.000000 16
43737 -1.000000 16
43753 1.000000 16
43769 1.000000 16
43785 1.000000 16
43801 -1.000000 16
43817 -1.000000 16
43833 1.000000 16
43848 1.000000 15
43863 1.000000 15
43879 -1.000000 16
43895 1.000000 16
43911 1.000000 16
43927 1.000000 16
43944 1.000000 17
43961 1.000000 17
43977 1.000000 16
43993 1.000000 16
44009 1.000000 16
44025 -1.000000 16
44041 1.000000 16
44057 1.000000 16
44074 1.000000 17
44090 1.000000 16
44106 1.000000 16
44122 1.000000 16
44138 1.000000 16
44154 1.000000 16
44167 -1.000000 13
44183 1.000000 16
44199 1.000000 16
44215 1.000000 16
44231 1.000000 16
44247 1.000000 16
44263 -1.000000 16
44278 -1.000000 15
44294 -1.000000 16
44311 1.000000 17
44326 -1.000000 15
44341 1.000000 15
44357 1.000000 16
44373 1.000000 16
44389 1.000000 16
44405 -1.000000 16
44421 1.000000 16
44438 1.000000 17
44455 1.000000 17
44471 1.000000 16
44486 1.000000 15
44502 1.000000 16
44518 1.000000 16
44534 1.000000 16
44550 1.000000 16
44566 1.000000 16
44582 -1.000000 16
44598 1.000000 16
44614 1.000000 16
44630 1.000000 16
44646 1.000000 16
44664 -1.000000 18
44680 -1.000000 16
44696 -1.000000 16
44712 1.000000 16
44728 -1.000000 16
44744 -1.000000 16
44761 1.000000 17
44777 -1.000000 16
44792 1.000000 15
44808 -1.000000 16
44824 1.000000 16
44840 1.000000 16
44856 1.000000 16
44872 -1.000000 16
44888 -1.000000 16
44904 -1.000000 16
44920 1.000000 16
44938 1.000000 18
44954 -1.000000 16
44965 -1.000000 11
44981 -1.000000 16
44997 1.000000 16
45013 1.000000 16
45029 1.000000 16
45045 1.000000 16
45061 1.000000 16
45077 1.000000 16
45093 -1.000000 16
45109 1.000000 16
45125 -1.000000 16
45141 -1.000000 16
45157 1.000000 16
45173 1.000000 16
45189 -1.000000 16
45205 1.000000 16
45221 1.000000 16
45237 -1.000000 16
45253 1.000000 16
45269 1.000000 16
45285 -1.000000 16
45301 1.000000 16
45317 -1.000000 16
45333 1.000000 16
45349 1.000000 16
45365 -1.000000 16
45381 1.000000 16
45397 1.000000 16
45414 1.000000 17
45430 1.000000 16
45446 1.000000 16
45455 1.000000 9
45470 1.000000 15
45486 1.000000 16
45502 1.000000 16
45518 1.000000 16
45534 -1.000000 16
45550 1.000000 16
45566 1.000000 16
45582 1.000000 16
45598 1.000000 16
45614 1.000000 16
45630 1.000000 16
45646 1.000000 16
45660 1.000000 14
45676 -1.000000 16
45693 1.000000 17
45708 1.000000 15
45724 -1.000000 16
45740 1.000000 16
45757 1.000000 17
45773 -1.000000 16
45789 1.000000 16
45805 -1.000000 16
45821 -1.000000 16
45837 -1.000000 16
45853 -1.000000 16
45869 1.000000 16
45886 1.000000 17
45902 1.000000 16
45918 -1.000000 16
45934 1.000000 16
45950 -1.000000 16
45967 1.000000 17
45983 -1.000000 16
45999 1.000000 16
46015 1.000000 16
46031 -1.000000 16
46047 -1.000000 16
46063 -1.000000 16
46079 1.000000 16
46095 1.000000 16
46111 1.000000 16
46127 1.000000 16
46143 1.000000 16
46159 1.000000 16
46175 -1.000000 16
46189 1.000000 14
46205 1.000000 16
46221 1.000000 16
46237 1.000000 16
46253 -1.000000 16
46269 1.000000 16
46286 1.000000 17
46302 1.000000 16
46318 -1.000000 16
46334 1.000000 16
46350 -1.000000 16
46366 1.000000 16
46382 -1.000000 16
46398 1.000000 16
46414 1.000000 16
46429 1.000000 15
46445 1.000000 16
46461 -1.000000 16
46477 1.000000 16
46494 1.000000 17
46510 1.000000 16
46527 1.000000 17
46541 1.000000 14
46557 1.000000 16
46573 1.000000 16
46589 1.000000 16
46605 1.000000 16
46621 1.000000 16
46637 1.000000 16
46654 1.000000 17
46664 -1.000000 10
46680 1.000000 16
46697 1.000000 17
46713 -1.000000 16
46729 1.000000 16
46745 1.000000 16
46761 1.000000 16
46777 -1.000000 16
46793 1.000000 16
46809 -1.000000 16
46825 -1.000000 16
46841 -1.000000 16
46857 1.000000 16
46872 -1.000000 15
46888 -1.000000 16
46904 1.000000 16
46920 1.000000 16
46936 -1.000000 16
46949 -1.000000 13
46965 -1.000000 16
46981 1.000000 16
46997 1.000000 16
47013 1.000000 16
47029 -1.000000 16
47046 1.000000 17
47063 1.000000 17
47079 -1.000000 16
47095 1.000000 16
47111 1.000000 16
47127 1.000000 16
47143 -1.000000 16
47161 1.000000 18
47177 1.000000 16
47193 1.000000 16
47209 1.000000 16
47224 1.000000 15
47240 1.000000 16
47255 1.000000 15
47272 1.000000 17
47288 -1.000000 16
47303 -1.000000 15
47319 1.000000 16
47335 1.000000 16
47351 1.000000 16
47367 1.000000 16
47383 1.000000 16
47399 -1.000000 16
47415 -1.000000 16
47431 -1.000000 16
47447 -1.000000 16
47463 -1.000000 16
47479 1.000000 16
47495 -1.000000 16
47512 -1.000000 17
47528 1.000000 16
47544 1.000000 16
47562 1.000000 18
47578 -1.000000 16
47596 1.000000 18
47612 1.000000 16
47628 -1.000000 16
47644 -1.000000 16
47660 1.000000 16
47675 1.000000 15
47691 1.000000 16
47708 1.000000 17
47717 -1.000000 9
47733 1.000000 16
47749 1.000000 16
47766 1.000000 17
47782 1.000000 16
47798 1.000000 16
47814 -1.000000 16
47831 -1.000000 17
47846 -1.000000 15
47862 -1.000000 16
47875 -1.000000 13
47891 1.000000 16
47907 -1.000000 16
47923 1.000000 16
47939 1.000000 16
47955 -1.000000 16
47971 1.000000 16
47988 1.000000 17
48004 1.000000 16
48020 1.000000 16
48037 1.000000 17
48053 1.000000 16
48070 1.000000 17
48086 -1.000000 16
48103 -1.000000 17
48119 1.000000 16
48135 -1.000000 16
48151 1.000000 16
48167 1.000000 16
48183 -1.000000 16
48199 1.000000 16
48215 1.000000 16
48231 1.000000 16
48247 1.000000 16
48263 1.000000 16
48279 1.000000 16
48296 -1.000000 17
48312 1.000000 16
48328 -1.000000 16
48344 -1.000000 16
48360 1.000000 16
48377 1.000000 17
48393 -1.000000 16
48409 1.000000 16
48425 1.000000 16
48441 -1.000000 16
48457 1.000000 16
48473 1.000000 16
48489 1.000000 16
48505 1.000000 16
48522 1.000000 17
48539 1.000000 17
48555 -1.000000 16
48571 1.000000 16
48587 1.000000 16
48603 1.000000 16
48618 -1.000000 15
48634 1.000000 16
48651 1.000000 17
48667 -1.000000 16
48683 -1.000000 16
48698 1.000000 15
48714 -1.000000 16
48730 1.000000 16
48747 1.000000 17
48763 1.000000 16
48779 1.000000 16
48796 1.000000 17
48813 1.000000 17
48829 -1.000000 16
48845 -1.000000 16
48861 1.000000 16
48877 1.000000 16
48893 1.000000 16
48909 -1.000000 16
48925 1.000000 16
48941 -1.000000 16
48957 1.000000 16
48973 1.000000 16
48989 1.000000 16
49005 1.000000 16
49018 -1.000000 13
49034 -1.000000 16
49050 -1.000000 16
49066 1.000000 16
49082 1.000000 16
49098 1.000000 16
49114 -1.000000 16
49130 -1.000000 16
49146 1.000000 16
49162 1.000000 16
49178 1.000000 16
49194 -1.000000 16
49201 -1.000000 7
49217 1.000000 16
49233 1.000000 16
49250 -1.000000 17
49266 1.000000 16
49282 1.000000 16
49298 -1.000000 16
49314 1.000000 16
49330 -1.000000 16
49346 -1.000000 16
49362 1.000000 16
49378 1.000000 16
49393 -1.000000 15
49409 1.000000 16
49425 1.000000 16
49441 -1.000000 16
49457 -1.000000 16
49473 -1.000000 16
49489 -1.000000 16
49505 -1.000000 16
49521 1.000000 16
49538 -1.000000 17
49555 1.000000 17
49571 1.000000 16
49587 -1.000000 16
49603 -1.000000 16
49619 1.000000 16
49635 1.000000 16
49651 1.000000 16
49667 1.000000 16
49683 1.000000 16
49699 -1.000000 16
49715 -1.000000 16
49732 1.000000 17
49748 1.000000 16
49764 -1.000000 16
49781 1.000000 17
49797 1.000000 16
49813 -1.000000 16
49830 1.000000 17
49846 -1.000000 16
49862 1.000000 16
49878 -1.000000 16
49888 -1.000000 10
49904 1.000000 16
49920 -1.000000 16
49936 -1.000000 16
49952 1.000000 16
49968 1.000000 16
49984 1.000000 16
50000 -1.000000 16
50016 -1.000000 16
50032 -1.000000 16
50048 1.000000 16
50060 -1.000000 12
50076 1.000000 16
50092 -1.000000 16
50105 1.000000 13
50121 1.000000 16
50137 -1.000000 16
50153 1.000000 16
50169 -1.000000 16
50185 1.000000 16
50201 -1.000000 16
50217 1.000000 16
50233 1.000000 16
50249 1.000000 16
50265 1.000000 16
50281 1.000000 16
50297 1.000000 16
50313 -1.000000 16
50331 -1.000000 18
50347 1.000000 16
50363 1.000000 16
50379 -1.000000 16
50395 -1.000000 16
50411 1.000000 16
50428 1.000000 17
50444 -1.000000 16
50460 -1.000000 16
50476 1.000000 16
50492 -1.000000 16
50508 1.000000 16
50525 1.000000 17
50541 -1.000000 16
50557 1.000000 16
50573 1.000000 16
50589 1.000000 16
50604 -1.000000 15
50620 1.000000 16
50636 1.000000 16
50652 -1.000000 16
50668 -1.000000 16
50684 1.000000 16
50700 1.000000 16
50716 1.000000 16
50732 1.000000 16
50748 1.000000 16
50760 -1.000000 12
50776 -1.000000 16
50792 1.000000 16
50808 1.000000 16
50824 1.000000 16
50840 1.000000 16
50856 -1.000000 16
50872 1.000000 16
50888 1.000000 16
50904 1.000000 16
50920 1.000000 16
50935 1.000000 15
50951 1.000000 16
50967 -1.000000 16
50983 1.000000 16
50999 -1.000000 16
51015 1.000000 16
51031 -1.000000 16
51047 1.000000 16
51063 1.000000 16
51079 1.000000 16
51095 1.000000 16
51112 1.000000 17
51128 1.000000 16
51143 -1.000000 15
51159 1.000000 16
51175 1.000000 16
51191 -1.000000 16
51207 -1.000000 16
51223 -1.000000 16
51239 1.000000 16
51255 1.000000 16
51271 1.000000 16
51288 1.000000 17
51304 1.000000 16
51320 1.000000 16
51336 -1.000000 16
51352 -1.000000 16
51368 -1.000000 16
51384 1.000000 16
51400 -1.000000 16
51417 1.000000 17
51433 -1.000000 16
51449 1.000000 16
51465 -1.000000 16
51481 -1.000000 16
51497 1.000000 16
51513 -1.000000 16
51529 1.000000 16
51545 -1.000000 16
51561 1.000000 16
51577 1.000000 16
51592 1.000000 15
51608 1.000000 16
51624 1.000000 16
51640 1.000000 16
51657 1.000000 17
51673 -1.000000 16
51689 -1.000000 16
51705 -1.000000 16
51721 -1.000000 16
51737 -1.000000 16
51753 1.000000 16
51769 -1.000000 16
51785 -1.000000 16
51801 1.000000 16
51817 1.000000 16
51831 1.000000 14
51847 1.000000 16
51863 1.000000 16
51879 1.000000 16
51895 -1.000000 16
51911 -1.000000 16
51927 1.000000 16
51943 -1.000000 16
51959 1.000000 16
51975 1.000000 16
51991 -1.000000 16
52007 -1.000000 16
52023 -1.000000 16
52039 1.000000 16
52055 -1.000000 16
52070 1.000000 15
52086 -1.000000 16
52102 1.000000 16
52118 -1.000000 16
52134 1.000000 16
52150 1.000000 16
52166 1.000000 16
52182 1.000000 16
52198 1.000000 16
52214 1.000000 16
52230 1.000000 16
52246 1.000000 16
52262 -1.000000 16
52278 -1.000000 16
52294 -1.000000 16
52310 1.000000 16
52321 -1.000000 11
52337 -1.000000 16
52353 1.000000 16
52369 1.000000 16
52385 -1.000000 16
52401 1.000000 16
52417 1.000000 16
52433 1.000000 16
52449 1.000000 16
52466 1.000000 17
52483 1.000000 17
52501 -1.000000 18
52517 -1.000000 16
52533 1.000000 16
52549 1.000000 16
52565 1.000000 16
52581 1.000000 16
52597 1.000000 16
52613 1.000000 16
52629 -1.000000 16
52645 -1.000000 16
52661 1.000000 16
52678 -1.000000 17
52694 1.000000 16
52710 1.000000 16
52726 1.000000 16
52742 1.000000 16
52759 1.000000 17
52775 1.000000 16
52791 1.000000 16
52805 -1.000000 14
52821 -1.000000 16
52837 -1.000000 16
52853 1.000000 16
52869 1.000000 16
52885 1.000000 16
52901 1.000000 16
52917 1.000000 16
52933 1.000000 16
52949 1.000000 16
52965 1.000000 16
52981 1.000000 16
52997 1.000000 16
53013 -1.000000 16
53029 1.000000 16
53043 1.000000 14
53059 -1.000000 16
53075 -1.000000 16
53092 1.000000 17
53108 -1.000000 16
53124 1.000000 16
53140 -1.000000 16
53156 1.000000 16
53170 -1.000000 14
53188 1.000000 18
53204 1.000000 16
53220 1.000000 16
53236 -1.000000 16
53252 -1.000000 16
53268 -1.000000 16
53284 1.000000 16
53300 1.000000 16
53316 -1.000000 16
53332 1.000000 16
53348 -1.000000 16
53364 -1.000000 16
53380 1.000000 16
53396 1.000000 16
53412 -1.000000 16
53428 1.000000 16
53444 -1.000000 16
53460 -1.000000 16
53476 -1.000000 16
53492 -1.000000 16
53508 1.000000 16
53524 1.000000 16
53540 1.000000 16
53556 1.000000 16
53572 1.000000 16
53588 1.000000 16
53604 -1.000000 16
53620 1.000000 16
53636 1.000000 16
53652 -1.000000 16
53668 1.000000 16
53684 1.000000 16
53700 1.000000 16
53716 1.000000 16
53732 -1.000000 16
53748 -1.000000 16
53760 -1.000000 12
53776 -1.000000 16
53792 -1.000000 16
53808 1.000000 16
53824 1.000000 16
53840 -1.000000 16
53856 -1.000000 16
53872 1.000000 16
53886 1.000000 14
53902 1.000000 16
53919 1.000000 17
53935 1.000000 16
53951 -1.000000 16
53967 1.000000 16
53984 1.000000 17
54000 -1.000000 16
54017 1.000000 17
54033 1.000000 16
54049 -1.000000 16
54065 -1.000000 16
54081 1.000000 16
54097 1.000000 16
54113 1.000000 16
54129 -1.000000 16
54145 1.000000 16
54151 1.000000 6
54167 1.000000 16
54183 1.000000 16
54199 1.000000 16
54215 1.000000 16
54231 -1.000000 16
54247 -1.000000 16
54263 -1.000000 16
54279 1.000000 16
54295 1.000000 16
54311 -1.000000 16
54327 -1.000000 16
54343 1.000000 16
54359 1.000000 16
54375 1.000000 16
54391 1.000000 16
54407 -1.000000 16
54423 1.000000 16
54439 -1.000000 16
54454 1.000000 15
54471 1.000000 17
54486 1.000000 15
54502 1.000000 16
54518 1.000000 16
54534 1.000000 16
54545 -1.000000 11
54561 1.000000 16
54577 1.000000 16
54593 -1.000000 16
54609 -1.000000 16
54625 1.000000 16
54640 1.000000 15
54656 -1.000000 16
54672 -1.000000 16
54688 1.000000 16
54704 1.000000 16
54720 1.000000 16
54736 -1.000000 16
54752 1.000000 16
54768 -1.000000 16
54784 -1.000000 16
54800 -1.000000 16
54816 1.000000 16
54832 1.000000 16
54847 -1.000000 15
54863 1.000000 16
54879 1.000000 16
54895 1.000000 16
54911 1.000000 16
54927 -1.000000 16
54943 1.000000 16
54959 -1.000000 16
54975 -1.000000 16
54991 1.000000 16
55007 1.000000 16
55023 -1.000000 16
55040 1.000000 17
55056 1.000000 16
55072 -1.000000 16
55088 -1.000000 16
55104 -1.000000 16
55121 1.000000 17
55137 1.000000 16
55153 1.000000 16
55169 -1.000000 16
55185 1.000000 16
55200 1.000000 15
55216 1.000000 16
55233 1.000000 17
55249 1.000000 16
55265 1.000000 16
55283 1.000000 18
55299 -1.000000 16
55316 1.000000 17
55332 1.000000 16
55348 1.000000 16
55364 1.000000 16
55380 1.000000 16
55396 -1.000000 16
55412 1.000000 16
55428 1.000000 16
55444 1.000000 16
55461 -1.000000 17
55477 -1.000000 16
55493 1.000000 16
55510 -1.000000 17
55526 -1.000000 16
55542 -1.000000 16
55558 1.000000 16
55574 1.000000 16
55590 1.000000 16
55606 -1.000000 16
55622 1.000000 16
55638 1.000000 16
55654 -1.000000 16
55671 1.000000 17
55686 -1.000000 15
55701 1.000000 15
55717 1.000000 16
55733 1.000000 16
55749 1.000000 16
55766 -1.000000 17
55782 1.000000 16
55799 1.000000 17
55815 1.000000 16
55832 1.000000 17
55848 -1.000000 16
55864 1.000000 16
55880 -1.000000 16
55896 1.000000 16
55912 -1.000000 16
55928 1.000000 16
55944 -1.000000 16
55960 1.000000 16
55976 -1.000000 16
55992 1.000000 16
56008 1.000000 16
56024 1.000000 16
56040 -1.000000 16
56056 -1.000000 16
56072 1.000000 16
56083 -1.000000 11
56098 -1.000000 15
56114 1.000000 16
56130 1.000000 16
56146 -1.000000 16
56162 -1.000000 16
56179 -1.000000 17
56195 1.000000 16
56212 1.000000 17
56228 1.000000 16
56244 -1.000000 16
56260 -1.000000 16
56276 -1.000000 16
56292 1.000000 16
56308 1.000000 16
56324 1.000000 16
56340 1.000000 16
56356 -1.000000 16
56373 1.000000 17
56389 1.000000 16
56405 -1.000000 16
56421 -1.000000 16
56437 -1.000000 16
56451 -1.000000 14
56467 -1.000000 16
56483 1.000000 16
56498 -1.000000 15
56514 1.000000 16
56530 1.000000 16
56546 1.000000 16
56562 -1.000000 16
56578 -1.000000 16
56594 -1.000000 16
56610 -1.000000 16
56626 1.000000 16
56642 -1.000000 16
56659 1.000000 17
56675 1.000000 16
56691 1.000000 16
56706 1.000000 15
56722 1.000000 16
56738 -1.000000 16
56754 -1.000000 16
56770 1.000000 16
56786 1.000000 16
56802 1.000000 16
56818 1.000000 16
56834 1.000000 16
56850 -1.000000 16
56865 1.000000 15
56881 1.000000 16
56897 1.000000 16
56913 1.000000 16
56927 1.000000 14
56944 -1.000000 17
56960 1.000000 16
56976 -1.000000 16
56992 1.000000 16
57008 1.000000 16
57022 -1.000000 14
57038 1.000000 16
57054 1.000000 16
57070 -1.000000 16
57086 1.000000 16
57102 1.000000 16
57118 -1.000000 16
57133 -1.000000 15
57149 1.000000 16
57165 1.000000 16
57178 1.000000 13
57194 -1.000000 16
57210 1.000000 16
57226 1.000000 16
57242 1.000000 16
57258 1.000000 16
57274 1.000000 16
57289 1.000000 15
57305 1.000000 16
57320 1.000000 15
57336 1.000000 16
57352 1.000000 16
57366 1.000000 14
57382 1.000000 16
57398 -1.000000 16
57414 -1.000000 16
57430 1.000000 16
57443 -1.000000 13
57459 1.000000 16
57475 -1.000000 16
57491 1.000000 16
57507 1.000000 16
57523 1.000000 16
57539 -1.000000 16
57555 1.000000 16
57572 1.000000 17
57588 -1.000000 16
57604 -1.000000 16
57620 -1.000000 16
57636 1.000000 16
57652 -1.000000 16
57668 1.000000 16
57684 1.000000 16
57700 1.000000 16
57716 -1.000000 16
57732 -1.000000 16
57748 -1.000000 16
57760 -1.000000 12
57775 -1.000000 15
57791 1.000000 16
57807 -1.000000 16
57823 1.000000 16
57839 1.000000 16
57854 1.000000 15
57870 1.000000 16
57886 -1.000000 16
57902 1.000000 16
57918 1.000000 16
57934 -1.000000 16
57950 -1.000000 16
57966 -1.000000 16
57982 1.000000 16
57998 1.000000 16
58014 1.000000 16
58030 1.000000 16
58040 -1.000000 10
58056 1.000000 16
58073 1.000000 17
58085 -1.000000 12
58101 1.000000 16
58117 1.000000 16
58133 1.000000 16
58149 1.000000 16
58165 -1.000000 16
58181 1.000000 16
58198 -1.000000 17
58215 1.000000 17
58231 1.000000 16
58247 1.000000 16
58263 1.000000 16
58279 -1.000000 16
58295 -1.000000 16
58311 1.000000 16
58327 -1.000000 16
58341 -1.000000 14
58358 1.000000 17
58368 -1.000000 10
58384 1.000000 16
58400 1.000000 16
58416 -1.000000 16
58432 -1.000000 16
58448 1.000000 16
58464 1.000000 16
58481 1.000000 17
58496 1.000000 15
58512 1.000000 16
58528 -1.000000 16
58544 1.000000 16
58562 1.000000 18
58578 -1.000000 16
58594 -1.000000 16
58610 1.000000 16
58623 1.000000 13
58639 -1.000000 16
58655 -1.000000 16
58668 1.000000 13
58684 1.000000 16
58700 1.000000 16
58716 -1.000000 16
58732 -1.000000 16
58748 1.000000 16
58764 -1.000000 16
58780 1.000000 16
58796 -1.000000 16
58812 -1.000000 16
58828 1.000000 16
58844 -1.000000 16
58860 1.000000 16
58876 -1.000000 16
58892 1.000000 16
58909 1.000000 17
58925 1.000000 16
58941 1.000000 16
58957 -1.000000 16
58974 -1.000000 17
58990 1.000000 16
59005 1.000000 15
59020 1.000000 15
59036 1.000000 16
59052 1.000000 16
59068 1.000000 16
59084 1.000000 16
59096 1.000000 12
59112 1.000000 16
59128 1.000000 16
59144 1.000000 16
59160 1.000000 16
59176 1.000000 16
59192 1.000000 16
59208 1.000000 16
59224 -1.000000 16
59240 1.000000 16
59256 -1.000000 16
59273 1.000000 17
59289 1.000000 16
59305 -1.000000 16
59321 1.000000 16
59337 1.000000 16
59354 1.000000 17
59370 1.000000 16
59386 -1.000000 16
59403 1.000000 17
59419 -1.000000 16
59436 1.000000 17
59452 1.000000 16
59468 1.000000 16
59484 -1.000000 16
59500 1.000000 16
59516 -1.000000 16
59532 1.000000 16
59548 1.000000 16
59563 -1.000000 15
59579 1.000000 16
59595 1.000000 16
59612 1.000000 17
59628 1.000000 16
59644 -1.000000 16
59660 -1.000000 16
59676 -1.000000 16
59692 -1.000000 16
59708 1.000000 16
59723 1.000000 15
59739 1.000000 16
59755 1.000000 16
59771 1.000000 16
59786 -1.000000 15
59802 1.000000 16
59818 -1.000000 16
59833 -1.000000 15
59847 1.000000 14
59863 1.000000 16
59879 1.000000 16
59895 1.000000 16
59912 1.000000 17
59928 -1.000000 16
59944 1.000000 16
59960 1.000000 16
59971 1.000000 11
59986 1.000000 15
60003 1.000000 17
60019 -1.000000 16
60036 1.000000 17
60052 1.000000 16
60068 1.000000 16
60078 -1.000000 10
60094 -1.000000 16
60110 -1.000000 16
60126 -1.000000 16
60143 1.000000 17
60159 -1.000000 16
60175 1.000000 16
60191 -1.000000 16
60207 1.000000 16
60223 -1.000000 16
60239 1.000000 16
60255 -1.000000 16
60271 -1.000000 16
60281 -1.000000 10
60297 1.000000 16
60313 1.000000 16
60330 1.000000 17
60345 -1.000000 15
60361 1.000000 16
60377 1.000000 16
60393 1.000000 16
60409 1.000000 16
60425 -1.000000 16
60441 1.000000 16
60457 1.000000 16
60473 1.000000 16
60491 1.000000 18
60508 1.000000 17
60523 1.000000 15
60539 1.000000 16
60555 1.000000 16
60571 1.000000 16
60587 1.000000 16
60603 1.000000 16
60619 1.000000 16
60633 -1.000000 14
60649 1.000000 16
60663 1.000000 14
60679 1.000000 16
60695 1.000000 16
60711 -1.000000 16
60727 1.000000 16
60740 1.000000 13
60756 -1.000000 16
60771 1.000000 15
60787 1.000000 16
60803 -1.000000 16
60818 1.000000 15
60833 1.000000 15
60849 -1.000000 16
60864 1.000000 15
60880 1.000000 16
60896 1.000000 16
60912 -1.000000 16
60928 1.000000 16
60944 -1.000000 16
60960 1.000000 16
60976 1.000000 16
60992 1.000000 16
61008 -1.000000 16
61024 1.000000 16
61039 1.000000 15
61055 -1.000000 16
61071 1.000000 16
61087 1.000000 16
61103 -1.000000 16
61114 1.000000 11
61130 1.000000 16
61143 -1.000000 13
61159 1.000000 16
61175 1.000000 16
61193 1.000000 18
61209 1.000000 16
61225 1.000000 16
61241 1.000000 16
61257 -1.000000 16
61273 -1.000000 16
61289 -1.000000 16
61306 1.000000 17
61317 -1.000000 11
61334 -1.000000 17
61350 -1.000000 16
61366 1.000000 16
61383 -1.000000 17
61399 -1.000000 16
61415 -1.000000 16
61429 1.000000 14
61445 1.000000 16
61461 -1.000000 16
61477 -1.000000 16
61494 1.000000 17
61510 -1.000000 16
61526 -1.000000 16
61543 1.000000 17
61559 1.000000 16
61575 1.000000 16
61591 1.000000 16
61607 -1.000000 16
61623 -1.000000 16
61639 1.000000 16
61656 1.000000 17
61669 1.000000 13
61687 1.000000 18
61702 1.000000 15
61718 -1.000000 16
61734 1.000000 16
61750 1.000000 16
61766 -1.000000 16
61782 -1.000000 16
61798 1.000000 16
61814 1.000000 16
61830 1.000000 16
61846 1.000000 16
61862 1.000000 16
61878 1.000000 16
61894 1.000000 16
61910 -1.000000 16
61926 1.000000 16
61943 1.000000 17
61960 1.000000 17
61976 1.000000 16
61992 1.000000 16
62008 1.000000 16
62024 -1.000000 16
62040 1.000000 16
62056 1.000000 16
62073 1.000000 17
62089 1.000000 16
62105 -1.000000 16
62121 -1.000000 16
62138 1.000000 17
62154 1.000000 16
62170 -1.000000 16
62186 1.000000 16
62202 -1.000000 16
62218 -1.000000 16
62234 1.000000 16
62251 1.000000 17
62268 1.000000 17
62284 -1.000000 16
62300 -1.000000 16
62313 -1.000000 13
62329 1.000000 16
62345 1.000000 16
62362 1.000000 17
62378 -1.000000 16
62394 -1.000000 16
62410 1.000000 16
62426 1.000000 16
62442 -1.000000 16
62458 1.000000 16
62474 -1.000000 16
62489 -1.000000 15
62505 1.000000 16
62521 1.000000 16
62537 1.000000 16
62552 -1.000000 15
62568 1.000000 16
62584 -1.000000 16
62600 1.000000 16
62616 1.000000 16
62632 1.000000 16
62648 -1.000000 16
62664 -1.000000 16
62680 -1.000000 16
62696 1.000000 16
62712 1.000000 16
62725 -1.000000 13
62741 1.000000 16
62757 1.000000 16
62773 -1.000000 16
62789 1.000000 16
62805 1.000000 16
62821 -1.000000 16
62837 -1.000000 16
62853 1.000000 16
62869 -1.000000 16
62885 1.000000 16
62901 -1.000000 16
62917 1.000000 16
62933 1.000000 16
62950 -1.000000 17
62966 -1.000000 16
62982 -1.000000 16
62998 1.000000 16
63014 1.000000 16
63029 1.000000 15
63045 1.000000 16
63061 1.000000 16
63076 -1.000000 15
63092 -1.000000 16
63108 1.000000 16
63124 -1.000000 16
63140 1.000000 16
63156 -1.000000 16
63173 1.000000 17
63190 1.000000 17
63206 -1.000000 16
63222 1.000000 16
63238 -1.000000 16
63254 -1.000000 16
63270 1.000000 16
63286 1.000000 16
63302 1.000000 16
63317 -1.000000 15
63333 -1.000000 16
63349 1.000000 16
63365 1.000000 16
63382 1.000000 17
63398 1.000000 16
63411 -1.000000 13
63427 -1.000000 16
63443 1.000000 16
63459 1.000000 16
63475 1.000000 16
63491 1.000000 16
63507 -1.000000 16
63523 -1.000000 16
63537 -1.000000 14
63553 1.000000 16
63569 1.000000 16
63585 -1.000000 16
63601 -1.000000 16
63617 -1.000000 16
63631 1.000000 14
63647 -1.000000 16
63663 -1.000000 16
63679 1.000000 16
63695 1.000000 16
63711 1.000000 16
63727 1.000000 16
63743 1.000000 16
63759 -1.000000 16
63775 1.000000 16
63792 1.000000 17
63808 1.000000 16
63824 -1.000000 16
63840 1.000000 16
63856 1.000000 16
63872 -1.000000 16
63888 -1.000000 16
63905 1.000000 17
63921 1.000000 16
63937 -1.000000 16
63954 1.000000 17
63970 1.000000 16
63986 1.000000 16
64002 1.000000 16
64015 1.000000 13
64031 -1.000000 16
64047 1.000000 16
64063 1.000000 16
64080 1.000000 17
64096 1.000000 16
64112 1.000000 16
64128 -1.000000 16
64144 -1.000000 16
64160 1.000000 16
64176 1.000000 16
64192 -1.000000 16
64208 1.000000 16
64224 1.000000 16
64239 1.000000 15
64255 -1.000000 16
64271 -1.000000 16
64287 1.000000 16
64303 -1.000000 16
64319 1.000000 16
64335 -1.000000 16
64351 1.000000 16
64367 1.000000 16
64383 -1.000000 16
64399 -1.000000 16
64411 -1.000000 12
64427 -1.000000 16
64443 1.000000 16
64459 1.000000 16
64475 1.000000 16
64492 1.000000 17
64508 1.000000 16
64521 -1.000000 13
64537 1.000000 16
64553 1.000000 16
64569 -1.000000 16
64585 -1.000000 16
64602 1.000000 17
64618 1.000000 16
64634 1.000000 16
64650 -1.000000 16
64666 -1.000000 16
64681 -1.000000 15
64697 -1.000000 16
64713 -1.000000 16
64729 -1.000000 16
64745 1.000000 16
64762 1.000000 17
64779 1.000000 17
64796 1.000000 17
64812 1.000000 16
64828 1.000000 16
64842 1.000000 14
64858 1.000000 16
64875 1.000000 17
64891 -1.000000 16
64907 -1.000000 16
64923 1.000000 16
64939 1.000000 16
64955 -1.000000 16
64971 1.000000 16
64987 1.000000 16
65003 1.000000 16
65019 -1.000000 16
65034 -1.000000 15
65050 1.000000 16
65066 1.000000 16
65082 1.000000 16
65098 -1.000000 16
65114 -1.000000 16
65130 1.000000 16
65147 1.000000 17
65163 1.000000 16
65179 1.000000 16
65195 -1.000000 16
65211 1.000000 16
65227 1.000000 16
65243 1.000000 16
65259 1.000000 16
65275 -1.000000 16
65292 1.000000 17
65308 1.000000 16
65324 -1.000000 16
65340 -1.000000 16
65356 -1.000000 16
65371 -1.000000 15
65388 -1.000000 17
65404 -1.000000 16
65420 1.000000 16
65436 1.000000 16
65452 -1.000000 16
65468 -1.000000 16
65484 -1.000000 16
65501 1.000000 17
65514 -1.000000 13
65530 1.000000 16
65546 1.000000 16
65562 1.000000 16
65578 1.000000 16
65594 -1.000000 16
65610 1.000000 16
65626 -1.000000 16
65642 1.000000 16
65658 1.000000 16
65674 -1.000000 16
65690 -1.000000 16
65706 -1.000000 16
65722 -1.000000 16
65738 -1.000000 16
65754 -1.000000 16
65770 -1.000000 16
65786 1.000000 16
65802 1.000000 16
65818 1.000000 16
65834 -1.000000 16
65849 -1.000000 15
65865 1.000000 16
65881 1.000000 16
65895 -1.000000 14
65911 1.000000 16
65927 1.000000 16
65943 1.000000 16
65959 1.000000 16
65974 -1.000000 15
65990 -1.000000 16
66006 1.000000 16
66022 -1.000000 16
66038 1.000000 16
66054 1.000000 16
66070 1.000000 16
66086 1.000000 16
66103 1.000000 17
66119 1.000000 16
66135 1.000000 16
66151 1.000000 16
66166 1.000000 15
66182 1.000000 16
66198 1.000000 16
66209 1.000000 11
66225 1.000000 16
66241 1.000000 16
66257 1.000000 16
66273 -1.000000 16
66289 1.000000 16
66305 1.000000 16
66321 1.000000 16
66337 -1.000000 16
66353 -1.000000 16
66369 1.000000 16
66385 -1.000000 16
66401 1.000000 16
66417 -1.000000 16
66433 1.000000 16
66449 -1.000000 16
66465 1.000000 16
66481 -1.000000 16
66497 1.000000 16
66513 1.000000 16
66529 -1.000000 16
66545 1.000000 16
66561 1.000000 16
66577 -1.000000 16
66593 -1.000000 16
66609 1.000000 16
66625 -1.000000 16
66641 1.000000 16
66658 1.000000 17
66674 1.000000 16
66690 -1.000000 16
66706 -1.000000 16
66721 1.000000 15
66737 1.000000 16
66754 1.000000 17
66770 1.000000 16
66786 -1.000000 16
66803 1.000000 17
66819 -1.000000 16
66836 1.000000 17
66853 1.000000 17
66869 -1.000000 16
66885 -1.000000 16
66901 1.000000 16
66918 1.000000 17
66934 -1.000000 16
66950 -1.000000 16
66966 -1.000000 16
66982 -1.000000 16
66998 -1.000000 16
67014 -1.000000 16
67030 1.000000 16
67044 1.000000 14
67060 -1.000000 16
67076 1.000000 16
67092 1.000000 16
67108 1.000000 16
67123 -1.000000 15
67139 1.000000 16
67155 -1.000000 16
67171 -1.000000 16
67188 1.000000 17
67203 -1.000000 15
67219 -1.000000 16
67235 1.000000 16
67251 1.000000 16
67266 1.000000 15
67282 1.000000 16
67298 1.000000 16
67315 1.000000 17
67331 -1.000000 16
67347 -1.000000 16
67363 -1.000000 16
67379 -1.000000 16
67391 1.000000 12
67407 1.000000 16
67423 1.000000 16
67439 -1.000000 16
67456 1.000000 17
67472 -1.000000 16
67489 1.000000 17
67505 1.000000 16
67520 1.000000 15
67535 1.000000 15
67551 1.000000 16
67567 -1.000000 16
67583 -1.000000 16
67599 1.000000 16
67615 1.000000 16
67631 1.000000 16
67640 -1.000000 9
67656 1.000000 16
67672 -1.000000 16
67688 1.000000 16
67704 1.000000 16
67720 -1.000000 16
67736 1.000000 16
67752 -1.000000 16
67768 -1.000000 16
67784 -1.000000 16
67798 -1.000000 14
67814 -1.000000 16
67830 -1.000000 16
67846 -1.000000 16
67862 1.000000 16
67878 -1.000000 16
67894 1.000000 16
67910 -1.000000 16
67926 1.000000 16
67942 1.000000 16
67959 1.000000 17
67976 1.000000 17
67992 -1.000000 16
68008 1.000000 16
68024 1.000000 16
68040 -1.000000 16
68057 1.000000 17
68073 1.000000 16
68089 1.000000 16
68105 -1.000000 16
68121 -1.000000 16
68137 1.000000 16
68151 -1.000000 14
68166 1.000000 15
68181 1.000000 15
68197 1.000000 16
68213 -1.000000 16
68230 -1.000000 17
68243 -1.000000 13
68259 1.000000 16
68275 1.000000 16
68291 -1.000000 16
68307 1.000000 16
68323 -1.000000 16
68339 1.000000 16
68355 1.000000 16
68371 1.000000 16
68387 -1.000000 16
68403 1.000000 16
68419 -1.000000 16
68435 1.000000 16
68452 1.000000 17
68468 -1.000000 16
68485 1.000000 17
68501 1.000000 16
68517 1.000000 16
68533 -1.000000 16
68549 1.000000 16
68564 -1.000000 15
68580 1.000000 16
68596 -1.000000 16
68612 -1.000000 16
68628 1.000000 16
68644 -1.000000 16
68660 1.000000 16
68675 1.000000 15
68691 1.000000 16
68707 1.000000 16
68723 -1.000000 16
68739 1.000000 16
68755 -1.000000 16
68771 1.000000 16
68787 1.000000 16
68803 1.000000 16
68819 1.000000 16
68835 1.000000 16
68851 1.000000 16
68867 -1.000000 16
68884 1.000000 17
68900 1.000000 16
68916 1.000000 16
68932 -1.000000 16
68948 1.000000 16
68964 1.000000 16
68980 -1.000000 16
68996 -1.000000 16
69012 1.000000 16
69028 -1.000000 16
69044 1.000000 16
69060 1.000000 16
69076 1.000000 16
69092 -1.000000 16
69108 1.000000 16
69124 1.000000 16
69140 1.000000 16
69156 -1.000000 16
69172 1.000000 16
69188 1.000000 16
69204 -1.000000 16
69220 1.000000 16
69236 1.000000 16
69253 1.000000 17
69270 1.000000 17
69286 -1.000000 16
69301 -1.000000 15
69318 1.000000 17
69334 -1.000000 16
69350 -1.000000 16
69367 1.000000 17
69383 -1.000000 16
69399 -1.000000 16
69415 1.000000 16
69429 1.000000 14
69445 1.000000 16
69461 1.000000 16
69477 -1.000000 16
69493 1.000000 16
69509 1.000000 16
69525 -1.000000 16
69541 -1.000000 16
69557 1.000000 16
69573 1.000000 16
69589 1.000000 16
69605 1.000000 16
69622 1.000000 17
69639 1.000000 17
69655 -1.000000 16
69671 -1.000000 16
69687 1.000000 16
69703 1.000000 16
69719 1.000000 16
69735 1.000000 16
69751 1.000000 16
69767 1.000000 16
69782 1.000000 15
69798 1.000000 16
69814 -1.000000 16
69831 1.000000 17
69847 1.000000 16
69862 1.000000 15
69876 1.000000 14
69892 1.000000 16
69909 1.000000 17
69925 1.000000 16
69942 -1.000000 17
69958 -1.000000 16
69974 1.000000 16
69990 -1.000000 16
70007 1.000000 17
70023 1.000000 16
70039 -1.000000 16
70055 1.000000 16
70071 -1.000000 16
70087 1.000000 16
70105 -1.000000 18
70121 1.000000 16
70137 -1.000000 16
70153 -1.000000 16
70169 1.000000 16
70185 -1.000000 16
70202 1.000000 17
70218 -1.000000 16
70235 1.000000 17
70251 1.000000 16
70267 -1.000000 16
70284 -1.000000 17
70299 1.000000 15
70316 1.000000 17
70332 -1.000000 16
70348 1.000000 16
70364 1.000000 16
70380 -1.000000 16
70396 -1.000000 16
70413 1.000000 17
70429 1.000000 16
70445 -1.000000 16
70461 -1.000000 16
70479 1.000000 18
70495 -1.000000 16
70512 -1.000000 17
70528 1.000000 16
70544 1.000000 16
70560 1.000000 16
70576 1.000000 16
70591 1.000000 15
70607 1.000000 16
70623 -1.000000 16
70639 1.000000 16
70655 1.000000 16
70671 1.000000 16
70687 -1.000000 16
70703 1.000000 16
70719 1.000000 16
70735 1.000000 16
70751 -1.000000 16
70767 -1.000000 16
70784 1.000000 17
70789 -1.000000 5
70805 1.000000 16
70821 1.000000 16
70838 1.000000 17
70853 1.000000 15
70869 1.000000 16
70885 -1.000000 16
70901 -1.000000 16
70917 1.000000 16
70933 1.000000 16
70949 1.000000 16
70964 -1.000000 15
70980 1.000000 16
70996 -1.000000 16
71012 1.000000 16
71028 -1.000000 16
71044 1.000000 16
71060 -1.000000 16
71076 1.000000 16
71092 1.000000 16
71108 1.000000 16
71123 1.000000 15
71139 1.000000 16
71156 1.000000 17
71172 1.000000 16
71188 -1.000000 16
71204 1.000000 16
71220 -1.000000 16
71236 1.000000 16
71252 1.000000 16
71268 -1.000000 16
71284 1.000000 16
71300 -1.000000 16
71316 1.000000 16
71333 1.000000 17
71349 1.000000 16
71365 -1.000000 16
71381 -1.000000 16
71397 -1.000000 16
71413 -1.000000 16
71429 1.000000 16
71445 -1.000000 16
71461 1.000000 16
71477 1.000000 16
71493 1.000000 16
71509 1.000000 16
71523 -1.000000 14
71538 1.000000 15
71554 -1.000000 16
71570 1.000000 16
71586 1.000000 16
71602 -1.000000 16
71618 -1.000000 16
71634 -1.000000 16
71650 -1.000000 16
71666 1.000000 16
71682 1.000000 16
71698 1.000000 16
71715 1.000000 17
71731 -1.000000 16
71747 -1.000000 16
71763 -1.000000 16
71779 1.000000 16
71795 1.000000 16
71811 -1.000000 16
71827 1.000000 16
71843 1.000000 16
71859 1.000000 16
71876 1.000000 17
71893 1.000000 17
71908 -1.000000 15
71924 1.000000 16
71940 1.000000 16
71956 1.000000 16
71972 -1.000000 16
71988 1.000000 16
72004 1.000000 16
72020 -1.000000 16
72036 -1.000000 16
72052 -1.000000 16
72068 -1.000000 16
72084 -1.000000 16
72101 1.000000 17
72117 1.000000 16
72133 1.000000 16
72149 1.000000 16
72163 1.000000 14
72180 1.000000 17
72196 1.000000 16
72212 -1.000000 16
72228 -1.000000 16
72244 1.000000 16
72260 -1.000000 16
72276 -1.000000 16
72292 -1.000000 16
72308 -1.000000 16
72321 1.000000 13
72337 1.000000 16
72353 -1.000000 16
72370 1.000000 17
72386 1.000000 16
72402 -1.000000 16
72418 -1.000000 16
72432 -1.000000 14
72448 -1.000000 16
72464 1.000000 16
72480 1.000000 16
72496 -1.000000 16
72512 -1.000000 16
72528 -1.000000 16
72544 -1.000000 16
72560 -1.000000 16
72575 -1.000000 15
72591 1.000000 16
72607 -1.000000 16
72623 -1.000000 16
72639 -1.000000 16
72655 1.000000 16
72671 -1.000000 16
72687 -1.000000 16
72703 -1.000000 16
72719 1.000000 16
72735 -1.000000 16
72751 -1.000000 16
72767 1.000000 16
72783 1.000000 16
72799 -1.000000 16
72815 1.000000 16
72831 -1.000000 16
72847 -1.000000 16
72863 1.000000 16
72879 -1.000000 16
72895 1.000000 16
72911 -1.000000 16
72927 -1.000000 16
72943 1.000000 16
72959 1.000000 16
72976 1.000000 17
72990 -1.000000 14
73006 1.000000 16
73021 -1.000000 15
73037 1.000000 16
73053 -1.000000 16
73069 1.000000 16
73084 1.000000 15
73100 -1.000000 16
73117 1.000000 17
73133 -1.000000 16
73149 1.000000 16
73165 1.000000 16
73181 1.000000 16
73197 1.000000 16
73213 1.000000 16
73229 -1.000000 16
73245 1.000000 16
73261 1.000000 16
73277 1.000000 16
73293 1.000000 16
73309 1.000000 16
73325 1.000000 16
73341 -1.000000 16
73357 1.000000 16
73372 -1.000000 15
73388 1.000000 16
73404 -1.000000 16
73420 1.000000 16
73436 1.000000 16
73452 -1.000000 16
73468 1.000000 16
73484 -1.000000 16
73500 -1.000000 16
73516 1.000000 16
73531 -1.000000 15
73547 1.000000 16
73563 1.000000 16
73579 1.000000 16
73595 1.000000 16
73611 1.000000 16
73627 1.000000 16
73643 1.000000 16
73659 1.000000 16
73676 1.000000 17
73692 -1.000000 16
73708 1.000000 16
73724 -1.000000 16
73740 -1.000000 16
73756 1.000000 16
73771 -1.000000 15
73787 1.000000 16
73804 1.000000 17
73820 1.000000 16
73836 1.000000 16
73850 1.000000 14
73867 1.000000 17
73885 1.000000 18
73901 1.000000 16
73915 -1.000000 14
73931 1.000000 16
73947 1.000000 16
73963 -1.000000 16
73979 1.000000 16
73995 1.000000 16
74011 -1.000000 16
74027 1.000000 16
74043 1.000000 16
74059 -1.000000 16
74072 -1.000000 13
74088 1.000000 16
74104 1.000000 16
74120 1.000000 16
74135 1.000000 15
74150 -1.000000 15
74166 1.000000 16
74182 1.000000 16
74195 -1.000000 13
74212 1.000000 17
74229 1.000000 17
74245 1.000000 16
74261 1.000000 16
74277 -1.000000 16
74293 -1.000000 16
74309 1.000000 16
74325 -1.000000 16
74341 1.000000 16
74357 1.000000 16
74373 1.000000 16
74389 1.000000 16
74405 -1.000000 16
74421 1.000000 16
74437 -1.000000 16
74451 -1.000000 14
74466 1.000000 15
74482 1.000000 16
74498 1.000000 16
74514 -1.000000 16
74530 -1.000000 16
74546 1.000000 16
74563 1.000000 17
74579 1.000000 16
74595 -1.000000 16
74611 -1.000000 16
74627 1.000000 16
74643 -1.000000 16
74659 -1.000000 16
74675 -1.000000 16
74691 -1.000000 16
74707 -1.000000 16
74723 1.000000 16
74739 1.000000 16
74755 -1.000000 16
74773 1.000000 18
74790 1.000000 17
74806 -1.000000 16
74822 -1.000000 16
74838 1.000000 16
74855 1.000000 17
74871 1.000000 16
74888 1.000000 17
74904 1.000000 16
74920 -1.000000 16
74936 1.000000 16
74952 1.000000 16
74968 -1.000000 16
74984 1.000000 16
75000 1.000000 16
75016 1.000000 16
75032 1.000000 16
75048 -1.000000 16
75064 1.000000 16
75080 -1.000000 16
75096 -1.000000 16
75112 1.000000 16
75129 1.000000 17
75145 -1.000000 16
75161 1.000000 16
75177 -1.000000 16
75193 1.000000 16
75209 1.000000 16
75225 -1.000000 16
75242 1.000000 17
75258 1.000000 16
75274 1.000000 16
75290 1.000000 16
75301 -1.000000 11
75312 1.000000 11
75329 1.000000 17
75346 1.000000 17
75362 1.000000 16
75378 -1.000000 16
75394 -1.000000 16
75410 1.000000 16
75423 1.000000 13
75439 -1.000000 16
75455 1.000000 16
75471 1.000000 16
75483 -1.000000 12
75499 -1.000000 16
75515 1.000000 16
75531 -1.000000 16
75547 1.000000 16
75563 -1.000000 16
75579 1.000000 16
75595 1.000000 16
75611 1.000000 16
75627 -1.000000 16
75643 1.000000 16
75659 1.000000 16
75675 -1.000000 16
75691 1.000000 16
75707 1.000000 16
75723 -1.000000 16
75739 -1.000000 16
75755 1.000000 16
75771 1.000000 16
75787 1.000000 16
75803 1.000000 16
75819 1.000000 16
75835 1.000000 16
75851 1.000000 16
75867 1.000000 16
75883 1.000000 16
75899 1.000000 16
75915 1.000000 16
75931 -1.000000 16
75947 1.000000 16
75963 1.000000 16
75979 -1.000000 16
75995 1.000000 16
76011 1.000000 16
76027 1.000000 16
76044 1.000000 17
76060 1.000000 16
76076 1.000000 16
76092 -1.000000 16
76108 -1.000000 16
76125 1.000000 17
76141 1.000000 16
76156 1.000000 15
76172 1.000000 16
76188 -1.000000 16
76204 -1.000000 16
76220 -1.000000 16
76236 1.000000 16
76252 1.000000 16
76268 -1.000000 16
76284 -1.000000 16
76300 1.000000 16
76316 1.000000 16
76331 1.000000 15
76347 1.000000 16
76363 1.000000 16
76379 1.000000 16
76395 -1.000000 16
76411 1.000000 16
76427 -1.000000 16
76443 1.000000 16
76459 1.000000 16
76475 1.000000 16
76490 1.000000 15
76506 -1.000000 16
76522 -1.000000 16
76538 -1.000000 16
76554 1.000000 16
76570 1.000000 16
76586 1.000000 16
76602 -1.000000 16
76618 1.000000 16
76634 -1.000000 16
76650 -1.000000 16
76666 1.000000 16
76683 1.000000 17
76699 1.000000 16
76715 1.000000 16
76732 1.000000 17
76748 -1.000000 16
76764 -1.000000 16
76780 1.000000 16
76796 -1.000000 16
76812 1.000000 16
76828 -1.000000 16
76844 1.000000 16
76860 -1.000000 16
76876 1.000000 16
76892 1.000000 16
76908 -1.000000 16
76924 1.000000 16
76940 -1.000000 16
76956 -1.000000 16
76972 -1.000000 16
76988 1.000000 16
77005 1.000000 17
77020 1.000000 15
77036 1.000000 16
77052 -1.000000 16
77068 1.000000 16
77085 1.000000 17
77101 1.000000 16
77117 1.000000 16
77131 -1.000000 14
77147 -1.000000 16
77163 1.000000 16
77179 -1.000000 16
77195 -1.000000 16
77211 1.000000 16
77228 1.000000 17
77244 -1.000000 16
77260 1.000000 16
77276 -1.000000 16
77292 1.000000 16
77308 1.000000 16
77324 1.000000 16
77340 1.000000 16
77355 1.000000 15
77371 1.000000 16
77387 1.000000 16
