3 -1.000000 3
8 1.000000 5
13 1.000000 5
18 1.000000 5
21 1.000000 3
25 -1.000000 4
29 -1.000000 4
33 -1.000000 4
36 -1.000000 3
40 1.000000 4
43 1.000000 3
46 -1.000000 3
51 1.000000 5
55 1.000000 4
60 1.000000 5
65 1.000000 5
70 0.000000 5
74 1.000000 4
77 -1.000000 3
81 -1.000000 4
86 1.000000 5
91 0.000000 5
94 1.000000 3
99 1.000000 5
103 -1.000000 4
108 1.000000 5
113 1.000000 5
117 -1.000000 4
121 -1.000000 4
124 1.000000 3
128 1.000000 4
132 -1.000000 4
136 1.000000 4
140 -1.000000 4
145 1.000000 5
148 1.000000 3
152 -1.000000 4
155 -1.000000 3
158 1.000000 3
162 -1.000000 4
167 0.000000 5
171 -1.000000 4
174 -1.000000 3
178 1.000000 4
181 1.000000 3
184 1.000000 3
188 1.000000 4
191 1.000000 3
196 0.000000 5
200 -1.000000 4
204 -1.000000 4
207 -1.000000 3
210 -1.000000 3
215 1.000000 5
219 -1.000000 4
224 1.000000 5
229 0.000000 5
233 1.000000 4
237 -1.000000 4
241 -1.000000 4
246 1.000000 5
250 1.000000 4
255 1.000000 5
258 1.000000 3
262 -1.000000 4
267 1.000000 5
271 1.000000 4
275 1.000000 4
280 1.000000 5
283 1.000000 3
287 1.000000 4
291 1.000000 4
296 1.000000 5
301 1.000000 5
306 1.000000 5
310 1.000000 4
315 0.000000 5
319 -1.000000 4
324 0.000000 5
327 -1.000000 3
330 -1.000000 3
334 -1.000000 4
338 -1.000000 4
343 0.000000 5
348 0.000000 5
353 0.000000 5
356 -1.000000 3
359 1.000000 3
363 1.000000 4
367 1.000000 4
372 1.000000 5
377 0.000000 5
380 -1.000000 3
385 1.000000 5
388 -1.000000 3
393 0.000000 5
397 1.000000 4
401 1.000000 4
405 1.000000 4
408 -1.000000 3
413 1.000000 5
418 0.000000 5
421 1.000000 3
425 1.000000 4
429 1.000000 4
434 0.000000 5
439 1.000000 5
443 -1.000000 4
447 1.000000 4
451 -1.000000 4
455 -1.000000 4
458 -1.000000 3
462 -1.000000 4
467 0.000000 5
472 0.000000 5
475 -1.000000 3
480 0.000000 5
485 0.000000 5
490 1.000000 5
495 0.000000 5
499 1.000000 4
502 1.000000 3
507 1.000000 5
512 0.000000 5
516 -1.000000 4
520 1.000000 4
525 1.000000 5
529 1.000000 4
533 1.000000 4
538 0.000000 5
543 1.000000 5
547 1.000000 4
550 1.000000 3
555 0.000000 5
560 1.000000 5
565 1.000000 5
568 -1.000000 3
571 1.000000 3
576 1.000000 5
579 -1.000000 3
584 1.000000 5
588 -1.000000 4
591 -1.000000 3
595 1.000000 4
600 1.000000 5
604 1.000000 4
609 1.000000 5
612 1.000000 3
616 -1.000000 4
621 1.000000 5
625 -1.000000 4
629 1.000000 4
634 1.000000 5
638 -1.000000 4
643 1.000000 5
648 1.000000 5
651 -1.000000 3
655 1.000000 4
659 -1.000000 4
664 0.000000 5
668 -1.000000 4
672 -1.000000 4
677 1.000000 5
682 1.000000 5
686 1.000000 4
691 1.000000 5
695 1.000000 4
700 0.000000 5
703 1.000000 3
707 1.000000 4
712 1.000000 5
716 -1.000000 4
720 1.000000 4
724 1.000000 4
729 1.000000 5
734 1.000000 5
738 1.000000 4
742 -1.000000 4
746 1.000000 4
750 1.000000 4
754 -1.000000 4
759 1.000000 5
764 1.000000 5
767 1.000000 3
771 1.000000 4
776 0.000000 5
781 0.000000 5
786 1.000000 5
789 1.000000 3
792 -1.000000 3
797 0.000000 5
802 1.000000 5
806 1.000000 4
811 0.000000 5
816 1.000000 5
821 1.000000 5
826 0.000000 5
831 0.000000 5
835 1.000000 4
839 1.000000 4
844 0.000000 5
848 1.000000 4
852 1.000000 4
857 0.000000 5
862 0.000000 5
866 -1.000000 4
870 -1.000000 4
874 1.000000 4
878 1.000000 4
883 1.000000 5
888 1.000000 5
892 -1.000000 4
895 -1.000000 3
899 1.000000 4
902 1.000000 3
906 1.000000 4
909 -1.000000 3
913 -1.000000 4
916 -1.000000 3
921 0.000000 5
926 0.000000 5
931 0.000000 5
935 1.000000 4
939 -1.000000 4
944 0.000000 5
948 -1.000000 4
952 1.000000 4
956 -1.000000 4
960 -1.000000 4
964 1.000000 4
967 -1.000000 3
971 1.000000 4
974 -1.000000 3
978 -1.000000 4
983 1.000000 5
987 -1.000000 4
991 -1.000000 4
996 1.000000 5
1001 0.000000 5
1005 -1.000000 4
1009 -1.000000 4
1014 1.000000 5
1019 0.000000 5
1022 -1.000000 3
1026 -1.000000 4
1030 -1.000000 4
1034 1.000000 4
1038 -1.000000 4
1042 1.000000 4
1046 1.000000 4
1051 1.000000 5
1056 0.000000 5
1061 1.000000 5
1064 1.000000 3
1069 1.000000 5
1073 -1.000000 4
1076 -1.000000 3
1080 -1.000000 4
1084 1.000000 4
1088 1.000000 4
1093 1.000000 5
1097 -1.000000 4
1101 1.000000 4
1104 -1.000000 3
1108 -1.000000 4
1112 -1.000000 4
1115 -1.000000 3
1120 0.000000 5
1124 -1.000000 4
1129 1.000000 5
1134 0.000000 5
1138 -1.000000 4
1141 -1.000000 3
1145 -1.000000 4
1150 1.000000 5
1154 -1.000000 4
1159 0.000000 5
1162 -1.000000 3
1165 1.000000 3
1170 1.000000 5
1175 0.000000 5
1178 -1.000000 3
1182 -1.000000 4
1185 1.000000 3
1188 1.000000 3
1193 0.000000 5
1197 1.000000 4
1201 1.000000 4
1205 -1.000000 4
1208 1.000000 3
1212 1.000000 4
1215 -1.000000 3
1218 -1.000000 3
1221 -1.000000 3
1225 1.000000 4
1230 0.000000 5
1234 1.000000 4
1238 1.000000 4
1242 -1.000000 4
1246 -1.000000 4
1250 1.000000 4
1254 -1.000000 4
1258 1.000000 4
1262 1.000000 4
1266 1.000000 4
1270 -1.000000 4
1273 1.000000 3
1277 1.000000 4
1281 1.000000 4
1285 -1.000000 4
1289 -1.000000 4
1293 1.000000 4
1297 -1.000000 4
1300 1.000000 3
1304 -1.000000 4
1308 1.000000 4
1313 1.000000 5
1318 1.000000 5
1323 1.000000 5
1327 -1.000000 4
1332 1.000000 5
1336 -1.000000 4
1340 -1.000000 4
1344 1.000000 4
1348 -1.000000 4
1352 1.000000 4
1357 1.000000 5
1361 1.000000 4
1365 1.000000 4
1369 -1.000000 4
1373 1.000000 4
1377 1.000000 4
1381 1.000000 4
1385 -1.000000 4
1389 1.000000 4
1394 0.000000 5
1399 1.000000 5
1404 0.000000 5
1407 -1.000000 3
1411 -1.000000 4
1416 1.000000 5
1421 1.000000 5
1424 -1.000000 3
1428 -1.000000 4
1431 -1.000000 3
1436 0.000000 5
1440 1.000000 4
1443 -1.000000 3
1446 1.000000 3
1449 -1.000000 3
1452 1.000000 3
1456 -1.000000 4
1459 1.000000 3
1463 1.000000 4
1467 1.000000 4
1471 -1.000000 4
1476 0.000000 5
1480 1.000000 4
1485 0.000000 5
1488 1.000000 3
1492 1.000000 4
1496 1.000000 4
1501 0.000000 5
1505 -1.000000 4
1509 1.000000 4
1512 1.000000 3
1516 -1.000000 4
1519 1.000000 3
1523 1.000000 4
1526 -1.000000 3
1530 1.000000 4
1534 -1.000000 4
1538 -1.000000 4
1543 1.000000 5
1547 1.000000 4
1550 1.000000 3
1555 0.000000 5
1560 1.000000 5
1564 -1.000000 4
1568 1.000000 4
1573 1.000000 5
1578 1.000000 5
1583 0.000000 5
1588 1.000000 5
1593 1.000000 5
1598 1.000000 5
1603 1.000000 5
1608 0.000000 5
1612 -1.000000 4
1615 1.000000 3
1620 1.000000 5
1624 1.000000 4
1629 0.000000 5
1633 1.000000 4
1637 1.000000 4
1641 1.000000 4
1646 1.000000 5
1650 1.000000 4
1654 -1.000000 4
1658 -1.000000 4
1662 -1.000000 4
1667 1.000000 5
1672 0.000000 5
1675 -1.000000 3
1679 1.000000 4
1683 1.000000 4
1688 1.000000 5
1692 -1.000000 4
1696 -1.000000 4
1701 1.000000 5
1705 -1.000000 4
1710 1.000000 5
1715 0.000000 5
1720 0.000000 5
1724 -1.000000 4
1729 1.000000 5
1732 1.000000 3
1737 1.000000 5
1742 0.000000 5
1746 1.000000 4
1749 1.000000 3
1753 1.000000 4
1758 1.000000 5
1762 1.000000 4
1767 1.000000 5
1772 1.000000 5
1776 -1.000000 4
1781 0.000000 5
1784 -1.000000 3
1788 1.000000 4
1792 -1.000000 4
1796 1.000000 4
1801 0.000000 5
1805 1.000000 4
1810 0.000000 5
1815 0.000000 5
1820 1.000000 5
1824 1.000000 4
1829 0.000000 5
1833 1.000000 4
1838 1.000000 5
1843 0.000000 5
1847 1.000000 4
1851 -1.000000 4
1854 -1.000000 3
1858 -1.000000 4
1862 1.000000 4
1867 0.000000 5
1872 1.000000 5
1876 -1.000000 4
1880 1.000000 4
1884 1.000000 4
1887 1.000000 3
1890 -1.000000 3
1894 -1.000000 4
1897 1.000000 3
1901 1.000000 4
1904 1.000000 3
1908 1.000000 4
1912 -1.000000 4
1917 0.000000 5
1921 1.000000 4
1925 -1.000000 4
1930 0.000000 5
1933 1.000000 3
1937 -1.000000 4
1942 1.000000 5
1946 -1.000000 4
1950 -1.000000 4
1954 1.000000 4
1958 1.000000 4
1963 1.000000 5
1968 0.000000 5
1973 1.000000 5
1978 0.000000 5
1982 1.000000 4
1985 -1.000000 3
1988 1.000000 3
1993 0.000000 5
1997 1.000000 4
2001 1.000000 4
2004 -1.000000 3
2009 1.000000 5
2013 1.000000 4
2018 1.000000 5
2023 0.000000 5
2026 -1.000000 3
2029 1.000000 3
2033 -1.000000 4
2037 -1.000000 4
2042 1.000000 5
2047 1.000000 5
2051 1.000000 4
2054 1.000000 3
2058 1.000000 4
2061 1.000000 3
2065 -1.000000 4
2069 -1.000000 4
2072 1.000000 3
2076 1.000000 4
2080 1.000000 4
2084 -1.000000 4
2089 1.000000 5
2093 1.000000 4
2097 1.000000 4
2102 0.000000 5
2105 -1.000000 3
2110 1.000000 5
2115 1.000000 5
2118 -1.000000 3
2121 -1.000000 3
2124 -1.000000 3
2129 1.000000 5
2132 1.000000 3
2136 -1.000000 4
2140 1.000000 4
2143 -1.000000 3
2148 1.000000 5
2152 1.000000 4
2156 -1.000000 4
2159 1.000000 3
2162 1.000000 3
2166 1.000000 4
2170 -1.000000 4
2175 1.000000 5
2178 -1.000000 3
2183 0.000000 5
2187 -1.000000 4
2191 -1.000000 4
2195 -1.000000 4
2199 -1.000000 4
2202 1.000000 3
2206 1.000000 4
2210 1.000000 4
2214 1.000000 4
2218 -1.000000 4
2222 1.000000 4
2226 1.000000 4
2230 1.000000 4
2234 1.000000 4
2237 -1.000000 3
2241 1.000000 4
2246 1.000000 5
2250 -1.000000 4
2254 -1.000000 4
2258 1.000000 4
2262 1.000000 4
2266 1.000000 4
2270 -1.000000 4
2273 1.000000 3
2277 1.000000 4
2281 1.000000 4
2284 -1.000000 3
2287 -1.000000 3
2292 1.000000 5
2296 -1.000000 4
2299 -1.000000 3
2303 1.000000 4
2306 1.000000 3
2311 1.000000 5
2316 0.000000 5
2320 -1.000000 4
2323 -1.000000 3
2328 0.000000 5
2331 1.000000 3
2336 1.000000 5
2340 -1.000000 4
2345 0.000000 5
2349 -1.000000 4
2352 -1.000000 3
2355 -1.000000 3
2359 1.000000 4
2362 1.000000 3
2365 -1.000000 3
2368 -1.000000 3
2373 1.000000 5
2378 1.000000 5
2383 0.000000 5
2388 0.000000 5
2393 0.000000 5
2397 -1.000000 4
2401 -1.000000 4
2405 1.000000 4
2409 -1.000000 4
2414 0.000000 5
2418 -1.000000 4
2421 -1.000000 3
2425 1.000000 4
2429 1.000000 4
2432 -1.000000 3
2435 1.000000 3
2439 1.000000 4
2443 1.000000 4
2448 1.000000 5
2452 1.000000 4
2456 1.000000 4
2461 0.000000 5
2466 1.000000 5
2470 -1.000000 4
2473 1.000000 3
2478 0.000000 5
2482 1.000000 4
2486 1.000000 4
2490 -1.000000 4
2493 1.000000 3
2498 1.000000 5
2502 -1.000000 4
2506 -1.000000 4
2510 1.000000 4
2513 1.000000 3
2517 -1.000000 4
2522 0.000000 5
2526 1.000000 4
2530 -1.000000 4
2534 1.000000 4
2538 1.000000 4
2542 -1.000000 4
2546 1.000000 4
2550 1.000000 4
2554 1.000000 4
2558 1.000000 4
2562 1.000000 4
2565 1.000000 3
2570 0.000000 5
2574 -1.000000 4
2579 0.000000 5
2583 -1.000000 4
2588 0.000000 5
2593 1.000000 5
2598 0.000000 5
2602 1.000000 4
2605 -1.000000 3
2609 1.000000 4
2614 1.000000 5
2617 1.000000 3
2622 0.000000 5
2627 1.000000 5
2630 1.000000 3
2634 1.000000 4
2639 1.000000 5
2643 -1.000000 4
2648 1.000000 5
2652 1.000000 4
2656 1.000000 4
2660 1.000000 4
2664 1.000000 4
2669 1.000000 5
2674 0.000000 5
2679 1.000000 5
2682 1.000000 3
2685 -1.000000 3
2690 0.000000 5
2695 0.000000 5
2698 -1.000000 3
2702 1.000000 4
2707 0.000000 5
2710 1.000000 3
2715 1.000000 5
2720 0.000000 5
2725 0.000000 5
2729 1.000000 4
2734 1.000000 5
2737 1.000000 3
2741 1.000000 4
2744 -1.000000 3
2747 -1.000000 3
2752 1.000000 5
2756 1.000000 4
2761 1.000000 5
2766 0.000000 5
2771 0.000000 5
2775 -1.000000 4
2779 1.000000 4
2782 -1.000000 3
2785 -1.000000 3
2788 -1.000000 3
2791 -1.000000 3
2795 1.000000 4
2800 1.000000 5
2804 1.000000 4
2809 1.000000 5
2812 -1.000000 3
2816 1.000000 4
2820 -1.000000 4
2825 1.000000 5
2829 -1.000000 4
2832 -1.000000 3
2837 1.000000 5
2842 1.000000 5
2846 -1.000000 4
2849 -1.000000 3
2853 1.000000 4
2858 1.000000 5
2863 0.000000 5
2868 1.000000 5
2871 -1.000000 3
2875 1.000000 4
2880 1.000000 5
2884 -1.000000 4
2888 1.000000 4
2892 -1.000000 4
2897 0.000000 5
2902 1.000000 5
2907 0.000000 5
2911 1.000000 4
2914 1.000000 3
2919 1.000000 5
2923 1.000000 4
2927 1.000000 4
2932 0.000000 5
2936 -1.000000 4
2940 1.000000 4
2944 1.000000 4
2948 1.000000 4
2952 -1.000000 4
2957 0.000000 5
2961 -1.000000 4
2965 1.000000 4
2968 1.000000 3
2972 1.000000 4
2975 1.000000 3
2980 0.000000 5
2985 1.000000 5
2988 -1.000000 3
2993 1.000000 5
2996 1.000000 3
3001 1.000000 5
3005 -1.000000 4
3010 1.000000 5
3014 1.000000 4
3017 -1.000000 3
3021 1.000000 4
3026 1.000000 5
3030 1.000000 4
3034 1.000000 4
3038 1.000000 4
3043 1.000000 5
3047 1.000000 4
3051 1.000000 4
3055 1.000000 4
3058 1.000000 3
3062 1.000000 4
3065 -1.000000 3
3070 0.000000 5
3075 1.000000 5
3079 -1.000000 4
3083 -1.000000 4
3088 0.000000 5
3093 1.000000 5
3098 1.000000 5
3103 1.000000 5
3107 1.000000 4
3112 1.000000 5
3115 -1.000000 3
3119 -1.000000 4
3123 1.000000 4
3127 1.000000 4
3130 -1.000000 3
3134 -1.000000 4
3138 1.000000 4
3142 1.000000 4
3146 1.000000 4
3150 -1.000000 4
3155 1.000000 5
3159 1.000000 4
3163 1.000000 4
3167 -1.000000 4
3172 0.000000 5
3175 1.000000 3
3179 1.000000 4
3183 -1.000000 4
3188 0.000000 5
3191 -1.000000 3
3194 1.000000 3
3197 -1.000000 3
3202 1.000000 5
3206 1.000000 4
3210 1.000000 4
3214 1.000000 4
3218 1.000000 4
3222 1.000000 4
3227 0.000000 5
3232 0.000000 5
3236 1.000000 4
3240 1.000000 4
3244 1.000000 4
3247 1.000000 3
3251 1.000000 4
3255 1.000000 4
3258 1.000000 3
3263 1.000000 5
3267 1.000000 4
3272 1.000000 5
3277 0.000000 5
3281 -1.000000 4
3286 1.000000 5
3290 1.000000 4
3293 1.000000 3
3296 1.000000 3
3300 1.000000 4
3305 0.000000 5
3308 1.000000 3
3311 1.000000 3
3315 -1.000000 4
3319 -1.000000 4
3322 -1.000000 3
3327 1.000000 5
3332 1.000000 5
3337 1.000000 5
3341 1.000000 4
3345 1.000000 4
3349 1.000000 4
3354 0.000000 5
3357 -1.000000 3
3362 1.000000 5
3367 0.000000 5
3372 1.000000 5
3376 1.000000 4
3379 1.000000 3
3384 1.000000 5
3388 1.000000 4
3393 0.000000 5
3397 1.000000 4
3401 -1.000000 4
3406 1.000000 5
3410 -1.000000 4
3414 1.000000 4
3418 1.000000 4
3422 -1.000000 4
3426 -1.000000 4
3430 1.000000 4
3435 1.000000 5
3439 -1.000000 4
3443 -1.000000 4
3446 -1.000000 3
3450 1.000000 4
3455 1.000000 5
3459 1.000000 4
3462 1.000000 3
3465 1.000000 3
3470 0.000000 5
3474 -1.000000 4
3478 1.000000 4
3481 -1.000000 3
3486 1.000000 5
3491 1.000000 5
3495 1.000000 4
3499 1.000000 4
3503 1.000000 4
3508 1.000000 5
3513 1.000000 5
3517 1.000000 4
3521 1.000000 4
3525 1.000000 4
3529 -1.000000 4
3532 1.000000 3
3537 1.000000 5
3541 -1.000000 4
3546 0.000000 5
3551 0.000000 5
3555 1.000000 4
3558 1.000000 3
3561 1.000000 3
3566 0.000000 5
3571 1.000000 5
3575 -1.000000 4
3579 1.000000 4
3584 0.000000 5
3588 1.000000 4
3592 -1.000000 4
3597 1.000000 5
3601 1.000000 4
3605 1.000000 4
3609 1.000000 4
3612 -1.000000 3
3617 0.000000 5
3622 1.000000 5
3627 1.000000 5
3630 1.000000 3
3634 1.000000 4
3637 -1.000000 3
3641 -1.000000 4
3645 1.000000 4
3649 1.000000 4
3653 1.000000 4
3658 1.000000 5
3663 1.000000 5
3667 -1.000000 4
3671 -1.000000 4
3676 1.000000 5
3680 -1.000000 4
3683 1.000000 3
3686 1.000000 3
3691 0.000000 5
3695 -1.000000 4
3700 1.000000 5
3703 1.000000 3
3707 1.000000 4
3710 -1.000000 3
3715 0.000000 5
3719 -1.000000 4
3723 1.000000 4
3728 0.000000 5
3732 -1.000000 4
3736 -1.000000 4
3740 -1.000000 4
3743 -1.000000 3
3748 1.000000 5
3752 -1.000000 4
3756 -1.000000 4
3761 1.000000 5
3765 -1.000000 4
3769 1.000000 4
3774 1.000000 5
3778 1.000000 4
3782 1.000000 4
3785 -1.000000 3
3789 -1.000000 4
3792 -1.000000 3
3796 -1.000000 4
3800 1.000000 4
3803 -1.000000 3
3807 1.000000 4
3811 1.000000 4
3816 1.000000 5
3820 -1.000000 4
3824 1.000000 4
3827 -1.000000 3
3831 -1.000000 4
3834 -1.000000 3
3838 -1.000000 4
3842 -1.000000 4
3846 -1.000000 4
3851 1.000000 5
3856 1.000000 5
3860 -1.000000 4
3865 1.000000 5
3870 1.000000 5
3875 1.000000 5
3880 0.000000 5
3884 1.000000 4
3888 -1.000000 4
3893 1.000000 5
3897 1.000000 4
3900 1.000000 3
3905 1.000000 5
3910 0.000000 5
3915 1.000000 5
3919 -1.000000 4
3923 -1.000000 4
3928 1.000000 5
3931 1.000000 3
3936 1.000000 5
3941 1.000000 5
3945 -1.000000 4
3949 -1.000000 4
3953 -1.000000 4
3957 1.000000 4
3962 1.000000 5
3965 -1.000000 3
3970 1.000000 5
3974 1.000000 4
3978 1.000000 4
3981 1.000000 3
3985 -1.000000 4
3990 1.000000 5
3994 1.000000 4
3999 1.000000 5
4002 1.000000 3
4007 1.000000 5
4012 1.000000 5
4016 1.000000 4
4019 1.000000 3
4023 1.000000 4
4027 1.000000 4
4032 0.000000 5
4037 0.000000 5
4041 1.000000 4
4045 -1.000000 4
4049 1.000000 4
4053 1.000000 4
4058 0.000000 5
4062 1.000000 4
4066 1.000000 4
4070 1.000000 4
4074 -1.000000 4
4077 1.000000 3
4080 1.000000 3
4085 1.000000 5
4090 0.000000 5
4094 1.000000 4
4098 1.000000 4
4103 1.000000 5
4107 1.000000 4
4112 1.000000 5
4116 -1.000000 4
4121 1.000000 5
4124 1.000000 3
4129 0.000000 5
4132 1.000000 3
4137 0.000000 5
4140 1.000000 3
4145 1.000000 5
4149 1.000000 4
4152 -1.000000 3
4156 -1.000000 4
4161 1.000000 5
4165 1.000000 4
4170 1.000000 5
4175 1.000000 5
4179 1.000000 4
4184 0.000000 5
4188 1.000000 4
4192 1.000000 4
4197 1.000000 5
4200 1.000000 3
4205 0.000000 5
4209 -1.000000 4
4214 0.000000 5
4219 1.000000 5
4223 -1.000000 4
4226 1.000000 3
4231 1.000000 5
4235 1.000000 4
4240 1.000000 5
4244 -1.000000 4
4249 1.000000 5
4254 1.000000 5
4258 -1.000000 4
4263 1.000000 5
4268 0.000000 5
4273 1.000000 5
4278 1.000000 5
4283 0.000000 5
4287 -1.000000 4
4292 0.000000 5
4297 1.000000 5
4301 1.000000 4
4305 1.000000 4
4308 -1.000000 3
4313 1.000000 5
4317 1.000000 4
4321 -1.000000 4
4325 1.000000 4
4329 1.000000 4
4333 1.000000 4
4337 1.000000 4
4340 -1.000000 3
4343 1.000000 3
4347 1.000000 4
4352 0.000000 5
4356 -1.000000 4
4359 1.000000 3
4364 1.000000 5
4369 1.000000 5
4374 0.000000 5
4377 -1.000000 3
4381 1.000000 4
4385 -1.000000 4
4389 1.000000 4
4393 1.000000 4
4398 1.000000 5
4402 -1.000000 4
4406 1.000000 4
4411 0.000000 5
4416 0.000000 5
4420 1.000000 4
4424 1.000000 4
4427 -1.000000 3
4432 0.000000 5
4436 1.000000 4
4441 1.000000 5
4445 1.000000 4
4450 1.000000 5
4455 1.000000 5
4460 1.000000 5
4465 1.000000 5
4468 1.000000 3
4471 1.000000 3
4475 1.000000 4
4480 0.000000 5
4485 0.000000 5
4489 -1.000000 4
4493 -1.000000 4
4496 -1.000000 3
4499 -1.000000 3
4503 1.000000 4
4508 1.000000 5
4513 0.000000 5
4517 -1.000000 4
4522 1.000000 5
4525 -1.000000 3
4529 1.000000 4
4532 -1.000000 3
4536 -1.000000 4
4541 1.000000 5
4545 1.000000 4
4549 -1.000000 4
4553 1.000000 4
4558 0.000000 5
4563 0.000000 5
4566 -1.000000 3
4569 1.000000 3
4572 -1.000000 3
4575 -1.000000 3
4580 0.000000 5
4583 -1.000000 3
4588 1.000000 5
4592 1.000000 4
4597 0.000000 5
4600 -1.000000 3
4604 1.000000 4
4609 0.000000 5
4613 1.000000 4
4617 1.000000 4
4620 -1.000000 3
4624 -1.000000 4
4628 1.000000 4
4633 1.000000 5
4638 1.000000 5
4643 0.000000 5
4647 -1.000000 4
4650 -1.000000 3
4654 1.000000 4
4658 1.000000 4
4662 1.000000 4
4665 -1.000000 3
4669 -1.000000 4
4674 1.000000 5
4678 1.000000 4
4683 1.000000 5
4688 1.000000 5
4691 1.000000 3
4696 1.000000 5
4700 -1.000000 4
4704 -1.000000 4
4708 -1.000000 4
4713 1.000000 5
4717 -1.000000 4
4721 -1.000000 4
4725 -1.000000 4
4730 1.000000 5
4735 1.000000 5
4739 1.000000 4
4744 1.000000 5
4748 -1.000000 4
4752 -1.000000 4
4757 0.000000 5
4761 -1.000000 4
4766 0.000000 5
4769 1.000000 3
4773 1.000000 4
4776 -1.000000 3
4781 1.000000 5
4784 1.000000 3
4788 -1.000000 4
4792 -1.000000 4
4797 1.000000 5
4801 1.000000 4
4804 -1.000000 3
4808 -1.000000 4
4813 1.000000 5
4816 -1.000000 3
4820 1.000000 4
4825 1.000000 5
4829 1.000000 4
4832 1.000000 3
4837 1.000000 5
4841 1.000000 4
4846 0.000000 5
4850 1.000000 4
4854 1.000000 4
4858 1.000000 4
4861 1.000000 3
4864 1.000000 3
4867 1.000000 3
4871 1.000000 4
4875 1.000000 4
4880 0.000000 5
4885 1.000000 5
4889 -1.000000 4
4894 1.000000 5
4898 -1.000000 4
4902 1.000000 4
4907 0.000000 5
4912 0.000000 5
4917 1.000000 5
4920 -1.000000 3
4924 -1.000000 4
4928 1.000000 4
4931 1.000000 3
4936 0.000000 5
4941 1.000000 5
4944 1.000000 3
4948 -1.000000 4
4952 -1.000000 4
4956 -1.000000 4
4960 -1.000000 4
4964 -1.000000 4
4968 -1.000000 4
4971 1.000000 3
4975 -1.000000 4
4980 1.000000 5
4984 1.000000 4
4989 0.000000 5
4993 -1.000000 4
4997 1.000000 4
5001 1.000000 4
5005 -1.000000 4
5010 1.000000 5
5014 -1.000000 4
5018 -1.000000 4
5023 1.000000 5
5028 0.000000 5
5032 1.000000 4
5036 1.000000 4
5041 1.000000 5
5044 -1.000000 3
5048 1.000000 4
5052 1.000000 4
5057 0.000000 5
5061 1.000000 4
5065 1.000000 4
5069 -1.000000 4
5073 -1.000000 4
5077 1.000000 4
5080 1.000000 3
5085 1.000000 5
5090 1.000000 5
5094 1.000000 4
5098 -1.000000 4
5103 0.000000 5
5107 1.000000 4
5112 1.000000 5
5117 0.000000 5
5122 1.000000 5
5126 -1.000000 4
5129 -1.000000 3
5133 -1.000000 4
5136 1.000000 3
5139 1.000000 3
5143 1.000000 4
5147 -1.000000 4
5151 1.000000 4
5156 1.000000 5
5161 0.000000 5
5166 1.000000 5
5170 -1.000000 4
5174 1.000000 4
5179 1.000000 5
5184 1.000000 5
5188 1.000000 4
5193 1.000000 5
5197 1.000000 4
5201 -1.000000 4
5205 -1.000000 4
5210 1.000000 5
5215 0.000000 5
5219 1.000000 4
5224 1.000000 5
5228 1.000000 4
5232 1.000000 4
5237 1.000000 5
5241 -1.000000 4
5246 0.000000 5
5250 -1.000000 4
5254 1.000000 4
5259 0.000000 5
5262 1.000000 3
5266 1.000000 4
5269 -1.000000 3
5272 -1.000000 3
5277 1.000000 5
5281 1.000000 4
5285 1.000000 4
5290 0.000000 5
5293 1.000000 3
5296 -1.000000 3
5301 1.000000 5
5306 0.000000 5
5311 0.000000 5
5316 0.000000 5
5320 1.000000 4
5324 1.000000 4
5328 -1.000000 4
5331 -1.000000 3
5335 1.000000 4
5338 -1.000000 3
5343 0.000000 5
5347 1.000000 4
5351 1.000000 4
5356 1.000000 5
5361 1.000000 5
5364 1.000000 3
5367 -1.000000 3
5370 1.000000 3
5375 1.000000 5
5380 0.000000 5
5384 -1.000000 4
5387 1.000000 3
5392 1.000000 5
5397 0.000000 5
5401 -1.000000 4
5406 1.000000 5
5411 1.000000 5
5414 1.000000 3
5418 1.000000 4
5423 1.000000 5
5427 1.000000 4
5430 1.000000 3
5434 1.000000 4
5438 1.000000 4
5443 1.000000 5
5447 1.000000 4
5451 -1.000000 4
5455 1.000000 4
5459 1.000000 4
5462 1.000000 3
5467 0.000000 5
5472 1.000000 5
5475 1.000000 3
5480 0.000000 5
5485 1.000000 5
5489 1.000000 4
5493 1.000000 4
5496 1.000000 3
5499 1.000000 3
5503 1.000000 4
5508 0.000000 5
5513 0.000000 5
5518 1.000000 5
5521 1.000000 3
5525 -1.000000 4
5530 1.000000 5
5535 1.000000 5
5539 1.000000 4
5543 -1.000000 4
5548 1.000000 5
5551 -1.000000 3
5555 -1.000000 4
5559 1.000000 4
5563 1.000000 4
5567 1.000000 4
5571 1.000000 4
5576 1.000000 5
5579 1.000000 3
5584 1.000000 5
5588 1.000000 4
5592 1.000000 4
5597 0.000000 5
5600 1.000000 3
5604 1.000000 4
5609 1.000000 5
5612 -1.000000 3
5616 -1.000000 4
5620 1.000000 4
5624 1.000000 4
5628 1.000000 4
5633 0.000000 5
5638 1.000000 5
5642 1.000000 4
5647 1.000000 5
5652 1.000000 5
5656 -1.000000 4
5660 1.000000 4
5663 1.000000 3
5667 -1.000000 4
5671 1.000000 4
5675 1.000000 4
5679 1.000000 4
5683 1.000000 4
5687 -1.000000 4
5691 -1.000000 4
5694 -1.000000 3
5698 1.000000 4
5703 0.000000 5
5706 -1.000000 3
5710 1.000000 4
5714 1.000000 4
5719 1.000000 5
5723 -1.000000 4
5727 1.000000 4
5732 1.000000 5
5736 1.000000 4
5741 1.000000 5
5745 1.000000 4
5750 0.000000 5
5755 1.000000 5
5759 -1.000000 4
5763 -1.000000 4
5767 1.000000 4
5771 1.000000 4
5776 1.000000 5
5780 1.000000 4
5784 1.000000 4
5789 0.000000 5
5792 1.000000 3
5796 -1.000000 4
5800 1.000000 4
5805 0.000000 5
5810 0.000000 5
5815 1.000000 5
5819 1.000000 4
5823 1.000000 4
5828 1.000000 5
5831 -1.000000 3
5836 1.000000 5
5841 1.000000 5
5845 1.000000 4
5849 1.000000 4
5852 1.000000 3
5856 -1.000000 4
5860 1.000000 4
5865 0.000000 5
5869 1.000000 4
5873 1.000000 4
5877 -1.000000 4
5882 0.000000 5
5886 -1.000000 4
5890 1.000000 4
5894 -1.000000 4
5898 1.000000 4
5901 -1.000000 3
5904 -1.000000 3
5908 1.000000 4
5911 1.000000 3
5916 0.000000 5
5919 1.000000 3
5924 1.000000 5
5928 1.000000 4
5931 -1.000000 3
5935 1.000000 4
5938 -1.000000 3
5942 1.000000 4
5945 -1.000000 3
5949 1.000000 4
5954 1.000000 5
5959 0.000000 5
5964 1.000000 5
5969 1.000000 5
5973 1.000000 4
5977 1.000000 4
5982 0.000000 5
5985 1.000000 3
5988 1.000000 3
5993 1.000000 5
5997 1.000000 4
6002 0.000000 5
6006 -1.000000 4
6010 1.000000 4
6014 1.000000 4
6018 1.000000 4
6023 1.000000 5
6028 1.000000 5
6033 1.000000 5
6038 1.000000 5
6042 1.000000 4
6046 1.000000 4
6049 1.000000 3
6053 1.000000 4
6056 -1.000000 3
6060 1.000000 4
6064 -1.000000 4
6067 1.000000 3
6071 1.000000 4
6076 0.000000 5
6080 1.000000 4
6083 1.000000 3
6087 1.000000 4
6091 -1.000000 4
6096 0.000000 5
6100 1.000000 4
6104 1.000000 4
6108 -1.000000 4
6111 -1.000000 3
6115 -1.000000 4
6120 1.000000 5
6125 0.000000 5
6128 -1.000000 3
6133 1.000000 5
6137 -1.000000 4
6142 0.000000 5
6146 -1.000000 4
6150 -1.000000 4
6154 1.000000 4
6158 1.000000 4
6162 1.000000 4
6166 1.000000 4
6170 1.000000 4
6174 -1.000000 4
6178 -1.000000 4
6181 1.000000 3
6185 -1.000000 4
6189 1.000000 4
6193 -1.000000 4
6197 1.000000 4
6202 1.000000 5
6206 1.000000 4
6211 1.000000 5
6215 -1.000000 4
6218 1.000000 3
6221 1.000000 3
6225 -1.000000 4
6229 1.000000 4
6233 1.000000 4
6236 1.000000 3
6241 0.000000 5
6246 1.000000 5
6251 1.000000 5
6254 1.000000 3
6258 1.000000 4
6263 0.000000 5
6268 1.000000 5
6273 1.000000 5
6276 1.000000 3
6279 -1.000000 3
6283 -1.000000 4
6288 1.000000 5
6292 -1.000000 4
6296 1.000000 4
6301 1.000000 5
6305 1.000000 4
6309 1.000000 4
6314 0.000000 5
6319 0.000000 5
6324 0.000000 5
6328 1.000000 4
6331 1.000000 3
6336 0.000000 5
6340 -1.000000 4
6344 1.000000 4
6348 1.000000 4
6353 0.000000 5
6356 -1.000000 3
6359 -1.000000 3
6362 1.000000 3
6366 -1.000000 4
6370 -1.000000 4
6374 1.000000 4
6379 1.000000 5
6383 1.000000 4
6388 1.000000 5
6392 1.000000 4
6397 0.000000 5
6401 1.000000 4
6405 1.000000 4
6408 1.000000 3
6412 -1.000000 4
6417 1.000000 5
6421 1.000000 4
6425 1.000000 4
6430 1.000000 5
6435 0.000000 5
6439 -1.000000 4
6444 1.000000 5
6448 1.000000 4
6451 -1.000000 3
6455 -1.000000 4
6459 1.000000 4
6463 -1.000000 4
6468 0.000000 5
6473 1.000000 5
6478 0.000000 5
6482 -1.000000 4
6486 1.000000 4
6491 1.000000 5
6495 -1.000000 4
6499 -1.000000 4
6502 1.000000 3
6507 1.000000 5
6511 -1.000000 4
6514 -1.000000 3
6518 1.000000 4
6522 1.000000 4
6527 0.000000 5
6531 -1.000000 4
6534 -1.000000 3
6537 1.000000 3
6541 -1.000000 4
6545 1.000000 4
6549 -1.000000 4
6553 1.000000 4
6558 1.000000 5
6561 1.000000 3
6566 0.000000 5
6570 1.000000 4
6575 0.000000 5
6580 1.000000 5
6584 1.000000 4
6588 1.000000 4
6593 1.000000 5
6596 -1.000000 3
6601 1.000000 5
6605 1.000000 4
6608 -1.000000 3
6612 1.000000 4
6617 0.000000 5
6622 1.000000 5
6627 0.000000 5
6632 1.000000 5
6637 1.000000 5
6641 1.000000 4
6645 -1.000000 4
6649 -1.000000 4
6654 0.000000 5
6659 1.000000 5
6662 -1.000000 3
6667 0.000000 5
6672 0.000000 5
6677 0.000000 5
6681 1.000000 4
6685 -1.000000 4
6690 1.000000 5
6694 1.000000 4
6699 0.000000 5
6704 1.000000 5
6707 -1.000000 3
6711 1.000000 4
6716 1.000000 5
6720 1.000000 4
6725 1.000000 5
6730 0.000000 5
6735 1.000000 5
6740 0.000000 5
6744 -1.000000 4
6748 -1.000000 4
6752 1.000000 4
6755 -1.000000 3
6759 -1.000000 4
6764 1.000000 5
6769 0.000000 5
6772 1.000000 3
6776 -1.000000 4
6780 1.000000 4
6783 -1.000000 3
6788 1.000000 5
6792 -1.000000 4
6795 -1.000000 3
6799 1.000000 4
6803 -1.000000 4
6806 -1.000000 3
6811 1.000000 5
6815 -1.000000 4
6819 -1.000000 4
6823 -1.000000 4
6827 1.000000 4
6831 1.000000 4
6836 0.000000 5
6840 -1.000000 4
6844 -1.000000 4
6849 1.000000 5
6853 -1.000000 4
6857 1.000000 4
6861 -1.000000 4
6865 1.000000 4
6869 -1.000000 4
6874 0.000000 5
6879 1.000000 5
6883 -1.000000 4
6886 -1.000000 3
6889 -1.000000 3
6893 1.000000 4
6896 1.000000 3
6901 1.000000 5
6904 -1.000000 3
6909 1.000000 5
6914 1.000000 5
6919 1.000000 5
6924 1.000000 5
6928 1.000000 4
6932 1.000000 4
6936 -1.000000 4
6941 1.000000 5
6946 1.000000 5
6951 1.000000 5
6954 -1.000000 3
6958 -1.000000 4
6963 1.000000 5
6968 1.000000 5
6973 0.000000 5
6978 1.000000 5
6983 0.000000 5
6987 1.000000 4
6991 -1.000000 4
6995 1.000000 4
6999 -1.000000 4
7004 1.000000 5
7008 1.000000 4
7012 1.000000 4
7016 1.000000 4
7020 1.000000 4
7024 1.000000 4
7028 1.000000 4
7032 1.000000 4
7037 0.000000 5
7041 1.000000 4
7046 1.000000 5
7050 -1.000000 4
7055 0.000000 5
7060 1.000000 5
7064 1.000000 4
7067 -1.000000 3
7072 0.000000 5
7076 1.000000 4
7079 -1.000000 3
7083 1.000000 4
7087 1.000000 4
7090 1.000000 3
7095 0.000000 5
7100 1.000000 5
7104 1.000000 4
7108 1.000000 4
7113 1.000000 5
7117 1.000000 4
7121 1.000000 4
7124 -1.000000 3
7129 0.000000 5
7134 1.000000 5
7138 1.000000 4
7142 -1.000000 4
7146 1.000000 4
7150 1.000000 4
7153 1.000000 3
7157 -1.000000 4
7161 1.000000 4
7164 1.000000 3
7169 0.000000 5
7172 1.000000 3
7177 1.000000 5
7181 1.000000 4
7186 1.000000 5
7190 1.000000 4
7193 1.000000 3
7198 0.000000 5
7202 1.000000 4
7206 -1.000000 4
7209 -1.000000 3
7214 1.000000 5
7218 -1.000000 4
7223 1.000000 5
7227 1.000000 4
7231 1.000000 4
7236 1.000000 5
7239 1.000000 3
7243 -1.000000 4
7247 1.000000 4
7252 1.000000 5
7257 1.000000 5
7261 1.000000 4
7265 -1.000000 4
7269 1.000000 4
7273 -1.000000 4
7276 -1.000000 3
7279 -1.000000 3
7283 -1.000000 4
7288 1.000000 5
7292 -1.000000 4
7296 1.000000 4
7300 1.000000 4
7305 0.000000 5
7309 1.000000 4
7313 -1.000000 4
7318 1.000000 5
7321 1.000000 3
7325 1.000000 4
7330 0.000000 5
7335 0.000000 5
7340 0.000000 5
7343 -1.000000 3
7348 0.000000 5
7352 1.000000 4
7357 0.000000 5
7362 0.000000 5
7366 -1.000000 4
7370 1.000000 4
7373 1.000000 3
7376 1.000000 3
7381 1.000000 5
7386 1.000000 5
7390 1.000000 4
7394 -1.000000 4
7399 0.000000 5
7404 0.000000 5
7408 1.000000 4
7412 1.000000 4
7415 1.000000 3
7419 -1.000000 4
7424 1.000000 5
7428 1.000000 4
7431 -1.000000 3
7434 1.000000 3
7437 -1.000000 3
7441 -1.000000 4
7444 -1.000000 3
7449 0.000000 5
7454 1.000000 5
7458 1.000000 4
7462 -1.000000 4
7466 -1.000000 4
7470 -1.000000 4
7473 1.000000 3
7477 -1.000000 4
7481 -1.000000 4
7485 -1.000000 4
7490 1.000000 5
7495 1.000000 5
7500 1.000000 5
7504 1.000000 4
7508 1.000000 4
7512 1.000000 4
7515 -1.000000 3
7520 1.000000 5
7524 -1.000000 4
7527 1.000000 3
7530 -1.000000 3
7534 1.000000 4
7538 -1.000000 4
7543 0.000000 5
7547 1.000000 4
7551 1.000000 4
7555 -1.000000 4
7559 1.000000 4
7563 -1.000000 4
7567 -1.000000 4
7571 1.000000 4
7575 1.000000 4
7579 1.000000 4
7584 1.000000 5
7589 0.000000 5
7594 1.000000 5
7597 -1.000000 3
7601 -1.000000 4
7604 1.000000 3
7608 1.000000 4
7611 1.000000 3
7615 1.000000 4
7620 1.000000 5
7625 1.000000 5
7629 1.000000 4
7634 1.000000 5
7638 1.000000 4
7641 -1.000000 3
7646 1.000000 5
7651 0.000000 5
7656 0.000000 5
7660 -1.000000 4
7664 -1.000000 4
7667 -1.000000 3
7671 -1.000000 4
7674 -1.000000 3
7678 -1.000000 4
7683 1.000000 5
7687 -1.000000 4
7692 1.000000 5
7697 0.000000 5
7701 -1.000000 4
7705 1.000000 4
7709 1.000000 4
7713 1.000000 4
7717 -1.000000 4
7722 1.000000 5
7727 0.000000 5
7732 1.000000 5
7737 0.000000 5
7741 -1.000000 4
7745 1.000000 4
7748 1.000000 3
7752 1.000000 4
7755 1.000000 3
7759 -1.000000 4
7763 1.000000 4
7766 1.000000 3
7771 0.000000 5
7774 -1.000000 3
7779 1.000000 5
7784 1.000000 5
7789 1.000000 5
7794 0.000000 5
7797 1.000000 3
7802 0.000000 5
7805 -1.000000 3
7808 -1.000000 3
7812 1.000000 4
7816 1.000000 4
7821 1.000000 5
7825 -1.000000 4
7828 -1.000000 3
7831 1.000000 3
7836 1.000000 5
7840 -1.000000 4
7844 1.000000 4
7848 1.000000 4
7853 1.000000 5
7857 -1.000000 4
7861 1.000000 4
7865 -1.000000 4
7869 -1.000000 4
7874 1.000000 5
7878 -1.000000 4
7883 1.000000 5
7886 -1.000000 3
7890 1.000000 4
7895 1.000000 5
7899 1.000000 4
7903 -1.000000 4
7907 -1.000000 4
7911 1.000000 4
7916 0.000000 5
7921 1.000000 5
7926 1.000000 5
7931 1.000000 5
7935 1.000000 4
7940 1.000000 5
7945 1.000000 5
7950 1.000000 5
7954 1.000000 4
7958 1.000000 4
7963 1.000000 5
7967 1.000000 4
7972 1.000000 5
7976 1.000000 4
7980 -1.000000 4
7983 -1.000000 3
7988 1.000000 5
7993 1.000000 5
7997 -1.000000 4
8002 0.000000 5
8005 1.000000 3
8010 0.000000 5
8015 0.000000 5
8020 0.000000 5
8023 -1.000000 3
8026 1.000000 3
8029 1.000000 3
8034 0.000000 5
8038 1.000000 4
8041 1.000000 3
8045 -1.000000 4
8050 0.000000 5
8054 1.000000 4
8059 1.000000 5
8064 1.000000 5
8069 0.000000 5
8073 -1.000000 4
8077 1.000000 4
8081 1.000000 4
8085 1.000000 4
8089 -1.000000 4
8093 -1.000000 4
8096 1.000000 3
8101 1.000000 5
8106 0.000000 5
8111 1.000000 5
8116 1.000000 5
8120 -1.000000 4
8125 0.000000 5
8129 1.000000 4
8134 0.000000 5
8137 1.000000 3
8140 -1.000000 3
8143 -1.000000 3
8148 0.000000 5
8152 -1.000000 4
8156 1.000000 4
8159 1.000000 3
8163 1.000000 4
8168 1.000000 5
8172 1.000000 4
8177 1.000000 5
8182 0.000000 5
8185 1.000000 3
8188 1.000000 3
8192 -1.000000 4
8197 1.000000 5
8200 1.000000 3
8203 -1.000000 3
8207 -1.000000 4
8210 -1.000000 3
8215 0.000000 5
8218 -1.000000 3
8222 -1.000000 4
8226 1.000000 4
8231 0.000000 5
8235 1.000000 4
8240 0.000000 5
8243 -1.000000 3
8246 1.000000 3
8251 1.000000 5
8255 -1.000000 4
8258 1.000000 3
8262 -1.000000 4
8267 1.000000 5
8271 1.000000 4
8274 -1.000000 3
8278 -1.000000 4
8283 0.000000 5
8288 1.000000 5
8292 -1.000000 4
8296 1.000000 4
8299 1.000000 3
8304 0.000000 5
8309 1.000000 5
8313 1.000000 4
8318 1.000000 5
8323 1.000000 5
8327 -1.000000 4
8332 1.000000 5
8336 1.000000 4
8341 1.000000 5
8344 1.000000 3
8348 1.000000 4
8351 -1.000000 3
8355 -1.000000 4
8360 1.000000 5
8364 1.000000 4
8369 0.000000 5
8372 1.000000 3
8377 0.000000 5
8381 -1.000000 4
8385 1.000000 4
8389 1.000000 4
8393 1.000000 4
8398 0.000000 5
8401 -1.000000 3
8405 -1.000000 4
8410 1.000000 5
8415 1.000000 5
8419 -1.000000 4
8423 1.000000 4
8426 -1.000000 3
8431 0.000000 5
8434 -1.000000 3
8438 1.000000 4
8442 -1.000000 4
8447 1.000000 5
8450 -1.000000 3
8453 1.000000 3
8457 1.000000 4
8461 1.000000 4
8466 1.000000 5
8470 1.000000 4
8473 -1.000000 3
8477 -1.000000 4
8482 1.000000 5
8487 1.000000 5
8492 1.000000 5
8496 -1.000000 4
8499 1.000000 3
8504 0.000000 5
8508 -1.000000 4
8512 1.000000 4
8516 -1.000000 4
8520 -1.000000 4
8525 0.000000 5
8528 1.000000 3
8532 -1.000000 4
8537 1.000000 5
8542 1.000000 5
8547 1.000000 5
8551 -1.000000 4
8556 1.000000 5
8560 1.000000 4
8564 -1.000000 4
8568 -1.000000 4
8572 -1.000000 4
8576 1.000000 4
8581 0.000000 5
8584 1.000000 3
8588 -1.000000 4
8592 1.000000 4
8596 -1.000000 4
8600 -1.000000 4
8605 1.000000 5
8610 0.000000 5
8614 1.000000 4
8618 -1.000000 4
8622 -1.000000 4
8627 1.000000 5
8631 -1.000000 4
8636 1.000000 5
8639 1.000000 3
8644 0.000000 5
8648 1.000000 4
8652 -1.000000 4
8656 1.000000 4
8659 1.000000 3
8662 1.000000 3
8665 -1.000000 3
8668 1.000000 3
8671 -1.000000 3
8675 1.000000 4
8679 1.000000 4
8684 1.000000 5
8688 1.000000 4
8692 1.000000 4
8697 0.000000 5
8701 1.000000 4
8704 -1.000000 3
8709 1.000000 5
8714 1.000000 5
8718 1.000000 4
8722 -1.000000 4
8726 1.000000 4
8730 1.000000 4
8734 1.000000 4
8738 1.000000 4
8742 -1.000000 4
8747 1.000000 5
8752 1.000000 5
8755 -1.000000 3
8758 1.000000 3
8762 -1.000000 4
8767 1.000000 5
8770 -1.000000 3
8774 -1.000000 4
8778 -1.000000 4
8782 -1.000000 4
8787 0.000000 5
8791 1.000000 4
8796 1.000000 5
8801 0.000000 5
8804 1.000000 3
8808 1.000000 4
8812 -1.000000 4
8815 1.000000 3
8819 1.000000 4
8823 1.000000 4
8826 -1.000000 3
8829 -1.000000 3
8833 1.000000 4
8836 1.000000 3
8841 1.000000 5
8845 1.000000 4
8848 1.000000 3
8852 1.000000 4
8857 0.000000 5
8861 1.000000 4
8865 -1.000000 4
8869 -1.000000 4
8874 1.000000 5
8879 1.000000 5
8884 1.000000 5
8889 0.000000 5
8893 -1.000000 4
8897 -1.000000 4
8901 -1.000000 4
8905 -1.000000 4
8909 1.000000 4
8913 1.000000 4
8918 1.000000 5
8923 1.000000 5
8927 1.000000 4
8930 -1.000000 3
8934 1.000000 4
8937 -1.000000 3
8942 1.000000 5
8946 1.000000 4
8950 1.000000 4
8955 1.000000 5
8960 1.000000 5
8963 1.000000 3
8968 1.000000 5
8972 1.000000 4
8977 1.000000 5
8982 1.000000 5
8986 1.000000 4
8990 1.000000 4
8994 1.000000 4
8998 1.000000 4
9001 -1.000000 3
9006 1.000000 5
9010 1.000000 4
9015 0.000000 5
9019 1.000000 4
9023 1.000000 4
9026 -1.000000 3
9029 1.000000 3
9032 1.000000 3
9037 0.000000 5
9041 -1.000000 4
9046 1.000000 5
9051 1.000000 5
9055 -1.000000 4
9058 -1.000000 3
9062 -1.000000 4
9066 -1.000000 4
9070 -1.000000 4
9075 0.000000 5
9080 1.000000 5
9084 -1.000000 4
9087 1.000000 3
9091 1.000000 4
9094 1.000000 3
9098 1.000000 4
9103 0.000000 5
9107 1.000000 4
9111 -1.000000 4
9115 1.000000 4
9120 1.000000 5
9123 -1.000000 3
9126 -1.000000 3
9131 0.000000 5
9135 -1.000000 4
9139 1.000000 4
9143 1.000000 4
9148 0.000000 5
9153 0.000000 5
9157 1.000000 4
9160 -1.000000 3
9163 -1.000000 3
9168 0.000000 5
9171 -1.000000 3
9176 1.000000 5
9180 -1.000000 4
9184 1.000000 4
9187 -1.000000 3
9191 1.000000 4
9195 1.000000 4
9199 -1.000000 4
9204 1.000000 5
9208 1.000000 4
9213 1.000000 5
9217 -1.000000 4
9220 1.000000 3
9223 1.000000 3
9227 1.000000 4
9230 1.000000 3
9234 1.000000 4
9237 1.000000 3
9241 -1.000000 4
9245 1.000000 4
9250 1.000000 5
9255 1.000000 5
9260 1.000000 5
9264 -1.000000 4
9268 1.000000 4
9272 -1.000000 4
9277 0.000000 5
9281 1.000000 4
9285 -1.000000 4
9290 1.000000 5
9293 1.000000 3
9297 -1.000000 4
9302 1.000000 5
9307 1.000000 5
9311 1.000000 4
9315 -1.000000 4
9320 0.000000 5
9324 -1.000000 4
9328 1.000000 4
9333 0.000000 5
9337 1.000000 4
9341 -1.000000 4
9346 1.000000 5
9350 -1.000000 4
9354 1.000000 4
9357 1.000000 3
9360 -1.000000 3
9364 -1.000000 4
9367 -1.000000 3
9370 1.000000 3
9374 -1.000000 4
9378 -1.000000 4
9383 0.000000 5
9387 -1.000000 4
9391 1.000000 4
9395 1.000000 4
9399 1.000000 4
9402 1.000000 3
9407 1.000000 5
9412 0.000000 5
9415 -1.000000 3
9419 -1.000000 4
9424 1.000000 5
9428 -1.000000 4
9432 -1.000000 4
9435 -1.000000 3
9439 -1.000000 4
9443 1.000000 4
9447 1.000000 4
9451 1.000000 4
9456 1.000000 5
9460 -1.000000 4
9464 1.000000 4
9469 1.000000 5
9473 -1.000000 4
9477 -1.000000 4
9481 1.000000 4
9486 1.000000 5
9491 0.000000 5
9495 1.000000 4
9498 -1.000000 3
9502 1.000000 4
9507 1.000000 5
9510 -1.000000 3
9513 -1.000000 3
9517 -1.000000 4
9520 1.000000 3
9524 1.000000 4
9528 1.000000 4
9532 -1.000000 4
9537 0.000000 5
9541 -1.000000 4
9545 1.000000 4
9550 0.000000 5
9554 1.000000 4
9559 1.000000 5
9564 1.000000 5
9567 -1.000000 3
9571 1.000000 4
9575 1.000000 4
9578 -1.000000 3
9582 1.000000 4
9587 1.000000 5
9592 0.000000 5
9596 -1.000000 4
9601 1.000000 5
9606 0.000000 5
9611 1.000000 5
9616 1.000000 5
9620 1.000000 4
9623 1.000000 3
9627 1.000000 4
9631 -1.000000 4
9635 -1.000000 4
9640 0.000000 5
9645 0.000000 5
9650 1.000000 5
9654 -1.000000 4
9658 1.000000 4
9661 -1.000000 3
9664 1.000000 3
9668 -1.000000 4
9673 1.000000 5
9678 1.000000 5
9682 1.000000 4
9686 1.000000 4
9689 -1.000000 3
9694 1.000000 5
9697 -1.000000 3
9702 1.000000 5
9706 -1.000000 4
9709 1.000000 3
9714 1.000000 5
9719 0.000000 5
9723 -1.000000 4
9727 1.000000 4
9732 0.000000 5
9735 -1.000000 3
9740 1.000000 5
9743 -1.000000 3
9747 1.000000 4
9751 1.000000 4
9755 1.000000 4
9760 1.000000 5
9764 -1.000000 4
9768 1.000000 4
9771 -1.000000 3
9776 1.000000 5
9779 1.000000 3
9784 1.000000 5
9789 1.000000 5
9793 -1.000000 4
9798 1.000000 5
9803 1.000000 5
9808 1.000000 5
9812 1.000000 4
9816 -1.000000 4
9821 1.000000 5
9824 1.000000 3
9829 1.000000 5
9834 0.000000 5
9839 0.000000 5
9843 1.000000 4
9847 -1.000000 4
9852 0.000000 5
9855 1.000000 3
9860 1.000000 5
9863 -1.000000 3
9866 -1.000000 3
9870 1.000000 4
9875 1.000000 5
9880 0.000000 5
9885 0.000000 5
9889 1.000000 4
9893 -1.000000 4
9898 1.000000 5
9902 1.000000 4
9906 -1.000000 4
9909 -1.000000 3
9913 1.000000 4
9916 -1.000000 3
9920 1.000000 4
9924 -1.000000 4
9928 1.000000 4
9933 1.000000 5
9937 -1.000000 4
9942 0.000000 5
9945 1.000000 3
9948 1.000000 3
9952 1.000000 4
9956 1.000000 4
9961 1.000000 5
9964 1.000000 3
9968 1.000000 4
9972 -1.000000 4
9977 1.000000 5
9980 -1.000000 3
9984 -1.000000 4
9989 0.000000 5
9994 1.000000 5
9998 1.000000 4
10001 1.000000 3
10004 -1.000000 3
10007 -1.000000 3
10010 -1.000000 3
10013 -1.000000 3
10016 -1.000000 3
10019 -1.000000 3
10022 -1.000000 3
10025 -1.000000 3
10028 -1.000000 3
10031 -1.000000 3
10034 -1.000000 3
10037 -1.000000 3
10040 -1.000000 3
10043 -1.000000 3
10046 -1.000000 3
10049 -1.000000 3
10052 -1.000000 3
10055 -1.000000 3
10058 -1.000000 3
10061 -1.000000 3
10064 -1.000000 3
10067 -1.000000 3
10070 -1.000000 3
10073 -1.000000 3
10076 -1.000000 3
10079 -1.000000 3
10082 -1.000000 3
10085 -1.000000 3
10088 -1.000000 3
10091 -1.000000 3
10094 -1.000000 3
10097 -1.000000 3
10100 -1.000000 3
10103 -1.000000 3
10106 -1.000000 3
10109 -1.000000 3
10112 -1.000000 3
10115 -1.000000 3
10118 -1.000000 3
10121 -1.000000 3
10124 -1.000000 3
10127 -1.000000 3
10130 -1.000000 3
10133 -1.000000 3
10136 -1.000000 3
10139 -1.000000 3
10142 -1.000000 3
10145 -1.000000 3
10148 -1.000000 3
10151 -1.000000 3
10154 -1.000000 3
10157 -1.000000 3
10160 -1.000000 3
10163 -1.000000 3
10166 -1.000000 3
10169 -1.000000 3
10172 -1.000000 3
10175 -1.000000 3
10178 -1.000000 3
10181 -1.000000 3
10184 -1.000000 3
10187 -1.000000 3
10190 -1.000000 3
10193 -1.000000 3
10196 -1.000000 3
10199 -1.000000 3
10202 -1.000000 3
10205 -1.000000 3
10208 -1.000000 3
10211 -1.000000 3
10214 -1.000000 3
10217 -1.000000 3
10220 -1.000000 3
10223 -1.000000 3
10226 -1.000000 3
10229 -1.000000 3
10232 -1.000000 3
10235 -1.000000 3
10238 -1.000000 3
10241 -1.000000 3
10244 -1.000000 3
10247 -1.000000 3
10250 -1.000000 3
10253 -1.000000 3
10256 -1.000000 3
10259 -1.000000 3
10262 -1.000000 3
10265 -1.000000 3
10268 -1.000000 3
10271 -1.000000 3
10274 -1.000000 3
10277 -1.000000 3
10280 -1.000000 3
10283 -1.000000 3
10286 -1.000000 3
10289 -1.000000 3
10292 -1.000000 3
10295 -1.000000 3
10298 -1.000000 3
10301 -1.000000 3
10304 -1.000000 3
10307 -1.000000 3
10310 -1.000000 3
10313 -1.000000 3
10316 -1.000000 3
10319 -1.000000 3
10322 -1.000000 3
10325 -1.000000 3
10328 -1.000000 3
10331 -1.000000 3
10334 -1.000000 3
10337 -1.000000 3
10340 -1.000000 3
10343 -1.000000 3
10346 -1.000000 3
10349 -1.000000 3
10352 -1.000000 3
10355 -1.000000 3
10358 -1.000000 3
10361 -1.000000 3
10364 -1.000000 3
10367 -1.000000 3
10370 -1.000000 3
10373 -1.000000 3
10376 -1.000000 3
10379 -1.000000 3
10382 -1.000000 3
10385 -1.000000 3
10388 -1.000000 3
10391 -1.000000 3
10394 -1.000000 3
10397 -1.000000 3
10400 -1.000000 3
10403 -1.000000 3
10406 -1.000000 3
10409 -1.000000 3
10412 -1.000000 3
10415 -1.000000 3
10418 -1.000000 3
10421 -1.000000 3
10424 -1.000000 3
10427 -1.000000 3
10430 -1.000000 3
10433 -1.000000 3
10436 -1.000000 3
10439 -1.000000 3
10442 -1.000000 3
10445 -1.000000 3
10448 -1.000000 3
10451 -1.000000 3
10454 -1.000000 3
10457 -1.000000 3
10460 -1.000000 3
10463 -1.000000 3
10466 -1.000000 3
10469 -1.000000 3
10472 -1.000000 3
10475 -1.000000 3
10478 -1.000000 3
10481 -1.000000 3
10484 -1.000000 3
10487 -1.000000 3
10490 -1.000000 3
10493 -1.000000 3
10496 -1.000000 3
10499 -1.000000 3
10502 -1.000000 3
10505 -1.000000 3
10508 -1.000000 3
10511 -1.000000 3
10514 -1.000000 3
10517 -1.000000 3
10520 -1.000000 3
10523 -1.000000 3
10526 -1.000000 3
10529 -1.000000 3
10532 -1.000000 3
10535 -1.000000 3
10538 -1.000000 3
10541 -1.000000 3
10544 -1.000000 3
10547 -1.000000 3
10550 -1.000000 3
10553 -1.000000 3
10556 -1.000000 3
10559 -1.000000 3
10562 -1.000000 3
10565 -1.000000 3
10568 -1.000000 3
10571 -1.000000 3
10574 -1.000000 3
10577 -1.000000 3
10580 -1.000000 3
10583 -1.000000 3
10586 -1.000000 3
10589 -1.000000 3
10592 -1.000000 3
10595 -1.000000 3
10598 -1.000000 3
10601 -1.000000 3
10604 -1.000000 3
10607 -1.000000 3
10610 -1.000000 3
10613 -1.000000 3
10616 -1.000000 3
10619 -1.000000 3
10622 -1.000000 3
10625 -1.000000 3
10628 -1.000000 3
10631 -1.000000 3
10634 -1.000000 3
10637 -1.000000 3
10640 -1.000000 3
10643 -1.000000 3
10646 -1.000000 3
10649 -1.000000 3
10652 -1.000000 3
10655 -1.000000 3
10658 -1.000000 3
10661 -1.000000 3
10664 -1.000000 3
10667 -1.000000 3
10670 -1.000000 3
10673 -1.000000 3
10676 -1.000000 3
10679 -1.000000 3
10682 -1.000000 3
10685 -1.000000 3
10688 -1.000000 3
10691 -1.000000 3
10694 -1.000000 3
10697 -1.000000 3
10700 -1.000000 3
10703 -1.000000 3
10706 -1.000000 3
10709 -1.000000 3
10712 -1.000000 3
10715 -1.000000 3
10718 -1.000000 3
10721 -1.000000 3
10724 -1.000000 3
10727 -1.000000 3
10730 -1.000000 3
10733 -1.000000 3
10736 -1.000000 3
10739 -1.000000 3
10742 -1.000000 3
10745 -1.000000 3
10748 -1.000000 3
10751 -1.000000 3
10754 -1.000000 3
10757 -1.000000 3
10760 -1.000000 3
10763 -1.000000 3
10766 -1.000000 3
10769 -1.000000 3
10772 -1.000000 3
10775 -1.000000 3
10778 -1.000000 3
10781 -1.000000 3
10784 -1.000000 3
10787 -1.000000 3
10790 -1.000000 3
10793 -1.000000 3
10796 -1.000000 3
10799 -1.000000 3
10802 -1.000000 3
10805 -1.000000 3
10808 -1.000000 3
10811 -1.000000 3
10814 -1.000000 3
10817 -1.000000 3
10820 -1.000000 3
10823 -1.000000 3
10826 -1.000000 3
10829 -1.000000 3
10832 -1.000000 3
10835 -1.000000 3
10838 -1.000000 3
10841 -1.000000 3
10844 -1.000000 3
10847 -1.000000 3
10850 -1.000000 3
10853 -1.000000 3
10856 -1.000000 3
10859 -1.000000 3
10862 -1.000000 3
10865 -1.000000 3
10868 -1.000000 3
10871 -1.000000 3
10874 -1.000000 3
10877 -1.000000 3
10880 -1.000000 3
10883 -1.000000 3
10886 -1.000000 3
10889 -1.000000 3
10892 -1.000000 3
10895 -1.000000 3
10898 -1.000000 3
10901 -1.000000 3
10904 -1.000000 3
10907 -1.000000 3
10910 -1.000000 3
10913 -1.000000 3
10916 -1.000000 3
10919 -1.000000 3
10922 -1.000000 3
10925 -1.000000 3
10928 -1.000000 3
10931 -1.000000 3
10934 -1.000000 3
10937 -1.000000 3
10940 -1.000000 3
10943 -1.000000 3
10946 -1.000000 3
10949 -1.000000 3
10952 -1.000000 3
10955 -1.000000 3
10958 -1.000000 3
10961 -1.000000 3
10964 -1.000000 3
10967 -1.000000 3
10970 -1.000000 3
10973 -1.000000 3
10976 -1.000000 3
10979 -1.000000 3
10982 -1.000000 3
10985 -1.000000 3
10988 -1.000000 3
10991 -1.000000 3
10994 -1.000000 3
10997 -1.000000 3
11000 -1.000000 3
11003 -1.000000 3
11006 -1.000000 3
11010 -1.000000 4
11014 -1.000000 4
11018 -1.000000 4
11022 -1.000000 4
11027 1.000000 5
11031 -1.000000 4
11036 1.000000 5
11041 1.000000 5
11045 -1.000000 4
11049 -1.000000 4
11053 -1.000000 4
11058 1.000000 5
11062 -1.000000 4
11066 -1.000000 4
11070 -1.000000 4
11074 -1.000000 4
11079 1.000000 5
11084 1.000000 5
11088 -1.000000 4
11093 1.000000 5
11097 -1.000000 4
11102 1.000000 5
11106 -1.000000 4
11111 1.000000 5
11115 -1.000000 4
11119 -1.000000 4
11123 -1.000000 4
11128 0.000000 5
11133 0.000000 5
11137 -1.000000 4
11141 -1.000000 4
11145 -1.000000 4
11149 -1.000000 4
11153 -1.000000 4
11157 -1.000000 4
11162 0.000000 5
11166 -1.000000 4
11170 -1.000000 4
11174 -1.000000 4
11178 -1.000000 4
11183 1.000000 5
11187 -1.000000 4
11191 -1.000000 4
11195 -1.000000 4
11199 -1.000000 4
11203 -1.000000 4
11207 -1.000000 4
11212 1.000000 5
11216 -1.000000 4
11221 1.000000 5
11226 1.000000 5
11231 0.000000 5
11236 1.000000 5
11241 1.000000 5
11245 -1.000000 4
11250 1.000000 5
11254 -1.000000 4
11258 -1.000000 4
11263 1.000000 5
11267 -1.000000 4
11271 -1.000000 4
11276 0.000000 5
11281 1.000000 5
11285 -1.000000 4
11289 -1.000000 4
11294 1.000000 5
11299 1.000000 5
11303 -1.000000 4
11307 -1.000000 4
11311 -1.000000 4
11315 -1.000000 4
11320 1.000000 5
11324 -1.000000 4
11328 -1.000000 4
11332 -1.000000 4
11336 -1.000000 4
11341 1.000000 5
11346 1.000000 5
11351 1.000000 5
11356 0.000000 5
11360 -1.000000 4
11365 1.000000 5
11369 -1.000000 4
11373 -1.000000 4
11378 1.000000 5
11382 -1.000000 4
11386 -1.000000 4
11390 -1.000000 4
11394 -1.000000 4
11398 -1.000000 4
11402 -1.000000 4
11407 1.000000 5
11412 0.000000 5
11417 0.000000 5
11422 1.000000 5
11426 -1.000000 4
11431 1.000000 5
11435 -1.000000 4
11440 1.000000 5
11445 1.000000 5
11449 -1.000000 4
11453 -1.000000 4
11457 -1.000000 4
11461 -1.000000 4
11466 1.000000 5
11470 -1.000000 4
11475 0.000000 5
11480 1.000000 5
11485 1.000000 5
11490 0.000000 5
11494 -1.000000 4
11499 1.000000 5
11503 -1.000000 4
11508 1.000000 5
11512 -1.000000 4
11516 -1.000000 4
11521 1.000000 5
11526 1.000000 5
11531 1.000000 5
11535 -1.000000 4
11539 -1.000000 4
11543 -1.000000 4
11547 -1.000000 4
11552 1.000000 5
11557 1.000000 5
11561 -1.000000 4
11566 1.000000 5
11570 -1.000000 4
11574 -1.000000 4
11578 -1.000000 4
11582 -1.000000 4
11586 -1.000000 4
11590 -1.000000 4
11594 -1.000000 4
11598 -1.000000 4
11602 -1.000000 4
11607 1.000000 5
11612 1.000000 5
11616 -1.000000 4
11621 1.000000 5
11625 -1.000000 4
11629 -1.000000 4
11633 -1.000000 4
11637 -1.000000 4
11641 -1.000000 4
11646 1.000000 5
11650 -1.000000 4
11655 1.000000 5
11660 0.000000 5
11664 -1.000000 4
11668 -1.000000 4
11672 -1.000000 4
11676 -1.000000 4
11680 -1.000000 4
11684 -1.000000 4
11688 -1.000000 4
11693 1.000000 5
11698 0.000000 5
11702 -1.000000 4
11706 -1.000000 4
11711 0.000000 5
11715 -1.000000 4
11719 -1.000000 4
11723 -1.000000 4
11727 -1.000000 4
11732 0.000000 5
11737 1.000000 5
11741 -1.000000 4
11746 1.000000 5
11750 -1.000000 4
11754 -1.000000 4
11758 -1.000000 4
11763 1.000000 5
11767 -1.000000 4
11771 -1.000000 4
11775 -1.000000 4
11780 1.000000 5
11785 0.000000 5
11790 1.000000 5
11795 1.000000 5
11799 -1.000000 4
11803 -1.000000 4
11808 1.000000 5
11813 1.000000 5
11817 -1.000000 4
11821 -1.000000 4
11825 -1.000000 4
11830 1.000000 5
11834 -1.000000 4
11839 1.000000 5
11843 -1.000000 4
11847 -1.000000 4
11852 1.000000 5
11857 1.000000 5
11861 -1.000000 4
11866 1.000000 5
11871 1.000000 5
11875 -1.000000 4
11880 0.000000 5
11884 -1.000000 4
11888 -1.000000 4
11892 -1.000000 4
11897 1.000000 5
11902 1.000000 5
11907 1.000000 5
11911 -1.000000 4
11915 -1.000000 4
11919 -1.000000 4
11924 1.000000 5
11929 1.000000 5
11934 1.000000 5
11939 0.000000 5
11944 1.000000 5
11949 1.000000 5
11954 1.000000 5
11958 -1.000000 4
11963 1.000000 5
11967 -1.000000 4
11971 -1.000000 4
11975 -1.000000 4
11979 -1.000000 4
11983 -1.000000 4
11988 1.000000 5
11992 -1.000000 4
11997 1.000000 5
12002 1.000000 5
12006 -1.000000 4
