5 1.000000 5
9 1.000000 4
12 1.000000 3
16 -1.000000 4
21 0.000000 5
25 -1.000000 4
29 -1.000000 4
33 1.000000 4
38 1.000000 5
43 1.000000 5
47 -1.000000 4
51 1.000000 4
56 1.000000 5
60 1.000000 4
64 1.000000 4
68 -1.000000 4
72 1.000000 4
77 1.000000 5
82 1.000000 5
86 -1.000000 4
91 0.000000 5
95 1.000000 4
99 -1.000000 4
103 -1.000000 4
107 1.000000 4
112 1.000000 5
116 -1.000000 4
120 1.000000 4
125 0.000000 5
129 1.000000 4
134 1.000000 5
139 1.000000 5
143 1.000000 4
146 -1.000000 3
151 1.000000 5
155 -1.000000 4
160 1.000000 5
164 -1.000000 4
168 -1.000000 4
173 1.000000 5
176 1.000000 3
179 1.000000 3
184 1.000000 5
188 -1.000000 4
192 -1.000000 4
196 1.000000 4
201 1.000000 5
205 -1.000000 4
209 1.000000 4
214 1.000000 5
219 1.000000 5
223 -1.000000 4
227 1.000000 4
230 -1.000000 3
235 0.000000 5
240 1.000000 5
244 -1.000000 4
247 -1.000000 3
252 1.000000 5
256 1.000000 4
260 1.000000 4
264 1.000000 4
267 1.000000 3
270 1.000000 3
275 1.000000 5
279 -1.000000 4
282 1.000000 3
285 1.000000 3
289 1.000000 4
293 -1.000000 4
298 1.000000 5
302 -1.000000 4
306 -1.000000 4
310 1.000000 4
314 1.000000 4
318 1.000000 4
322 1.000000 4
327 0.000000 5
331 -1.000000 4
335 1.000000 4
339 -1.000000 4
342 1.000000 3
347 0.000000 5
350 -1.000000 3
354 1.000000 4
359 0.000000 5
363 1.000000 4
367 1.000000 4
370 -1.000000 3
374 -1.000000 4
378 -1.000000 4
382 1.000000 4
387 1.000000 5
391 -1.000000 4
396 0.000000 5
400 1.000000 4
405 1.000000 5
409 1.000000 4
412 1.000000 3
416 1.000000 4
421 1.000000 5
425 1.000000 4
428 1.000000 3
431 1.000000 3
435 -1.000000 4
439 1.000000 4
443 1.000000 4
447 -1.000000 4
452 1.000000 5
455 1.000000 3
460 1.000000 5
465 1.000000 5
470 0.000000 5
474 1.000000 4
479 1.000000 5
483 1.000000 4
486 -1.000000 3
490 1.000000 4
495 0.000000 5
500 1.000000 5
505 1.000000 5
509 -1.000000 4
513 -1.000000 4
517 1.000000 4
521 -1.000000 4
525 1.000000 4
529 1.000000 4
533 -1.000000 4
538 1.000000 5
542 1.000000 4
545 1.000000 3
550 0.000000 5
555 0.000000 5
559 1.000000 4
564 1.000000 5
568 -1.000000 4
573 0.000000 5
578 0.000000 5
582 1.000000 4
586 1.000000 4
591 1.000000 5
596 0.000000 5
600 -1.000000 4
605 1.000000 5
610 1.000000 5
615 1.000000 5
620 0.000000 5
625 1.000000 5
629 1.000000 4
634 0.000000 5
639 0.000000 5
643 -1.000000 4
647 1.000000 4
652 1.000000 5
656 -1.000000 4
659 1.000000 3
664 0.000000 5
668 1.000000 4
672 1.000000 4
675 -1.000000 3
680 0.000000 5
684 -1.000000 4
687 -1.000000 3
690 -1.000000 3
694 1.000000 4
698 -1.000000 4
702 -1.000000 4
705 -1.000000 3
710 0.000000 5
714 1.000000 4
719 1.000000 5
722 1.000000 3
727 0.000000 5
731 -1.000000 4
735 1.000000 4
740 0.000000 5
743 -1.000000 3
748 0.000000 5
753 1.000000 5
756 -1.000000 3
760 1.000000 4
764 -1.000000 4
769 1.000000 5
774 1.000000 5
777 1.000000 3
781 1.000000 4
785 -1.000000 4
789 1.000000 4
794 0.000000 5
798 1.000000 4
803 1.000000 5
806 -1.000000 3
810 -1.000000 4
815 1.000000 5
820 1.000000 5
825 0.000000 5
828 -1.000000 3
833 1.000000 5
837 -1.000000 4
842 1.000000 5
847 1.000000 5
851 1.000000 4
855 1.000000 4
859 1.000000 4
864 1.000000 5
869 1.000000 5
873 1.000000 4
877 -1.000000 4
882 1.000000 5
885 1.000000 3
889 1.000000 4
894 1.000000 5
897 -1.000000 3
902 1.000000 5
907 0.000000 5
912 1.000000 5
917 0.000000 5
920 -1.000000 3
924 -1.000000 4
928 1.000000 4
932 1.000000 4
937 0.000000 5
941 1.000000 4
945 1.000000 4
948 1.000000 3
952 1.000000 4
956 -1.000000 4
960 1.000000 4
964 1.000000 4
967 -1.000000 3
971 -1.000000 4
975 -1.000000 4
980 1.000000 5
985 1.000000 5
989 1.000000 4
994 1.000000 5
999 0.000000 5
1002 -1.000000 3
1006 -1.000000 4
1011 1.000000 5
1015 1.000000 4
1019 -1.000000 4
1023 1.000000 4
1028 1.000000 5
1031 1.000000 3
1036 0.000000 5
1040 1.000000 4
1045 1.000000 5
1050 1.000000 5
1054 -1.000000 4
1058 1.000000 4
1062 1.000000 4
1066 1.000000 4
1071 1.000000 5
1076 1.000000 5
1080 1.000000 4
1084 1.000000 4
1088 -1.000000 4
1091 1.000000 3
1095 1.000000 4
1098 1.000000 3
1103 1.000000 5
1107 1.000000 4
1112 1.000000 5
1116 1.000000 4
1120 -1.000000 4
1125 0.000000 5
1130 0.000000 5
1134 -1.000000 4
1138 1.000000 4
1142 1.000000 4
1147 0.000000 5
1151 1.000000 4
1156 1.000000 5
1161 1.000000 5
1164 -1.000000 3
1167 1.000000 3
1171 1.000000 4
1175 -1.000000 4
1179 -1.000000 4
1182 -1.000000 3
1187 1.000000 5
1190 1.000000 3
1194 1.000000 4
1197 1.000000 3
1201 1.000000 4
1205 -1.000000 4
1209 1.000000 4
1213 -1.000000 4
1218 1.000000 5
1223 1.000000 5
1227 -1.000000 4
1231 -1.000000 4
1235 1.000000 4
1240 0.000000 5
1244 1.000000 4
1248 1.000000 4
1252 1.000000 4
1255 -1.000000 3
1260 0.000000 5
1265 0.000000 5
1270 0.000000 5
1274 1.000000 4
1278 1.000000 4
1282 -1.000000 4
1287 0.000000 5
1290 -1.000000 3
1295 0.000000 5
1300 0.000000 5
1304 1.000000 4
1307 1.000000 3
1311 1.000000 4
1314 1.000000 3
1318 1.000000 4
1322 1.000000 4
1326 1.000000 4
1330 -1.000000 4
1334 1.000000 4
1338 1.000000 4
1343 1.000000 5
1347 1.000000 4
1351 -1.000000 4
1354 1.000000 3
1359 0.000000 5
1363 1.000000 4
1368 0.000000 5
1373 0.000000 5
1378 1.000000 5
1382 1.000000 4
1387 1.000000 5
1391 1.000000 4
1395 1.000000 4
1400 1.000000 5
1405 1.000000 5
1409 1.000000 4
1413 -1.000000 4
1416 -1.000000 3
1421 1.000000 5
1426 0.000000 5
1430 1.000000 4
1434 -1.000000 4
1438 -1.000000 4
1441 1.000000 3
1446 1.000000 5
1450 1.000000 4
1454 1.000000 4
1457 -1.000000 3
1462 0.000000 5
1466 1.000000 4
1470 1.000000 4
1475 0.000000 5
1478 1.000000 3
1482 1.000000 4
1486 1.000000 4
1490 1.000000 4
1493 1.000000 3
1497 1.000000 4
1501 1.000000 4
1506 0.000000 5
1509 -1.000000 3
1512 -1.000000 3
1516 -1.000000 4
1521 1.000000 5
1524 -1.000000 3
1527 1.000000 3
1530 -1.000000 3
1534 -1.000000 4
1539 1.000000 5
1543 1.000000 4
1547 -1.000000 4
1551 1.000000 4
1556 0.000000 5
1561 0.000000 5
1564 -1.000000 3
1569 1.000000 5
1573 1.000000 4
1578 0.000000 5
1583 0.000000 5
1588 1.000000 5
1592 -1.000000 4
1595 1.000000 3
1599 1.000000 4
1604 1.000000 5
1608 1.000000 4
1612 -1.000000 4
1616 1.000000 4
1621 1.000000 5
1626 0.000000 5
1631 1.000000 5
1636 0.000000 5
1639 1.000000 3
1643 1.000000 4
1648 0.000000 5
1652 -1.000000 4
1655 -1.000000 3
1659 1.000000 4
1663 1.000000 4
1667 1.000000 4
1672 1.000000 5
1677 1.000000 5
1682 1.000000 5
1686 1.000000 4
1690 -1.000000 4
1694 -1.000000 4
1697 1.000000 3
1701 1.000000 4
1705 1.000000 4
1710 1.000000 5
1715 0.000000 5
1719 -1.000000 4
1724 1.000000 5
1728 -1.000000 4
1732 1.000000 4
1735 1.000000 3
1739 -1.000000 4
1743 -1.000000 4
1746 -1.000000 3
1751 1.000000 5
1756 0.000000 5
1761 1.000000 5
1765 1.000000 4
1770 0.000000 5
1774 1.000000 4
1779 1.000000 5
1782 -1.000000 3
1786 1.000000 4
1790 1.000000 4
1794 1.000000 4
1798 1.000000 4
1801 1.000000 3
1806 1.000000 5
1810 1.000000 4
1815 0.000000 5
1818 1.000000 3
1823 0.000000 5
1828 0.000000 5
1831 1.000000 3
1835 1.000000 4
1838 -1.000000 3
1842 1.000000 4
1846 1.000000 4
1850 -1.000000 4
1855 1.000000 5
1859 -1.000000 4
1864 0.000000 5
1867 1.000000 3
1871 -1.000000 4
1876 1.000000 5
1880 1.000000 4
1884 1.000000 4
1888 1.000000 4
1893 1.000000 5
1898 1.000000 5
1903 1.000000 5
1906 -1.000000 3
1909 -1.000000 3
1913 -1.000000 4
1917 -1.000000 4
1922 0.000000 5
1926 -1.000000 4
1930 1.000000 4
1935 1.000000 5
1940 1.000000 5
1944 1.000000 4
1949 1.000000 5
1953 -1.000000 4
1958 1.000000 5
1962 -1.000000 4
1966 1.000000 4
1970 1.000000 4
1974 -1.000000 4
1977 1.000000 3
1982 1.000000 5
1986 1.000000 4
1991 1.000000 5
1995 1.000000 4
1999 1.000000 4
2004 0.000000 5
2008 -1.000000 4
2012 -1.000000 4
2015 1.000000 3
2019 -1.000000 4
2024 1.000000 5
2028 -1.000000 4
2032 1.000000 4
2035 -1.000000 3
2039 1.000000 4
2044 1.000000 5
2048 1.000000 4
2052 1.000000 4
2057 0.000000 5
2062 1.000000 5
2066 -1.000000 4
2069 1.000000 3
2074 0.000000 5
2078 -1.000000 4
2083 1.000000 5
2088 0.000000 5
2092 1.000000 4
2097 0.000000 5
2101 -1.000000 4
2104 1.000000 3
2107 1.000000 3
2112 0.000000 5
2116 1.000000 4
2120 1.000000 4
2125 0.000000 5
2129 1.000000 4
2133 1.000000 4
2138 1.000000 5
2143 1.000000 5
2148 1.000000 5
2153 1.000000 5
2158 0.000000 5
2161 -1.000000 3
2166 1.000000 5
2169 1.000000 3
2173 1.000000 4
2177 1.000000 4
2181 1.000000 4
2186 0.000000 5
2190 1.000000 4
2195 0.000000 5
2199 -1.000000 4
2203 1.000000 4
2207 1.000000 4
2210 1.000000 3
2214 -1.000000 4
2218 1.000000 4
2223 1.000000 5
2227 1.000000 4
2231 1.000000 4
2235 -1.000000 4
2239 -1.000000 4
2244 0.000000 5
2248 1.000000 4
2252 -1.000000 4
2256 1.000000 4
2261 1.000000 5
2266 1.000000 5
2269 -1.000000 3
2272 1.000000 3
2276 1.000000 4
2279 -1.000000 3
2284 1.000000 5
2288 -1.000000 4
2293 1.000000 5
2297 -1.000000 4
2301 -1.000000 4
2306 0.000000 5
2311 1.000000 5
2314 -1.000000 3
2319 0.000000 5
2324 1.000000 5
2328 1.000000 4
2332 1.000000 4
2337 1.000000 5
2341 -1.000000 4
2345 1.000000 4
2350 1.000000 5
2355 1.000000 5
2360 0.000000 5
2365 1.000000 5
2368 1.000000 3
2373 0.000000 5
2377 -1.000000 4
2382 0.000000 5
2385 1.000000 3
2388 -1.000000 3
2392 1.000000 4
2396 1.000000 4
2400 -1.000000 4
2405 0.000000 5
2409 1.000000 4
2413 -1.000000 4
2416 1.000000 3
2420 1.000000 4
2424 1.000000 4
2427 -1.000000 3
2431 -1.000000 4
2435 -1.000000 4
2438 1.000000 3
2442 1.000000 4
2445 1.000000 3
2449 1.000000 4
2454 1.000000 5
2457 1.000000 3
2462 1.000000 5
2466 1.000000 4
2470 1.000000 4
2475 1.000000 5
2478 1.000000 3
2482 -1.000000 4
2486 1.000000 4
2490 1.000000 4
2495 0.000000 5
2499 -1.000000 4
2503 1.000000 4
2508 1.000000 5
2512 -1.000000 4
2515 1.000000 3
2519 -1.000000 4
2523 1.000000 4
2526 1.000000 3
2529 1.000000 3
2533 1.000000 4
2537 1.000000 4
2541 -1.000000 4
2545 -1.000000 4
2548 1.000000 3
2551 -1.000000 3
2555 1.000000 4
2559 1.000000 4
2563 1.000000 4
2568 0.000000 5
2573 0.000000 5
2577 1.000000 4
2581 -1.000000 4
2585 1.000000 4
2589 1.000000 4
2592 1.000000 3
2597 1.000000 5
2601 1.000000 4
2606 0.000000 5
2610 1.000000 4
2615 0.000000 5
2620 1.000000 5
2625 1.000000 5
2630 0.000000 5
2634 1.000000 4
2639 0.000000 5
2643 1.000000 4
2648 1.000000 5
2652 1.000000 4
2657 1.000000 5
2662 1.000000 5
2666 -1.000000 4
2669 1.000000 3
2673 1.000000 4
2677 1.000000 4
2680 -1.000000 3
2683 1.000000 3
2686 -1.000000 3
2691 0.000000 5
2696 1.000000 5
2700 -1.000000 4
2703 1.000000 3
2707 1.000000 4
2712 1.000000 5
2717 1.000000 5
2720 1.000000 3
2724 -1.000000 4
2728 1.000000 4
2732 1.000000 4
2735 1.000000 3
2740 1.000000 5
2745 1.000000 5
2749 1.000000 4
2753 1.000000 4
2757 -1.000000 4
2761 1.000000 4
2765 -1.000000 4
2769 1.000000 4
2772 -1.000000 3
2777 0.000000 5
2781 1.000000 4
2784 1.000000 3
2787 1.000000 3
2792 1.000000 5
2797 1.000000 5
2801 -1.000000 4
2806 0.000000 5
2809 1.000000 3
2813 1.000000 4
2816 1.000000 3
2819 -1.000000 3
2823 -1.000000 4
2826 1.000000 3
2829 -1.000000 3
2832 -1.000000 3
2837 1.000000 5
2841 -1.000000 4
2846 1.000000 5
2851 1.000000 5
2856 1.000000 5
2861 1.000000 5
2866 1.000000 5
2871 0.000000 5
2876 1.000000 5
2881 0.000000 5
2885 1.000000 4
2888 1.000000 3
2892 1.000000 4
2896 1.000000 4
2901 0.000000 5
2905 1.000000 4
2908 -1.000000 3
2913 1.000000 5
2917 1.000000 4
2922 0.000000 5
2926 -1.000000 4
2931 1.000000 5
2935 1.000000 4
2939 1.000000 4
2943 1.000000 4
2947 1.000000 4
2951 1.000000 4
2956 0.000000 5
2961 0.000000 5
2964 1.000000 3
2968 1.000000 4
2971 1.000000 3
2976 0.000000 5
2979 1.000000 3
2983 1.000000 4
2986 1.000000 3
2991 1.000000 5
2995 1.000000 4
2999 -1.000000 4
3003 1.000000 4
3007 -1.000000 4
3012 0.000000 5
3016 1.000000 4
3021 0.000000 5
3025 -1.000000 4
3030 1.000000 5
3035 0.000000 5
3039 -1.000000 4
3043 -1.000000 4
3048 1.000000 5
3053 0.000000 5
3057 -1.000000 4
3061 1.000000 4
3066 0.000000 5
3070 -1.000000 4
3074 1.000000 4
3078 -1.000000 4
3083 0.000000 5
3087 1.000000 4
3091 -1.000000 4
3095 1.000000 4
3099 -1.000000 4
3104 1.000000 5
3108 1.000000 4
3112 -1.000000 4
3116 -1.000000 4
3120 -1.000000 4
3125 1.000000 5
3128 1.000000 3
3132 -1.000000 4
3137 0.000000 5
3140 1.000000 3
3144 -1.000000 4
3148 -1.000000 4
3152 -1.000000 4
3156 -1.000000 4
3160 1.000000 4
3165 0.000000 5
3168 1.000000 3
3173 0.000000 5
3177 1.000000 4
3181 1.000000 4
3184 -1.000000 3
3188 -1.000000 4
3193 1.000000 5
3198 0.000000 5
3202 -1.000000 4
3206 1.000000 4
3210 1.000000 4
3215 1.000000 5
3220 1.000000 5
3224 -1.000000 4
3228 -1.000000 4
3233 1.000000 5
3237 -1.000000 4
3240 1.000000 3
3245 0.000000 5
3250 0.000000 5
3253 1.000000 3
3257 -1.000000 4
3262 0.000000 5
3266 1.000000 4
3271 0.000000 5
3275 1.000000 4
3280 1.000000 5
3283 1.000000 3
3287 1.000000 4
3291 -1.000000 4
3294 -1.000000 3
3297 -1.000000 3
3302 0.000000 5
3307 0.000000 5
3312 1.000000 5
3317 1.000000 5
3320 -1.000000 3
3323 1.000000 3
3328 0.000000 5
3332 1.000000 4
3337 0.000000 5
3342 1.000000 5
3347 1.000000 5
3350 -1.000000 3
3353 -1.000000 3
3357 1.000000 4
3360 1.000000 3
3363 1.000000 3
3368 1.000000 5
3372 1.000000 4
3377 1.000000 5
3382 0.000000 5
3385 1.000000 3
3389 1.000000 4
3393 1.000000 4
3398 1.000000 5
3403 0.000000 5
3408 1.000000 5
3412 1.000000 4
3417 1.000000 5
3421 1.000000 4
3425 -1.000000 4
3428 -1.000000 3
3432 -1.000000 4
3436 1.000000 4
3439 1.000000 3
3444 1.000000 5
3448 1.000000 4
3453 0.000000 5
3458 1.000000 5
3462 1.000000 4
3465 -1.000000 3
3468 -1.000000 3
3473 1.000000 5
3478 1.000000 5
3483 0.000000 5
3488 1.000000 5
3491 -1.000000 3
3495 1.000000 4
3499 -1.000000 4
3504 1.000000 5
3507 -1.000000 3
3511 1.000000 4
3516 0.000000 5
3520 -1.000000 4
3524 1.000000 4
3529 0.000000 5
3532 -1.000000 3
3536 -1.000000 4
3541 1.000000 5
3544 1.000000 3
3548 1.000000 4
3552 -1.000000 4
3557 1.000000 5
3562 1.000000 5
3566 1.000000 4
3570 1.000000 4
3575 1.000000 5
3579 1.000000 4
3583 1.000000 4
3587 -1.000000 4
3592 0.000000 5
3597 1.000000 5
3602 1.000000 5
3607 1.000000 5
3611 -1.000000 4
3616 0.000000 5
3621 1.000000 5
3625 -1.000000 4
3629 -1.000000 4
3634 1.000000 5
3638 1.000000 4
3642 -1.000000 4
3647 1.000000 5
3651 1.000000 4
3655 1.000000 4
3658 -1.000000 3
3663 1.000000 5
3667 1.000000 4
3670 1.000000 3
3675 0.000000 5
3680 0.000000 5
3685 1.000000 5
3688 -1.000000 3
3692 1.000000 4
3695 1.000000 3
3699 1.000000 4
3703 1.000000 4
3708 1.000000 5
3713 1.000000 5
3716 1.000000 3
3720 1.000000 4
3724 -1.000000 4
3729 0.000000 5
3733 1.000000 4
3737 1.000000 4
3741 1.000000 4
3745 1.000000 4
3750 1.000000 5
3754 1.000000 4
3759 0.000000 5
3764 1.000000 5
3769 0.000000 5
3773 1.000000 4
3778 0.000000 5
3782 1.000000 4
3786 1.000000 4
3791 1.000000 5
3796 0.000000 5
3801 1.000000 5
3806 1.000000 5
3809 1.000000 3
3813 1.000000 4
3816 1.000000 3
3821 1.000000 5
3826 1.000000 5
3830 1.000000 4
3833 -1.000000 3
3837 -1.000000 4
3842 1.000000 5
3847 1.000000 5
3851 1.000000 4
3856 1.000000 5
3859 -1.000000 3
3863 1.000000 4
3868 1.000000 5
3871 1.000000 3
3876 0.000000 5
3880 -1.000000 4
3885 1.000000 5
3889 1.000000 4
3893 1.000000 4
3897 -1.000000 4
3900 -1.000000 3
3904 1.000000 4
3909 1.000000 5
3912 1.000000 3
3916 1.000000 4
3919 1.000000 3
3922 -1.000000 3
3926 1.000000 4
3929 -1.000000 3
3933 1.000000 4
3937 1.000000 4
3941 -1.000000 4
3945 -1.000000 4
3949 -1.000000 4
3954 1.000000 5
3958 1.000000 4
3962 1.000000 4
3967 0.000000 5
3972 1.000000 5
3976 -1.000000 4
3981 1.000000 5
3986 0.000000 5
3989 1.000000 3
3994 0.000000 5
3999 1.000000 5
4004 1.000000 5
4008 -1.000000 4
4012 1.000000 4
4017 1.000000 5
4021 1.000000 4
4026 1.000000 5
4030 1.000000 4
4035 0.000000 5
4039 -1.000000 4
4043 1.000000 4
4047 -1.000000 4
4051 1.000000 4
4054 1.000000 3
4058 1.000000 4
4062 -1.000000 4
4065 -1.000000 3
4070 1.000000 5
4075 1.000000 5
4078 1.000000 3
4083 1.000000 5
4087 1.000000 4
4090 -1.000000 3
4095 0.000000 5
4099 -1.000000 4
4103 1.000000 4
4107 -1.000000 4
4111 1.000000 4
4116 1.000000 5
4121 1.000000 5
4126 0.000000 5
4129 1.000000 3
4132 -1.000000 3
4136 -1.000000 4
4140 1.000000 4
4144 -1.000000 4
4149 0.000000 5
4154 0.000000 5
4157 1.000000 3
4160 1.000000 3
4163 1.000000 3
4166 -1.000000 3
4170 -1.000000 4
4173 -1.000000 3
4177 -1.000000 4
4180 -1.000000 3
4183 1.000000 3
4188 1.000000 5
4192 -1.000000 4
4196 -1.000000 4
4199 1.000000 3
4203 -1.000000 4
4208 1.000000 5
4212 1.000000 4
4217 0.000000 5
4222 1.000000 5
4227 1.000000 5
4230 -1.000000 3
4234 -1.000000 4
4238 1.000000 4
4242 1.000000 4
4247 0.000000 5
4251 1.000000 4
4255 -1.000000 4
4260 1.000000 5
4264 1.000000 4
4269 0.000000 5
4273 1.000000 4
4278 1.000000 5
4282 1.000000 4
4287 1.000000 5
4291 1.000000 4
4295 1.000000 4
4299 1.000000 4
4302 1.000000 3
4307 1.000000 5
4310 -1.000000 3
4313 1.000000 3
4316 -1.000000 3
4320 1.000000 4
4325 0.000000 5
4329 1.000000 4
4334 0.000000 5
4339 1.000000 5
4342 1.000000 3
4347 0.000000 5
4352 0.000000 5
4355 1.000000 3
4359 1.000000 4
4362 -1.000000 3
4367 1.000000 5
4370 1.000000 3
4373 -1.000000 3
4377 1.000000 4
4382 1.000000 5
4386 -1.000000 4
4389 1.000000 3
4393 1.000000 4
4398 1.000000 5
4403 0.000000 5
4407 1.000000 4
4410 -1.000000 3
4414 1.000000 4
4418 1.000000 4
4421 1.000000 3
4426 0.000000 5
4431 1.000000 5
4435 -1.000000 4
4439 -1.000000 4
4443 -1.000000 4
4447 -1.000000 4
4452 0.000000 5
4457 0.000000 5
4460 -1.000000 3
4463 1.000000 3
4468 0.000000 5
4472 -1.000000 4
4477 0.000000 5
4481 1.000000 4
4486 1.000000 5
4490 1.000000 4
4495 0.000000 5
4499 1.000000 4
4504 1.000000 5
4509 0.000000 5
4513 1.000000 4
4518 1.000000 5
4522 1.000000 4
4527 1.000000 5
4531 1.000000 4
4535 -1.000000 4
4539 -1.000000 4
4543 1.000000 4
4548 0.000000 5
4552 1.000000 4
4557 0.000000 5
4561 -1.000000 4
4564 1.000000 3
4568 1.000000 4
4572 1.000000 4
4575 -1.000000 3
4579 -1.000000 4
4583 1.000000 4
4587 -1.000000 4
4592 1.000000 5
4596 1.000000 4
4600 -1.000000 4
4604 -1.000000 4
4609 1.000000 5
4612 -1.000000 3
4616 1.000000 4
4621 1.000000 5
4625 -1.000000 4
4628 -1.000000 3
4633 1.000000 5
4637 -1.000000 4
4640 1.000000 3
4645 1.000000 5
4649 1.000000 4
4653 1.000000 4
4657 -1.000000 4
4662 1.000000 5
4666 -1.000000 4
4670 -1.000000 4
4673 1.000000 3
4677 1.000000 4
4680 -1.000000 3
4683 1.000000 3
4687 1.000000 4
4692 0.000000 5
4697 1.000000 5
4701 -1.000000 4
4706 1.000000 5
4709 1.000000 3
4714 0.000000 5
4718 -1.000000 4
4722 1.000000 4
4726 -1.000000 4
4729 1.000000 3
4734 0.000000 5
4739 1.000000 5
4743 1.000000 4
4748 0.000000 5
4753 0.000000 5
4758 0.000000 5
4763 1.000000 5
4766 1.000000 3
4770 -1.000000 4
4775 0.000000 5
4778 -1.000000 3
4782 1.000000 4
4785 -1.000000 3
4789 1.000000 4
4794 1.000000 5
4798 1.000000 4
4801 1.000000 3
4804 1.000000 3
4808 -1.000000 4
4813 0.000000 5
4817 1.000000 4
4822 1.000000 5
4826 -1.000000 4
4831 0.000000 5
4835 -1.000000 4
4838 1.000000 3
4842 1.000000 4
4846 -1.000000 4
4850 1.000000 4
4854 1.000000 4
4858 -1.000000 4
4862 1.000000 4
4867 0.000000 5
4872 1.000000 5
4876 1.000000 4
4880 1.000000 4
4885 0.000000 5
4890 1.000000 5
4893 1.000000 3
4896 -1.000000 3
4900 -1.000000 4
4904 1.000000 4
4909 0.000000 5
4913 -1.000000 4
4917 -1.000000 4
4922 0.000000 5
4927 1.000000 5
4931 1.000000 4
4935 1.000000 4
4940 0.000000 5
4944 -1.000000 4
4948 -1.000000 4
4952 1.000000 4
4957 1.000000 5
4961 -1.000000 4
4965 1.000000 4
4968 1.000000 3
4972 1.000000 4
4976 1.000000 4
4980 -1.000000 4
4985 1.000000 5
4990 1.000000 5
4995 0.000000 5
5000 0.000000 5
5004 1.000000 4
5008 1.000000 4
5013 0.000000 5
5017 -1.000000 4
5021 1.000000 4
5026 1.000000 5
5031 1.000000 5
5034 1.000000 3
5037 1.000000 3
5040 -1.000000 3
5045 1.000000 5
5049 1.000000 4
5054 0.000000 5
5058 -1.000000 4
5063 1.000000 5
5067 1.000000 4
5070 -1.000000 3
5075 0.000000 5
5079 1.000000 4
5084 1.000000 5
5088 1.000000 4
5092 1.000000 4
5096 1.000000 4
5100 -1.000000 4
5104 1.000000 4
5107 1.000000 3
5111 -1.000000 4
5115 1.000000 4
5120 0.000000 5
5125 1.000000 5
5129 1.000000 4
5133 -1.000000 4
5138 1.000000 5
5142 -1.000000 4
5146 1.000000 4
5149 -1.000000 3
5153 1.000000 4
5156 1.000000 3
5161 0.000000 5
5164 -1.000000 3
5167 -1.000000 3
5171 -1.000000 4
5176 1.000000 5
5180 1.000000 4
5184 1.000000 4
5189 0.000000 5
5194 1.000000 5
5198 -1.000000 4
5203 1.000000 5
5207 -1.000000 4
5211 -1.000000 4
5215 1.000000 4
5218 1.000000 3
5222 -1.000000 4
5226 -1.000000 4
5229 1.000000 3
5233 1.000000 4
5238 0.000000 5
5242 1.000000 4
5246 -1.000000 4
5250 1.000000 4
5253 1.000000 3
5257 1.000000 4
5261 1.000000 4
5266 1.000000 5
5271 1.000000 5
5275 -1.000000 4
5280 1.000000 5
5283 1.000000 3
5286 1.000000 3
5290 -1.000000 4
5294 1.000000 4
5297 -1.000000 3
5301 -1.000000 4
5305 1.000000 4
5309 1.000000 4
5313 1.000000 4
5318 1.000000 5
5322 -1.000000 4
5327 1.000000 5
5332 0.000000 5
5337 1.000000 5
5340 -1.000000 3
5343 1.000000 3
5348 1.000000 5
5353 1.000000 5
5356 1.000000 3
5360 1.000000 4
5364 1.000000 4
5368 1.000000 4
5371 1.000000 3
5375 -1.000000 4
5380 0.000000 5
5385 1.000000 5
5389 -1.000000 4
5393 -1.000000 4
5398 1.000000 5
5402 1.000000 4
5405 1.000000 3
5408 1.000000 3
5412 1.000000 4
5416 1.000000 4
5419 1.000000 3
5424 1.000000 5
5428 -1.000000 4
5433 1.000000 5
5438 0.000000 5
5442 1.000000 4
5447 1.000000 5
5451 1.000000 4
5456 0.000000 5
5460 1.000000 4
5464 1.000000 4
5469 1.000000 5
5473 1.000000 4
5477 -1.000000 4
5481 1.000000 4
5485 -1.000000 4
5490 0.000000 5
5494 -1.000000 4
5498 -1.000000 4
5502 -1.000000 4
5505 1.000000 3
5508 1.000000 3
5512 1.000000 4
5517 1.000000 5
5521 -1.000000 4
5524 -1.000000 3
5527 1.000000 3
5532 1.000000 5
5536 1.000000 4
5540 -1.000000 4
5545 1.000000 5
5549 1.000000 4
5554 1.000000 5
5558 1.000000 4
5561 1.000000 3
5566 0.000000 5
5571 0.000000 5
5575 -1.000000 4
5580 0.000000 5
5584 -1.000000 4
5588 1.000000 4
5592 -1.000000 4
5597 1.000000 5
5602 1.000000 5
5607 1.000000 5
5611 1.000000 4
5614 1.000000 3
5618 1.000000 4
5623 0.000000 5
5627 1.000000 4
5632 1.000000 5
5636 -1.000000 4
5639 1.000000 3
5642 -1.000000 3
5646 -1.000000 4
5651 0.000000 5
5655 1.000000 4
5660 1.000000 5
5665 1.000000 5
5669 -1.000000 4
5674 0.000000 5
5678 -1.000000 4
5683 0.000000 5
5687 -1.000000 4
5692 1.000000 5
5697 0.000000 5
5701 1.000000 4
5704 1.000000 3
5708 -1.000000 4
5712 -1.000000 4
5717 0.000000 5
5722 0.000000 5
5726 -1.000000 4
5730 -1.000000 4
5734 -1.000000 4
5738 1.000000 4
5743 1.000000 5
5747 -1.000000 4
5752 1.000000 5
5755 1.000000 3
5759 -1.000000 4
5764 0.000000 5
5769 1.000000 5
5773 -1.000000 4
5776 -1.000000 3
5779 1.000000 3
5784 1.000000 5
5788 1.000000 4
5793 1.000000 5
5798 1.000000 5
5803 1.000000 5
5808 0.000000 5
5813 0.000000 5
5818 1.000000 5
5822 -1.000000 4
5827 1.000000 5
5832 0.000000 5
5837 1.000000 5
5842 1.000000 5
5846 1.000000 4
5849 -1.000000 3
5852 1.000000 3
5856 1.000000 4
5859 1.000000 3
5863 1.000000 4
5868 1.000000 5
5871 -1.000000 3
5875 -1.000000 4
5879 -1.000000 4
5884 1.000000 5
5888 -1.000000 4
5892 1.000000 4
5895 1.000000 3
5900 1.000000 5
5905 1.000000 5
5910 1.000000 5
5914 -1.000000 4
5918 -1.000000 4
5921 -1.000000 3
5924 -1.000000 3
5929 1.000000 5
5934 1.000000 5
5938 1.000000 4
5941 -1.000000 3
5945 -1.000000 4
5949 1.000000 4
5953 -1.000000 4
5957 -1.000000 4
5960 1.000000 3
5964 -1.000000 4
5969 1.000000 5
5974 0.000000 5
5977 1.000000 3
5981 -1.000000 4
5985 -1.000000 4
5990 0.000000 5
5994 -1.000000 4
5997 1.000000 3
6001 1.000000 4
6005 1.000000 4
6009 -1.000000 4
6013 1.000000 4
6018 0.000000 5
6022 1.000000 4
6025 1.000000 3
6029 1.000000 4
6034 1.000000 5
6039 1.000000 5
6044 1.000000 5
6048 -1.000000 4
6052 -1.000000 4
6055 1.000000 3
6059 1.000000 4
6064 1.000000 5
6068 -1.000000 4
6072 -1.000000 4
6076 1.000000 4
6080 1.000000 4
6084 -1.000000 4
6087 -1.000000 3
6091 -1.000000 4
6095 1.000000 4
6098 -1.000000 3
6103 1.000000 5
6107 1.000000 4
6110 -1.000000 3
6115 0.000000 5
6119 1.000000 4
6122 -1.000000 3
6126 1.000000 4
6129 1.000000 3
6134 1.000000 5
6138 1.000000 4
6143 1.000000 5
6147 1.000000 4
6151 1.000000 4
6155 1.000000 4
6160 1.000000 5
6164 1.000000 4
6167 1.000000 3
6171 1.000000 4
6174 -1.000000 3
6178 1.000000 4
6182 1.000000 4
6186 -1.000000 4
6191 0.000000 5
6195 1.000000 4
6199 -1.000000 4
6203 1.000000 4
6207 1.000000 4
6212 1.000000 5
6216 1.000000 4
6219 -1.000000 3
6223 1.000000 4
6227 1.000000 4
6231 1.000000 4
6236 1.000000 5
6239 -1.000000 3
6243 1.000000 4
6248 1.000000 5
6253 0.000000 5
6258 0.000000 5
6262 -1.000000 4
6266 1.000000 4
6270 -1.000000 4
6274 1.000000 4
6277 -1.000000 3
6281 1.000000 4
6286 1.000000 5
6289 -1.000000 3
6293 -1.000000 4
6297 1.000000 4
6302 0.000000 5
6305 -1.000000 3
6309 1.000000 4
6314 1.000000 5
6318 -1.000000 4
6322 1.000000 4
6327 1.000000 5
6330 1.000000 3
6335 1.000000 5
6338 -1.000000 3
6342 1.000000 4
6347 0.000000 5
6350 -1.000000 3
6354 -1.000000 4
6359 0.000000 5
6363 -1.000000 4
6367 1.000000 4
6371 1.000000 4
6376 0.000000 5
6381 1.000000 5
6385 1.000000 4
6389 1.000000 4
6394 1.000000 5
6398 1.000000 4
6401 -1.000000 3
6405 -1.000000 4
6409 -1.000000 4
6414 1.000000 5
6418 -1.000000 4
6421 1.000000 3
6426 0.000000 5
6431 0.000000 5
6436 1.000000 5
6440 1.000000 4
6443 1.000000 3
6447 1.000000 4
6451 -1.000000 4
6456 1.000000 5
6460 1.000000 4
6464 1.000000 4
6468 1.000000 4
6472 1.000000 4
6475 -1.000000 3
6480 1.000000 5
6485 1.000000 5
6490 1.000000 5
6495 1.000000 5
6498 -1.000000 3
6502 1.000000 4
6506 -1.000000 4
6511 1.000000 5
6516 0.000000 5
6519 -1.000000 3
6524 0.000000 5
6529 1.000000 5
6532 -1.000000 3
6536 -1.000000 4
6541 0.000000 5
6544 1.000000 3
6548 1.000000 4
6553 1.000000 5
6556 1.000000 3
6560 -1.000000 4
6565 0.000000 5
6569 1.000000 4
6573 1.000000 4
6576 1.000000 3
6579 1.000000 3
6582 -1.000000 3
6587 1.000000 5
6590 -1.000000 3
6594 1.000000 4
6597 -1.000000 3
6600 1.000000 3
6605 1.000000 5
6608 1.000000 3
6613 0.000000 5
6617 1.000000 4
6622 0.000000 5
6626 1.000000 4
6631 1.000000 5
6635 -1.000000 4
6640 1.000000 5
6643 -1.000000 3
6647 1.000000 4
6651 1.000000 4
6654 1.000000 3
6657 1.000000 3
6662 1.000000 5
6667 1.000000 5
6671 -1.000000 4
6675 1.000000 4
6680 1.000000 5
6684 1.000000 4
6689 1.000000 5
6693 -1.000000 4
6696 1.000000 3
6700 1.000000 4
6705 0.000000 5
6710 1.000000 5
6715 1.000000 5
6718 -1.000000 3
6721 -1.000000 3
6726 1.000000 5
6731 0.000000 5
6736 1.000000 5
6741 1.000000 5
6746 0.000000 5
6750 -1.000000 4
6753 -1.000000 3
6757 1.000000 4
6761 1.000000 4
6764 1.000000 3
6767 -1.000000 3
6772 1.000000 5
6776 -1.000000 4
6780 1.000000 4
6785 1.000000 5
6789 1.000000 4
6794 1.000000 5
6799 1.000000 5
6803 -1.000000 4
6806 -1.000000 3
6810 1.000000 4
6814 1.000000 4
6819 1.000000 5
6824 0.000000 5
6827 1.000000 3
6830 -1.000000 3
6835 0.000000 5
6839 -1.000000 4
6843 -1.000000 4
6847 1.000000 4
6850 1.000000 3
6854 -1.000000 4
6859 1.000000 5
6862 1.000000 3
6866 -1.000000 4
6870 1.000000 4
6873 1.000000 3
6877 -1.000000 4
6881 -1.000000 4
6886 0.000000 5
6889 1.000000 3
6893 1.000000 4
6898 1.000000 5
6901 -1.000000 3
6905 1.000000 4
6910 1.000000 5
6915 1.000000 5
6919 -1.000000 4
6923 1.000000 4
6928 0.000000 5
6932 1.000000 4
6936 1.000000 4
6941 1.000000 5
6946 0.000000 5
6950 -1.000000 4
6955 1.000000 5
6959 -1.000000 4
6962 -1.000000 3
6967 1.000000 5
6971 -1.000000 4
6975 1.000000 4
6980 0.000000 5
6985 0.000000 5
6990 0.000000 5
6994 -1.000000 4
6999 0.000000 5
7002 -1.000000 3
7006 -1.000000 4
7010 -1.000000 4
7013 1.000000 3
7018 0.000000 5
7022 1.000000 4
7027 1.000000 5
7031 1.000000 4
7035 -1.000000 4
7038 -1.000000 3
7043 0.000000 5
7046 1.000000 3
7051 1.000000 5
7055 1.000000 4
7058 1.000000 3
7062 -1.000000 4
7067 1.000000 5
7072 1.000000 5
7077 1.000000 5
7080 -1.000000 3
7083 1.000000 3
7087 1.000000 4
7091 1.000000 4
7094 1.000000 3
7099 1.000000 5
7102 1.000000 3
7107 0.000000 5
7111 1.000000 4
7115 1.000000 4
7119 1.000000 4
7123 1.000000 4
7128 0.000000 5
7131 1.000000 3
7136 1.000000 5
7139 1.000000 3
7143 -1.000000 4
7147 1.000000 4
7150 1.000000 3
7155 1.000000 5
7159 1.000000 4
7162 -1.000000 3
7165 -1.000000 3
7169 1.000000 4
7173 1.000000 4
7177 -1.000000 4
7181 1.000000 4
7185 1.000000 4
7190 0.000000 5
7194 -1.000000 4
7199 0.000000 5
7204 1.000000 5
7209 1.000000 5
7214 1.000000 5
7218 1.000000 4
7222 1.000000 4
7227 1.000000 5
7232 0.000000 5
7237 1.000000 5
7241 1.000000 4
7246 1.000000 5
7251 1.000000 5
7255 1.000000 4
7259 1.000000 4
7264 1.000000 5
7267 1.000000 3
7272 0.000000 5
7277 1.000000 5
7281 1.000000 4
7286 1.000000 5
7290 1.000000 4
7295 0.000000 5
7299 1.000000 4
7302 -1.000000 3
7307 0.000000 5
7311 1.000000 4
7314 -1.000000 3
7318 1.000000 4
7321 -1.000000 3
7326 1.000000 5
7330 -1.000000 4
7333 -1.000000 3
7337 -1.000000 4
7341 1.000000 4
7345 1.000000 4
7349 1.000000 4
7354 0.000000 5
7358 1.000000 4
7362 1.000000 4
7366 -1.000000 4
7369 1.000000 3
7373 1.000000 4
7376 1.000000 3
7381 1.000000 5
7384 1.000000 3
7388 1.000000 4
7392 1.000000 4
7396 -1.000000 4
7401 1.000000 5
7405 1.000000 4
7409 1.000000 4
7413 1.000000 4
7416 -1.000000 3
7420 1.000000 4
7425 1.000000 5
7430 1.000000 5
7435 1.000000 5
7440 0.000000 5
7444 -1.000000 4
7447 1.000000 3
7451 1.000000 4
7455 -1.000000 4
7459 1.000000 4
7462 -1.000000 3
7466 1.000000 4
7471 0.000000 5
7475 -1.000000 4
7479 1.000000 4
7483 1.000000 4
7488 1.000000 5
7492 1.000000 4
7496 1.000000 4
7501 1.000000 5
7505 -1.000000 4
7508 -1.000000 3
7512 1.000000 4
7517 0.000000 5
7521 1.000000 4
7525 1.000000 4
7530 1.000000 5
7534 1.000000 4
7538 1.000000 4
7542 1.000000 4
7546 -1.000000 4
7551 1.000000 5
7555 -1.000000 4
7558 -1.000000 3
7561 1.000000 3
7565 1.000000 4
7569 1.000000 4
7572 -1.000000 3
7575 -1.000000 3
7579 -1.000000 4
7584 1.000000 5
7588 1.000000 4
7592 -1.000000 4
7595 -1.000000 3
7600 1.000000 5
7605 1.000000 5
7610 1.000000 5
7614 1.000000 4
7619 0.000000 5
7624 1.000000 5
7629 1.000000 5
7634 1.000000 5
7639 1.000000 5
7643 -1.000000 4
7647 1.000000 4
7651 -1.000000 4
7656 0.000000 5
7659 1.000000 3
7664 1.000000 5
7668 1.000000 4
7672 1.000000 4
7677 1.000000 5
7681 1.000000 4
7686 0.000000 5
7691 1.000000 5
7696 0.000000 5
7700 -1.000000 4
7705 0.000000 5
7709 -1.000000 4
7713 -1.000000 4
7716 -1.000000 3
7719 1.000000 3
7722 -1.000000 3
7725 1.000000 3
7728 -1.000000 3
7733 1.000000 5
7736 1.000000 3
7739 -1.000000 3
7743 -1.000000 4
7746 -1.000000 3
7750 1.000000 4
7754 1.000000 4
7759 1.000000 5
7764 1.000000 5
7768 1.000000 4
7772 1.000000 4
7775 1.000000 3
7779 1.000000 4
7784 1.000000 5
7788 1.000000 4
7793 0.000000 5
7797 1.000000 4
7801 -1.000000 4
7805 1.000000 4
7808 -1.000000 3
7812 -1.000000 4
7815 1.000000 3
7819 -1.000000 4
7822 1.000000 3
7826 1.000000 4
7831 1.000000 5
7834 -1.000000 3
7838 -1.000000 4
7843 0.000000 5
7848 1.000000 5
7852 -1.000000 4
7857 0.000000 5
7860 -1.000000 3
7863 -1.000000 3
7866 1.000000 3
7870 1.000000 4
7874 1.000000 4
7879 1.000000 5
7883 1.000000 4
7886 1.000000 3
7890 1.000000 4
7895 1.000000 5
7900 1.000000 5
7904 1.000000 4
7909 0.000000 5
7913 1.000000 4
7917 1.000000 4
7921 1.000000 4
7926 0.000000 5
7931 0.000000 5
7935 1.000000 4
7939 1.000000 4
7944 0.000000 5
7948 -1.000000 4
7952 -1.000000 4
7956 -1.000000 4
7960 1.000000 4
7965 0.000000 5
7969 1.000000 4
7973 1.000000 4
7977 -1.000000 4
7982 0.000000 5
7987 1.000000 5
7991 -1.000000 4
7994 1.000000 3
7999 1.000000 5
8004 0.000000 5
8007 -1.000000 3
8010 1.000000 3
8014 1.000000 4
8017 1.000000 3
8022 1.000000 5
8025 -1.000000 3
8028 1.000000 3
8031 -1.000000 3
8034 1.000000 3
8038 -1.000000 4
8042 -1.000000 4
8046 1.000000 4
8050 1.000000 4
8054 1.000000 4
8058 -1.000000 4
8063 1.000000 5
8066 1.000000 3
8070 1.000000 4
8075 0.000000 5
8080 1.000000 5
8085 1.000000 5
8089 1.000000 4
8094 0.000000 5
8099 1.000000 5
8104 1.000000 5
8107 -1.000000 3
8111 -1.000000 4
8115 1.000000 4
8119 1.000000 4
8123 1.000000 4
8127 1.000000 4
8131 -1.000000 4
8134 -1.000000 3
8138 -1.000000 4
8142 1.000000 4
8147 1.000000 5
8151 1.000000 4
8154 1.000000 3
8158 -1.000000 4
8162 1.000000 4
8167 1.000000 5
8171 1.000000 4
8174 -1.000000 3
8178 1.000000 4
8183 1.000000 5
8188 1.000000 5
8193 1.000000 5
8198 1.000000 5
8203 1.000000 5
8207 1.000000 4
8211 1.000000 4
8216 1.000000 5
8220 -1.000000 4
8223 -1.000000 3
8228 1.000000 5
8233 0.000000 5
8237 -1.000000 4
8241 1.000000 4
8246 0.000000 5
8250 -1.000000 4
8255 1.000000 5
8258 1.000000 3
8262 -1.000000 4
8266 1.000000 4
8269 -1.000000 3
8274 1.000000 5
8277 -1.000000 3
8281 1.000000 4
8286 1.000000 5
8291 1.000000 5
8296 1.000000 5
8300 -1.000000 4
8304 1.000000 4
8308 1.000000 4
8313 1.000000 5
8317 1.000000 4
8320 -1.000000 3
8325 1.000000 5
8329 -1.000000 4
8333 1.000000 4
8338 1.000000 5
8342 -1.000000 4
8347 0.000000 5
8351 -1.000000 4
8354 -1.000000 3
8358 1.000000 4
8362 1.000000 4
8365 -1.000000 3
8369 -1.000000 4
8373 1.000000 4
8377 -1.000000 4
8381 1.000000 4
8386 1.000000 5
8391 1.000000 5
8396 0.000000 5
8401 1.000000 5
8406 0.000000 5
8409 1.000000 3
8412 1.000000 3
8415 1.000000 3
8419 1.000000 4
8424 1.000000 5
8428 1.000000 4
8432 1.000000 4
8436 -1.000000 4
8440 -1.000000 4
8443 -1.000000 3
8446 1.000000 3
8449 1.000000 3
8454 0.000000 5
8459 0.000000 5
8464 0.000000 5
8467 1.000000 3
8471 1.000000 4
8476 0.000000 5
8479 1.000000 3
8484 0.000000 5
8488 1.000000 4
8492 1.000000 4
8497 1.000000 5
8502 1.000000 5
8506 1.000000 4
8510 -1.000000 4
8515 1.000000 5
8518 -1.000000 3
8523 1.000000 5
8527 1.000000 4
8530 1.000000 3
8534 -1.000000 4
8538 -1.000000 4
8542 -1.000000 4
8546 -1.000000 4
8549 1.000000 3
8553 -1.000000 4
8556 -1.000000 3
8560 1.000000 4
8565 0.000000 5
8570 1.000000 5
8573 -1.000000 3
8577 1.000000 4
8581 1.000000 4
8585 -1.000000 4
8590 1.000000 5
8594 -1.000000 4
8597 1.000000 3
8601 1.000000 4
8605 1.000000 4
8609 -1.000000 4
8614 0.000000 5
8619 0.000000 5
8623 1.000000 4
8626 -1.000000 3
8631 0.000000 5
8636 0.000000 5
8641 1.000000 5
8645 1.000000 4
8649 -1.000000 4
8654 1.000000 5
8658 -1.000000 4
8663 0.000000 5
8667 1.000000 4
8670 -1.000000 3
8675 0.000000 5
8679 1.000000 4
8684 0.000000 5
8687 1.000000 3
8691 1.000000 4
8696 0.000000 5
8700 1.000000 4
8704 -1.000000 4
8709 0.000000 5
8713 1.000000 4
8717 -1.000000 4
8721 1.000000 4
8725 -1.000000 4
8729 1.000000 4
8732 -1.000000 3
8736 1.000000 4
8740 -1.000000 4
8744 -1.000000 4
8749 1.000000 5
8753 1.000000 4
8756 -1.000000 3
8761 1.000000 5
8765 -1.000000 4
8769 1.000000 4
8772 1.000000 3
8777 1.000000 5
8780 1.000000 3
8783 1.000000 3
8788 1.000000 5
8792 1.000000 4
8795 -1.000000 3
8799 1.000000 4
8803 -1.000000 4
8807 1.000000 4
8812 1.000000 5
8816 1.000000 4
8821 0.000000 5
8825 -1.000000 4
8829 -1.000000 4
8834 0.000000 5
8838 1.000000 4
8841 1.000000 3
8846 1.000000 5
8850 1.000000 4
8855 1.000000 5
8859 -1.000000 4
8864 0.000000 5
8869 0.000000 5
8873 -1.000000 4
8878 0.000000 5
8882 1.000000 4
8887 0.000000 5
8892 1.000000 5
8896 -1.000000 4
8901 0.000000 5
8904 -1.000000 3
8909 1.000000 5
8913 1.000000 4
8917 1.000000 4
8920 -1.000000 3
8925 1.000000 5
8929 1.000000 4
8932 1.000000 3
8937 0.000000 5
8942 1.000000 5
8947 0.000000 5
8951 1.000000 4
8956 1.000000 5
8960 1.000000 4
8964 1.000000 4
8969 0.000000 5
8973 -1.000000 4
8977 1.000000 4
8982 1.000000 5
8986 -1.000000 4
8991 1.000000 5
8996 0.000000 5
9000 -1.000000 4
9004 1.000000 4
9008 -1.000000 4
9013 1.000000 5
9018 1.000000 5
9023 0.000000 5
9027 -1.000000 4
9031 1.000000 4
9035 1.000000 4
9040 0.000000 5
9044 1.000000 4
9048 -1.000000 4
9053 0.000000 5
9057 -1.000000 4
9062 1.000000 5
9065 1.000000 3
9069 -1.000000 4
9072 -1.000000 3
9076 1.000000 4
9079 1.000000 3
9083 -1.000000 4
9087 1.000000 4
9091 1.000000 4
9095 -1.000000 4
9099 -1.000000 4
9103 -1.000000 4
9107 -1.000000 4
9111 1.000000 4
9116 1.000000 5
9121 1.000000 5
9125 1.000000 4
9130 1.000000 5
9134 -1.000000 4
9138 1.000000 4
9143 1.000000 5
9148 1.000000 5
9153 1.000000 5
9158 0.000000 5
9162 1.000000 4
9167 1.000000 5
9172 1.000000 5
9176 1.000000 4
9181 1.000000 5
9184 -1.000000 3
9188 -1.000000 4
9193 1.000000 5
9198 0.000000 5
9203 0.000000 5
9207 1.000000 4
9211 1.000000 4
9216 1.000000 5
9221 0.000000 5
9224 1.000000 3
9229 0.000000 5
9233 1.000000 4
9238 1.000000 5
9242 1.000000 4
9247 1.000000 5
9252 1.000000 5
9257 0.000000 5
9260 1.000000 3
9264 1.000000 4
9267 -1.000000 3
9271 1.000000 4
9275 1.000000 4
9278 -1.000000 3
9281 1.000000 3
9285 -1.000000 4
9290 1.000000 5
9293 1.000000 3
9297 1.000000 4
9301 1.000000 4
9306 1.000000 5
9310 1.000000 4
9314 1.000000 4
9319 1.000000 5
9324 1.000000 5
9328 1.000000 4
9332 -1.000000 4
9336 1.000000 4
9340 1.000000 4
9345 1.000000 5
9348 -1.000000 3
9351 1.000000 3
9354 -1.000000 3
9358 1.000000 4
9363 1.000000 5
9367 1.000000 4
9371 1.000000 4
9376 0.000000 5
9381 1.000000 5
9386 1.000000 5
9391 1.000000 5
9395 1.000000 4
9399 1.000000 4
9402 -1.000000 3
9405 -1.000000 3
9409 -1.000000 4
9414 0.000000 5
9418 1.000000 4
9421 1.000000 3
9424 -1.000000 3
9428 1.000000 4
9431 -1.000000 3
9435 -1.000000 4
9440 1.000000 5
9443 -1.000000 3
9447 -1.000000 4
9452 0.000000 5
9456 1.000000 4
9459 -1.000000 3
9463 -1.000000 4
9468 0.000000 5
9473 1.000000 5
9478 0.000000 5
9483 1.000000 5
9487 -1.000000 4
9490 -1.000000 3
9494 1.000000 4
9497 1.000000 3
9501 1.000000 4
9506 0.000000 5
9511 1.000000 5
9515 1.000000 4
9519 -1.000000 4
9523 1.000000 4
9527 1.000000 4
9531 -1.000000 4
9534 -1.000000 3
9538 -1.000000 4
9542 1.000000 4
9546 1.000000 4
9550 1.000000 4
9554 -1.000000 4
9558 1.000000 4
9563 1.000000 5
9566 1.000000 3
9570 1.000000 4
9573 1.000000 3
9576 -1.000000 3
9580 1.000000 4
9583 -1.000000 3
9587 1.000000 4
9591 1.000000 4
9595 -1.000000 4
9599 1.000000 4
9603 -1.000000 4
9607 1.000000 4
9611 1.000000 4
9616 0.000000 5
9621 1.000000 5
9625 1.000000 4
9630 1.000000 5
9635 1.000000 5
9639 1.000000 4
9642 1.000000 3
9646 1.000000 4
9651 1.000000 5
9656 1.000000 5
9659 1.000000 3
9663 -1.000000 4
9666 1.000000 3
9670 1.000000 4
9674 -1.000000 4
9678 -1.000000 4
9682 -1.000000 4
9687 1.000000 5
9692 1.000000 5
9696 1.000000 4
9701 1.000000 5
9706 0.000000 5
9711 1.000000 5
9714 1.000000 3
9718 1.000000 4
9722 1.000000 4
9727 0.000000 5
9732 0.000000 5
9736 1.000000 4
9740 1.000000 4
9744 -1.000000 4
9748 1.000000 4
9753 1.000000 5
9757 1.000000 4
9762 1.000000 5
9767 1.000000 5
9772 1.000000 5
9775 1.000000 3
9779 1.000000 4
9783 1.000000 4
9787 1.000000 4
9791 -1.000000 4
9795 1.000000 4
9800 0.000000 5
9804 1.000000 4
9809 1.000000 5
9813 1.000000 4
9817 -1.000000 4
9820 1.000000 3
9825 0.000000 5
9830 1.000000 5
9834 1.000000 4
9837 -1.000000 3
9841 1.000000 4
9845 1.000000 4
9848 -1.000000 3
9852 1.000000 4
9857 1.000000 5
9861 1.000000 4
9866 1.000000 5
9870 1.000000 4
9875 1.000000 5
9879 1.000000 4
9883 1.000000 4
9887 1.000000 4
9891 1.000000 4
9896 1.000000 5
9900 1.000000 4
9905 1.000000 5
9909 1.000000 4
9912 1.000000 3
9917 1.000000 5
9921 1.000000 4
9926 0.000000 5
9930 -1.000000 4
9935 0.000000 5
9939 1.000000 4
9943 -1.000000 4
9948 0.000000 5
9952 1.000000 4
9955 -1.000000 3
9958 1.000000 3
9961 -1.000000 3
9964 -1.000000 3
9968 1.000000 4
9971 1.000000 3
9975 -1.000000 4
9978 1.000000 3
9982 -1.000000 4
9986 1.000000 4
9990 -1.000000 4
9995 0.000000 5
9998 -1.000000 3
10003 1.000000 5
10006 -1.000000 3
10009 -1.000000 3
10012 -1.000000 3
10015 -1.000000 3
10018 -1.000000 3
10021 -1.000000 3
10024 -1.000000 3
10027 -1.000000 3
10030 -1.000000 3
10033 -1.000000 3
10036 -1.000000 3
10039 -1.000000 3
10042 -1.000000 3
10045 -1.000000 3
10048 -1.000000 3
10051 -1.000000 3
10054 -1.000000 3
10057 -1.000000 3
10060 -1.000000 3
10063 -1.000000 3
10066 -1.000000 3
10069 -1.000000 3
10072 -1.000000 3
10075 -1.000000 3
10078 -1.000000 3
10081 -1.000000 3
10084 -1.000000 3
10087 -1.000000 3
10090 -1.000000 3
10093 -1.000000 3
10096 -1.000000 3
10099 -1.000000 3
10102 -1.000000 3
10105 -1.000000 3
10108 -1.000000 3
10111 -1.000000 3
10114 -1.000000 3
10117 -1.000000 3
10120 -1.000000 3
10123 -1.000000 3
10126 -1.000000 3
10129 -1.000000 3
10132 -1.000000 3
10135 -1.000000 3
10138 -1.000000 3
10141 -1.000000 3
10144 -1.000000 3
10147 -1.000000 3
10150 -1.000000 3
10153 -1.000000 3
10156 -1.000000 3
10159 -1.000000 3
10162 -1.000000 3
10165 -1.000000 3
10168 -1.000000 3
10171 -1.000000 3
10174 -1.000000 3
10177 -1.000000 3
10180 -1.000000 3
10183 -1.000000 3
10186 -1.000000 3
10189 -1.000000 3
10192 -1.000000 3
10195 -1.000000 3
10198 -1.000000 3
10201 -1.000000 3
10204 -1.000000 3
10207 -1.000000 3
10210 -1.000000 3
10213 -1.000000 3
10216 -1.000000 3
10219 -1.000000 3
10222 -1.000000 3
10225 -1.000000 3
10228 -1.000000 3
10231 -1.000000 3
10234 -1.000000 3
10237 -1.000000 3
10240 -1.000000 3
10243 -1.000000 3
10246 -1.000000 3
10249 -1.000000 3
10252 -1.000000 3
10255 -1.000000 3
10258 -1.000000 3
10261 -1.000000 3
10264 -1.000000 3
10267 -1.000000 3
10270 -1.000000 3
10273 -1.000000 3
10276 -1.000000 3
10279 -1.000000 3
10282 -1.000000 3
10285 -1.000000 3
10288 -1.000000 3
10291 -1.000000 3
10294 -1.000000 3
10297 -1.000000 3
10300 -1.000000 3
10303 -1.000000 3
10306 -1.000000 3
10309 -1.000000 3
10312 -1.000000 3
10315 -1.000000 3
10318 -1.000000 3
10321 -1.000000 3
10324 -1.000000 3
10327 -1.000000 3
10330 -1.000000 3
10333 -1.000000 3
10336 -1.000000 3
10339 -1.000000 3
10342 -1.000000 3
10345 -1.000000 3
10348 -1.000000 3
10351 -1.000000 3
10354 -1.000000 3
10357 -1.000000 3
10360 -1.000000 3
10363 -1.000000 3
10366 -1.000000 3
10369 -1.000000 3
10372 -1.000000 3
10375 -1.000000 3
10378 -1.000000 3
10381 -1.000000 3
10384 -1.000000 3
10387 -1.000000 3
10390 -1.000000 3
10393 -1.000000 3
10396 -1.000000 3
10399 -1.000000 3
10402 -1.000000 3
10405 -1.000000 3
10408 -1.000000 3
10411 -1.000000 3
10414 -1.000000 3
10417 -1.000000 3
10420 -1.000000 3
10423 -1.000000 3
10426 -1.000000 3
10429 -1.000000 3
10432 -1.000000 3
10435 -1.000000 3
10438 -1.000000 3
10441 -1.000000 3
10444 -1.000000 3
10447 -1.000000 3
10450 -1.000000 3
10453 -1.000000 3
10456 -1.000000 3
10459 -1.000000 3
10462 -1.000000 3
10465 -1.000000 3
10468 -1.000000 3
10471 -1.000000 3
10474 -1.000000 3
10477 -1.000000 3
10480 -1.000000 3
10483 -1.000000 3
10486 -1.000000 3
10489 -1.000000 3
10492 -1.000000 3
10495 -1.000000 3
10498 -1.000000 3
10501 -1.000000 3
10504 -1.000000 3
10507 -1.000000 3
10510 -1.000000 3
10513 -1.000000 3
10516 -1.000000 3
10519 -1.000000 3
10522 -1.000000 3
10525 -1.000000 3
10528 -1.000000 3
10531 -1.000000 3
10534 -1.000000 3
10537 -1.000000 3
10540 -1.000000 3
10543 -1.000000 3
10546 -1.000000 3
10549 -1.000000 3
10552 -1.000000 3
10555 -1.000000 3
10558 -1.000000 3
10561 -1.000000 3
10564 -1.000000 3
10567 -1.000000 3
10570 -1.000000 3
10573 -1.000000 3
10576 -1.000000 3
10579 -1.000000 3
10582 -1.000000 3
10585 -1.000000 3
10588 -1.000000 3
10591 -1.000000 3
10594 -1.000000 3
10597 -1.000000 3
10600 -1.000000 3
10603 -1.000000 3
10606 -1.000000 3
10609 -1.000000 3
10612 -1.000000 3
10615 -1.000000 3
10618 -1.000000 3
10621 -1.000000 3
10624 -1.000000 3
10627 -1.000000 3
10630 -1.000000 3
10633 -1.000000 3
10636 -1.000000 3
10639 -1.000000 3
10642 -1.000000 3
10645 -1.000000 3
10648 -1.000000 3
10651 -1.000000 3
10654 -1.000000 3
10657 -1.000000 3
10660 -1.000000 3
10663 -1.000000 3
10666 -1.000000 3
10669 -1.000000 3
10672 -1.000000 3
10675 -1.000000 3
10678 -1.000000 3
10681 -1.000000 3
10684 -1.000000 3
10687 -1.000000 3
10690 -1.000000 3
10693 -1.000000 3
10696 -1.000000 3
10699 -1.000000 3
10702 -1.000000 3
10705 -1.000000 3
10708 -1.000000 3
10711 -1.000000 3
10714 -1.000000 3
10717 -1.000000 3
10720 -1.000000 3
10723 -1.000000 3
10726 -1.000000 3
10729 -1.000000 3
10732 -1.000000 3
10735 -1.000000 3
10738 -1.000000 3
10741 -1.000000 3
10744 -1.000000 3
10747 -1.000000 3
10750 -1.000000 3
10753 -1.000000 3
10756 -1.000000 3
10759 -1.000000 3
10762 -1.000000 3
10765 -1.000000 3
10768 -1.000000 3
10771 -1.000000 3
10774 -1.000000 3
10777 -1.000000 3
10780 -1.000000 3
10783 -1.000000 3
10786 -1.000000 3
10789 -1.000000 3
10792 -1.000000 3
10795 -1.000000 3
10798 -1.000000 3
10801 -1.000000 3
10804 -1.000000 3
10807 -1.000000 3
10810 -1.000000 3
10813 -1.000000 3
10816 -1.000000 3
10819 -1.000000 3
10822 -1.000000 3
10825 -1.000000 3
10828 -1.000000 3
10831 -1.000000 3
10834 -1.000000 3
10837 -1.000000 3
10840 -1.000000 3
10843 -1.000000 3
10846 -1.000000 3
10849 -1.000000 3
10852 -1.000000 3
10855 -1.000000 3
10858 -1.000000 3
10861 -1.000000 3
10864 -1.000000 3
10867 -1.000000 3
10870 -1.000000 3
10873 -1.000000 3
10876 -1.000000 3
10879 -1.000000 3
10882 -1.000000 3
10885 -1.000000 3
10888 -1.000000 3
10891 -1.000000 3
10894 -1.000000 3
10897 -1.000000 3
10900 -1.000000 3
10903 -1.000000 3
10906 -1.000000 3
10909 -1.000000 3
10912 -1.000000 3
10915 -1.000000 3
10918 -1.000000 3
10921 -1.000000 3
10924 -1.000000 3
10927 -1.000000 3
10930 -1.000000 3
10933 -1.000000 3
10936 -1.000000 3
10939 -1.000000 3
10942 -1.000000 3
10945 -1.000000 3
10948 -1.000000 3
10951 -1.000000 3
10954 -1.000000 3
10957 -1.000000 3
10960 -1.000000 3
10963 -1.000000 3
10966 -1.000000 3
10969 -1.000000 3
10972 -1.000000 3
10975 -1.000000 3
10978 -1.000000 3
10981 -1.000000 3
10984 -1.000000 3
10987 -1.000000 3
10990 -1.000000 3
10993 -1.000000 3
10996 -1.000000 3
10999 -1.000000 3
11002 -1.000000 3
11005 -1.000000 3
11008 1.000000 3
11011 1.000000 3
11014 1.000000 3
11018 1.000000 4
11021 1.000000 3
11024 1.000000 3
11028 1.000000 4
11031 1.000000 3
11035 1.000000 4
11038 1.000000 3
11042 1.000000 4
11046 1.000000 4
11051 0.000000 5
11054 1.000000 3
11057 1.000000 3
11062 0.000000 5
11065 1.000000 3
11069 1.000000 4
11073 -1.000000 4
11076 1.000000 3
11079 1.000000 3
11084 0.000000 5
11089 0.000000 5
11092 1.000000 3
11095 1.000000 3
11098 1.000000 3
11101 1.000000 3
11105 1.000000 4
11108 1.000000 3
11111 1.000000 3
11114 1.000000 3
11118 1.000000 4
11122 1.000000 4
11125 1.000000 3
11128 1.000000 3
11131 1.000000 3
11134 1.000000 3
11137 1.000000 3
11140 -1.000000 3
11143 1.000000 3
11146 1.000000 3
11149 1.000000 3
11152 -1.000000 3
11155 1.000000 3
11158 1.000000 3
11161 1.000000 3
11164 1.000000 3
11167 1.000000 3
11170 1.000000 3
11173 1.000000 3
11176 1.000000 3
11179 1.000000 3
11183 1.000000 4
11187 1.000000 4
11190 1.000000 3
11193 1.000000 3
11197 -1.000000 4
11200 1.000000 3
11204 1.000000 4
11208 1.000000 4
11212 1.000000 4
11215 -1.000000 3
11218 1.000000 3
11221 1.000000 3
11224 1.000000 3
11227 1.000000 3
11230 -1.000000 3
11233 1.000000 3
11236 1.000000 3
11239 1.000000 3
11242 1.000000 3
11245 1.000000 3
11248 1.000000 3
11251 1.000000 3
11254 1.000000 3
11257 1.000000 3
11260 1.000000 3
11264 1.000000 4
11268 1.000000 4
11271 1.000000 3
11274 1.000000 3
11277 1.000000 3
11281 1.000000 4
11284 1.000000 3
11287 1.000000 3
11291 1.000000 4
11294 1.000000 3
11298 1.000000 4
11301 1.000000 3
11304 1.000000 3
11307 1.000000 3
11311 1.000000 4
11316 0.000000 5
11320 1.000000 4
11323 1.000000 3
11327 1.000000 4
11331 1.000000 4
11334 1.000000 3
11337 1.000000 3
11340 1.000000 3
11344 -1.000000 4
11348 1.000000 4
11353 0.000000 5
11356 1.000000 3
11359 1.000000 3
11363 1.000000 4
11366 1.000000 3
11369 1.000000 3
11372 1.000000 3
11375 1.000000 3
11378 -1.000000 3
11382 1.000000 4
11385 1.000000 3
11389 1.000000 4
11392 1.000000 3
11396 -1.000000 4
11400 1.000000 4
11403 -1.000000 3
11406 1.000000 3
11409 1.000000 3
11412 1.000000 3
11415 1.000000 3
11419 -1.000000 4
11422 1.000000 3
11425 1.000000 3
11428 1.000000 3
11431 1.000000 3
11434 1.000000 3
11437 1.000000 3
11441 1.000000 4
11445 1.000000 4
11448 1.000000 3
11451 1.000000 3
11454 1.000000 3
11457 -1.000000 3
11461 -1.000000 4
11465 1.000000 4
11468 1.000000 3
11471 1.000000 3
11474 1.000000 3
11477 1.000000 3
11480 1.000000 3
11484 1.000000 4
11488 1.000000 4
11491 1.000000 3
11494 1.000000 3
11497 1.000000 3
11500 1.000000 3
11505 0.000000 5
11508 1.000000 3
11511 1.000000 3
11515 1.000000 4
11519 -1.000000 4
11522 1.000000 3
11525 1.000000 3
11529 1.000000 4
11532 1.000000 3
11535 1.000000 3
11539 1.000000 4
11542 1.000000 3
11545 1.000000 3
11548 1.000000 3
11552 1.000000 4
11555 1.000000 3
11560 0.000000 5
11563 1.000000 3
11566 1.000000 3
11569 1.000000 3
11573 1.000000 4
11576 1.000000 3
11579 1.000000 3
11583 1.000000 4
11587 -1.000000 4
11590 1.000000 3
11594 1.000000 4
11597 -1.000000 3
11600 1.000000 3
11603 1.000000 3
11606 1.000000 3
11609 1.000000 3
11612 1.000000 3
11616 -1.000000 4
11620 1.000000 4
11623 1.000000 3
11626 1.000000 3
11629 1.000000 3
11632 1.000000 3
11635 1.000000 3
11638 1.000000 3
11641 1.000000 3
11644 1.000000 3
11647 1.000000 3
11650 1.000000 3
11653 1.000000 3
11656 1.000000 3
11660 -1.000000 4
11663 1.000000 3
11667 -1.000000 4
11671 -1.000000 4
11675 1.000000 4
11679 1.000000 4
11683 1.000000 4
11687 1.000000 4
11691 1.000000 4
11694 1.000000 3
11697 1.000000 3
11701 1.000000 4
11705 1.000000 4
11708 1.000000 3
11711 1.000000 3
11715 1.000000 4
11718 1.000000 3
11721 1.000000 3
11724 1.000000 3
11727 1.000000 3
11731 -1.000000 4
11735 1.000000 4
11738 1.000000 3
11741 1.000000 3
11745 1.000000 4
11748 1.000000 3
11751 1.000000 3
11754 1.000000 3
11757 1.000000 3
11760 1.000000 3
11765 0.000000 5
11769 1.000000 4
11773 1.000000 4
11776 -1.000000 3
11779 1.000000 3
11783 1.000000 4
11787 -1.000000 4
11790 1.000000 3
11793 1.000000 3
11796 1.000000 3
11800 1.000000 4
11804 -1.000000 4
11808 1.000000 4
11812 1.000000 4
11815 1.000000 3
11818 1.000000 3
11821 1.000000 3
11824 1.000000 3
11827 1.000000 3
11831 1.000000 4
11834 1.000000 3
11838 1.000000 4
11841 1.000000 3
11844 1.000000 3
11847 1.000000 3
11850 1.000000 3
11854 1.000000 4
11857 1.000000 3
11862 0.000000 5
11865 1.000000 3
11869 1.000000 4
11872 1.000000 3
11876 1.000000 4
11879 -1.000000 3
11882 1.000000 3
11886 1.000000 4
11889 1.000000 3
11892 1.000000 3
11896 1.000000 4
11900 1.000000 4
11905 0.000000 5
11908 1.000000 3
11911 1.000000 3
11914 1.000000 3
11918 1.000000 4
11921 1.000000 3
11924 1.000000 3
11928 -1.000000 4
11931 1.000000 3
11934 1.000000 3
11937 1.000000 3
11941 1.000000 4
11946 0.000000 5
11950 1.000000 4
11953 1.000000 3
11956 1.000000 3
11959 1.000000 3
11962 1.000000 3
11966 1.000000 4
11969 1.000000 3
11972 1.000000 3
11975 1.000000 3
11978 1.000000 3
11981 1.000000 3
11984 1.000000 3
11987 1.000000 3
11990 1.000000 3
11993 -1.000000 3
11997 1.000000 4
12000 1.000000 3
12003 1.000000 3
12006 1.000000 3
12009 1.000000 3
12012 1.000000 3
12015 1.000000 3
12018 -1.000000 3
12023 1.000000 5
12026 1.000000 3
12029 1.000000 3
12032 1.000000 3
12036 1.000000 4
12039 1.000000 3
12043 1.000000 4
12046 1.000000 3
12049 1.000000 3
12052 1.000000 3
12055 1.000000 3
12058 -1.000000 3
12062 -1.000000 4
12065 1.000000 3
12068 1.000000 3
12071 1.000000 3
12074 1.000000 3
12078 1.000000 4
12082 1.000000 4
12086 1.000000 4
12090 -1.000000 4
12094 1.000000 4
12098 1.000000 4
12101 1.000000 3
12104 1.000000 3
12108 -1.000000 4
12112 1.000000 4
12115 1.000000 3
12118 1.000000 3
12121 1.000000 3
12124 -1.000000 3
12128 1.000000 4
12131 1.000000 3
12135 1.000000 4
12138 1.000000 3
12141 1.000000 3
12145 1.000000 4
12148 1.000000 3
12152 -1.000000 4
12157 0.000000 5
12160 1.000000 3
12163 1.000000 3
12166 1.000000 3
12169 1.000000 3
12172 1.000000 3
12175 1.000000 3
12180 1.000000 5
12183 1.000000 3
12186 1.000000 3
12190 1.000000 4
12193 -1.000000 3
12197 1.000000 4
12200 1.000000 3
12203 1.000000 3
12206 1.000000 3
12211 0.000000 5
12215 1.000000 4
12220 0.000000 5
12223 1.000000 3
12226 -1.000000 3
12230 -1.000000 4
12235 0.000000 5
12238 1.000000 3
12241 1.000000 3
12244 1.000000 3
12247 1.000000 3
12251 -1.000000 4
12256 0.000000 5
12259 1.000000 3
12262 1.000000 3
12265 1.000000 3
12268 -1.000000 3
12272 1.000000 4
12276 -1.000000 4
12279 1.000000 3
12282 -1.000000 3
12287 0.000000 5
12290 1.000000 3
12293 1.000000 3
12296 1.000000 3
12299 1.000000 3
12303 1.000000 4
12307 1.000000 4
12310 1.000000 3
12313 1.000000 3
12316 1.000000 3
12319 1.000000 3
12323 1.000000 4
12326 1.000000 3
12329 -1.000000 3
12332 1.000000 3
12335 1.000000 3
12339 1.000000 4
12342 1.000000 3
12345 1.000000 3
12348 1.000000 3
12351 1.000000 3
12354 1.000000 3
12358 1.000000 4
12361 1.000000 3
12364 1.000000 3
12367 1.000000 3
12371 1.000000 4
12375 1.000000 4
12379 1.000000 4
12382 1.000000 3
12385 1.000000 3
12388 1.000000 3
12391 1.000000 3
12394 1.000000 3
12397 1.000000 3
12400 1.000000 3
12403 1.000000 3
12406 1.000000 3
12410 -1.000000 4
12413 -1.000000 3
12416 1.000000 3
12419 1.000000 3
12422 1.000000 3
12426 -1.000000 4
12430 1.000000 4
12433 1.000000 3
12437 1.000000 4
12440 1.000000 3
12443 1.000000 3
12446 -1.000000 3
12450 1.000000 4
12453 1.000000 3
12457 1.000000 4
12460 1.000000 3
12465 0.000000 5
12468 1.000000 3
12471 1.000000 3
12475 1.000000 4
12478 1.000000 3
12481 1.000000 3
12484 1.000000 3
12488 1.000000 4
12491 1.000000 3
12494 1.000000 3
12499 0.000000 5
12502 1.000000 3
12505 1.000000 3
12508 1.000000 3
12511 1.000000 3
12515 1.000000 4
12520 0.000000 5
12524 1.000000 4
12528 1.000000 4
12531 1.000000 3
12535 1.000000 4
12538 1.000000 3
12542 1.000000 4
12546 1.000000 4
12550 1.000000 4
12555 0.000000 5
12558 1.000000 3
12562 1.000000 4
12566 1.000000 4
12569 1.000000 3
12572 1.000000 3
12575 1.000000 3
12578 1.000000 3
12581 1.000000 3
12585 1.000000 4
12588 1.000000 3
12591 1.000000 3
12595 1.000000 4
12598 1.000000 3
12601 1.000000 3
12604 1.000000 3
12607 1.000000 3
12610 1.000000 3
12614 1.000000 4
12617 -1.000000 3
12622 0.000000 5
12625 1.000000 3
12628 1.000000 3
12631 1.000000 3
12634 1.000000 3
12638 1.000000 4
12641 1.000000 3
12644 1.000000 3
12649 0.000000 5
12652 1.000000 3
12657 0.000000 5
12661 1.000000 4
12664 1.000000 3
12667 1.000000 3
12670 1.000000 3
12673 1.000000 3
12676 1.000000 3
12679 1.000000 3
12682 1.000000 3
12685 1.000000 3
12688 1.000000 3
12691 1.000000 3
12694 -1.000000 3
12699 0.000000 5
12702 1.000000 3
12706 1.000000 4
12709 1.000000 3
12712 1.000000 3
12716 -1.000000 4
12720 1.000000 4
12723 1.000000 3
12726 1.000000 3
12729 1.000000 3
12732 1.000000 3
12735 -1.000000 3
12739 1.000000 4
12744 0.000000 5
12748 -1.000000 4
12751 1.000000 3
12754 -1.000000 3
12757 1.000000 3
12761 1.000000 4
12764 1.000000 3
12767 1.000000 3
12770 1.000000 3
12773 1.000000 3
12776 1.000000 3
12779 1.000000 3
12782 1.000000 3
12786 -1.000000 4
12790 -1.000000 4
12793 1.000000 3
12796 1.000000 3
12799 1.000000 3
12802 1.000000 3
12807 0.000000 5
12810 1.000000 3
12813 1.000000 3
12817 1.000000 4
12820 1.000000 3
12824 -1.000000 4
12828 1.000000 4
12831 1.000000 3
12834 1.000000 3
12837 1.000000 3
12841 1.000000 4
12844 1.000000 3
12847 1.000000 3
12852 1.000000 5
12855 1.000000 3
12859 1.000000 4
12862 1.000000 3
12865 1.000000 3
12868 1.000000 3
12871 1.000000 3
12874 1.000000 3
12877 1.000000 3
12880 1.000000 3
12883 1.000000 3
12886 1.000000 3
12889 1.000000 3
12893 -1.000000 4
12897 1.000000 4
12901 1.000000 4
12904 1.000000 3
12908 1.000000 4
12911 1.000000 3
12915 1.000000 4
12920 0.000000 5
12923 1.000000 3
12927 1.000000 4
12930 -1.000000 3
12934 -1.000000 4
12938 1.000000 4
12941 1.000000 3
12944 1.000000 3
12947 1.000000 3
12950 1.000000 3
12953 1.000000 3
12957 1.000000 4
12960 1.000000 3
12963 1.000000 3
12966 1.000000 3
12969 1.000000 3
12973 1.000000 4
12976 1.000000 3
12979 1.000000 3
12982 1.000000 3
12985 1.000000 3
12988 1.000000 3
12991 1.000000 3
12994 1.000000 3
12997 1.000000 3
13000 1.000000 3
13004 1.000000 4
13009 1.000000 5
