1 1.000000 1
2 1.000000 1
3 1.000000 1
4 1.000000 1
5 1.000000 1
6 1.000000 1
7 1.000000 1
8 1.000000 1
9 1.000000 1
10 1.000000 1
12 1.000000 2
13 1.000000 1
15 1.000000 2
16 1.000000 1
17 1.000000 1
18 1.000000 1
20 1.000000 2
21 1.000000 1
22 1.000000 1
23 1.000000 1
24 1.000000 1
25 1.000000 1
27 1.000000 2
28 1.000000 1
30 1.000000 2
31 1.000000 1
32 1.000000 1
33 1.000000 1
34 1.000000 1
35 1.000000 1
36 1.000000 1
38 1.000000 2
39 1.000000 1
40 1.000000 1
41 1.000000 1
42 1.000000 1
43 1.000000 1
44 1.000000 1
45 1.000000 1
46 1.000000 1
47 1.000000 1
48 1.000000 1
49 1.000000 1
50 1.000000 1
51 1.000000 1
52 1.000000 1
53 1.000000 1
55 1.000000 2
56 1.000000 1
57 1.000000 1
58 1.000000 1
59 1.000000 1
60 1.000000 1
61 1.000000 1
62 1.000000 1
63 1.000000 1
64 1.000000 1
65 1.000000 1
66 1.000000 1
67 1.000000 1
68 1.000000 1
69 1.000000 1
70 1.000000 1
72 1.000000 2
73 1.000000 1
75 1.000000 2
76 1.000000 1
77 1.000000 1
