687 1360.000000 687
1498 4084.000000 811
2481 3514.000000 983
2969 2013.000000 488
4072 4720.000000 1103
4666 2744.000000 594
5237 1359.000000 571
5972 688.000000 735
6524 1737.000000 552
7415 3336.000000 891
8178 1685.000000 763
9063 3229.000000 885
9452 427.000000 389
10078 404.000000 626
10563 952.000000 485
11470 1595.000000 907
12118 2703.000000 648
12914 1633.000000 796
13397 884.000000 483
13901 546.000000 504
14586 2431.000000 685
15619 5864.000000 1033
16542 2376.000000 923
17293 2413.000000 751
17899 636.000000 606
18507 2627.000000 608
18978 644.000000 471
19669 3086.000000 691
20355 1227.000000 686
20996 1956.000000 641
21647 1895.000000 651
22345 3976.000000 698
23123 2269.000000 778
23678 972.000000 555
24178 1861.000000 500
25120 4981.000000 942
25758 1654.000000 638
26396 2133.000000 638
27008 1681.000000 612
27820 2306.000000 812
28516 2963.000000 696
29084 1553.000000 568
29811 2327.000000 727
30440 2086.000000 629
31361 1290.000000 921
31895 665.000000 534
32520 2488.000000 625
33100 1174.000000 580
33747 1537.000000 647
34524 2071.000000 777
35350 1330.000000 826
35824 472.000000 474
36446 1325.000000 622
37256 2400.000000 810
37909 1416.000000 653
38472 1587.000000 563
39491 2440.000000 1019
40082 502.000000 591
40622 891.000000 540
41403 4237.000000 781
42037 3752.000000 634
42752 1387.000000 715
43462 1828.000000 710
44277 1653.000000 815
44893 792.000000 616
45974 6438.000000 1081
46751 1180.000000 777
47207 1327.000000 456
47759 862.000000 552
48376 2195.000000 617
49045 1043.000000 669
49512 839.000000 467
