3 1.000000 3
7 1.000000 4
12 0.000000 5
16 -1.000000 4
19 -1.000000 3
23 -1.000000 4
27 -1.000000 4
32 0.000000 5
37 1.000000 5
42 1.000000 5
46 -1.000000 4
49 1.000000 3
54 1.000000 5
57 -1.000000 3
61 1.000000 4
65 -1.000000 4
69 1.000000 4
74 1.000000 5
78 -1.000000 4
83 1.000000 5
88 1.000000 5
91 1.000000 3
95 1.000000 4
99 -1.000000 4
104 1.000000 5
108 -1.000000 4
113 1.000000 5
117 1.000000 4
122 1.000000 5
125 -1.000000 3
130 1.000000 5
135 1.000000 5
138 -1.000000 3
142 -1.000000 4
147 0.000000 5
151 1.000000 4
155 1.000000 4
158 1.000000 3
162 -1.000000 4
166 -1.000000 4
169 1.000000 3
174 1.000000 5
178 1.000000 4
182 1.000000 4
187 1.000000 5
190 -1.000000 3
195 0.000000 5
199 -1.000000 4
202 -1.000000 3
206 1.000000 4
211 1.000000 5
214 -1.000000 3
219 0.000000 5
223 -1.000000 4
226 1.000000 3
230 1.000000 4
234 1.000000 4
238 1.000000 4
241 1.000000 3
246 1.000000 5
249 1.000000 3
253 1.000000 4
257 1.000000 4
260 1.000000 3
265 1.000000 5
270 1.000000 5
274 1.000000 4
278 -1.000000 4
282 1.000000 4
287 0.000000 5
291 -1.000000 4
294 1.000000 3
297 1.000000 3
300 -1.000000 3
304 1.000000 4
308 -1.000000 4
312 -1.000000 4
315 -1.000000 3
319 -1.000000 4
323 -1.000000 4
327 1.000000 4
332 0.000000 5
335 -1.000000 3
339 1.000000 4
343 -1.000000 4
347 1.000000 4
352 1.000000 5
355 1.000000 3
358 1.000000 3
362 1.000000 4
367 1.000000 5
370 1.000000 3
374 -1.000000 4
377 1.000000 3
380 -1.000000 3
383 -1.000000 3
388 1.000000 5
391 1.000000 3
396 0.000000 5
400 1.000000 4
404 -1.000000 4
409 1.000000 5
414 1.000000 5
419 0.000000 5
422 1.000000 3
426 -1.000000 4
430 1.000000 4
435 1.000000 5
439 -1.000000 4
442 1.000000 3
446 1.000000 4
449 -1.000000 3
453 1.000000 4
458 1.000000 5
463 0.000000 5
466 1.000000 3
469 -1.000000 3
474 1.000000 5
478 1.000000 4
482 -1.000000 4
486 1.000000 4
490 1.000000 4
494 -1.000000 4
498 -1.000000 4
503 1.000000 5
507 1.000000 4
512 1.000000 5
516 -1.000000 4
520 -1.000000 4
524 -1.000000 4
527 1.000000 3
531 1.000000 4
535 -1.000000 4
539 -1.000000 4
542 -1.000000 3
546 1.000000 4
551 1.000000 5
555 -1.000000 4
560 1.000000 5
565 1.000000 5
570 1.000000 5
575 1.000000 5
578 -1.000000 3
582 1.000000 4
585 -1.000000 3
590 1.000000 5
595 1.000000 5
600 1.000000 5
605 1.000000 5
610 1.000000 5
614 -1.000000 4
619 1.000000 5
623 1.000000 4
628 1.000000 5
633 1.000000 5
638 0.000000 5
642 -1.000000 4
646 1.000000 4
649 -1.000000 3
653 1.000000 4
657 1.000000 4
661 1.000000 4
664 1.000000 3
668 1.000000 4
672 1.000000 4
675 1.000000 3
679 1.000000 4
683 -1.000000 4
687 -1.000000 4
691 1.000000 4
694 1.000000 3
699 1.000000 5
704 1.000000 5
709 1.000000 5
712 -1.000000 3
716 -1.000000 4
720 -1.000000 4
723 -1.000000 3
727 -1.000000 4
730 -1.000000 3
733 -1.000000 3
737 1.000000 4
741 -1.000000 4
746 1.000000 5
751 0.000000 5
756 0.000000 5
760 1.000000 4
764 1.000000 4
767 1.000000 3
770 1.000000 3
774 -1.000000 4
779 0.000000 5
783 1.000000 4
786 -1.000000 3
789 -1.000000 3
793 -1.000000 4
798 1.000000 5
802 1.000000 4
807 1.000000 5
812 1.000000 5
815 -1.000000 3
818 -1.000000 3
823 1.000000 5
826 1.000000 3
829 1.000000 3
834 1.000000 5
837 1.000000 3
842 0.000000 5
846 1.000000 4
850 1.000000 4
854 -1.000000 4
859 0.000000 5
863 -1.000000 4
867 1.000000 4
872 0.000000 5
876 -1.000000 4
881 0.000000 5
885 -1.000000 4
890 1.000000 5
894 1.000000 4
898 1.000000 4
902 1.000000 4
906 1.000000 4
911 1.000000 5
915 -1.000000 4
918 1.000000 3
922 1.000000 4
925 -1.000000 3
930 0.000000 5
935 1.000000 5
938 -1.000000 3
943 1.000000 5
947 1.000000 4
951 1.000000 4
956 0.000000 5
959 -1.000000 3
964 1.000000 5
967 1.000000 3
972 1.000000 5
977 1.000000 5
982 1.000000 5
985 -1.000000 3
990 1.000000 5
995 0.000000 5
999 -1.000000 4
1003 1.000000 4
1008 0.000000 5
1012 -1.000000 4
1016 -1.000000 4
1020 -1.000000 4
1025 0.000000 5
1029 1.000000 4
1033 1.000000 4
1037 1.000000 4
1041 -1.000000 4
1045 -1.000000 4
1050 1.000000 5
1055 1.000000 5
1058 -1.000000 3
1063 0.000000 5
1068 0.000000 5
1073 0.000000 5
1077 -1.000000 4
1081 -1.000000 4
1085 -1.000000 4
1088 -1.000000 3
1093 1.000000 5
1098 1.000000 5
1102 -1.000000 4
1107 1.000000 5
1110 -1.000000 3
1114 -1.000000 4
1119 0.000000 5
1122 -1.000000 3
1125 -1.000000 3
1130 0.000000 5
1135 1.000000 5
1138 -1.000000 3
1143 0.000000 5
1148 1.000000 5
1153 1.000000 5
1156 -1.000000 3
1161 1.000000 5
1165 1.000000 4
1169 -1.000000 4
1174 0.000000 5
1179 1.000000 5
1184 1.000000 5
1188 1.000000 4
1193 1.000000 5
1198 0.000000 5
1202 -1.000000 4
1206 -1.000000 4
1211 0.000000 5
1215 -1.000000 4
1220 0.000000 5
1224 -1.000000 4
1228 -1.000000 4
1233 1.000000 5
1237 1.000000 4
1240 -1.000000 3
1244 1.000000 4
1249 1.000000 5
1254 1.000000 5
1258 -1.000000 4
1261 -1.000000 3
1265 -1.000000 4
1268 -1.000000 3
1273 1.000000 5
1278 1.000000 5
1282 -1.000000 4
1287 1.000000 5
1291 -1.000000 4
1296 0.000000 5
1301 1.000000 5
1306 0.000000 5
1310 -1.000000 4
1315 1.000000 5
1320 0.000000 5
1324 -1.000000 4
1328 1.000000 4
1333 1.000000 5
1337 1.000000 4
1342 1.000000 5
1347 1.000000 5
1351 -1.000000 4
1356 0.000000 5
1361 1.000000 5
1366 1.000000 5
1371 1.000000 5
1376 1.000000 5
1381 1.000000 5
1386 1.000000 5
1391 1.000000 5
1396 0.000000 5
1401 1.000000 5
1405 -1.000000 4
1410 0.000000 5
1414 -1.000000 4
1418 -1.000000 4
1422 -1.000000 4
1427 0.000000 5
1432 0.000000 5
1436 -1.000000 4
1440 -1.000000 4
1445 1.000000 5
1449 -1.000000 4
1453 -1.000000 4
1457 1.000000 4
1461 -1.000000 4
1466 1.000000 5
1471 0.000000 5
1475 1.000000 4
1480 1.000000 5
1485 1.000000 5
1490 1.000000 5
1495 1.000000 5
1499 -1.000000 4
1504 1.000000 5
1509 1.000000 5
1512 -1.000000 3
1517 0.000000 5
1521 -1.000000 4
1525 1.000000 4
1530 1.000000 5
1534 -1.000000 4
1539 0.000000 5
1544 1.000000 5
1549 1.000000 5
1554 1.000000 5
1558 -1.000000 4
1562 1.000000 4
1566 -1.000000 4
1570 -1.000000 4
1573 -1.000000 3
1576 -1.000000 3
1581 1.000000 5
1586 1.000000 5
1590 -1.000000 4
1595 1.000000 5
1600 0.000000 5
1605 1.000000 5
1609 -1.000000 4
1614 0.000000 5
1619 0.000000 5
1624 1.000000 5
1629 0.000000 5
1633 -1.000000 4
1636 -1.000000 3
1640 -1.000000 4
1644 -1.000000 4
1648 -1.000000 4
1653 1.000000 5
1657 -1.000000 4
1661 1.000000 4
1666 1.000000 5
1670 1.000000 4
1675 1.000000 5
1680 0.000000 5
1684 -1.000000 4
1688 -1.000000 4
1691 -1.000000 3
1696 0.000000 5
1700 -1.000000 4
1704 -1.000000 4
1708 -1.000000 4
1711 -1.000000 3
1716 0.000000 5
1721 1.000000 5
1726 1.000000 5
1730 -1.000000 4
1734 -1.000000 4
1738 1.000000 4
1742 -1.000000 4
1746 -1.000000 4
1751 0.000000 5
1755 1.000000 4
1760 1.000000 5
1764 -1.000000 4
1769 1.000000 5
1773 -1.000000 4
1778 1.000000 5
1783 1.000000 5
1787 -1.000000 4
1791 1.000000 4
1794 -1.000000 3
1799 1.000000 5
1804 1.000000 5
1809 1.000000 5
1813 -1.000000 4
1817 -1.000000 4
1820 -1.000000 3
1824 -1.000000 4
1829 1.000000 5
1833 -1.000000 4
1838 0.000000 5
1843 1.000000 5
1846 -1.000000 3
1849 -1.000000 3
1852 -1.000000 3
1857 1.000000 5
1862 0.000000 5
1867 0.000000 5
1872 1.000000 5
1876 -1.000000 4
1880 -1.000000 4
1884 1.000000 4
1888 -1.000000 4
1893 1.000000 5
1896 -1.000000 3
1901 0.000000 5
1905 -1.000000 4
1910 0.000000 5
1915 0.000000 5
1920 0.000000 5
1925 1.000000 5
1930 0.000000 5
1934 -1.000000 4
1939 1.000000 5
1943 -1.000000 4
1948 1.000000 5
1952 -1.000000 4
1957 1.000000 5
1962 0.000000 5
1966 -1.000000 4
1970 1.000000 4
1974 -1.000000 4
1977 -1.000000 3
1980 -1.000000 3
1985 1.000000 5
1990 1.000000 5
1994 1.000000 4
1998 -1.000000 4
2003 1.000000 5
2007 -1.000000 4
2012 0.000000 5
2017 1.000000 5
2021 1.000000 4
2026 1.000000 5
2031 0.000000 5
2036 0.000000 5
2041 1.000000 5
2046 0.000000 5
2050 1.000000 4
2053 1.000000 3
2058 0.000000 5
2063 1.000000 5
2067 1.000000 4
2071 1.000000 4
2075 1.000000 4
2080 1.000000 5
2084 1.000000 4
2089 1.000000 5
2093 -1.000000 4
2097 -1.000000 4
2100 -1.000000 3
2105 0.000000 5
2109 -1.000000 4
2113 1.000000 4
2118 1.000000 5
2122 1.000000 4
2125 -1.000000 3
2128 1.000000 3
2132 -1.000000 4
2137 1.000000 5
2142 1.000000 5
2146 -1.000000 4
2150 1.000000 4
2154 1.000000 4
2158 -1.000000 4
2162 1.000000 4
2166 -1.000000 4
2170 1.000000 4
2175 1.000000 5
2179 -1.000000 4
2183 1.000000 4
2188 0.000000 5
2192 -1.000000 4
2197 1.000000 5
2202 1.000000 5
2205 1.000000 3
2209 1.000000 4
2213 -1.000000 4
2218 0.000000 5
2223 1.000000 5
2228 0.000000 5
2232 1.000000 4
2237 1.000000 5
2241 1.000000 4
2245 1.000000 4
2250 0.000000 5
2253 -1.000000 3
2258 1.000000 5
2262 1.000000 4
2266 -1.000000 4
2271 0.000000 5
2275 1.000000 4
2280 0.000000 5
2284 -1.000000 4
2289 1.000000 5
2294 1.000000 5
2299 1.000000 5
2303 1.000000 4
2307 -1.000000 4
2312 0.000000 5
2316 -1.000000 4
2321 1.000000 5
2325 -1.000000 4
2329 1.000000 4
2334 1.000000 5
2339 1.000000 5
2342 1.000000 3
2346 -1.000000 4
2350 1.000000 4
2353 -1.000000 3
2358 1.000000 5
2362 -1.000000 4
2365 -1.000000 3
2369 -1.000000 4
2373 1.000000 4
2377 1.000000 4
2381 -1.000000 4
2385 1.000000 4
2390 1.000000 5
2394 1.000000 4
2399 0.000000 5
2402 -1.000000 3
2407 1.000000 5
2411 -1.000000 4
2416 1.000000 5
2421 1.000000 5
2424 1.000000 3
2428 -1.000000 4
2433 1.000000 5
2437 -1.000000 4
2441 -1.000000 4
2446 0.000000 5
2450 1.000000 4
2454 -1.000000 4
2458 -1.000000 4
2461 1.000000 3
2466 0.000000 5
2471 0.000000 5
2474 1.000000 3
2478 -1.000000 4
2482 1.000000 4
2486 -1.000000 4
2490 -1.000000 4
2495 0.000000 5
2499 -1.000000 4
2504 0.000000 5
2509 1.000000 5
2512 1.000000 3
2517 1.000000 5
2521 1.000000 4
2525 1.000000 4
2529 -1.000000 4
2534 0.000000 5
2539 1.000000 5
2543 1.000000 4
2547 1.000000 4
2552 1.000000 5
2557 0.000000 5
2561 -1.000000 4
2565 1.000000 4
2569 -1.000000 4
2573 1.000000 4
2578 1.000000 5
2583 1.000000 5
2587 -1.000000 4
2592 1.000000 5
2596 1.000000 4
2600 -1.000000 4
2603 -1.000000 3
2607 1.000000 4
2612 1.000000 5
2616 -1.000000 4
2620 1.000000 4
2625 1.000000 5
2630 0.000000 5
2634 1.000000 4
2639 0.000000 5
2643 1.000000 4
2647 -1.000000 4
2651 1.000000 4
2655 -1.000000 4
2660 0.000000 5
2665 1.000000 5
2669 1.000000 4
2674 0.000000 5
2677 -1.000000 3
2680 -1.000000 3
2685 1.000000 5
2690 0.000000 5
2694 1.000000 4
2699 1.000000 5
2703 -1.000000 4
2708 0.000000 5
2712 1.000000 4
2716 1.000000 4
2719 1.000000 3
2723 1.000000 4
2727 1.000000 4
2731 -1.000000 4
2735 -1.000000 4
2740 1.000000 5
2743 -1.000000 3
2746 -1.000000 3
2750 1.000000 4
2753 -1.000000 3
2757 1.000000 4
2761 1.000000 4
2764 -1.000000 3
2769 0.000000 5
2773 1.000000 4
2777 -1.000000 4
2781 1.000000 4
2786 1.000000 5
2790 1.000000 4
2794 1.000000 4
2798 -1.000000 4
2802 1.000000 4
2805 1.000000 3
2810 1.000000 5
2814 -1.000000 4
2819 1.000000 5
2823 -1.000000 4
2828 1.000000 5
2832 1.000000 4
2837 1.000000 5
2841 -1.000000 4
2845 -1.000000 4
2849 1.000000 4
2854 1.000000 5
2859 0.000000 5
2862 1.000000 3
2866 1.000000 4
2871 1.000000 5
2875 1.000000 4
2879 1.000000 4
2884 0.000000 5
2889 1.000000 5
2893 1.000000 4
2898 1.000000 5
2902 1.000000 4
2905 -1.000000 3
2909 1.000000 4
2913 -1.000000 4
2918 1.000000 5
2921 -1.000000 3
2925 1.000000 4
2930 1.000000 5
2935 1.000000 5
2938 -1.000000 3
2943 1.000000 5
2947 1.000000 4
2951 -1.000000 4
2956 1.000000 5
2960 -1.000000 4
2965 1.000000 5
2969 1.000000 4
2972 -1.000000 3
2977 1.000000 5
2981 1.000000 4
2984 -1.000000 3
2988 1.000000 4
2991 1.000000 3
2995 1.000000 4
3000 1.000000 5
3005 1.000000 5
3010 0.000000 5
3015 0.000000 5
3019 1.000000 4
3024 1.000000 5
3029 1.000000 5
3034 0.000000 5
3038 -1.000000 4
3042 1.000000 4
3046 1.000000 4
3050 -1.000000 4
3053 -1.000000 3
3057 1.000000 4
3061 1.000000 4
3066 1.000000 5
3070 -1.000000 4
3073 -1.000000 3
3077 -1.000000 4
3081 -1.000000 4
3085 -1.000000 4
3089 1.000000 4
3093 1.000000 4
3097 1.000000 4
3102 1.000000 5
3106 1.000000 4
3110 1.000000 4
3115 1.000000 5
3120 0.000000 5
3124 -1.000000 4
3129 0.000000 5
3132 1.000000 3
3136 1.000000 4
3140 1.000000 4
3145 0.000000 5
3150 0.000000 5
3155 1.000000 5
3160 1.000000 5
3165 1.000000 5
3169 -1.000000 4
3174 1.000000 5
3178 -1.000000 4
3182 1.000000 4
3187 1.000000 5
3191 -1.000000 4
3195 1.000000 4
3200 1.000000 5
3205 0.000000 5
3210 1.000000 5
3214 -1.000000 4
3218 -1.000000 4
3222 -1.000000 4
3227 1.000000 5
3232 1.000000 5
3235 -1.000000 3
3238 1.000000 3
3242 -1.000000 4
3246 -1.000000 4
3250 -1.000000 4
3255 0.000000 5
3258 -1.000000 3
3261 1.000000 3
3265 -1.000000 4
3269 1.000000 4
3273 1.000000 4
3278 1.000000 5
3283 0.000000 5
3288 0.000000 5
3292 1.000000 4
3295 1.000000 3
3299 1.000000 4
3302 -1.000000 3
3307 1.000000 5
3310 -1.000000 3
3314 -1.000000 4
3317 -1.000000 3
3321 1.000000 4
3325 1.000000 4
3330 0.000000 5
3335 0.000000 5
3340 1.000000 5
3345 0.000000 5
3350 1.000000 5
3353 -1.000000 3
3357 1.000000 4
3362 1.000000 5
3367 0.000000 5
3370 1.000000 3
3373 1.000000 3
3378 1.000000 5
3383 1.000000 5
3388 1.000000 5
3393 0.000000 5
3397 1.000000 4
3400 1.000000 3
3404 -1.000000 4
3407 1.000000 3
3411 1.000000 4
3415 1.000000 4
3418 -1.000000 3
3422 -1.000000 4
3426 1.000000 4
3431 0.000000 5
3436 0.000000 5
3439 -1.000000 3
3443 1.000000 4
3448 1.000000 5
3453 1.000000 5
3456 1.000000 3
3460 -1.000000 4
3464 -1.000000 4
3467 -1.000000 3
3472 1.000000 5
3477 0.000000 5
3481 -1.000000 4
3485 -1.000000 4
3490 0.000000 5
3495 1.000000 5
3500 1.000000 5
3505 1.000000 5
3510 1.000000 5
3515 1.000000 5
3519 1.000000 4
3522 -1.000000 3
3527 1.000000 5
3532 1.000000 5
3537 1.000000 5
3541 1.000000 4
3546 0.000000 5
3551 0.000000 5
3555 -1.000000 4
3560 1.000000 5
3564 -1.000000 4
3568 1.000000 4
3572 -1.000000 4
3577 1.000000 5
3581 -1.000000 4
3585 -1.000000 4
3590 1.000000 5
3595 1.000000 5
3600 1.000000 5
3605 0.000000 5
3609 1.000000 4
3614 0.000000 5
3619 1.000000 5
3624 1.000000 5
3627 -1.000000 3
3631 1.000000 4
3636 1.000000 5
3640 1.000000 4
3645 1.000000 5
3648 -1.000000 3
3652 1.000000 4
3656 1.000000 4
3660 1.000000 4
3664 -1.000000 4
3669 1.000000 5
3672 -1.000000 3
3676 1.000000 4
3680 -1.000000 4
3683 -1.000000 3
3688 0.000000 5
3693 0.000000 5
3698 1.000000 5
3703 1.000000 5
3708 0.000000 5
3711 1.000000 3
3716 1.000000 5
