16 1.000000 16
32 1.000000 16
49 -1.000000 17
65 1.000000 16
81 -1.000000 16
97 -1.000000 16
113 1.000000 16
130 1.000000 17
146 -1.000000 16
162 -1.000000 16
178 -1.000000 16
194 -1.000000 16
211 -1.000000 17
227 -1.000000 16
243 -1.000000 16
259 1.000000 16
275 -1.000000 16
291 -1.000000 16
307 -1.000000 16
323 1.000000 16
339 1.000000 16
355 1.000000 16
371 -1.000000 16
387 1.000000 16
403 -1.000000 16
419 1.000000 16
435 1.000000 16
27435 0.000000 27000
27452 1.000000 17
54452 0.000000 27000
54468 -1.000000 16
54485 1.000000 17
54501 1.000000 16
54517 -1.000000 16
54533 -1.000000 16
54549 1.000000 16
54565 1.000000 16
54581 -1.000000 16
54597 -1.000000 16
54613 -1.000000 16
54629 -1.000000 16
54645 1.000000 16
54661 1.000000 16
