5 0.000000 5
10 1.000000 5
14 -1.000000 4
19 0.000000 5
24 0.000000 5
28 1.000000 4
32 1.000000 4
36 1.000000 4
39 -1.000000 3
43 1.000000 4
47 1.000000 4
51 1.000000 4
56 1.000000 5
61 0.000000 5
66 0.000000 5
71 0.000000 5
76 1.000000 5
80 -1.000000 4
85 1.000000 5
89 1.000000 4
94 1.000000 5
97 -1.000000 3
102 1.000000 5
106 1.000000 4
109 1.000000 3
113 1.000000 4
116 -1.000000 3
121 1.000000 5
125 1.000000 4
130 1.000000 5
135 0.000000 5
140 1.000000 5
144 1.000000 4
149 0.000000 5
153 1.000000 4
158 0.000000 5
162 1.000000 4
166 1.000000 4
170 -1.000000 4
174 -1.000000 4
178 1.000000 4
182 -1.000000 4
186 -1.000000 4
190 -1.000000 4
193 -1.000000 3
197 1.000000 4
201 1.000000 4
205 1.000000 4
209 -1.000000 4
213 1.000000 4
217 1.000000 4
222 1.000000 5
226 -1.000000 4
230 -1.000000 4
233 1.000000 3
237 -1.000000 4
241 -1.000000 4
245 1.000000 4
249 1.000000 4
253 -1.000000 4
257 1.000000 4
261 1.000000 4
265 -1.000000 4
268 1.000000 3
273 0.000000 5
278 1.000000 5
283 1.000000 5
287 1.000000 4
292 1.000000 5
297 1.000000 5
301 1.000000 4
305 -1.000000 4
310 0.000000 5
313 -1.000000 3
317 1.000000 4
321 1.000000 4
325 1.000000 4
328 -1.000000 3
331 1.000000 3
335 1.000000 4
339 -1.000000 4
344 1.000000 5
349 0.000000 5
353 1.000000 4
356 1.000000 3
361 0.000000 5
366 1.000000 5
370 -1.000000 4
374 1.000000 4
379 1.000000 5
383 -1.000000 4
388 1.000000 5
392 -1.000000 4
397 1.000000 5
401 1.000000 4
405 1.000000 4
409 1.000000 4
412 -1.000000 3
416 1.000000 4
420 -1.000000 4
425 0.000000 5
428 -1.000000 3
432 1.000000 4
436 1.000000 4
440 1.000000 4
444 1.000000 4
447 1.000000 3
451 1.000000 4
455 -1.000000 4
459 1.000000 4
463 -1.000000 4
466 -1.000000 3
470 -1.000000 4
473 -1.000000 3
476 1.000000 3
479 -1.000000 3
482 1.000000 3
485 -1.000000 3
489 1.000000 4
494 1.000000 5
499 0.000000 5
504 1.000000 5
509 1.000000 5
514 1.000000 5
518 1.000000 4
521 1.000000 3
525 -1.000000 4
529 1.000000 4
534 0.000000 5
539 1.000000 5
543 -1.000000 4
547 1.000000 4
551 1.000000 4
556 1.000000 5
560 -1.000000 4
565 1.000000 5
569 -1.000000 4
573 1.000000 4
578 1.000000 5
581 1.000000 3
585 1.000000 4
589 1.000000 4
592 1.000000 3
595 -1.000000 3
600 1.000000 5
604 1.000000 4
609 1.000000 5
613 -1.000000 4
617 1.000000 4
621 1.000000 4
625 -1.000000 4
629 1.000000 4
633 1.000000 4
637 1.000000 4
641 -1.000000 4
646 0.000000 5
651 0.000000 5
654 1.000000 3
658 -1.000000 4
663 1.000000 5
667 1.000000 4
672 1.000000 5
676 1.000000 4
680 1.000000 4
683 1.000000 3
688 1.000000 5
692 -1.000000 4
695 -1.000000 3
700 1.000000 5
705 0.000000 5
710 1.000000 5
715 1.000000 5
720 1.000000 5
725 0.000000 5
729 -1.000000 4
732 -1.000000 3
736 -1.000000 4
740 1.000000 4
744 1.000000 4
748 1.000000 4
753 1.000000 5
757 1.000000 4
761 1.000000 4
764 1.000000 3
769 0.000000 5
774 1.000000 5
777 -1.000000 3
781 -1.000000 4
785 -1.000000 4
790 1.000000 5
794 1.000000 4
798 1.000000 4
803 1.000000 5
808 1.000000 5
812 -1.000000 4
817 1.000000 5
822 0.000000 5
827 1.000000 5
830 1.000000 3
833 1.000000 3
836 -1.000000 3
840 1.000000 4
844 1.000000 4
848 1.000000 4
852 -1.000000 4
856 -1.000000 4
861 1.000000 5
864 -1.000000 3
869 1.000000 5
872 1.000000 3
875 1.000000 3
879 -1.000000 4
884 1.000000 5
888 1.000000 4
893 1.000000 5
897 -1.000000 4
901 1.000000 4
906 0.000000 5
911 1.000000 5
915 1.000000 4
919 -1.000000 4
923 1.000000 4
928 1.000000 5
933 0.000000 5
937 1.000000 4
941 1.000000 4
945 -1.000000 4
950 0.000000 5
955 1.000000 5
959 1.000000 4
964 0.000000 5
969 1.000000 5
973 -1.000000 4
977 1.000000 4
981 1.000000 4
986 1.000000 5
990 1.000000 4
995 0.000000 5
1000 1.000000 5
1005 1.000000 5
1008 -1.000000 3
1013 1.000000 5
1017 1.000000 4
1021 -1.000000 4
1025 1.000000 4
1029 1.000000 4
1034 0.000000 5
1038 1.000000 4
1041 1.000000 3
1046 0.000000 5
1051 1.000000 5
1055 1.000000 4
1059 1.000000 4
1064 1.000000 5
1068 1.000000 4
1073 1.000000 5
1078 0.000000 5
1082 1.000000 4
1086 -1.000000 4
1090 -1.000000 4
1093 -1.000000 3
1098 1.000000 5
1102 -1.000000 4
1106 1.000000 4
1109 1.000000 3
1113 1.000000 4
1117 1.000000 4
1121 1.000000 4
1125 1.000000 4
1130 0.000000 5
1133 1.000000 3
1136 -1.000000 3
1140 -1.000000 4
1145 1.000000 5
1150 1.000000 5
1153 -1.000000 3
1157 1.000000 4
1161 1.000000 4
1166 0.000000 5
1171 1.000000 5
1175 1.000000 4
1180 1.000000 5
1185 0.000000 5
1190 1.000000 5
1194 -1.000000 4
1198 -1.000000 4
1201 1.000000 3
1206 0.000000 5
1209 -1.000000 3
1213 1.000000 4
1216 -1.000000 3
1220 1.000000 4
1223 -1.000000 3
1228 1.000000 5
1232 1.000000 4
1237 0.000000 5
1241 1.000000 4
1245 1.000000 4
1249 -1.000000 4
1253 -1.000000 4
1258 1.000000 5
1261 1.000000 3
1266 1.000000 5
1270 1.000000 4
1274 1.000000 4
1278 1.000000 4
1282 -1.000000 4
1287 1.000000 5
1291 -1.000000 4
1295 1.000000 4
1298 1.000000 3
1301 1.000000 3
1306 1.000000 5
1310 1.000000 4
1314 -1.000000 4
1319 0.000000 5
1323 1.000000 4
1327 1.000000 4
1332 1.000000 5
1337 0.000000 5
1342 1.000000 5
1347 0.000000 5
1351 -1.000000 4
1355 -1.000000 4
1360 1.000000 5
1365 1.000000 5
1369 1.000000 4
1374 1.000000 5
1377 -1.000000 3
1381 1.000000 4
1385 1.000000 4
1390 0.000000 5
1394 -1.000000 4
1398 -1.000000 4
1401 -1.000000 3
1405 -1.000000 4
1410 1.000000 5
1414 -1.000000 4
1419 1.000000 5
1423 1.000000 4
1428 0.000000 5
1433 1.000000 5
1438 0.000000 5
1443 0.000000 5
1447 1.000000 4
1451 1.000000 4
1456 1.000000 5
1461 1.000000 5
1466 0.000000 5
1469 -1.000000 3
1474 1.000000 5
1478 -1.000000 4
1481 -1.000000 3
1484 1.000000 3
1489 1.000000 5
1493 1.000000 4
1497 -1.000000 4
1501 1.000000 4
1506 1.000000 5
1511 1.000000 5
1516 0.000000 5
1521 1.000000 5
1525 1.000000 4
1529 -1.000000 4
1534 1.000000 5
1538 -1.000000 4
1542 1.000000 4
1547 1.000000 5
1552 0.000000 5
1557 0.000000 5
1561 -1.000000 4
1565 -1.000000 4
1570 0.000000 5
1574 -1.000000 4
1579 0.000000 5
1584 1.000000 5
1589 1.000000 5
1593 1.000000 4
1597 -1.000000 4
1601 1.000000 4
1606 1.000000 5
1610 -1.000000 4
1613 1.000000 3
1617 -1.000000 4
1622 0.000000 5
1626 1.000000 4
1629 -1.000000 3
1633 -1.000000 4
1637 1.000000 4
1640 -1.000000 3
1645 1.000000 5
1649 1.000000 4
1653 1.000000 4
1658 1.000000 5
1662 -1.000000 4
1666 1.000000 4
1669 1.000000 3
1674 1.000000 5
1679 1.000000 5
1683 1.000000 4
1687 -1.000000 4
1691 -1.000000 4
1695 1.000000 4
1699 -1.000000 4
1703 1.000000 4
1706 1.000000 3
1711 1.000000 5
1715 -1.000000 4
1720 1.000000 5
1724 1.000000 4
1729 1.000000 5
1733 -1.000000 4
1737 1.000000 4
1740 1.000000 3
1743 1.000000 3
1748 0.000000 5
1752 1.000000 4
1757 1.000000 5
1761 1.000000 4
1766 0.000000 5
1770 -1.000000 4
1774 -1.000000 4
1777 1.000000 3
1781 -1.000000 4
1784 1.000000 3
1789 0.000000 5
1793 -1.000000 4
1798 1.000000 5
1802 -1.000000 4
1806 1.000000 4
1811 1.000000 5
1816 1.000000 5
1819 -1.000000 3
1822 1.000000 3
1827 0.000000 5
1830 -1.000000 3
1834 -1.000000 4
1838 1.000000 4
1841 1.000000 3
1845 -1.000000 4
1849 1.000000 4
1853 -1.000000 4
1856 -1.000000 3
1861 1.000000 5
1865 1.000000 4
1868 -1.000000 3
1873 0.000000 5
1877 1.000000 4
1881 1.000000 4
1884 1.000000 3
1889 1.000000 5
1893 -1.000000 4
1898 1.000000 5
1903 0.000000 5
1908 0.000000 5
1911 -1.000000 3
1915 1.000000 4
1920 0.000000 5
1925 1.000000 5
1929 1.000000 4
1933 1.000000 4
1938 1.000000 5
1943 1.000000 5
1946 1.000000 3
1950 1.000000 4
1954 1.000000 4
1957 1.000000 3
1961 -1.000000 4
1965 1.000000 4
1968 1.000000 3
1973 1.000000 5
1977 -1.000000 4
1981 1.000000 4
1985 -1.000000 4
1990 0.000000 5
1995 1.000000 5
1998 1.000000 3
2003 1.000000 5
2007 -1.000000 4
2012 1.000000 5
2015 -1.000000 3
2020 0.000000 5
2024 -1.000000 4
2029 1.000000 5
2032 1.000000 3
2036 -1.000000 4
2039 -1.000000 3
2043 1.000000 4
2047 1.000000 4
2052 1.000000 5
2056 1.000000 4
2060 1.000000 4
2064 -1.000000 4
2068 -1.000000 4
2073 1.000000 5
2077 1.000000 4
2082 1.000000 5
2086 -1.000000 4
2091 1.000000 5
2096 1.000000 5
2100 1.000000 4
2105 1.000000 5
2108 1.000000 3
2112 1.000000 4
2116 1.000000 4
2120 1.000000 4
2124 1.000000 4
2127 1.000000 3
2131 1.000000 4
2135 1.000000 4
2138 1.000000 3
2142 1.000000 4
2147 1.000000 5
2151 1.000000 4
2154 1.000000 3
2158 1.000000 4
2163 1.000000 5
2168 1.000000 5
2172 -1.000000 4
2176 -1.000000 4
2181 1.000000 5
2184 -1.000000 3
2188 1.000000 4
2193 1.000000 5
2196 -1.000000 3
2199 1.000000 3
2204 1.000000 5
2208 1.000000 4
2212 -1.000000 4
2215 1.000000 3
2220 1.000000 5
2224 1.000000 4
2228 1.000000 4
2232 1.000000 4
2236 1.000000 4
2240 -1.000000 4
2245 0.000000 5
2248 1.000000 3
2253 0.000000 5
2257 -1.000000 4
2261 1.000000 4
2264 1.000000 3
2267 -1.000000 3
2271 1.000000 4
2275 -1.000000 4
2280 1.000000 5
2284 -1.000000 4
2289 0.000000 5
2294 1.000000 5
2297 1.000000 3
2302 1.000000 5
2307 0.000000 5
2311 1.000000 4
2314 -1.000000 3
2318 -1.000000 4
2321 -1.000000 3
2325 1.000000 4
2330 1.000000 5
2333 -1.000000 3
2338 1.000000 5
2343 1.000000 5
2348 0.000000 5
2352 1.000000 4
2356 -1.000000 4
2360 -1.000000 4
2363 1.000000 3
2368 0.000000 5
2371 -1.000000 3
2374 1.000000 3
2378 1.000000 4
2383 1.000000 5
2387 1.000000 4
2391 -1.000000 4
2395 1.000000 4
2399 -1.000000 4
2403 -1.000000 4
2406 -1.000000 3
2411 0.000000 5
2414 1.000000 3
2418 1.000000 4
2422 1.000000 4
2426 1.000000 4
2431 1.000000 5
2434 1.000000 3
2437 1.000000 3
2441 1.000000 4
2446 1.000000 5
2450 -1.000000 4
2454 1.000000 4
2458 1.000000 4
2463 1.000000 5
2467 -1.000000 4
2470 1.000000 3
2473 1.000000 3
2478 0.000000 5
2483 1.000000 5
2487 1.000000 4
2491 1.000000 4
2496 1.000000 5
2501 0.000000 5
2506 1.000000 5
2511 1.000000 5
2515 1.000000 4
2518 1.000000 3
2522 1.000000 4
2526 1.000000 4
2531 1.000000 5
2536 1.000000 5
2540 -1.000000 4
2545 1.000000 5
2549 -1.000000 4
2553 1.000000 4
2558 0.000000 5
2561 1.000000 3
2565 1.000000 4
2570 1.000000 5
2573 -1.000000 3
2577 1.000000 4
2581 -1.000000 4
2585 -1.000000 4
2590 0.000000 5
2594 -1.000000 4
2598 -1.000000 4
2602 1.000000 4
2605 1.000000 3
2609 1.000000 4
2613 1.000000 4
2616 1.000000 3
2621 1.000000 5
2625 -1.000000 4
2630 1.000000 5
2633 -1.000000 3
2637 1.000000 4
2642 1.000000 5
2647 0.000000 5
2650 -1.000000 3
2653 -1.000000 3
2658 1.000000 5
2662 1.000000 4
2665 1.000000 3
2669 1.000000 4
2674 0.000000 5
2678 1.000000 4
2681 -1.000000 3
2685 -1.000000 4
2688 1.000000 3
2692 1.000000 4
2697 1.000000 5
2702 0.000000 5
2706 1.000000 4
2709 1.000000 3
2713 -1.000000 4
2717 1.000000 4
2721 -1.000000 4
2726 1.000000 5
2731 1.000000 5
2736 1.000000 5
2740 -1.000000 4
2744 -1.000000 4
2749 1.000000 5
2754 0.000000 5
2758 1.000000 4
2762 1.000000 4
2766 -1.000000 4
2770 1.000000 4
2775 1.000000 5
2779 1.000000 4
2783 -1.000000 4
2788 0.000000 5
2793 1.000000 5
2798 0.000000 5
2801 -1.000000 3
2805 1.000000 4
2809 1.000000 4
2814 1.000000 5
2818 1.000000 4
2822 1.000000 4
2827 1.000000 5
2830 -1.000000 3
2834 -1.000000 4
2838 -1.000000 4
2842 1.000000 4
2845 -1.000000 3
2849 1.000000 4
2853 -1.000000 4
2858 1.000000 5
2861 1.000000 3
2865 -1.000000 4
2869 1.000000 4
2873 -1.000000 4
2876 -1.000000 3
2881 0.000000 5
2885 1.000000 4
2890 1.000000 5
2894 1.000000 4
2898 1.000000 4
2902 1.000000 4
2906 1.000000 4
2909 1.000000 3
2913 -1.000000 4
2917 -1.000000 4
2922 1.000000 5
2926 1.000000 4
2931 0.000000 5
2936 1.000000 5
2940 1.000000 4
2944 1.000000 4
2948 -1.000000 4
2952 1.000000 4
2957 1.000000 5
2961 -1.000000 4
2966 1.000000 5
2971 0.000000 5
2976 1.000000 5
2981 1.000000 5
2985 1.000000 4
2988 -1.000000 3
2992 1.000000 4
2996 -1.000000 4
3000 1.000000 4
3004 -1.000000 4
3008 1.000000 4
3012 1.000000 4
3016 1.000000 4
3020 -1.000000 4
3024 1.000000 4
3029 0.000000 5
3033 -1.000000 4
3037 -1.000000 4
3042 0.000000 5
3046 1.000000 4
3049 -1.000000 3
3053 -1.000000 4
3056 1.000000 3
3061 1.000000 5
3066 0.000000 5
3069 -1.000000 3
3073 1.000000 4
3077 -1.000000 4
3082 1.000000 5
3085 1.000000 3
3090 0.000000 5
3095 1.000000 5
3099 -1.000000 4
3103 -1.000000 4
3108 1.000000 5
3112 1.000000 4
3117 1.000000 5
3121 1.000000 4
3125 1.000000 4
3129 1.000000 4
3133 1.000000 4
3136 -1.000000 3
3139 -1.000000 3
3142 -1.000000 3
3145 1.000000 3
3149 1.000000 4
3152 -1.000000 3
3156 1.000000 4
3159 -1.000000 3
3164 1.000000 5
3168 1.000000 4
3172 1.000000 4
3176 1.000000 4
3179 -1.000000 3
3184 0.000000 5
3187 -1.000000 3
3191 1.000000 4
3195 -1.000000 4
3199 1.000000 4
3202 1.000000 3
3206 1.000000 4
3211 1.000000 5
3215 -1.000000 4
3218 -1.000000 3
3223 0.000000 5
3228 1.000000 5
3232 1.000000 4
3237 0.000000 5
3242 1.000000 5
3247 0.000000 5
3252 1.000000 5
3257 0.000000 5
3260 -1.000000 3
3264 -1.000000 4
3268 1.000000 4
3273 0.000000 5
3277 1.000000 4
3280 -1.000000 3
3284 -1.000000 4
3287 1.000000 3
3291 1.000000 4
3295 1.000000 4
3299 -1.000000 4
3303 -1.000000 4
3307 1.000000 4
3310 1.000000 3
3314 -1.000000 4
3318 -1.000000 4
3321 -1.000000 3
3325 1.000000 4
3329 -1.000000 4
3332 1.000000 3
3336 -1.000000 4
3340 1.000000 4
3343 1.000000 3
3348 1.000000 5
3351 -1.000000 3
3356 1.000000 5
3359 -1.000000 3
3363 -1.000000 4
3367 -1.000000 4
3370 -1.000000 3
3373 -1.000000 3
3377 1.000000 4
3381 -1.000000 4
3385 1.000000 4
3390 1.000000 5
3393 1.000000 3
3397 1.000000 4
3401 1.000000 4
3406 1.000000 5
3411 0.000000 5
3416 1.000000 5
3421 1.000000 5
3425 -1.000000 4
3430 1.000000 5
3434 -1.000000 4
3439 0.000000 5
3443 -1.000000 4
3448 1.000000 5
3452 1.000000 4
3456 -1.000000 4
3461 0.000000 5
3465 -1.000000 4
3470 1.000000 5
3475 1.000000 5
3480 0.000000 5
3483 -1.000000 3
3487 -1.000000 4
3490 -1.000000 3
3493 -1.000000 3
3496 1.000000 3
