4 -1.000000 4
9 1.000000 5
13 1.000000 4
17 -1.000000 4
21 -1.000000 4
25 -1.000000 4
30 0.000000 5
35 1.000000 5
38 1.000000 3
43 0.000000 5
47 1.000000 4
51 1.000000 4
55 -1.000000 4
60 0.000000 5
63 -1.000000 3
66 1.000000 3
71 0.000000 5
75 1.000000 4
78 1.000000 3
83 1.000000 5
86 -1.000000 3
90 -1.000000 4
94 1.000000 4
99 0.000000 5
104 0.000000 5
108 1.000000 4
112 1.000000 4
116 1.000000 4
121 1.000000 5
125 -1.000000 4
130 1.000000 5
134 -1.000000 4
139 1.000000 5
142 -1.000000 3
146 1.000000 4
151 1.000000 5
154 -1.000000 3
159 1.000000 5
162 -1.000000 3
167 1.000000 5
171 -1.000000 4
175 -1.000000 4
179 -1.000000 4
184 0.000000 5
188 -1.000000 4
191 -1.000000 3
195 -1.000000 4
199 -1.000000 4
203 1.000000 4
207 1.000000 4
211 -1.000000 4
215 -1.000000 4
219 1.000000 4
222 1.000000 3
226 -1.000000 4
230 1.000000 4
234 1.000000 4
239 1.000000 5
244 1.000000 5
248 -1.000000 4
253 1.000000 5
257 1.000000 4
261 1.000000 4
266 0.000000 5
271 0.000000 5
276 1.000000 5
279 -1.000000 3
282 -1.000000 3
287 1.000000 5
292 1.000000 5
297 1.000000 5
301 1.000000 4
306 1.000000 5
310 -1.000000 4
314 -1.000000 4
319 0.000000 5
322 1.000000 3
326 1.000000 4
330 -1.000000 4
333 -1.000000 3
338 1.000000 5
343 0.000000 5
347 1.000000 4
352 0.000000 5
356 1.000000 4
361 1.000000 5
366 1.000000 5
371 1.000000 5
376 1.000000 5
380 1.000000 4
383 1.000000 3
387 -1.000000 4
392 1.000000 5
396 1.000000 4
400 -1.000000 4
403 -1.000000 3
406 -1.000000 3
410 1.000000 4
414 1.000000 4
419 0.000000 5
423 1.000000 4
428 1.000000 5
432 -1.000000 4
437 0.000000 5
442 1.000000 5
447 0.000000 5
451 1.000000 4
456 0.000000 5
461 1.000000 5
464 1.000000 3
467 1.000000 3
472 1.000000 5
475 -1.000000 3
478 1.000000 3
481 1.000000 3
486 1.000000 5
489 1.000000 3
493 1.000000 4
497 -1.000000 4
502 1.000000 5
506 1.000000 4
511 1.000000 5
516 1.000000 5
521 1.000000 5
524 -1.000000 3
528 -1.000000 4
532 1.000000 4
537 1.000000 5
540 -1.000000 3
545 1.000000 5
549 1.000000 4
553 1.000000 4
557 -1.000000 4
561 1.000000 4
565 1.000000 4
568 -1.000000 3
571 1.000000 3
575 1.000000 4
579 -1.000000 4
583 -1.000000 4
587 -1.000000 4
592 0.000000 5
597 1.000000 5
602 0.000000 5
606 1.000000 4
609 1.000000 3
613 1.000000 4
617 1.000000 4
621 -1.000000 4
626 0.000000 5
630 -1.000000 4
634 1.000000 4
639 1.000000 5
644 1.000000 5
649 1.000000 5
654 0.000000 5
658 1.000000 4
662 1.000000 4
666 1.000000 4
671 0.000000 5
674 1.000000 3
678 -1.000000 4
681 -1.000000 3
685 1.000000 4
690 0.000000 5
695 1.000000 5
698 1.000000 3
702 -1.000000 4
705 1.000000 3
708 1.000000 3
712 1.000000 4
717 1.000000 5
721 -1.000000 4
725 1.000000 4
729 -1.000000 4
733 1.000000 4
737 -1.000000 4
740 -1.000000 3
744 -1.000000 4
748 1.000000 4
753 1.000000 5
756 1.000000 3
760 1.000000 4
764 1.000000 4
768 -1.000000 4
773 1.000000 5
777 1.000000 4
780 -1.000000 3
783 -1.000000 3
788 0.000000 5
793 0.000000 5
797 1.000000 4
802 0.000000 5
806 1.000000 4
810 1.000000 4
814 -1.000000 4
817 -1.000000 3
821 1.000000 4
825 -1.000000 4
830 1.000000 5
833 1.000000 3
836 1.000000 3
841 1.000000 5
846 1.000000 5
850 -1.000000 4
855 0.000000 5
858 -1.000000 3
863 0.000000 5
867 1.000000 4
871 1.000000 4
876 1.000000 5
881 0.000000 5
886 1.000000 5
891 1.000000 5
896 1.000000 5
901 0.000000 5
905 -1.000000 4
910 1.000000 5
914 1.000000 4
917 1.000000 3
920 -1.000000 3
923 1.000000 3
927 1.000000 4
932 1.000000 5
937 0.000000 5
940 -1.000000 3
944 1.000000 4
949 1.000000 5
953 -1.000000 4
957 -1.000000 4
961 1.000000 4
966 1.000000 5
969 1.000000 3
972 1.000000 3
975 1.000000 3
979 1.000000 4
982 -1.000000 3
986 -1.000000 4
991 0.000000 5
996 0.000000 5
1000 -1.000000 4
1005 0.000000 5
1009 -1.000000 4
1014 1.000000 5
1019 0.000000 5
1022 -1.000000 3
1026 1.000000 4
1030 -1.000000 4
1034 -1.000000 4
1039 1.000000 5
1044 0.000000 5
1047 1.000000 3
1051 1.000000 4
1056 1.000000 5
1059 -1.000000 3
1062 -1.000000 3
1066 -1.000000 4
1069 -1.000000 3
1073 1.000000 4
1078 0.000000 5
1083 0.000000 5
1087 1.000000 4
1092 1.000000 5
1095 1.000000 3
1098 -1.000000 3
1103 1.000000 5
1107 1.000000 4
1112 1.000000 5
1116 -1.000000 4
1120 -1.000000 4
1124 1.000000 4
1129 1.000000 5
1132 1.000000 3
1136 1.000000 4
1140 -1.000000 4
1145 1.000000 5
1150 1.000000 5
1155 1.000000 5
1160 0.000000 5
1165 1.000000 5
1170 1.000000 5
1174 1.000000 4
1177 -1.000000 3
1182 0.000000 5
1186 -1.000000 4
1190 1.000000 4
1195 1.000000 5
1199 -1.000000 4
1203 -1.000000 4
1208 1.000000 5
1211 -1.000000 3
1215 -1.000000 4
1218 -1.000000 3
1221 -1.000000 3
1226 1.000000 5
1230 1.000000 4
1235 1.000000 5
1238 1.000000 3
1243 1.000000 5
1247 -1.000000 4
1252 1.000000 5
1255 1.000000 3
1258 -1.000000 3
1263 1.000000 5
1268 0.000000 5
1271 -1.000000 3
1276 0.000000 5
1281 1.000000 5
1285 -1.000000 4
1288 -1.000000 3
1292 1.000000 4
1296 -1.000000 4
1300 -1.000000 4
1304 1.000000 4
1307 1.000000 3
1310 -1.000000 3
1315 0.000000 5
1320 0.000000 5
1324 1.000000 4
1329 1.000000 5
1333 1.000000 4
1338 0.000000 5
1342 1.000000 4
1347 0.000000 5
1351 1.000000 4
1356 1.000000 5
1360 -1.000000 4
1365 0.000000 5
1369 -1.000000 4
1373 1.000000 4
1378 1.000000 5
1382 1.000000 4
1386 1.000000 4
1389 -1.000000 3
1392 -1.000000 3
1395 -1.000000 3
1399 -1.000000 4
1403 -1.000000 4
1408 1.000000 5
1412 1.000000 4
1417 1.000000 5
1421 -1.000000 4
1425 1.000000 4
1429 1.000000 4
1434 0.000000 5
1438 -1.000000 4
1442 -1.000000 4
1446 -1.000000 4
1449 1.000000 3
1454 0.000000 5
1459 1.000000 5
1463 1.000000 4
1467 -1.000000 4
1471 1.000000 4
1476 1.000000 5
1481 1.000000 5
1484 -1.000000 3
1487 1.000000 3
1491 -1.000000 4
1495 -1.000000 4
1500 1.000000 5
1504 -1.000000 4
1507 -1.000000 3
1511 1.000000 4
1516 0.000000 5
1521 1.000000 5
1525 -1.000000 4
1529 1.000000 4
1534 0.000000 5
1539 0.000000 5
1542 1.000000 3
1546 -1.000000 4
1550 1.000000 4
1555 0.000000 5
1560 0.000000 5
1564 1.000000 4
1568 -1.000000 4
1573 0.000000 5
1577 -1.000000 4
1582 0.000000 5
1586 1.000000 4
1590 1.000000 4
1594 -1.000000 4
1599 1.000000 5
1604 0.000000 5
1609 0.000000 5
1613 -1.000000 4
1616 1.000000 3
1621 1.000000 5
1624 -1.000000 3
1627 1.000000 3
1631 1.000000 4
1636 1.000000 5
1641 1.000000 5
1646 1.000000 5
1650 1.000000 4
1655 1.000000 5
1658 1.000000 3
1663 1.000000 5
1668 0.000000 5
1671 1.000000 3
1676 1.000000 5
1680 1.000000 4
1683 1.000000 3
1686 -1.000000 3
1689 -1.000000 3
1693 -1.000000 4
1697 1.000000 4
1700 -1.000000 3
1704 1.000000 4
1708 1.000000 4
1712 -1.000000 4
1717 1.000000 5
1722 1.000000 5
1726 -1.000000 4
1730 1.000000 4
1735 0.000000 5
1740 1.000000 5
1743 -1.000000 3
1748 0.000000 5
1752 -1.000000 4
1756 -1.000000 4
1761 1.000000 5
1765 -1.000000 4
1770 1.000000 5
1774 1.000000 4
1778 1.000000 4
1781 -1.000000 3
1786 1.000000 5
1790 1.000000 4
1793 1.000000 3
1797 1.000000 4
1800 1.000000 3
1804 1.000000 4
1809 1.000000 5
1814 0.000000 5
1818 -1.000000 4
1822 1.000000 4
1827 0.000000 5
1832 1.000000 5
1837 1.000000 5
1841 -1.000000 4
1846 0.000000 5
1850 1.000000 4
1855 1.000000 5
1860 1.000000 5
1864 1.000000 4
1868 -1.000000 4
1872 1.000000 4
1876 -1.000000 4
1879 1.000000 3
1883 1.000000 4
1886 1.000000 3
1890 1.000000 4
1894 1.000000 4
1899 0.000000 5
1904 0.000000 5
1907 -1.000000 3
1911 -1.000000 4
1916 1.000000 5
1920 -1.000000 4
1924 1.000000 4
1928 1.000000 4
1933 0.000000 5
1937 -1.000000 4
1941 1.000000 4
1946 1.000000 5
1949 1.000000 3
1954 0.000000 5
1958 -1.000000 4
1961 1.000000 3
1966 1.000000 5
1969 -1.000000 3
1973 1.000000 4
1978 1.000000 5
1982 1.000000 4
1985 1.000000 3
1990 1.000000 5
1994 1.000000 4
1998 1.000000 4
2001 -1.000000 3
2006 0.000000 5
2010 1.000000 4
2015 1.000000 5
2018 -1.000000 3
2022 -1.000000 4
2026 1.000000 4
2030 1.000000 4
2035 1.000000 5
2038 1.000000 3
2041 1.000000 3
2045 -1.000000 4
2050 1.000000 5
2054 -1.000000 4
2058 -1.000000 4
2061 -1.000000 3
2066 1.000000 5
2069 -1.000000 3
2072 -1.000000 3
2076 1.000000 4
2081 1.000000 5
2085 -1.000000 4
2090 1.000000 5
2095 1.000000 5
2100 1.000000 5
2105 1.000000 5
2110 1.000000 5
2115 1.000000 5
2118 -1.000000 3
2121 -1.000000 3
2125 -1.000000 4
2130 1.000000 5
2134 1.000000 4
2139 1.000000 5
2143 1.000000 4
2148 0.000000 5
2152 1.000000 4
2156 1.000000 4
2161 1.000000 5
2166 1.000000 5
2170 -1.000000 4
2173 1.000000 3
2177 -1.000000 4
2180 1.000000 3
2183 -1.000000 3
2187 1.000000 4
2191 -1.000000 4
2196 1.000000 5
2201 1.000000 5
2206 1.000000 5
2210 -1.000000 4
2215 0.000000 5
2219 1.000000 4
2224 1.000000 5
2228 -1.000000 4
2233 1.000000 5
2237 -1.000000 4
2241 -1.000000 4
2246 0.000000 5
2251 1.000000 5
2256 1.000000 5
2261 1.000000 5
2266 1.000000 5
2269 -1.000000 3
2273 -1.000000 4
2277 -1.000000 4
2281 1.000000 4
2285 -1.000000 4
2290 1.000000 5
2295 1.000000 5
2299 1.000000 4
2303 1.000000 4
2307 1.000000 4
2311 -1.000000 4
2315 1.000000 4
2319 -1.000000 4
2323 1.000000 4
2327 1.000000 4
2332 0.000000 5
2336 -1.000000 4
2340 1.000000 4
2344 -1.000000 4
2348 1.000000 4
2351 -1.000000 3
2355 -1.000000 4
2359 1.000000 4
2363 -1.000000 4
2367 -1.000000 4
2371 -1.000000 4
2375 -1.000000 4
2380 1.000000 5
2384 1.000000 4
2388 -1.000000 4
2393 0.000000 5
2397 1.000000 4
2402 1.000000 5
2407 1.000000 5
2410 1.000000 3
2414 -1.000000 4
2418 1.000000 4
2422 -1.000000 4
2425 -1.000000 3
2429 -1.000000 4
2432 1.000000 3
2435 1.000000 3
2439 -1.000000 4
2444 1.000000 5
2448 -1.000000 4
2452 -1.000000 4
2456 -1.000000 4
2461 1.000000 5
2465 1.000000 4
2470 1.000000 5
2474 1.000000 4
2477 1.000000 3
2482 0.000000 5
2485 1.000000 3
2489 1.000000 4
2494 1.000000 5
2498 1.000000 4
2501 1.000000 3
2504 -1.000000 3
2508 -1.000000 4
2513 0.000000 5
2516 -1.000000 3
2520 1.000000 4
2524 1.000000 4
2527 1.000000 3
2531 1.000000 4
2536 0.000000 5
2541 0.000000 5
2546 0.000000 5
2551 0.000000 5
2555 -1.000000 4
2560 0.000000 5
2564 1.000000 4
2568 1.000000 4
2573 1.000000 5
2577 1.000000 4
2580 1.000000 3
2584 1.000000 4
2589 1.000000 5
2592 -1.000000 3
2596 1.000000 4
2600 1.000000 4
2605 0.000000 5
2610 1.000000 5
2613 -1.000000 3
2617 -1.000000 4
2622 1.000000 5
2626 -1.000000 4
2630 1.000000 4
2635 1.000000 5
2639 1.000000 4
2643 1.000000 4
2647 -1.000000 4
2651 1.000000 4
2655 1.000000 4
2659 -1.000000 4
2664 1.000000 5
2668 1.000000 4
2671 1.000000 3
2676 1.000000 5
2681 1.000000 5
2686 1.000000 5
2689 1.000000 3
2694 1.000000 5
2699 1.000000 5
2704 1.000000 5
2709 1.000000 5
2714 1.000000 5
2719 0.000000 5
2724 0.000000 5
2729 0.000000 5
2734 0.000000 5
2737 1.000000 3
2741 -1.000000 4
2745 1.000000 4
2750 1.000000 5
2754 -1.000000 4
2759 1.000000 5
2763 1.000000 4
2768 1.000000 5
2772 1.000000 4
2777 0.000000 5
2781 1.000000 4
2785 1.000000 4
2789 -1.000000 4
2794 1.000000 5
2797 1.000000 3
2802 1.000000 5
2807 0.000000 5
2812 1.000000 5
2816 -1.000000 4
2820 1.000000 4
2823 1.000000 3
2828 1.000000 5
2832 1.000000 4
2835 -1.000000 3
2840 0.000000 5
2844 1.000000 4
2849 0.000000 5
2854 1.000000 5
2859 1.000000 5
2862 1.000000 3
2867 0.000000 5
2872 0.000000 5
2877 1.000000 5
2880 -1.000000 3
2884 1.000000 4
2889 1.000000 5
2894 0.000000 5
2898 1.000000 4
2903 1.000000 5
2907 -1.000000 4
2910 1.000000 3
2914 -1.000000 4
2919 1.000000 5
2924 1.000000 5
2928 1.000000 4
2932 1.000000 4
2937 1.000000 5
2941 1.000000 4
2945 -1.000000 4
2949 -1.000000 4
2953 1.000000 4
2956 1.000000 3
2959 1.000000 3
2963 -1.000000 4
2968 0.000000 5
2973 0.000000 5
2978 1.000000 5
2981 1.000000 3
2985 -1.000000 4
2990 0.000000 5
2994 -1.000000 4
2998 -1.000000 4
3001 1.000000 3
3005 1.000000 4
3009 -1.000000 4
3013 -1.000000 4
3017 1.000000 4
3022 0.000000 5
3025 1.000000 3
3030 1.000000 5
3033 1.000000 3
3037 -1.000000 4
3041 1.000000 4
3044 -1.000000 3
3049 1.000000 5
3053 1.000000 4
3057 -1.000000 4
3060 -1.000000 3
3065 0.000000 5
3069 1.000000 4
3073 -1.000000 4
3077 1.000000 4
3082 0.000000 5
3085 1.000000 3
3089 -1.000000 4
3094 1.000000 5
3099 0.000000 5
3104 1.000000 5
3107 1.000000 3
3111 1.000000 4
3114 1.000000 3
3118 -1.000000 4
3122 1.000000 4
3127 0.000000 5
3131 1.000000 4
3134 1.000000 3
3139 0.000000 5
3143 -1.000000 4
3148 0.000000 5
3152 -1.000000 4
3156 1.000000 4
3160 -1.000000 4
3165 1.000000 5
3169 1.000000 4
3174 1.000000 5
3178 1.000000 4
3183 0.000000 5
3187 1.000000 4
3192 0.000000 5
3196 -1.000000 4
3200 1.000000 4
3205 0.000000 5
3209 1.000000 4
3212 1.000000 3
3216 -1.000000 4
3220 -1.000000 4
3224 1.000000 4
3228 1.000000 4
3233 1.000000 5
3237 1.000000 4
3241 -1.000000 4
3246 0.000000 5
3250 1.000000 4
3255 1.000000 5
3259 -1.000000 4
3264 1.000000 5
3268 1.000000 4
3273 0.000000 5
3277 1.000000 4
3281 -1.000000 4
3284 1.000000 3
3288 -1.000000 4
3291 -1.000000 3
3295 1.000000 4
3299 1.000000 4
3303 -1.000000 4
3307 -1.000000 4
3312 1.000000 5
3315 -1.000000 3
3320 1.000000 5
3324 -1.000000 4
3327 1.000000 3
3332 0.000000 5
3336 1.000000 4
3341 0.000000 5
3345 1.000000 4
3349 1.000000 4
3353 1.000000 4
3357 1.000000 4
3361 1.000000 4
3366 1.000000 5
3370 -1.000000 4
3374 1.000000 4
3379 1.000000 5
3383 1.000000 4
3387 -1.000000 4
3390 -1.000000 3
3395 0.000000 5
3399 -1.000000 4
3402 1.000000 3
3407 1.000000 5
3412 1.000000 5
3416 -1.000000 4
3421 1.000000 5
3425 -1.000000 4
3430 0.000000 5
3435 1.000000 5
3439 -1.000000 4
3444 1.000000 5
3447 -1.000000 3
3451 -1.000000 4
3455 -1.000000 4
3459 -1.000000 4
3464 0.000000 5
3469 0.000000 5
3474 1.000000 5
3479 1.000000 5
3483 -1.000000 4
3488 1.000000 5
3491 1.000000 3
3496 0.000000 5
3500 1.000000 4
3505 1.000000 5
3510 1.000000 5
3514 1.000000 4
3519 0.000000 5
3523 -1.000000 4
3528 1.000000 5
3532 1.000000 4
3535 1.000000 3
3539 -1.000000 4
3543 1.000000 4
3546 -1.000000 3
3550 1.000000 4
3555 1.000000 5
3560 1.000000 5
3564 -1.000000 4
3568 1.000000 4
3572 1.000000 4
3576 1.000000 4
3580 1.000000 4
3584 1.000000 4
3588 -1.000000 4
3593 1.000000 5
3597 1.000000 4
3602 1.000000 5
3606 1.000000 4
3610 1.000000 4
3614 -1.000000 4
3618 -1.000000 4
3622 -1.000000 4
3626 -1.000000 4
3629 1.000000 3
3633 1.000000 4
3637 1.000000 4
3641 1.000000 4
3644 1.000000 3
3649 0.000000 5
3652 -1.000000 3
3656 -1.000000 4
3660 1.000000 4
3664 -1.000000 4
3669 0.000000 5
3672 1.000000 3
3676 1.000000 4
3679 1.000000 3
3682 -1.000000 3
3685 1.000000 3
3689 -1.000000 4
3693 1.000000 4
3697 1.000000 4
3702 0.000000 5
3705 -1.000000 3
3710 0.000000 5
3714 1.000000 4
3719 1.000000 5
3723 -1.000000 4
3727 1.000000 4
3731 -1.000000 4
3735 -1.000000 4
3738 1.000000 3
3742 -1.000000 4
3746 -1.000000 4
3749 1.000000 3
3754 1.000000 5
3759 1.000000 5
3764 1.000000 5
3769 0.000000 5
3772 -1.000000 3
3777 0.000000 5
3780 1.000000 3
3785 0.000000 5
3790 1.000000 5
3795 0.000000 5
3799 -1.000000 4
3802 -1.000000 3
3806 1.000000 4
3810 -1.000000 4
3814 1.000000 4
3817 1.000000 3
3822 1.000000 5
3827 1.000000 5
3832 1.000000 5
3836 1.000000 4
3841 0.000000 5
3845 -1.000000 4
3849 -1.000000 4
3852 1.000000 3
3857 0.000000 5
3861 1.000000 4
3864 -1.000000 3
3868 -1.000000 4
3872 -1.000000 4
3877 1.000000 5
3882 1.000000 5
3885 1.000000 3
3889 -1.000000 4
3892 -1.000000 3
3896 -1.000000 4
3899 -1.000000 3
3903 1.000000 4
3907 -1.000000 4
3911 1.000000 4
3915 -1.000000 4
3919 1.000000 4
3924 1.000000 5
3929 0.000000 5
3934 0.000000 5
3939 1.000000 5
3943 1.000000 4
3946 1.000000 3
3950 1.000000 4
3954 -1.000000 4
3959 1.000000 5
3963 1.000000 4
3968 1.000000 5
3971 1.000000 3
3976 0.000000 5
3981 1.000000 5
3985 1.000000 4
3989 1.000000 4
3993 -1.000000 4
3997 -1.000000 4
4002 0.000000 5
4006 -1.000000 4
4010 1.000000 4
4013 -1.000000 3
4017 1.000000 4
4022 1.000000 5
4026 -1.000000 4
4030 1.000000 4
4033 1.000000 3
4037 1.000000 4
4041 -1.000000 4
4044 -1.000000 3
4049 1.000000 5
4053 -1.000000 4
4057 1.000000 4
4061 -1.000000 4
4065 -1.000000 4
4068 1.000000 3
4073 0.000000 5
4078 1.000000 5
4082 1.000000 4
4086 1.000000 4
4089 -1.000000 3
4094 1.000000 5
4098 -1.000000 4
4101 1.000000 3
4106 0.000000 5
4111 0.000000 5
4115 -1.000000 4
4119 -1.000000 4
4122 -1.000000 3
4127 1.000000 5
4132 0.000000 5
4136 1.000000 4
4141 1.000000 5
4146 0.000000 5
4151 1.000000 5
4156 0.000000 5
4160 -1.000000 4
4165 1.000000 5
4169 -1.000000 4
4173 1.000000 4
4176 -1.000000 3
4180 -1.000000 4
4184 1.000000 4
4188 1.000000 4
4192 1.000000 4
4196 1.000000 4
4200 1.000000 4
4203 -1.000000 3
4208 1.000000 5
4213 1.000000 5
4218 1.000000 5
4222 1.000000 4
4227 1.000000 5
4230 1.000000 3
4235 0.000000 5
4239 1.000000 4
4244 1.000000 5
4248 1.000000 4
4252 1.000000 4
4256 1.000000 4
4259 -1.000000 3
4264 1.000000 5
4267 1.000000 3
4271 1.000000 4
4275 1.000000 4
4279 -1.000000 4
4282 1.000000 3
4286 -1.000000 4
4290 1.000000 4
4295 1.000000 5
4298 1.000000 3
4301 -1.000000 3
4305 -1.000000 4
4310 1.000000 5
4314 1.000000 4
4318 -1.000000 4
4322 1.000000 4
4327 0.000000 5
4332 0.000000 5
4337 1.000000 5
4342 1.000000 5
4346 1.000000 4
4349 1.000000 3
4354 1.000000 5
4359 1.000000 5
4363 -1.000000 4
4367 -1.000000 4
4372 0.000000 5
4377 0.000000 5
4381 1.000000 4
4385 -1.000000 4
4389 1.000000 4
4394 0.000000 5
4399 1.000000 5
4404 0.000000 5
4407 -1.000000 3
4410 -1.000000 3
4415 0.000000 5
4419 1.000000 4
4422 1.000000 3
4427 0.000000 5
4430 -1.000000 3
4434 1.000000 4
4439 0.000000 5
4444 1.000000 5
4449 1.000000 5
4454 1.000000 5
4457 1.000000 3
4461 1.000000 4
4464 -1.000000 3
4468 1.000000 4
4471 1.000000 3
4475 1.000000 4
4479 -1.000000 4
4484 0.000000 5
4489 1.000000 5
4493 -1.000000 4
4498 0.000000 5
4502 1.000000 4
4506 -1.000000 4
4511 0.000000 5
4514 1.000000 3
4518 -1.000000 4
4523 1.000000 5
4527 1.000000 4
4532 1.000000 5
4537 0.000000 5
4541 1.000000 4
4544 1.000000 3
4547 1.000000 3
4552 0.000000 5
4556 -1.000000 4
4560 -1.000000 4
4565 1.000000 5
4569 -1.000000 4
4574 1.000000 5
4578 1.000000 4
4583 1.000000 5
4588 0.000000 5
4593 0.000000 5
4597 1.000000 4
4601 -1.000000 4
4605 1.000000 4
4609 1.000000 4
4613 1.000000 4
4618 0.000000 5
4623 1.000000 5
4626 1.000000 3
4630 -1.000000 4
4634 -1.000000 4
4638 -1.000000 4
4641 1.000000 3
4645 1.000000 4
4650 1.000000 5
4655 0.000000 5
4659 1.000000 4
4663 -1.000000 4
4668 1.000000 5
4673 0.000000 5
4677 -1.000000 4
4682 0.000000 5
4685 1.000000 3
4690 0.000000 5
4694 1.000000 4
4698 1.000000 4
4702 1.000000 4
4706 -1.000000 4
4710 -1.000000 4
4715 1.000000 5
4719 1.000000 4
4723 1.000000 4
4727 -1.000000 4
4732 1.000000 5
4735 1.000000 3
4739 1.000000 4
4742 1.000000 3
4745 1.000000 3
4748 -1.000000 3
4752 1.000000 4
4755 -1.000000 3
4759 1.000000 4
4762 1.000000 3
4767 1.000000 5
4772 1.000000 5
4776 1.000000 4
4780 1.000000 4
4783 -1.000000 3
4786 1.000000 3
4790 1.000000 4
4794 -1.000000 4
4797 -1.000000 3
4801 -1.000000 4
4805 -1.000000 4
4809 1.000000 4
4813 -1.000000 4
4817 1.000000 4
4820 1.000000 3
4823 1.000000 3
4827 -1.000000 4
4830 1.000000 3
4834 -1.000000 4
4837 -1.000000 3
4841 1.000000 4
4845 1.000000 4
4849 1.000000 4
4853 -1.000000 4
4858 0.000000 5
4863 1.000000 5
4867 -1.000000 4
4872 0.000000 5
4876 1.000000 4
4879 -1.000000 3
4884 0.000000 5
4887 -1.000000 3
4892 1.000000 5
4897 1.000000 5
4901 -1.000000 4
4905 -1.000000 4
4908 -1.000000 3
4913 1.000000 5
4916 1.000000 3
4919 1.000000 3
4923 1.000000 4
4926 -1.000000 3
4930 -1.000000 4
4935 1.000000 5
4939 1.000000 4
4942 1.000000 3
4946 1.000000 4
4951 1.000000 5
4956 0.000000 5
4961 1.000000 5
4964 1.000000 3
4967 -1.000000 3
4971 -1.000000 4
4974 1.000000 3
4978 -1.000000 4
4983 1.000000 5
4988 1.000000 5
4991 1.000000 3
4995 -1.000000 4
4999 1.000000 4
5004 1.000000 5
5007 1.000000 3
5012 1.000000 5
5017 0.000000 5
5021 1.000000 4
5026 1.000000 5
5031 0.000000 5
5036 0.000000 5
5041 1.000000 5
5044 1.000000 3
5048 1.000000 4
5053 0.000000 5
5058 0.000000 5
5061 1.000000 3
5066 1.000000 5
5069 1.000000 3
5073 1.000000 4
5078 1.000000 5
5081 -1.000000 3
5086 0.000000 5
5090 -1.000000 4
5094 -1.000000 4
5098 -1.000000 4
5102 1.000000 4
5107 1.000000 5
5111 -1.000000 4
5115 1.000000 4
5119 1.000000 4
5123 -1.000000 4
5128 1.000000 5
5132 -1.000000 4
5137 1.000000 5
5142 1.000000 5
5146 1.000000 4
5149 1.000000 3
5153 1.000000 4
5156 -1.000000 3
5161 0.000000 5
5165 1.000000 4
5169 -1.000000 4
5173 1.000000 4
5177 -1.000000 4
5181 1.000000 4
5185 1.000000 4
5190 1.000000 5
5194 1.000000 4
5199 1.000000 5
5203 1.000000 4
5206 -1.000000 3
5210 1.000000 4
5214 1.000000 4
5218 -1.000000 4
5222 -1.000000 4
5227 1.000000 5
5230 1.000000 3
5233 1.000000 3
5237 1.000000 4
5241 1.000000 4
5246 0.000000 5
5250 -1.000000 4
5255 1.000000 5
5259 -1.000000 4
5262 -1.000000 3
5266 1.000000 4
5270 1.000000 4
5275 1.000000 5
5280 1.000000 5
5285 1.000000 5
5289 -1.000000 4
5293 1.000000 4
5296 -1.000000 3
5301 1.000000 5
5306 1.000000 5
5309 1.000000 3
5314 1.000000 5
5319 1.000000 5
5322 -1.000000 3
5325 1.000000 3
5329 -1.000000 4
5332 1.000000 3
5335 1.000000 3
5339 -1.000000 4
5343 1.000000 4
5347 -1.000000 4
5350 -1.000000 3
5353 1.000000 3
5357 1.000000 4
5361 -1.000000 4
5365 1.000000 4
5369 1.000000 4
5372 -1.000000 3
5376 1.000000 4
5380 1.000000 4
5385 1.000000 5
5388 1.000000 3
5392 -1.000000 4
5396 1.000000 4
5400 1.000000 4
5403 -1.000000 3
5407 1.000000 4
5411 1.000000 4
5416 1.000000 5
5420 -1.000000 4
5424 -1.000000 4
5429 0.000000 5
5434 1.000000 5
5437 -1.000000 3
5440 -1.000000 3
5445 0.000000 5
5449 1.000000 4
5454 0.000000 5
5459 1.000000 5
5463 -1.000000 4
5468 0.000000 5
5471 -1.000000 3
5475 1.000000 4
5479 -1.000000 4
5484 1.000000 5
5489 0.000000 5
5493 -1.000000 4
5496 1.000000 3
5500 1.000000 4
5504 -1.000000 4
5508 1.000000 4
5512 -1.000000 4
5517 1.000000 5
5520 1.000000 3
5525 1.000000 5
5529 -1.000000 4
5532 1.000000 3
5537 1.000000 5
5542 0.000000 5
5547 0.000000 5
5552 1.000000 5
5556 -1.000000 4
5561 1.000000 5
5564 1.000000 3
5567 -1.000000 3
5572 1.000000 5
5576 1.000000 4
5581 1.000000 5
5585 -1.000000 4
5588 1.000000 3
5592 1.000000 4
5596 -1.000000 4
5601 1.000000 5
5606 1.000000 5
5610 1.000000 4
5615 1.000000 5
5619 -1.000000 4
5622 -1.000000 3
5626 -1.000000 4
5631 1.000000 5
5636 0.000000 5
5640 1.000000 4
5643 -1.000000 3
5647 1.000000 4
5652 1.000000 5
5655 1.000000 3
5660 1.000000 5
5664 1.000000 4
5668 1.000000 4
5672 1.000000 4
5677 1.000000 5
5680 1.000000 3
5685 0.000000 5
5689 1.000000 4
5693 1.000000 4
5698 1.000000 5
5703 1.000000 5
5707 1.000000 4
5711 -1.000000 4
5716 1.000000 5
5720 -1.000000 4
5725 0.000000 5
5730 1.000000 5
5733 -1.000000 3
5737 1.000000 4
5740 1.000000 3
5743 -1.000000 3
5748 1.000000 5
5751 -1.000000 3
5755 1.000000 4
5760 0.000000 5
5764 -1.000000 4
5767 1.000000 3
5772 1.000000 5
5777 0.000000 5
5781 -1.000000 4
5785 1.000000 4
5789 -1.000000 4
5794 0.000000 5
5799 1.000000 5
5803 1.000000 4
5808 1.000000 5
5813 1.000000 5
5818 0.000000 5
5822 -1.000000 4
5826 1.000000 4
5831 1.000000 5
5835 -1.000000 4
5838 1.000000 3
5841 1.000000 3
5845 1.000000 4
5850 1.000000 5
5854 -1.000000 4
5858 1.000000 4
5862 -1.000000 4
5866 1.000000 4
5871 1.000000 5
5875 1.000000 4
5880 1.000000 5
5885 0.000000 5
5889 1.000000 4
5893 1.000000 4
5898 0.000000 5
5903 0.000000 5
5907 1.000000 4
5912 0.000000 5
5916 1.000000 4
5920 1.000000 4
5923 1.000000 3
5927 -1.000000 4
5932 1.000000 5
5935 1.000000 3
5940 1.000000 5
5944 1.000000 4
5949 1.000000 5
5954 0.000000 5
5959 0.000000 5
5964 0.000000 5
5969 0.000000 5
5972 -1.000000 3
5977 1.000000 5
5980 -1.000000 3
5984 1.000000 4
5989 0.000000 5
5992 1.000000 3
5996 -1.000000 4
6000 -1.000000 4
6004 -1.000000 4
6008 -1.000000 4
6012 1.000000 4
6017 1.000000 5
6021 1.000000 4
6025 -1.000000 4
6028 1.000000 3
6033 1.000000 5
6038 0.000000 5
6043 0.000000 5
6047 -1.000000 4
6051 -1.000000 4
6054 1.000000 3
6058 -1.000000 4
6062 -1.000000 4
6066 -1.000000 4
6069 -1.000000 3
6074 1.000000 5
6078 1.000000 4
6082 -1.000000 4
6087 0.000000 5
6092 1.000000 5
6096 1.000000 4
6101 0.000000 5
6105 -1.000000 4
6109 -1.000000 4
6114 1.000000 5
6117 1.000000 3
6121 -1.000000 4
6126 0.000000 5
6131 1.000000 5
6136 0.000000 5
6140 1.000000 4
6145 1.000000 5
6150 0.000000 5
6154 1.000000 4
6158 -1.000000 4
6162 -1.000000 4
6166 -1.000000 4
6170 1.000000 4
6174 1.000000 4
6178 1.000000 4
6181 1.000000 3
6186 0.000000 5
6190 -1.000000 4
6195 1.000000 5
6200 1.000000 5
6205 1.000000 5
6210 0.000000 5
6214 1.000000 4
6218 -1.000000 4
6223 0.000000 5
6227 1.000000 4
6231 1.000000 4
6236 1.000000 5
6240 1.000000 4
6244 1.000000 4
6248 1.000000 4
6252 -1.000000 4
6256 1.000000 4
6261 1.000000 5
6264 1.000000 3
6268 -1.000000 4
6272 -1.000000 4
6276 1.000000 4
6281 0.000000 5
6284 -1.000000 3
6287 1.000000 3
6290 1.000000 3
6295 1.000000 5
6298 -1.000000 3
6302 -1.000000 4
6306 -1.000000 4
6309 1.000000 3
6313 -1.000000 4
6316 1.000000 3
6320 1.000000 4
6324 -1.000000 4
6329 0.000000 5
6332 -1.000000 3
6337 0.000000 5
6342 1.000000 5
6346 -1.000000 4
6351 0.000000 5
6355 1.000000 4
6360 0.000000 5
6365 1.000000 5
6369 1.000000 4
6372 1.000000 3
6377 1.000000 5
6381 1.000000 4
6386 1.000000 5
6389 -1.000000 3
6394 1.000000 5
6398 1.000000 4
6403 0.000000 5
6407 1.000000 4
6410 1.000000 3
6414 1.000000 4
6419 1.000000 5
6424 1.000000 5
6428 1.000000 4
6432 1.000000 4
6437 0.000000 5
6440 1.000000 3
6445 1.000000 5
6450 1.000000 5
6455 1.000000 5
6458 -1.000000 3
6463 1.000000 5
6467 1.000000 4
6471 1.000000 4
6475 1.000000 4
6480 0.000000 5
6485 0.000000 5
6490 1.000000 5
6495 0.000000 5
6500 0.000000 5
6505 1.000000 5
6510 1.000000 5
6515 1.000000 5
6519 -1.000000 4
6523 -1.000000 4
6527 1.000000 4
6531 -1.000000 4
6535 -1.000000 4
6539 -1.000000 4
6543 -1.000000 4
6546 -1.000000 3
6550 1.000000 4
6554 1.000000 4
6559 0.000000 5
6564 0.000000 5
6567 -1.000000 3
6571 1.000000 4
6575 1.000000 4
6580 1.000000 5
6585 0.000000 5
6590 1.000000 5
6595 1.000000 5
6600 1.000000 5
6604 1.000000 4
6609 1.000000 5
6614 0.000000 5
6618 1.000000 4
6622 -1.000000 4
6627 1.000000 5
6630 -1.000000 3
6634 1.000000 4
6639 0.000000 5
6644 0.000000 5
6648 -1.000000 4
6653 1.000000 5
6658 1.000000 5
6661 -1.000000 3
6665 -1.000000 4
6669 -1.000000 4
6674 1.000000 5
6679 1.000000 5
6683 -1.000000 4
6688 1.000000 5
6691 1.000000 3
6695 -1.000000 4
6699 1.000000 4
6702 1.000000 3
6707 1.000000 5
6711 -1.000000 4
6714 1.000000 3
6718 1.000000 4
6723 0.000000 5
6727 1.000000 4
6732 1.000000 5
6737 1.000000 5
6741 1.000000 4
6744 -1.000000 3
6749 0.000000 5
6754 1.000000 5
6758 1.000000 4
6762 1.000000 4
6765 -1.000000 3
6769 1.000000 4
6773 1.000000 4
6777 -1.000000 4
6781 -1.000000 4
6785 -1.000000 4
6789 1.000000 4
6792 1.000000 3
6796 -1.000000 4
6800 1.000000 4
6803 1.000000 3
6807 -1.000000 4
6811 -1.000000 4
6814 -1.000000 3
6818 1.000000 4
6823 0.000000 5
6828 1.000000 5
6831 -1.000000 3
6836 1.000000 5
6841 0.000000 5
6845 1.000000 4
6850 1.000000 5
6854 1.000000 4
6857 -1.000000 3
6862 0.000000 5
6867 1.000000 5
6871 1.000000 4
6876 1.000000 5
6879 -1.000000 3
6884 0.000000 5
6887 -1.000000 3
6891 -1.000000 4
6896 1.000000 5
6900 1.000000 4
6904 1.000000 4
6908 -1.000000 4
6913 1.000000 5
6916 -1.000000 3
6920 1.000000 4
6923 1.000000 3
6928 1.000000 5
6933 0.000000 5
6936 1.000000 3
6940 -1.000000 4
6945 1.000000 5
6949 1.000000 4
6954 1.000000 5
6958 -1.000000 4
6961 -1.000000 3
6965 1.000000 4
6969 -1.000000 4
6973 1.000000 4
6977 1.000000 4
6981 1.000000 4
6985 1.000000 4
6989 1.000000 4
6993 -1.000000 4
6998 1.000000 5
7002 -1.000000 4
7006 1.000000 4
7009 1.000000 3
7012 -1.000000 3
7016 -1.000000 4
7019 1.000000 3
7024 1.000000 5
7028 1.000000 4
7032 1.000000 4
7037 1.000000 5
7041 1.000000 4
7046 0.000000 5
7050 -1.000000 4
7054 1.000000 4
7057 1.000000 3
7060 1.000000 3
7064 -1.000000 4
7069 1.000000 5
7074 0.000000 5
7079 1.000000 5
7082 1.000000 3
7086 -1.000000 4
7091 0.000000 5
7094 -1.000000 3
7098 1.000000 4
7102 -1.000000 4
7106 1.000000 4
7110 -1.000000 4
7114 1.000000 4
7118 1.000000 4
7122 1.000000 4
7126 -1.000000 4
7130 1.000000 4
7134 -1.000000 4
7138 -1.000000 4
7143 0.000000 5
7148 1.000000 5
7153 1.000000 5
7157 1.000000 4
7160 1.000000 3
7163 -1.000000 3
7168 0.000000 5
7172 1.000000 4
7175 1.000000 3
7180 1.000000 5
7185 0.000000 5
7188 -1.000000 3
7191 -1.000000 3
7196 0.000000 5
7200 1.000000 4
7204 1.000000 4
7209 0.000000 5
7214 1.000000 5
7218 -1.000000 4
7222 -1.000000 4
7227 1.000000 5
7232 1.000000 5
7235 -1.000000 3
7240 1.000000 5
7244 -1.000000 4
7247 -1.000000 3
7251 1.000000 4
7255 -1.000000 4
7259 1.000000 4
7263 1.000000 4
7267 -1.000000 4
7271 -1.000000 4
7276 0.000000 5
7281 1.000000 5
7285 1.000000 4
7288 1.000000 3
7292 1.000000 4
7296 -1.000000 4
7299 -1.000000 3
7302 1.000000 3
7305 1.000000 3
7310 1.000000 5
7313 -1.000000 3
7317 1.000000 4
7322 0.000000 5
7326 -1.000000 4
7331 1.000000 5
7335 1.000000 4
7338 1.000000 3
7342 1.000000 4
7347 1.000000 5
7352 1.000000 5
7355 -1.000000 3
7359 1.000000 4
7364 1.000000 5
7369 1.000000 5
7373 1.000000 4
7378 1.000000 5
7383 0.000000 5
7387 -1.000000 4
7392 1.000000 5
7397 0.000000 5
7400 -1.000000 3
7404 -1.000000 4
7409 0.000000 5
7413 -1.000000 4
7417 1.000000 4
7421 -1.000000 4
7426 0.000000 5
7431 0.000000 5
7434 -1.000000 3
7439 1.000000 5
7443 -1.000000 4
7447 1.000000 4
7451 -1.000000 4
7456 0.000000 5
7461 0.000000 5
7466 0.000000 5
7471 0.000000 5
7475 1.000000 4
7479 -1.000000 4
7484 0.000000 5
7489 1.000000 5
7493 -1.000000 4
7498 1.000000 5
7502 1.000000 4
7506 -1.000000 4
7510 1.000000 4
7515 0.000000 5
7520 1.000000 5
7524 1.000000 4
7527 -1.000000 3
7531 -1.000000 4
7536 1.000000 5
7541 0.000000 5
7546 1.000000 5
7551 1.000000 5
7556 1.000000 5
7561 1.000000 5
7565 1.000000 4
7568 1.000000 3
7572 1.000000 4
7576 1.000000 4
7580 -1.000000 4
7585 1.000000 5
7589 -1.000000 4
7593 1.000000 4
7597 1.000000 4
7601 1.000000 4
7605 -1.000000 4
7610 1.000000 5
7614 1.000000 4
7617 -1.000000 3
7621 -1.000000 4
7625 -1.000000 4
7629 1.000000 4
7633 1.000000 4
7636 -1.000000 3
7640 -1.000000 4
7645 1.000000 5
7649 1.000000 4
7654 0.000000 5
7658 1.000000 4
7663 0.000000 5
7667 -1.000000 4
7671 1.000000 4
7676 1.000000 5
7680 -1.000000 4
7684 1.000000 4
7689 1.000000 5
7693 1.000000 4
7697 -1.000000 4
7701 1.000000 4
7704 -1.000000 3
7708 1.000000 4
7713 1.000000 5
7717 -1.000000 4
7722 0.000000 5
7725 1.000000 3
7730 1.000000 5
7735 1.000000 5
7740 1.000000 5
7745 1.000000 5
7749 -1.000000 4
7753 1.000000 4
7757 -1.000000 4
7760 1.000000 3
7764 1.000000 4
7769 1.000000 5
7774 0.000000 5
7777 1.000000 3
7781 1.000000 4
7785 1.000000 4
7789 1.000000 4
7792 1.000000 3
7795 1.000000 3
7800 1.000000 5
7805 1.000000 5
7810 0.000000 5
7814 1.000000 4
7818 1.000000 4
7823 1.000000 5
7827 1.000000 4
7832 0.000000 5
7836 -1.000000 4
7840 -1.000000 4
7844 1.000000 4
7848 1.000000 4
7853 1.000000 5
7858 1.000000 5
7863 0.000000 5
7866 -1.000000 3
7870 -1.000000 4
7874 1.000000 4
7878 -1.000000 4
7882 1.000000 4
7886 1.000000 4
7890 1.000000 4
7894 -1.000000 4
7897 1.000000 3
7902 1.000000 5
7907 0.000000 5
7910 1.000000 3
7913 -1.000000 3
7916 -1.000000 3
7921 0.000000 5
7925 1.000000 4
7929 -1.000000 4
7934 1.000000 5
7939 1.000000 5
7944 1.000000 5
7947 -1.000000 3
7951 -1.000000 4
7955 1.000000 4
7960 0.000000 5
7963 1.000000 3
7967 1.000000 4
7972 1.000000 5
7975 -1.000000 3
7978 -1.000000 3
7981 1.000000 3
7984 -1.000000 3
7988 1.000000 4
7992 1.000000 4
7996 1.000000 4
8000 1.000000 4
8004 1.000000 4
8008 1.000000 4
8013 1.000000 5
8017 1.000000 4
8022 1.000000 5
8026 1.000000 4
8030 1.000000 4
8034 1.000000 4
8038 -1.000000 4
8043 1.000000 5
8047 1.000000 4
8050 1.000000 3
8054 1.000000 4
8058 1.000000 4
8063 1.000000 5
8068 1.000000 5
8072 -1.000000 4
8075 1.000000 3
8080 1.000000 5
8084 -1.000000 4
8087 -1.000000 3
8092 1.000000 5
8097 0.000000 5
8101 -1.000000 4
8106 1.000000 5
8111 0.000000 5
8116 0.000000 5
8120 1.000000 4
8125 1.000000 5
8130 1.000000 5
8135 1.000000 5
8139 -1.000000 4
8144 0.000000 5
8149 1.000000 5
8153 1.000000 4
8158 1.000000 5
8162 1.000000 4
8167 1.000000 5
8172 1.000000 5
8177 0.000000 5
8181 1.000000 4
8185 1.000000 4
8190 0.000000 5
8193 1.000000 3
8197 1.000000 4
8201 1.000000 4
8205 1.000000 4
8209 1.000000 4
8214 1.000000 5
8217 1.000000 3
8220 -1.000000 3
8224 1.000000 4
8229 1.000000 5
8234 1.000000 5
8239 0.000000 5
8243 1.000000 4
8248 1.000000 5
8252 1.000000 4
8256 -1.000000 4
8261 1.000000 5
8264 -1.000000 3
8267 -1.000000 3
8271 -1.000000 4
8276 0.000000 5
8281 1.000000 5
8285 -1.000000 4
8288 1.000000 3
8292 1.000000 4
8297 1.000000 5
8302 0.000000 5
8306 1.000000 4
8310 -1.000000 4
8314 1.000000 4
8318 -1.000000 4
8322 -1.000000 4
8326 -1.000000 4
8331 1.000000 5
8336 0.000000 5
8340 1.000000 4
8344 1.000000 4
8349 0.000000 5
8353 -1.000000 4
8356 -1.000000 3
8359 1.000000 3
8364 1.000000 5
8367 -1.000000 3
8372 1.000000 5
8375 1.000000 3
8379 -1.000000 4
8383 -1.000000 4
8386 -1.000000 3
8390 1.000000 4
8394 1.000000 4
8398 -1.000000 4
8402 1.000000 4
8406 1.000000 4
8409 -1.000000 3
8414 0.000000 5
8418 1.000000 4
8422 -1.000000 4
8427 1.000000 5
8432 1.000000 5
8436 1.000000 4
8439 -1.000000 3
8443 1.000000 4
8447 1.000000 4
8451 -1.000000 4
8455 -1.000000 4
8459 1.000000 4
8463 -1.000000 4
8468 0.000000 5
8471 1.000000 3
8475 1.000000 4
8480 1.000000 5
8484 1.000000 4
8488 -1.000000 4
8491 1.000000 3
8494 -1.000000 3
8499 1.000000 5
8504 1.000000 5
8508 1.000000 4
8512 -1.000000 4
8515 1.000000 3
8519 -1.000000 4
8523 1.000000 4
8527 1.000000 4
8531 1.000000 4
8534 -1.000000 3
8538 1.000000 4
8541 1.000000 3
8544 -1.000000 3
8548 -1.000000 4
8552 1.000000 4
8557 1.000000 5
8562 0.000000 5
8566 -1.000000 4
8571 0.000000 5
8574 1.000000 3
8578 -1.000000 4
8583 0.000000 5
8587 1.000000 4
8592 1.000000 5
8596 -1.000000 4
8600 -1.000000 4
8605 1.000000 5
8610 1.000000 5
8615 0.000000 5
8619 -1.000000 4
8623 -1.000000 4
8626 -1.000000 3
8630 -1.000000 4
8634 1.000000 4
8639 1.000000 5
8644 1.000000 5
8649 0.000000 5
8653 1.000000 4
8657 1.000000 4
8662 0.000000 5
8665 -1.000000 3
8669 1.000000 4
8674 0.000000 5
8678 -1.000000 4
8682 -1.000000 4
8686 -1.000000 4
8690 -1.000000 4
8693 -1.000000 3
8697 1.000000 4
8700 1.000000 3
8705 1.000000 5
8709 -1.000000 4
8713 1.000000 4
8718 0.000000 5
8721 1.000000 3
8726 1.000000 5
8730 1.000000 4
8734 1.000000 4
8738 1.000000 4
8741 1.000000 3
8746 1.000000 5
8749 1.000000 3
8753 1.000000 4
8757 -1.000000 4
8761 -1.000000 4
8765 -1.000000 4
8768 1.000000 3
8771 -1.000000 3
8775 1.000000 4
8780 1.000000 5
8784 -1.000000 4
8787 -1.000000 3
8792 1.000000 5
8796 1.000000 4
8801 1.000000 5
8804 1.000000 3
8809 0.000000 5
8812 -1.000000 3
8816 1.000000 4
8821 1.000000 5
8825 1.000000 4
8828 -1.000000 3
8833 0.000000 5
8838 1.000000 5
8842 1.000000 4
8847 1.000000 5
8852 1.000000 5
8857 1.000000 5
8860 -1.000000 3
8863 -1.000000 3
8867 -1.000000 4
8872 0.000000 5
8877 1.000000 5
8881 1.000000 4
8886 0.000000 5
8889 1.000000 3
8894 0.000000 5
8898 1.000000 4
8901 -1.000000 3
8904 1.000000 3
8908 -1.000000 4
8913 1.000000 5
8916 -1.000000 3
8920 -1.000000 4
8924 1.000000 4
8929 0.000000 5
8932 1.000000 3
8936 -1.000000 4
8940 1.000000 4
8945 1.000000 5
8950 1.000000 5
8955 0.000000 5
8960 1.000000 5
8963 1.000000 3
8966 1.000000 3
8970 -1.000000 4
8973 1.000000 3
8977 1.000000 4
8981 -1.000000 4
8985 -1.000000 4
8990 1.000000 5
8994 -1.000000 4
8997 1.000000 3
9001 -1.000000 4
9004 1.000000 3
9008 1.000000 4
9012 -1.000000 4
9016 -1.000000 4
9021 1.000000 5
9025 -1.000000 4
9030 0.000000 5
9034 -1.000000 4
9037 1.000000 3
9041 -1.000000 4
9045 -1.000000 4
9049 -1.000000 4
9054 1.000000 5
9057 1.000000 3
9061 -1.000000 4
9066 1.000000 5
9071 0.000000 5
9076 0.000000 5
9080 -1.000000 4
9085 1.000000 5
9089 -1.000000 4
9094 0.000000 5
9098 1.000000 4
9103 1.000000 5
9107 -1.000000 4
9111 1.000000 4
9116 1.000000 5
9120 -1.000000 4
9125 0.000000 5
9129 -1.000000 4
9133 -1.000000 4
9137 1.000000 4
9142 0.000000 5
9147 1.000000 5
9151 1.000000 4
9155 -1.000000 4
9158 1.000000 3
9161 1.000000 3
9166 1.000000 5
9170 1.000000 4
9175 1.000000 5
9179 1.000000 4
9182 1.000000 3
9187 0.000000 5
9191 1.000000 4
9194 1.000000 3
9198 -1.000000 4
9202 -1.000000 4
9206 1.000000 4
9211 1.000000 5
9215 1.000000 4
9219 1.000000 4
9223 -1.000000 4
9228 1.000000 5
9231 -1.000000 3
9236 0.000000 5
9240 -1.000000 4
9244 -1.000000 4
9248 1.000000 4
9252 -1.000000 4
9256 1.000000 4
9260 1.000000 4
9265 1.000000 5
9270 0.000000 5
9275 1.000000 5
9278 -1.000000 3
9283 1.000000 5
9288 1.000000 5
9292 -1.000000 4
9296 -1.000000 4
9300 -1.000000 4
9305 0.000000 5
9308 -1.000000 3
9313 0.000000 5
9317 -1.000000 4
9321 -1.000000 4
9326 0.000000 5
9330 -1.000000 4
9334 1.000000 4
9337 -1.000000 3
9342 0.000000 5
9345 -1.000000 3
9348 -1.000000 3
9352 1.000000 4
9357 0.000000 5
9362 1.000000 5
9365 -1.000000 3
9368 1.000000 3
9372 1.000000 4
9376 1.000000 4
9381 0.000000 5
9386 1.000000 5
9390 1.000000 4
9395 1.000000 5
9400 0.000000 5
9404 1.000000 4
9409 1.000000 5
9414 0.000000 5
9417 1.000000 3
9422 0.000000 5
9427 0.000000 5
9432 1.000000 5
9435 1.000000 3
9440 1.000000 5
9445 0.000000 5
9449 1.000000 4
9453 1.000000 4
9457 -1.000000 4
9460 1.000000 3
9465 1.000000 5
9469 1.000000 4
9474 1.000000 5
9478 -1.000000 4
9482 -1.000000 4
9486 1.000000 4
9491 1.000000 5
9495 -1.000000 4
9499 1.000000 4
9503 1.000000 4
9506 1.000000 3
9510 -1.000000 4
9514 -1.000000 4
9517 1.000000 3
9520 1.000000 3
9523 1.000000 3
9528 0.000000 5
9532 -1.000000 4
9535 -1.000000 3
9538 -1.000000 3
9542 -1.000000 4
9546 -1.000000 4
9550 -1.000000 4
9555 0.000000 5
9560 0.000000 5
9564 1.000000 4
9569 0.000000 5
9573 1.000000 4
9577 1.000000 4
9580 1.000000 3
9584 1.000000 4
9589 1.000000 5
9592 -1.000000 3
9597 1.000000 5
9601 -1.000000 4
9605 -1.000000 4
9610 1.000000 5
9613 -1.000000 3
9617 -1.000000 4
9621 1.000000 4
9625 1.000000 4
9629 -1.000000 4
9633 -1.000000 4
9638 0.000000 5
9642 -1.000000 4
9646 -1.000000 4
9651 0.000000 5
9656 0.000000 5
9660 1.000000 4
9665 1.000000 5
9669 -1.000000 4
9673 -1.000000 4
9678 1.000000 5
9683 1.000000 5
9687 1.000000 4
9691 -1.000000 4
9695 -1.000000 4
9699 1.000000 4
9702 1.000000 3
9707 1.000000 5
9711 1.000000 4
9715 1.000000 4
9718 1.000000 3
9721 1.000000 3
9725 -1.000000 4
9729 -1.000000 4
9732 1.000000 3
9736 1.000000 4
9741 1.000000 5
9744 -1.000000 3
9748 -1.000000 4
9753 1.000000 5
9757 1.000000 4
9761 -1.000000 4
9766 0.000000 5
9770 1.000000 4
9773 1.000000 3
9777 -1.000000 4
9782 1.000000 5
9786 -1.000000 4
9791 0.000000 5
9796 0.000000 5
9800 1.000000 4
9803 1.000000 3
9808 1.000000 5
9812 1.000000 4
9816 -1.000000 4
9820 -1.000000 4
9824 -1.000000 4
9828 1.000000 4
9833 0.000000 5
9837 -1.000000 4
9840 -1.000000 3
9844 1.000000 4
9849 1.000000 5
9852 1.000000 3
9856 -1.000000 4
9860 1.000000 4
9864 1.000000 4
9868 -1.000000 4
9873 0.000000 5
9878 1.000000 5
9881 1.000000 3
9885 1.000000 4
9888 1.000000 3
9892 1.000000 4
9896 1.000000 4
9899 1.000000 3
9902 -1.000000 3
9907 0.000000 5
9911 1.000000 4
9916 0.000000 5
9920 1.000000 4
9925 0.000000 5
9930 1.000000 5
9933 1.000000 3
9938 0.000000 5
9943 1.000000 5
9948 0.000000 5
9952 1.000000 4
9957 1.000000 5
9961 -1.000000 4
9965 1.000000 4
9970 1.000000 5
9975 0.000000 5
9979 -1.000000 4
9982 -1.000000 3
9985 1.000000 3
9989 1.000000 4
9992 -1.000000 3
9996 1.000000 4
10000 1.000000 4
10003 -1.000000 3
10006 -1.000000 3
10009 -1.000000 3
10012 -1.000000 3
10015 -1.000000 3
10018 -1.000000 3
10021 -1.000000 3
10024 -1.000000 3
10027 -1.000000 3
10030 -1.000000 3
10033 -1.000000 3
10036 -1.000000 3
10039 -1.000000 3
10042 -1.000000 3
10045 -1.000000 3
10048 -1.000000 3
10051 -1.000000 3
10054 -1.000000 3
10057 -1.000000 3
10060 -1.000000 3
10063 -1.000000 3
10066 -1.000000 3
10069 -1.000000 3
10072 -1.000000 3
10075 -1.000000 3
10078 -1.000000 3
10081 -1.000000 3
10084 -1.000000 3
10087 -1.000000 3
10090 -1.000000 3
10093 -1.000000 3
10096 -1.000000 3
10099 -1.000000 3
10102 -1.000000 3
10105 -1.000000 3
10108 -1.000000 3
10111 -1.000000 3
10114 -1.000000 3
10117 -1.000000 3
10120 -1.000000 3
10123 -1.000000 3
10126 -1.000000 3
10129 -1.000000 3
10132 -1.000000 3
10135 -1.000000 3
10138 -1.000000 3
10141 -1.000000 3
10144 -1.000000 3
10147 -1.000000 3
10150 -1.000000 3
10153 -1.000000 3
10156 -1.000000 3
10159 -1.000000 3
10162 -1.000000 3
10165 -1.000000 3
10168 -1.000000 3
10171 -1.000000 3
10174 -1.000000 3
10177 -1.000000 3
10180 -1.000000 3
10183 -1.000000 3
10186 -1.000000 3
10189 -1.000000 3
10192 -1.000000 3
10195 -1.000000 3
10198 -1.000000 3
10201 -1.000000 3
10204 -1.000000 3
10207 -1.000000 3
10210 -1.000000 3
10213 -1.000000 3
10216 -1.000000 3
10219 -1.000000 3
10222 -1.000000 3
10225 -1.000000 3
10228 -1.000000 3
10231 -1.000000 3
10234 -1.000000 3
10237 -1.000000 3
10240 -1.000000 3
10243 -1.000000 3
10246 -1.000000 3
10249 -1.000000 3
10252 -1.000000 3
10255 -1.000000 3
10258 -1.000000 3
10261 -1.000000 3
10264 -1.000000 3
10267 -1.000000 3
10270 -1.000000 3
10273 -1.000000 3
10276 -1.000000 3
10279 -1.000000 3
10282 -1.000000 3
10285 -1.000000 3
10288 -1.000000 3
10291 -1.000000 3
10294 -1.000000 3
10297 -1.000000 3
10300 -1.000000 3
10303 -1.000000 3
10306 -1.000000 3
10309 -1.000000 3
10312 -1.000000 3
10315 -1.000000 3
10318 -1.000000 3
10321 -1.000000 3
10324 -1.000000 3
10327 -1.000000 3
10330 -1.000000 3
10333 -1.000000 3
10336 -1.000000 3
10339 -1.000000 3
10342 -1.000000 3
10345 -1.000000 3
10348 -1.000000 3
10351 -1.000000 3
10354 -1.000000 3
10357 -1.000000 3
10360 -1.000000 3
10363 -1.000000 3
10366 -1.000000 3
10369 -1.000000 3
10372 -1.000000 3
10375 -1.000000 3
10378 -1.000000 3
10381 -1.000000 3
10384 -1.000000 3
10387 -1.000000 3
10390 -1.000000 3
10393 -1.000000 3
10396 -1.000000 3
10399 -1.000000 3
10402 -1.000000 3
10405 -1.000000 3
10408 -1.000000 3
10411 -1.000000 3
10414 -1.000000 3
10417 -1.000000 3
10420 -1.000000 3
10423 -1.000000 3
10426 -1.000000 3
10429 -1.000000 3
10432 -1.000000 3
10435 -1.000000 3
10438 -1.000000 3
10441 -1.000000 3
10444 -1.000000 3
10447 -1.000000 3
10450 -1.000000 3
10453 -1.000000 3
10456 -1.000000 3
10459 -1.000000 3
10462 -1.000000 3
10465 -1.000000 3
10468 -1.000000 3
10471 -1.000000 3
10474 -1.000000 3
10477 -1.000000 3
10480 -1.000000 3
10483 -1.000000 3
10486 -1.000000 3
10489 -1.000000 3
10492 -1.000000 3
10495 -1.000000 3
10498 -1.000000 3
10501 -1.000000 3
10504 -1.000000 3
10507 -1.000000 3
10510 -1.000000 3
10513 -1.000000 3
10516 -1.000000 3
10519 -1.000000 3
10522 -1.000000 3
10525 -1.000000 3
10528 -1.000000 3
10531 -1.000000 3
10534 -1.000000 3
10537 -1.000000 3
10540 -1.000000 3
10543 -1.000000 3
10546 -1.000000 3
10549 -1.000000 3
10552 -1.000000 3
10555 -1.000000 3
10558 -1.000000 3
10561 -1.000000 3
10564 -1.000000 3
10567 -1.000000 3
10570 -1.000000 3
10573 -1.000000 3
10576 -1.000000 3
10579 -1.000000 3
10582 -1.000000 3
10585 -1.000000 3
10588 -1.000000 3
10591 -1.000000 3
10594 -1.000000 3
10597 -1.000000 3
10600 -1.000000 3
10603 -1.000000 3
10606 -1.000000 3
10609 -1.000000 3
10612 -1.000000 3
10615 -1.000000 3
10618 -1.000000 3
10621 -1.000000 3
10624 -1.000000 3
10627 -1.000000 3
10630 -1.000000 3
10633 -1.000000 3
10636 -1.000000 3
10639 -1.000000 3
10642 -1.000000 3
10645 -1.000000 3
10648 -1.000000 3
10651 -1.000000 3
10654 -1.000000 3
10657 -1.000000 3
10660 -1.000000 3
10663 -1.000000 3
10666 -1.000000 3
10669 -1.000000 3
10672 -1.000000 3
10675 -1.000000 3
10678 -1.000000 3
10681 -1.000000 3
10684 -1.000000 3
10687 -1.000000 3
10690 -1.000000 3
10693 -1.000000 3
10696 -1.000000 3
10699 -1.000000 3
10702 -1.000000 3
10705 -1.000000 3
10708 -1.000000 3
10711 -1.000000 3
10714 -1.000000 3
10717 -1.000000 3
10720 -1.000000 3
10723 -1.000000 3
10726 -1.000000 3
10729 -1.000000 3
10732 -1.000000 3
10735 -1.000000 3
10738 -1.000000 3
10741 -1.000000 3
10744 -1.000000 3
10747 -1.000000 3
10750 -1.000000 3
10753 -1.000000 3
10756 -1.000000 3
10759 -1.000000 3
10762 -1.000000 3
10765 -1.000000 3
10768 -1.000000 3
10771 -1.000000 3
10774 -1.000000 3
10777 -1.000000 3
10780 -1.000000 3
10783 -1.000000 3
10786 -1.000000 3
10789 -1.000000 3
10792 -1.000000 3
10795 -1.000000 3
10798 -1.000000 3
10801 -1.000000 3
10804 -1.000000 3
10807 -1.000000 3
10810 -1.000000 3
10813 -1.000000 3
10816 -1.000000 3
10819 -1.000000 3
10822 -1.000000 3
10825 -1.000000 3
10828 -1.000000 3
10831 -1.000000 3
10834 -1.000000 3
10837 -1.000000 3
10840 -1.000000 3
10843 -1.000000 3
10846 -1.000000 3
10849 -1.000000 3
10852 -1.000000 3
10855 -1.000000 3
10858 -1.000000 3
10861 -1.000000 3
10864 -1.000000 3
10867 -1.000000 3
10870 -1.000000 3
10873 -1.000000 3
10876 -1.000000 3
10879 -1.000000 3
10882 -1.000000 3
10885 -1.000000 3
10888 -1.000000 3
10891 -1.000000 3
10894 -1.000000 3
10897 -1.000000 3
10900 -1.000000 3
10903 -1.000000 3
10906 -1.000000 3
10909 -1.000000 3
10912 -1.000000 3
10915 -1.000000 3
10918 -1.000000 3
10921 -1.000000 3
10924 -1.000000 3
10927 -1.000000 3
10930 -1.000000 3
10933 -1.000000 3
10936 -1.000000 3
10939 -1.000000 3
10942 -1.000000 3
10945 -1.000000 3
10948 -1.000000 3
10951 -1.000000 3
10954 -1.000000 3
10957 -1.000000 3
10960 -1.000000 3
10963 -1.000000 3
10966 -1.000000 3
10969 -1.000000 3
10972 -1.000000 3
10975 -1.000000 3
10978 -1.000000 3
10981 -1.000000 3
10984 -1.000000 3
10987 -1.000000 3
10990 -1.000000 3
10993 -1.000000 3
10996 -1.000000 3
10999 -1.000000 3
11002 -1.000000 3
11006 1.000000 4
11010 1.000000 4
11015 0.000000 5
11020 0.000000 5
11024 1.000000 4
11027 1.000000 3
11031 1.000000 4
11035 1.000000 4
11039 1.000000 4
11043 1.000000 4
11047 1.000000 4
11051 1.000000 4
11056 0.000000 5
11059 -1.000000 3
11063 1.000000 4
11067 1.000000 4
11071 1.000000 4
11075 1.000000 4
11079 1.000000 4
11083 1.000000 4
11088 0.000000 5
11093 0.000000 5
11097 1.000000 4
11102 0.000000 5
11105 1.000000 3
11110 0.000000 5
11114 1.000000 4
11118 1.000000 4
11122 1.000000 4
11126 1.000000 4
11130 1.000000 4
11134 1.000000 4
11138 1.000000 4
11143 1.000000 5
11147 1.000000 4
11151 1.000000 4
11155 1.000000 4
11159 1.000000 4
11164 1.000000 5
11168 1.000000 4
11173 1.000000 5
11177 1.000000 4
11182 0.000000 5
11186 1.000000 4
11190 1.000000 4
11194 1.000000 4
11197 1.000000 3
11201 1.000000 4
11206 0.000000 5
11210 1.000000 4
11214 1.000000 4
11218 1.000000 4
11222 1.000000 4
11226 1.000000 4
11230 1.000000 4
11234 1.000000 4
11238 1.000000 4
11242 1.000000 4
11246 1.000000 4
11250 1.000000 4
11254 1.000000 4
11257 1.000000 3
11261 1.000000 4
11265 1.000000 4
11269 1.000000 4
11273 1.000000 4
11276 1.000000 3
11280 -1.000000 4
11283 1.000000 3
11286 1.000000 3
11291 1.000000 5
11295 1.000000 4
11298 -1.000000 3
11302 1.000000 4
11306 -1.000000 4
11310 1.000000 4
11314 1.000000 4
11318 1.000000 4
11322 1.000000 4
11326 1.000000 4
11330 1.000000 4
11334 1.000000 4
11339 0.000000 5
11344 0.000000 5
11347 1.000000 3
11351 1.000000 4
11355 1.000000 4
11359 1.000000 4
11363 1.000000 4
11367 -1.000000 4
11370 1.000000 3
11374 1.000000 4
11378 1.000000 4
11381 1.000000 3
11385 1.000000 4
11389 1.000000 4
11392 1.000000 3
11396 1.000000 4
11400 1.000000 4
11404 1.000000 4
11408 1.000000 4
11412 1.000000 4
11415 1.000000 3
11418 -1.000000 3
11423 1.000000 5
11427 1.000000 4
11432 0.000000 5
11436 1.000000 4
11440 1.000000 4
11444 1.000000 4
11448 1.000000 4
11452 1.000000 4
11456 1.000000 4
11459 1.000000 3
11463 1.000000 4
11467 1.000000 4
11470 1.000000 3
11473 1.000000 3
11477 1.000000 4
11482 1.000000 5
11486 1.000000 4
11490 1.000000 4
11494 1.000000 4
11497 1.000000 3
11501 1.000000 4
11505 -1.000000 4
11510 0.000000 5
11514 1.000000 4
11517 -1.000000 3
11521 1.000000 4
11525 1.000000 4
11528 1.000000 3
11532 1.000000 4
11536 1.000000 4
11540 1.000000 4
11543 1.000000 3
11546 1.000000 3
11550 1.000000 4
11553 1.000000 3
11556 1.000000 3
11559 1.000000 3
11563 1.000000 4
11567 1.000000 4
11570 -1.000000 3
11573 1.000000 3
11577 1.000000 4
11580 1.000000 3
11583 1.000000 3
11588 0.000000 5
11592 -1.000000 4
11596 1.000000 4
11600 1.000000 4
11604 1.000000 4
11608 1.000000 4
11612 1.000000 4
11615 -1.000000 3
11619 1.000000 4
11623 1.000000 4
11627 1.000000 4
11631 1.000000 4
11635 1.000000 4
11639 -1.000000 4
11642 -1.000000 3
11646 1.000000 4
11650 -1.000000 4
11654 -1.000000 4
11657 1.000000 3
11660 1.000000 3
11664 1.000000 4
11668 1.000000 4
11671 1.000000 3
11675 1.000000 4
11679 1.000000 4
11682 1.000000 3
11687 0.000000 5
11691 1.000000 4
11695 1.000000 4
11700 0.000000 5
11704 -1.000000 4
11708 1.000000 4
11712 1.000000 4
11716 1.000000 4
11720 1.000000 4
11724 1.000000 4
11728 1.000000 4
11732 1.000000 4
11735 1.000000 3
11739 1.000000 4
11743 1.000000 4
11747 1.000000 4
11751 -1.000000 4
11755 1.000000 4
11759 1.000000 4
11763 1.000000 4
11767 1.000000 4
11771 1.000000 4
11774 -1.000000 3
11778 -1.000000 4
11783 0.000000 5
11786 1.000000 3
11790 1.000000 4
11794 1.000000 4
11798 1.000000 4
11802 1.000000 4
11806 1.000000 4
11809 -1.000000 3
11812 1.000000 3
11815 -1.000000 3
11819 1.000000 4
11823 1.000000 4
11828 0.000000 5
11831 1.000000 3
11834 1.000000 3
11838 1.000000 4
11842 1.000000 4
11845 1.000000 3
11849 1.000000 4
11853 1.000000 4
11857 -1.000000 4
11861 1.000000 4
11865 1.000000 4
11869 1.000000 4
11873 1.000000 4
11877 1.000000 4
11881 1.000000 4
11885 1.000000 4
11889 1.000000 4
11893 1.000000 4
11897 1.000000 4
11901 1.000000 4
11905 1.000000 4
11909 1.000000 4
11913 1.000000 4
11916 -1.000000 3
11920 1.000000 4
11924 1.000000 4
11927 1.000000 3
11930 1.000000 3
11934 1.000000 4
11938 1.000000 4
11942 1.000000 4
11946 -1.000000 4
11950 1.000000 4
11954 1.000000 4
11958 1.000000 4
11961 1.000000 3
11965 1.000000 4
11969 1.000000 4
11972 1.000000 3
11976 1.000000 4
11980 1.000000 4
11984 1.000000 4
11988 1.000000 4
11993 0.000000 5
11996 -1.000000 3
11999 1.000000 3
12003 1.000000 4
12007 1.000000 4
12011 1.000000 4
12014 1.000000 3
12018 1.000000 4
12022 1.000000 4
12027 1.000000 5
12031 1.000000 4
12034 1.000000 3
12038 1.000000 4
12041 1.000000 3
12045 1.000000 4
12049 1.000000 4
12053 1.000000 4
12057 -1.000000 4
12062 1.000000 5
12066 1.000000 4
12070 1.000000 4
12074 1.000000 4
12078 1.000000 4
12082 1.000000 4
12086 1.000000 4
12089 1.000000 3
12093 1.000000 4
12096 -1.000000 3
12100 1.000000 4
12104 1.000000 4
12109 0.000000 5
12113 1.000000 4
12117 -1.000000 4
12121 1.000000 4
12124 1.000000 3
12128 1.000000 4
12132 1.000000 4
12137 1.000000 5
12141 -1.000000 4
12145 1.000000 4
12149 1.000000 4
12153 1.000000 4
12157 -1.000000 4
12161 1.000000 4
12165 1.000000 4
12168 1.000000 3
12171 1.000000 3
12175 1.000000 4
12178 1.000000 3
12181 1.000000 3
12185 -1.000000 4
12189 1.000000 4
12193 1.000000 4
12196 1.000000 3
12200 1.000000 4
12204 1.000000 4
12208 1.000000 4
12211 -1.000000 3
12215 1.000000 4
12218 -1.000000 3
12221 1.000000 3
12224 1.000000 3
12228 1.000000 4
12231 -1.000000 3
12235 1.000000 4
12238 1.000000 3
12242 1.000000 4
12245 1.000000 3
12249 1.000000 4
12253 1.000000 4
12257 1.000000 4
12261 1.000000 4
12265 1.000000 4
12269 1.000000 4
12274 0.000000 5
12278 1.000000 4
12281 1.000000 3
12285 1.000000 4
12289 1.000000 4
12293 1.000000 4
12297 1.000000 4
12300 -1.000000 3
12304 1.000000 4
12308 1.000000 4
12311 1.000000 3
12315 1.000000 4
12319 1.000000 4
12322 1.000000 3
12327 0.000000 5
12331 1.000000 4
12335 1.000000 4
12338 1.000000 3
12341 1.000000 3
12345 1.000000 4
12349 1.000000 4
12353 1.000000 4
12356 1.000000 3
12359 1.000000 3
12363 -1.000000 4
12367 1.000000 4
12371 1.000000 4
12375 1.000000 4
12379 1.000000 4
12383 1.000000 4
12386 -1.000000 3
12390 1.000000 4
12394 1.000000 4
12398 1.000000 4
12402 1.000000 4
12405 1.000000 3
12409 1.000000 4
12412 -1.000000 3
12415 1.000000 3
12419 1.000000 4
12423 1.000000 4
12426 -1.000000 3
12430 1.000000 4
12434 1.000000 4
12438 1.000000 4
12442 -1.000000 4
12446 1.000000 4
12450 1.000000 4
12454 1.000000 4
12458 1.000000 4
12462 1.000000 4
12466 1.000000 4
12469 -1.000000 3
12473 1.000000 4
12476 1.000000 3
12480 1.000000 4
12484 1.000000 4
12488 1.000000 4
12492 1.000000 4
12496 1.000000 4
12500 1.000000 4
12503 -1.000000 3
12507 1.000000 4
12511 1.000000 4
12514 1.000000 3
12517 1.000000 3
12521 -1.000000 4
12525 1.000000 4
12530 1.000000 5
12533 1.000000 3
12537 1.000000 4
12541 1.000000 4
12544 1.000000 3
12548 1.000000 4
12552 1.000000 4
12556 1.000000 4
12560 1.000000 4
12565 1.000000 5
12569 1.000000 4
12573 1.000000 4
12577 1.000000 4
12580 1.000000 3
12583 1.000000 3
12587 1.000000 4
12591 1.000000 4
12595 -1.000000 4
12600 0.000000 5
12604 1.000000 4
12608 1.000000 4
12612 1.000000 4
12616 1.000000 4
12619 -1.000000 3
12623 1.000000 4
12627 1.000000 4
12631 1.000000 4
12635 1.000000 4
12639 1.000000 4
12643 1.000000 4
12647 1.000000 4
12651 1.000000 4
12655 -1.000000 4
12659 1.000000 4
12662 1.000000 3
12666 1.000000 4
12669 1.000000 3
12673 1.000000 4
12677 1.000000 4
12681 1.000000 4
12685 1.000000 4
12689 1.000000 4
12693 1.000000 4
12696 1.000000 3
12700 1.000000 4
12704 1.000000 4
12709 0.000000 5
12713 1.000000 4
12717 1.000000 4
12721 -1.000000 4
12724 -1.000000 3
12728 1.000000 4
12731 1.000000 3
12735 1.000000 4
12740 0.000000 5
12743 1.000000 3
12747 1.000000 4
12750 1.000000 3
12754 1.000000 4
12757 -1.000000 3
12761 1.000000 4
12766 0.000000 5
12771 0.000000 5
12775 1.000000 4
12779 1.000000 4
12783 1.000000 4
12787 1.000000 4
12790 -1.000000 3
12793 -1.000000 3
12797 -1.000000 4
12801 1.000000 4
12806 0.000000 5
12810 1.000000 4
12814 1.000000 4
12818 1.000000 4
12822 1.000000 4
12826 1.000000 4
12831 0.000000 5
12835 1.000000 4
12838 1.000000 3
12842 1.000000 4
12846 1.000000 4
12849 1.000000 3
12853 1.000000 4
12857 1.000000 4
12862 0.000000 5
12866 1.000000 4
12870 1.000000 4
12874 1.000000 4
12878 1.000000 4
12881 1.000000 3
12886 0.000000 5
12890 1.000000 4
12894 1.000000 4
12899 0.000000 5
12903 1.000000 4
12907 1.000000 4
12911 1.000000 4
12915 1.000000 4
12919 1.000000 4
12923 1.000000 4
12927 1.000000 4
12931 1.000000 4
12935 1.000000 4
12939 1.000000 4
12943 1.000000 4
12947 1.000000 4
12951 1.000000 4
12955 1.000000 4
12959 1.000000 4
12963 1.000000 4
12966 1.000000 3
12970 1.000000 4
12975 0.000000 5
12978 -1.000000 3
12983 0.000000 5
12987 -1.000000 4
12992 0.000000 5
12996 1.000000 4
12999 1.000000 3
13003 1.000000 4
