5 0.000000 5
11 -1.000000 6
15 1.000000 4
20 1.000000 5
24 -1.000000 4
30 -1.000000 6
35 1.000000 5
40 1.000000 5
46 -1.000000 6
52 -1.000000 6
57 1.000000 5
62 -1.000000 5
66 1.000000 4
70 -1.000000 4
75 1.000000 5
79 1.000000 4
83 1.000000 4
89 0.000000 6
95 0.000000 6
101 0.000000 6
105 -1.000000 4
110 -1.000000 5
114 1.000000 4
117 1.000000 3
121 1.000000 4
127 1.000000 6
131 1.000000 4
135 1.000000 4
140 0.000000 5
144 -1.000000 4
148 -1.000000 4
152 1.000000 4
157 -1.000000 5
161 1.000000 4
164 -1.000000 3
168 1.000000 4
173 1.000000 5
179 -1.000000 6
182 -1.000000 3
186 1.000000 4
192 1.000000 6
198 1.000000 6
202 1.000000 4
207 1.000000 5
212 0.000000 5
216 1.000000 4
219 1.000000 3
223 -1.000000 4
229 0.000000 6
233 -1.000000 4
238 1.000000 5
243 -1.000000 5
249 -1.000000 6
254 1.000000 5
260 1.000000 6
265 0.000000 5
270 -1.000000 5
276 -1.000000 6
279 1.000000 3
284 -1.000000 5
288 1.000000 4
291 -1.000000 3
297 -1.000000 6
301 -1.000000 4
305 -1.000000 4
309 1.000000 4
312 -1.000000 3
316 -1.000000 4
323 0.000000 7
328 1.000000 5
334 -1.000000 6
340 1.000000 6
346 -1.000000 6
351 1.000000 5
358 0.000000 7
362 1.000000 4
365 1.000000 3
370 1.000000 5
375 -1.000000 5
380 1.000000 5
386 -1.000000 6
392 -1.000000 6
395 1.000000 3
399 -1.000000 4
404 -1.000000 5
408 1.000000 4
413 1.000000 5
418 -1.000000 5
424 -1.000000 6
429 -1.000000 5
432 1.000000 3
436 -1.000000 4
439 -1.000000 3
444 1.000000 5
449 1.000000 5
453 1.000000 4
459 -1.000000 6
463 -1.000000 4
468 1.000000 5
472 -1.000000 4
476 -1.000000 4
483 -1.000000 7
488 1.000000 5
492 1.000000 4
497 -1.000000 5
502 1.000000 5
508 1.000000 6
514 0.000000 6
519 1.000000 5
525 1.000000 6
528 -1.000000 3
532 1.000000 4
535 -1.000000 3
541 1.000000 6
546 1.000000 5
551 1.000000 5
555 -1.000000 4
559 -1.000000 4
564 1.000000 5
569 -1.000000 5
573 -1.000000 4
579 -1.000000 6
584 -1.000000 5
589 -1.000000 5
595 -1.000000 6
598 1.000000 3
603 1.000000 5
607 1.000000 4
613 0.000000 6
616 -1.000000 3
620 1.000000 4
624 -1.000000 4
631 -1.000000 7
634 -1.000000 3
637 -1.000000 3
641 -1.000000 4
646 1.000000 5
649 1.000000 3
653 1.000000 4
658 -1.000000 5
663 0.000000 5
669 0.000000 6
674 -1.000000 5
680 1.000000 6
686 -1.000000 6
691 0.000000 5
695 -1.000000 4
701 -1.000000 6
706 1.000000 5
709 1.000000 3
716 -1.000000 7
721 1.000000 5
724 1.000000 3
728 -1.000000 4
733 -1.000000 5
737 1.000000 4
744 1.000000 7
748 1.000000 4
751 1.000000 3
755 -1.000000 4
761 0.000000 6
764 1.000000 3
770 -1.000000 6
775 1.000000 5
780 -1.000000 5
785 -1.000000 5
789 -1.000000 4
794 -1.000000 5
797 1.000000 3
802 1.000000 5
806 -1.000000 4
811 1.000000 5
816 -1.000000 5
820 1.000000 4
824 -1.000000 4
827 -1.000000 3
832 -1.000000 5
837 1.000000 5
842 -1.000000 5
847 -1.000000 5
854 1.000000 7
859 1.000000 5
865 -1.000000 6
871 -1.000000 6
875 1.000000 4
881 -1.000000 6
887 1.000000 6
891 -1.000000 4
895 -1.000000 4
899 -1.000000 4
904 1.000000 5
908 1.000000 4
912 1.000000 4
917 1.000000 5
921 -1.000000 4
925 1.000000 4
929 1.000000 4
933 1.000000 4
940 -1.000000 7
946 0.000000 6
951 1.000000 5
956 1.000000 5
961 1.000000 5
967 1.000000 6
973 0.000000 6
978 -1.000000 5
983 -1.000000 5
986 -1.000000 3
991 1.000000 5
995 -1.000000 4
1000 -1.000000 5
1007 1.000000 7
1010 -1.000000 3
1014 1.000000 4
1019 -1.000000 5
1023 -1.000000 4
1026 1.000000 3
1033 -1.000000 7
1039 1.000000 6
1043 1.000000 4
1048 -1.000000 5
1053 -1.000000 5
1056 1.000000 3
1060 -1.000000 4
1065 -1.000000 5
1070 1.000000 5
1076 0.000000 6
1079 -1.000000 3
1082 1.000000 3
1086 1.000000 4
1090 1.000000 4
1093 1.000000 3
1097 1.000000 4
1102 1.000000 5
1107 1.000000 5
1110 -1.000000 3
1115 1.000000 5
1120 -1.000000 5
1125 1.000000 5
1130 0.000000 5
1136 -1.000000 6
1140 -1.000000 4
1144 1.000000 4
1150 1.000000 6
1155 -1.000000 5
1159 -1.000000 4
1166 0.000000 7
1171 1.000000 5
1175 1.000000 4
1181 1.000000 6
1186 1.000000 5
1191 -1.000000 5
1197 1.000000 6
1201 -1.000000 4
1205 -1.000000 4
1210 1.000000 5
1214 1.000000 4
1219 1.000000 5
1223 -1.000000 4
1230 0.000000 7
1235 -1.000000 5
1240 -1.000000 5
1246 1.000000 6
1254 1.000000 8
1259 0.000000 5
1264 1.000000 5
1268 1.000000 4
1273 1.000000 5
1277 -1.000000 4
1282 1.000000 5
1287 -1.000000 5
1292 1.000000 5
1295 -1.000000 3
1301 0.000000 6
1304 1.000000 3
1309 -1.000000 5
1312 -1.000000 3
1316 -1.000000 4
1320 -1.000000 4
1325 1.000000 5
1331 1.000000 6
1335 -1.000000 4
1340 -1.000000 5
1345 -1.000000 5
1350 1.000000 5
1355 -1.000000 5
1358 1.000000 3
1363 0.000000 5
1369 -1.000000 6
1372 1.000000 3
1378 -1.000000 6
1382 1.000000 4
1385 -1.000000 3
1389 1.000000 4
1393 -1.000000 4
1398 -1.000000 5
1402 -1.000000 4
1406 1.000000 4
1409 1.000000 3
1413 1.000000 4
1418 1.000000 5
1423 1.000000 5
1428 -1.000000 5
1432 1.000000 4
1438 1.000000 6
1441 1.000000 3
1446 -1.000000 5
1451 1.000000 5
1454 1.000000 3
1459 1.000000 5
1466 1.000000 7
1472 -1.000000 6
1476 -1.000000 4
1479 1.000000 3
1484 -1.000000 5
1489 -1.000000 5
1494 1.000000 5
1499 -1.000000 5
1504 1.000000 5
1509 -1.000000 5
1516 0.000000 7
1519 1.000000 3
1523 -1.000000 4
1528 -1.000000 5
1532 -1.000000 4
1537 -1.000000 5
1541 -1.000000 4
1546 1.000000 5
1549 1.000000 3
1554 -1.000000 5
1558 1.000000 4
1563 1.000000 5
1569 1.000000 6
1572 -1.000000 3
1576 1.000000 4
1581 -1.000000 5
1585 -1.000000 4
1588 -1.000000 3
1592 -1.000000 4
1596 -1.000000 4
1602 1.000000 6
1609 -1.000000 7
1613 -1.000000 4
1618 1.000000 5
1622 1.000000 4
