4 1.000000 4
8 1.000000 4
13 0.000000 5
17 1.000000 4
20 -1.000000 3
25 1.000000 5
29 1.000000 4
32 1.000000 3
37 1.000000 5
42 1.000000 5
46 -1.000000 4
51 1.000000 5
54 -1.000000 3
57 1.000000 3
62 1.000000 5
66 1.000000 4
69 1.000000 3
73 -1.000000 4
78 1.000000 5
81 1.000000 3
85 1.000000 4
90 1.000000 5
95 0.000000 5
100 1.000000 5
105 0.000000 5
109 -1.000000 4
114 0.000000 5
118 -1.000000 4
121 -1.000000 3
126 1.000000 5
130 1.000000 4
134 -1.000000 4
137 1.000000 3
140 1.000000 3
144 1.000000 4
148 1.000000 4
152 1.000000 4
156 -1.000000 4
161 0.000000 5
165 1.000000 4
170 1.000000 5
175 0.000000 5
180 1.000000 5
183 -1.000000 3
188 1.000000 5
191 -1.000000 3
194 -1.000000 3
199 1.000000 5
204 0.000000 5
208 1.000000 4
212 1.000000 4
216 -1.000000 4
220 -1.000000 4
225 0.000000 5
228 -1.000000 3
232 1.000000 4
235 1.000000 3
239 1.000000 4
242 1.000000 3
247 1.000000 5
250 1.000000 3
254 -1.000000 4
259 1.000000 5
263 1.000000 4
267 1.000000 4
271 1.000000 4
275 1.000000 4
279 1.000000 4
284 0.000000 5
288 -1.000000 4
292 -1.000000 4
296 1.000000 4
301 1.000000 5
305 1.000000 4
309 -1.000000 4
312 -1.000000 3
317 0.000000 5
322 0.000000 5
325 1.000000 3
328 -1.000000 3
331 1.000000 3
335 -1.000000 4
339 -1.000000 4
343 -1.000000 4
347 1.000000 4
351 1.000000 4
356 0.000000 5
359 1.000000 3
363 -1.000000 4
367 1.000000 4
372 0.000000 5
376 1.000000 4
379 1.000000 3
384 1.000000 5
389 0.000000 5
392 -1.000000 3
395 1.000000 3
400 1.000000 5
404 -1.000000 4
409 1.000000 5
414 0.000000 5
417 -1.000000 3
422 0.000000 5
427 1.000000 5
431 -1.000000 4
435 1.000000 4
439 1.000000 4
442 -1.000000 3
445 -1.000000 3
449 1.000000 4
454 1.000000 5
458 -1.000000 4
462 1.000000 4
466 1.000000 4
470 1.000000 4
473 -1.000000 3
476 1.000000 3
480 1.000000 4
483 -1.000000 3
487 -1.000000 4
490 1.000000 3
494 -1.000000 4
498 -1.000000 4
502 1.000000 4
506 -1.000000 4
511 1.000000 5
516 0.000000 5
521 0.000000 5
525 1.000000 4
529 1.000000 4
533 1.000000 4
537 1.000000 4
542 1.000000 5
547 1.000000 5
550 1.000000 3
555 0.000000 5
560 1.000000 5
564 1.000000 4
568 1.000000 4
573 1.000000 5
577 1.000000 4
581 1.000000 4
585 -1.000000 4
589 -1.000000 4
593 -1.000000 4
596 1.000000 3
601 1.000000 5
604 1.000000 3
608 -1.000000 4
611 1.000000 3
614 1.000000 3
619 0.000000 5
624 1.000000 5
627 -1.000000 3
631 -1.000000 4
636 1.000000 5
641 1.000000 5
646 1.000000 5
651 0.000000 5
655 1.000000 4
658 1.000000 3
663 0.000000 5
667 1.000000 4
670 1.000000 3
674 -1.000000 4
679 1.000000 5
684 0.000000 5
687 -1.000000 3
691 -1.000000 4
694 1.000000 3
698 1.000000 4
703 1.000000 5
708 1.000000 5
713 0.000000 5
716 -1.000000 3
721 1.000000 5
725 1.000000 4
729 1.000000 4
733 -1.000000 4
738 1.000000 5
743 1.000000 5
746 -1.000000 3
751 0.000000 5
756 1.000000 5
761 0.000000 5
765 1.000000 4
769 1.000000 4
774 1.000000 5
778 1.000000 4
783 1.000000 5
788 1.000000 5
791 -1.000000 3
795 1.000000 4
799 1.000000 4
804 0.000000 5
808 1.000000 4
813 1.000000 5
817 -1.000000 4
822 1.000000 5
826 -1.000000 4
831 1.000000 5
836 1.000000 5
840 1.000000 4
845 1.000000 5
849 -1.000000 4
852 1.000000 3
855 -1.000000 3
859 1.000000 4
864 0.000000 5
869 0.000000 5
873 -1.000000 4
878 1.000000 5
882 1.000000 4
886 -1.000000 4
890 1.000000 4
894 1.000000 4
898 1.000000 4
903 1.000000 5
908 0.000000 5
912 1.000000 4
916 -1.000000 4
919 1.000000 3
923 -1.000000 4
926 1.000000 3
931 0.000000 5
934 -1.000000 3
938 1.000000 4
942 -1.000000 4
945 1.000000 3
950 0.000000 5
954 1.000000 4
959 0.000000 5
964 1.000000 5
968 -1.000000 4
973 1.000000 5
978 1.000000 5
981 -1.000000 3
985 -1.000000 4
990 1.000000 5
994 -1.000000 4
998 1.000000 4
1002 -1.000000 4
1007 1.000000 5
1010 -1.000000 3
1014 -1.000000 4
1017 1.000000 3
1021 -1.000000 4
1026 1.000000 5
1031 1.000000 5
1036 0.000000 5
1039 1.000000 3
1042 1.000000 3
1045 -1.000000 3
1048 -1.000000 3
1053 1.000000 5
1058 0.000000 5
1063 0.000000 5
1066 -1.000000 3
1071 1.000000 5
1074 -1.000000 3
1079 1.000000 5
1083 1.000000 4
1087 -1.000000 4
1092 1.000000 5
1096 -1.000000 4
1100 1.000000 4
1104 1.000000 4
1109 1.000000 5
1113 -1.000000 4
1117 1.000000 4
1122 0.000000 5
1126 -1.000000 4
1129 1.000000 3
1133 -1.000000 4
1138 0.000000 5
1142 1.000000 4
1147 1.000000 5
1152 1.000000 5
1156 -1.000000 4
1160 1.000000 4
1164 -1.000000 4
1169 1.000000 5
1173 -1.000000 4
1176 -1.000000 3
1181 0.000000 5
1186 1.000000 5
1189 -1.000000 3
1192 1.000000 3
1195 1.000000 3
1200 1.000000 5
1203 -1.000000 3
1207 1.000000 4
1212 1.000000 5
1217 0.000000 5
1221 1.000000 4
1225 -1.000000 4
1229 1.000000 4
1232 1.000000 3
1236 1.000000 4
1241 1.000000 5
1246 0.000000 5
1251 1.000000 5
1256 0.000000 5
1259 -1.000000 3
1264 1.000000 5
1268 1.000000 4
1272 1.000000 4
1275 -1.000000 3
1279 -1.000000 4
1284 0.000000 5
1287 -1.000000 3
1292 0.000000 5
1295 -1.000000 3
1299 1.000000 4
1303 1.000000 4
1308 0.000000 5
1313 0.000000 5
1318 1.000000 5
1322 1.000000 4
1325 1.000000 3
1329 1.000000 4
1334 1.000000 5
1339 1.000000 5
1344 1.000000 5
1347 -1.000000 3
1352 0.000000 5
1356 1.000000 4
1361 1.000000 5
1365 -1.000000 4
1370 1.000000 5
1375 0.000000 5
1379 1.000000 4
1383 -1.000000 4
1387 1.000000 4
1392 1.000000 5
1395 1.000000 3
1398 -1.000000 3
1402 -1.000000 4
1406 1.000000 4
1409 1.000000 3
1414 1.000000 5
1419 1.000000 5
1423 1.000000 4
1427 1.000000 4
1431 -1.000000 4
1436 1.000000 5
1441 0.000000 5
1445 -1.000000 4
1448 1.000000 3
1453 1.000000 5
1457 -1.000000 4
1461 1.000000 4
1464 -1.000000 3
1467 1.000000 3
1471 -1.000000 4
1475 1.000000 4
1479 -1.000000 4
1483 1.000000 4
1488 1.000000 5
1493 0.000000 5
1498 1.000000 5
1501 1.000000 3
1505 1.000000 4
1510 1.000000 5
1515 1.000000 5
1519 1.000000 4
1522 1.000000 3
1526 1.000000 4
1530 1.000000 4
1533 1.000000 3
1537 1.000000 4
1541 1.000000 4
1546 0.000000 5
1549 1.000000 3
1552 1.000000 3
1555 -1.000000 3
1559 1.000000 4
1563 1.000000 4
1567 1.000000 4
1572 1.000000 5
1576 1.000000 4
1580 1.000000 4
1585 0.000000 5
1588 -1.000000 3
1592 1.000000 4
1596 1.000000 4
1600 -1.000000 4
1603 -1.000000 3
1607 1.000000 4
1612 1.000000 5
1617 1.000000 5
1621 -1.000000 4
1626 1.000000 5
1630 -1.000000 4
1635 1.000000 5
1639 1.000000 4
1644 1.000000 5
1648 1.000000 4
1653 0.000000 5
1658 1.000000 5
1661 1.000000 3
1665 1.000000 4
1670 1.000000 5
1674 1.000000 4
1679 1.000000 5
1683 -1.000000 4
1687 -1.000000 4
1692 0.000000 5
1695 1.000000 3
1699 1.000000 4
1704 1.000000 5
1708 -1.000000 4
1713 1.000000 5
1718 0.000000 5
1723 0.000000 5
1728 1.000000 5
1732 -1.000000 4
1736 -1.000000 4
1741 1.000000 5
1744 -1.000000 3
1748 -1.000000 4
1752 1.000000 4
1756 1.000000 4
1761 1.000000 5
1766 0.000000 5
1769 -1.000000 3
1772 1.000000 3
1777 1.000000 5
1781 -1.000000 4
1785 1.000000 4
1789 -1.000000 4
1793 -1.000000 4
1797 -1.000000 4
1801 1.000000 4
1806 0.000000 5
1809 -1.000000 3
1813 -1.000000 4
1817 1.000000 4
1821 1.000000 4
1826 1.000000 5
1830 1.000000 4
1835 1.000000 5
1839 -1.000000 4
1843 -1.000000 4
1847 1.000000 4
1851 1.000000 4
1855 -1.000000 4
1859 1.000000 4
1864 1.000000 5
1869 1.000000 5
1874 1.000000 5
1878 1.000000 4
1881 1.000000 3
1886 1.000000 5
1891 1.000000 5
1895 1.000000 4
1899 1.000000 4
1903 1.000000 4
1907 1.000000 4
1912 1.000000 5
1916 1.000000 4
1921 1.000000 5
1924 1.000000 3
1927 1.000000 3
1931 1.000000 4
1935 -1.000000 4
1938 -1.000000 3
1942 1.000000 4
1947 1.000000 5
1951 -1.000000 4
1956 0.000000 5
1960 -1.000000 4
1965 0.000000 5
1969 -1.000000 4
1972 -1.000000 3
1976 -1.000000 4
1980 -1.000000 4
1984 -1.000000 4
1989 1.000000 5
1993 -1.000000 4
1996 1.000000 3
1999 -1.000000 3
2004 1.000000 5
2007 1.000000 3
2011 1.000000 4
2016 1.000000 5
2019 1.000000 3
2023 1.000000 4
2028 0.000000 5
2033 0.000000 5
2037 1.000000 4
2041 1.000000 4
2046 1.000000 5
2050 1.000000 4
2054 -1.000000 4
2058 1.000000 4
2063 0.000000 5
2068 1.000000 5
2072 -1.000000 4
2076 -1.000000 4
2081 1.000000 5
2086 1.000000 5
2090 1.000000 4
2094 -1.000000 4
2098 -1.000000 4
2103 0.000000 5
2106 1.000000 3
2110 1.000000 4
2114 1.000000 4
2117 1.000000 3
2120 -1.000000 3
2125 1.000000 5
2130 0.000000 5
2134 -1.000000 4
2138 -1.000000 4
2143 0.000000 5
2148 1.000000 5
2152 -1.000000 4
2155 1.000000 3
2158 -1.000000 3
2163 0.000000 5
2168 1.000000 5
2171 1.000000 3
2176 0.000000 5
2180 -1.000000 4
2184 -1.000000 4
2188 -1.000000 4
2192 -1.000000 4
2197 1.000000 5
2201 1.000000 4
2205 -1.000000 4
2209 -1.000000 4
2212 -1.000000 3
2217 1.000000 5
2221 1.000000 4
2224 -1.000000 3
2227 -1.000000 3
2232 1.000000 5
2235 1.000000 3
2239 1.000000 4
2244 1.000000 5
2249 0.000000 5
2252 -1.000000 3
2257 0.000000 5
2261 -1.000000 4
2265 1.000000 4
2270 1.000000 5
2274 -1.000000 4
2278 1.000000 4
2281 -1.000000 3
2284 1.000000 3
2288 1.000000 4
2291 -1.000000 3
2296 1.000000 5
2300 1.000000 4
2304 -1.000000 4
2308 -1.000000 4
2313 0.000000 5
2316 -1.000000 3
2321 1.000000 5
2325 -1.000000 4
2329 1.000000 4
2332 1.000000 3
2335 -1.000000 3
2339 -1.000000 4
2344 0.000000 5
2348 1.000000 4
2353 1.000000 5
2356 -1.000000 3
2361 1.000000 5
2365 -1.000000 4
2369 1.000000 4
2372 -1.000000 3
2375 -1.000000 3
2380 1.000000 5
2384 1.000000 4
2388 1.000000 4
2391 1.000000 3
2395 1.000000 4
2399 1.000000 4
2403 -1.000000 4
2408 1.000000 5
2413 0.000000 5
2417 -1.000000 4
2422 0.000000 5
2427 0.000000 5
2431 1.000000 4
2435 1.000000 4
2439 1.000000 4
2443 1.000000 4
2447 1.000000 4
2450 1.000000 3
2454 1.000000 4
2458 -1.000000 4
2462 1.000000 4
2466 -1.000000 4
2471 1.000000 5
2474 1.000000 3
2479 1.000000 5
2484 1.000000 5
2488 1.000000 4
2491 -1.000000 3
2495 -1.000000 4
2498 -1.000000 3
2502 1.000000 4
2507 1.000000 5
2512 1.000000 5
2517 1.000000 5
2521 1.000000 4
2525 1.000000 4
2530 1.000000 5
2533 -1.000000 3
2538 0.000000 5
2542 1.000000 4
2546 -1.000000 4
2549 -1.000000 3
2554 1.000000 5
2557 1.000000 3
2561 -1.000000 4
2564 1.000000 3
2568 1.000000 4
2572 -1.000000 4
2576 -1.000000 4
2579 1.000000 3
2582 1.000000 3
2586 1.000000 4
2591 1.000000 5
2596 0.000000 5
2601 0.000000 5
2606 1.000000 5
2610 -1.000000 4
2614 1.000000 4
2619 1.000000 5
2623 -1.000000 4
2628 1.000000 5
2633 1.000000 5
2636 1.000000 3
2641 0.000000 5
2645 -1.000000 4
2649 -1.000000 4
2653 1.000000 4
2656 -1.000000 3
2659 1.000000 3
2663 -1.000000 4
2668 1.000000 5
2673 0.000000 5
2677 1.000000 4
2682 1.000000 5
2687 1.000000 5
2691 -1.000000 4
2695 1.000000 4
2699 1.000000 4
2704 0.000000 5
2707 -1.000000 3
2712 0.000000 5
2717 1.000000 5
2720 1.000000 3
2725 1.000000 5
2729 1.000000 4
2734 0.000000 5
2738 -1.000000 4
2742 1.000000 4
2746 -1.000000 4
2751 0.000000 5
2755 1.000000 4
2759 -1.000000 4
2763 1.000000 4
2767 -1.000000 4
2772 1.000000 5
2775 -1.000000 3
2780 0.000000 5
2783 1.000000 3
2787 1.000000 4
2791 -1.000000 4
2795 -1.000000 4
2799 1.000000 4
2803 -1.000000 4
2806 -1.000000 3
2810 1.000000 4
2814 -1.000000 4
2817 -1.000000 3
2821 1.000000 4
2825 -1.000000 4
2830 1.000000 5
2834 1.000000 4
2838 1.000000 4
2842 1.000000 4
2845 1.000000 3
2850 0.000000 5
2855 0.000000 5
2858 -1.000000 3
2863 0.000000 5
2867 1.000000 4
2871 -1.000000 4
2874 1.000000 3
2878 1.000000 4
2883 0.000000 5
2888 1.000000 5
2891 1.000000 3
2895 -1.000000 4
2898 -1.000000 3
2902 -1.000000 4
2907 1.000000 5
2911 1.000000 4
2916 1.000000 5
2920 1.000000 4
2925 1.000000 5
2928 -1.000000 3
2932 -1.000000 4
2935 1.000000 3
2940 1.000000 5
2943 -1.000000 3
2948 1.000000 5
2953 1.000000 5
2956 -1.000000 3
2960 1.000000 4
2965 1.000000 5
2970 1.000000 5
2974 -1.000000 4
2977 1.000000 3
2980 1.000000 3
2985 1.000000 5
2990 1.000000 5
2995 1.000000 5
3000 0.000000 5
3004 1.000000 4
3007 1.000000 3
3012 0.000000 5
3015 1.000000 3
3019 1.000000 4
3022 -1.000000 3
3026 1.000000 4
3030 1.000000 4
3034 -1.000000 4
3039 1.000000 5
3044 1.000000 5
3048 1.000000 4
3052 1.000000 4
3056 1.000000 4
3059 -1.000000 3
3063 1.000000 4
3068 1.000000 5
3072 1.000000 4
3077 0.000000 5
3081 1.000000 4
3085 1.000000 4
3090 0.000000 5
3095 0.000000 5
3098 -1.000000 3
3103 1.000000 5
3107 -1.000000 4
3112 1.000000 5
3115 1.000000 3
3120 1.000000 5
3125 1.000000 5
3130 1.000000 5
3134 1.000000 4
3139 1.000000 5
3142 -1.000000 3
3146 -1.000000 4
3150 1.000000 4
3155 1.000000 5
3160 1.000000 5
3165 1.000000 5
3170 1.000000 5
3174 1.000000 4
3178 1.000000 4
3182 -1.000000 4
3187 1.000000 5
3192 1.000000 5
3196 -1.000000 4
3201 1.000000 5
3206 1.000000 5
3211 1.000000 5
3216 1.000000 5
3220 -1.000000 4
3225 0.000000 5
3228 1.000000 3
3232 -1.000000 4
3236 -1.000000 4
3241 1.000000 5
3246 1.000000 5
3249 -1.000000 3
3253 1.000000 4
3257 1.000000 4
3261 1.000000 4
3266 1.000000 5
3271 1.000000 5
3276 0.000000 5
3281 0.000000 5
3285 -1.000000 4
3288 -1.000000 3
3293 1.000000 5
3298 1.000000 5
3301 1.000000 3
3305 1.000000 4
3309 -1.000000 4
3313 -1.000000 4
3317 -1.000000 4
3322 1.000000 5
3326 -1.000000 4
3330 -1.000000 4
3334 1.000000 4
3339 1.000000 5
3343 1.000000 4
3347 1.000000 4
3350 1.000000 3
3355 1.000000 5
3360 0.000000 5
3365 0.000000 5
3370 1.000000 5
3375 1.000000 5
3379 -1.000000 4
3384 1.000000 5
3387 -1.000000 3
3390 -1.000000 3
3394 -1.000000 4
3399 1.000000 5
3403 1.000000 4
3408 0.000000 5
3412 1.000000 4
3415 -1.000000 3
3418 -1.000000 3
3422 1.000000 4
3427 0.000000 5
3432 0.000000 5
3436 -1.000000 4
3440 1.000000 4
3444 1.000000 4
3449 0.000000 5
3452 1.000000 3
3457 1.000000 5
3462 1.000000 5
3467 0.000000 5
3472 1.000000 5
3476 1.000000 4
3481 1.000000 5
3486 0.000000 5
3490 -1.000000 4
3494 -1.000000 4
3499 0.000000 5
3504 1.000000 5
3508 -1.000000 4
3513 0.000000 5
3517 -1.000000 4
3522 1.000000 5
3526 1.000000 4
3531 0.000000 5
3535 1.000000 4
3539 -1.000000 4
3543 -1.000000 4
3547 -1.000000 4
3552 0.000000 5
3555 -1.000000 3
3558 -1.000000 3
3563 1.000000 5
3568 1.000000 5
3572 -1.000000 4
3576 -1.000000 4
3580 -1.000000 4
3583 1.000000 3
3586 1.000000 3
3590 1.000000 4
3594 1.000000 4
3598 -1.000000 4
3603 1.000000 5
3608 1.000000 5
3611 -1.000000 3
3616 0.000000 5
3619 1.000000 3
3623 -1.000000 4
3627 1.000000 4
3631 1.000000 4
3636 1.000000 5
3639 -1.000000 3
3642 1.000000 3
3647 1.000000 5
3652 0.000000 5
3655 1.000000 3
3659 -1.000000 4
3664 1.000000 5
3668 1.000000 4
3671 1.000000 3
3676 0.000000 5
3680 1.000000 4
3683 1.000000 3
3688 1.000000 5
3691 -1.000000 3
3695 -1.000000 4
3699 -1.000000 4
3702 1.000000 3
3706 1.000000 4
3711 0.000000 5
3714 1.000000 3
3718 -1.000000 4
3723 1.000000 5
3728 1.000000 5
3732 -1.000000 4
3737 1.000000 5
3741 -1.000000 4
3744 1.000000 3
3749 1.000000 5
3753 1.000000 4
3757 1.000000 4
3762 0.000000 5
3766 1.000000 4
3771 0.000000 5
3775 -1.000000 4
3780 1.000000 5
3784 -1.000000 4
3788 1.000000 4
3792 1.000000 4
3796 -1.000000 4
3801 0.000000 5
3805 -1.000000 4
3810 1.000000 5
3814 -1.000000 4
3819 1.000000 5
3823 -1.000000 4
3828 0.000000 5
3833 1.000000 5
3836 1.000000 3
3840 -1.000000 4
3845 0.000000 5
3848 1.000000 3
3852 1.000000 4
3855 -1.000000 3
3859 -1.000000 4
3862 -1.000000 3
3865 -1.000000 3
3869 1.000000 4
3873 1.000000 4
3877 1.000000 4
3880 -1.000000 3
3885 1.000000 5
3889 1.000000 4
3894 1.000000 5
3899 1.000000 5
3904 1.000000 5
3909 1.000000 5
3914 1.000000 5
3919 0.000000 5
3924 1.000000 5
3928 1.000000 4
3933 0.000000 5
3938 1.000000 5
3943 1.000000 5
3947 -1.000000 4
3951 1.000000 4
3954 -1.000000 3
3959 1.000000 5
3964 1.000000 5
3967 1.000000 3
3971 1.000000 4
3976 1.000000 5
3980 -1.000000 4
3985 1.000000 5
3990 0.000000 5
3994 1.000000 4
3997 -1.000000 3
4001 -1.000000 4
4005 1.000000 4
4008 -1.000000 3
4013 1.000000 5
4018 1.000000 5
4023 1.000000 5
4026 -1.000000 3
4031 1.000000 5
4035 1.000000 4
4039 -1.000000 4
4043 -1.000000 4
4046 1.000000 3
4050 -1.000000 4
4055 1.000000 5
4059 1.000000 4
4063 -1.000000 4
4068 1.000000 5
4073 0.000000 5
4076 -1.000000 3
4079 1.000000 3
4083 -1.000000 4
4087 -1.000000 4
4090 -1.000000 3
4095 1.000000 5
4099 -1.000000 4
4102 1.000000 3
4106 1.000000 4
4111 1.000000 5
4116 0.000000 5
4119 1.000000 3
4123 1.000000 4
4126 1.000000 3
4130 -1.000000 4
4134 1.000000 4
4137 1.000000 3
4140 -1.000000 3
4145 1.000000 5
4148 -1.000000 3
4151 -1.000000 3
4155 1.000000 4
4159 1.000000 4
4163 1.000000 4
4167 1.000000 4
4172 1.000000 5
4175 -1.000000 3
4178 -1.000000 3
4182 -1.000000 4
4185 -1.000000 3
4189 -1.000000 4
4193 1.000000 4
4197 1.000000 4
4201 -1.000000 4
4206 0.000000 5
4211 0.000000 5
4215 1.000000 4
4219 -1.000000 4
4223 1.000000 4
4227 -1.000000 4
4230 -1.000000 3
4234 -1.000000 4
4237 -1.000000 3
4240 1.000000 3
4245 1.000000 5
4248 1.000000 3
4253 1.000000 5
4258 1.000000 5
4263 1.000000 5
4267 1.000000 4
4271 -1.000000 4
4276 0.000000 5
4281 1.000000 5
4286 1.000000 5
4290 1.000000 4
4295 1.000000 5
4299 -1.000000 4
4303 1.000000 4
4307 -1.000000 4
4311 1.000000 4
4316 0.000000 5
4320 -1.000000 4
4325 1.000000 5
4329 -1.000000 4
4334 0.000000 5
4338 1.000000 4
4342 1.000000 4
4347 1.000000 5
4352 1.000000 5
4356 -1.000000 4
4360 -1.000000 4
4364 1.000000 4
4368 1.000000 4
4371 -1.000000 3
4375 1.000000 4
4380 1.000000 5
4385 1.000000 5
4390 1.000000 5
4395 0.000000 5
4399 1.000000 4
4404 0.000000 5
4408 1.000000 4
4412 -1.000000 4
4415 1.000000 3
4419 -1.000000 4
4424 1.000000 5
4428 1.000000 4
4431 1.000000 3
4435 1.000000 4
4438 1.000000 3
4442 -1.000000 4
4445 -1.000000 3
4450 1.000000 5
4454 -1.000000 4
4457 -1.000000 3
4460 1.000000 3
4464 -1.000000 4
4468 -1.000000 4
4472 -1.000000 4
4475 -1.000000 3
4479 -1.000000 4
4482 -1.000000 3
4486 1.000000 4
4489 -1.000000 3
4493 1.000000 4
4496 -1.000000 3
4501 0.000000 5
4506 0.000000 5
4510 -1.000000 4
4515 1.000000 5
4520 1.000000 5
4525 0.000000 5
4529 -1.000000 4
4532 -1.000000 3
4536 1.000000 4
4540 1.000000 4
4544 -1.000000 4
4548 1.000000 4
4552 -1.000000 4
4556 1.000000 4
4560 1.000000 4
4564 -1.000000 4
4568 1.000000 4
4572 -1.000000 4
4576 1.000000 4
4580 1.000000 4
4584 1.000000 4
4589 1.000000 5
4592 1.000000 3
4596 -1.000000 4
4601 1.000000 5
4605 1.000000 4
4608 1.000000 3
4613 0.000000 5
4617 1.000000 4
4622 0.000000 5
4626 1.000000 4
4629 1.000000 3
4633 1.000000 4
4637 1.000000 4
4640 -1.000000 3
4645 0.000000 5
4649 1.000000 4
4653 -1.000000 4
4657 1.000000 4
4662 1.000000 5
4666 1.000000 4
4669 -1.000000 3
4674 1.000000 5
4678 -1.000000 4
4683 0.000000 5
4688 0.000000 5
4692 -1.000000 4
4696 -1.000000 4
4701 0.000000 5
4705 -1.000000 4
4710 1.000000 5
4714 -1.000000 4
4719 1.000000 5
4724 1.000000 5
4727 1.000000 3
4731 -1.000000 4
4735 -1.000000 4
4739 -1.000000 4
4743 -1.000000 4
4747 1.000000 4
4751 1.000000 4
4755 -1.000000 4
4759 1.000000 4
4762 1.000000 3
4765 1.000000 3
4769 1.000000 4
4773 -1.000000 4
4778 1.000000 5
4782 1.000000 4
4786 1.000000 4
4789 1.000000 3
4794 1.000000 5
4799 0.000000 5
4804 1.000000 5
4808 1.000000 4
4813 1.000000 5
4818 0.000000 5
4822 -1.000000 4
4825 1.000000 3
4829 -1.000000 4
4833 1.000000 4
4838 0.000000 5
4842 1.000000 4
4847 1.000000 5
4851 -1.000000 4
4856 0.000000 5
4861 0.000000 5
4864 -1.000000 3
4869 1.000000 5
4874 1.000000 5
4878 1.000000 4
4883 1.000000 5
4887 1.000000 4
4891 -1.000000 4
4895 1.000000 4
4900 0.000000 5
4905 0.000000 5
4908 -1.000000 3
4913 1.000000 5
4918 0.000000 5
4923 1.000000 5
4927 1.000000 4
4932 1.000000 5
4936 -1.000000 4
4939 -1.000000 3
4944 0.000000 5
4949 1.000000 5
4954 0.000000 5
4957 -1.000000 3
4961 1.000000 4
4966 1.000000 5
4970 1.000000 4
4973 1.000000 3
4977 1.000000 4
4981 1.000000 4
4985 -1.000000 4
4990 0.000000 5
4993 -1.000000 3
4998 0.000000 5
5003 1.000000 5
5007 1.000000 4
5011 1.000000 4
5015 -1.000000 4
5018 1.000000 3
5022 -1.000000 4
5027 0.000000 5
5030 -1.000000 3
5035 1.000000 5
5038 -1.000000 3
5043 1.000000 5
5048 0.000000 5
5053 1.000000 5
5058 1.000000 5
5062 1.000000 4
5066 -1.000000 4
5069 1.000000 3
5073 -1.000000 4
5078 1.000000 5
5082 -1.000000 4
5087 0.000000 5
5091 -1.000000 4
5096 0.000000 5
5100 1.000000 4
5103 -1.000000 3
5107 -1.000000 4
5110 1.000000 3
5113 -1.000000 3
5117 -1.000000 4
5121 -1.000000 4
5126 0.000000 5
5130 1.000000 4
5135 1.000000 5
5140 1.000000 5
5143 -1.000000 3
5148 0.000000 5
5151 1.000000 3
5156 1.000000 5
5161 1.000000 5
5165 1.000000 4
5169 1.000000 4
5172 -1.000000 3
5175 -1.000000 3
5179 1.000000 4
5184 0.000000 5
5188 1.000000 4
5192 -1.000000 4
5196 1.000000 4
5200 -1.000000 4
5203 1.000000 3
5207 -1.000000 4
5212 1.000000 5
5216 1.000000 4
5221 1.000000 5
5226 0.000000 5
5231 1.000000 5
5236 0.000000 5
5239 1.000000 3
5243 1.000000 4
5246 -1.000000 3
5250 1.000000 4
5255 1.000000 5
5258 -1.000000 3
5263 1.000000 5
5266 -1.000000 3
5271 1.000000 5
5275 1.000000 4
5279 1.000000 4
5283 -1.000000 4
5288 1.000000 5
5291 1.000000 3
5296 1.000000 5
5301 1.000000 5
5305 -1.000000 4
5309 -1.000000 4
5312 1.000000 3
5316 1.000000 4
5321 0.000000 5
5325 1.000000 4
5330 1.000000 5
5334 1.000000 4
5338 1.000000 4
5342 1.000000 4
5347 1.000000 5
5351 -1.000000 4
5355 1.000000 4
5360 1.000000 5
5364 1.000000 4
5369 1.000000 5
5373 -1.000000 4
5376 1.000000 3
5381 1.000000 5
5386 1.000000 5
5390 1.000000 4
5395 1.000000 5
5399 -1.000000 4
5404 0.000000 5
5407 1.000000 3
5411 1.000000 4
5415 -1.000000 4
5420 1.000000 5
5425 0.000000 5
5429 -1.000000 4
5433 -1.000000 4
5436 -1.000000 3
5439 1.000000 3
5442 1.000000 3
5446 -1.000000 4
5449 1.000000 3
5452 1.000000 3
5457 1.000000 5
5462 1.000000 5
5465 -1.000000 3
5469 1.000000 4
5472 1.000000 3
5476 -1.000000 4
5481 0.000000 5
5484 -1.000000 3
5489 1.000000 5
5493 -1.000000 4
5497 1.000000 4
5502 1.000000 5
5506 1.000000 4
5510 1.000000 4
5514 -1.000000 4
5518 1.000000 4
5523 1.000000 5
5527 1.000000 4
5531 1.000000 4
5536 1.000000 5
5541 1.000000 5
5544 -1.000000 3
5549 1.000000 5
5554 0.000000 5
5558 1.000000 4
5562 -1.000000 4
5567 1.000000 5
5571 1.000000 4
5575 1.000000 4
5580 1.000000 5
5584 1.000000 4
5588 1.000000 4
5591 -1.000000 3
5596 1.000000 5
5601 1.000000 5
5606 1.000000 5
5609 1.000000 3
5613 1.000000 4
5617 -1.000000 4
5621 1.000000 4
5625 -1.000000 4
5629 1.000000 4
5633 -1.000000 4
5636 1.000000 3
5640 1.000000 4
5644 1.000000 4
5648 -1.000000 4
5652 -1.000000 4
5656 1.000000 4
5659 1.000000 3
5664 1.000000 5
5667 1.000000 3
5671 1.000000 4
5675 -1.000000 4
5678 -1.000000 3
5682 -1.000000 4
5685 -1.000000 3
5689 -1.000000 4
5693 1.000000 4
5698 1.000000 5
5702 1.000000 4
5706 1.000000 4
5710 1.000000 4
5713 -1.000000 3
5716 -1.000000 3
5720 1.000000 4
5725 1.000000 5
5729 -1.000000 4
5732 1.000000 3
5737 1.000000 5
5742 1.000000 5
5747 1.000000 5
5750 1.000000 3
5754 1.000000 4
5757 -1.000000 3
5762 0.000000 5
5767 1.000000 5
5771 -1.000000 4
5775 1.000000 4
5779 1.000000 4
5783 -1.000000 4
5787 1.000000 4
5791 -1.000000 4
5796 1.000000 5
5800 -1.000000 4
5805 1.000000 5
5808 -1.000000 3
5812 -1.000000 4
5817 0.000000 5
5822 1.000000 5
5827 1.000000 5
5832 1.000000 5
5837 1.000000 5
5841 -1.000000 4
5845 1.000000 4
5849 1.000000 4
5852 1.000000 3
5857 1.000000 5
5862 1.000000 5
5866 -1.000000 4
5870 -1.000000 4
5875 0.000000 5
5879 1.000000 4
5883 -1.000000 4
5887 1.000000 4
5891 -1.000000 4
5895 -1.000000 4
5899 -1.000000 4
5903 -1.000000 4
5908 0.000000 5
5913 0.000000 5
5917 -1.000000 4
5921 1.000000 4
5926 1.000000 5
5929 -1.000000 3
5932 -1.000000 3
5936 1.000000 4
5941 0.000000 5
5945 1.000000 4
5950 0.000000 5
5955 0.000000 5
5959 1.000000 4
5963 1.000000 4
5967 -1.000000 4
5971 -1.000000 4
5975 -1.000000 4
5979 -1.000000 4
5982 -1.000000 3
5985 1.000000 3
5990 0.000000 5
5994 1.000000 4
5999 1.000000 5
6003 -1.000000 4
6008 1.000000 5
6011 1.000000 3
6014 -1.000000 3
6019 1.000000 5
6023 1.000000 4
6027 1.000000 4
6030 1.000000 3
6034 1.000000 4
6038 1.000000 4
6042 1.000000 4
6046 1.000000 4
6051 0.000000 5
6054 1.000000 3
6059 1.000000 5
6062 -1.000000 3
6067 0.000000 5
6072 1.000000 5
6076 -1.000000 4
6080 1.000000 4
6085 1.000000 5
6090 1.000000 5
6094 1.000000 4
6098 1.000000 4
6101 -1.000000 3
6105 1.000000 4
6108 1.000000 3
6111 -1.000000 3
6114 -1.000000 3
6118 1.000000 4
6123 1.000000 5
6126 1.000000 3
6131 0.000000 5
6136 0.000000 5
6140 1.000000 4
6144 -1.000000 4
6147 1.000000 3
6152 1.000000 5
6155 -1.000000 3
6158 1.000000 3
6162 -1.000000 4
6167 1.000000 5
6171 1.000000 4
6175 -1.000000 4
6179 1.000000 4
6184 0.000000 5
6189 0.000000 5
6193 1.000000 4
6198 0.000000 5
6202 -1.000000 4
6206 -1.000000 4
6209 -1.000000 3
6213 -1.000000 4
6216 1.000000 3
6220 1.000000 4
6223 1.000000 3
6228 1.000000 5
6233 0.000000 5
6238 1.000000 5
6242 1.000000 4
6247 0.000000 5
6251 -1.000000 4
6256 1.000000 5
6260 -1.000000 4
6265 0.000000 5
6269 1.000000 4
6273 1.000000 4
6276 1.000000 3
6279 1.000000 3
6282 1.000000 3
6285 -1.000000 3
6289 1.000000 4
6294 0.000000 5
6298 1.000000 4
6303 0.000000 5
6307 -1.000000 4
6311 1.000000 4
6316 1.000000 5
6321 1.000000 5
6324 1.000000 3
6328 -1.000000 4
6332 1.000000 4
6337 1.000000 5
6342 1.000000 5
6346 -1.000000 4
6350 -1.000000 4
6355 0.000000 5
6360 1.000000 5
6365 0.000000 5
6370 0.000000 5
6375 1.000000 5
6379 -1.000000 4
6383 -1.000000 4
6387 -1.000000 4
6391 1.000000 4
6394 -1.000000 3
6399 0.000000 5
6403 1.000000 4
6407 1.000000 4
6411 1.000000 4
6416 1.000000 5
6420 -1.000000 4
6423 -1.000000 3
6426 -1.000000 3
6430 1.000000 4
6434 -1.000000 4
6439 1.000000 5
6444 1.000000 5
6448 -1.000000 4
6452 1.000000 4
6455 1.000000 3
6460 1.000000 5
6465 0.000000 5
6468 1.000000 3
6472 -1.000000 4
6477 1.000000 5
6482 0.000000 5
6487 1.000000 5
6491 1.000000 4
6496 0.000000 5
6501 0.000000 5
6505 1.000000 4
6509 1.000000 4
6514 1.000000 5
6518 1.000000 4
6522 -1.000000 4
6527 0.000000 5
6532 1.000000 5
6536 -1.000000 4
6541 1.000000 5
6546 0.000000 5
6551 0.000000 5
6554 1.000000 3
6557 -1.000000 3
6560 1.000000 3
6564 1.000000 4
6568 1.000000 4
6572 -1.000000 4
6575 1.000000 3
6579 -1.000000 4
6584 1.000000 5
6588 1.000000 4
6592 1.000000 4
6595 1.000000 3
6600 1.000000 5
6605 1.000000 5
6609 1.000000 4
6614 1.000000 5
6618 -1.000000 4
6622 -1.000000 4
6626 1.000000 4
6631 1.000000 5
6636 0.000000 5
6640 -1.000000 4
6644 1.000000 4
6647 1.000000 3
6651 -1.000000 4
6655 1.000000 4
6659 1.000000 4
6663 1.000000 4
6666 1.000000 3
6671 0.000000 5
6676 1.000000 5
6681 1.000000 5
6684 1.000000 3
6688 -1.000000 4
6692 -1.000000 4
6697 1.000000 5
6701 1.000000 4
6705 1.000000 4
6710 0.000000 5
6713 1.000000 3
6718 1.000000 5
6723 0.000000 5
6727 1.000000 4
6732 0.000000 5
6735 1.000000 3
6740 0.000000 5
6744 1.000000 4
6747 -1.000000 3
6751 -1.000000 4
6755 1.000000 4
6759 1.000000 4
6764 1.000000 5
6769 0.000000 5
6774 1.000000 5
6777 -1.000000 3
6781 -1.000000 4
6784 1.000000 3
6789 0.000000 5
6794 1.000000 5
6797 1.000000 3
6800 1.000000 3
6805 1.000000 5
6809 1.000000 4
6814 0.000000 5
6817 1.000000 3
6820 -1.000000 3
6825 1.000000 5
6829 -1.000000 4
6833 1.000000 4
6838 0.000000 5
6841 -1.000000 3
6846 1.000000 5
6851 1.000000 5
6856 0.000000 5
6861 1.000000 5
6865 -1.000000 4
6868 1.000000 3
6872 1.000000 4
6877 0.000000 5
6882 1.000000 5
6886 -1.000000 4
6891 1.000000 5
6896 1.000000 5
6900 1.000000 4
6905 0.000000 5
6908 -1.000000 3
6912 -1.000000 4
6917 1.000000 5
6921 1.000000 4
6925 1.000000 4
6929 1.000000 4
6932 -1.000000 3
6935 -1.000000 3
6940 0.000000 5
6944 -1.000000 4
6949 1.000000 5
6953 -1.000000 4
6957 1.000000 4
6960 -1.000000 3
6964 -1.000000 4
6968 -1.000000 4
6971 1.000000 3
6975 1.000000 4
6979 1.000000 4
6983 1.000000 4
6987 -1.000000 4
6991 1.000000 4
6994 -1.000000 3
6998 1.000000 4
7002 1.000000 4
7007 1.000000 5
7011 -1.000000 4
7014 1.000000 3
7018 1.000000 4
7022 1.000000 4
7026 -1.000000 4
7029 1.000000 3
7033 1.000000 4
7037 1.000000 4
7041 1.000000 4
7045 -1.000000 4
7050 0.000000 5
7054 1.000000 4
7057 -1.000000 3
7062 1.000000 5
7066 -1.000000 4
7070 -1.000000 4
7075 1.000000 5
7080 1.000000 5
7083 -1.000000 3
7087 -1.000000 4
7091 -1.000000 4
7096 1.000000 5
7100 -1.000000 4
7104 1.000000 4
7108 1.000000 4
7113 1.000000 5
7118 1.000000 5
7122 -1.000000 4
7126 1.000000 4
7130 1.000000 4
7133 -1.000000 3
7138 1.000000 5
7143 1.000000 5
7147 1.000000 4
7152 1.000000 5
7157 1.000000 5
7161 1.000000 4
7166 1.000000 5
7169 -1.000000 3
7172 1.000000 3
7176 1.000000 4
7179 -1.000000 3
7183 -1.000000 4
7187 -1.000000 4
7191 1.000000 4
7196 1.000000 5
7201 1.000000 5
7206 1.000000 5
7210 1.000000 4
7215 1.000000 5
7219 -1.000000 4
7223 1.000000 4
7228 0.000000 5
7232 -1.000000 4
7235 1.000000 3
7238 1.000000 3
7243 1.000000 5
7248 1.000000 5
7253 1.000000 5
7256 1.000000 3
7259 -1.000000 3
7263 -1.000000 4
7268 1.000000 5
7271 1.000000 3
7274 1.000000 3
7277 1.000000 3
7282 1.000000 5
7285 -1.000000 3
7289 -1.000000 4
7294 0.000000 5
7297 -1.000000 3
7301 -1.000000 4
7305 1.000000 4
7310 1.000000 5
7315 0.000000 5
7318 -1.000000 3
7323 1.000000 5
7326 -1.000000 3
7331 0.000000 5
7336 0.000000 5
7340 -1.000000 4
7344 1.000000 4
7347 1.000000 3
7352 1.000000 5
7356 1.000000 4
7359 -1.000000 3
7362 1.000000 3
7367 1.000000 5
7371 -1.000000 4
7376 0.000000 5
7380 1.000000 4
7384 1.000000 4
7388 1.000000 4
7393 0.000000 5
7396 1.000000 3
7400 -1.000000 4
7404 1.000000 4
7408 -1.000000 4
7412 1.000000 4
7416 -1.000000 4
7419 1.000000 3
7424 1.000000 5
7428 -1.000000 4
7432 1.000000 4
7435 -1.000000 3
7440 0.000000 5
7445 1.000000 5
7449 -1.000000 4
7452 1.000000 3
7457 0.000000 5
7462 0.000000 5
7465 -1.000000 3
7468 -1.000000 3
7472 1.000000 4
7475 1.000000 3
7480 0.000000 5
7485 1.000000 5
7489 -1.000000 4
7492 -1.000000 3
7495 -1.000000 3
7498 1.000000 3
7503 0.000000 5
7507 1.000000 4
7510 -1.000000 3
7514 -1.000000 4
7518 1.000000 4
7522 -1.000000 4
7526 1.000000 4
7530 -1.000000 4
7534 1.000000 4
7539 1.000000 5
7543 1.000000 4
7548 1.000000 5
7552 1.000000 4
7557 1.000000 5
7562 1.000000 5
7567 1.000000 5
7572 1.000000 5
7575 -1.000000 3
7580 1.000000 5
7584 -1.000000 4
7589 0.000000 5
7593 1.000000 4
7598 0.000000 5
7603 1.000000 5
7608 0.000000 5
7612 1.000000 4
7616 1.000000 4
7621 1.000000 5
7626 1.000000 5
7631 0.000000 5
7636 0.000000 5
7641 1.000000 5
7646 1.000000 5
7651 1.000000 5
7654 -1.000000 3
7658 -1.000000 4
7662 1.000000 4
7667 1.000000 5
7670 -1.000000 3
7674 1.000000 4
7677 -1.000000 3
7682 1.000000 5
7686 -1.000000 4
7690 1.000000 4
7695 1.000000 5
7700 1.000000 5
7705 0.000000 5
7709 1.000000 4
7713 1.000000 4
7716 -1.000000 3
7720 -1.000000 4
7723 1.000000 3
7728 0.000000 5
7733 0.000000 5
7738 1.000000 5
7741 -1.000000 3
7745 -1.000000 4
7750 0.000000 5
7754 1.000000 4
7757 1.000000 3
7761 -1.000000 4
7766 0.000000 5
7770 1.000000 4
7774 1.000000 4
7779 1.000000 5
7784 1.000000 5
7788 1.000000 4
7793 0.000000 5
7798 0.000000 5
7801 1.000000 3
7806 0.000000 5
7811 1.000000 5
7816 0.000000 5
7820 -1.000000 4
7825 1.000000 5
7829 -1.000000 4
7834 1.000000 5
7839 1.000000 5
7842 -1.000000 3
7846 1.000000 4
7850 1.000000 4
7853 1.000000 3
7857 -1.000000 4
7861 1.000000 4
7865 -1.000000 4
7869 1.000000 4
7873 1.000000 4
7876 1.000000 3
7880 -1.000000 4
7884 -1.000000 4
7887 1.000000 3
7891 1.000000 4
7896 1.000000 5
7901 1.000000 5
7905 -1.000000 4
7909 1.000000 4
7912 1.000000 3
7916 1.000000 4
7919 -1.000000 3
7924 0.000000 5
7927 -1.000000 3
7931 1.000000 4
7935 1.000000 4
7939 -1.000000 4
7943 -1.000000 4
7948 0.000000 5
7953 0.000000 5
7958 0.000000 5
7963 0.000000 5
7967 -1.000000 4
7970 1.000000 3
7975 1.000000 5
7979 1.000000 4
7984 1.000000 5
7988 1.000000 4
7991 -1.000000 3
7996 0.000000 5
8001 1.000000 5
8005 1.000000 4
8010 0.000000 5
8015 1.000000 5
8019 1.000000 4
8023 -1.000000 4
8026 1.000000 3
8031 1.000000 5
8035 1.000000 4
8039 -1.000000 4
8043 1.000000 4
8046 1.000000 3
8049 -1.000000 3
8053 1.000000 4
8058 1.000000 5
8063 1.000000 5
8068 1.000000 5
8072 1.000000 4
8077 1.000000 5
8081 -1.000000 4
8084 1.000000 3
8088 1.000000 4
8091 1.000000 3
8096 1.000000 5
8099 1.000000 3
8103 1.000000 4
8106 -1.000000 3
8111 1.000000 5
8116 1.000000 5
8120 -1.000000 4
8125 0.000000 5
8129 -1.000000 4
8134 1.000000 5
8139 1.000000 5
8142 -1.000000 3
8145 1.000000 3
8150 1.000000 5
8155 0.000000 5
8160 0.000000 5
8164 1.000000 4
8169 0.000000 5
8172 1.000000 3
8176 -1.000000 4
8181 1.000000 5
8185 1.000000 4
8190 1.000000 5
8194 1.000000 4
8199 1.000000 5
8204 0.000000 5
8209 1.000000 5
8213 -1.000000 4
8217 1.000000 4
8221 1.000000 4
8224 -1.000000 3
8228 -1.000000 4
8232 -1.000000 4
8236 1.000000 4
8241 0.000000 5
8246 0.000000 5
8249 -1.000000 3
8253 -1.000000 4
8258 1.000000 5
8263 1.000000 5
8268 1.000000 5
8271 1.000000 3
8276 1.000000 5
8280 -1.000000 4
8284 -1.000000 4
8288 -1.000000 4
8292 -1.000000 4
8296 -1.000000 4
8299 1.000000 3
8304 1.000000 5
8308 -1.000000 4
8311 1.000000 3
8316 1.000000 5
8321 0.000000 5
8326 1.000000 5
8330 -1.000000 4
8333 -1.000000 3
8337 1.000000 4
8341 -1.000000 4
8346 1.000000 5
8351 0.000000 5
8355 1.000000 4
8359 1.000000 4
8363 -1.000000 4
8367 -1.000000 4
8372 0.000000 5
8375 1.000000 3
8379 1.000000 4
8383 -1.000000 4
8387 1.000000 4
8391 1.000000 4
8395 1.000000 4
8399 -1.000000 4
8403 1.000000 4
8406 1.000000 3
8410 1.000000 4
8414 1.000000 4
8417 -1.000000 3
8421 1.000000 4
8425 -1.000000 4
8429 1.000000 4
8433 1.000000 4
8437 1.000000 4
8441 -1.000000 4
8445 1.000000 4
8449 -1.000000 4
8453 1.000000 4
8457 1.000000 4
8462 1.000000 5
8466 -1.000000 4
8470 1.000000 4
8475 0.000000 5
8479 -1.000000 4
8483 1.000000 4
8487 1.000000 4
8491 1.000000 4
8494 1.000000 3
8499 1.000000 5
8502 1.000000 3
8505 1.000000 3
8509 1.000000 4
8513 1.000000 4
8517 -1.000000 4
8522 1.000000 5
8525 -1.000000 3
8529 -1.000000 4
8533 1.000000 4
8537 -1.000000 4
8541 1.000000 4
8545 -1.000000 4
8549 1.000000 4
8552 1.000000 3
8557 1.000000 5
8562 0.000000 5
8567 1.000000 5
8570 -1.000000 3
8573 1.000000 3
8576 -1.000000 3
8579 1.000000 3
8583 -1.000000 4
8588 1.000000 5
8592 -1.000000 4
8596 1.000000 4
8600 -1.000000 4
8603 1.000000 3
8606 -1.000000 3
8610 1.000000 4
8613 -1.000000 3
8617 1.000000 4
8621 1.000000 4
8626 1.000000 5
8631 0.000000 5
8636 1.000000 5
8640 1.000000 4
8644 1.000000 4
8649 1.000000 5
8653 1.000000 4
8656 1.000000 3
8661 0.000000 5
8664 1.000000 3
8668 -1.000000 4
8672 1.000000 4
8677 0.000000 5
8680 -1.000000 3
8684 -1.000000 4
8688 1.000000 4
8693 0.000000 5
8697 1.000000 4
8702 0.000000 5
8705 1.000000 3
8709 -1.000000 4
8713 1.000000 4
8716 -1.000000 3
8720 1.000000 4
8724 1.000000 4
8728 1.000000 4
8733 1.000000 5
8737 1.000000 4
8741 -1.000000 4
8744 1.000000 3
8748 -1.000000 4
8753 1.000000 5
8756 1.000000 3
8760 1.000000 4
8765 0.000000 5
8770 1.000000 5
8773 1.000000 3
8777 1.000000 4
8781 1.000000 4
8785 -1.000000 4
8788 1.000000 3
8793 1.000000 5
8798 1.000000 5
8802 -1.000000 4
8806 1.000000 4
8810 1.000000 4
8815 1.000000 5
8819 1.000000 4
8822 -1.000000 3
8826 1.000000 4
8829 -1.000000 3
8834 0.000000 5
8838 1.000000 4
8843 0.000000 5
8848 1.000000 5
8852 -1.000000 4
8857 0.000000 5
8862 1.000000 5
8866 -1.000000 4
8870 1.000000 4
8874 1.000000 4
8879 1.000000 5
8882 1.000000 3
8887 0.000000 5
8892 1.000000 5
8896 1.000000 4
8900 -1.000000 4
8903 -1.000000 3
8908 0.000000 5
8912 -1.000000 4
8917 0.000000 5
8922 1.000000 5
8927 1.000000 5
8932 0.000000 5
8937 1.000000 5
8941 1.000000 4
8945 -1.000000 4
8949 1.000000 4
8953 -1.000000 4
8957 1.000000 4
8961 1.000000 4
8964 1.000000 3
8968 1.000000 4
8972 1.000000 4
8977 0.000000 5
8981 1.000000 4
8986 0.000000 5
8990 1.000000 4
8994 -1.000000 4
8998 -1.000000 4
9002 1.000000 4
9006 -1.000000 4
9011 0.000000 5
9015 1.000000 4
9018 1.000000 3
9022 1.000000 4
9026 -1.000000 4
9029 1.000000 3
9033 1.000000 4
9038 1.000000 5
9041 1.000000 3
9045 1.000000 4
9050 1.000000 5
9053 1.000000 3
9058 1.000000 5
9063 0.000000 5
9068 0.000000 5
9072 1.000000 4
9076 1.000000 4
9079 1.000000 3
9083 -1.000000 4
9086 -1.000000 3
9091 0.000000 5
9096 1.000000 5
9101 1.000000 5
9105 1.000000 4
9108 -1.000000 3
9112 1.000000 4
9116 1.000000 4
9119 1.000000 3
9123 1.000000 4
9127 1.000000 4
9131 1.000000 4
9134 -1.000000 3
9139 0.000000 5
9143 -1.000000 4
9147 1.000000 4
9152 1.000000 5
9157 0.000000 5
9162 1.000000 5
9166 1.000000 4
9170 1.000000 4
9174 1.000000 4
9179 0.000000 5
9184 0.000000 5
9187 -1.000000 3
9192 1.000000 5
9196 1.000000 4
9199 -1.000000 3
9203 1.000000 4
9208 1.000000 5
9211 1.000000 3
9216 1.000000 5
9220 1.000000 4
9224 1.000000 4
9227 1.000000 3
9232 0.000000 5
9236 1.000000 4
9240 -1.000000 4
9244 1.000000 4
9248 -1.000000 4
9252 1.000000 4
9257 0.000000 5
9261 1.000000 4
9265 -1.000000 4
9270 1.000000 5
9274 -1.000000 4
9278 -1.000000 4
9283 1.000000 5
9288 1.000000 5
9293 1.000000 5
9297 -1.000000 4
9300 1.000000 3
9305 0.000000 5
9309 -1.000000 4
9314 1.000000 5
9318 -1.000000 4
9322 -1.000000 4
9327 1.000000 5
9332 0.000000 5
9336 1.000000 4
9339 -1.000000 3
9343 -1.000000 4
9346 1.000000 3
9350 1.000000 4
9355 1.000000 5
9360 0.000000 5
9363 -1.000000 3
9367 -1.000000 4
9370 1.000000 3
9374 -1.000000 4
9378 1.000000 4
9383 1.000000 5
9386 -1.000000 3
9391 1.000000 5
9395 1.000000 4
9398 1.000000 3
9401 -1.000000 3
9406 1.000000 5
9411 0.000000 5
9416 1.000000 5
9420 -1.000000 4
9424 1.000000 4
9427 1.000000 3
9432 1.000000 5
9435 1.000000 3
9439 -1.000000 4
9444 1.000000 5
9447 1.000000 3
9451 -1.000000 4
9455 -1.000000 4
9460 1.000000 5
9464 1.000000 4
9469 0.000000 5
9473 -1.000000 4
9477 -1.000000 4
9481 -1.000000 4
9485 1.000000 4
9489 1.000000 4
9492 -1.000000 3
9496 -1.000000 4
9501 1.000000 5
9506 1.000000 5
9510 1.000000 4
9514 -1.000000 4
9517 1.000000 3
9520 1.000000 3
9523 1.000000 3
9528 1.000000 5
9532 -1.000000 4
9536 -1.000000 4
9540 1.000000 4
9545 1.000000 5
9550 1.000000 5
9555 0.000000 5
9560 1.000000 5
9564 1.000000 4
9568 1.000000 4
9573 0.000000 5
9577 1.000000 4
9581 -1.000000 4
9586 0.000000 5
9589 1.000000 3
9594 0.000000 5
9598 -1.000000 4
9602 1.000000 4
9606 1.000000 4
9609 -1.000000 3
9612 1.000000 3
9617 0.000000 5
9622 0.000000 5
9627 1.000000 5
9631 1.000000 4
9634 -1.000000 3
9639 0.000000 5
9644 1.000000 5
9647 1.000000 3
9651 -1.000000 4
9655 -1.000000 4
9658 1.000000 3
9661 1.000000 3
9665 1.000000 4
9669 1.000000 4
9673 1.000000 4
9678 0.000000 5
9681 -1.000000 3
9686 0.000000 5
9690 1.000000 4
9695 1.000000 5
9698 1.000000 3
9702 1.000000 4
9706 1.000000 4
9711 1.000000 5
9715 1.000000 4
9719 1.000000 4
9724 0.000000 5
9729 1.000000 5
9734 1.000000 5
9737 1.000000 3
9740 1.000000 3
9744 1.000000 4
9748 1.000000 4
9752 1.000000 4
9756 -1.000000 4
9761 0.000000 5
9764 -1.000000 3
9769 1.000000 5
9773 -1.000000 4
9778 0.000000 5
9783 0.000000 5
9786 1.000000 3
9791 1.000000 5
9795 1.000000 4
9798 -1.000000 3
9803 1.000000 5
9806 -1.000000 3
9811 1.000000 5
9815 -1.000000 4
9819 -1.000000 4
9823 -1.000000 4
9826 -1.000000 3
9830 1.000000 4
9835 1.000000 5
9840 1.000000 5
9844 -1.000000 4
9849 1.000000 5
9853 1.000000 4
9858 0.000000 5
9862 1.000000 4
9866 -1.000000 4
9870 -1.000000 4
9874 1.000000 4
9878 -1.000000 4
9881 -1.000000 3
9886 1.000000 5
9891 0.000000 5
9896 1.000000 5
9901 1.000000 5
9905 -1.000000 4
9909 -1.000000 4
9913 1.000000 4
9918 1.000000 5
9922 -1.000000 4
9926 1.000000 4
9931 1.000000 5
9935 -1.000000 4
9938 -1.000000 3
9941 1.000000 3
9945 1.000000 4
9950 1.000000 5
9954 1.000000 4
9958 -1.000000 4
9961 -1.000000 3
9966 0.000000 5
9969 -1.000000 3
9974 0.000000 5
9979 0.000000 5
9984 1.000000 5
9989 1.000000 5
9993 1.000000 4
9996 1.000000 3
9999 1.000000 3
10003 -1.000000 4
