4 1.000000 4
8 1.000000 4
11 1.000000 3
16 1.000000 5
21 1.000000 5
25 1.000000 4
29 -1.000000 4
33 -1.000000 4
38 1.000000 5
42 1.000000 4
47 0.000000 5
51 -1.000000 4
55 -1.000000 4
60 1.000000 5
65 1.000000 5
68 1.000000 3
72 -1.000000 4
77 0.000000 5
80 -1.000000 3
85 1.000000 5
88 -1.000000 3
93 0.000000 5
96 1.000000 3
101 1.000000 5
104 -1.000000 3
109 1.000000 5
113 -1.000000 4
116 1.000000 3
119 -1.000000 3
122 1.000000 3
126 1.000000 4
130 1.000000 4
135 0.000000 5
140 1.000000 5
144 1.000000 4
149 1.000000 5
153 1.000000 4
157 1.000000 4
162 1.000000 5
166 1.000000 4
169 1.000000 3
172 -1.000000 3
177 1.000000 5
181 -1.000000 4
186 1.000000 5
191 1.000000 5
195 1.000000 4
199 1.000000 4
203 1.000000 4
206 1.000000 3
211 0.000000 5
216 0.000000 5
219 -1.000000 3
224 1.000000 5
229 0.000000 5
232 -1.000000 3
235 -1.000000 3
238 -1.000000 3
242 1.000000 4
245 -1.000000 3
250 1.000000 5
255 1.000000 5
260 0.000000 5
263 -1.000000 3
267 1.000000 4
271 1.000000 4
274 -1.000000 3
278 -1.000000 4
281 1.000000 3
286 1.000000 5
290 -1.000000 4
294 -1.000000 4
297 1.000000 3
302 1.000000 5
307 1.000000 5
311 1.000000 4
314 1.000000 3
317 -1.000000 3
322 0.000000 5
325 -1.000000 3
329 1.000000 4
333 1.000000 4
337 1.000000 4
341 1.000000 4
345 1.000000 4
349 -1.000000 4
353 -1.000000 4
358 1.000000 5
363 1.000000 5
366 -1.000000 3
370 -1.000000 4
375 0.000000 5
379 -1.000000 4
383 -1.000000 4
388 0.000000 5
392 1.000000 4
395 -1.000000 3
399 -1.000000 4
403 -1.000000 4
407 -1.000000 4
411 1.000000 4
416 0.000000 5
420 -1.000000 4
425 1.000000 5
430 0.000000 5
433 1.000000 3
438 1.000000 5
442 -1.000000 4
446 -1.000000 4
451 1.000000 5
455 1.000000 4
458 1.000000 3
463 0.000000 5
467 -1.000000 4
471 -1.000000 4
476 1.000000 5
480 1.000000 4
484 1.000000 4
489 0.000000 5
494 1.000000 5
499 0.000000 5
504 1.000000 5
509 1.000000 5
513 -1.000000 4
518 1.000000 5
523 0.000000 5
527 -1.000000 4
531 -1.000000 4
536 1.000000 5
540 1.000000 4
544 1.000000 4
549 1.000000 5
553 -1.000000 4
557 -1.000000 4
561 1.000000 4
564 -1.000000 3
569 1.000000 5
574 0.000000 5
578 1.000000 4
581 1.000000 3
586 1.000000 5
590 1.000000 4
594 1.000000 4
598 -1.000000 4
602 1.000000 4
605 -1.000000 3
609 1.000000 4
613 1.000000 4
618 1.000000 5
622 -1.000000 4
626 1.000000 4
631 1.000000 5
636 1.000000 5
640 1.000000 4
645 0.000000 5
649 -1.000000 4
652 -1.000000 3
657 0.000000 5
661 1.000000 4
665 -1.000000 4
670 0.000000 5
674 1.000000 4
679 1.000000 5
684 0.000000 5
688 -1.000000 4
693 0.000000 5
697 1.000000 4
701 1.000000 4
705 1.000000 4
710 1.000000 5
714 -1.000000 4
718 -1.000000 4
722 -1.000000 4
726 1.000000 4
729 -1.000000 3
733 1.000000 4
737 1.000000 4
741 -1.000000 4
746 1.000000 5
750 1.000000 4
754 -1.000000 4
758 -1.000000 4
762 -1.000000 4
766 1.000000 4
770 1.000000 4
773 -1.000000 3
778 1.000000 5
782 -1.000000 4
787 1.000000 5
792 0.000000 5
795 1.000000 3
799 1.000000 4
804 1.000000 5
808 -1.000000 4
813 1.000000 5
816 -1.000000 3
821 0.000000 5
824 1.000000 3
828 -1.000000 4
831 1.000000 3
835 1.000000 4
839 -1.000000 4
843 1.000000 4
848 1.000000 5
853 1.000000 5
858 1.000000 5
862 -1.000000 4
866 -1.000000 4
870 1.000000 4
874 1.000000 4
878 1.000000 4
882 1.000000 4
886 -1.000000 4
891 1.000000 5
895 1.000000 4
898 1.000000 3
901 -1.000000 3
905 1.000000 4
908 -1.000000 3
913 0.000000 5
917 -1.000000 4
921 1.000000 4
925 1.000000 4
930 0.000000 5
934 1.000000 4
938 1.000000 4
941 1.000000 3
945 -1.000000 4
950 1.000000 5
955 1.000000 5
960 0.000000 5
965 0.000000 5
969 1.000000 4
973 -1.000000 4
978 0.000000 5
982 1.000000 4
986 -1.000000 4
989 -1.000000 3
993 1.000000 4
997 -1.000000 4
1002 1.000000 5
1006 -1.000000 4
1011 1.000000 5
1015 1.000000 4
1020 1.000000 5
1024 1.000000 4
1028 1.000000 4
1033 1.000000 5
1038 1.000000 5
1042 -1.000000 4
1047 0.000000 5
1052 1.000000 5
1056 -1.000000 4
1061 0.000000 5
1066 0.000000 5
1070 -1.000000 4
1074 1.000000 4
1079 1.000000 5
1084 1.000000 5
1089 1.000000 5
1094 0.000000 5
1098 1.000000 4
1102 -1.000000 4
1106 1.000000 4
1110 -1.000000 4
1115 0.000000 5
1120 0.000000 5
1124 -1.000000 4
1127 -1.000000 3
1132 1.000000 5
1136 -1.000000 4
1141 1.000000 5
1145 -1.000000 4
1148 -1.000000 3
1153 0.000000 5
1157 -1.000000 4
1161 1.000000 4
1166 1.000000 5
1170 1.000000 4
1175 0.000000 5
1179 -1.000000 4
1182 -1.000000 3
1187 0.000000 5
1191 1.000000 4
1196 1.000000 5
1200 1.000000 4
1204 1.000000 4
1209 1.000000 5
1214 1.000000 5
1219 1.000000 5
1222 -1.000000 3
1225 -1.000000 3
1229 1.000000 4
1233 -1.000000 4
1238 0.000000 5
1241 -1.000000 3
1245 1.000000 4
1248 -1.000000 3
1253 1.000000 5
1258 0.000000 5
1263 1.000000 5
1267 1.000000 4
1271 -1.000000 4
1276 1.000000 5
1280 1.000000 4
1285 0.000000 5
1290 1.000000 5
1295 1.000000 5
1299 1.000000 4
1304 0.000000 5
1308 1.000000 4
1312 -1.000000 4
1317 1.000000 5
1322 0.000000 5
1325 -1.000000 3
1330 1.000000 5
1334 1.000000 4
1339 1.000000 5
1344 0.000000 5
1348 -1.000000 4
1352 1.000000 4
1356 1.000000 4
1361 1.000000 5
1366 1.000000 5
1370 -1.000000 4
1374 -1.000000 4
1378 1.000000 4
1383 1.000000 5
1388 1.000000 5
1391 -1.000000 3
1396 0.000000 5
1401 0.000000 5
1405 1.000000 4
1409 -1.000000 4
1413 1.000000 4
1417 1.000000 4
1422 0.000000 5
1427 0.000000 5
1432 1.000000 5
1437 0.000000 5
1442 0.000000 5
1447 0.000000 5
1452 0.000000 5
1457 1.000000 5
1462 1.000000 5
1467 0.000000 5
1472 1.000000 5
1476 -1.000000 4
1480 1.000000 4
1483 -1.000000 3
1488 0.000000 5
1492 1.000000 4
1496 1.000000 4
1500 -1.000000 4
1504 -1.000000 4
1509 0.000000 5
1513 1.000000 4
1518 1.000000 5
1522 1.000000 4
1526 -1.000000 4
1531 1.000000 5
1536 1.000000 5
1541 0.000000 5
1546 1.000000 5
1550 1.000000 4
1555 0.000000 5
1560 1.000000 5
1564 1.000000 4
1569 1.000000 5
1572 -1.000000 3
1576 1.000000 4
1580 1.000000 4
1584 1.000000 4
1588 1.000000 4
1593 1.000000 5
1597 -1.000000 4
1602 0.000000 5
1607 1.000000 5
1611 1.000000 4
1616 1.000000 5
1621 1.000000 5
1626 0.000000 5
1630 1.000000 4
1635 1.000000 5
1640 1.000000 5
1644 1.000000 4
1647 -1.000000 3
1652 0.000000 5
1657 0.000000 5
1660 -1.000000 3
1664 -1.000000 4
1668 -1.000000 4
1672 -1.000000 4
1677 1.000000 5
1681 1.000000 4
1686 1.000000 5
1690 1.000000 4
1695 1.000000 5
1700 1.000000 5
1705 0.000000 5
1709 -1.000000 4
1713 1.000000 4
1716 -1.000000 3
1721 0.000000 5
1725 1.000000 4
1729 1.000000 4
1732 -1.000000 3
1735 1.000000 3
1740 1.000000 5
1745 1.000000 5
1750 1.000000 5
1755 1.000000 5
1759 1.000000 4
1763 1.000000 4
1767 1.000000 4
1771 1.000000 4
1774 -1.000000 3
1779 0.000000 5
1784 1.000000 5
1788 1.000000 4
1793 1.000000 5
1797 1.000000 4
1802 0.000000 5
1807 0.000000 5
1812 1.000000 5
1816 1.000000 4
1821 0.000000 5
1826 1.000000 5
1830 1.000000 4
1833 -1.000000 3
1838 1.000000 5
1842 1.000000 4
1846 1.000000 4
1851 0.000000 5
1854 1.000000 3
1858 1.000000 4
1861 -1.000000 3
1865 1.000000 4
1869 1.000000 4
1872 -1.000000 3
1877 0.000000 5
1881 1.000000 4
1884 -1.000000 3
1888 1.000000 4
1893 1.000000 5
1898 1.000000 5
1903 0.000000 5
1908 1.000000 5
1912 1.000000 4
1917 1.000000 5
1921 1.000000 4
1925 1.000000 4
1930 1.000000 5
1934 1.000000 4
1939 0.000000 5
1944 1.000000 5
1949 1.000000 5
1953 1.000000 4
1957 1.000000 4
1961 1.000000 4
1965 1.000000 4
1969 1.000000 4
1972 -1.000000 3
1976 -1.000000 4
1980 1.000000 4
1985 0.000000 5
1988 -1.000000 3
1993 1.000000 5
1997 1.000000 4
2002 1.000000 5
2005 -1.000000 3
2008 -1.000000 3
2011 -1.000000 3
2014 -1.000000 3
2017 -1.000000 3
2020 -1.000000 3
2023 -1.000000 3
2026 -1.000000 3
2029 -1.000000 3
2032 -1.000000 3
2035 -1.000000 3
2038 -1.000000 3
2041 -1.000000 3
2044 -1.000000 3
2047 -1.000000 3
2050 -1.000000 3
2053 -1.000000 3
2056 -1.000000 3
2059 -1.000000 3
2062 -1.000000 3
2065 -1.000000 3
2068 -1.000000 3
2071 -1.000000 3
2074 -1.000000 3
2077 -1.000000 3
2080 -1.000000 3
2083 -1.000000 3
2087 1.000000 4
2091 1.000000 4
2095 1.000000 4
2099 1.000000 4
2103 1.000000 4
2107 1.000000 4
2111 1.000000 4
2115 1.000000 4
2119 1.000000 4
2123 1.000000 4
2127 1.000000 4
2131 1.000000 4
2135 1.000000 4
2139 1.000000 4
2143 1.000000 4
2147 1.000000 4
2151 1.000000 4
2155 1.000000 4
2159 1.000000 4
2163 1.000000 4
2167 1.000000 4
2171 1.000000 4
2175 1.000000 4
2179 1.000000 4
2183 1.000000 4
2187 1.000000 4
2191 1.000000 4
2195 1.000000 4
2199 1.000000 4
2203 1.000000 4
2207 1.000000 4
2211 1.000000 4
2215 1.000000 4
2219 1.000000 4
2223 1.000000 4
2227 1.000000 4
2231 1.000000 4
2235 1.000000 4
2239 1.000000 4
2243 1.000000 4
2247 1.000000 4
2251 1.000000 4
2255 1.000000 4
2259 1.000000 4
2263 1.000000 4
2267 1.000000 4
2271 1.000000 4
2275 1.000000 4
2279 1.000000 4
2283 1.000000 4
2287 1.000000 4
2291 1.000000 4
2295 1.000000 4
2299 1.000000 4
2303 1.000000 4
2307 1.000000 4
2311 1.000000 4
2315 1.000000 4
2319 1.000000 4
2323 1.000000 4
2327 1.000000 4
2331 1.000000 4
2335 1.000000 4
2339 1.000000 4
2343 1.000000 4
2347 1.000000 4
2351 1.000000 4
2355 1.000000 4
2359 1.000000 4
2363 1.000000 4
2367 1.000000 4
2371 1.000000 4
2375 1.000000 4
2379 1.000000 4
2383 1.000000 4
2387 1.000000 4
2391 1.000000 4
2395 1.000000 4
2399 1.000000 4
2403 1.000000 4
2407 1.000000 4
2411 1.000000 4
2415 1.000000 4
2419 1.000000 4
2423 1.000000 4
2427 1.000000 4
2431 1.000000 4
2435 1.000000 4
2439 1.000000 4
2443 1.000000 4
2447 1.000000 4
2451 1.000000 4
2455 1.000000 4
2459 1.000000 4
2463 1.000000 4
2467 1.000000 4
2471 1.000000 4
2475 1.000000 4
2479 1.000000 4
2483 1.000000 4
2487 1.000000 4
2491 1.000000 4
2495 1.000000 4
2499 1.000000 4
2503 1.000000 4
2507 1.000000 4
2511 1.000000 4
2515 1.000000 4
2519 1.000000 4
2523 1.000000 4
2527 1.000000 4
2531 1.000000 4
2535 1.000000 4
2539 1.000000 4
2543 1.000000 4
2547 1.000000 4
2551 1.000000 4
2555 1.000000 4
2559 1.000000 4
2563 1.000000 4
2567 1.000000 4
2571 1.000000 4
2575 1.000000 4
2579 1.000000 4
2583 1.000000 4
2587 1.000000 4
2591 1.000000 4
2595 1.000000 4
2599 1.000000 4
2603 1.000000 4
2607 1.000000 4
2611 1.000000 4
2615 1.000000 4
2619 1.000000 4
2623 1.000000 4
2627 1.000000 4
2631 1.000000 4
2635 1.000000 4
2639 1.000000 4
2643 1.000000 4
2647 1.000000 4
2651 1.000000 4
2655 1.000000 4
2659 1.000000 4
2663 1.000000 4
2667 1.000000 4
2671 1.000000 4
2675 1.000000 4
2679 1.000000 4
2683 1.000000 4
2687 1.000000 4
2691 1.000000 4
2695 1.000000 4
2699 1.000000 4
2703 1.000000 4
2707 1.000000 4
2711 1.000000 4
2715 1.000000 4
2719 1.000000 4
2723 1.000000 4
2727 1.000000 4
2731 1.000000 4
2735 1.000000 4
2739 1.000000 4
2743 1.000000 4
2747 1.000000 4
2751 1.000000 4
2755 1.000000 4
2759 1.000000 4
2763 1.000000 4
2767 1.000000 4
2771 1.000000 4
2775 1.000000 4
2779 1.000000 4
2783 1.000000 4
2787 1.000000 4
2791 1.000000 4
2795 1.000000 4
2799 1.000000 4
2803 1.000000 4
2807 1.000000 4
2811 1.000000 4
2815 1.000000 4
2819 1.000000 4
2823 1.000000 4
2827 1.000000 4
2831 1.000000 4
2835 1.000000 4
2839 1.000000 4
2843 1.000000 4
2847 1.000000 4
2851 1.000000 4
2855 1.000000 4
2859 1.000000 4
2863 1.000000 4
2867 1.000000 4
2871 1.000000 4
2875 1.000000 4
2879 1.000000 4
2883 1.000000 4
2887 1.000000 4
2891 1.000000 4
2895 1.000000 4
2899 1.000000 4
2903 1.000000 4
2907 1.000000 4
2911 1.000000 4
2915 1.000000 4
2919 1.000000 4
2923 1.000000 4
2927 1.000000 4
2931 1.000000 4
2935 1.000000 4
2939 1.000000 4
2943 1.000000 4
2947 1.000000 4
2951 1.000000 4
2955 1.000000 4
2959 1.000000 4
2963 1.000000 4
2967 1.000000 4
2971 1.000000 4
2975 1.000000 4
2979 1.000000 4
2983 1.000000 4
2987 1.000000 4
2991 1.000000 4
2995 1.000000 4
2999 1.000000 4
3003 1.000000 4
3007 1.000000 4
3011 1.000000 4
3015 1.000000 4
3019 1.000000 4
3023 1.000000 4
3027 1.000000 4
3031 1.000000 4
3035 1.000000 4
3039 1.000000 4
3043 1.000000 4
3047 1.000000 4
3051 1.000000 4
3055 1.000000 4
3059 1.000000 4
3063 1.000000 4
3067 1.000000 4
3071 1.000000 4
3075 1.000000 4
3079 1.000000 4
3083 1.000000 4
3087 1.000000 4
3091 1.000000 4
3095 1.000000 4
3099 1.000000 4
3103 1.000000 4
3107 1.000000 4
3111 1.000000 4
3115 1.000000 4
3119 1.000000 4
3123 1.000000 4
3127 1.000000 4
3131 1.000000 4
3135 1.000000 4
3139 1.000000 4
3143 1.000000 4
3147 1.000000 4
3151 1.000000 4
3155 1.000000 4
3159 1.000000 4
3163 1.000000 4
3167 1.000000 4
3171 1.000000 4
3175 1.000000 4
3179 1.000000 4
3183 1.000000 4
3187 1.000000 4
3191 1.000000 4
3195 1.000000 4
3199 1.000000 4
3203 1.000000 4
3207 1.000000 4
3211 1.000000 4
3215 1.000000 4
3219 1.000000 4
3223 1.000000 4
3227 1.000000 4
3231 1.000000 4
3235 1.000000 4
3239 1.000000 4
3243 1.000000 4
3247 1.000000 4
3251 1.000000 4
3255 1.000000 4
3259 1.000000 4
3263 1.000000 4
3267 1.000000 4
3271 1.000000 4
3275 1.000000 4
3279 1.000000 4
3283 1.000000 4
3287 1.000000 4
3291 1.000000 4
3295 1.000000 4
3299 1.000000 4
3303 1.000000 4
3307 1.000000 4
3311 1.000000 4
3315 1.000000 4
3319 1.000000 4
3323 1.000000 4
3327 1.000000 4
3331 1.000000 4
3335 1.000000 4
3339 1.000000 4
3343 1.000000 4
3347 1.000000 4
3351 1.000000 4
3355 1.000000 4
3359 1.000000 4
3363 1.000000 4
3367 1.000000 4
3371 1.000000 4
3375 1.000000 4
3379 1.000000 4
3383 1.000000 4
3387 1.000000 4
3391 1.000000 4
3395 1.000000 4
3399 1.000000 4
3403 1.000000 4
3407 1.000000 4
3411 1.000000 4
3415 1.000000 4
3419 1.000000 4
3423 1.000000 4
3427 1.000000 4
3431 1.000000 4
3435 1.000000 4
3439 1.000000 4
3443 1.000000 4
3447 1.000000 4
3451 1.000000 4
3455 1.000000 4
3459 1.000000 4
3463 1.000000 4
3467 1.000000 4
3471 1.000000 4
3475 1.000000 4
3479 1.000000 4
3483 1.000000 4
3487 1.000000 4
3491 1.000000 4
3495 1.000000 4
3499 1.000000 4
3503 1.000000 4
3507 1.000000 4
3511 1.000000 4
3515 1.000000 4
3519 1.000000 4
3523 1.000000 4
3527 1.000000 4
3531 1.000000 4
3535 1.000000 4
3539 1.000000 4
3543 1.000000 4
3547 1.000000 4
3551 1.000000 4
3555 1.000000 4
3559 1.000000 4
3563 1.000000 4
3567 1.000000 4
3571 1.000000 4
3575 1.000000 4
3579 1.000000 4
3583 1.000000 4
3587 1.000000 4
3591 1.000000 4
3595 1.000000 4
3599 1.000000 4
3603 1.000000 4
3607 1.000000 4
3611 1.000000 4
3615 1.000000 4
3619 1.000000 4
3623 1.000000 4
3627 1.000000 4
3631 1.000000 4
3635 1.000000 4
3639 1.000000 4
3643 1.000000 4
3647 1.000000 4
3651 1.000000 4
3655 1.000000 4
3659 1.000000 4
3663 1.000000 4
3667 1.000000 4
3671 1.000000 4
3675 1.000000 4
3679 1.000000 4
3683 1.000000 4
3687 1.000000 4
3691 1.000000 4
3695 1.000000 4
3699 1.000000 4
3703 1.000000 4
3707 1.000000 4
3711 1.000000 4
3715 1.000000 4
3719 1.000000 4
3723 1.000000 4
3727 1.000000 4
3731 1.000000 4
3735 1.000000 4
3739 1.000000 4
3743 1.000000 4
3747 1.000000 4
3751 1.000000 4
3755 1.000000 4
3759 1.000000 4
3763 1.000000 4
3767 1.000000 4
3771 1.000000 4
3775 1.000000 4
3779 1.000000 4
3783 1.000000 4
3787 1.000000 4
3791 1.000000 4
3795 1.000000 4
3799 1.000000 4
3803 1.000000 4
3807 1.000000 4
3811 1.000000 4
3815 1.000000 4
3819 1.000000 4
3823 1.000000 4
3827 1.000000 4
3831 1.000000 4
3835 1.000000 4
3839 1.000000 4
3843 1.000000 4
3847 1.000000 4
3851 1.000000 4
3855 1.000000 4
3859 1.000000 4
3863 1.000000 4
3867 1.000000 4
3871 1.000000 4
3875 1.000000 4
3879 1.000000 4
3883 1.000000 4
3887 1.000000 4
3891 1.000000 4
3895 1.000000 4
3899 1.000000 4
3903 1.000000 4
3907 1.000000 4
3911 1.000000 4
3915 1.000000 4
3919 1.000000 4
3923 1.000000 4
3927 1.000000 4
3931 1.000000 4
3935 1.000000 4
3939 1.000000 4
3943 1.000000 4
3947 1.000000 4
3952 1.000000 5
3956 1.000000 4
3960 1.000000 4
3964 1.000000 4
3968 1.000000 4
3972 1.000000 4
3976 1.000000 4
3980 1.000000 4
3984 1.000000 4
3988 1.000000 4
3992 1.000000 4
3996 1.000000 4
4000 1.000000 4
4004 1.000000 4
4008 1.000000 4
4012 1.000000 4
4016 1.000000 4
4020 1.000000 4
4024 1.000000 4
4028 1.000000 4
4032 1.000000 4
4036 1.000000 4
4040 1.000000 4
4044 1.000000 4
4048 1.000000 4
4052 1.000000 4
4056 1.000000 4
4060 1.000000 4
4064 1.000000 4
4068 1.000000 4
4072 1.000000 4
4076 1.000000 4
4080 1.000000 4
4084 1.000000 4
4087 -1.000000 3
4090 -1.000000 3
4093 -1.000000 3
4096 -1.000000 3
4099 -1.000000 3
4102 -1.000000 3
4105 -1.000000 3
4108 -1.000000 3
4111 -1.000000 3
4114 -1.000000 3
4117 -1.000000 3
4120 -1.000000 3
4123 -1.000000 3
4126 -1.000000 3
4129 -1.000000 3
4132 -1.000000 3
4135 -1.000000 3
4138 -1.000000 3
4141 -1.000000 3
4144 -1.000000 3
4147 -1.000000 3
4150 -1.000000 3
4153 -1.000000 3
4156 -1.000000 3
4159 -1.000000 3
4162 -1.000000 3
4165 -1.000000 3
4168 -1.000000 3
4171 -1.000000 3
4174 -1.000000 3
4177 -1.000000 3
4180 -1.000000 3
4183 -1.000000 3
4186 -1.000000 3
4189 -1.000000 3
4192 -1.000000 3
4195 -1.000000 3
4198 -1.000000 3
4201 -1.000000 3
4204 -1.000000 3
4207 -1.000000 3
4210 -1.000000 3
4213 -1.000000 3
4216 -1.000000 3
4219 -1.000000 3
4222 -1.000000 3
4225 -1.000000 3
4228 -1.000000 3
4231 -1.000000 3
4234 -1.000000 3
4237 -1.000000 3
4240 -1.000000 3
4243 -1.000000 3
4246 -1.000000 3
4249 -1.000000 3
4252 -1.000000 3
4255 -1.000000 3
4258 -1.000000 3
4261 -1.000000 3
4264 -1.000000 3
4267 -1.000000 3
4270 -1.000000 3
4273 -1.000000 3
4276 -1.000000 3
4279 -1.000000 3
4282 -1.000000 3
4285 -1.000000 3
4288 -1.000000 3
4291 -1.000000 3
4294 -1.000000 3
4297 -1.000000 3
4300 -1.000000 3
4303 -1.000000 3
4306 -1.000000 3
4309 -1.000000 3
4312 -1.000000 3
4315 -1.000000 3
4318 -1.000000 3
4321 -1.000000 3
4324 -1.000000 3
4327 -1.000000 3
4330 -1.000000 3
4333 -1.000000 3
4336 -1.000000 3
4339 -1.000000 3
4342 -1.000000 3
4345 -1.000000 3
4348 -1.000000 3
4351 -1.000000 3
4354 -1.000000 3
4357 -1.000000 3
4360 -1.000000 3
4363 -1.000000 3
4366 -1.000000 3
4369 -1.000000 3
4372 -1.000000 3
4375 -1.000000 3
4378 -1.000000 3
4381 -1.000000 3
4384 -1.000000 3
4387 -1.000000 3
4390 -1.000000 3
4393 -1.000000 3
4396 -1.000000 3
4399 -1.000000 3
4402 -1.000000 3
4405 -1.000000 3
4408 -1.000000 3
4411 -1.000000 3
4414 -1.000000 3
4417 -1.000000 3
4420 -1.000000 3
4423 -1.000000 3
4426 -1.000000 3
4429 -1.000000 3
4432 -1.000000 3
4435 -1.000000 3
4438 -1.000000 3
4441 -1.000000 3
4444 -1.000000 3
4447 -1.000000 3
4450 -1.000000 3
4453 -1.000000 3
4456 -1.000000 3
4459 -1.000000 3
4462 -1.000000 3
4465 -1.000000 3
4468 -1.000000 3
4471 -1.000000 3
4474 -1.000000 3
4477 -1.000000 3
4480 -1.000000 3
4483 -1.000000 3
4486 -1.000000 3
4489 -1.000000 3
4492 -1.000000 3
4495 -1.000000 3
4498 -1.000000 3
4501 -1.000000 3
4504 -1.000000 3
4507 -1.000000 3
4510 -1.000000 3
4513 -1.000000 3
4516 -1.000000 3
4519 -1.000000 3
4522 -1.000000 3
4525 -1.000000 3
4528 -1.000000 3
4531 -1.000000 3
4534 -1.000000 3
4537 -1.000000 3
4540 -1.000000 3
4543 -1.000000 3
4546 -1.000000 3
4549 -1.000000 3
4552 -1.000000 3
4555 -1.000000 3
4558 -1.000000 3
4561 -1.000000 3
4564 -1.000000 3
4567 -1.000000 3
4570 -1.000000 3
4573 -1.000000 3
4576 -1.000000 3
4579 -1.000000 3
4582 -1.000000 3
4585 -1.000000 3
4588 -1.000000 3
4591 -1.000000 3
4594 -1.000000 3
4597 -1.000000 3
4600 -1.000000 3
4603 -1.000000 3
4606 -1.000000 3
4609 -1.000000 3
4612 -1.000000 3
4615 -1.000000 3
4618 -1.000000 3
4621 -1.000000 3
4624 -1.000000 3
4627 -1.000000 3
4630 -1.000000 3
4633 -1.000000 3
4636 -1.000000 3
4639 -1.000000 3
4642 -1.000000 3
4645 -1.000000 3
4648 -1.000000 3
4651 -1.000000 3
4654 -1.000000 3
4657 -1.000000 3
4660 -1.000000 3
4663 -1.000000 3
4666 -1.000000 3
4669 -1.000000 3
4672 -1.000000 3
4675 -1.000000 3
4678 -1.000000 3
4681 -1.000000 3
4684 -1.000000 3
4687 -1.000000 3
4690 -1.000000 3
4693 -1.000000 3
4696 -1.000000 3
4699 -1.000000 3
4702 -1.000000 3
4705 -1.000000 3
4708 -1.000000 3
4711 -1.000000 3
4714 -1.000000 3
4717 -1.000000 3
4720 -1.000000 3
4723 -1.000000 3
4726 -1.000000 3
4729 -1.000000 3
4732 -1.000000 3
4735 -1.000000 3
4738 -1.000000 3
4741 -1.000000 3
4744 -1.000000 3
4747 -1.000000 3
4750 -1.000000 3
4753 -1.000000 3
4756 -1.000000 3
4759 -1.000000 3
4762 -1.000000 3
4765 -1.000000 3
4768 -1.000000 3
4771 -1.000000 3
4774 -1.000000 3
4777 -1.000000 3
4780 -1.000000 3
4783 -1.000000 3
4786 -1.000000 3
4789 -1.000000 3
4792 -1.000000 3
4795 -1.000000 3
4798 -1.000000 3
4801 -1.000000 3
4804 -1.000000 3
4807 -1.000000 3
4810 -1.000000 3
4813 -1.000000 3
4816 -1.000000 3
4819 -1.000000 3
4822 -1.000000 3
4825 -1.000000 3
4828 -1.000000 3
4831 -1.000000 3
4834 -1.000000 3
4837 -1.000000 3
4840 -1.000000 3
4843 -1.000000 3
4846 -1.000000 3
4849 -1.000000 3
4852 -1.000000 3
4855 -1.000000 3
4858 -1.000000 3
4861 -1.000000 3
4864 -1.000000 3
4867 -1.000000 3
4870 -1.000000 3
4873 -1.000000 3
4876 -1.000000 3
4879 -1.000000 3
4882 -1.000000 3
4885 -1.000000 3
4888 -1.000000 3
4891 -1.000000 3
4894 -1.000000 3
4897 -1.000000 3
4900 -1.000000 3
4903 -1.000000 3
4906 -1.000000 3
4909 -1.000000 3
4912 -1.000000 3
4915 -1.000000 3
4918 -1.000000 3
4921 -1.000000 3
4924 -1.000000 3
4927 -1.000000 3
4930 -1.000000 3
4933 -1.000000 3
4936 -1.000000 3
4939 -1.000000 3
4942 -1.000000 3
4945 -1.000000 3
4948 -1.000000 3
4951 -1.000000 3
4954 -1.000000 3
4957 -1.000000 3
4960 -1.000000 3
4963 -1.000000 3
4966 -1.000000 3
4969 -1.000000 3
4972 -1.000000 3
4975 -1.000000 3
4978 -1.000000 3
4981 -1.000000 3
4984 -1.000000 3
4987 -1.000000 3
4990 -1.000000 3
4993 -1.000000 3
4996 -1.000000 3
4999 -1.000000 3
5002 -1.000000 3
5005 -1.000000 3
5008 -1.000000 3
5011 -1.000000 3
5014 -1.000000 3
5017 -1.000000 3
5020 -1.000000 3
5023 -1.000000 3
5026 -1.000000 3
5029 -1.000000 3
5032 -1.000000 3
5035 -1.000000 3
5038 -1.000000 3
5041 -1.000000 3
5044 -1.000000 3
5047 -1.000000 3
5050 -1.000000 3
5053 -1.000000 3
5056 -1.000000 3
5059 -1.000000 3
5062 -1.000000 3
5065 -1.000000 3
5068 -1.000000 3
5071 -1.000000 3
5074 -1.000000 3
5077 -1.000000 3
5080 -1.000000 3
5083 -1.000000 3
5086 -1.000000 3
