5 0.000000 5
8 -1.000000 3
12 1.000000 4
16 -1.000000 4
21 1.000000 5
26 1.000000 5
31 1.000000 5
35 -1.000000 4
40 1.000000 5
45 1.000000 5
49 -1.000000 4
53 1.000000 4
57 1.000000 4
61 1.000000 4
65 1.000000 4
69 1.000000 4
74 0.000000 5
77 -1.000000 3
81 1.000000 4
85 1.000000 4
90 1.000000 5
94 -1.000000 4
98 -1.000000 4
102 1.000000 4
107 1.000000 5
111 -1.000000 4
115 1.000000 4
119 1.000000 4
124 1.000000 5
129 1.000000 5
133 1.000000 4
137 1.000000 4
141 -1.000000 4
146 0.000000 5
150 1.000000 4
153 -1.000000 3
156 -1.000000 3
161 0.000000 5
165 -1.000000 4
168 -1.000000 3
171 1.000000 3
176 1.000000 5
180 -1.000000 4
185 0.000000 5
189 1.000000 4
192 -1.000000 3
195 -1.000000 3
200 1.000000 5
204 1.000000 4
207 1.000000 3
210 1.000000 3
214 -1.000000 4
218 1.000000 4
222 -1.000000 4
226 1.000000 4
230 1.000000 4
234 -1.000000 4
238 1.000000 4
242 -1.000000 4
247 1.000000 5
250 -1.000000 3
253 -1.000000 3
257 1.000000 4
261 1.000000 4
265 -1.000000 4
270 1.000000 5
275 1.000000 5
280 0.000000 5
283 1.000000 3
287 1.000000 4
292 1.000000 5
297 1.000000 5
301 1.000000 4
306 0.000000 5
310 -1.000000 4
313 -1.000000 3
316 1.000000 3
319 1.000000 3
323 -1.000000 4
326 -1.000000 3
329 -1.000000 3
333 -1.000000 4
337 -1.000000 4
341 -1.000000 4
345 1.000000 4
350 0.000000 5
353 1.000000 3
358 1.000000 5
362 1.000000 4
366 -1.000000 4
370 -1.000000 4
375 0.000000 5
379 -1.000000 4
383 -1.000000 4
386 1.000000 3
389 -1.000000 3
394 0.000000 5
399 1.000000 5
403 1.000000 4
408 0.000000 5
412 1.000000 4
417 1.000000 5
421 1.000000 4
426 0.000000 5
431 1.000000 5
435 1.000000 4
438 -1.000000 3
441 -1.000000 3
446 1.000000 5
451 0.000000 5
454 1.000000 3
458 1.000000 4
463 1.000000 5
466 1.000000 3
470 -1.000000 4
474 1.000000 4
479 1.000000 5
483 -1.000000 4
487 1.000000 4
491 1.000000 4
496 1.000000 5
501 1.000000 5
505 -1.000000 4
510 0.000000 5
514 1.000000 4
518 -1.000000 4
522 1.000000 4
527 1.000000 5
531 1.000000 4
535 -1.000000 4
540 0.000000 5
545 0.000000 5
549 1.000000 4
552 -1.000000 3
556 1.000000 4
559 1.000000 3
562 -1.000000 3
566 -1.000000 4
570 -1.000000 4
575 0.000000 5
579 -1.000000 4
583 -1.000000 4
587 1.000000 4
591 -1.000000 4
596 1.000000 5
599 -1.000000 3
604 1.000000 5
608 -1.000000 4
612 1.000000 4
616 1.000000 4
620 1.000000 4
625 0.000000 5
630 0.000000 5
634 1.000000 4
638 -1.000000 4
641 -1.000000 3
646 0.000000 5
650 1.000000 4
654 -1.000000 4
657 1.000000 3
661 -1.000000 4
665 -1.000000 4
669 -1.000000 4
673 -1.000000 4
677 1.000000 4
682 0.000000 5
686 -1.000000 4
690 -1.000000 4
695 1.000000 5
699 1.000000 4
703 1.000000 4
707 1.000000 4
711 -1.000000 4
716 0.000000 5
720 -1.000000 4
724 -1.000000 4
728 1.000000 4
732 1.000000 4
736 1.000000 4
740 -1.000000 4
745 1.000000 5
750 0.000000 5
754 -1.000000 4
758 1.000000 4
763 0.000000 5
767 1.000000 4
772 1.000000 5
776 1.000000 4
780 1.000000 4
784 1.000000 4
789 1.000000 5
792 -1.000000 3
797 1.000000 5
801 -1.000000 4
805 1.000000 4
809 1.000000 4
812 1.000000 3
816 -1.000000 4
821 1.000000 5
825 1.000000 4
829 1.000000 4
833 -1.000000 4
838 1.000000 5
843 1.000000 5
846 1.000000 3
850 1.000000 4
855 0.000000 5
860 1.000000 5
865 0.000000 5
870 1.000000 5
875 1.000000 5
879 -1.000000 4
883 1.000000 4
886 1.000000 3
890 1.000000 4
893 -1.000000 3
898 0.000000 5
902 1.000000 4
906 -1.000000 4
911 1.000000 5
915 -1.000000 4
918 1.000000 3
922 1.000000 4
927 1.000000 5
931 -1.000000 4
934 -1.000000 3
939 0.000000 5
942 -1.000000 3
946 1.000000 4
949 -1.000000 3
954 0.000000 5
957 1.000000 3
961 -1.000000 4
964 1.000000 3
968 1.000000 4
973 1.000000 5
977 1.000000 4
981 1.000000 4
986 0.000000 5
990 1.000000 4
994 1.000000 4
998 1.000000 4
1002 1.000000 4
1006 1.000000 4
1010 1.000000 4
1013 -1.000000 3
1017 -1.000000 4
1022 1.000000 5
1026 1.000000 4
1030 -1.000000 4
1034 1.000000 4
1038 -1.000000 4
1041 1.000000 3
1045 -1.000000 4
1049 1.000000 4
1053 1.000000 4
1058 1.000000 5
1062 1.000000 4
1067 1.000000 5
1071 1.000000 4
1076 1.000000 5
1081 1.000000 5
1085 -1.000000 4
1089 1.000000 4
1093 -1.000000 4
1097 1.000000 4
1102 1.000000 5
1107 1.000000 5
1111 -1.000000 4
1114 -1.000000 3
1118 -1.000000 4
1121 -1.000000 3
1126 1.000000 5
1129 1.000000 3
1134 1.000000 5
1137 1.000000 3
1142 1.000000 5
1146 1.000000 4
1150 1.000000 4
1155 0.000000 5
1158 -1.000000 3
1163 1.000000 5
1168 1.000000 5
1173 1.000000 5
1178 1.000000 5
1182 1.000000 4
1187 0.000000 5
1190 -1.000000 3
1194 -1.000000 4
1198 1.000000 4
1202 -1.000000 4
1207 1.000000 5
1210 1.000000 3
1214 -1.000000 4
1219 0.000000 5
1222 1.000000 3
1226 1.000000 4
1230 -1.000000 4
1234 -1.000000 4
1239 0.000000 5
1242 1.000000 3
1246 -1.000000 4
1251 0.000000 5
1255 1.000000 4
1260 0.000000 5
1263 -1.000000 3
1266 1.000000 3
1270 1.000000 4
1273 -1.000000 3
1278 0.000000 5
1283 1.000000 5
1287 1.000000 4
1290 -1.000000 3
1294 1.000000 4
1299 1.000000 5
1303 1.000000 4
1306 1.000000 3
1310 1.000000 4
1314 -1.000000 4
1319 0.000000 5
1323 1.000000 4
1326 1.000000 3
1329 -1.000000 3
1334 1.000000 5
1337 -1.000000 3
1341 -1.000000 4
1344 1.000000 3
1349 0.000000 5
1354 0.000000 5
1357 -1.000000 3
1362 0.000000 5
1366 -1.000000 4
1370 1.000000 4
1374 -1.000000 4
1379 1.000000 5
1383 1.000000 4
1387 1.000000 4
1391 1.000000 4
1395 -1.000000 4
1399 -1.000000 4
1403 1.000000 4
1407 -1.000000 4
1412 0.000000 5
1416 -1.000000 4
1420 -1.000000 4
1424 -1.000000 4
1428 1.000000 4
1433 0.000000 5
1437 1.000000 4
1442 1.000000 5
1446 1.000000 4
1450 1.000000 4
1454 1.000000 4
1459 0.000000 5
1463 1.000000 4
1466 1.000000 3
1470 1.000000 4
1475 1.000000 5
1479 -1.000000 4
1483 -1.000000 4
1488 1.000000 5
1491 1.000000 3
1496 1.000000 5
1500 -1.000000 4
1504 1.000000 4
1509 1.000000 5
1513 1.000000 4
1516 1.000000 3
1521 0.000000 5
1524 1.000000 3
1527 1.000000 3
1531 1.000000 4
1536 0.000000 5
1540 1.000000 4
1545 0.000000 5
1548 -1.000000 3
1552 1.000000 4
1557 0.000000 5
1562 1.000000 5
1565 1.000000 3
1569 1.000000 4
1572 1.000000 3
1577 1.000000 5
1581 1.000000 4
1585 1.000000 4
1590 0.000000 5
1595 0.000000 5
1599 -1.000000 4
1604 0.000000 5
1607 -1.000000 3
1612 1.000000 5
1616 1.000000 4
1620 1.000000 4
1624 -1.000000 4
1629 0.000000 5
1633 1.000000 4
1638 1.000000 5
1642 1.000000 4
1646 -1.000000 4
1650 1.000000 4
1653 1.000000 3
1656 1.000000 3
1659 1.000000 3
1663 -1.000000 4
1667 1.000000 4
1672 1.000000 5
1677 1.000000 5
1681 -1.000000 4
1685 1.000000 4
1690 1.000000 5
1694 -1.000000 4
1697 1.000000 3
1701 -1.000000 4
1704 -1.000000 3
1708 1.000000 4
1713 0.000000 5
1717 -1.000000 4
1720 1.000000 3
1725 1.000000 5
1729 1.000000 4
1734 1.000000 5
1739 1.000000 5
1743 1.000000 4
1747 -1.000000 4
1751 -1.000000 4
1755 1.000000 4
1760 1.000000 5
1763 -1.000000 3
1767 -1.000000 4
1770 -1.000000 3
1775 0.000000 5
1778 1.000000 3
1783 1.000000 5
1786 1.000000 3
1791 1.000000 5
1796 0.000000 5
1799 -1.000000 3
1802 -1.000000 3
1806 -1.000000 4
1811 0.000000 5
1814 1.000000 3
1817 1.000000 3
1820 -1.000000 3
1823 1.000000 3
1828 1.000000 5
1832 1.000000 4
1835 1.000000 3
1838 1.000000 3
1842 1.000000 4
1846 -1.000000 4
1849 1.000000 3
1854 0.000000 5
1859 0.000000 5
1864 1.000000 5
1869 1.000000 5
1872 1.000000 3
1877 1.000000 5
1881 1.000000 4
1886 0.000000 5
1891 1.000000 5
1894 1.000000 3
1898 1.000000 4
1902 -1.000000 4
1907 1.000000 5
1912 1.000000 5
1915 -1.000000 3
1919 1.000000 4
1923 -1.000000 4
1928 1.000000 5
1932 1.000000 4
1937 0.000000 5
1942 0.000000 5
1946 1.000000 4
1950 1.000000 4
1954 -1.000000 4
1958 -1.000000 4
1963 0.000000 5
1966 1.000000 3
1970 -1.000000 4
1975 1.000000 5
1979 -1.000000 4
1984 1.000000 5
1988 -1.000000 4
1992 -1.000000 4
1997 1.000000 5
2001 -1.000000 4
2005 1.000000 4
2008 -1.000000 3
2011 1.000000 3
2014 -1.000000 3
2018 1.000000 4
2022 1.000000 4
2027 1.000000 5
2032 1.000000 5
2036 1.000000 4
2040 1.000000 4
2045 1.000000 5
2050 1.000000 5
2055 0.000000 5
2060 1.000000 5
2063 -1.000000 3
2067 1.000000 4
2072 1.000000 5
2076 1.000000 4
2079 -1.000000 3
2083 1.000000 4
2088 1.000000 5
2092 1.000000 4
2096 -1.000000 4
2101 0.000000 5
2106 0.000000 5
2110 1.000000 4
2113 1.000000 3
2117 1.000000 4
2121 1.000000 4
2125 1.000000 4
2130 1.000000 5
2134 -1.000000 4
2138 -1.000000 4
2141 1.000000 3
2144 1.000000 3
2149 1.000000 5
2153 -1.000000 4
2157 -1.000000 4
2162 1.000000 5
2167 0.000000 5
2170 1.000000 3
2173 1.000000 3
2178 1.000000 5
2183 1.000000 5
2186 -1.000000 3
2191 0.000000 5
2195 -1.000000 4
2200 0.000000 5
2203 1.000000 3
2207 1.000000 4
2211 -1.000000 4
2215 1.000000 4
2220 0.000000 5
2225 1.000000 5
2230 0.000000 5
2234 -1.000000 4
2239 0.000000 5
2243 1.000000 4
2248 1.000000 5
2253 0.000000 5
2257 -1.000000 4
2260 1.000000 3
2264 1.000000 4
2269 1.000000 5
2273 -1.000000 4
2277 -1.000000 4
2280 1.000000 3
2283 1.000000 3
2288 1.000000 5
2292 1.000000 4
2296 1.000000 4
2300 1.000000 4
2304 -1.000000 4
2307 1.000000 3
2312 1.000000 5
2315 1.000000 3
2319 -1.000000 4
2322 1.000000 3
2326 -1.000000 4
2331 1.000000 5
2335 1.000000 4
2340 1.000000 5
2343 -1.000000 3
2347 -1.000000 4
2350 1.000000 3
2355 1.000000 5
2359 -1.000000 4
2363 1.000000 4
2367 1.000000 4
2372 1.000000 5
2376 -1.000000 4
2380 -1.000000 4
2385 1.000000 5
2390 0.000000 5
2394 1.000000 4
2398 -1.000000 4
2402 -1.000000 4
2406 1.000000 4
2410 1.000000 4
2414 1.000000 4
2419 1.000000 5
2424 1.000000 5
2428 1.000000 4
2432 -1.000000 4
2436 1.000000 4
2440 1.000000 4
2443 -1.000000 3
2447 -1.000000 4
2450 1.000000 3
2453 -1.000000 3
2456 -1.000000 3
2461 1.000000 5
2466 1.000000 5
2471 0.000000 5
2476 0.000000 5
2480 1.000000 4
2485 1.000000 5
2490 0.000000 5
2494 1.000000 4
2499 0.000000 5
2502 -1.000000 3
2507 1.000000 5
2510 -1.000000 3
2514 -1.000000 4
2519 1.000000 5
2523 -1.000000 4
2527 1.000000 4
2531 1.000000 4
2535 1.000000 4
2538 1.000000 3
2542 1.000000 4
2546 1.000000 4
2549 1.000000 3
2554 1.000000 5
2559 0.000000 5
2564 1.000000 5
2569 1.000000 5
2572 1.000000 3
2577 1.000000 5
2582 1.000000 5
2587 1.000000 5
2592 1.000000 5
2597 1.000000 5
2600 -1.000000 3
2603 -1.000000 3
2606 1.000000 3
2610 1.000000 4
2615 1.000000 5
2618 -1.000000 3
2622 1.000000 4
2626 1.000000 4
2630 1.000000 4
2635 1.000000 5
2638 1.000000 3
2641 1.000000 3
2645 1.000000 4
2650 1.000000 5
2653 -1.000000 3
2658 1.000000 5
2663 1.000000 5
2667 -1.000000 4
2671 1.000000 4
2676 1.000000 5
2680 -1.000000 4
2684 -1.000000 4
2689 1.000000 5
2693 1.000000 4
2697 -1.000000 4
2700 1.000000 3
2705 1.000000 5
2709 1.000000 4
2714 1.000000 5
2719 0.000000 5
2722 1.000000 3
2725 1.000000 3
2729 1.000000 4
2732 1.000000 3
2737 1.000000 5
2740 1.000000 3
2744 -1.000000 4
2747 -1.000000 3
2751 -1.000000 4
2755 1.000000 4
2760 0.000000 5
2764 1.000000 4
2769 1.000000 5
2773 1.000000 4
2778 1.000000 5
2783 0.000000 5
2788 1.000000 5
2793 1.000000 5
2797 1.000000 4
2802 1.000000 5
2805 1.000000 3
2808 -1.000000 3
2812 1.000000 4
2816 1.000000 4
2821 0.000000 5
2826 1.000000 5
2830 1.000000 4
2835 1.000000 5
2840 1.000000 5
2845 1.000000 5
2848 -1.000000 3
2853 1.000000 5
2858 0.000000 5
2862 1.000000 4
2866 1.000000 4
2871 1.000000 5
2874 -1.000000 3
2879 0.000000 5
2884 1.000000 5
2889 0.000000 5
2893 1.000000 4
2897 1.000000 4
2900 -1.000000 3
2904 1.000000 4
2908 -1.000000 4
2913 1.000000 5
2918 1.000000 5
2922 1.000000 4
2926 -1.000000 4
2929 1.000000 3
2933 1.000000 4
2938 0.000000 5
2941 1.000000 3
2946 1.000000 5
2951 1.000000 5
2954 -1.000000 3
2958 1.000000 4
2963 1.000000 5
2968 1.000000 5
2973 0.000000 5
2977 1.000000 4
2982 1.000000 5
2986 -1.000000 4
2989 -1.000000 3
2992 -1.000000 3
2996 -1.000000 4
3000 -1.000000 4
3004 1.000000 4
3007 1.000000 3
3011 -1.000000 4
3014 -1.000000 3
3019 1.000000 5
3022 -1.000000 3
3027 1.000000 5
3030 -1.000000 3
3035 1.000000 5
3040 0.000000 5
3045 0.000000 5
3050 1.000000 5
3054 1.000000 4
3057 1.000000 3
3061 -1.000000 4
3064 1.000000 3
3068 -1.000000 4
3071 -1.000000 3
3076 1.000000 5
3081 0.000000 5
3086 0.000000 5
3091 1.000000 5
3094 1.000000 3
3098 1.000000 4
3103 1.000000 5
3106 -1.000000 3
3109 1.000000 3
3114 0.000000 5
3117 1.000000 3
3121 -1.000000 4
3124 1.000000 3
3128 -1.000000 4
3131 -1.000000 3
3136 1.000000 5
3141 1.000000 5
3144 1.000000 3
3147 1.000000 3
3151 1.000000 4
3156 1.000000 5
3161 1.000000 5
3166 1.000000 5
3170 1.000000 4
3175 1.000000 5
3180 1.000000 5
3185 1.000000 5
3189 1.000000 4
3193 -1.000000 4
3196 1.000000 3
3200 1.000000 4
3204 1.000000 4
3208 1.000000 4
3211 -1.000000 3
3216 1.000000 5
3221 0.000000 5
3225 1.000000 4
3229 -1.000000 4
3233 -1.000000 4
3236 -1.000000 3
3241 1.000000 5
3245 1.000000 4
3249 1.000000 4
3253 1.000000 4
3258 1.000000 5
3263 0.000000 5
3268 1.000000 5
3271 1.000000 3
3276 1.000000 5
3279 -1.000000 3
3284 1.000000 5
3288 -1.000000 4
3291 1.000000 3
3294 1.000000 3
3297 1.000000 3
3301 -1.000000 4
3306 1.000000 5
3310 1.000000 4
3315 1.000000 5
3320 1.000000 5
3324 -1.000000 4
3328 1.000000 4
3332 -1.000000 4
3336 -1.000000 4
3339 1.000000 3
3344 1.000000 5
3349 1.000000 5
3352 1.000000 3
3356 1.000000 4
3361 0.000000 5
3364 -1.000000 3
3367 1.000000 3
3371 -1.000000 4
3374 1.000000 3
3379 0.000000 5
3384 1.000000 5
3387 -1.000000 3
3391 -1.000000 4
3395 1.000000 4
3399 -1.000000 4
3403 1.000000 4
3407 1.000000 4
3411 1.000000 4
3415 1.000000 4
3419 1.000000 4
3424 1.000000 5
3429 1.000000 5
3433 -1.000000 4
3437 1.000000 4
3441 1.000000 4
3444 1.000000 3
3448 -1.000000 4
3451 1.000000 3
3455 1.000000 4
3460 1.000000 5
3463 -1.000000 3
3467 1.000000 4
3471 -1.000000 4
3475 1.000000 4
3479 1.000000 4
3484 1.000000 5
3487 1.000000 3
3492 0.000000 5
3496 -1.000000 4
3499 1.000000 3
3503 1.000000 4
3507 -1.000000 4
3511 1.000000 4
3515 1.000000 4
3518 1.000000 3
3521 1.000000 3
3524 1.000000 3
3528 -1.000000 4
3532 -1.000000 4
3535 -1.000000 3
3539 1.000000 4
3544 0.000000 5
3549 1.000000 5
3553 1.000000 4
3558 0.000000 5
3562 1.000000 4
3566 1.000000 4
3569 -1.000000 3
3574 1.000000 5
3579 1.000000 5
3583 1.000000 4
3587 1.000000 4
3590 1.000000 3
3594 1.000000 4
3598 1.000000 4
3602 -1.000000 4
3607 1.000000 5
3610 -1.000000 3
3614 1.000000 4
3618 1.000000 4
3622 -1.000000 4
3626 1.000000 4
3631 1.000000 5
3635 -1.000000 4
3640 1.000000 5
3643 1.000000 3
3646 -1.000000 3
3651 1.000000 5
3656 1.000000 5
3661 1.000000 5
3664 -1.000000 3
3668 1.000000 4
3672 1.000000 4
3677 0.000000 5
3681 -1.000000 4
3684 -1.000000 3
3688 1.000000 4
3693 0.000000 5
3696 -1.000000 3
3701 1.000000 5
3704 -1.000000 3
3709 1.000000 5
3714 1.000000 5
3718 1.000000 4
3723 0.000000 5
3727 1.000000 4
3731 1.000000 4
3735 -1.000000 4
3739 1.000000 4
3743 1.000000 4
3746 1.000000 3
3749 1.000000 3
3753 -1.000000 4
3757 1.000000 4
3761 1.000000 4
3764 -1.000000 3
3767 -1.000000 3
3772 1.000000 5
3777 1.000000 5
3781 1.000000 4
3785 1.000000 4
3788 -1.000000 3
3792 1.000000 4
3795 -1.000000 3
3799 -1.000000 4
3804 1.000000 5
3809 1.000000 5
3813 1.000000 4
3816 -1.000000 3
3820 -1.000000 4
3824 1.000000 4
3829 1.000000 5
3832 -1.000000 3
3837 1.000000 5
3841 1.000000 4
3845 1.000000 4
3849 1.000000 4
3853 -1.000000 4
3858 1.000000 5
3861 1.000000 3
3865 1.000000 4
3870 0.000000 5
3875 1.000000 5
3878 -1.000000 3
3881 -1.000000 3
3885 1.000000 4
3889 1.000000 4
3893 -1.000000 4
3897 1.000000 4
3901 1.000000 4
3905 -1.000000 4
3909 -1.000000 4
3914 0.000000 5
3919 1.000000 5
3924 1.000000 5
3929 1.000000 5
3933 -1.000000 4
3937 1.000000 4
3941 1.000000 4
3944 -1.000000 3
3947 -1.000000 3
3951 -1.000000 4
3955 1.000000 4
3960 0.000000 5
3963 -1.000000 3
3966 -1.000000 3
3970 -1.000000 4
3973 1.000000 3
3976 -1.000000 3
3981 1.000000 5
3986 1.000000 5
3990 1.000000 4
3994 1.000000 4
3999 1.000000 5
4003 -1.000000 4
4007 -1.000000 4
4011 -1.000000 4
4014 1.000000 3
4017 1.000000 3
4021 -1.000000 4
4026 0.000000 5
4031 1.000000 5
4035 1.000000 4
4039 -1.000000 4
4042 1.000000 3
4046 1.000000 4
4050 1.000000 4
4055 1.000000 5
4058 1.000000 3
4061 -1.000000 3
4066 0.000000 5
4071 1.000000 5
4076 1.000000 5
4080 -1.000000 4
4084 1.000000 4
4088 -1.000000 4
4092 1.000000 4
4096 1.000000 4
4100 1.000000 4
4105 1.000000 5
4110 1.000000 5
4115 1.000000 5
4119 1.000000 4
4122 1.000000 3
4125 -1.000000 3
4130 1.000000 5
4133 1.000000 3
4138 1.000000 5
4143 0.000000 5
4148 0.000000 5
4153 1.000000 5
4157 1.000000 4
4162 1.000000 5
4167 0.000000 5
4171 1.000000 4
4175 1.000000 4
4179 1.000000 4
4184 1.000000 5
4187 1.000000 3
4191 -1.000000 4
4196 0.000000 5
4200 1.000000 4
4204 1.000000 4
4208 1.000000 4
4213 1.000000 5
4218 1.000000 5
4222 -1.000000 4
4225 1.000000 3
4230 1.000000 5
4234 1.000000 4
4238 -1.000000 4
4243 0.000000 5
4248 1.000000 5
4252 1.000000 4
4256 -1.000000 4
4259 1.000000 3
4263 1.000000 4
4267 1.000000 4
4271 -1.000000 4
4274 -1.000000 3
4279 0.000000 5
4283 -1.000000 4
4287 -1.000000 4
4292 0.000000 5
4297 1.000000 5
4302 0.000000 5
4306 -1.000000 4
4311 1.000000 5
4315 -1.000000 4
4320 1.000000 5
4324 -1.000000 4
4329 0.000000 5
4334 1.000000 5
4339 1.000000 5
4344 1.000000 5
4348 1.000000 4
4353 1.000000 5
4357 -1.000000 4
4361 -1.000000 4
4366 1.000000 5
4370 1.000000 4
4373 -1.000000 3
4376 -1.000000 3
4379 1.000000 3
4382 -1.000000 3
4386 -1.000000 4
4390 -1.000000 4
4394 1.000000 4
4398 -1.000000 4
4402 -1.000000 4
4407 1.000000 5
4410 -1.000000 3
4414 -1.000000 4
4417 -1.000000 3
4422 1.000000 5
4427 1.000000 5
4431 1.000000 4
4434 -1.000000 3
4437 -1.000000 3
4441 -1.000000 4
4446 1.000000 5
4450 -1.000000 4
4455 0.000000 5
4459 1.000000 4
4464 1.000000 5
4467 -1.000000 3
4472 1.000000 5
4475 -1.000000 3
4478 -1.000000 3
4482 1.000000 4
4487 1.000000 5
4492 1.000000 5
4497 1.000000 5
4500 -1.000000 3
4505 0.000000 5
4510 1.000000 5
4514 1.000000 4
4518 1.000000 4
4522 1.000000 4
4527 1.000000 5
4530 -1.000000 3
4535 1.000000 5
4540 1.000000 5
4544 1.000000 4
4548 1.000000 4
4553 1.000000 5
4557 -1.000000 4
4561 1.000000 4
4564 -1.000000 3
4569 0.000000 5
4574 0.000000 5
4577 1.000000 3
4581 -1.000000 4
4584 -1.000000 3
4587 1.000000 3
4592 0.000000 5
4596 1.000000 4
4601 1.000000 5
4606 1.000000 5
4611 0.000000 5
4615 -1.000000 4
4619 -1.000000 4
4623 1.000000 4
4627 1.000000 4
4632 1.000000 5
4636 1.000000 4
4640 1.000000 4
4643 -1.000000 3
4648 0.000000 5
4653 1.000000 5
4658 1.000000 5
4662 -1.000000 4
4665 1.000000 3
4669 1.000000 4
4674 0.000000 5
4679 1.000000 5
4683 1.000000 4
4688 1.000000 5
4692 -1.000000 4
4697 1.000000 5
4702 0.000000 5
4706 1.000000 4
4710 1.000000 4
4714 1.000000 4
4719 1.000000 5
4723 1.000000 4
4728 1.000000 5
4731 1.000000 3
4735 1.000000 4
4740 1.000000 5
4745 0.000000 5
4750 1.000000 5
4755 1.000000 5
4760 0.000000 5
4765 1.000000 5
4770 1.000000 5
4775 0.000000 5
4779 -1.000000 4
4784 1.000000 5
4789 1.000000 5
4793 1.000000 4
4798 0.000000 5
4803 1.000000 5
4808 1.000000 5
4812 1.000000 4
4816 1.000000 4
4820 -1.000000 4
4823 -1.000000 3
4826 1.000000 3
4831 0.000000 5
4836 0.000000 5
4840 -1.000000 4
4844 1.000000 4
4849 1.000000 5
4853 -1.000000 4
4856 -1.000000 3
4859 1.000000 3
4864 1.000000 5
4868 1.000000 4
4872 1.000000 4
4876 1.000000 4
4880 -1.000000 4
4884 1.000000 4
4889 1.000000 5
4893 1.000000 4
4897 -1.000000 4
4901 1.000000 4
4906 1.000000 5
4911 1.000000 5
4915 1.000000 4
4920 1.000000 5
4924 -1.000000 4
4928 1.000000 4
4931 -1.000000 3
4935 -1.000000 4
4939 -1.000000 4
4942 1.000000 3
4946 1.000000 4
4950 1.000000 4
4953 1.000000 3
4957 -1.000000 4
4961 1.000000 4
4966 1.000000 5
4971 1.000000 5
4975 1.000000 4
4979 1.000000 4
4983 1.000000 4
4987 1.000000 4
4990 1.000000 3
4994 1.000000 4
4999 1.000000 5
5003 1.000000 4
5007 1.000000 4
5011 1.000000 4
5014 -1.000000 3
5018 1.000000 4
5022 1.000000 4
5027 1.000000 5
5032 0.000000 5
5037 1.000000 5
5042 1.000000 5
5046 -1.000000 4
5051 0.000000 5
5054 -1.000000 3
5059 1.000000 5
5062 -1.000000 3
5066 1.000000 4
5070 -1.000000 4
5075 1.000000 5
5079 -1.000000 4
5084 1.000000 5
5088 -1.000000 4
5093 1.000000 5
5097 1.000000 4
5102 0.000000 5
5106 1.000000 4
5110 -1.000000 4
5115 0.000000 5
5120 1.000000 5
5124 1.000000 4
5129 1.000000 5
5132 -1.000000 3
5136 1.000000 4
5140 1.000000 4
5145 1.000000 5
5149 -1.000000 4
5154 1.000000 5
5157 -1.000000 3
5162 1.000000 5
5167 0.000000 5
5172 0.000000 5
5176 -1.000000 4
5180 1.000000 4
5184 -1.000000 4
5187 1.000000 3
5191 1.000000 4
5196 0.000000 5
5199 -1.000000 3
5203 1.000000 4
5206 1.000000 3
5211 1.000000 5
5216 0.000000 5
5220 1.000000 4
5224 -1.000000 4
5228 1.000000 4
5232 -1.000000 4
5237 0.000000 5
5242 1.000000 5
5247 1.000000 5
5252 1.000000 5
5256 1.000000 4
5260 1.000000 4
5265 1.000000 5
5269 1.000000 4
5272 -1.000000 3
5275 1.000000 3
5280 1.000000 5
5283 -1.000000 3
5287 -1.000000 4
5292 1.000000 5
5296 -1.000000 4
5299 -1.000000 3
5304 1.000000 5
5308 1.000000 4
5312 1.000000 4
5315 1.000000 3
5319 1.000000 4
5324 0.000000 5
5328 1.000000 4
5332 -1.000000 4
5336 -1.000000 4
5340 -1.000000 4
5343 1.000000 3
5347 -1.000000 4
5351 1.000000 4
5355 1.000000 4
5359 -1.000000 4
5364 0.000000 5
5368 1.000000 4
5372 -1.000000 4
5377 0.000000 5
5381 1.000000 4
5384 -1.000000 3
5388 1.000000 4
5392 1.000000 4
5397 1.000000 5
5400 1.000000 3
5403 1.000000 3
5408 1.000000 5
5411 1.000000 3
5415 1.000000 4
5419 -1.000000 4
5424 0.000000 5
5428 1.000000 4
5433 1.000000 5
5437 1.000000 4
5440 1.000000 3
5445 0.000000 5
5449 -1.000000 4
5454 0.000000 5
5458 -1.000000 4
5462 1.000000 4
5466 -1.000000 4
5470 -1.000000 4
5475 0.000000 5
5479 -1.000000 4
5483 1.000000 4
5487 -1.000000 4
5492 1.000000 5
5497 1.000000 5
5501 -1.000000 4
5505 -1.000000 4
5510 0.000000 5
5515 1.000000 5
5519 -1.000000 4
5523 -1.000000 4
5528 0.000000 5
5532 -1.000000 4
5535 -1.000000 3
5539 -1.000000 4
5544 1.000000 5
5547 -1.000000 3
5550 -1.000000 3
5555 1.000000 5
5559 -1.000000 4
5563 -1.000000 4
5567 -1.000000 4
5572 1.000000 5
5576 -1.000000 4
5580 -1.000000 4
5584 1.000000 4
5588 1.000000 4
5592 -1.000000 4
5597 0.000000 5
5601 1.000000 4
5606 1.000000 5
5609 1.000000 3
5613 -1.000000 4
5617 1.000000 4
5620 1.000000 3
5624 1.000000 4
5629 1.000000 5
5633 1.000000 4
5638 1.000000 5
5643 1.000000 5
5648 1.000000 5
5652 -1.000000 4
5655 1.000000 3
5659 1.000000 4
5663 1.000000 4
5667 -1.000000 4
5671 -1.000000 4
5676 1.000000 5
5680 1.000000 4
5685 1.000000 5
5690 1.000000 5
5695 1.000000 5
5698 -1.000000 3
5702 -1.000000 4
5706 1.000000 4
5710 1.000000 4
5715 0.000000 5
5720 1.000000 5
5724 1.000000 4
5727 1.000000 3
5730 1.000000 3
5733 1.000000 3
5737 -1.000000 4
5740 1.000000 3
5744 -1.000000 4
5748 -1.000000 4
5753 0.000000 5
5758 0.000000 5
5763 0.000000 5
5766 -1.000000 3
5771 1.000000 5
5775 -1.000000 4
5780 1.000000 5
5784 1.000000 4
5789 0.000000 5
5794 0.000000 5
5799 1.000000 5
5804 0.000000 5
5808 1.000000 4
5812 -1.000000 4
5815 1.000000 3
5820 0.000000 5
5825 0.000000 5
5830 1.000000 5
5834 1.000000 4
5838 -1.000000 4
5843 1.000000 5
5846 -1.000000 3
5849 1.000000 3
5852 -1.000000 3
5855 1.000000 3
5858 -1.000000 3
5861 -1.000000 3
5865 1.000000 4
5868 -1.000000 3
5873 0.000000 5
5878 1.000000 5
5882 1.000000 4
5886 1.000000 4
5890 1.000000 4
5895 0.000000 5
5900 1.000000 5
5905 0.000000 5
5910 1.000000 5
5913 -1.000000 3
5918 1.000000 5
5922 1.000000 4
5927 0.000000 5
5931 1.000000 4
5936 1.000000 5
5941 0.000000 5
5945 1.000000 4
5948 -1.000000 3
5951 1.000000 3
5955 1.000000 4
5959 -1.000000 4
5963 -1.000000 4
5968 0.000000 5
5971 1.000000 3
5974 1.000000 3
5979 1.000000 5
5983 -1.000000 4
5987 1.000000 4
5991 -1.000000 4
5995 -1.000000 4
6000 1.000000 5
6005 0.000000 5
6010 1.000000 5
6014 -1.000000 4
6017 1.000000 3
6020 -1.000000 3
6024 1.000000 4
6029 0.000000 5
6033 -1.000000 4
6037 1.000000 4
6040 1.000000 3
6044 -1.000000 4
6047 -1.000000 3
6051 -1.000000 4
6055 1.000000 4
6060 1.000000 5
6064 -1.000000 4
6069 1.000000 5
6072 1.000000 3
6076 -1.000000 4
6080 -1.000000 4
6084 1.000000 4
6089 0.000000 5
6092 -1.000000 3
6097 0.000000 5
6101 1.000000 4
6105 -1.000000 4
6110 1.000000 5
6113 1.000000 3
6118 0.000000 5
6123 1.000000 5
6127 1.000000 4
6132 1.000000 5
6136 1.000000 4
6139 1.000000 3
6143 1.000000 4
6148 1.000000 5
6152 1.000000 4
6156 1.000000 4
6161 1.000000 5
6166 0.000000 5
6170 1.000000 4
6175 1.000000 5
6179 1.000000 4
6182 -1.000000 3
6186 1.000000 4
6190 -1.000000 4
6193 -1.000000 3
6197 -1.000000 4
6200 -1.000000 3
6203 -1.000000 3
6208 0.000000 5
6213 1.000000 5
6218 0.000000 5
6221 1.000000 3
6225 1.000000 4
6229 -1.000000 4
6234 1.000000 5
6238 1.000000 4
6241 1.000000 3
6246 1.000000 5
6250 -1.000000 4
6255 1.000000 5
6260 0.000000 5
6265 1.000000 5
6268 -1.000000 3
6271 -1.000000 3
6274 -1.000000 3
6278 1.000000 4
6282 -1.000000 4
6286 1.000000 4
6291 1.000000 5
6295 1.000000 4
6298 1.000000 3
6303 0.000000 5
6308 1.000000 5
6312 1.000000 4
6316 -1.000000 4
6321 0.000000 5
6326 0.000000 5
6330 1.000000 4
6333 1.000000 3
6337 -1.000000 4
6341 1.000000 4
6345 -1.000000 4
6350 0.000000 5
6355 0.000000 5
6360 0.000000 5
6365 0.000000 5
6370 0.000000 5
6374 1.000000 4
6378 1.000000 4
6383 0.000000 5
6387 1.000000 4
6391 -1.000000 4
6396 1.000000 5
6401 0.000000 5
6405 -1.000000 4
6410 0.000000 5
6413 1.000000 3
6417 -1.000000 4
6421 1.000000 4
6425 1.000000 4
6430 0.000000 5
6435 1.000000 5
6440 0.000000 5
6444 1.000000 4
6449 0.000000 5
6452 -1.000000 3
6457 0.000000 5
6461 1.000000 4
6464 -1.000000 3
6468 -1.000000 4
6472 -1.000000 4
6476 -1.000000 4
6480 1.000000 4
6484 1.000000 4
6489 1.000000 5
6494 1.000000 5
6498 1.000000 4
6503 1.000000 5
6508 0.000000 5
6512 -1.000000 4
6516 1.000000 4
6521 1.000000 5
6525 1.000000 4
6530 0.000000 5
6534 1.000000 4
6538 1.000000 4
6542 -1.000000 4
6546 1.000000 4
6551 0.000000 5
6556 1.000000 5
6560 -1.000000 4
6564 1.000000 4
6569 1.000000 5
6574 1.000000 5
6578 1.000000 4
6582 1.000000 4
6586 1.000000 4
6589 1.000000 3
6593 1.000000 4
6598 1.000000 5
6603 1.000000 5
6608 1.000000 5
6613 1.000000 5
6618 1.000000 5
6621 -1.000000 3
6625 1.000000 4
6628 -1.000000 3
6632 1.000000 4
6637 0.000000 5
6641 1.000000 4
6646 1.000000 5
6650 -1.000000 4
6654 -1.000000 4
6659 0.000000 5
6663 1.000000 4
6666 1.000000 3
6669 1.000000 3
6673 -1.000000 4
6677 1.000000 4
6681 -1.000000 4
6686 1.000000 5
6690 -1.000000 4
6695 1.000000 5
6698 -1.000000 3
6702 -1.000000 4
6706 1.000000 4
6711 1.000000 5
6716 1.000000 5
6720 1.000000 4
6724 1.000000 4
6729 0.000000 5
6734 1.000000 5
6738 1.000000 4
6743 1.000000 5
6746 1.000000 3
6751 1.000000 5
6756 0.000000 5
6761 0.000000 5
6766 0.000000 5
6770 1.000000 4
6774 1.000000 4
6777 -1.000000 3
6782 1.000000 5
6787 0.000000 5
6792 1.000000 5
6796 1.000000 4
6800 1.000000 4
6804 -1.000000 4
6809 0.000000 5
6813 1.000000 4
6818 1.000000 5
6822 1.000000 4
6826 1.000000 4
6830 1.000000 4
6834 1.000000 4
6839 1.000000 5
6842 1.000000 3
6847 0.000000 5
6851 1.000000 4
6855 1.000000 4
6859 1.000000 4
6863 1.000000 4
6868 0.000000 5
6873 1.000000 5
6878 1.000000 5
6881 1.000000 3
6886 1.000000 5
6890 -1.000000 4
6895 1.000000 5
6900 1.000000 5
6903 1.000000 3
6906 1.000000 3
6911 1.000000 5
6916 1.000000 5
6920 -1.000000 4
6924 -1.000000 4
6929 1.000000 5
6934 0.000000 5
6939 1.000000 5
6943 -1.000000 4
6948 0.000000 5
6953 0.000000 5
6958 0.000000 5
6963 1.000000 5
6968 0.000000 5
6973 0.000000 5
6977 -1.000000 4
6981 1.000000 4
6985 -1.000000 4
6989 1.000000 4
6994 1.000000 5
6999 1.000000 5
7003 1.000000 4
7006 1.000000 3
7010 -1.000000 4
7014 1.000000 4
7017 1.000000 3
7020 -1.000000 3
7024 1.000000 4
7029 1.000000 5
7033 -1.000000 4
7038 1.000000 5
7043 0.000000 5
7046 -1.000000 3
7051 1.000000 5
7055 1.000000 4
7058 1.000000 3
7063 0.000000 5
7066 1.000000 3
7070 1.000000 4
7074 1.000000 4
7078 -1.000000 4
7082 -1.000000 4
7086 1.000000 4
7090 -1.000000 4
7095 1.000000 5
7099 1.000000 4
7104 1.000000 5
7109 1.000000 5
7113 1.000000 4
7118 0.000000 5
7122 1.000000 4
7125 -1.000000 3
7130 1.000000 5
7135 1.000000 5
7140 1.000000 5
7144 1.000000 4
7148 -1.000000 4
7153 0.000000 5
7157 1.000000 4
7161 1.000000 4
7165 1.000000 4
7169 1.000000 4
7173 1.000000 4
7176 1.000000 3
7179 1.000000 3
7183 1.000000 4
7187 1.000000 4
7190 1.000000 3
7193 1.000000 3
7197 -1.000000 4
7200 -1.000000 3
7204 1.000000 4
7209 1.000000 5
7212 -1.000000 3
7215 1.000000 3
7220 1.000000 5
7225 1.000000 5
7230 1.000000 5
7234 1.000000 4
7239 1.000000 5
7242 1.000000 3
7245 1.000000 3
7250 1.000000 5
7255 0.000000 5
7259 -1.000000 4
7263 1.000000 4
7268 1.000000 5
7272 -1.000000 4
7275 1.000000 3
7280 0.000000 5
7284 -1.000000 4
7288 1.000000 4
7292 1.000000 4
7295 -1.000000 3
7299 -1.000000 4
7303 1.000000 4
7308 1.000000 5
7312 -1.000000 4
7317 0.000000 5
7321 -1.000000 4
7326 0.000000 5
7331 0.000000 5
7336 1.000000 5
7340 -1.000000 4
7345 1.000000 5
7349 1.000000 4
7352 1.000000 3
7356 1.000000 4
7360 -1.000000 4
7363 1.000000 3
7367 -1.000000 4
7371 1.000000 4
7374 -1.000000 3
7378 -1.000000 4
7382 1.000000 4
7386 1.000000 4
7390 1.000000 4
7394 1.000000 4
7398 1.000000 4
7403 1.000000 5
7408 1.000000 5
7413 0.000000 5
7417 -1.000000 4
7421 -1.000000 4
7424 1.000000 3
7428 1.000000 4
7432 -1.000000 4
7437 1.000000 5
7442 1.000000 5
7445 -1.000000 3
7449 -1.000000 4
7453 1.000000 4
7457 1.000000 4
7461 -1.000000 4
7466 1.000000 5
7470 1.000000 4
7475 0.000000 5
7478 -1.000000 3
7482 -1.000000 4
7485 1.000000 3
7490 1.000000 5
7495 1.000000 5
7498 -1.000000 3
7501 1.000000 3
7505 1.000000 4
7510 0.000000 5
7515 1.000000 5
7520 1.000000 5
7524 1.000000 4
7528 1.000000 4
7532 1.000000 4
7536 -1.000000 4
7540 -1.000000 4
7544 1.000000 4
7547 -1.000000 3
7551 -1.000000 4
7556 0.000000 5
7561 0.000000 5
7566 1.000000 5
7571 0.000000 5
7576 1.000000 5
7580 1.000000 4
7583 1.000000 3
7587 -1.000000 4
7590 -1.000000 3
7594 -1.000000 4
7597 -1.000000 3
7602 0.000000 5
7606 -1.000000 4
7611 1.000000 5
7615 -1.000000 4
7619 1.000000 4
7623 -1.000000 4
7626 1.000000 3
7631 1.000000 5
7634 1.000000 3
7638 1.000000 4
7643 0.000000 5
7648 0.000000 5
7653 1.000000 5
7656 1.000000 3
7661 0.000000 5
7664 -1.000000 3
7668 1.000000 4
7672 1.000000 4
7677 0.000000 5
7680 -1.000000 3
7683 -1.000000 3
7687 1.000000 4
7692 0.000000 5
7696 -1.000000 4
7700 -1.000000 4
7704 -1.000000 4
7707 1.000000 3
7711 -1.000000 4
7715 1.000000 4
7719 1.000000 4
7723 -1.000000 4
7727 -1.000000 4
7732 1.000000 5
7736 1.000000 4
7740 -1.000000 4
7744 1.000000 4
7747 1.000000 3
7751 1.000000 4
7755 1.000000 4
7758 1.000000 3
7763 1.000000 5
7768 1.000000 5
7772 1.000000 4
7776 1.000000 4
7781 1.000000 5
7786 1.000000 5
7790 -1.000000 4
7794 1.000000 4
7798 -1.000000 4
7803 1.000000 5
7808 1.000000 5
7811 1.000000 3
7816 1.000000 5
7820 1.000000 4
7825 1.000000 5
7830 1.000000 5
7834 1.000000 4
7837 1.000000 3
7841 -1.000000 4
7846 0.000000 5
7851 1.000000 5
7855 -1.000000 4
7859 1.000000 4
7863 -1.000000 4
7867 -1.000000 4
7870 -1.000000 3
7875 0.000000 5
7879 1.000000 4
7882 -1.000000 3
7887 0.000000 5
7891 -1.000000 4
7896 1.000000 5
7900 1.000000 4
7905 0.000000 5
7909 1.000000 4
7912 1.000000 3
7916 -1.000000 4
7921 0.000000 5
7925 1.000000 4
7930 1.000000 5
7935 0.000000 5
7939 1.000000 4
7942 1.000000 3
7945 -1.000000 3
7949 1.000000 4
7953 1.000000 4
7958 0.000000 5
7962 1.000000 4
7966 -1.000000 4
7970 1.000000 4
7974 1.000000 4
7979 0.000000 5
7983 -1.000000 4
7988 1.000000 5
7993 0.000000 5
7998 0.000000 5
8002 1.000000 4
8006 -1.000000 4
8011 0.000000 5
8016 0.000000 5
8020 -1.000000 4
8024 -1.000000 4
8028 -1.000000 4
8032 1.000000 4
8037 1.000000 5
8042 1.000000 5
8046 1.000000 4
8050 -1.000000 4
8054 1.000000 4
8059 1.000000 5
8064 1.000000 5
8069 1.000000 5
8073 -1.000000 4
8077 1.000000 4
8082 0.000000 5
8086 1.000000 4
8091 1.000000 5
8096 1.000000 5
8100 1.000000 4
8104 1.000000 4
8109 0.000000 5
8114 1.000000 5
8119 0.000000 5
8123 -1.000000 4
8127 -1.000000 4
8131 -1.000000 4
8135 -1.000000 4
8140 1.000000 5
8143 1.000000 3
8148 1.000000 5
8153 1.000000 5
8157 1.000000 4
8161 1.000000 4
8165 1.000000 4
8170 1.000000 5
8174 -1.000000 4
8177 -1.000000 3
8181 -1.000000 4
8186 1.000000 5
8189 -1.000000 3
8193 1.000000 4
8197 -1.000000 4
8201 1.000000 4
8205 1.000000 4
8208 -1.000000 3
8211 1.000000 3
8215 1.000000 4
8220 1.000000 5
8223 1.000000 3
8227 -1.000000 4
8231 -1.000000 4
8235 1.000000 4
8239 -1.000000 4
8244 1.000000 5
8249 0.000000 5
8253 1.000000 4
8258 1.000000 5
8262 1.000000 4
8266 1.000000 4
8270 1.000000 4
8275 1.000000 5
8280 1.000000 5
8284 1.000000 4
8287 -1.000000 3
8290 1.000000 3
8293 -1.000000 3
8296 1.000000 3
8300 1.000000 4
8303 1.000000 3
8306 1.000000 3
8309 -1.000000 3
8313 1.000000 4
8317 1.000000 4
8322 1.000000 5
8327 1.000000 5
8330 1.000000 3
8334 -1.000000 4
8337 1.000000 3
8342 0.000000 5
8347 0.000000 5
8351 -1.000000 4
8355 1.000000 4
8358 1.000000 3
8363 1.000000 5
8367 -1.000000 4
8372 1.000000 5
8377 1.000000 5
8381 1.000000 4
8385 1.000000 4
8390 0.000000 5
8394 1.000000 4
8399 1.000000 5
8403 1.000000 4
8406 -1.000000 3
8411 1.000000 5
8416 1.000000 5
8420 1.000000 4
8425 1.000000 5
8428 1.000000 3
8432 1.000000 4
8436 1.000000 4
8440 1.000000 4
8443 -1.000000 3
8448 1.000000 5
8452 -1.000000 4
8455 -1.000000 3
8460 0.000000 5
8464 1.000000 4
8469 1.000000 5
8474 1.000000 5
8478 1.000000 4
8481 -1.000000 3
8486 1.000000 5
8490 -1.000000 4
8495 1.000000 5
8499 1.000000 4
8504 0.000000 5
8508 -1.000000 4
8513 0.000000 5
8517 1.000000 4
8520 1.000000 3
8524 1.000000 4
8528 1.000000 4
8533 1.000000 5
8537 -1.000000 4
8542 1.000000 5
8546 -1.000000 4
8549 1.000000 3
8553 -1.000000 4
8557 1.000000 4
8561 -1.000000 4
8565 1.000000 4
8569 1.000000 4
8574 0.000000 5
8578 -1.000000 4
8583 1.000000 5
8587 1.000000 4
8591 1.000000 4
8595 -1.000000 4
8600 1.000000 5
8605 0.000000 5
8610 1.000000 5
8614 1.000000 4
8617 -1.000000 3
8622 1.000000 5
8626 1.000000 4
8631 1.000000 5
8635 -1.000000 4
8639 -1.000000 4
8644 1.000000 5
8647 1.000000 3
8650 -1.000000 3
8655 0.000000 5
8659 -1.000000 4
8662 -1.000000 3
8666 -1.000000 4
8670 -1.000000 4
8674 -1.000000 4
8678 1.000000 4
8681 -1.000000 3
8686 1.000000 5
8690 -1.000000 4
8694 1.000000 4
8698 -1.000000 4
8701 1.000000 3
8704 1.000000 3
8708 1.000000 4
8712 -1.000000 4
8716 1.000000 4
8721 1.000000 5
8724 1.000000 3
8729 1.000000 5
8733 1.000000 4
8737 -1.000000 4
8741 1.000000 4
8745 -1.000000 4
8750 1.000000 5
8755 1.000000 5
8760 1.000000 5
8764 -1.000000 4
8769 0.000000 5
8772 1.000000 3
8777 1.000000 5
8782 1.000000 5
8787 1.000000 5
8792 1.000000 5
8796 1.000000 4
8800 -1.000000 4
8804 -1.000000 4
8808 1.000000 4
8812 -1.000000 4
8817 0.000000 5
8822 0.000000 5
8826 1.000000 4
8830 1.000000 4
8833 1.000000 3
8838 1.000000 5
8843 0.000000 5
8847 -1.000000 4
8852 0.000000 5
8857 1.000000 5
8862 1.000000 5
8866 1.000000 4
8869 1.000000 3
8873 -1.000000 4
8877 -1.000000 4
8881 1.000000 4
8886 1.000000 5
8891 1.000000 5
8895 -1.000000 4
8898 1.000000 3
8902 1.000000 4
8907 1.000000 5
8910 -1.000000 3
8915 1.000000 5
8920 0.000000 5
8925 0.000000 5
8928 1.000000 3
8933 1.000000 5
8938 1.000000 5
8941 1.000000 3
8946 0.000000 5
8951 1.000000 5
8955 1.000000 4
8960 0.000000 5
8963 1.000000 3
8967 1.000000 4
8971 1.000000 4
8975 1.000000 4
8978 -1.000000 3
8982 1.000000 4
8987 1.000000 5
8990 -1.000000 3
8994 -1.000000 4
8998 -1.000000 4
9003 1.000000 5
9008 1.000000 5
9012 1.000000 4
9015 -1.000000 3
9019 1.000000 4
9023 1.000000 4
9028 0.000000 5
9032 -1.000000 4
9036 -1.000000 4
9039 1.000000 3
9044 1.000000 5
9049 0.000000 5
9052 1.000000 3
9055 1.000000 3
9059 1.000000 4
9062 -1.000000 3
9066 1.000000 4
9071 0.000000 5
9075 -1.000000 4
9079 -1.000000 4
9084 1.000000 5
9087 1.000000 3
9092 1.000000 5
9096 1.000000 4
9100 -1.000000 4
9105 0.000000 5
9108 1.000000 3
9112 -1.000000 4
9116 -1.000000 4
9120 1.000000 4
9124 1.000000 4
9129 0.000000 5
9133 -1.000000 4
9138 0.000000 5
9142 1.000000 4
9146 1.000000 4
9150 -1.000000 4
9154 1.000000 4
9158 -1.000000 4
9161 -1.000000 3
9166 1.000000 5
9170 -1.000000 4
9174 -1.000000 4
9177 -1.000000 3
9182 0.000000 5
9186 -1.000000 4
9190 1.000000 4
9195 0.000000 5
9198 -1.000000 3
9201 1.000000 3
9205 -1.000000 4
9208 -1.000000 3
9213 1.000000 5
9217 1.000000 4
9222 1.000000 5
9226 -1.000000 4
9231 1.000000 5
9236 1.000000 5
9240 1.000000 4
9245 1.000000 5
9249 -1.000000 4
9252 1.000000 3
9255 -1.000000 3
9259 1.000000 4
9263 -1.000000 4
9267 1.000000 4
9271 1.000000 4
9276 1.000000 5
9279 1.000000 3
9282 -1.000000 3
9286 1.000000 4
9290 -1.000000 4
9293 1.000000 3
9297 -1.000000 4
9301 -1.000000 4
9306 0.000000 5
9310 -1.000000 4
9315 1.000000 5
9320 1.000000 5
9323 -1.000000 3
9328 1.000000 5
9332 1.000000 4
9335 1.000000 3
9340 1.000000 5
9344 -1.000000 4
9349 1.000000 5
9354 0.000000 5
9359 1.000000 5
9363 1.000000 4
9367 1.000000 4
9371 -1.000000 4
9375 1.000000 4
9379 1.000000 4
9383 -1.000000 4
9388 1.000000 5
9392 -1.000000 4
9396 1.000000 4
9399 1.000000 3
9404 1.000000 5
9408 1.000000 4
9413 1.000000 5
9418 1.000000 5
9423 1.000000 5
9427 1.000000 4
9431 1.000000 4
9435 1.000000 4
9438 -1.000000 3
9443 1.000000 5
9446 -1.000000 3
9451 1.000000 5
9455 -1.000000 4
9459 1.000000 4
9464 1.000000 5
9469 1.000000 5
9473 1.000000 4
9477 1.000000 4
9481 1.000000 4
9486 1.000000 5
9490 1.000000 4
9495 0.000000 5
9499 1.000000 4
9504 1.000000 5
9508 -1.000000 4
9513 1.000000 5
9516 -1.000000 3
9520 1.000000 4
9523 1.000000 3
9526 -1.000000 3
9530 1.000000 4
9534 1.000000 4
9539 1.000000 5
9544 1.000000 5
9547 1.000000 3
9552 1.000000 5
9556 1.000000 4
9560 -1.000000 4
9564 1.000000 4
9568 1.000000 4
9572 1.000000 4
9575 1.000000 3
9580 1.000000 5
9583 -1.000000 3
9587 -1.000000 4
9592 0.000000 5
9595 -1.000000 3
9600 0.000000 5
9605 0.000000 5
9608 -1.000000 3
9611 1.000000 3
9614 1.000000 3
9617 -1.000000 3
9621 1.000000 4
9625 1.000000 4
9630 1.000000 5
9633 -1.000000 3
9637 1.000000 4
9641 1.000000 4
9644 1.000000 3
9649 0.000000 5
9654 0.000000 5
9658 1.000000 4
9661 -1.000000 3
9664 1.000000 3
9668 1.000000 4
9672 1.000000 4
9675 1.000000 3
9679 -1.000000 4
9683 -1.000000 4
9688 1.000000 5
9692 1.000000 4
9696 1.000000 4
9701 1.000000 5
9705 1.000000 4
9710 1.000000 5
9714 -1.000000 4
9718 1.000000 4
9723 0.000000 5
9728 1.000000 5
9732 1.000000 4
9736 -1.000000 4
9740 1.000000 4
9743 1.000000 3
9747 1.000000 4
9751 1.000000 4
9755 -1.000000 4
9760 1.000000 5
9765 1.000000 5
9769 -1.000000 4
9774 0.000000 5
9778 1.000000 4
9781 1.000000 3
9786 0.000000 5
9791 1.000000 5
9796 0.000000 5
9800 -1.000000 4
9803 1.000000 3
9806 1.000000 3
9810 -1.000000 4
9814 1.000000 4
9818 1.000000 4
9821 -1.000000 3
9824 -1.000000 3
9829 1.000000 5
9833 1.000000 4
9837 -1.000000 4
9842 0.000000 5
9845 -1.000000 3
9849 -1.000000 4
9852 1.000000 3
9856 1.000000 4
9860 1.000000 4
9865 1.000000 5
9869 -1.000000 4
9874 1.000000 5
9879 1.000000 5
9884 1.000000 5
9888 1.000000 4
9892 -1.000000 4
9895 1.000000 3
9899 -1.000000 4
9904 0.000000 5
9908 -1.000000 4
9911 -1.000000 3
9915 1.000000 4
9919 1.000000 4
9923 1.000000 4
9928 0.000000 5
9931 -1.000000 3
9935 -1.000000 4
9938 -1.000000 3
9943 0.000000 5
9947 -1.000000 4
9952 1.000000 5
9955 -1.000000 3
9959 -1.000000 4
9963 -1.000000 4
9966 1.000000 3
9971 1.000000 5
9976 1.000000 5
9979 1.000000 3
9983 1.000000 4
9986 -1.000000 3
9991 1.000000 5
9995 -1.000000 4
10000 1.000000 5
10003 -1.000000 3
10006 -1.000000 3
10009 -1.000000 3
10012 -1.000000 3
10015 -1.000000 3
10018 -1.000000 3
10021 -1.000000 3
10024 -1.000000 3
10027 -1.000000 3
10030 -1.000000 3
10033 -1.000000 3
10036 -1.000000 3
10039 -1.000000 3
10042 -1.000000 3
10045 -1.000000 3
10048 -1.000000 3
10051 -1.000000 3
10054 -1.000000 3
10057 -1.000000 3
10060 -1.000000 3
10063 -1.000000 3
10066 -1.000000 3
10069 -1.000000 3
10072 -1.000000 3
10075 -1.000000 3
10078 -1.000000 3
10081 -1.000000 3
10084 -1.000000 3
10087 -1.000000 3
10090 -1.000000 3
10093 -1.000000 3
10096 -1.000000 3
10099 -1.000000 3
10102 -1.000000 3
10105 -1.000000 3
10108 -1.000000 3
10111 -1.000000 3
10114 -1.000000 3
10117 -1.000000 3
10120 -1.000000 3
10123 -1.000000 3
10126 -1.000000 3
10129 -1.000000 3
10132 -1.000000 3
10135 -1.000000 3
10138 -1.000000 3
10141 -1.000000 3
10144 -1.000000 3
10147 -1.000000 3
10150 -1.000000 3
10153 -1.000000 3
10156 -1.000000 3
10159 -1.000000 3
10162 -1.000000 3
10165 -1.000000 3
10168 -1.000000 3
10171 -1.000000 3
10174 -1.000000 3
10177 -1.000000 3
10180 -1.000000 3
10183 -1.000000 3
10186 -1.000000 3
10189 -1.000000 3
10192 -1.000000 3
10195 -1.000000 3
10198 -1.000000 3
10201 -1.000000 3
10204 -1.000000 3
10207 -1.000000 3
10210 -1.000000 3
10213 -1.000000 3
10216 -1.000000 3
10221 0.000000 5
10224 -1.000000 3
10227 -1.000000 3
10230 -1.000000 3
10233 -1.000000 3
10236 -1.000000 3
10239 -1.000000 3
10242 -1.000000 3
10245 -1.000000 3
10248 -1.000000 3
10251 -1.000000 3
10254 -1.000000 3
10257 -1.000000 3
10260 -1.000000 3
10263 -1.000000 3
10266 -1.000000 3
10269 -1.000000 3
10272 -1.000000 3
10275 -1.000000 3
10278 -1.000000 3
10281 -1.000000 3
10284 -1.000000 3
10287 -1.000000 3
10290 -1.000000 3
10293 -1.000000 3
10296 -1.000000 3
10299 -1.000000 3
10302 -1.000000 3
10305 -1.000000 3
10308 -1.000000 3
10311 -1.000000 3
10314 -1.000000 3
10317 -1.000000 3
10320 -1.000000 3
10323 -1.000000 3
10326 -1.000000 3
10329 -1.000000 3
10332 -1.000000 3
10335 -1.000000 3
10338 -1.000000 3
10341 -1.000000 3
10344 -1.000000 3
10347 -1.000000 3
10350 -1.000000 3
10353 -1.000000 3
10356 -1.000000 3
10359 -1.000000 3
10362 -1.000000 3
10365 -1.000000 3
10368 -1.000000 3
10371 -1.000000 3
10374 -1.000000 3
10377 -1.000000 3
10380 -1.000000 3
10383 -1.000000 3
10386 -1.000000 3
10389 -1.000000 3
10392 -1.000000 3
10395 -1.000000 3
10398 -1.000000 3
10401 -1.000000 3
10404 -1.000000 3
10407 -1.000000 3
10410 -1.000000 3
10413 -1.000000 3
10416 -1.000000 3
10419 -1.000000 3
10422 -1.000000 3
10425 -1.000000 3
10428 -1.000000 3
10431 -1.000000 3
10434 -1.000000 3
10437 -1.000000 3
10440 -1.000000 3
10443 -1.000000 3
10446 -1.000000 3
10449 -1.000000 3
10452 -1.000000 3
10455 -1.000000 3
10458 -1.000000 3
10461 -1.000000 3
10464 -1.000000 3
10467 -1.000000 3
10470 -1.000000 3
10473 -1.000000 3
10476 -1.000000 3
10479 -1.000000 3
10482 -1.000000 3
10485 -1.000000 3
10488 -1.000000 3
10491 -1.000000 3
10494 -1.000000 3
10497 -1.000000 3
10500 -1.000000 3
10503 -1.000000 3
10506 -1.000000 3
10509 -1.000000 3
10512 -1.000000 3
10515 -1.000000 3
10518 -1.000000 3
10521 -1.000000 3
10524 -1.000000 3
10527 -1.000000 3
10530 -1.000000 3
10533 -1.000000 3
10536 -1.000000 3
10539 -1.000000 3
10542 -1.000000 3
10545 -1.000000 3
10548 -1.000000 3
10551 -1.000000 3
10554 -1.000000 3
10557 -1.000000 3
10560 -1.000000 3
10563 -1.000000 3
10566 -1.000000 3
10569 -1.000000 3
10572 -1.000000 3
10575 -1.000000 3
10578 -1.000000 3
10581 -1.000000 3
10584 -1.000000 3
10587 -1.000000 3
10590 -1.000000 3
10593 -1.000000 3
10596 -1.000000 3
10599 -1.000000 3
10602 -1.000000 3
10605 -1.000000 3
10608 -1.000000 3
10611 -1.000000 3
10614 -1.000000 3
10617 -1.000000 3
10620 -1.000000 3
10623 -1.000000 3
10626 -1.000000 3
10629 -1.000000 3
10632 -1.000000 3
10635 -1.000000 3
10638 -1.000000 3
10641 -1.000000 3
10644 -1.000000 3
10647 -1.000000 3
10650 -1.000000 3
10653 -1.000000 3
10656 -1.000000 3
10659 -1.000000 3
10662 -1.000000 3
10665 -1.000000 3
10668 -1.000000 3
10671 -1.000000 3
10674 -1.000000 3
10677 -1.000000 3
10680 -1.000000 3
10683 -1.000000 3
10686 -1.000000 3
10689 -1.000000 3
10692 -1.000000 3
10695 -1.000000 3
10698 -1.000000 3
10701 -1.000000 3
10704 -1.000000 3
10707 -1.000000 3
10710 -1.000000 3
10713 -1.000000 3
10716 -1.000000 3
10719 -1.000000 3
10722 -1.000000 3
10725 -1.000000 3
10728 -1.000000 3
10731 -1.000000 3
10734 -1.000000 3
10737 -1.000000 3
10740 -1.000000 3
10743 -1.000000 3
10746 -1.000000 3
10749 -1.000000 3
10752 -1.000000 3
10755 -1.000000 3
10758 -1.000000 3
10761 -1.000000 3
10764 -1.000000 3
10767 -1.000000 3
10770 -1.000000 3
10773 -1.000000 3
10776 -1.000000 3
10779 -1.000000 3
10782 -1.000000 3
10785 -1.000000 3
10788 -1.000000 3
10791 -1.000000 3
10794 -1.000000 3
10797 -1.000000 3
10800 -1.000000 3
10803 -1.000000 3
10806 -1.000000 3
10809 -1.000000 3
10812 -1.000000 3
10815 -1.000000 3
10818 -1.000000 3
10821 -1.000000 3
10824 -1.000000 3
10827 -1.000000 3
10830 -1.000000 3
10833 -1.000000 3
10836 -1.000000 3
10839 -1.000000 3
10842 -1.000000 3
10845 -1.000000 3
10848 -1.000000 3
10851 -1.000000 3
10854 -1.000000 3
10857 -1.000000 3
10860 -1.000000 3
10863 -1.000000 3
10866 -1.000000 3
10869 -1.000000 3
10872 -1.000000 3
10875 -1.000000 3
10878 -1.000000 3
10881 -1.000000 3
10884 -1.000000 3
10887 -1.000000 3
10890 -1.000000 3
10893 -1.000000 3
10896 -1.000000 3
10899 -1.000000 3
10902 -1.000000 3
10905 -1.000000 3
10908 -1.000000 3
10911 -1.000000 3
10914 -1.000000 3
10917 -1.000000 3
10920 -1.000000 3
10923 -1.000000 3
10926 -1.000000 3
10929 -1.000000 3
10932 -1.000000 3
10935 -1.000000 3
10938 -1.000000 3
10941 -1.000000 3
10944 -1.000000 3
10947 -1.000000 3
10950 -1.000000 3
10953 -1.000000 3
10956 -1.000000 3
10959 -1.000000 3
10962 -1.000000 3
10965 -1.000000 3
10968 -1.000000 3
10971 -1.000000 3
10974 -1.000000 3
10977 -1.000000 3
10980 -1.000000 3
10983 -1.000000 3
10986 -1.000000 3
10989 -1.000000 3
10992 -1.000000 3
10995 -1.000000 3
10998 -1.000000 3
11001 -1.000000 3
11005 -1.000000 4
11010 1.000000 5
11013 1.000000 3
11017 -1.000000 4
11021 -1.000000 4
11025 -1.000000 4
11029 -1.000000 4
11034 1.000000 5
11038 -1.000000 4
11043 1.000000 5
11047 -1.000000 4
11051 -1.000000 4
11055 -1.000000 4
11059 -1.000000 4
11063 -1.000000 4
11067 -1.000000 4
11071 -1.000000 4
11076 1.000000 5
11081 1.000000 5
11085 -1.000000 4
11090 1.000000 5
11094 -1.000000 4
11098 -1.000000 4
11103 1.000000 5
11107 -1.000000 4
11112 1.000000 5
11116 -1.000000 4
11120 -1.000000 4
11124 -1.000000 4
11128 -1.000000 4
11132 -1.000000 4
11136 -1.000000 4
11141 1.000000 5
11145 -1.000000 4
11149 -1.000000 4
11153 -1.000000 4
11157 -1.000000 4
11161 -1.000000 4
11165 -1.000000 4
11169 -1.000000 4
11173 -1.000000 4
11177 -1.000000 4
11182 0.000000 5
11186 -1.000000 4
11190 -1.000000 4
11195 1.000000 5
11199 -1.000000 4
11203 -1.000000 4
11208 1.000000 5
11212 -1.000000 4
11217 1.000000 5
11221 -1.000000 4
11225 -1.000000 4
11230 1.000000 5
11234 -1.000000 4
11238 -1.000000 4
11243 1.000000 5
11247 -1.000000 4
11251 -1.000000 4
11256 1.000000 5
11260 -1.000000 4
11264 -1.000000 4
11268 -1.000000 4
11273 1.000000 5
11278 1.000000 5
11282 -1.000000 4
11286 -1.000000 4
11290 -1.000000 4
11294 -1.000000 4
11297 1.000000 3
11301 -1.000000 4
11305 -1.000000 4
11309 -1.000000 4
11312 1.000000 3
11316 -1.000000 4
11320 -1.000000 4
11324 -1.000000 4
11328 -1.000000 4
11333 1.000000 5
11338 1.000000 5
11342 -1.000000 4
11347 1.000000 5
11352 1.000000 5
11356 -1.000000 4
11360 -1.000000 4
11364 -1.000000 4
11369 1.000000 5
11373 -1.000000 4
11377 -1.000000 4
11381 -1.000000 4
11385 -1.000000 4
11390 1.000000 5
11394 -1.000000 4
11398 -1.000000 4
11403 1.000000 5
11407 -1.000000 4
11411 -1.000000 4
11415 -1.000000 4
11419 -1.000000 4
11423 -1.000000 4
11427 -1.000000 4
11430 1.000000 3
11434 -1.000000 4
11438 -1.000000 4
11442 -1.000000 4
11446 -1.000000 4
11451 1.000000 5
11454 1.000000 3
11458 -1.000000 4
11462 -1.000000 4
11467 1.000000 5
11471 -1.000000 4
11475 -1.000000 4
11479 -1.000000 4
11484 1.000000 5
11488 -1.000000 4
11492 -1.000000 4
11497 1.000000 5
11501 -1.000000 4
11506 1.000000 5
11510 -1.000000 4
11515 1.000000 5
11518 1.000000 3
11522 -1.000000 4
11527 1.000000 5
11531 -1.000000 4
11535 -1.000000 4
11539 -1.000000 4
11543 -1.000000 4
11548 1.000000 5
11552 -1.000000 4
11556 -1.000000 4
11560 -1.000000 4
11564 -1.000000 4
11568 -1.000000 4
11572 -1.000000 4
11576 -1.000000 4
11580 -1.000000 4
11584 -1.000000 4
11588 -1.000000 4
11592 -1.000000 4
11596 -1.000000 4
11600 -1.000000 4
11605 1.000000 5
11609 -1.000000 4
11614 1.000000 5
11618 -1.000000 4
11622 -1.000000 4
11626 -1.000000 4
11630 -1.000000 4
11635 1.000000 5
11639 -1.000000 4
11643 -1.000000 4
11647 -1.000000 4
11651 -1.000000 4
11656 1.000000 5
11660 -1.000000 4
11664 -1.000000 4
11668 -1.000000 4
11672 -1.000000 4
11677 1.000000 5
11681 -1.000000 4
11684 1.000000 3
11688 -1.000000 4
11692 -1.000000 4
11696 -1.000000 4
11700 -1.000000 4
11704 -1.000000 4
11708 -1.000000 4
11712 -1.000000 4
11716 -1.000000 4
11720 -1.000000 4
11724 -1.000000 4
11728 -1.000000 4
11732 -1.000000 4
11737 1.000000 5
11742 1.000000 5
11746 -1.000000 4
11750 -1.000000 4
11755 1.000000 5
11760 1.000000 5
11764 -1.000000 4
11768 -1.000000 4
11773 1.000000 5
11777 -1.000000 4
11781 -1.000000 4
11785 -1.000000 4
11789 -1.000000 4
11793 -1.000000 4
11797 -1.000000 4
11800 1.000000 3
11804 -1.000000 4
11808 -1.000000 4
11812 -1.000000 4
11816 -1.000000 4
11821 1.000000 5
11825 -1.000000 4
11829 -1.000000 4
11833 -1.000000 4
11838 1.000000 5
11842 -1.000000 4
11846 -1.000000 4
11850 -1.000000 4
11854 -1.000000 4
11858 -1.000000 4
11862 -1.000000 4
11867 1.000000 5
11871 -1.000000 4
11875 -1.000000 4
11879 -1.000000 4
11882 -1.000000 3
11886 -1.000000 4
11890 -1.000000 4
11894 -1.000000 4
11899 1.000000 5
11903 -1.000000 4
11907 -1.000000 4
11911 -1.000000 4
11916 1.000000 5
11920 -1.000000 4
11925 1.000000 5
11929 -1.000000 4
11933 -1.000000 4
11937 -1.000000 4
11941 -1.000000 4
11945 -1.000000 4
11949 -1.000000 4
11953 -1.000000 4
11957 -1.000000 4
11961 -1.000000 4
11965 -1.000000 4
11968 1.000000 3
11972 -1.000000 4
11976 -1.000000 4
11980 -1.000000 4
11984 -1.000000 4
11988 -1.000000 4
11992 -1.000000 4
11996 -1.000000 4
12000 -1.000000 4
12005 1.000000 5
