5 0.000000 5
9 -1.000000 4
14 1.000000 5
18 1.000000 4
22 1.000000 4
25 -1.000000 3
28 1.000000 3
32 1.000000 4
36 -1.000000 4
39 -1.000000 3
44 1.000000 5
48 1.000000 4
53 1.000000 5
58 1.000000 5
62 -1.000000 4
66 1.000000 4
70 1.000000 4
74 -1.000000 4
79 1.000000 5
82 1.000000 3
85 -1.000000 3
89 1.000000 4
93 -1.000000 4
96 1.000000 3
101 1.000000 5
105 1.000000 4
110 1.000000 5
115 1.000000 5
120 1.000000 5
125 0.000000 5
128 1.000000 3
131 -1.000000 3
134 -1.000000 3
139 1.000000 5
144 0.000000 5
147 1.000000 3
150 1.000000 3
153 -1.000000 3
157 1.000000 4
161 1.000000 4
166 1.000000 5
170 -1.000000 4
173 -1.000000 3
177 -1.000000 4
182 1.000000 5
186 1.000000 4
190 -1.000000 4
195 1.000000 5
199 -1.000000 4
203 1.000000 4
208 1.000000 5
212 1.000000 4
217 0.000000 5
220 1.000000 3
225 0.000000 5
230 1.000000 5
235 1.000000 5
239 1.000000 4
243 1.000000 4
246 -1.000000 3
250 -1.000000 4
254 -1.000000 4
257 -1.000000 3
262 0.000000 5
267 1.000000 5
271 -1.000000 4
276 1.000000 5
281 0.000000 5
286 0.000000 5
289 1.000000 3
292 1.000000 3
295 -1.000000 3
299 1.000000 4
302 1.000000 3
305 1.000000 3
309 1.000000 4
312 -1.000000 3
315 -1.000000 3
320 1.000000 5
324 1.000000 4
328 -1.000000 4
333 0.000000 5
338 0.000000 5
342 -1.000000 4
347 1.000000 5
352 1.000000 5
355 1.000000 3
359 -1.000000 4
362 -1.000000 3
366 1.000000 4
369 1.000000 3
374 1.000000 5
379 0.000000 5
383 -1.000000 4
386 -1.000000 3
391 1.000000 5
396 1.000000 5
399 -1.000000 3
402 1.000000 3
407 0.000000 5
411 -1.000000 4
415 1.000000 4
420 0.000000 5
425 1.000000 5
429 -1.000000 4
433 1.000000 4
437 -1.000000 4
441 1.000000 4
444 -1.000000 3
448 1.000000 4
453 1.000000 5
457 -1.000000 4
460 -1.000000 3
465 1.000000 5
470 1.000000 5
475 1.000000 5
479 -1.000000 4
484 1.000000 5
488 1.000000 4
492 1.000000 4
496 1.000000 4
501 0.000000 5
506 0.000000 5
509 1.000000 3
512 -1.000000 3
516 1.000000 4
520 -1.000000 4
525 1.000000 5
529 -1.000000 4
532 1.000000 3
536 1.000000 4
540 1.000000 4
543 1.000000 3
547 -1.000000 4
551 1.000000 4
556 1.000000 5
561 1.000000 5
566 1.000000 5
570 1.000000 4
575 0.000000 5
580 0.000000 5
585 1.000000 5
588 1.000000 3
593 1.000000 5
598 0.000000 5
603 1.000000 5
607 1.000000 4
612 1.000000 5
616 -1.000000 4
620 -1.000000 4
624 -1.000000 4
628 -1.000000 4
632 -1.000000 4
637 1.000000 5
641 1.000000 4
644 1.000000 3
648 1.000000 4
652 1.000000 4
656 1.000000 4
660 -1.000000 4
665 0.000000 5
669 1.000000 4
673 1.000000 4
678 0.000000 5
683 0.000000 5
687 1.000000 4
691 -1.000000 4
695 1.000000 4
699 -1.000000 4
704 1.000000 5
707 -1.000000 3
711 1.000000 4
714 1.000000 3
719 1.000000 5
724 1.000000 5
727 -1.000000 3
732 0.000000 5
736 1.000000 4
741 1.000000 5
745 1.000000 4
749 1.000000 4
753 -1.000000 4
758 1.000000 5
762 1.000000 4
766 -1.000000 4
770 1.000000 4
773 1.000000 3
776 -1.000000 3
780 1.000000 4
784 1.000000 4
787 1.000000 3
790 1.000000 3
794 1.000000 4
799 1.000000 5
803 1.000000 4
807 1.000000 4
811 -1.000000 4
815 -1.000000 4
819 1.000000 4
822 -1.000000 3
827 1.000000 5
831 -1.000000 4
834 1.000000 3
839 0.000000 5
844 1.000000 5
848 1.000000 4
852 -1.000000 4
856 -1.000000 4
860 -1.000000 4
865 1.000000 5
869 1.000000 4
873 1.000000 4
877 -1.000000 4
881 -1.000000 4
884 1.000000 3
889 0.000000 5
894 1.000000 5
898 1.000000 4
901 -1.000000 3
906 0.000000 5
910 1.000000 4
914 -1.000000 4
918 -1.000000 4
921 1.000000 3
925 1.000000 4
928 -1.000000 3
933 0.000000 5
936 -1.000000 3
940 -1.000000 4
944 1.000000 4
949 0.000000 5
954 1.000000 5
959 1.000000 5
963 -1.000000 4
967 -1.000000 4
971 -1.000000 4
975 1.000000 4
979 1.000000 4
984 1.000000 5
989 1.000000 5
993 1.000000 4
997 1.000000 4
1001 -1.000000 4
1005 -1.000000 4
1008 1.000000 3
1012 1.000000 4
1017 1.000000 5
1021 1.000000 4
1026 0.000000 5
1031 0.000000 5
1034 1.000000 3
1037 1.000000 3
1040 -1.000000 3
1045 0.000000 5
1050 0.000000 5
1054 -1.000000 4
1058 1.000000 4
1063 0.000000 5
1067 1.000000 4
1070 1.000000 3
1075 0.000000 5
1079 1.000000 4
1082 -1.000000 3
1087 1.000000 5
1091 1.000000 4
1095 1.000000 4
1099 1.000000 4
1104 1.000000 5
1107 -1.000000 3
1112 1.000000 5
1117 1.000000 5
1120 -1.000000 3
1123 -1.000000 3
1127 -1.000000 4
1131 1.000000 4
1134 -1.000000 3
1138 -1.000000 4
1142 -1.000000 4
1147 0.000000 5
1150 1.000000 3
1154 -1.000000 4
1159 1.000000 5
1164 0.000000 5
1168 1.000000 4
1173 0.000000 5
1178 0.000000 5
1183 1.000000 5
1187 1.000000 4
1191 1.000000 4
1195 1.000000 4
1199 -1.000000 4
1204 1.000000 5
1208 -1.000000 4
1212 1.000000 4
1216 -1.000000 4
1221 1.000000 5
1225 1.000000 4
1230 1.000000 5
1235 1.000000 5
1240 0.000000 5
1245 1.000000 5
1250 1.000000 5
1254 1.000000 4
1259 1.000000 5
1263 -1.000000 4
1267 -1.000000 4
1272 1.000000 5
1277 0.000000 5
1281 -1.000000 4
1285 -1.000000 4
1290 0.000000 5
1294 1.000000 4
1299 1.000000 5
1303 1.000000 4
1308 1.000000 5
1311 -1.000000 3
1315 1.000000 4
1320 1.000000 5
1324 1.000000 4
1328 1.000000 4
1332 1.000000 4
1335 -1.000000 3
1339 1.000000 4
1343 1.000000 4
1347 1.000000 4
1351 -1.000000 4
1355 -1.000000 4
1358 -1.000000 3
1361 1.000000 3
1365 -1.000000 4
1369 -1.000000 4
1374 0.000000 5
1378 1.000000 4
1383 1.000000 5
1386 1.000000 3
1390 -1.000000 4
1393 1.000000 3
1397 1.000000 4
1401 -1.000000 4
1405 -1.000000 4
1409 1.000000 4
1412 -1.000000 3
1416 1.000000 4
1421 0.000000 5
1424 -1.000000 3
1428 1.000000 4
1431 1.000000 3
1435 1.000000 4
1439 -1.000000 4
1443 -1.000000 4
1446 -1.000000 3
1450 1.000000 4
1455 1.000000 5
1460 1.000000 5
1465 1.000000 5
1470 1.000000 5
1475 1.000000 5
1480 1.000000 5
1484 1.000000 4
1488 -1.000000 4
1492 -1.000000 4
1496 -1.000000 4
1501 1.000000 5
1506 1.000000 5
1509 -1.000000 3
1514 0.000000 5
1517 1.000000 3
1520 1.000000 3
1525 1.000000 5
1529 1.000000 4
1534 0.000000 5
1538 1.000000 4
1542 1.000000 4
1547 0.000000 5
1551 -1.000000 4
1554 1.000000 3
1557 1.000000 3
1561 1.000000 4
1565 1.000000 4
1569 -1.000000 4
1574 1.000000 5
1578 1.000000 4
1583 1.000000 5
1588 1.000000 5
1591 -1.000000 3
1595 -1.000000 4
1599 1.000000 4
1603 1.000000 4
1608 1.000000 5
1611 -1.000000 3
1615 -1.000000 4
1619 1.000000 4
1624 1.000000 5
1629 1.000000 5
1632 1.000000 3
1637 1.000000 5
1640 -1.000000 3
1645 1.000000 5
1649 1.000000 4
1653 -1.000000 4
1657 1.000000 4
1661 1.000000 4
1664 1.000000 3
1669 1.000000 5
1673 1.000000 4
1677 1.000000 4
1682 1.000000 5
1686 -1.000000 4
1690 1.000000 4
1695 1.000000 5
1698 -1.000000 3
1702 1.000000 4
1707 1.000000 5
1712 0.000000 5
1717 1.000000 5
1720 -1.000000 3
1725 1.000000 5
1730 0.000000 5
1735 1.000000 5
1739 1.000000 4
1744 1.000000 5
1748 -1.000000 4
1752 1.000000 4
1755 1.000000 3
1758 1.000000 3
1761 -1.000000 3
1766 1.000000 5
1770 1.000000 4
1773 1.000000 3
1777 -1.000000 4
1780 -1.000000 3
1785 1.000000 5
1790 0.000000 5
1794 1.000000 4
1798 1.000000 4
1801 1.000000 3
1806 1.000000 5
1811 0.000000 5
1815 1.000000 4
1819 1.000000 4
1823 -1.000000 4
1827 1.000000 4
1832 1.000000 5
1836 1.000000 4
1840 -1.000000 4
1844 1.000000 4
1848 1.000000 4
1852 1.000000 4
1857 1.000000 5
1861 1.000000 4
1865 1.000000 4
1870 1.000000 5
1874 1.000000 4
1879 1.000000 5
1884 1.000000 5
1888 1.000000 4
1893 1.000000 5
1896 1.000000 3
1901 1.000000 5
1904 1.000000 3
1909 1.000000 5
1912 1.000000 3
1917 0.000000 5
1922 1.000000 5
1927 0.000000 5
1932 0.000000 5
1935 1.000000 3
1940 0.000000 5
1944 -1.000000 4
1947 -1.000000 3
1950 -1.000000 3
1955 1.000000 5
1959 1.000000 4
1963 -1.000000 4
1968 0.000000 5
1971 1.000000 3
1975 -1.000000 4
1978 -1.000000 3
1982 1.000000 4
1987 1.000000 5
1992 1.000000 5
1996 -1.000000 4
2001 0.000000 5
2006 0.000000 5
2010 1.000000 4
2014 1.000000 4
2019 1.000000 5
2023 1.000000 4
2027 1.000000 4
2030 -1.000000 3
2035 1.000000 5
2039 1.000000 4
2043 -1.000000 4
2047 -1.000000 4
2052 1.000000 5
2057 0.000000 5
2061 -1.000000 4
2065 -1.000000 4
2068 1.000000 3
2071 -1.000000 3
2076 1.000000 5
2080 -1.000000 4
2084 -1.000000 4
2087 -1.000000 3
2090 1.000000 3
2095 1.000000 5
2099 1.000000 4
2104 1.000000 5
2109 1.000000 5
2113 1.000000 4
2118 0.000000 5
2123 0.000000 5
2127 1.000000 4
2131 -1.000000 4
2135 -1.000000 4
2139 -1.000000 4
2143 1.000000 4
2146 1.000000 3
2150 -1.000000 4
2155 1.000000 5
2159 1.000000 4
2163 1.000000 4
2166 -1.000000 3
2171 1.000000 5
2174 1.000000 3
2177 1.000000 3
2181 1.000000 4
2186 1.000000 5
2191 1.000000 5
2196 1.000000 5
2200 -1.000000 4
2205 0.000000 5
2210 1.000000 5
2214 -1.000000 4
2218 -1.000000 4
2223 0.000000 5
2226 1.000000 3
2230 1.000000 4
2234 1.000000 4
2238 -1.000000 4
2243 1.000000 5
2246 -1.000000 3
2250 1.000000 4
2253 -1.000000 3
2258 0.000000 5
2263 1.000000 5
2268 1.000000 5
2272 -1.000000 4
2276 1.000000 4
2281 0.000000 5
2285 1.000000 4
2290 1.000000 5
2295 0.000000 5
2300 1.000000 5
2303 -1.000000 3
2308 0.000000 5
2311 -1.000000 3
2315 1.000000 4
2320 0.000000 5
2323 1.000000 3
2328 0.000000 5
2332 1.000000 4
2335 1.000000 3
2339 -1.000000 4
2343 -1.000000 4
2348 0.000000 5
2353 0.000000 5
2357 1.000000 4
2361 1.000000 4
2366 1.000000 5
2371 1.000000 5
2376 1.000000 5
2380 -1.000000 4
2385 1.000000 5
2390 0.000000 5
2395 0.000000 5
2399 -1.000000 4
2404 1.000000 5
2408 1.000000 4
2412 -1.000000 4
2417 1.000000 5
2420 1.000000 3
2425 0.000000 5
2429 1.000000 4
2432 -1.000000 3
2435 1.000000 3
2439 -1.000000 4
2444 1.000000 5
2448 1.000000 4
2451 1.000000 3
2454 -1.000000 3
2459 1.000000 5
2463 -1.000000 4
2468 1.000000 5
2472 -1.000000 4
2476 1.000000 4
2480 -1.000000 4
2484 -1.000000 4
2488 1.000000 4
2491 1.000000 3
2494 1.000000 3
2499 0.000000 5
2502 1.000000 3
2507 0.000000 5
2511 1.000000 4
2514 1.000000 3
2518 1.000000 4
2522 1.000000 4
2526 1.000000 4
2530 -1.000000 4
2534 1.000000 4
2539 1.000000 5
2543 1.000000 4
2546 -1.000000 3
2550 -1.000000 4
2554 -1.000000 4
2559 1.000000 5
2564 1.000000 5
2568 1.000000 4
2572 1.000000 4
2577 0.000000 5
2582 0.000000 5
2586 -1.000000 4
2590 1.000000 4
2594 -1.000000 4
2599 1.000000 5
2604 0.000000 5
2608 1.000000 4
2612 1.000000 4
2617 0.000000 5
2621 -1.000000 4
2626 1.000000 5
2630 1.000000 4
2634 1.000000 4
2639 1.000000 5
2642 1.000000 3
2646 1.000000 4
2650 1.000000 4
2654 -1.000000 4
2658 1.000000 4
2662 1.000000 4
2665 1.000000 3
2668 -1.000000 3
2672 -1.000000 4
2676 1.000000 4
2680 -1.000000 4
2684 1.000000 4
2689 1.000000 5
2694 1.000000 5
2699 1.000000 5
2704 1.000000 5
2707 1.000000 3
2710 1.000000 3
2714 1.000000 4
2718 -1.000000 4
2723 1.000000 5
2727 -1.000000 4
2732 0.000000 5
2736 -1.000000 4
2741 0.000000 5
2745 -1.000000 4
2750 0.000000 5
2755 1.000000 5
2760 0.000000 5
2764 1.000000 4
2768 1.000000 4
2772 1.000000 4
2777 0.000000 5
2781 1.000000 4
2785 -1.000000 4
2789 1.000000 4
2793 -1.000000 4
2797 1.000000 4
2801 -1.000000 4
2805 1.000000 4
2809 1.000000 4
2813 1.000000 4
2817 1.000000 4
2822 0.000000 5
2825 1.000000 3
2829 1.000000 4
2833 1.000000 4
2837 -1.000000 4
2842 1.000000 5
2845 1.000000 3
2849 1.000000 4
2854 0.000000 5
2858 -1.000000 4
2861 1.000000 3
2865 1.000000 4
2870 1.000000 5
2874 1.000000 4
2879 1.000000 5
2884 0.000000 5
2889 1.000000 5
2893 1.000000 4
2898 1.000000 5
2903 0.000000 5
2906 -1.000000 3
2909 -1.000000 3
2913 1.000000 4
2917 -1.000000 4
2922 1.000000 5
2926 1.000000 4
2929 -1.000000 3
2933 1.000000 4
2937 -1.000000 4
2942 1.000000 5
2946 -1.000000 4
2950 1.000000 4
2954 1.000000 4
2957 1.000000 3
2961 -1.000000 4
2966 1.000000 5
2970 -1.000000 4
2974 1.000000 4
2977 1.000000 3
2980 1.000000 3
2985 1.000000 5
2990 1.000000 5
2993 -1.000000 3
2997 1.000000 4
3001 1.000000 4
3006 0.000000 5
3011 0.000000 5
3015 -1.000000 4
3019 1.000000 4
3024 1.000000 5
3029 1.000000 5
3032 1.000000 3
3035 1.000000 3
3040 1.000000 5
3043 1.000000 3
3046 1.000000 3
3050 -1.000000 4
3054 1.000000 4
3058 1.000000 4
3062 -1.000000 4
3066 1.000000 4
3071 1.000000 5
3076 0.000000 5
3079 -1.000000 3
3083 1.000000 4
3086 1.000000 3
3091 1.000000 5
3094 1.000000 3
3098 -1.000000 4
3101 -1.000000 3
3105 1.000000 4
3109 1.000000 4
3112 -1.000000 3
3116 1.000000 4
3119 -1.000000 3
3123 -1.000000 4
3128 1.000000 5
3133 0.000000 5
3137 -1.000000 4
3141 -1.000000 4
3145 1.000000 4
3150 1.000000 5
3155 1.000000 5
3158 -1.000000 3
3163 1.000000 5
3167 1.000000 4
3170 1.000000 3
3175 1.000000 5
3180 0.000000 5
3183 -1.000000 3
3188 0.000000 5
3192 -1.000000 4
3196 -1.000000 4
3199 1.000000 3
3203 -1.000000 4
3206 -1.000000 3
3209 1.000000 3
3214 1.000000 5
3219 0.000000 5
3224 0.000000 5
3227 -1.000000 3
3231 -1.000000 4
3235 1.000000 4
3240 1.000000 5
3243 1.000000 3
3247 -1.000000 4
3251 1.000000 4
3256 0.000000 5
3261 1.000000 5
3265 -1.000000 4
3270 1.000000 5
3275 1.000000 5
3278 1.000000 3
3282 1.000000 4
3287 0.000000 5
3292 0.000000 5
3297 1.000000 5
3301 -1.000000 4
3306 1.000000 5
3311 0.000000 5
3315 1.000000 4
3319 1.000000 4
3323 1.000000 4
3328 1.000000 5
3332 1.000000 4
3337 1.000000 5
3341 1.000000 4
3345 -1.000000 4
3349 1.000000 4
3352 1.000000 3
3357 0.000000 5
3361 -1.000000 4
3364 1.000000 3
3368 1.000000 4
3371 1.000000 3
3376 1.000000 5
3380 -1.000000 4
3384 -1.000000 4
3388 1.000000 4
3391 1.000000 3
3395 -1.000000 4
3399 1.000000 4
3402 -1.000000 3
3405 1.000000 3
3409 -1.000000 4
3414 1.000000 5
3417 1.000000 3
3421 1.000000 4
3425 -1.000000 4
3428 -1.000000 3
3433 0.000000 5
3437 1.000000 4
3442 1.000000 5
3446 -1.000000 4
3449 1.000000 3
3452 -1.000000 3
3457 1.000000 5
3461 -1.000000 4
3464 -1.000000 3
3467 1.000000 3
3471 -1.000000 4
3474 1.000000 3
3478 -1.000000 4
3483 0.000000 5
3486 1.000000 3
3490 1.000000 4
3493 -1.000000 3
3497 1.000000 4
3501 1.000000 4
3504 1.000000 3
3507 -1.000000 3
3510 -1.000000 3
3515 1.000000 5
3518 -1.000000 3
3521 1.000000 3
3525 -1.000000 4
3528 1.000000 3
3532 -1.000000 4
3536 -1.000000 4
3540 -1.000000 4
3544 1.000000 4
3548 -1.000000 4
3552 1.000000 4
3555 -1.000000 3
3560 1.000000 5
3563 1.000000 3
3567 -1.000000 4
3571 1.000000 4
3574 -1.000000 3
3578 -1.000000 4
3581 -1.000000 3
3585 1.000000 4
3589 1.000000 4
3593 1.000000 4
3597 1.000000 4
3601 1.000000 4
3605 -1.000000 4
3609 -1.000000 4
3613 1.000000 4
3617 1.000000 4
3622 1.000000 5
3625 -1.000000 3
3630 1.000000 5
3634 1.000000 4
3639 0.000000 5
3642 -1.000000 3
3646 1.000000 4
3651 0.000000 5
3655 -1.000000 4
3659 -1.000000 4
3664 1.000000 5
3667 -1.000000 3
3671 -1.000000 4
3676 0.000000 5
3680 -1.000000 4
3684 -1.000000 4
3688 -1.000000 4
3693 0.000000 5
3698 0.000000 5
3702 -1.000000 4
3706 1.000000 4
3711 1.000000 5
3715 1.000000 4
3720 0.000000 5
3724 -1.000000 4
3728 1.000000 4
3733 1.000000 5
3738 0.000000 5
3742 -1.000000 4
3747 0.000000 5
3752 1.000000 5
3756 -1.000000 4
3760 -1.000000 4
3765 0.000000 5
3768 -1.000000 3
3772 1.000000 4
3776 -1.000000 4
3781 0.000000 5
3785 -1.000000 4
3788 1.000000 3
3792 1.000000 4
3796 1.000000 4
3801 1.000000 5
3804 -1.000000 3
3808 1.000000 4
3813 1.000000 5
3818 1.000000 5
3822 1.000000 4
3825 -1.000000 3
3829 -1.000000 4
3834 1.000000 5
3838 -1.000000 4
3842 1.000000 4
3846 -1.000000 4
3850 -1.000000 4
3854 1.000000 4
3858 -1.000000 4
3862 1.000000 4
3865 -1.000000 3
