5 1.000000 5
8 1.000000 3
11 1.000000 3
14 1.000000 3
17 1.000000 3
20 1.000000 3
23 1.000000 3
26 1.000000 3
30 1.000000 4
34 1.000000 4
37 1.000000 3
40 1.000000 3
43 1.000000 3
47 1.000000 4
52 0.000000 5
55 1.000000 3
58 1.000000 3
62 1.000000 4
65 1.000000 3
69 -1.000000 4
73 1.000000 4
76 1.000000 3
81 0.000000 5
84 1.000000 3
87 1.000000 3
91 1.000000 4
94 1.000000 3
97 1.000000 3
100 1.000000 3
103 1.000000 3
106 1.000000 3
110 1.000000 4
114 1.000000 4
119 -1.000000 5
123 1.000000 4
128 1.000000 5
133 1.000000 5
136 1.000000 3
140 1.000000 4
143 1.000000 3
146 1.000000 3
149 1.000000 3
152 1.000000 3
155 1.000000 3
160 -1.000000 5
163 1.000000 3
167 -1.000000 4
170 1.000000 3
173 1.000000 3
176 1.000000 3
179 1.000000 3
182 1.000000 3
187 0.000000 5
190 1.000000 3
193 1.000000 3
196 1.000000 3
199 1.000000 3
202 1.000000 3
205 1.000000 3
208 1.000000 3
211 1.000000 3
214 1.000000 3
217 1.000000 3
220 1.000000 3
223 1.000000 3
226 1.000000 3
229 1.000000 3
232 1.000000 3
235 1.000000 3
238 1.000000 3
241 1.000000 3
244 1.000000 3
247 1.000000 3
250 1.000000 3
253 1.000000 3
256 1.000000 3
259 1.000000 3
263 1.000000 4
266 1.000000 3
271 1.000000 5
274 1.000000 3
277 1.000000 3
280 1.000000 3
283 1.000000 3
286 1.000000 3
290 1.000000 4
294 1.000000 4
297 1.000000 3
301 1.000000 4
305 1.000000 4
310 0.000000 5
314 1.000000 4
319 1.000000 5
323 1.000000 4
326 1.000000 3
331 1.000000 5
334 1.000000 3
338 1.000000 4
341 1.000000 3
344 1.000000 3
349 0.000000 5
352 1.000000 3
355 1.000000 3
358 1.000000 3
362 1.000000 4
367 0.000000 5
370 1.000000 3
375 1.000000 5
378 1.000000 3
381 1.000000 3
384 1.000000 3
388 1.000000 4
391 1.000000 3
394 1.000000 3
397 1.000000 3
401 1.000000 4
404 1.000000 3
409 0.000000 5
412 1.000000 3
415 1.000000 3
418 1.000000 3
421 1.000000 3
424 1.000000 3
427 1.000000 3
430 1.000000 3
433 1.000000 3
436 1.000000 3
439 1.000000 3
443 -1.000000 4
446 1.000000 3
449 1.000000 3
452 1.000000 3
455 1.000000 3
460 1.000000 5
465 -1.000000 5
468 1.000000 3
471 1.000000 3
474 1.000000 3
479 -1.000000 5
484 -1.000000 5
487 1.000000 3
490 1.000000 3
493 1.000000 3
496 1.000000 3
501 1.000000 5
