3 -1.000000 3
7 -1.000000 4
12 1.000000 5
17 1.000000 5
20 1.000000 3
25 1.000000 5
29 1.000000 4
34 1.000000 5
38 1.000000 4
42 1.000000 4
46 -1.000000 4
50 1.000000 4
55 0.000000 5
59 1.000000 4
63 1.000000 4
68 1.000000 5
72 -1.000000 4
76 1.000000 4
79 -1.000000 3
83 1.000000 4
86 1.000000 3
91 0.000000 5
94 -1.000000 3
99 1.000000 5
103 -1.000000 4
106 -1.000000 3
109 -1.000000 3
113 -1.000000 4
116 -1.000000 3
120 -1.000000 4
125 1.000000 5
129 1.000000 4
134 1.000000 5
139 1.000000 5
143 -1.000000 4
146 1.000000 3
150 1.000000 4
154 -1.000000 4
159 1.000000 5
163 1.000000 4
167 -1.000000 4
172 0.000000 5
175 -1.000000 3
179 -1.000000 4
183 -1.000000 4
187 1.000000 4
192 0.000000 5
196 -1.000000 4
201 1.000000 5
206 1.000000 5
210 1.000000 4
214 -1.000000 4
219 1.000000 5
222 -1.000000 3
227 1.000000 5
231 -1.000000 4
236 1.000000 5
241 1.000000 5
244 -1.000000 3
247 -1.000000 3
252 1.000000 5
257 0.000000 5
262 0.000000 5
267 1.000000 5
271 1.000000 4
275 1.000000 4
278 1.000000 3
281 1.000000 3
285 -1.000000 4
288 1.000000 3
293 1.000000 5
296 1.000000 3
300 1.000000 4
305 1.000000 5
310 1.000000 5
315 0.000000 5
320 0.000000 5
325 0.000000 5
329 -1.000000 4
333 1.000000 4
338 1.000000 5
342 1.000000 4
347 1.000000 5
352 1.000000 5
356 -1.000000 4
361 1.000000 5
365 1.000000 4
368 1.000000 3
372 -1.000000 4
376 -1.000000 4
380 -1.000000 4
384 1.000000 4
389 1.000000 5
393 -1.000000 4
398 1.000000 5
403 0.000000 5
407 -1.000000 4
411 1.000000 4
416 1.000000 5
420 1.000000 4
423 1.000000 3
428 1.000000 5
433 0.000000 5
438 1.000000 5
443 1.000000 5
446 -1.000000 3
450 -1.000000 4
455 1.000000 5
460 1.000000 5
464 -1.000000 4
468 -1.000000 4
473 0.000000 5
478 1.000000 5
483 1.000000 5
488 0.000000 5
491 1.000000 3
496 0.000000 5
501 1.000000 5
505 1.000000 4
510 1.000000 5
514 -1.000000 4
518 1.000000 4
521 -1.000000 3
525 1.000000 4
528 1.000000 3
532 1.000000 4
537 0.000000 5
540 -1.000000 3
543 -1.000000 3
547 -1.000000 4
551 1.000000 4
556 1.000000 5
560 1.000000 4
565 0.000000 5
569 -1.000000 4
573 1.000000 4
578 0.000000 5
582 1.000000 4
587 0.000000 5
591 1.000000 4
595 1.000000 4
600 0.000000 5
604 1.000000 4
608 1.000000 4
612 1.000000 4
615 -1.000000 3
619 -1.000000 4
623 1.000000 4
627 -1.000000 4
632 0.000000 5
637 0.000000 5
641 -1.000000 4
645 1.000000 4
650 1.000000 5
655 0.000000 5
660 1.000000 5
665 1.000000 5
669 1.000000 4
673 -1.000000 4
678 0.000000 5
681 1.000000 3
686 0.000000 5
690 -1.000000 4
695 1.000000 5
698 1.000000 3
702 -1.000000 4
706 1.000000 4
710 -1.000000 4
715 1.000000 5
718 1.000000 3
722 1.000000 4
726 -1.000000 4
731 0.000000 5
736 0.000000 5
740 1.000000 4
744 1.000000 4
747 1.000000 3
751 1.000000 4
756 1.000000 5
760 1.000000 4
764 1.000000 4
768 -1.000000 4
771 1.000000 3
775 1.000000 4
780 1.000000 5
784 1.000000 4
789 0.000000 5
793 -1.000000 4
797 -1.000000 4
802 1.000000 5
805 1.000000 3
810 1.000000 5
815 1.000000 5
820 1.000000 5
825 1.000000 5
830 1.000000 5
835 0.000000 5
838 -1.000000 3
842 -1.000000 4
845 1.000000 3
850 0.000000 5
854 -1.000000 4
857 -1.000000 3
861 1.000000 4
866 1.000000 5
871 1.000000 5
875 -1.000000 4
879 -1.000000 4
882 1.000000 3
886 -1.000000 4
890 -1.000000 4
894 -1.000000 4
897 1.000000 3
902 1.000000 5
906 -1.000000 4
910 1.000000 4
913 1.000000 3
917 1.000000 4
921 1.000000 4
925 1.000000 4
929 -1.000000 4
933 1.000000 4
936 1.000000 3
941 1.000000 5
945 1.000000 4
950 1.000000 5
955 1.000000 5
959 1.000000 4
964 1.000000 5
967 -1.000000 3
972 1.000000 5
975 1.000000 3
979 1.000000 4
984 1.000000 5
989 1.000000 5
993 -1.000000 4
997 1.000000 4
1002 1.000000 5
1007 1.000000 5
1011 -1.000000 4
1016 0.000000 5
1021 0.000000 5
1024 1.000000 3
1029 0.000000 5
1034 1.000000 5
1039 1.000000 5
1043 -1.000000 4
1048 1.000000 5
1051 -1.000000 3
1055 1.000000 4
1059 -1.000000 4
1064 1.000000 5
1069 1.000000 5
1072 1.000000 3
1076 -1.000000 4
1080 1.000000 4
1084 -1.000000 4
1088 -1.000000 4
1092 -1.000000 4
1097 1.000000 5
1101 -1.000000 4
1105 1.000000 4
1108 1.000000 3
1113 1.000000 5
1116 -1.000000 3
1120 1.000000 4
1125 1.000000 5
1129 -1.000000 4
1134 1.000000 5
1139 1.000000 5
1144 1.000000 5
1149 1.000000 5
1154 1.000000 5
1158 1.000000 4
1161 1.000000 3
1165 1.000000 4
1169 1.000000 4
1174 0.000000 5
1177 -1.000000 3
1181 -1.000000 4
1186 1.000000 5
1191 0.000000 5
1195 1.000000 4
1199 1.000000 4
1204 0.000000 5
1208 -1.000000 4
1212 -1.000000 4
1216 1.000000 4
1220 -1.000000 4
1225 0.000000 5
1229 1.000000 4
1234 0.000000 5
1239 1.000000 5
1244 1.000000 5
1248 1.000000 4
1252 -1.000000 4
1255 -1.000000 3
1260 0.000000 5
1263 1.000000 3
1268 1.000000 5
1272 -1.000000 4
1276 1.000000 4
1280 -1.000000 4
1285 1.000000 5
1290 1.000000 5
1294 -1.000000 4
1299 0.000000 5
1303 1.000000 4
1307 1.000000 4
1311 1.000000 4
1316 1.000000 5
1319 1.000000 3
1323 -1.000000 4
1327 -1.000000 4
1332 1.000000 5
1335 -1.000000 3
1340 1.000000 5
1344 1.000000 4
1348 1.000000 4
1352 -1.000000 4
1357 0.000000 5
1360 -1.000000 3
1364 1.000000 4
1368 -1.000000 4
1373 0.000000 5
1376 -1.000000 3
1381 1.000000 5
1385 1.000000 4
1389 1.000000 4
1394 1.000000 5
1398 1.000000 4
1402 -1.000000 4
1407 0.000000 5
1411 -1.000000 4
1414 -1.000000 3
1418 -1.000000 4
1423 1.000000 5
1427 1.000000 4
1431 1.000000 4
1436 0.000000 5
1439 -1.000000 3
1442 -1.000000 3
1446 -1.000000 4
1451 0.000000 5
1455 -1.000000 4
1458 1.000000 3
1463 1.000000 5
1468 0.000000 5
1472 1.000000 4
1477 1.000000 5
1480 1.000000 3
1485 1.000000 5
1489 -1.000000 4
1494 1.000000 5
1498 1.000000 4
1502 1.000000 4
1507 0.000000 5
1511 -1.000000 4
1515 1.000000 4
1519 1.000000 4
1523 -1.000000 4
1527 -1.000000 4
1532 0.000000 5
1537 0.000000 5
1542 0.000000 5
1547 1.000000 5
1551 1.000000 4
1556 0.000000 5
1559 -1.000000 3
1564 0.000000 5
1568 1.000000 4
1572 -1.000000 4
1575 1.000000 3
1579 -1.000000 4
1583 1.000000 4
1587 -1.000000 4
1591 -1.000000 4
1595 -1.000000 4
1599 1.000000 4
1604 1.000000 5
1607 -1.000000 3
1612 0.000000 5
1615 1.000000 3
1619 -1.000000 4
1624 0.000000 5
1629 1.000000 5
1633 1.000000 4
1637 -1.000000 4
1642 1.000000 5
1647 1.000000 5
1651 1.000000 4
1656 0.000000 5
1661 1.000000 5
1665 -1.000000 4
1669 1.000000 4
1672 1.000000 3
1677 1.000000 5
1681 1.000000 4
1686 1.000000 5
1691 1.000000 5
1695 -1.000000 4
1700 1.000000 5
1704 1.000000 4
1709 1.000000 5
1713 1.000000 4
1717 1.000000 4
1722 0.000000 5
1725 -1.000000 3
1730 1.000000 5
1734 1.000000 4
1738 1.000000 4
1742 -1.000000 4
1746 -1.000000 4
1750 1.000000 4
1755 1.000000 5
1759 1.000000 4
1763 1.000000 4
1766 1.000000 3
1770 1.000000 4
1775 1.000000 5
1780 0.000000 5
1785 1.000000 5
1790 0.000000 5
1794 -1.000000 4
1799 1.000000 5
1803 1.000000 4
1808 0.000000 5
1812 -1.000000 4
1817 0.000000 5
1821 1.000000 4
1825 1.000000 4
1828 -1.000000 3
1832 -1.000000 4
1837 1.000000 5
1841 -1.000000 4
1845 1.000000 4
1849 -1.000000 4
1853 1.000000 4
1856 -1.000000 3
1859 -1.000000 3
1864 1.000000 5
1868 1.000000 4
1873 1.000000 5
1877 1.000000 4
1880 -1.000000 3
1885 1.000000 5
1890 1.000000 5
1895 0.000000 5
1899 1.000000 4
1904 0.000000 5
1907 1.000000 3
1911 1.000000 4
1915 1.000000 4
1919 -1.000000 4
1922 -1.000000 3
1926 -1.000000 4
1929 1.000000 3
1934 1.000000 5
1938 -1.000000 4
1943 0.000000 5
1948 1.000000 5
1952 1.000000 4
1956 -1.000000 4
1960 1.000000 4
1964 1.000000 4
1967 -1.000000 3
1972 1.000000 5
1977 1.000000 5
1981 -1.000000 4
1986 1.000000 5
1990 1.000000 4
1994 -1.000000 4
1998 1.000000 4
2001 1.000000 3
2006 1.000000 5
2009 1.000000 3
2013 -1.000000 4
2018 1.000000 5
2022 1.000000 4
2027 0.000000 5
2031 1.000000 4
2034 1.000000 3
2037 -1.000000 3
2042 0.000000 5
2045 -1.000000 3
2049 1.000000 4
2052 -1.000000 3
2056 1.000000 4
2059 1.000000 3
2064 1.000000 5
2069 1.000000 5
2074 0.000000 5
2078 1.000000 4
2082 1.000000 4
2086 -1.000000 4
2091 1.000000 5
2095 1.000000 4
2099 1.000000 4
2102 -1.000000 3
2105 -1.000000 3
2108 -1.000000 3
2112 -1.000000 4
2115 1.000000 3
2119 -1.000000 4
2124 0.000000 5
2128 1.000000 4
2133 1.000000 5
2137 1.000000 4
2141 1.000000 4
2145 -1.000000 4
2148 -1.000000 3
2153 1.000000 5
2157 -1.000000 4
2162 1.000000 5
2166 1.000000 4
2171 0.000000 5
2176 0.000000 5
2179 -1.000000 3
2183 -1.000000 4
2188 1.000000 5
2192 1.000000 4
2197 1.000000 5
2202 0.000000 5
2207 1.000000 5
2212 1.000000 5
2217 0.000000 5
2222 1.000000 5
2227 1.000000 5
2231 1.000000 4
2235 1.000000 4
2239 -1.000000 4
2242 1.000000 3
2247 1.000000 5
2252 0.000000 5
2256 1.000000 4
2261 1.000000 5
2266 1.000000 5
2270 1.000000 4
2275 1.000000 5
2280 1.000000 5
2284 1.000000 4
2287 -1.000000 3
2291 1.000000 4
2294 -1.000000 3
2299 1.000000 5
2304 1.000000 5
2307 1.000000 3
2310 -1.000000 3
2314 -1.000000 4
2318 1.000000 4
2321 1.000000 3
2326 1.000000 5
2329 -1.000000 3
2334 1.000000 5
2338 1.000000 4
2341 -1.000000 3
2345 -1.000000 4
2350 0.000000 5
2354 1.000000 4
2358 1.000000 4
2362 1.000000 4
2366 1.000000 4
2369 1.000000 3
2373 1.000000 4
2376 -1.000000 3
2380 1.000000 4
2384 -1.000000 4
2389 1.000000 5
2393 1.000000 4
2398 1.000000 5
2402 -1.000000 4
2406 -1.000000 4
2410 -1.000000 4
2415 0.000000 5
2420 0.000000 5
2424 1.000000 4
2429 1.000000 5
2434 0.000000 5
2438 -1.000000 4
2443 0.000000 5
2447 -1.000000 4
2452 0.000000 5
2455 -1.000000 3
2460 1.000000 5
2464 1.000000 4
2468 -1.000000 4
2472 -1.000000 4
2476 1.000000 4
2481 1.000000 5
2485 -1.000000 4
2489 -1.000000 4
2492 1.000000 3
2497 1.000000 5
2500 -1.000000 3
2504 1.000000 4
2509 0.000000 5
2513 -1.000000 4
2518 0.000000 5
2522 1.000000 4
2527 1.000000 5
2532 1.000000 5
2536 1.000000 4
2541 1.000000 5
2546 1.000000 5
2551 1.000000 5
2555 -1.000000 4
2558 -1.000000 3
2563 1.000000 5
2566 1.000000 3
2571 0.000000 5
2576 1.000000 5
2580 -1.000000 4
2584 -1.000000 4
2587 1.000000 3
2590 -1.000000 3
2593 -1.000000 3
2598 1.000000 5
2602 -1.000000 4
2606 -1.000000 4
2610 -1.000000 4
2613 1.000000 3
2616 -1.000000 3
2620 1.000000 4
2624 1.000000 4
2627 -1.000000 3
2632 1.000000 5
2635 -1.000000 3
2639 1.000000 4
2644 1.000000 5
2647 1.000000 3
2652 1.000000 5
2657 1.000000 5
2662 0.000000 5
2667 1.000000 5
2670 -1.000000 3
2675 1.000000 5
2680 1.000000 5
2685 0.000000 5
2689 1.000000 4
2693 1.000000 4
2696 1.000000 3
2700 1.000000 4
2705 1.000000 5
2710 1.000000 5
2715 1.000000 5
2720 1.000000 5
2723 1.000000 3
2727 1.000000 4
2731 1.000000 4
2736 1.000000 5
2741 1.000000 5
2745 -1.000000 4
2749 -1.000000 4
2753 1.000000 4
2757 -1.000000 4
2762 1.000000 5
2765 1.000000 3
2769 1.000000 4
2774 1.000000 5
2779 1.000000 5
2782 -1.000000 3
2787 1.000000 5
2791 -1.000000 4
2795 1.000000 4
2800 1.000000 5
2805 1.000000 5
2809 1.000000 4
2814 0.000000 5
2819 0.000000 5
2822 -1.000000 3
2827 1.000000 5
2832 0.000000 5
2836 1.000000 4
2841 1.000000 5
2845 1.000000 4
2849 -1.000000 4
2852 -1.000000 3
2856 1.000000 4
2860 1.000000 4
2864 1.000000 4
2869 0.000000 5
2873 -1.000000 4
2876 1.000000 3
2881 0.000000 5
2885 1.000000 4
2890 1.000000 5
2895 1.000000 5
2899 1.000000 4
2903 -1.000000 4
2908 1.000000 5
2911 -1.000000 3
2914 -1.000000 3
2918 1.000000 4
2922 -1.000000 4
2927 0.000000 5
2932 1.000000 5
2936 -1.000000 4
2941 0.000000 5
2945 1.000000 4
2948 -1.000000 3
2953 1.000000 5
2957 1.000000 4
2961 -1.000000 4
2966 1.000000 5
2971 0.000000 5
2975 -1.000000 4
2979 1.000000 4
2983 -1.000000 4
2987 -1.000000 4
2992 1.000000 5
2995 1.000000 3
2999 1.000000 4
3002 1.000000 3
3006 1.000000 4
3010 -1.000000 4
3014 1.000000 4
3019 0.000000 5
3024 1.000000 5
3028 1.000000 4
3032 1.000000 4
3037 1.000000 5
3041 1.000000 4
3045 1.000000 4
3050 0.000000 5
3053 1.000000 3
3057 -1.000000 4
3062 0.000000 5
3067 1.000000 5
3072 1.000000 5
3077 1.000000 5
3082 1.000000 5
3087 1.000000 5
3090 -1.000000 3
3095 1.000000 5
3100 1.000000 5
3103 1.000000 3
3107 -1.000000 4
3112 1.000000 5
3116 -1.000000 4
3120 -1.000000 4
3124 1.000000 4
3127 -1.000000 3
3131 -1.000000 4
3135 1.000000 4
3140 1.000000 5
3144 -1.000000 4
3147 1.000000 3
3151 -1.000000 4
3155 1.000000 4
3159 -1.000000 4
3163 1.000000 4
3168 1.000000 5
3172 -1.000000 4
3177 1.000000 5
3181 1.000000 4
3185 1.000000 4
3190 0.000000 5
3193 -1.000000 3
3198 1.000000 5
3203 1.000000 5
3206 -1.000000 3
3210 1.000000 4
3214 -1.000000 4
3219 1.000000 5
3224 1.000000 5
3227 1.000000 3
3232 1.000000 5
3236 -1.000000 4
3240 1.000000 4
3244 1.000000 4
3247 -1.000000 3
3252 1.000000 5
3257 0.000000 5
3261 -1.000000 4
3265 -1.000000 4
3269 -1.000000 4
3274 1.000000 5
3279 1.000000 5
3283 1.000000 4
3288 1.000000 5
3292 -1.000000 4
3296 1.000000 4
3299 1.000000 3
3303 1.000000 4
3306 1.000000 3
3310 1.000000 4
3314 -1.000000 4
3319 1.000000 5
3323 -1.000000 4
3327 1.000000 4
3332 1.000000 5
3335 1.000000 3
3340 0.000000 5
3344 -1.000000 4
3349 1.000000 5
3354 0.000000 5
3358 -1.000000 4
3363 1.000000 5
3367 -1.000000 4
3372 1.000000 5
3376 -1.000000 4
3380 -1.000000 4
3385 0.000000 5
3389 -1.000000 4
3393 1.000000 4
3397 1.000000 4
3402 1.000000 5
3405 -1.000000 3
3409 1.000000 4
3414 1.000000 5
3419 0.000000 5
3423 1.000000 4
3427 -1.000000 4
3431 -1.000000 4
3435 -1.000000 4
3440 1.000000 5
3443 -1.000000 3
3447 -1.000000 4
3452 1.000000 5
3457 0.000000 5
3462 0.000000 5
3466 -1.000000 4
3470 -1.000000 4
3473 -1.000000 3
3477 1.000000 4
3482 1.000000 5
3485 1.000000 3
3488 1.000000 3
3491 1.000000 3
3495 -1.000000 4
3499 1.000000 4
3504 1.000000 5
3508 1.000000 4
3512 1.000000 4
3516 -1.000000 4
3520 1.000000 4
3524 -1.000000 4
3529 0.000000 5
3532 1.000000 3
3536 1.000000 4
3541 0.000000 5
3545 1.000000 4
3550 1.000000 5
3554 1.000000 4
3558 -1.000000 4
3563 1.000000 5
3568 0.000000 5
3571 1.000000 3
3576 0.000000 5
3581 1.000000 5
3585 -1.000000 4
3589 -1.000000 4
3594 1.000000 5
3597 1.000000 3
3602 1.000000 5
3607 0.000000 5
3612 0.000000 5
3616 1.000000 4
3620 1.000000 4
3623 1.000000 3
3627 -1.000000 4
3631 1.000000 4
3635 1.000000 4
3639 1.000000 4
3643 -1.000000 4
3647 -1.000000 4
3652 1.000000 5
3657 1.000000 5
3661 1.000000 4
3665 1.000000 4
3668 1.000000 3
3673 0.000000 5
3678 1.000000 5
3682 1.000000 4
3685 -1.000000 3
3688 1.000000 3
3692 -1.000000 4
3697 1.000000 5
3701 1.000000 4
3705 1.000000 4
3710 0.000000 5
3715 1.000000 5
3720 1.000000 5
3725 1.000000 5
3729 1.000000 4
3733 1.000000 4
3736 1.000000 3
3741 1.000000 5
3745 1.000000 4
3750 1.000000 5
3755 1.000000 5
3758 -1.000000 3
3763 1.000000 5
3768 1.000000 5
3771 -1.000000 3
3775 -1.000000 4
3778 -1.000000 3
3782 1.000000 4
3786 -1.000000 4
3789 -1.000000 3
3793 -1.000000 4
3797 1.000000 4
3800 1.000000 3
3805 1.000000 5
3809 -1.000000 4
3813 -1.000000 4
3818 0.000000 5
3823 0.000000 5
3827 -1.000000 4
3831 -1.000000 4
3835 1.000000 4
3840 1.000000 5
3843 1.000000 3
3846 -1.000000 3
3851 1.000000 5
3855 -1.000000 4
3859 1.000000 4
3863 -1.000000 4
3867 1.000000 4
3872 1.000000 5
3877 1.000000 5
3881 -1.000000 4
3885 1.000000 4
3890 0.000000 5
3894 -1.000000 4
3899 1.000000 5
3902 -1.000000 3
3907 1.000000 5
3910 1.000000 3
3915 1.000000 5
3919 1.000000 4
3923 1.000000 4
3926 -1.000000 3
3931 1.000000 5
3935 1.000000 4
3939 -1.000000 4
3943 1.000000 4
3948 1.000000 5
3951 -1.000000 3
3955 -1.000000 4
3958 1.000000 3
3962 -1.000000 4
3965 1.000000 3
3970 0.000000 5
3974 1.000000 4
3979 1.000000 5
3983 1.000000 4
3988 1.000000 5
3993 1.000000 5
3998 1.000000 5
4002 1.000000 4
4006 -1.000000 4
4011 0.000000 5
4014 1.000000 3
4017 1.000000 3
4020 1.000000 3
4024 1.000000 4
4029 0.000000 5
4034 1.000000 5
4038 1.000000 4
4043 0.000000 5
4048 0.000000 5
4052 -1.000000 4
4057 0.000000 5
4062 1.000000 5
4066 1.000000 4
4069 1.000000 3
4074 1.000000 5
4077 -1.000000 3
4082 0.000000 5
4086 -1.000000 4
4090 1.000000 4
4093 -1.000000 3
4098 0.000000 5
4102 -1.000000 4
4107 1.000000 5
4110 -1.000000 3
4114 1.000000 4
4118 1.000000 4
4122 -1.000000 4
4127 0.000000 5
4132 1.000000 5
4136 -1.000000 4
4140 1.000000 4
4144 -1.000000 4
4149 1.000000 5
4153 1.000000 4
4158 0.000000 5
4162 -1.000000 4
4167 0.000000 5
4171 -1.000000 4
4176 0.000000 5
4180 1.000000 4
4185 0.000000 5
4190 0.000000 5
4195 0.000000 5
4200 0.000000 5
4204 -1.000000 4
4209 1.000000 5
4213 1.000000 4
4216 -1.000000 3
4221 0.000000 5
4226 0.000000 5
4230 -1.000000 4
4235 1.000000 5
4240 1.000000 5
4243 -1.000000 3
4246 1.000000 3
4251 0.000000 5
4254 -1.000000 3
4257 1.000000 3
4261 -1.000000 4
4266 1.000000 5
4269 1.000000 3
4274 1.000000 5
4278 -1.000000 4
4282 -1.000000 4
4286 -1.000000 4
4290 -1.000000 4
4294 1.000000 4
4297 -1.000000 3
4301 -1.000000 4
4305 -1.000000 4
4310 0.000000 5
4314 1.000000 4
4318 1.000000 4
4323 1.000000 5
4327 -1.000000 4
4331 1.000000 4
4334 1.000000 3
4339 0.000000 5
4344 1.000000 5
4347 1.000000 3
4352 1.000000 5
4356 -1.000000 4
4360 1.000000 4
4364 1.000000 4
4369 1.000000 5
4374 1.000000 5
4378 -1.000000 4
4381 1.000000 3
4385 -1.000000 4
4389 1.000000 4
4394 1.000000 5
4398 1.000000 4
4401 1.000000 3
4404 1.000000 3
4408 -1.000000 4
4413 1.000000 5
4417 -1.000000 4
4420 1.000000 3
4423 -1.000000 3
4428 1.000000 5
4432 1.000000 4
4437 1.000000 5
4440 -1.000000 3
4444 1.000000 4
4449 1.000000 5
4454 0.000000 5
4457 1.000000 3
4462 0.000000 5
4466 1.000000 4
4470 -1.000000 4
4474 1.000000 4
4478 1.000000 4
4482 -1.000000 4
4485 -1.000000 3
4490 1.000000 5
4495 0.000000 5
4498 -1.000000 3
4502 1.000000 4
4506 1.000000 4
4509 -1.000000 3
4513 1.000000 4
4517 1.000000 4
4522 1.000000 5
4527 0.000000 5
4530 1.000000 3
4535 1.000000 5
4539 1.000000 4
4543 1.000000 4
4548 1.000000 5
4553 0.000000 5
4557 1.000000 4
4562 0.000000 5
4566 -1.000000 4
4569 1.000000 3
4573 1.000000 4
4577 1.000000 4
4580 -1.000000 3
4584 1.000000 4
4587 1.000000 3
4591 1.000000 4
4594 -1.000000 3
4598 -1.000000 4
4603 0.000000 5
4608 1.000000 5
4612 1.000000 4
4617 1.000000 5
4620 -1.000000 3
4624 1.000000 4
4628 1.000000 4
4632 1.000000 4
4636 -1.000000 4
4639 1.000000 3
4644 1.000000 5
4648 -1.000000 4
4652 -1.000000 4
4656 -1.000000 4
4660 -1.000000 4
4665 1.000000 5
4670 0.000000 5
4675 1.000000 5
4679 -1.000000 4
4683 1.000000 4
4688 1.000000 5
4693 1.000000 5
4698 1.000000 5
4702 -1.000000 4
4706 -1.000000 4
4709 -1.000000 3
4714 1.000000 5
4718 -1.000000 4
4722 -1.000000 4
4727 1.000000 5
4731 1.000000 4
4736 1.000000 5
4741 0.000000 5
4745 -1.000000 4
4749 1.000000 4
4754 0.000000 5
4759 1.000000 5
4764 0.000000 5
4768 -1.000000 4
4773 0.000000 5
4778 1.000000 5
4782 1.000000 4
4787 1.000000 5
4792 1.000000 5
4797 1.000000 5
4801 1.000000 4
4805 1.000000 4
4810 1.000000 5
4814 -1.000000 4
4817 1.000000 3
4821 -1.000000 4
4825 1.000000 4
4829 -1.000000 4
4833 -1.000000 4
4838 1.000000 5
4842 1.000000 4
4845 1.000000 3
4849 1.000000 4
4853 1.000000 4
4857 1.000000 4
4862 0.000000 5
4866 -1.000000 4
4871 0.000000 5
4875 -1.000000 4
4878 -1.000000 3
4883 1.000000 5
4887 1.000000 4
4892 1.000000 5
4897 1.000000 5
4902 1.000000 5
4906 1.000000 4
4910 -1.000000 4
4915 1.000000 5
4919 1.000000 4
4923 1.000000 4
4927 1.000000 4
4931 1.000000 4
4934 -1.000000 3
4938 1.000000 4
4942 -1.000000 4
4945 1.000000 3
4949 1.000000 4
4954 1.000000 5
4957 1.000000 3
4961 -1.000000 4
4965 1.000000 4
4969 1.000000 4
4972 -1.000000 3
4976 -1.000000 4
4980 1.000000 4
4984 -1.000000 4
4989 1.000000 5
4994 1.000000 5
4998 -1.000000 4
5003 0.000000 5
5006 1.000000 3
5010 1.000000 4
5015 1.000000 5
5020 1.000000 5
5023 1.000000 3
5026 1.000000 3
5031 1.000000 5
5036 0.000000 5
5039 -1.000000 3
5042 -1.000000 3
5047 1.000000 5
5051 1.000000 4
5055 -1.000000 4
5058 -1.000000 3
5062 -1.000000 4
5067 1.000000 5
5070 -1.000000 3
5075 0.000000 5
5079 -1.000000 4
5082 -1.000000 3
5086 -1.000000 4
5091 1.000000 5
5096 0.000000 5
5101 0.000000 5
5105 -1.000000 4
5109 1.000000 4
5113 1.000000 4
5118 1.000000 5
5122 -1.000000 4
5127 1.000000 5
5132 1.000000 5
5137 1.000000 5
5142 0.000000 5
5146 1.000000 4
5151 1.000000 5
5155 1.000000 4
5160 1.000000 5
5164 1.000000 4
5168 1.000000 4
5172 -1.000000 4
5175 -1.000000 3
5179 1.000000 4
5184 1.000000 5
5187 -1.000000 3
5192 1.000000 5
5197 1.000000 5
5201 1.000000 4
5205 1.000000 4
5210 1.000000 5
5214 1.000000 4
5217 -1.000000 3
5221 -1.000000 4
5224 1.000000 3
5228 1.000000 4
5232 -1.000000 4
5236 1.000000 4
5239 1.000000 3
5243 1.000000 4
5248 1.000000 5
5252 1.000000 4
5256 1.000000 4
5259 -1.000000 3
5264 1.000000 5
5269 1.000000 5
5272 1.000000 3
5276 -1.000000 4
5280 -1.000000 4
5283 1.000000 3
5287 1.000000 4
5290 -1.000000 3
5294 1.000000 4
5299 0.000000 5
5304 1.000000 5
5308 -1.000000 4
5312 1.000000 4
5316 1.000000 4
5321 1.000000 5
5325 -1.000000 4
5330 1.000000 5
5334 -1.000000 4
5338 -1.000000 4
5342 1.000000 4
5347 1.000000 5
5351 -1.000000 4
5354 1.000000 3
5359 1.000000 5
5364 0.000000 5
5368 -1.000000 4
5372 -1.000000 4
5376 1.000000 4
5381 1.000000 5
5385 1.000000 4
5389 1.000000 4
5394 1.000000 5
5399 1.000000 5
5403 -1.000000 4
5407 1.000000 4
5410 -1.000000 3
5414 1.000000 4
5419 0.000000 5
5423 1.000000 4
5427 1.000000 4
5432 1.000000 5
5436 1.000000 4
5441 1.000000 5
5445 -1.000000 4
5448 -1.000000 3
5453 0.000000 5
5457 1.000000 4
5462 0.000000 5
5466 -1.000000 4
5470 1.000000 4
5473 1.000000 3
5477 -1.000000 4
5480 -1.000000 3
5485 1.000000 5
5488 1.000000 3
5492 1.000000 4
5496 1.000000 4
5499 1.000000 3
5503 -1.000000 4
5507 1.000000 4
5511 1.000000 4
5515 1.000000 4
5519 1.000000 4
5523 -1.000000 4
5527 1.000000 4
5532 0.000000 5
5536 1.000000 4
5539 -1.000000 3
5543 -1.000000 4
5546 1.000000 3
5551 0.000000 5
5555 -1.000000 4
5560 0.000000 5
5565 1.000000 5
5568 -1.000000 3
5572 1.000000 4
5577 1.000000 5
5582 0.000000 5
5587 1.000000 5
5590 1.000000 3
5594 1.000000 4
5597 -1.000000 3
5601 -1.000000 4
5604 -1.000000 3
5609 1.000000 5
5614 1.000000 5
5619 1.000000 5
5623 -1.000000 4
5627 -1.000000 4
5631 1.000000 4
5634 1.000000 3
5637 1.000000 3
5642 0.000000 5
5646 -1.000000 4
5650 1.000000 4
5654 1.000000 4
5658 1.000000 4
5663 1.000000 5
5668 0.000000 5
5673 1.000000 5
5677 -1.000000 4
5682 1.000000 5
5686 1.000000 4
5689 -1.000000 3
5693 1.000000 4
5698 0.000000 5
5703 0.000000 5
5707 1.000000 4
5711 1.000000 4
5715 1.000000 4
5720 1.000000 5
5724 -1.000000 4
5727 1.000000 3
5732 0.000000 5
5735 1.000000 3
5739 1.000000 4
5742 1.000000 3
5747 1.000000 5
5751 1.000000 4
5754 -1.000000 3
5758 1.000000 4
5762 -1.000000 4
5767 1.000000 5
5771 -1.000000 4
5774 1.000000 3
5778 -1.000000 4
5782 -1.000000 4
5786 -1.000000 4
5791 0.000000 5
5795 1.000000 4
5799 1.000000 4
5802 -1.000000 3
5807 1.000000 5
5811 1.000000 4
5814 -1.000000 3
5819 0.000000 5
5823 1.000000 4
5827 -1.000000 4
5831 1.000000 4
5836 1.000000 5
5840 1.000000 4
5845 1.000000 5
5850 1.000000 5
5854 1.000000 4
5858 -1.000000 4
5863 1.000000 5
5867 -1.000000 4
5871 1.000000 4
5875 -1.000000 4
5879 -1.000000 4
5884 1.000000 5
5888 1.000000 4
5892 1.000000 4
5897 1.000000 5
5901 -1.000000 4
5906 0.000000 5
5911 1.000000 5
5914 -1.000000 3
5918 1.000000 4
5921 1.000000 3
5926 0.000000 5
5931 1.000000 5
5936 0.000000 5
5940 1.000000 4
5944 -1.000000 4
5948 1.000000 4
5952 1.000000 4
5957 0.000000 5
5961 -1.000000 4
5965 1.000000 4
5969 1.000000 4
5973 1.000000 4
5978 1.000000 5
5983 1.000000 5
5986 -1.000000 3
5990 -1.000000 4
5995 1.000000 5
6000 1.000000 5
6005 1.000000 5
6009 -1.000000 4
6013 1.000000 4
6017 1.000000 4
6022 0.000000 5
6026 1.000000 4
6031 0.000000 5
6036 1.000000 5
6041 1.000000 5
6045 -1.000000 4
6049 -1.000000 4
6054 1.000000 5
6058 -1.000000 4
6062 1.000000 4
6065 1.000000 3
6070 0.000000 5
6075 0.000000 5
6080 0.000000 5
6085 1.000000 5
6090 1.000000 5
6094 -1.000000 4
6099 1.000000 5
6103 1.000000 4
6107 1.000000 4
6110 1.000000 3
6115 1.000000 5
6120 1.000000 5
6124 1.000000 4
6128 -1.000000 4
6132 -1.000000 4
6136 1.000000 4
6140 -1.000000 4
6145 1.000000 5
6149 1.000000 4
6153 1.000000 4
6157 -1.000000 4
6160 -1.000000 3
6164 1.000000 4
6167 -1.000000 3
6172 1.000000 5
6177 1.000000 5
6182 1.000000 5
6186 1.000000 4
6191 0.000000 5
6195 -1.000000 4
6200 1.000000 5
6205 1.000000 5
6209 -1.000000 4
6212 1.000000 3
6217 1.000000 5
6220 1.000000 3
6224 -1.000000 4
6228 1.000000 4
6233 0.000000 5
6237 -1.000000 4
6241 1.000000 4
6246 1.000000 5
6250 -1.000000 4
6253 1.000000 3
6258 1.000000 5
6262 1.000000 4
6266 -1.000000 4
6271 0.000000 5
6276 1.000000 5
6279 -1.000000 3
6283 -1.000000 4
6286 1.000000 3
6290 1.000000 4
6294 1.000000 4
6297 -1.000000 3
6302 1.000000 5
6305 1.000000 3
6309 -1.000000 4
6313 -1.000000 4
6318 1.000000 5
6322 1.000000 4
6326 1.000000 4
6331 1.000000 5
6334 -1.000000 3
6339 1.000000 5
6343 -1.000000 4
6348 1.000000 5
6353 0.000000 5
6358 0.000000 5
6361 -1.000000 3
6366 0.000000 5
6370 -1.000000 4
6373 1.000000 3
6376 -1.000000 3
6379 1.000000 3
6384 1.000000 5
6387 -1.000000 3
6392 1.000000 5
6396 -1.000000 4
6401 0.000000 5
6406 1.000000 5
6409 1.000000 3
6414 1.000000 5
6418 1.000000 4
6422 -1.000000 4
6426 1.000000 4
6431 1.000000 5
6434 1.000000 3
6438 -1.000000 4
6442 -1.000000 4
6447 0.000000 5
6451 -1.000000 4
6456 0.000000 5
6461 0.000000 5
6465 1.000000 4
6470 0.000000 5
6474 1.000000 4
6479 1.000000 5
6484 0.000000 5
6488 1.000000 4
6492 1.000000 4
6496 -1.000000 4
6501 1.000000 5
6505 1.000000 4
6510 1.000000 5
6514 1.000000 4
6517 1.000000 3
6520 -1.000000 3
6523 -1.000000 3
6527 -1.000000 4
6532 0.000000 5
6536 1.000000 4
6541 1.000000 5
6544 1.000000 3
6548 -1.000000 4
6552 1.000000 4
6556 1.000000 4
6560 1.000000 4
6565 1.000000 5
6569 -1.000000 4
6573 -1.000000 4
6577 1.000000 4
6580 1.000000 3
6583 -1.000000 3
6588 1.000000 5
6592 1.000000 4
6597 1.000000 5
6602 1.000000 5
6606 1.000000 4
6609 -1.000000 3
6614 0.000000 5
6619 1.000000 5
6623 1.000000 4
6627 1.000000 4
6631 1.000000 4
6636 1.000000 5
6640 1.000000 4
6645 1.000000 5
6650 1.000000 5
6655 0.000000 5
6659 -1.000000 4
6664 1.000000 5
6669 1.000000 5
6673 1.000000 4
6678 0.000000 5
6683 0.000000 5
6688 0.000000 5
6692 1.000000 4
6695 1.000000 3
6698 1.000000 3
6702 -1.000000 4
6706 -1.000000 4
6710 -1.000000 4
6715 1.000000 5
6719 -1.000000 4
6724 1.000000 5
6728 -1.000000 4
6733 1.000000 5
6738 1.000000 5
6742 1.000000 4
6747 0.000000 5
6752 1.000000 5
6755 -1.000000 3
6759 1.000000 4
6763 1.000000 4
6767 1.000000 4
6771 1.000000 4
6776 1.000000 5
6780 1.000000 4
6784 1.000000 4
6789 0.000000 5
6793 1.000000 4
6796 1.000000 3
6801 1.000000 5
6805 -1.000000 4
6810 1.000000 5
6814 1.000000 4
6819 1.000000 5
6823 1.000000 4
6827 1.000000 4
6831 1.000000 4
6834 1.000000 3
6838 -1.000000 4
6841 -1.000000 3
6845 -1.000000 4
6848 1.000000 3
6851 -1.000000 3
6856 1.000000 5
6861 1.000000 5
6865 1.000000 4
6870 1.000000 5
6875 1.000000 5
6880 0.000000 5
6883 -1.000000 3
6888 1.000000 5
6893 0.000000 5
6898 1.000000 5
6902 1.000000 4
6906 1.000000 4
6909 -1.000000 3
6913 1.000000 4
6918 1.000000 5
6921 -1.000000 3
6926 1.000000 5
6929 -1.000000 3
6933 1.000000 4
6938 1.000000 5
6942 -1.000000 4
6946 -1.000000 4
6951 1.000000 5
6956 0.000000 5
6961 1.000000 5
6965 1.000000 4
6970 1.000000 5
6974 1.000000 4
6978 -1.000000 4
6982 1.000000 4
6986 -1.000000 4
6989 1.000000 3
6992 -1.000000 3
6996 1.000000 4
7000 -1.000000 4
7004 1.000000 4
7008 -1.000000 4
7012 -1.000000 4
7016 -1.000000 4
7021 1.000000 5
7024 -1.000000 3
7029 1.000000 5
7034 1.000000 5
7038 -1.000000 4
7043 1.000000 5
7048 0.000000 5
7052 -1.000000 4
7057 0.000000 5
7062 1.000000 5
7066 -1.000000 4
7070 1.000000 4
7075 1.000000 5
7079 1.000000 4
7082 -1.000000 3
7085 1.000000 3
7090 1.000000 5
7093 1.000000 3
7096 -1.000000 3
7100 1.000000 4
7104 -1.000000 4
7107 -1.000000 3
7110 1.000000 3
7114 -1.000000 4
7119 0.000000 5
7123 1.000000 4
7127 -1.000000 4
7131 1.000000 4
7135 1.000000 4
7140 1.000000 5
7144 1.000000 4
7149 1.000000 5
7153 -1.000000 4
7157 -1.000000 4
7162 1.000000 5
7167 0.000000 5
7171 1.000000 4
7176 1.000000 5
7180 1.000000 4
7183 -1.000000 3
7188 0.000000 5
7193 1.000000 5
7197 -1.000000 4
7201 1.000000 4
7206 1.000000 5
7210 -1.000000 4
7213 -1.000000 3
7217 1.000000 4
7220 1.000000 3
7224 1.000000 4
7228 -1.000000 4
7232 -1.000000 4
7235 1.000000 3
7240 1.000000 5
7243 1.000000 3
7247 1.000000 4
7251 1.000000 4
7255 -1.000000 4
7260 1.000000 5
7264 1.000000 4
7268 1.000000 4
7271 1.000000 3
7274 -1.000000 3
7279 0.000000 5
7283 1.000000 4
7287 -1.000000 4
7292 0.000000 5
7297 0.000000 5
7300 -1.000000 3
7305 1.000000 5
7310 1.000000 5
7315 1.000000 5
7318 -1.000000 3
7321 -1.000000 3
7326 0.000000 5
7331 1.000000 5
7335 1.000000 4
7338 1.000000 3
7341 1.000000 3
7344 -1.000000 3
7348 -1.000000 4
7352 -1.000000 4
7356 1.000000 4
7359 1.000000 3
7364 0.000000 5
7367 -1.000000 3
7370 -1.000000 3
7374 1.000000 4
7379 0.000000 5
7383 1.000000 4
7387 1.000000 4
7391 1.000000 4
7395 -1.000000 4
7400 0.000000 5
7404 1.000000 4
7408 1.000000 4
7413 1.000000 5
7416 1.000000 3
7420 -1.000000 4
7425 1.000000 5
7430 1.000000 5
7435 0.000000 5
7439 1.000000 4
7443 1.000000 4
7448 0.000000 5
7451 1.000000 3
7455 1.000000 4
7459 1.000000 4
7463 -1.000000 4
7466 -1.000000 3
7470 1.000000 4
7474 1.000000 4
7478 -1.000000 4
7482 -1.000000 4
7486 1.000000 4
7490 1.000000 4
7494 -1.000000 4
7499 1.000000 5
7503 1.000000 4
7507 -1.000000 4
7511 1.000000 4
7516 1.000000 5
7521 1.000000 5
7525 -1.000000 4
7530 1.000000 5
7535 1.000000 5
7539 1.000000 4
7543 1.000000 4
7548 1.000000 5
7553 0.000000 5
7558 0.000000 5
7562 1.000000 4
7567 1.000000 5
7572 1.000000 5
7576 1.000000 4
7581 0.000000 5
7586 0.000000 5
7590 1.000000 4
7594 -1.000000 4
7597 -1.000000 3
7602 0.000000 5
7605 1.000000 3
7609 1.000000 4
7614 0.000000 5
7618 1.000000 4
7622 -1.000000 4
7626 -1.000000 4
7630 -1.000000 4
7633 -1.000000 3
7637 -1.000000 4
7642 0.000000 5
7646 1.000000 4
7650 1.000000 4
7654 -1.000000 4
7658 -1.000000 4
7662 1.000000 4
7666 1.000000 4
7671 0.000000 5
7675 1.000000 4
7679 -1.000000 4
7683 -1.000000 4
7687 -1.000000 4
7692 1.000000 5
7697 1.000000 5
7702 1.000000 5
7706 -1.000000 4
7709 -1.000000 3
7713 1.000000 4
7718 1.000000 5
7723 0.000000 5
7728 1.000000 5
7733 0.000000 5
7737 -1.000000 4
7740 1.000000 3
7743 1.000000 3
7748 1.000000 5
7751 1.000000 3
7756 1.000000 5
7761 1.000000 5
7765 1.000000 4
7769 1.000000 4
7773 -1.000000 4
7778 0.000000 5
7781 -1.000000 3
7786 1.000000 5
7791 0.000000 5
7794 1.000000 3
7798 -1.000000 4
7802 1.000000 4
7806 -1.000000 4
7810 1.000000 4
7813 -1.000000 3
7816 1.000000 3
7820 1.000000 4
7824 1.000000 4
7828 -1.000000 4
7831 1.000000 3
7836 1.000000 5
7841 1.000000 5
7846 1.000000 5
7850 1.000000 4
7854 1.000000 4
7857 -1.000000 3
7862 0.000000 5
7865 -1.000000 3
7870 1.000000 5
7873 1.000000 3
7877 -1.000000 4
7881 -1.000000 4
7885 -1.000000 4
7890 0.000000 5
7893 1.000000 3
7896 1.000000 3
7900 1.000000 4
7905 1.000000 5
7909 1.000000 4
7913 -1.000000 4
7917 1.000000 4
7921 1.000000 4
7925 1.000000 4
7928 -1.000000 3
7932 1.000000 4
7935 1.000000 3
7938 -1.000000 3
7943 1.000000 5
7947 -1.000000 4
7952 1.000000 5
7955 1.000000 3
7960 1.000000 5
7964 1.000000 4
7967 -1.000000 3
7972 1.000000 5
7976 1.000000 4
7981 0.000000 5
7986 0.000000 5
7991 1.000000 5
7995 1.000000 4
7999 1.000000 4
8004 1.000000 5
8009 0.000000 5
8013 1.000000 4
8018 1.000000 5
8022 1.000000 4
8026 -1.000000 4
8031 1.000000 5
8035 -1.000000 4
8039 1.000000 4
8043 1.000000 4
8047 -1.000000 4
8051 1.000000 4
8056 1.000000 5
8060 1.000000 4
8064 1.000000 4
8067 1.000000 3
8071 1.000000 4
8075 -1.000000 4
8079 -1.000000 4
8084 1.000000 5
8087 1.000000 3
8091 1.000000 4
8096 1.000000 5
8100 -1.000000 4
8104 -1.000000 4
8107 -1.000000 3
8112 0.000000 5
8116 -1.000000 4
8120 -1.000000 4
8125 1.000000 5
8130 0.000000 5
8134 -1.000000 4
8139 1.000000 5
8144 1.000000 5
8149 1.000000 5
8154 1.000000 5
8157 -1.000000 3
8160 1.000000 3
8165 0.000000 5
8170 1.000000 5
8175 1.000000 5
8179 1.000000 4
8183 1.000000 4
8186 1.000000 3
8190 1.000000 4
8194 -1.000000 4
8198 -1.000000 4
8202 1.000000 4
8206 1.000000 4
8210 -1.000000 4
8215 0.000000 5
8220 1.000000 5
8225 1.000000 5
8228 1.000000 3
8232 1.000000 4
8236 -1.000000 4
8240 1.000000 4
8245 1.000000 5
8249 1.000000 4
8254 1.000000 5
8259 1.000000 5
8263 1.000000 4
8266 1.000000 3
8270 1.000000 4
8274 -1.000000 4
8278 -1.000000 4
8282 1.000000 4
8286 -1.000000 4
8290 -1.000000 4
8294 1.000000 4
8299 0.000000 5
8303 1.000000 4
8307 -1.000000 4
8312 1.000000 5
8316 1.000000 4
8320 -1.000000 4
8323 -1.000000 3
8328 0.000000 5
8332 1.000000 4
8336 1.000000 4
8340 -1.000000 4
8345 1.000000 5
8348 -1.000000 3
8353 1.000000 5
8357 1.000000 4
8361 -1.000000 4
8365 -1.000000 4
8370 0.000000 5
8373 1.000000 3
8377 -1.000000 4
8381 1.000000 4
8385 1.000000 4
8389 1.000000 4
8394 1.000000 5
8398 -1.000000 4
8403 0.000000 5
8408 1.000000 5
8413 1.000000 5
8417 -1.000000 4
8421 1.000000 4
8426 1.000000 5
8429 1.000000 3
8434 1.000000 5
8438 1.000000 4
8441 1.000000 3
8445 -1.000000 4
8450 1.000000 5
8455 0.000000 5
8458 1.000000 3
8463 1.000000 5
8466 -1.000000 3
8470 1.000000 4
8474 1.000000 4
8479 1.000000 5
8483 1.000000 4
8487 1.000000 4
8491 1.000000 4
8496 1.000000 5
8500 -1.000000 4
8505 1.000000 5
8510 1.000000 5
8514 1.000000 4
8519 1.000000 5
8524 1.000000 5
8528 -1.000000 4
8531 -1.000000 3
8535 -1.000000 4
8539 1.000000 4
8544 1.000000 5
8548 1.000000 4
8552 1.000000 4
8556 -1.000000 4
8560 -1.000000 4
8564 -1.000000 4
8568 1.000000 4
8571 1.000000 3
8575 -1.000000 4
8580 0.000000 5
8585 0.000000 5
8588 -1.000000 3
8591 1.000000 3
8595 -1.000000 4
8598 -1.000000 3
8603 1.000000 5
8606 -1.000000 3
8611 1.000000 5
8616 1.000000 5
8620 -1.000000 4
8625 1.000000 5
8630 1.000000 5
8634 1.000000 4
8639 0.000000 5
8643 1.000000 4
8647 -1.000000 4
8651 1.000000 4
8655 1.000000 4
8659 1.000000 4
8662 1.000000 3
8666 -1.000000 4
8670 -1.000000 4
8674 1.000000 4
8677 -1.000000 3
8681 -1.000000 4
8685 -1.000000 4
8689 -1.000000 4
8693 -1.000000 4
8698 1.000000 5
8701 -1.000000 3
8706 1.000000 5
8711 1.000000 5
8715 1.000000 4
8719 1.000000 4
8723 1.000000 4
8726 -1.000000 3
8731 1.000000 5
8735 -1.000000 4
8739 -1.000000 4
8742 -1.000000 3
8746 -1.000000 4
8750 -1.000000 4
8754 1.000000 4
8759 1.000000 5
8763 1.000000 4
8767 1.000000 4
8771 -1.000000 4
8774 1.000000 3
8777 1.000000 3
8780 1.000000 3
8784 1.000000 4
8789 1.000000 5
8794 1.000000 5
8799 1.000000 5
8804 0.000000 5
8808 1.000000 4
8813 1.000000 5
8816 1.000000 3
8821 1.000000 5
8825 -1.000000 4
8830 1.000000 5
8834 -1.000000 4
8839 0.000000 5
8843 1.000000 4
8847 -1.000000 4
8852 1.000000 5
8856 1.000000 4
8860 1.000000 4
8864 -1.000000 4
8869 0.000000 5
8872 1.000000 3
8876 -1.000000 4
8881 1.000000 5
8886 1.000000 5
8889 -1.000000 3
8894 0.000000 5
8898 1.000000 4
8901 -1.000000 3
8906 1.000000 5
8909 -1.000000 3
8912 1.000000 3
8915 1.000000 3
8919 1.000000 4
8924 1.000000 5
8928 -1.000000 4
8932 1.000000 4
8936 -1.000000 4
8940 1.000000 4
8945 1.000000 5
8949 1.000000 4
8953 -1.000000 4
8956 -1.000000 3
8960 1.000000 4
8965 0.000000 5
8970 1.000000 5
8974 -1.000000 4
8979 0.000000 5
8984 1.000000 5
8988 1.000000 4
8992 -1.000000 4
8996 -1.000000 4
9000 1.000000 4
9003 -1.000000 3
9007 1.000000 4
9012 0.000000 5
9016 1.000000 4
9020 -1.000000 4
9025 1.000000 5
9029 1.000000 4
9033 -1.000000 4
9037 1.000000 4
9040 -1.000000 3
9044 1.000000 4
9048 -1.000000 4
9053 0.000000 5
9058 0.000000 5
9061 1.000000 3
9065 1.000000 4
9069 -1.000000 4
9073 1.000000 4
9077 1.000000 4
9082 0.000000 5
9085 -1.000000 3
9089 -1.000000 4
9092 1.000000 3
9097 1.000000 5
9101 1.000000 4
9105 1.000000 4
9109 1.000000 4
9112 1.000000 3
9117 1.000000 5
9121 -1.000000 4
9125 1.000000 4
9130 1.000000 5
9135 1.000000 5
9139 -1.000000 4
9144 0.000000 5
9148 -1.000000 4
9153 1.000000 5
9158 0.000000 5
9163 1.000000 5
9168 1.000000 5
9173 1.000000 5
9176 -1.000000 3
9181 0.000000 5
9186 1.000000 5
9190 1.000000 4
9195 1.000000 5
9200 0.000000 5
9205 1.000000 5
9209 1.000000 4
9213 -1.000000 4
9217 -1.000000 4
9222 1.000000 5
9226 1.000000 4
9231 1.000000 5
9235 1.000000 4
9240 1.000000 5
9245 0.000000 5
9250 1.000000 5
9255 1.000000 5
9259 -1.000000 4
9262 -1.000000 3
9266 -1.000000 4
9271 1.000000 5
9275 1.000000 4
9280 1.000000 5
9284 -1.000000 4
9289 1.000000 5
9294 0.000000 5
9299 0.000000 5
9303 1.000000 4
9307 -1.000000 4
9311 1.000000 4
9315 -1.000000 4
9320 1.000000 5
9324 -1.000000 4
9328 1.000000 4
9333 1.000000 5
9338 1.000000 5
9343 1.000000 5
9346 1.000000 3
9349 -1.000000 3
9353 1.000000 4
9358 1.000000 5
9361 -1.000000 3
9366 1.000000 5
9371 1.000000 5
9374 -1.000000 3
9378 1.000000 4
9383 1.000000 5
9387 1.000000 4
9391 1.000000 4
9396 0.000000 5
9401 0.000000 5
9405 1.000000 4
9410 1.000000 5
9413 -1.000000 3
9417 1.000000 4
9421 1.000000 4
9425 -1.000000 4
9428 1.000000 3
9433 1.000000 5
9438 1.000000 5
9442 -1.000000 4
9447 1.000000 5
9451 -1.000000 4
9456 1.000000 5
9460 -1.000000 4
9465 1.000000 5
9469 1.000000 4
9474 1.000000 5
9478 1.000000 4
9482 -1.000000 4
9486 1.000000 4
9491 1.000000 5
9495 1.000000 4
9499 -1.000000 4
9503 -1.000000 4
9506 -1.000000 3
9511 1.000000 5
9515 -1.000000 4
9520 1.000000 5
9525 0.000000 5
9529 1.000000 4
9533 1.000000 4
9537 1.000000 4
9542 1.000000 5
9546 1.000000 4
9550 -1.000000 4
9555 0.000000 5
9560 1.000000 5
9563 1.000000 3
9567 1.000000 4
9572 0.000000 5
9575 1.000000 3
9579 1.000000 4
9583 1.000000 4
9588 1.000000 5
9592 1.000000 4
9597 0.000000 5
9601 -1.000000 4
9604 1.000000 3
9609 1.000000 5
9613 1.000000 4
9616 1.000000 3
9619 -1.000000 3
9622 -1.000000 3
9627 1.000000 5
9631 -1.000000 4
9636 0.000000 5
9640 1.000000 4
9643 1.000000 3
9647 1.000000 4
9651 1.000000 4
9654 1.000000 3
9657 1.000000 3
9660 -1.000000 3
9664 1.000000 4
9669 1.000000 5
9673 1.000000 4
9678 0.000000 5
9681 -1.000000 3
9686 1.000000 5
9691 0.000000 5
9695 -1.000000 4
9700 0.000000 5
9704 -1.000000 4
9707 1.000000 3
9711 -1.000000 4
9715 -1.000000 4
9719 -1.000000 4
9723 1.000000 4
9727 1.000000 4
9731 -1.000000 4
9736 1.000000 5
9741 1.000000 5
9744 1.000000 3
9748 1.000000 4
9752 -1.000000 4
9757 1.000000 5
9762 1.000000 5
9767 0.000000 5
9771 1.000000 4
9775 1.000000 4
9778 -1.000000 3
9781 -1.000000 3
9786 1.000000 5
9789 -1.000000 3
9792 -1.000000 3
9796 -1.000000 4
9801 1.000000 5
9806 1.000000 5
9809 1.000000 3
9813 1.000000 4
9817 -1.000000 4
9821 1.000000 4
9824 -1.000000 3
9828 1.000000 4
9832 1.000000 4
9835 1.000000 3
9840 0.000000 5
9843 1.000000 3
9847 -1.000000 4
9850 1.000000 3
9855 1.000000 5
9859 1.000000 4
9863 1.000000 4
9867 1.000000 4
9871 -1.000000 4
9875 1.000000 4
9879 1.000000 4
9883 1.000000 4
9887 -1.000000 4
9892 1.000000 5
9896 1.000000 4
9901 1.000000 5
9906 0.000000 5
9911 1.000000 5
9916 1.000000 5
9921 1.000000 5
9924 -1.000000 3
9928 -1.000000 4
9932 -1.000000 4
9935 1.000000 3
9938 1.000000 3
9943 0.000000 5
9947 1.000000 4
9952 1.000000 5
9957 1.000000 5
9962 1.000000 5
9966 1.000000 4
9971 1.000000 5
9976 0.000000 5
9980 -1.000000 4
9983 1.000000 3
9986 1.000000 3
9990 1.000000 4
9993 1.000000 3
9997 -1.000000 4
10000 -1.000000 3
