5 1.000000 5
9 -1.000000 4
12 1.000000 3
15 1.000000 3
19 1.000000 4
24 0.000000 5
27 -1.000000 3
31 -1.000000 4
36 1.000000 5
39 -1.000000 3
43 -1.000000 4
48 1.000000 5
51 -1.000000 3
56 1.000000 5
61 1.000000 5
66 0.000000 5
69 1.000000 3
74 0.000000 5
79 1.000000 5
84 1.000000 5
87 1.000000 3
91 1.000000 4
96 1.000000 5
99 -1.000000 3
103 1.000000 4
107 -1.000000 4
111 -1.000000 4
116 1.000000 5
120 1.000000 4
124 -1.000000 4
128 1.000000 4
132 1.000000 4
136 -1.000000 4
140 -1.000000 4
144 1.000000 4
149 0.000000 5
154 0.000000 5
159 1.000000 5
163 1.000000 4
167 -1.000000 4
172 1.000000 5
177 1.000000 5
180 1.000000 3
185 1.000000 5
188 -1.000000 3
191 -1.000000 3
196 1.000000 5
200 1.000000 4
204 -1.000000 4
209 1.000000 5
213 -1.000000 4
218 1.000000 5
221 -1.000000 3
224 -1.000000 3
228 1.000000 4
231 1.000000 3
235 -1.000000 4
239 -1.000000 4
244 1.000000 5
247 -1.000000 3
252 1.000000 5
255 1.000000 3
258 -1.000000 3
263 1.000000 5
267 1.000000 4
271 1.000000 4
275 -1.000000 4
279 -1.000000 4
284 1.000000 5
287 1.000000 3
290 -1.000000 3
293 -1.000000 3
298 0.000000 5
301 -1.000000 3
305 1.000000 4
309 1.000000 4
314 0.000000 5
317 1.000000 3
321 1.000000 4
326 0.000000 5
330 1.000000 4
334 1.000000 4
338 -1.000000 4
342 1.000000 4
346 -1.000000 4
349 -1.000000 3
352 1.000000 3
357 1.000000 5
360 -1.000000 3
365 0.000000 5
370 1.000000 5
374 1.000000 4
377 -1.000000 3
381 -1.000000 4
385 1.000000 4
389 1.000000 4
393 1.000000 4
397 1.000000 4
402 1.000000 5
407 1.000000 5
411 1.000000 4
414 -1.000000 3
418 1.000000 4
422 -1.000000 4
425 -1.000000 3
429 1.000000 4
434 1.000000 5
437 1.000000 3
441 1.000000 4
446 1.000000 5
451 1.000000 5
455 -1.000000 4
459 1.000000 4
463 1.000000 4
467 -1.000000 4
472 1.000000 5
475 1.000000 3
480 1.000000 5
484 -1.000000 4
489 1.000000 5
493 -1.000000 4
497 1.000000 4
501 1.000000 4
505 -1.000000 4
509 -1.000000 4
513 1.000000 4
517 1.000000 4
521 -1.000000 4
524 -1.000000 3
529 0.000000 5
533 1.000000 4
537 -1.000000 4
542 1.000000 5
547 1.000000 5
551 1.000000 4
556 0.000000 5
560 1.000000 4
565 0.000000 5
569 1.000000 4
573 -1.000000 4
578 1.000000 5
582 1.000000 4
587 0.000000 5
592 1.000000 5
596 -1.000000 4
600 1.000000 4
604 1.000000 4
609 1.000000 5
612 1.000000 3
616 1.000000 4
621 1.000000 5
624 -1.000000 3
629 1.000000 5
634 1.000000 5
639 1.000000 5
643 1.000000 4
648 0.000000 5
653 1.000000 5
657 1.000000 4
662 0.000000 5
666 1.000000 4
670 1.000000 4
674 -1.000000 4
679 1.000000 5
683 -1.000000 4
687 -1.000000 4
692 1.000000 5
697 1.000000 5
701 1.000000 4
705 1.000000 4
709 -1.000000 4
714 0.000000 5
719 1.000000 5
724 0.000000 5
729 1.000000 5
734 1.000000 5
738 1.000000 4
742 1.000000 4
747 0.000000 5
750 -1.000000 3
753 1.000000 3
757 1.000000 4
762 1.000000 5
767 1.000000 5
771 -1.000000 4
776 1.000000 5
780 1.000000 4
785 1.000000 5
789 -1.000000 4
792 1.000000 3
797 1.000000 5
800 1.000000 3
804 1.000000 4
809 1.000000 5
813 1.000000 4
817 -1.000000 4
820 -1.000000 3
823 1.000000 3
827 1.000000 4
832 1.000000 5
837 1.000000 5
841 -1.000000 4
845 -1.000000 4
849 -1.000000 4
853 1.000000 4
858 0.000000 5
862 1.000000 4
867 1.000000 5
870 -1.000000 3
875 0.000000 5
880 1.000000 5
884 -1.000000 4
888 -1.000000 4
892 1.000000 4
897 0.000000 5
901 1.000000 4
904 1.000000 3
909 0.000000 5
914 0.000000 5
918 -1.000000 4
922 1.000000 4
927 1.000000 5
931 -1.000000 4
936 0.000000 5
940 -1.000000 4
945 0.000000 5
950 1.000000 5
953 -1.000000 3
958 1.000000 5
963 1.000000 5
967 -1.000000 4
971 -1.000000 4
975 1.000000 4
979 -1.000000 4
984 1.000000 5
988 1.000000 4
993 1.000000 5
998 1.000000 5
1001 -1.000000 3
1005 -1.000000 4
1010 1.000000 5
1014 -1.000000 4
1017 1.000000 3
1021 -1.000000 4
1025 1.000000 4
1028 1.000000 3
1033 1.000000 5
1037 -1.000000 4
1042 1.000000 5
1045 1.000000 3
1049 -1.000000 4
1053 1.000000 4
1058 1.000000 5
1063 1.000000 5
1066 -1.000000 3
1070 1.000000 4
1073 -1.000000 3
1077 1.000000 4
1080 1.000000 3
1085 1.000000 5
1088 1.000000 3
1093 1.000000 5
1098 1.000000 5
1101 -1.000000 3
1105 1.000000 4
1109 1.000000 4
1114 1.000000 5
1117 -1.000000 3
1121 -1.000000 4
1125 1.000000 4
1129 1.000000 4
1134 1.000000 5
1139 0.000000 5
1142 -1.000000 3
1147 1.000000 5
1150 -1.000000 3
1154 -1.000000 4
1157 -1.000000 3
1160 1.000000 3
1164 -1.000000 4
1168 -1.000000 4
1172 1.000000 4
1176 -1.000000 4
1180 -1.000000 4
1184 1.000000 4
1188 1.000000 4
1191 1.000000 3
1196 1.000000 5
1200 -1.000000 4
1205 0.000000 5
1209 1.000000 4
1213 1.000000 4
1218 1.000000 5
1223 1.000000 5
1226 -1.000000 3
1230 1.000000 4
1234 1.000000 4
1239 1.000000 5
1242 -1.000000 3
1246 -1.000000 4
1251 1.000000 5
1256 0.000000 5
1260 1.000000 4
1264 1.000000 4
1268 -1.000000 4
1272 -1.000000 4
1277 0.000000 5
1281 1.000000 4
1286 1.000000 5
1290 1.000000 4
1294 -1.000000 4
1299 1.000000 5
1304 0.000000 5
1308 1.000000 4
1313 0.000000 5
1317 1.000000 4
1322 0.000000 5
1326 -1.000000 4
1331 1.000000 5
1335 1.000000 4
1340 0.000000 5
1344 1.000000 4
1349 1.000000 5
1352 1.000000 3
1356 1.000000 4
1360 1.000000 4
1365 1.000000 5
1369 -1.000000 4
1373 1.000000 4
1377 1.000000 4
1382 1.000000 5
1386 1.000000 4
1389 1.000000 3
1393 1.000000 4
1398 1.000000 5
1401 1.000000 3
1406 1.000000 5
1410 1.000000 4
1413 1.000000 3
1417 -1.000000 4
1422 0.000000 5
1427 1.000000 5
1432 1.000000 5
1436 -1.000000 4
1440 -1.000000 4
1444 1.000000 4
1447 1.000000 3
1451 1.000000 4
1456 1.000000 5
1461 0.000000 5
1465 1.000000 4
1469 -1.000000 4
1473 1.000000 4
1477 -1.000000 4
1481 -1.000000 4
1484 -1.000000 3
1488 -1.000000 4
1491 -1.000000 3
1495 1.000000 4
1499 1.000000 4
1503 1.000000 4
1507 1.000000 4
1512 1.000000 5
1515 -1.000000 3
1518 1.000000 3
1523 1.000000 5
1527 1.000000 4
1531 1.000000 4
1535 1.000000 4
1539 -1.000000 4
1543 1.000000 4
1547 -1.000000 4
1551 -1.000000 4
1555 1.000000 4
1560 0.000000 5
1564 1.000000 4
1568 1.000000 4
1572 -1.000000 4
1576 1.000000 4
1580 -1.000000 4
1583 -1.000000 3
1587 1.000000 4
1591 -1.000000 4
1596 1.000000 5
1600 -1.000000 4
1605 1.000000 5
1609 -1.000000 4
1613 -1.000000 4
1618 1.000000 5
1623 1.000000 5
1626 -1.000000 3
1630 1.000000 4
1634 -1.000000 4
1639 1.000000 5
1643 -1.000000 4
1648 1.000000 5
1653 1.000000 5
1657 1.000000 4
1661 1.000000 4
1666 0.000000 5
1670 1.000000 4
1675 0.000000 5
1679 1.000000 4
1684 0.000000 5
1687 -1.000000 3
1692 1.000000 5
1695 1.000000 3
1699 1.000000 4
1704 1.000000 5
1709 1.000000 5
1713 1.000000 4
1717 -1.000000 4
1722 1.000000 5
1726 1.000000 4
1731 1.000000 5
1735 1.000000 4
1738 1.000000 3
1742 -1.000000 4
1746 -1.000000 4
1751 1.000000 5
1754 -1.000000 3
1758 -1.000000 4
1762 -1.000000 4
1767 1.000000 5
1771 1.000000 4
1775 1.000000 4
1779 1.000000 4
1783 1.000000 4
1787 -1.000000 4
1790 -1.000000 3
1794 -1.000000 4
1798 1.000000 4
1803 1.000000 5
1807 1.000000 4
1811 1.000000 4
1816 1.000000 5
1821 0.000000 5
1825 1.000000 4
1830 0.000000 5
1834 1.000000 4
1837 1.000000 3
1842 1.000000 5
1846 -1.000000 4
1851 1.000000 5
1854 -1.000000 3
1857 -1.000000 3
1861 -1.000000 4
1865 -1.000000 4
1870 1.000000 5
1875 0.000000 5
1880 1.000000 5
1885 1.000000 5
1889 -1.000000 4
1893 -1.000000 4
1896 1.000000 3
1900 1.000000 4
1904 1.000000 4
1908 -1.000000 4
1913 1.000000 5
1918 0.000000 5
1923 0.000000 5
1926 1.000000 3
1929 -1.000000 3
1933 1.000000 4
1936 -1.000000 3
1939 -1.000000 3
1944 1.000000 5
1949 1.000000 5
1953 -1.000000 4
1956 1.000000 3
1961 0.000000 5
1965 1.000000 4
1970 1.000000 5
1973 -1.000000 3
1978 1.000000 5
1983 1.000000 5
1987 1.000000 4
1992 1.000000 5
1996 -1.000000 4
2000 -1.000000 4
2005 1.000000 5
2009 -1.000000 4
2014 1.000000 5
2017 1.000000 3
2020 -1.000000 3
2025 0.000000 5
2028 1.000000 3
2032 1.000000 4
2036 1.000000 4
2040 1.000000 4
2044 1.000000 4
2049 0.000000 5
2053 1.000000 4
2058 0.000000 5
2061 1.000000 3
2066 1.000000 5
2070 -1.000000 4
2073 1.000000 3
2076 -1.000000 3
2079 1.000000 3
2084 1.000000 5
2088 -1.000000 4
2092 1.000000 4
2096 1.000000 4
2100 1.000000 4
2104 -1.000000 4
2108 -1.000000 4
2112 1.000000 4
2116 -1.000000 4
2121 1.000000 5
2125 1.000000 4
2128 1.000000 3
2132 -1.000000 4
2137 1.000000 5
2142 0.000000 5
2145 -1.000000 3
2150 0.000000 5
2155 1.000000 5
2159 1.000000 4
2164 1.000000 5
2169 1.000000 5
2173 -1.000000 4
2176 1.000000 3
2180 1.000000 4
2185 1.000000 5
2188 -1.000000 3
2192 -1.000000 4
2197 0.000000 5
2202 1.000000 5
2207 1.000000 5
2210 -1.000000 3
2214 1.000000 4
2219 1.000000 5
2222 -1.000000 3
2227 0.000000 5
2231 1.000000 4
2236 1.000000 5
2241 0.000000 5
2246 1.000000 5
2251 1.000000 5
2254 1.000000 3
2257 -1.000000 3
2262 1.000000 5
2267 1.000000 5
2272 1.000000 5
2275 -1.000000 3
2279 -1.000000 4
2284 0.000000 5
2288 -1.000000 4
2292 -1.000000 4
2297 1.000000 5
2302 1.000000 5
2305 -1.000000 3
2308 -1.000000 3
2312 -1.000000 4
2315 -1.000000 3
2320 0.000000 5
2323 -1.000000 3
2327 1.000000 4
2332 1.000000 5
2337 1.000000 5
2341 -1.000000 4
2346 0.000000 5
2350 -1.000000 4
2355 0.000000 5
2359 1.000000 4
2362 1.000000 3
2365 1.000000 3
2369 -1.000000 4
2373 -1.000000 4
2377 -1.000000 4
2382 1.000000 5
2386 1.000000 4
2391 1.000000 5
2396 0.000000 5
2400 -1.000000 4
2404 1.000000 4
2409 0.000000 5
2413 1.000000 4
2416 -1.000000 3
2420 -1.000000 4
2423 -1.000000 3
2428 1.000000 5
2433 1.000000 5
2437 -1.000000 4
2441 1.000000 4
2445 -1.000000 4
2449 -1.000000 4
2453 1.000000 4
2457 1.000000 4
2462 0.000000 5
2467 1.000000 5
2470 1.000000 3
2475 1.000000 5
2480 1.000000 5
2485 0.000000 5
2488 -1.000000 3
2493 0.000000 5
2497 1.000000 4
2501 -1.000000 4
2505 1.000000 4
2509 -1.000000 4
2514 1.000000 5
2519 1.000000 5
2523 -1.000000 4
2528 1.000000 5
2532 1.000000 4
2537 0.000000 5
2541 -1.000000 4
2545 -1.000000 4
2549 -1.000000 4
2554 1.000000 5
2558 1.000000 4
2562 1.000000 4
2565 1.000000 3
2569 -1.000000 4
2573 -1.000000 4
2576 -1.000000 3
2581 1.000000 5
2586 1.000000 5
2590 -1.000000 4
2595 1.000000 5
2599 -1.000000 4
2603 -1.000000 4
2608 1.000000 5
2613 1.000000 5
2618 0.000000 5
2622 1.000000 4
2626 -1.000000 4
2629 1.000000 3
2632 -1.000000 3
2635 -1.000000 3
2639 -1.000000 4
2642 -1.000000 3
2646 1.000000 4
2649 -1.000000 3
2652 -1.000000 3
2656 1.000000 4
2660 -1.000000 4
2665 1.000000 5
2670 1.000000 5
2674 1.000000 4
2678 1.000000 4
2682 1.000000 4
2687 0.000000 5
2692 1.000000 5
2697 0.000000 5
2701 -1.000000 4
2705 1.000000 4
2708 -1.000000 3
2711 1.000000 3
2715 -1.000000 4
2720 0.000000 5
2723 1.000000 3
2728 0.000000 5
2733 0.000000 5
2737 1.000000 4
2742 1.000000 5
2746 -1.000000 4
2750 1.000000 4
2755 0.000000 5
2759 1.000000 4
2764 1.000000 5
2768 1.000000 4
2772 1.000000 4
2777 1.000000 5
2782 1.000000 5
2786 1.000000 4
2789 1.000000 3
2793 -1.000000 4
2797 1.000000 4
2800 -1.000000 3
2805 0.000000 5
2808 -1.000000 3
2811 -1.000000 3
2815 -1.000000 4
2819 -1.000000 4
2822 -1.000000 3
2826 -1.000000 4
2830 -1.000000 4
2835 1.000000 5
2839 -1.000000 4
2842 1.000000 3
2845 -1.000000 3
2848 -1.000000 3
2852 -1.000000 4
2856 -1.000000 4
2860 1.000000 4
2864 1.000000 4
2868 1.000000 4
2872 1.000000 4
2876 1.000000 4
2880 -1.000000 4
2884 1.000000 4
2888 1.000000 4
2892 -1.000000 4
2895 -1.000000 3
2898 -1.000000 3
2901 1.000000 3
2904 -1.000000 3
2909 1.000000 5
2913 1.000000 4
2917 -1.000000 4
2921 -1.000000 4
2926 0.000000 5
2931 1.000000 5
2935 1.000000 4
2940 1.000000 5
2944 1.000000 4
2948 -1.000000 4
2952 -1.000000 4
2956 -1.000000 4
2960 1.000000 4
2965 0.000000 5
2969 1.000000 4
2974 1.000000 5
2979 0.000000 5
2982 -1.000000 3
2985 -1.000000 3
2990 1.000000 5
2994 1.000000 4
2999 1.000000 5
3003 1.000000 4
3007 1.000000 4
3012 0.000000 5
3017 1.000000 5
3021 1.000000 4
3025 1.000000 4
3030 1.000000 5
3034 -1.000000 4
3038 1.000000 4
3043 0.000000 5
3047 1.000000 4
3052 1.000000 5
3055 1.000000 3
3059 -1.000000 4
3062 -1.000000 3
3066 1.000000 4
3071 1.000000 5
3074 1.000000 3
3078 -1.000000 4
3083 0.000000 5
3087 -1.000000 4
3090 1.000000 3
3094 1.000000 4
3097 -1.000000 3
3100 1.000000 3
3105 0.000000 5
3109 1.000000 4
3112 1.000000 3
3116 1.000000 4
3120 1.000000 4
3123 1.000000 3
3127 -1.000000 4
3131 1.000000 4
3136 0.000000 5
3139 1.000000 3
3143 1.000000 4
3148 0.000000 5
3152 1.000000 4
3156 1.000000 4
3161 1.000000 5
3166 1.000000 5
3171 0.000000 5
3175 -1.000000 4
3179 1.000000 4
3182 -1.000000 3
3186 -1.000000 4
3191 1.000000 5
3196 0.000000 5
3200 -1.000000 4
3204 1.000000 4
3208 1.000000 4
3213 1.000000 5
3218 1.000000 5
3221 -1.000000 3
3225 -1.000000 4
3229 -1.000000 4
3233 -1.000000 4
3237 -1.000000 4
3242 1.000000 5
3246 -1.000000 4
3251 1.000000 5
3256 0.000000 5
3261 1.000000 5
3264 1.000000 3
3268 -1.000000 4
3272 -1.000000 4
3276 -1.000000 4
3281 1.000000 5
3286 0.000000 5
3290 1.000000 4
3294 1.000000 4
3298 1.000000 4
3301 -1.000000 3
3305 1.000000 4
3310 0.000000 5
3314 1.000000 4
3318 -1.000000 4
3322 -1.000000 4
3325 1.000000 3
3330 1.000000 5
3335 1.000000 5
3338 -1.000000 3
3342 -1.000000 4
3346 1.000000 4
3351 0.000000 5
3355 1.000000 4
3359 -1.000000 4
3362 1.000000 3
3366 1.000000 4
3371 1.000000 5
3374 -1.000000 3
3378 1.000000 4
3382 -1.000000 4
3386 1.000000 4
3390 1.000000 4
3394 1.000000 4
3398 -1.000000 4
3403 0.000000 5
3406 1.000000 3
3410 -1.000000 4
3414 1.000000 4
3418 1.000000 4
3423 1.000000 5
3427 1.000000 4
3431 -1.000000 4
3435 1.000000 4
3439 -1.000000 4
3443 1.000000 4
3447 -1.000000 4
3452 0.000000 5
3456 1.000000 4
3460 1.000000 4
3464 1.000000 4
3467 1.000000 3
3471 1.000000 4
3476 0.000000 5
3481 0.000000 5
3485 1.000000 4
3490 1.000000 5
3493 1.000000 3
3496 -1.000000 3
3500 1.000000 4
3505 0.000000 5
3509 1.000000 4
3513 -1.000000 4
3518 0.000000 5
3521 1.000000 3
3525 1.000000 4
3529 1.000000 4
3534 0.000000 5
3539 1.000000 5
3543 1.000000 4
3548 0.000000 5
3552 1.000000 4
3556 1.000000 4
3559 -1.000000 3
3563 -1.000000 4
3567 1.000000 4
3571 1.000000 4
3576 1.000000 5
3580 -1.000000 4
3584 1.000000 4
3588 1.000000 4
3593 1.000000 5
3597 1.000000 4
3602 1.000000 5
3606 1.000000 4
3610 1.000000 4
3613 1.000000 3
3617 -1.000000 4
3621 -1.000000 4
3626 1.000000 5
3630 1.000000 4
3634 -1.000000 4
3639 1.000000 5
3643 1.000000 4
3647 -1.000000 4
3651 1.000000 4
3655 -1.000000 4
3659 -1.000000 4
3663 -1.000000 4
3668 1.000000 5
3673 1.000000 5
3677 -1.000000 4
3682 1.000000 5
3685 1.000000 3
3689 -1.000000 4
3692 -1.000000 3
3696 -1.000000 4
3701 0.000000 5
3705 -1.000000 4
3709 1.000000 4
3712 1.000000 3
3717 1.000000 5
3721 -1.000000 4
3724 -1.000000 3
3728 -1.000000 4
3732 -1.000000 4
3737 1.000000 5
3741 1.000000 4
3746 1.000000 5
3749 -1.000000 3
3754 1.000000 5
3759 0.000000 5
3763 1.000000 4
3767 -1.000000 4
3770 -1.000000 3
3773 1.000000 3
3777 1.000000 4
3781 -1.000000 4
3785 -1.000000 4
3789 -1.000000 4
3793 -1.000000 4
3798 0.000000 5
3802 1.000000 4
3805 1.000000 3
3810 1.000000 5
3814 -1.000000 4
3818 1.000000 4
3823 1.000000 5
3826 1.000000 3
3830 1.000000 4
3835 1.000000 5
3839 -1.000000 4
3842 -1.000000 3
3846 1.000000 4
3850 1.000000 4
3854 1.000000 4
3858 1.000000 4
3861 1.000000 3
3865 1.000000 4
3869 1.000000 4
3873 1.000000 4
3876 1.000000 3
3879 -1.000000 3
3884 1.000000 5
3889 1.000000 5
3893 -1.000000 4
3897 -1.000000 4
3902 0.000000 5
3906 -1.000000 4
3911 1.000000 5
3915 -1.000000 4
3920 1.000000 5
3924 1.000000 4
3929 0.000000 5
3933 -1.000000 4
3936 1.000000 3
3939 -1.000000 3
3943 1.000000 4
3948 1.000000 5
3951 -1.000000 3
3955 -1.000000 4
3958 -1.000000 3
3961 1.000000 3
3965 -1.000000 4
3970 0.000000 5
3974 1.000000 4
3979 0.000000 5
3983 1.000000 4
3988 0.000000 5
3992 1.000000 4
3996 -1.000000 4
3999 1.000000 3
4003 -1.000000 4
4007 -1.000000 4
4011 -1.000000 4
4014 -1.000000 3
4018 -1.000000 4
4022 -1.000000 4
4026 -1.000000 4
4029 1.000000 3
4034 1.000000 5
4038 1.000000 4
4043 1.000000 5
4048 0.000000 5
4051 1.000000 3
4055 -1.000000 4
4059 1.000000 4
4064 0.000000 5
4068 -1.000000 4
4073 0.000000 5
4077 -1.000000 4
4081 1.000000 4
4086 1.000000 5
4091 1.000000 5
4096 1.000000 5
4101 1.000000 5
4105 -1.000000 4
4110 0.000000 5
4115 1.000000 5
4120 0.000000 5
4124 1.000000 4
4128 -1.000000 4
4132 -1.000000 4
4137 1.000000 5
4141 1.000000 4
4146 1.000000 5
4151 1.000000 5
4156 0.000000 5
4160 -1.000000 4
4164 -1.000000 4
4168 1.000000 4
4171 -1.000000 3
4175 1.000000 4
4178 -1.000000 3
4182 1.000000 4
4186 -1.000000 4
4191 1.000000 5
4196 1.000000 5
4200 1.000000 4
4204 -1.000000 4
4208 -1.000000 4
4212 -1.000000 4
4217 1.000000 5
4222 1.000000 5
4226 1.000000 4
4230 -1.000000 4
4234 1.000000 4
4238 1.000000 4
4242 -1.000000 4
4245 -1.000000 3
4249 1.000000 4
4253 1.000000 4
4257 1.000000 4
4262 0.000000 5
4267 1.000000 5
4271 1.000000 4
4276 0.000000 5
4281 0.000000 5
4284 1.000000 3
4288 -1.000000 4
4293 1.000000 5
4298 0.000000 5
4301 -1.000000 3
4305 1.000000 4
4309 -1.000000 4
4314 0.000000 5
4318 -1.000000 4
4322 1.000000 4
4327 1.000000 5
4332 0.000000 5
4337 0.000000 5
4340 1.000000 3
4344 1.000000 4
4349 1.000000 5
4353 -1.000000 4
4357 1.000000 4
4361 1.000000 4
4364 -1.000000 3
4367 1.000000 3
4372 1.000000 5
4377 1.000000 5
4381 -1.000000 4
4385 1.000000 4
4390 1.000000 5
4395 1.000000 5
4399 -1.000000 4
4404 1.000000 5
4408 1.000000 4
4411 -1.000000 3
4415 1.000000 4
4419 -1.000000 4
4423 -1.000000 4
4428 1.000000 5
4432 -1.000000 4
4436 1.000000 4
4440 1.000000 4
4444 1.000000 4
4448 1.000000 4
4452 1.000000 4
4456 1.000000 4
4461 1.000000 5
4466 0.000000 5
4471 0.000000 5
4476 1.000000 5
4481 1.000000 5
4485 1.000000 4
4488 1.000000 3
4493 0.000000 5
4497 1.000000 4
4500 1.000000 3
4504 1.000000 4
4509 1.000000 5
4514 1.000000 5
4519 1.000000 5
4523 -1.000000 4
4528 0.000000 5
4533 1.000000 5
4538 1.000000 5
4542 -1.000000 4
4545 1.000000 3
4549 1.000000 4
4553 -1.000000 4
4558 1.000000 5
4562 1.000000 4
4567 0.000000 5
4571 1.000000 4
4575 -1.000000 4
4579 1.000000 4
4584 1.000000 5
4588 1.000000 4
4592 1.000000 4
4596 1.000000 4
4600 1.000000 4
4604 -1.000000 4
4609 1.000000 5
4613 1.000000 4
4618 1.000000 5
4622 1.000000 4
4627 0.000000 5
4631 1.000000 4
4636 0.000000 5
4640 -1.000000 4
4645 1.000000 5
4649 -1.000000 4
4653 -1.000000 4
4658 1.000000 5
4663 1.000000 5
4667 1.000000 4
4671 1.000000 4
4674 -1.000000 3
4679 1.000000 5
4683 -1.000000 4
4687 -1.000000 4
4690 1.000000 3
4695 0.000000 5
4698 -1.000000 3
4702 1.000000 4
4705 1.000000 3
4710 1.000000 5
4714 1.000000 4
4717 1.000000 3
4721 1.000000 4
4726 1.000000 5
4731 1.000000 5
4736 0.000000 5
4741 1.000000 5
4746 1.000000 5
4750 1.000000 4
4753 -1.000000 3
4757 1.000000 4
4761 1.000000 4
4765 1.000000 4
4768 1.000000 3
4773 0.000000 5
4778 1.000000 5
4783 0.000000 5
4787 -1.000000 4
4791 1.000000 4
4796 1.000000 5
4800 1.000000 4
4805 1.000000 5
4808 1.000000 3
4813 0.000000 5
4817 -1.000000 4
4822 0.000000 5
4825 1.000000 3
4829 -1.000000 4
4834 0.000000 5
4838 1.000000 4
4842 1.000000 4
4847 0.000000 5
4850 1.000000 3
4855 1.000000 5
4859 -1.000000 4
4863 1.000000 4
4868 1.000000 5
4871 -1.000000 3
4874 -1.000000 3
4878 -1.000000 4
4881 1.000000 3
4885 1.000000 4
4889 -1.000000 4
4894 1.000000 5
4897 1.000000 3
4901 1.000000 4
4906 1.000000 5
4911 0.000000 5
4914 1.000000 3
4919 0.000000 5
4923 1.000000 4
4927 -1.000000 4
4930 -1.000000 3
4934 -1.000000 4
4937 1.000000 3
4941 -1.000000 4
4946 1.000000 5
4949 1.000000 3
4952 -1.000000 3
4955 1.000000 3
4960 0.000000 5
4964 -1.000000 4
4969 0.000000 5
4974 1.000000 5
4979 0.000000 5
4984 0.000000 5
4988 1.000000 4
4991 1.000000 3
4995 1.000000 4
4998 1.000000 3
5003 1.000000 5
5007 1.000000 4
5011 -1.000000 4
5016 1.000000 5
5020 -1.000000 4
5024 -1.000000 4
5028 -1.000000 4
5032 1.000000 4
5037 1.000000 5
5042 1.000000 5
5045 1.000000 3
5050 0.000000 5
5055 1.000000 5
5059 1.000000 4
5064 1.000000 5
5068 1.000000 4
5073 1.000000 5
5077 1.000000 4
5080 -1.000000 3
5085 0.000000 5
5090 0.000000 5
5093 1.000000 3
5096 1.000000 3
5100 1.000000 4
5104 1.000000 4
5109 1.000000 5
5113 1.000000 4
5118 1.000000 5
5122 -1.000000 4
5126 1.000000 4
5131 1.000000 5
5135 1.000000 4
5138 -1.000000 3
5143 1.000000 5
5148 1.000000 5
5152 -1.000000 4
5156 1.000000 4
5159 -1.000000 3
5163 -1.000000 4
5167 -1.000000 4
5170 1.000000 3
5174 1.000000 4
5178 -1.000000 4
5181 1.000000 3
5184 -1.000000 3
5187 -1.000000 3
5191 -1.000000 4
5196 0.000000 5
5200 -1.000000 4
5204 1.000000 4
5209 1.000000 5
5213 -1.000000 4
5217 1.000000 4
5221 1.000000 4
5224 1.000000 3
5228 -1.000000 4
5232 1.000000 4
5237 0.000000 5
5240 -1.000000 3
5244 1.000000 4
5247 -1.000000 3
5252 0.000000 5
5257 0.000000 5
5260 1.000000 3
5264 -1.000000 4
5269 0.000000 5
5273 1.000000 4
5276 1.000000 3
5279 -1.000000 3
5283 -1.000000 4
5287 -1.000000 4
5292 0.000000 5
5297 1.000000 5
5301 1.000000 4
5305 1.000000 4
5309 -1.000000 4
5314 0.000000 5
5317 -1.000000 3
5322 1.000000 5
5327 1.000000 5
5331 -1.000000 4
5334 -1.000000 3
5338 1.000000 4
5343 1.000000 5
5347 1.000000 4
5351 1.000000 4
5356 1.000000 5
5361 1.000000 5
5366 1.000000 5
5370 -1.000000 4
5373 1.000000 3
5377 -1.000000 4
5382 1.000000 5
5386 -1.000000 4
5391 0.000000 5
5394 -1.000000 3
5398 1.000000 4
5402 1.000000 4
5406 1.000000 4
5410 -1.000000 4
5415 0.000000 5
5419 -1.000000 4
5423 1.000000 4
5426 1.000000 3
5431 1.000000 5
5436 1.000000 5
5441 1.000000 5
5445 -1.000000 4
5449 1.000000 4
5452 1.000000 3
5456 -1.000000 4
5459 1.000000 3
5463 -1.000000 4
5467 1.000000 4
5470 -1.000000 3
5474 -1.000000 4
5478 -1.000000 4
5481 1.000000 3
5485 -1.000000 4
5490 1.000000 5
5495 1.000000 5
5499 -1.000000 4
5503 1.000000 4
5508 1.000000 5
5511 1.000000 3
5515 1.000000 4
5518 -1.000000 3
5523 0.000000 5
5528 1.000000 5
5533 0.000000 5
5538 0.000000 5
5543 1.000000 5
5547 1.000000 4
5552 1.000000 5
5557 1.000000 5
5562 1.000000 5
5567 0.000000 5
5570 1.000000 3
5574 1.000000 4
5577 1.000000 3
5582 1.000000 5
5587 1.000000 5
5591 -1.000000 4
5596 0.000000 5
5600 1.000000 4
5605 1.000000 5
5610 1.000000 5
5614 1.000000 4
5618 1.000000 4
5622 -1.000000 4
5626 -1.000000 4
5629 -1.000000 3
5634 1.000000 5
5637 1.000000 3
5640 -1.000000 3
5645 1.000000 5
5650 0.000000 5
5654 -1.000000 4
5659 1.000000 5
5663 -1.000000 4
5668 1.000000 5
5671 -1.000000 3
5675 1.000000 4
5679 -1.000000 4
5684 1.000000 5
5689 1.000000 5
5693 -1.000000 4
5697 1.000000 4
5702 1.000000 5
5707 1.000000 5
5710 1.000000 3
5714 1.000000 4
5718 1.000000 4
5722 1.000000 4
5727 1.000000 5
5730 1.000000 3
5733 -1.000000 3
5738 1.000000 5
5741 1.000000 3
5745 1.000000 4
5750 0.000000 5
5754 -1.000000 4
5758 1.000000 4
5763 1.000000 5
5766 -1.000000 3
5769 -1.000000 3
5773 -1.000000 4
5778 0.000000 5
5783 0.000000 5
5788 1.000000 5
5792 1.000000 4
5796 -1.000000 4
5800 1.000000 4
5805 0.000000 5
5809 1.000000 4
5814 0.000000 5
5818 -1.000000 4
5822 -1.000000 4
5826 1.000000 4
5829 1.000000 3
5834 1.000000 5
5838 1.000000 4
5843 0.000000 5
5847 1.000000 4
5850 1.000000 3
5855 0.000000 5
5859 -1.000000 4
5862 1.000000 3
5867 0.000000 5
5871 1.000000 4
5875 -1.000000 4
5879 -1.000000 4
5883 1.000000 4
5888 1.000000 5
5892 1.000000 4
5895 -1.000000 3
5898 1.000000 3
5903 1.000000 5
5908 0.000000 5
5912 -1.000000 4
5917 1.000000 5
5921 -1.000000 4
5925 1.000000 4
5930 0.000000 5
5935 1.000000 5
5940 1.000000 5
5943 -1.000000 3
5948 1.000000 5
5952 1.000000 4
5955 1.000000 3
5959 1.000000 4
5962 -1.000000 3
5966 -1.000000 4
5970 1.000000 4
5975 0.000000 5
5980 1.000000 5
5985 0.000000 5
5989 1.000000 4
5993 -1.000000 4
5997 1.000000 4
6001 -1.000000 4
6005 1.000000 4
6009 -1.000000 4
6013 -1.000000 4
6018 1.000000 5
6022 -1.000000 4
6027 1.000000 5
6031 -1.000000 4
6036 1.000000 5
6039 1.000000 3
6044 0.000000 5
6049 1.000000 5
6053 1.000000 4
6057 -1.000000 4
6061 1.000000 4
6065 1.000000 4
6069 1.000000 4
6073 1.000000 4
6076 1.000000 3
6081 1.000000 5
6086 0.000000 5
6090 -1.000000 4
6094 1.000000 4
6099 1.000000 5
6103 -1.000000 4
6107 1.000000 4
6111 1.000000 4
6116 1.000000 5
6120 1.000000 4
6125 1.000000 5
6130 1.000000 5
6135 1.000000 5
6139 1.000000 4
6144 0.000000 5
6149 0.000000 5
6153 1.000000 4
6157 1.000000 4
6161 1.000000 4
6165 1.000000 4
6169 1.000000 4
6174 0.000000 5
6179 1.000000 5
6183 -1.000000 4
6188 0.000000 5
6193 0.000000 5
6198 0.000000 5
6201 -1.000000 3
6205 -1.000000 4
6210 1.000000 5
6214 -1.000000 4
6219 1.000000 5
6223 -1.000000 4
6228 0.000000 5
6232 1.000000 4
6237 1.000000 5
6241 1.000000 4
6246 1.000000 5
6249 1.000000 3
6252 1.000000 3
6257 1.000000 5
6262 1.000000 5
6266 1.000000 4
6271 0.000000 5
6275 1.000000 4
6278 1.000000 3
6282 -1.000000 4
6285 -1.000000 3
6288 1.000000 3
6292 -1.000000 4
6295 1.000000 3
6300 0.000000 5
6304 1.000000 4
6309 1.000000 5
6313 -1.000000 4
6317 -1.000000 4
6322 0.000000 5
6326 1.000000 4
6331 1.000000 5
6335 1.000000 4
6340 0.000000 5
6345 1.000000 5
6348 -1.000000 3
6353 1.000000 5
6356 -1.000000 3
6360 1.000000 4
6363 -1.000000 3
6367 1.000000 4
6371 -1.000000 4
6375 1.000000 4
6378 -1.000000 3
6383 0.000000 5
6387 1.000000 4
6392 0.000000 5
6396 1.000000 4
6401 1.000000 5
6406 1.000000 5
6411 1.000000 5
6416 1.000000 5
6419 -1.000000 3
6424 0.000000 5
6428 -1.000000 4
6432 -1.000000 4
6436 1.000000 4
6440 1.000000 4
6443 1.000000 3
6447 1.000000 4
6452 0.000000 5
6456 -1.000000 4
6460 -1.000000 4
6465 1.000000 5
6470 0.000000 5
6474 1.000000 4
6478 -1.000000 4
6483 0.000000 5
6488 1.000000 5
6491 -1.000000 3
6494 -1.000000 3
6497 1.000000 3
6501 -1.000000 4
6505 -1.000000 4
6508 1.000000 3
6512 -1.000000 4
6516 1.000000 4
6521 0.000000 5
6525 -1.000000 4
6529 1.000000 4
6534 1.000000 5
6539 1.000000 5
6544 1.000000 5
6548 1.000000 4
6553 0.000000 5
6557 1.000000 4
6560 -1.000000 3
6564 1.000000 4
6568 1.000000 4
6573 1.000000 5
6578 1.000000 5
6582 -1.000000 4
6586 1.000000 4
6591 1.000000 5
6594 1.000000 3
6598 1.000000 4
6602 -1.000000 4
6606 -1.000000 4
6609 -1.000000 3
6613 1.000000 4
6616 -1.000000 3
6621 1.000000 5
6625 1.000000 4
6629 1.000000 4
6633 -1.000000 4
6638 0.000000 5
6643 1.000000 5
6648 1.000000 5
6652 -1.000000 4
6656 1.000000 4
6661 0.000000 5
6665 1.000000 4
6670 1.000000 5
6674 1.000000 4
6677 1.000000 3
6681 1.000000 4
6686 0.000000 5
6690 1.000000 4
6693 1.000000 3
6697 1.000000 4
6701 1.000000 4
6705 1.000000 4
6710 0.000000 5
6715 1.000000 5
6718 -1.000000 3
6723 1.000000 5
6728 1.000000 5
6733 0.000000 5
6737 -1.000000 4
6742 0.000000 5
6745 1.000000 3
6749 1.000000 4
6752 -1.000000 3
6756 1.000000 4
6760 1.000000 4
6764 -1.000000 4
6767 -1.000000 3
6772 1.000000 5
6776 1.000000 4
6779 -1.000000 3
6783 1.000000 4
6787 1.000000 4
6792 1.000000 5
6796 -1.000000 4
6801 1.000000 5
6805 1.000000 4
6809 -1.000000 4
6813 -1.000000 4
6818 0.000000 5
6822 -1.000000 4
6826 -1.000000 4
6830 1.000000 4
6834 1.000000 4
6838 1.000000 4
6842 -1.000000 4
6847 1.000000 5
6851 -1.000000 4
6854 -1.000000 3
6859 0.000000 5
6864 1.000000 5
6867 -1.000000 3
6871 -1.000000 4
6876 0.000000 5
6879 -1.000000 3
6883 1.000000 4
6886 -1.000000 3
6889 1.000000 3
6893 -1.000000 4
6897 -1.000000 4
6902 1.000000 5
6907 1.000000 5
6910 1.000000 3
6915 0.000000 5
6919 1.000000 4
6923 1.000000 4
6927 -1.000000 4
6931 -1.000000 4
6934 1.000000 3
6938 1.000000 4
6942 1.000000 4
6946 -1.000000 4
6950 1.000000 4
6955 0.000000 5
6960 1.000000 5
6965 0.000000 5
6969 1.000000 4
6972 1.000000 3
6976 1.000000 4
6981 1.000000 5
6985 -1.000000 4
6990 1.000000 5
6994 1.000000 4
6998 -1.000000 4
7002 1.000000 4
7006 1.000000 4
7009 1.000000 3
7012 1.000000 3
7016 -1.000000 4
7021 1.000000 5
7026 1.000000 5
7030 1.000000 4
7034 -1.000000 4
7039 1.000000 5
7042 1.000000 3
7045 1.000000 3
7049 -1.000000 4
7052 -1.000000 3
7057 0.000000 5
7061 1.000000 4
7065 1.000000 4
7069 1.000000 4
7073 -1.000000 4
7077 1.000000 4
7081 -1.000000 4
7086 1.000000 5
7091 0.000000 5
7095 -1.000000 4
7099 1.000000 4
7102 1.000000 3
7107 1.000000 5
7111 -1.000000 4
7115 1.000000 4
7118 1.000000 3
7121 1.000000 3
7125 -1.000000 4
7129 1.000000 4
7132 1.000000 3
7137 1.000000 5
7140 1.000000 3
7143 -1.000000 3
7147 1.000000 4
7151 -1.000000 4
7155 -1.000000 4
7160 1.000000 5
7165 1.000000 5
7170 1.000000 5
7174 1.000000 4
7178 -1.000000 4
7181 1.000000 3
7184 -1.000000 3
7189 0.000000 5
7194 1.000000 5
7199 0.000000 5
7202 1.000000 3
7206 -1.000000 4
7210 -1.000000 4
7213 1.000000 3
7217 1.000000 4
7221 1.000000 4
7224 -1.000000 3
7229 1.000000 5
7234 0.000000 5
7238 1.000000 4
7242 1.000000 4
7245 1.000000 3
7249 1.000000 4
7253 -1.000000 4
7258 1.000000 5
7261 -1.000000 3
7265 1.000000 4
7269 1.000000 4
7273 -1.000000 4
7278 0.000000 5
7282 -1.000000 4
7287 1.000000 5
7291 1.000000 4
7296 0.000000 5
7299 -1.000000 3
7303 1.000000 4
7307 1.000000 4
7312 1.000000 5
7315 1.000000 3
7319 1.000000 4
7323 1.000000 4
7328 0.000000 5
7332 1.000000 4
7336 1.000000 4
7341 1.000000 5
7346 1.000000 5
7350 1.000000 4
7355 0.000000 5
7360 0.000000 5
7363 -1.000000 3
7368 0.000000 5
7373 0.000000 5
7378 1.000000 5
7382 -1.000000 4
7387 1.000000 5
7391 -1.000000 4
7395 -1.000000 4
7398 1.000000 3
7403 1.000000 5
7408 1.000000 5
7412 1.000000 4
7417 1.000000 5
7422 1.000000 5
7425 -1.000000 3
7428 1.000000 3
7433 1.000000 5
7438 0.000000 5
7443 1.000000 5
7447 1.000000 4
7451 1.000000 4
7456 1.000000 5
7461 0.000000 5
7465 1.000000 4
7470 1.000000 5
7474 1.000000 4
7479 1.000000 5
7483 -1.000000 4
7488 0.000000 5
7492 1.000000 4
7497 1.000000 5
7502 0.000000 5
7507 0.000000 5
7510 -1.000000 3
7513 1.000000 3
7517 1.000000 4
7521 -1.000000 4
7524 -1.000000 3
7529 1.000000 5
7534 0.000000 5
7537 1.000000 3
7541 1.000000 4
7545 -1.000000 4
7548 -1.000000 3
7552 -1.000000 4
7557 1.000000 5
7562 0.000000 5
7566 1.000000 4
7570 -1.000000 4
7574 -1.000000 4
7578 1.000000 4
7582 1.000000 4
7586 1.000000 4
7590 -1.000000 4
7595 1.000000 5
7599 -1.000000 4
7603 1.000000 4
7607 -1.000000 4
7610 1.000000 3
7615 0.000000 5
7619 -1.000000 4
7624 0.000000 5
7629 0.000000 5
7634 1.000000 5
7638 1.000000 4
7642 1.000000 4
7646 -1.000000 4
7650 1.000000 4
7655 1.000000 5
7660 1.000000 5
7664 -1.000000 4
7669 0.000000 5
7673 1.000000 4
7677 1.000000 4
7680 1.000000 3
7683 1.000000 3
7687 -1.000000 4
7690 1.000000 3
7694 1.000000 4
7698 1.000000 4
7703 1.000000 5
7706 -1.000000 3
7709 -1.000000 3
7714 1.000000 5
7717 1.000000 3
7720 -1.000000 3
7725 1.000000 5
7730 0.000000 5
7734 1.000000 4
7738 -1.000000 4
7743 0.000000 5
7748 1.000000 5
7751 1.000000 3
7756 1.000000 5
7761 1.000000 5
7765 1.000000 4
7769 1.000000 4
7774 1.000000 5
7779 1.000000 5
7783 1.000000 4
7788 0.000000 5
7793 0.000000 5
7798 1.000000 5
7801 1.000000 3
7806 1.000000 5
7810 1.000000 4
7814 1.000000 4
7817 1.000000 3
7821 1.000000 4
7825 -1.000000 4
7830 0.000000 5
7833 1.000000 3
7838 1.000000 5
7843 0.000000 5
7848 1.000000 5
7852 1.000000 4
7857 1.000000 5
7862 1.000000 5
7867 1.000000 5
7871 -1.000000 4
7874 1.000000 3
7879 0.000000 5
7884 1.000000 5
7889 1.000000 5
7893 1.000000 4
7897 -1.000000 4
7901 1.000000 4
7904 1.000000 3
7909 0.000000 5
7912 1.000000 3
7916 1.000000 4
7920 1.000000 4
7925 1.000000 5
7929 -1.000000 4
7934 0.000000 5
7938 1.000000 4
7941 -1.000000 3
7945 1.000000 4
7949 1.000000 4
7954 0.000000 5
7959 0.000000 5
7964 1.000000 5
7969 1.000000 5
7972 -1.000000 3
7976 -1.000000 4
7981 0.000000 5
7985 1.000000 4
7989 -1.000000 4
7993 -1.000000 4
7997 -1.000000 4
8002 1.000000 5
8006 1.000000 4
8010 1.000000 4
8014 1.000000 4
8017 1.000000 3
8021 -1.000000 4
8026 0.000000 5
8031 0.000000 5
8035 1.000000 4
8040 0.000000 5
8044 -1.000000 4
8048 -1.000000 4
8053 0.000000 5
8056 1.000000 3
8060 1.000000 4
8064 1.000000 4
8068 1.000000 4
8072 1.000000 4
8076 -1.000000 4
8079 1.000000 3
8083 -1.000000 4
8087 -1.000000 4
8090 1.000000 3
8094 1.000000 4
8098 1.000000 4
8102 1.000000 4
8107 1.000000 5
8110 1.000000 3
8114 1.000000 4
8119 1.000000 5
8123 -1.000000 4
8127 1.000000 4
8131 1.000000 4
8136 1.000000 5
8141 1.000000 5
8145 1.000000 4
8150 1.000000 5
8153 1.000000 3
8157 -1.000000 4
8161 1.000000 4
8165 1.000000 4
8168 -1.000000 3
8173 0.000000 5
8176 1.000000 3
8180 -1.000000 4
8184 -1.000000 4
8189 1.000000 5
8192 1.000000 3
8197 1.000000 5
8202 0.000000 5
8207 1.000000 5
8212 0.000000 5
8217 0.000000 5
8221 1.000000 4
8226 0.000000 5
8230 1.000000 4
8234 -1.000000 4
8238 -1.000000 4
8242 1.000000 4
8245 1.000000 3
8250 1.000000 5
8254 1.000000 4
8257 -1.000000 3
8261 -1.000000 4
8266 0.000000 5
8269 1.000000 3
8274 0.000000 5
8278 1.000000 4
8282 -1.000000 4
8287 1.000000 5
8292 1.000000 5
8295 -1.000000 3
8300 1.000000 5
8303 1.000000 3
8308 1.000000 5
8313 0.000000 5
8318 1.000000 5
8323 0.000000 5
8328 1.000000 5
8332 -1.000000 4
8337 1.000000 5
8341 -1.000000 4
8345 -1.000000 4
8350 1.000000 5
8354 -1.000000 4
8359 0.000000 5
8362 1.000000 3
8365 -1.000000 3
8369 1.000000 4
8373 1.000000 4
8378 1.000000 5
8383 0.000000 5
8387 -1.000000 4
8391 1.000000 4
8396 0.000000 5
8399 -1.000000 3
8403 1.000000 4
8407 1.000000 4
8411 1.000000 4
8415 -1.000000 4
8419 -1.000000 4
8424 1.000000 5
8428 -1.000000 4
8432 -1.000000 4
8437 0.000000 5
8440 1.000000 3
8444 1.000000 4
8448 -1.000000 4
8452 1.000000 4
8456 1.000000 4
8459 -1.000000 3
8463 1.000000 4
8467 1.000000 4
8472 1.000000 5
8475 -1.000000 3
8479 -1.000000 4
8482 -1.000000 3
8486 1.000000 4
8491 1.000000 5
8495 -1.000000 4
8498 -1.000000 3
8501 -1.000000 3
8505 1.000000 4
8509 1.000000 4
8514 1.000000 5
8518 -1.000000 4
8522 1.000000 4
8526 1.000000 4
8529 1.000000 3
8534 0.000000 5
8539 1.000000 5
8543 -1.000000 4
8547 -1.000000 4
8551 1.000000 4
8556 0.000000 5
8561 0.000000 5
8565 1.000000 4
8569 1.000000 4
8572 1.000000 3
8577 1.000000 5
8581 1.000000 4
8585 -1.000000 4
8589 -1.000000 4
8593 1.000000 4
8596 -1.000000 3
8601 0.000000 5
8605 1.000000 4
8610 1.000000 5
8613 1.000000 3
8617 -1.000000 4
8620 1.000000 3
8623 -1.000000 3
8628 1.000000 5
8633 0.000000 5
8638 1.000000 5
8643 0.000000 5
8648 0.000000 5
8652 1.000000 4
8655 -1.000000 3
8659 1.000000 4
8662 1.000000 3
8667 1.000000 5
8670 1.000000 3
8674 1.000000 4
8678 -1.000000 4
8681 1.000000 3
8684 1.000000 3
8689 0.000000 5
8693 1.000000 4
8698 1.000000 5
8702 1.000000 4
8706 1.000000 4
8709 -1.000000 3
8713 -1.000000 4
8717 -1.000000 4
8722 1.000000 5
8725 1.000000 3
8728 1.000000 3
8732 1.000000 4
8737 1.000000 5
8740 1.000000 3
8744 -1.000000 4
8749 1.000000 5
8754 0.000000 5
8757 1.000000 3
8761 -1.000000 4
8766 0.000000 5
8769 -1.000000 3
8774 1.000000 5
8777 1.000000 3
8782 0.000000 5
8786 -1.000000 4
8790 -1.000000 4
8795 0.000000 5
8800 0.000000 5
8805 0.000000 5
8809 1.000000 4
8813 1.000000 4
8818 1.000000 5
8823 0.000000 5
8826 1.000000 3
8830 1.000000 4
8834 1.000000 4
8839 1.000000 5
8844 1.000000 5
8848 1.000000 4
8853 1.000000 5
8858 0.000000 5
8861 -1.000000 3
8866 1.000000 5
8870 1.000000 4
8874 1.000000 4
8879 1.000000 5
8884 0.000000 5
8888 -1.000000 4
8893 1.000000 5
8896 1.000000 3
8901 0.000000 5
8904 -1.000000 3
8908 -1.000000 4
8913 1.000000 5
8917 -1.000000 4
8921 1.000000 4
8926 1.000000 5
8929 -1.000000 3
8933 1.000000 4
8937 1.000000 4
8941 1.000000 4
8944 1.000000 3
8949 1.000000 5
8952 -1.000000 3
8956 1.000000 4
8959 -1.000000 3
8964 1.000000 5
8968 1.000000 4
8971 1.000000 3
8976 0.000000 5
8980 1.000000 4
8984 -1.000000 4
8988 -1.000000 4
8993 0.000000 5
8997 1.000000 4
9002 0.000000 5
9005 1.000000 3
9010 1.000000 5
9014 -1.000000 4
9018 -1.000000 4
9021 -1.000000 3
9025 1.000000 4
9028 1.000000 3
9032 -1.000000 4
9037 1.000000 5
9041 -1.000000 4
9046 1.000000 5
9050 1.000000 4
9054 1.000000 4
9058 1.000000 4
9062 -1.000000 4
9066 -1.000000 4
9070 1.000000 4
9075 1.000000 5
9080 1.000000 5
9084 -1.000000 4
9088 -1.000000 4
9092 -1.000000 4
9097 1.000000 5
9102 0.000000 5
9106 1.000000 4
9110 1.000000 4
9114 1.000000 4
9118 1.000000 4
9121 1.000000 3
9125 -1.000000 4
9130 1.000000 5
9133 1.000000 3
9137 -1.000000 4
9142 1.000000 5
9147 1.000000 5
9150 -1.000000 3
9153 1.000000 3
9156 1.000000 3
9160 -1.000000 4
9164 -1.000000 4
9168 1.000000 4
9173 1.000000 5
9178 1.000000 5
9183 1.000000 5
9187 -1.000000 4
9190 -1.000000 3
9194 -1.000000 4
9199 0.000000 5
9203 -1.000000 4
9207 1.000000 4
9211 1.000000 4
9215 -1.000000 4
9218 -1.000000 3
9223 1.000000 5
9228 1.000000 5
9231 -1.000000 3
9236 1.000000 5
9240 1.000000 4
9244 1.000000 4
9247 1.000000 3
9252 1.000000 5
9256 -1.000000 4
9260 1.000000 4
9265 1.000000 5
9269 1.000000 4
9274 0.000000 5
9279 1.000000 5
9284 1.000000 5
9287 -1.000000 3
9292 1.000000 5
9297 1.000000 5
9300 -1.000000 3
9305 0.000000 5
9309 1.000000 4
9312 1.000000 3
9317 0.000000 5
9322 0.000000 5
9325 -1.000000 3
9330 0.000000 5
9335 1.000000 5
9340 1.000000 5
9344 1.000000 4
9348 -1.000000 4
9351 -1.000000 3
9355 1.000000 4
9359 1.000000 4
9364 1.000000 5
9367 1.000000 3
9370 1.000000 3
9374 1.000000 4
9378 1.000000 4
9383 1.000000 5
9386 1.000000 3
9391 1.000000 5
9396 1.000000 5
9400 1.000000 4
9403 -1.000000 3
9407 -1.000000 4
9412 1.000000 5
9415 1.000000 3
9418 -1.000000 3
9423 1.000000 5
9428 0.000000 5
9432 1.000000 4
9435 1.000000 3
9438 1.000000 3
9443 1.000000 5
9448 0.000000 5
9452 1.000000 4
9455 -1.000000 3
9460 0.000000 5
9465 0.000000 5
9470 1.000000 5
9473 -1.000000 3
9476 -1.000000 3
9481 1.000000 5
9486 1.000000 5
9490 1.000000 4
9493 -1.000000 3
9496 1.000000 3
9501 0.000000 5
9506 1.000000 5
9510 -1.000000 4
9515 0.000000 5
9519 1.000000 4
9523 -1.000000 4
9527 -1.000000 4
9531 1.000000 4
9536 1.000000 5
9539 -1.000000 3
9543 -1.000000 4
9547 -1.000000 4
9551 -1.000000 4
9555 1.000000 4
9560 1.000000 5
9564 -1.000000 4
9568 -1.000000 4
9573 1.000000 5
9578 1.000000 5
9582 1.000000 4
9586 -1.000000 4
9591 0.000000 5
9594 -1.000000 3
9598 -1.000000 4
9602 1.000000 4
9605 1.000000 3
9609 -1.000000 4
9614 1.000000 5
9619 1.000000 5
9623 1.000000 4
9628 1.000000 5
9632 1.000000 4
9636 -1.000000 4
9640 -1.000000 4
9645 0.000000 5
9650 1.000000 5
9653 1.000000 3
9658 0.000000 5
9663 1.000000 5
9667 1.000000 4
9670 -1.000000 3
9674 -1.000000 4
9678 1.000000 4
9682 1.000000 4
9687 1.000000 5
9691 1.000000 4
9695 -1.000000 4
9698 1.000000 3
9703 0.000000 5
9707 1.000000 4
9710 1.000000 3
9714 1.000000 4
9717 -1.000000 3
9721 1.000000 4
9726 1.000000 5
9731 1.000000 5
9736 1.000000 5
9741 1.000000 5
9746 1.000000 5
9749 1.000000 3
9752 -1.000000 3
9756 -1.000000 4
9761 1.000000 5
9766 1.000000 5
9769 -1.000000 3
9773 1.000000 4
9777 1.000000 4
9780 1.000000 3
9785 0.000000 5
9790 0.000000 5
9794 -1.000000 4
9798 1.000000 4
9803 1.000000 5
9808 0.000000 5
9813 1.000000 5
9818 1.000000 5
9822 1.000000 4
9826 -1.000000 4
9831 1.000000 5
9835 -1.000000 4
9839 1.000000 4
9843 1.000000 4
9846 -1.000000 3
9850 -1.000000 4
9854 1.000000 4
9858 -1.000000 4
9863 0.000000 5
9867 -1.000000 4
9871 -1.000000 4
9875 1.000000 4
9879 -1.000000 4
9883 1.000000 4
9887 1.000000 4
9891 1.000000 4
9895 -1.000000 4
9900 1.000000 5
9904 1.000000 4
9907 1.000000 3
9910 -1.000000 3
9913 -1.000000 3
9917 -1.000000 4
9920 -1.000000 3
9924 1.000000 4
9929 0.000000 5
9933 1.000000 4
9937 1.000000 4
9941 1.000000 4
9946 1.000000 5
9950 1.000000 4
9954 -1.000000 4
9959 1.000000 5
9962 1.000000 3
9966 1.000000 4
9971 1.000000 5
9975 -1.000000 4
9978 -1.000000 3
9982 -1.000000 4
9986 1.000000 4
9991 1.000000 5
9994 -1.000000 3
9999 1.000000 5
10002 1.000000 3
10005 -1.000000 3
10008 -1.000000 3
10011 -1.000000 3
10014 -1.000000 3
10017 -1.000000 3
10020 -1.000000 3
10023 -1.000000 3
10026 -1.000000 3
10029 -1.000000 3
10032 -1.000000 3
10035 -1.000000 3
10038 -1.000000 3
10041 -1.000000 3
10044 -1.000000 3
10047 -1.000000 3
10050 -1.000000 3
10053 -1.000000 3
10056 -1.000000 3
10059 -1.000000 3
10062 -1.000000 3
10065 -1.000000 3
10068 -1.000000 3
10071 -1.000000 3
10074 -1.000000 3
10077 -1.000000 3
10080 -1.000000 3
10083 -1.000000 3
10086 -1.000000 3
10089 -1.000000 3
10092 -1.000000 3
10095 -1.000000 3
10098 -1.000000 3
10101 -1.000000 3
10104 -1.000000 3
10107 -1.000000 3
10110 -1.000000 3
10113 -1.000000 3
10116 -1.000000 3
10119 -1.000000 3
10122 -1.000000 3
10125 -1.000000 3
10128 -1.000000 3
10131 -1.000000 3
10134 -1.000000 3
10137 -1.000000 3
10140 -1.000000 3
10143 -1.000000 3
10146 -1.000000 3
10149 -1.000000 3
10152 -1.000000 3
10155 -1.000000 3
10158 -1.000000 3
10161 -1.000000 3
10164 -1.000000 3
10167 -1.000000 3
10170 -1.000000 3
10173 -1.000000 3
10176 -1.000000 3
10179 -1.000000 3
10182 -1.000000 3
10185 -1.000000 3
10188 -1.000000 3
10191 -1.000000 3
10194 -1.000000 3
10197 -1.000000 3
10200 -1.000000 3
10203 -1.000000 3
10206 -1.000000 3
10209 -1.000000 3
10212 -1.000000 3
10215 -1.000000 3
10218 -1.000000 3
10221 -1.000000 3
10224 -1.000000 3
10227 -1.000000 3
10230 -1.000000 3
10233 -1.000000 3
10236 -1.000000 3
10239 -1.000000 3
10242 -1.000000 3
10245 -1.000000 3
10248 -1.000000 3
10251 -1.000000 3
10254 -1.000000 3
10257 -1.000000 3
10260 -1.000000 3
10263 -1.000000 3
10266 -1.000000 3
10269 -1.000000 3
10272 -1.000000 3
10275 -1.000000 3
10278 -1.000000 3
10281 -1.000000 3
10284 -1.000000 3
10287 -1.000000 3
10290 -1.000000 3
10293 -1.000000 3
10296 -1.000000 3
10299 -1.000000 3
10302 -1.000000 3
10305 -1.000000 3
10308 -1.000000 3
10311 -1.000000 3
10314 -1.000000 3
10317 -1.000000 3
10320 -1.000000 3
10323 -1.000000 3
10326 -1.000000 3
10329 -1.000000 3
10332 -1.000000 3
10335 -1.000000 3
10338 -1.000000 3
10341 -1.000000 3
10344 -1.000000 3
10347 -1.000000 3
10350 -1.000000 3
10353 -1.000000 3
10356 -1.000000 3
10359 -1.000000 3
10362 -1.000000 3
10365 -1.000000 3
10368 -1.000000 3
10371 -1.000000 3
10374 -1.000000 3
10377 -1.000000 3
10380 -1.000000 3
10383 -1.000000 3
10386 -1.000000 3
10389 -1.000000 3
10392 -1.000000 3
10395 -1.000000 3
10398 -1.000000 3
10401 -1.000000 3
10404 -1.000000 3
10407 -1.000000 3
10410 -1.000000 3
10413 -1.000000 3
10416 -1.000000 3
10419 -1.000000 3
10422 -1.000000 3
10425 -1.000000 3
10428 -1.000000 3
10431 -1.000000 3
10434 -1.000000 3
10437 -1.000000 3
10440 -1.000000 3
10443 -1.000000 3
10446 -1.000000 3
10449 -1.000000 3
10452 -1.000000 3
10455 -1.000000 3
10458 -1.000000 3
10461 -1.000000 3
10464 -1.000000 3
10467 -1.000000 3
10470 -1.000000 3
10473 -1.000000 3
10476 -1.000000 3
10479 -1.000000 3
10482 -1.000000 3
10485 -1.000000 3
10488 -1.000000 3
10491 -1.000000 3
10494 -1.000000 3
10497 -1.000000 3
10500 -1.000000 3
10503 -1.000000 3
10506 -1.000000 3
10509 -1.000000 3
10512 -1.000000 3
10515 -1.000000 3
10518 -1.000000 3
10521 -1.000000 3
10524 -1.000000 3
10527 -1.000000 3
10530 -1.000000 3
10533 -1.000000 3
10536 -1.000000 3
10539 -1.000000 3
10542 -1.000000 3
10545 -1.000000 3
10548 -1.000000 3
10551 -1.000000 3
10554 -1.000000 3
10557 -1.000000 3
10560 -1.000000 3
10563 -1.000000 3
10566 -1.000000 3
10569 -1.000000 3
10572 -1.000000 3
10575 -1.000000 3
10578 -1.000000 3
10581 -1.000000 3
10584 -1.000000 3
10587 -1.000000 3
10590 -1.000000 3
10593 -1.000000 3
10596 -1.000000 3
10599 -1.000000 3
10602 -1.000000 3
10605 -1.000000 3
10608 -1.000000 3
10611 -1.000000 3
10614 -1.000000 3
10617 -1.000000 3
10620 -1.000000 3
10623 -1.000000 3
10626 -1.000000 3
10629 -1.000000 3
10632 -1.000000 3
10635 -1.000000 3
10638 -1.000000 3
10641 -1.000000 3
10644 -1.000000 3
10647 -1.000000 3
10650 -1.000000 3
10653 -1.000000 3
10656 -1.000000 3
10659 -1.000000 3
10662 -1.000000 3
10665 -1.000000 3
10668 -1.000000 3
10671 -1.000000 3
10674 -1.000000 3
10677 -1.000000 3
10680 -1.000000 3
10683 -1.000000 3
10686 -1.000000 3
10689 -1.000000 3
10692 -1.000000 3
10695 -1.000000 3
10698 -1.000000 3
10701 -1.000000 3
10704 -1.000000 3
10707 -1.000000 3
10710 -1.000000 3
10713 -1.000000 3
10716 -1.000000 3
10719 -1.000000 3
10722 -1.000000 3
10725 -1.000000 3
10728 -1.000000 3
10731 -1.000000 3
10734 -1.000000 3
10737 -1.000000 3
10740 -1.000000 3
10743 -1.000000 3
10746 -1.000000 3
10749 -1.000000 3
10752 -1.000000 3
10755 -1.000000 3
10758 -1.000000 3
10761 -1.000000 3
10764 -1.000000 3
10767 -1.000000 3
10770 -1.000000 3
10773 -1.000000 3
10776 -1.000000 3
10779 -1.000000 3
10782 -1.000000 3
10785 -1.000000 3
10788 -1.000000 3
10791 -1.000000 3
10794 -1.000000 3
10797 -1.000000 3
10800 -1.000000 3
10803 -1.000000 3
10806 -1.000000 3
10809 -1.000000 3
10812 -1.000000 3
10815 -1.000000 3
10818 -1.000000 3
10821 -1.000000 3
10824 -1.000000 3
10827 -1.000000 3
10830 -1.000000 3
10833 -1.000000 3
10836 -1.000000 3
10839 -1.000000 3
10842 -1.000000 3
10845 -1.000000 3
10848 -1.000000 3
10851 -1.000000 3
10854 -1.000000 3
10857 -1.000000 3
10860 -1.000000 3
10863 -1.000000 3
10866 -1.000000 3
10869 -1.000000 3
10872 -1.000000 3
10875 -1.000000 3
10878 -1.000000 3
10881 -1.000000 3
10884 -1.000000 3
10887 -1.000000 3
10890 -1.000000 3
10893 -1.000000 3
10896 -1.000000 3
10899 -1.000000 3
10902 -1.000000 3
10905 -1.000000 3
10908 -1.000000 3
10911 -1.000000 3
10914 -1.000000 3
10917 -1.000000 3
10920 -1.000000 3
10923 -1.000000 3
10926 -1.000000 3
10929 -1.000000 3
10932 -1.000000 3
10935 -1.000000 3
10938 -1.000000 3
10941 -1.000000 3
10944 -1.000000 3
10947 -1.000000 3
10950 -1.000000 3
10953 -1.000000 3
10956 -1.000000 3
10959 -1.000000 3
10962 -1.000000 3
10965 -1.000000 3
10968 -1.000000 3
10971 -1.000000 3
10974 -1.000000 3
10977 -1.000000 3
10980 -1.000000 3
10983 -1.000000 3
10986 -1.000000 3
10989 -1.000000 3
10992 -1.000000 3
10995 -1.000000 3
10998 -1.000000 3
11001 -1.000000 3
11004 -1.000000 3
11007 1.000000 3
11010 1.000000 3
11013 1.000000 3
11017 1.000000 4
11020 1.000000 3
11023 1.000000 3
11027 1.000000 4
11030 1.000000 3
11033 1.000000 3
11038 0.000000 5
11041 1.000000 3
11044 1.000000 3
11047 1.000000 3
11050 1.000000 3
11054 1.000000 4
11057 1.000000 3
11060 1.000000 3
11063 1.000000 3
11066 1.000000 3
11069 1.000000 3
11072 1.000000 3
11076 1.000000 4
11081 0.000000 5
11084 -1.000000 3
11087 1.000000 3
11091 1.000000 4
11094 1.000000 3
11097 1.000000 3
11100 1.000000 3
11103 1.000000 3
11106 1.000000 3
11110 1.000000 4
11113 1.000000 3
11116 -1.000000 3
11121 0.000000 5
11125 1.000000 4
11129 1.000000 4
11132 1.000000 3
11135 1.000000 3
11138 -1.000000 3
11143 0.000000 5
11148 0.000000 5
11151 1.000000 3
11154 -1.000000 3
11157 1.000000 3
11162 0.000000 5
11166 1.000000 4
11171 0.000000 5
11176 0.000000 5
11180 1.000000 4
11183 1.000000 3
11186 1.000000 3
11190 1.000000 4
11193 1.000000 3
11196 1.000000 3
11199 1.000000 3
11202 1.000000 3
11205 1.000000 3
11208 1.000000 3
11211 1.000000 3
11214 1.000000 3
11217 1.000000 3
11220 1.000000 3
11223 1.000000 3
11227 1.000000 4
11232 1.000000 5
11236 1.000000 4
11239 1.000000 3
11242 1.000000 3
11245 1.000000 3
11248 1.000000 3
11251 1.000000 3
11255 1.000000 4
11258 1.000000 3
11262 1.000000 4
11265 1.000000 3
11268 1.000000 3
11271 -1.000000 3
11274 1.000000 3
11279 0.000000 5
11283 1.000000 4
11286 1.000000 3
11290 1.000000 4
11294 1.000000 4
11297 1.000000 3
11300 1.000000 3
11304 -1.000000 4
11307 1.000000 3
11310 1.000000 3
11313 1.000000 3
11316 1.000000 3
11319 1.000000 3
11322 1.000000 3
11326 1.000000 4
11329 1.000000 3
11334 0.000000 5
11337 1.000000 3
11341 -1.000000 4
11344 1.000000 3
11349 0.000000 5
11352 1.000000 3
11356 1.000000 4
11360 1.000000 4
11363 1.000000 3
11367 1.000000 4
11371 1.000000 4
11375 1.000000 4
11378 1.000000 3
11381 1.000000 3
11386 0.000000 5
11391 0.000000 5
11394 1.000000 3
11397 1.000000 3
11400 1.000000 3
11404 1.000000 4
11409 0.000000 5
11412 1.000000 3
11415 1.000000 3
11418 1.000000 3
11423 0.000000 5
11428 1.000000 5
11433 0.000000 5
11436 1.000000 3
11439 1.000000 3
11442 1.000000 3
11445 1.000000 3
11449 1.000000 4
11453 1.000000 4
11457 1.000000 4
11460 1.000000 3
11463 1.000000 3
11466 1.000000 3
11469 1.000000 3
11472 1.000000 3
11477 0.000000 5
11481 -1.000000 4
11484 1.000000 3
11487 1.000000 3
11491 1.000000 4
11494 1.000000 3
11497 1.000000 3
11502 1.000000 5
11505 1.000000 3
11508 1.000000 3
11511 1.000000 3
11514 1.000000 3
11517 1.000000 3
11520 1.000000 3
11524 1.000000 4
11527 1.000000 3
11530 1.000000 3
11534 -1.000000 4
11537 1.000000 3
11541 1.000000 4
11544 1.000000 3
11547 1.000000 3
11550 1.000000 3
11553 1.000000 3
11556 1.000000 3
11559 1.000000 3
11563 -1.000000 4
11566 1.000000 3
11569 1.000000 3
11573 1.000000 4
11577 1.000000 4
11580 1.000000 3
11585 1.000000 5
11589 1.000000 4
11593 1.000000 4
11596 1.000000 3
11599 1.000000 3
11604 0.000000 5
11608 1.000000 4
11611 1.000000 3
11615 -1.000000 4
11618 1.000000 3
11621 1.000000 3
11624 1.000000 3
11627 1.000000 3
11631 1.000000 4
11636 0.000000 5
11639 1.000000 3
11643 1.000000 4
11646 1.000000 3
11649 1.000000 3
11652 1.000000 3
11655 1.000000 3
11658 1.000000 3
11661 1.000000 3
11666 1.000000 5
11669 1.000000 3
11672 1.000000 3
11675 1.000000 3
11679 1.000000 4
11682 1.000000 3
11686 1.000000 4
11690 1.000000 4
11693 1.000000 3
11696 1.000000 3
11699 1.000000 3
11702 1.000000 3
11705 1.000000 3
11708 1.000000 3
11711 1.000000 3
11715 1.000000 4
11718 1.000000 3
11721 1.000000 3
11724 1.000000 3
11727 1.000000 3
11730 1.000000 3
11733 1.000000 3
11738 0.000000 5
11742 1.000000 4
11746 -1.000000 4
11749 1.000000 3
11752 1.000000 3
11756 1.000000 4
11759 1.000000 3
11763 -1.000000 4
11766 1.000000 3
11769 1.000000 3
11772 1.000000 3
11777 0.000000 5
11780 1.000000 3
11783 1.000000 3
11786 1.000000 3
11789 1.000000 3
11792 1.000000 3
11795 1.000000 3
11799 1.000000 4
11802 1.000000 3
11805 1.000000 3
11808 1.000000 3
11811 1.000000 3
11814 1.000000 3
11818 1.000000 4
11822 1.000000 4
11826 -1.000000 4
11829 1.000000 3
11832 1.000000 3
11835 1.000000 3
11839 -1.000000 4
11842 1.000000 3
11845 1.000000 3
11848 1.000000 3
11852 1.000000 4
11857 0.000000 5
11860 1.000000 3
11863 1.000000 3
11866 1.000000 3
11869 1.000000 3
11872 1.000000 3
11875 1.000000 3
11878 1.000000 3
11882 1.000000 4
11885 1.000000 3
11888 1.000000 3
11891 1.000000 3
11895 -1.000000 4
11898 1.000000 3
11903 0.000000 5
11907 1.000000 4
11911 1.000000 4
11914 1.000000 3
11918 1.000000 4
11922 1.000000 4
11925 1.000000 3
11929 1.000000 4
11932 1.000000 3
11935 1.000000 3
11938 1.000000 3
11941 1.000000 3
11944 1.000000 3
11947 1.000000 3
11950 1.000000 3
11953 1.000000 3
11956 1.000000 3
11960 1.000000 4
11964 1.000000 4
11967 1.000000 3
11970 1.000000 3
11973 1.000000 3
11976 1.000000 3
11979 1.000000 3
11983 -1.000000 4
11986 1.000000 3
11989 1.000000 3
11992 1.000000 3
11995 1.000000 3
11999 1.000000 4
12002 -1.000000 3
12005 1.000000 3
12008 1.000000 3
12013 0.000000 5
12016 1.000000 3
12019 -1.000000 3
12022 1.000000 3
12026 1.000000 4
12029 1.000000 3
12033 1.000000 4
12036 1.000000 3
12041 0.000000 5
12044 1.000000 3
12048 1.000000 4
12051 1.000000 3
12054 1.000000 3
12057 1.000000 3
12060 1.000000 3
12063 1.000000 3
12066 1.000000 3
12071 0.000000 5
12074 1.000000 3
12077 1.000000 3
12080 1.000000 3
12083 1.000000 3
12086 1.000000 3
12089 1.000000 3
12092 1.000000 3
12095 1.000000 3
12098 1.000000 3
12103 0.000000 5
12106 1.000000 3
12109 1.000000 3
12112 1.000000 3
12115 -1.000000 3
12118 1.000000 3
12121 1.000000 3
12125 1.000000 4
12128 1.000000 3
12131 1.000000 3
12136 0.000000 5
12139 1.000000 3
12144 0.000000 5
12147 1.000000 3
12150 1.000000 3
12153 1.000000 3
12158 0.000000 5
12161 1.000000 3
12165 1.000000 4
12168 -1.000000 3
12173 0.000000 5
12177 1.000000 4
12180 1.000000 3
12184 1.000000 4
12187 1.000000 3
12190 -1.000000 3
12193 -1.000000 3
12197 -1.000000 4
12200 1.000000 3
12203 1.000000 3
12206 1.000000 3
12209 1.000000 3
12212 1.000000 3
12215 1.000000 3
12218 1.000000 3
12221 1.000000 3
12224 1.000000 3
12227 1.000000 3
12230 1.000000 3
12234 1.000000 4
12237 1.000000 3
12240 1.000000 3
12244 1.000000 4
12247 1.000000 3
12251 -1.000000 4
12255 1.000000 4
12258 1.000000 3
12261 1.000000 3
12265 1.000000 4
12268 -1.000000 3
12271 1.000000 3
12275 1.000000 4
12278 1.000000 3
12282 1.000000 4
12285 1.000000 3
12288 1.000000 3
12291 1.000000 3
12295 1.000000 4
12298 1.000000 3
12301 1.000000 3
12304 1.000000 3
12307 1.000000 3
12310 1.000000 3
12314 1.000000 4
12318 1.000000 4
12321 1.000000 3
12326 0.000000 5
12329 1.000000 3
12332 1.000000 3
12336 1.000000 4
12339 1.000000 3
12342 1.000000 3
12345 1.000000 3
12348 1.000000 3
12352 1.000000 4
12356 1.000000 4
12359 1.000000 3
12362 1.000000 3
12367 0.000000 5
12370 1.000000 3
12373 1.000000 3
12377 1.000000 4
12380 1.000000 3
12383 1.000000 3
12386 1.000000 3
12390 1.000000 4
12393 1.000000 3
12397 1.000000 4
12400 1.000000 3
12403 1.000000 3
12407 1.000000 4
12410 1.000000 3
12413 1.000000 3
12418 0.000000 5
12421 1.000000 3
12424 1.000000 3
12428 1.000000 4
12431 1.000000 3
12435 1.000000 4
12438 1.000000 3
12441 1.000000 3
12444 1.000000 3
12447 -1.000000 3
12450 1.000000 3
12453 1.000000 3
12456 1.000000 3
12460 1.000000 4
12463 1.000000 3
12466 1.000000 3
12469 1.000000 3
12472 1.000000 3
12475 1.000000 3
12478 1.000000 3
12481 1.000000 3
12485 -1.000000 4
12488 1.000000 3
12491 1.000000 3
12495 1.000000 4
12498 1.000000 3
12501 1.000000 3
12504 -1.000000 3
12508 1.000000 4
12511 1.000000 3
12515 1.000000 4
12518 1.000000 3
12521 1.000000 3
12524 1.000000 3
12527 1.000000 3
12530 1.000000 3
12535 0.000000 5
12538 1.000000 3
12543 1.000000 5
12546 1.000000 3
12549 1.000000 3
12553 1.000000 4
12556 1.000000 3
12560 1.000000 4
12563 1.000000 3
12566 1.000000 3
12570 1.000000 4
12574 1.000000 4
12579 0.000000 5
12583 -1.000000 4
12586 1.000000 3
12589 1.000000 3
12593 1.000000 4
12598 0.000000 5
12601 1.000000 3
12606 0.000000 5
12609 1.000000 3
12613 -1.000000 4
12616 1.000000 3
12621 0.000000 5
12624 1.000000 3
12627 1.000000 3
12630 1.000000 3
12633 1.000000 3
12636 1.000000 3
12639 1.000000 3
12642 1.000000 3
12645 1.000000 3
12648 1.000000 3
12651 1.000000 3
12654 1.000000 3
12657 1.000000 3
12660 1.000000 3
12663 1.000000 3
12666 1.000000 3
12669 1.000000 3
12673 1.000000 4
12677 -1.000000 4
12680 1.000000 3
12683 1.000000 3
12686 1.000000 3
12689 1.000000 3
12693 -1.000000 4
12696 1.000000 3
12699 1.000000 3
12702 1.000000 3
12705 1.000000 3
12709 1.000000 4
12712 1.000000 3
12716 -1.000000 4
12719 -1.000000 3
12722 1.000000 3
12725 1.000000 3
12728 1.000000 3
12732 1.000000 4
12736 -1.000000 4
12739 1.000000 3
12743 1.000000 4
12747 1.000000 4
12750 1.000000 3
12753 1.000000 3
12757 1.000000 4
12760 1.000000 3
12765 1.000000 5
12768 -1.000000 3
12771 1.000000 3
12774 1.000000 3
12778 1.000000 4
12782 1.000000 4
12785 1.000000 3
12790 0.000000 5
12793 1.000000 3
12796 1.000000 3
12799 1.000000 3
12803 1.000000 4
12806 1.000000 3
12810 1.000000 4
12813 1.000000 3
12816 1.000000 3
12820 1.000000 4
12823 1.000000 3
12827 1.000000 4
12831 -1.000000 4
12834 1.000000 3
12837 1.000000 3
12840 -1.000000 3
12843 1.000000 3
12846 1.000000 3
12849 1.000000 3
12853 1.000000 4
12857 1.000000 4
12860 1.000000 3
12864 1.000000 4
12867 1.000000 3
12871 1.000000 4
12874 -1.000000 3
12877 1.000000 3
12882 0.000000 5
12885 1.000000 3
12888 1.000000 3
12891 1.000000 3
12894 1.000000 3
12897 -1.000000 3
12901 1.000000 4
12904 1.000000 3
12908 1.000000 4
12911 -1.000000 3
12914 1.000000 3
12918 1.000000 4
12921 1.000000 3
12925 1.000000 4
12928 1.000000 3
12932 1.000000 4
12935 1.000000 3
12938 1.000000 3
12941 1.000000 3
12944 1.000000 3
12947 1.000000 3
12950 1.000000 3
12953 1.000000 3
12957 1.000000 4
12960 -1.000000 3
12964 -1.000000 4
12967 1.000000 3
12970 1.000000 3
12973 1.000000 3
12976 1.000000 3
12979 1.000000 3
12983 1.000000 4
12986 1.000000 3
12991 0.000000 5
12994 1.000000 3
12998 1.000000 4
13001 1.000000 3
13004 1.000000 3
13007 1.000000 3
