4 1.000000 4
8 -1.000000 4
13 1.000000 5
17 1.000000 4
21 -1.000000 4
24 1.000000 3
28 -1.000000 4
31 1.000000 3
34 -1.000000 3
39 0.000000 5
42 -1.000000 3
46 1.000000 4
50 -1.000000 4
54 1.000000 4
57 -1.000000 3
61 -1.000000 4
65 1.000000 4
69 -1.000000 4
74 1.000000 5
78 1.000000 4
82 -1.000000 4
87 1.000000 5
91 -1.000000 4
94 -1.000000 3
99 1.000000 5
104 1.000000 5
107 -1.000000 3
111 1.000000 4
115 1.000000 4
120 1.000000 5
124 1.000000 4
129 1.000000 5
134 0.000000 5
138 1.000000 4
143 0.000000 5
147 1.000000 4
151 1.000000 4
156 1.000000 5
160 -1.000000 4
165 0.000000 5
170 1.000000 5
175 1.000000 5
179 1.000000 4
182 1.000000 3
187 1.000000 5
191 -1.000000 4
195 1.000000 4
198 -1.000000 3
202 -1.000000 4
207 1.000000 5
212 0.000000 5
216 1.000000 4
219 1.000000 3
222 1.000000 3
226 1.000000 4
230 1.000000 4
234 -1.000000 4
238 -1.000000 4
242 1.000000 4
247 1.000000 5
251 1.000000 4
255 1.000000 4
259 -1.000000 4
264 0.000000 5
267 1.000000 3
272 1.000000 5
276 1.000000 4
280 1.000000 4
284 -1.000000 4
289 1.000000 5
293 1.000000 4
296 1.000000 3
299 -1.000000 3
303 1.000000 4
308 0.000000 5
312 -1.000000 4
317 0.000000 5
320 1.000000 3
324 1.000000 4
328 1.000000 4
331 1.000000 3
336 1.000000 5
340 1.000000 4
344 -1.000000 4
349 0.000000 5
353 1.000000 4
357 -1.000000 4
361 1.000000 4
366 1.000000 5
371 0.000000 5
376 1.000000 5
380 -1.000000 4
385 1.000000 5
388 1.000000 3
391 1.000000 3
396 1.000000 5
400 1.000000 4
404 -1.000000 4
409 1.000000 5
413 1.000000 4
417 1.000000 4
421 1.000000 4
425 -1.000000 4
430 0.000000 5
433 1.000000 3
437 1.000000 4
442 1.000000 5
447 1.000000 5
450 -1.000000 3
455 1.000000 5
459 -1.000000 4
463 1.000000 4
467 -1.000000 4
472 1.000000 5
476 -1.000000 4
479 1.000000 3
482 -1.000000 3
487 0.000000 5
491 -1.000000 4
496 0.000000 5
500 1.000000 4
505 1.000000 5
510 1.000000 5
515 1.000000 5
519 -1.000000 4
523 -1.000000 4
527 1.000000 4
532 0.000000 5
536 1.000000 4
539 -1.000000 3
544 0.000000 5
549 1.000000 5
554 0.000000 5
559 1.000000 5
564 1.000000 5
568 1.000000 4
573 1.000000 5
578 1.000000 5
582 -1.000000 4
585 1.000000 3
590 0.000000 5
595 1.000000 5
600 1.000000 5
605 0.000000 5
608 -1.000000 3
611 -1.000000 3
615 -1.000000 4
618 1.000000 3
621 -1.000000 3
625 -1.000000 4
629 1.000000 4
633 1.000000 4
636 1.000000 3
640 -1.000000 4
644 1.000000 4
649 1.000000 5
654 1.000000 5
659 0.000000 5
663 -1.000000 4
667 1.000000 4
671 -1.000000 4
674 -1.000000 3
677 1.000000 3
682 1.000000 5
686 1.000000 4
690 -1.000000 4
694 1.000000 4
698 -1.000000 4
701 1.000000 3
705 -1.000000 4
709 1.000000 4
712 1.000000 3
715 -1.000000 3
719 -1.000000 4
723 1.000000 4
728 1.000000 5
733 0.000000 5
736 -1.000000 3
741 0.000000 5
745 1.000000 4
749 1.000000 4
753 1.000000 4
756 1.000000 3
761 0.000000 5
766 1.000000 5
771 1.000000 5
775 1.000000 4
779 1.000000 4
784 1.000000 5
788 -1.000000 4
793 0.000000 5
797 1.000000 4
801 -1.000000 4
805 1.000000 4
809 -1.000000 4
812 1.000000 3
816 -1.000000 4
819 1.000000 3
824 0.000000 5
828 1.000000 4
833 1.000000 5
838 1.000000 5
843 1.000000 5
847 1.000000 4
851 1.000000 4
855 -1.000000 4
860 1.000000 5
865 0.000000 5
869 1.000000 4
873 1.000000 4
878 1.000000 5
883 1.000000 5
886 -1.000000 3
890 -1.000000 4
895 1.000000 5
900 1.000000 5
904 -1.000000 4
908 1.000000 4
912 1.000000 4
916 -1.000000 4
919 1.000000 3
923 -1.000000 4
927 1.000000 4
932 0.000000 5
935 -1.000000 3
940 1.000000 5
944 -1.000000 4
947 -1.000000 3
952 1.000000 5
956 -1.000000 4
959 -1.000000 3
964 0.000000 5
967 -1.000000 3
972 1.000000 5
976 1.000000 4
980 -1.000000 4
985 1.000000 5
989 1.000000 4
993 1.000000 4
997 -1.000000 4
1001 -1.000000 4
1006 1.000000 5
1010 1.000000 4
1014 -1.000000 4
1018 -1.000000 4
1022 1.000000 4
1026 -1.000000 4
1029 1.000000 3
1033 1.000000 4
1038 1.000000 5
1042 -1.000000 4
1047 1.000000 5
1052 1.000000 5
1056 -1.000000 4
1060 -1.000000 4
1064 1.000000 4
1067 -1.000000 3
1071 1.000000 4
1074 1.000000 3
1077 -1.000000 3
1081 1.000000 4
1085 1.000000 4
1089 1.000000 4
1093 1.000000 4
1096 1.000000 3
1100 1.000000 4
1103 -1.000000 3
1106 1.000000 3
1111 1.000000 5
1115 1.000000 4
1120 1.000000 5
1125 0.000000 5
1128 1.000000 3
1132 1.000000 4
1136 1.000000 4
1141 1.000000 5
1146 1.000000 5
1151 1.000000 5
1156 1.000000 5
1160 1.000000 4
1163 -1.000000 3
1166 1.000000 3
1170 -1.000000 4
1175 1.000000 5
1179 -1.000000 4
1182 -1.000000 3
1186 -1.000000 4
1190 1.000000 4
1193 1.000000 3
1196 -1.000000 3
1201 1.000000 5
1206 1.000000 5
1211 0.000000 5
1215 1.000000 4
1220 1.000000 5
1225 0.000000 5
1228 1.000000 3
1232 1.000000 4
1235 -1.000000 3
1238 1.000000 3
1243 1.000000 5
1247 1.000000 4
1251 1.000000 4
1255 -1.000000 4
1258 1.000000 3
1261 1.000000 3
1265 -1.000000 4
1269 -1.000000 4
1273 -1.000000 4
1278 1.000000 5
1281 1.000000 3
1286 1.000000 5
1289 1.000000 3
1294 1.000000 5
1299 1.000000 5
1302 1.000000 3
1306 1.000000 4
1309 -1.000000 3
1313 -1.000000 4
1317 -1.000000 4
1322 0.000000 5
1325 1.000000 3
1329 -1.000000 4
1332 -1.000000 3
1337 0.000000 5
1341 1.000000 4
1346 1.000000 5
1349 1.000000 3
1354 0.000000 5
1358 1.000000 4
1361 1.000000 3
1365 1.000000 4
1368 1.000000 3
1372 -1.000000 4
1376 1.000000 4
1381 0.000000 5
1385 1.000000 4
1390 0.000000 5
1393 -1.000000 3
1397 1.000000 4
1401 1.000000 4
1406 0.000000 5
1411 0.000000 5
1415 -1.000000 4
1419 1.000000 4
1423 1.000000 4
1427 1.000000 4
1431 -1.000000 4
1435 1.000000 4
1440 1.000000 5
1445 0.000000 5
1449 1.000000 4
1453 -1.000000 4
1456 -1.000000 3
1460 -1.000000 4
1465 1.000000 5
1469 -1.000000 4
1473 -1.000000 4
1477 1.000000 4
1482 1.000000 5
1486 1.000000 4
1490 1.000000 4
1495 0.000000 5
1498 -1.000000 3
1503 0.000000 5
1508 1.000000 5
1512 -1.000000 4
1516 1.000000 4
1520 1.000000 4
1524 1.000000 4
1528 1.000000 4
1533 0.000000 5
1538 1.000000 5
1541 1.000000 3
1546 1.000000 5
1550 1.000000 4
1554 -1.000000 4
1558 1.000000 4
1562 -1.000000 4
1566 1.000000 4
1570 -1.000000 4
1575 1.000000 5
1579 -1.000000 4
1584 1.000000 5
1588 1.000000 4
1593 1.000000 5
1597 1.000000 4
1602 0.000000 5
1606 -1.000000 4
1609 -1.000000 3
1614 1.000000 5
1617 1.000000 3
1621 1.000000 4
1626 1.000000 5
1630 -1.000000 4
1634 1.000000 4
1638 1.000000 4
1642 1.000000 4
1646 1.000000 4
1650 -1.000000 4
1655 1.000000 5
1659 1.000000 4
1662 -1.000000 3
1667 0.000000 5
1672 1.000000 5
1676 -1.000000 4
1679 1.000000 3
1684 1.000000 5
1689 1.000000 5
1692 1.000000 3
1696 -1.000000 4
1700 1.000000 4
1705 0.000000 5
1708 1.000000 3
1711 -1.000000 3
1716 0.000000 5
1721 0.000000 5
1724 1.000000 3
1728 1.000000 4
1732 -1.000000 4
1737 0.000000 5
1742 1.000000 5
1747 1.000000 5
1752 1.000000 5
1757 0.000000 5
1762 1.000000 5
1766 1.000000 4
1770 1.000000 4
1774 -1.000000 4
1779 1.000000 5
1784 1.000000 5
1788 1.000000 4
1793 0.000000 5
1798 1.000000 5
1802 -1.000000 4
1807 1.000000 5
1811 -1.000000 4
1814 1.000000 3
1818 1.000000 4
1822 1.000000 4
1826 -1.000000 4
1831 1.000000 5
1835 -1.000000 4
1838 -1.000000 3
1842 -1.000000 4
1846 -1.000000 4
1851 1.000000 5
1856 1.000000 5
1861 0.000000 5
1865 1.000000 4
1870 0.000000 5
1874 -1.000000 4
1879 0.000000 5
1883 1.000000 4
1888 1.000000 5
1892 1.000000 4
1896 1.000000 4
1900 1.000000 4
1905 1.000000 5
1908 1.000000 3
1911 1.000000 3
1916 0.000000 5
1919 1.000000 3
1923 -1.000000 4
1926 1.000000 3
1930 -1.000000 4
1934 1.000000 4
1938 1.000000 4
1943 1.000000 5
1948 1.000000 5
1951 -1.000000 3
1955 1.000000 4
1960 1.000000 5
1965 0.000000 5
1970 0.000000 5
1975 0.000000 5
1978 1.000000 3
1982 -1.000000 4
1985 -1.000000 3
1990 0.000000 5
1994 1.000000 4
1998 1.000000 4
2002 -1.000000 4
2006 1.000000 4
2011 0.000000 5
2015 1.000000 4
2018 -1.000000 3
2023 0.000000 5
2027 1.000000 4
2031 1.000000 4
2036 0.000000 5
2041 1.000000 5
2046 0.000000 5
2050 1.000000 4
2054 -1.000000 4
2058 -1.000000 4
2063 1.000000 5
2067 1.000000 4
2070 -1.000000 3
2075 0.000000 5
2080 1.000000 5
2084 -1.000000 4
2089 0.000000 5
2093 1.000000 4
2097 -1.000000 4
2101 -1.000000 4
2104 1.000000 3
2109 1.000000 5
2113 1.000000 4
2118 1.000000 5
2121 1.000000 3
2125 -1.000000 4
2128 -1.000000 3
2133 1.000000 5
2138 0.000000 5
2142 -1.000000 4
2146 1.000000 4
2151 0.000000 5
2154 1.000000 3
2159 1.000000 5
2164 1.000000 5
2169 0.000000 5
2173 -1.000000 4
2177 -1.000000 4
2181 -1.000000 4
2184 -1.000000 3
2189 0.000000 5
2194 1.000000 5
2198 -1.000000 4
2203 1.000000 5
2207 1.000000 4
2211 1.000000 4
2214 1.000000 3
2218 1.000000 4
2223 1.000000 5
2227 -1.000000 4
2231 -1.000000 4
2234 1.000000 3
2237 1.000000 3
2240 -1.000000 3
2244 1.000000 4
2248 -1.000000 4
2252 -1.000000 4
2256 1.000000 4
2261 1.000000 5
2266 1.000000 5
2271 1.000000 5
2275 -1.000000 4
2280 1.000000 5
2285 0.000000 5
2289 -1.000000 4
2294 1.000000 5
2299 0.000000 5
2304 0.000000 5
2307 1.000000 3
2310 1.000000 3
2314 1.000000 4
2319 1.000000 5
2323 -1.000000 4
2326 1.000000 3
2330 -1.000000 4
2335 1.000000 5
2340 1.000000 5
2345 0.000000 5
2349 1.000000 4
2352 -1.000000 3
2356 -1.000000 4
2361 0.000000 5
2365 1.000000 4
2369 -1.000000 4
2373 -1.000000 4
2377 1.000000 4
2381 -1.000000 4
2384 -1.000000 3
2389 0.000000 5
2393 1.000000 4
2397 -1.000000 4
2401 1.000000 4
2404 -1.000000 3
2407 -1.000000 3
2412 1.000000 5
2416 1.000000 4
2421 0.000000 5
2425 1.000000 4
2429 -1.000000 4
2434 0.000000 5
2437 1.000000 3
2441 -1.000000 4
2446 0.000000 5
2450 -1.000000 4
2454 1.000000 4
2458 1.000000 4
2461 1.000000 3
2466 1.000000 5
2469 1.000000 3
2474 0.000000 5
2478 1.000000 4
2483 1.000000 5
2488 1.000000 5
2492 -1.000000 4
2496 1.000000 4
2500 1.000000 4
2503 1.000000 3
2508 1.000000 5
2512 -1.000000 4
2517 1.000000 5
2522 0.000000 5
2527 1.000000 5
2532 1.000000 5
2537 0.000000 5
2541 -1.000000 4
2545 1.000000 4
2550 1.000000 5
2554 1.000000 4
2559 1.000000 5
2564 0.000000 5
2569 1.000000 5
2573 1.000000 4
2578 0.000000 5
2583 1.000000 5
2587 -1.000000 4
2590 -1.000000 3
2595 1.000000 5
2599 -1.000000 4
2603 -1.000000 4
2607 -1.000000 4
2611 1.000000 4
2615 1.000000 4
2618 -1.000000 3
2621 1.000000 3
2626 1.000000 5
2631 1.000000 5
2634 -1.000000 3
2639 1.000000 5
2644 1.000000 5
2647 -1.000000 3
2652 1.000000 5
2657 1.000000 5
2661 1.000000 4
2665 1.000000 4
2668 -1.000000 3
2673 1.000000 5
2678 0.000000 5
2683 0.000000 5
2687 1.000000 4
2690 1.000000 3
2693 -1.000000 3
2698 1.000000 5
2703 0.000000 5
2707 -1.000000 4
2712 0.000000 5
2715 -1.000000 3
2719 -1.000000 4
2723 1.000000 4
2727 -1.000000 4
2731 -1.000000 4
2735 -1.000000 4
2739 1.000000 4
2743 -1.000000 4
2746 -1.000000 3
2749 -1.000000 3
2754 1.000000 5
2758 1.000000 4
2762 -1.000000 4
2765 -1.000000 3
2769 1.000000 4
2772 -1.000000 3
2776 1.000000 4
2780 -1.000000 4
2784 1.000000 4
2789 0.000000 5
2793 -1.000000 4
2797 -1.000000 4
2801 1.000000 4
2806 1.000000 5
2809 1.000000 3
2813 1.000000 4
2817 1.000000 4
2821 1.000000 4
2825 -1.000000 4
2829 1.000000 4
2834 1.000000 5
2837 1.000000 3
2841 -1.000000 4
2846 1.000000 5
2850 -1.000000 4
2855 1.000000 5
2860 0.000000 5
2865 1.000000 5
2870 0.000000 5
2875 1.000000 5
2879 1.000000 4
2884 0.000000 5
2888 1.000000 4
2892 1.000000 4
2896 1.000000 4
2901 1.000000 5
2904 1.000000 3
2909 1.000000 5
2914 1.000000 5
2918 1.000000 4
2923 1.000000 5
2928 1.000000 5
2932 1.000000 4
2937 0.000000 5
2940 -1.000000 3
2944 -1.000000 4
2947 -1.000000 3
2951 1.000000 4
2955 1.000000 4
2960 0.000000 5
2965 0.000000 5
2970 1.000000 5
2974 -1.000000 4
2977 1.000000 3
2981 1.000000 4
2986 0.000000 5
2989 1.000000 3
2992 -1.000000 3
2996 -1.000000 4
2999 1.000000 3
3003 -1.000000 4
3008 1.000000 5
3012 -1.000000 4
3017 0.000000 5
3020 -1.000000 3
3025 1.000000 5
3029 1.000000 4
3032 1.000000 3
3036 -1.000000 4
3040 1.000000 4
3044 1.000000 4
3049 1.000000 5
3054 0.000000 5
3059 0.000000 5
3064 0.000000 5
3068 -1.000000 4
3073 1.000000 5
3077 1.000000 4
3081 -1.000000 4
3086 1.000000 5
3090 -1.000000 4
3095 1.000000 5
3099 1.000000 4
3103 1.000000 4
3108 0.000000 5
3113 0.000000 5
3118 1.000000 5
3122 1.000000 4
3125 -1.000000 3
3129 -1.000000 4
3133 1.000000 4
3136 1.000000 3
3141 1.000000 5
3146 1.000000 5
3150 1.000000 4
3154 1.000000 4
3158 1.000000 4
3163 1.000000 5
3168 0.000000 5
3172 1.000000 4
3175 1.000000 3
3178 1.000000 3
3182 1.000000 4
3186 1.000000 4
3189 1.000000 3
3193 1.000000 4
3197 1.000000 4
3201 1.000000 4
3206 1.000000 5
3211 1.000000 5
3216 0.000000 5
3220 1.000000 4
3225 0.000000 5
3230 1.000000 5
3235 1.000000 5
3240 1.000000 5
3245 1.000000 5
3250 1.000000 5
3254 -1.000000 4
3257 1.000000 3
3261 1.000000 4
3265 -1.000000 4
3268 1.000000 3
3273 1.000000 5
3277 -1.000000 4
3281 -1.000000 4
3285 1.000000 4
3289 1.000000 4
3292 1.000000 3
3296 -1.000000 4
3300 -1.000000 4
3303 1.000000 3
3307 1.000000 4
3310 1.000000 3
3313 -1.000000 3
3317 1.000000 4
3322 1.000000 5
3326 -1.000000 4
3331 1.000000 5
3335 -1.000000 4
3339 -1.000000 4
3343 -1.000000 4
3347 -1.000000 4
3352 0.000000 5
3355 -1.000000 3
3359 -1.000000 4
3362 1.000000 3
3366 1.000000 4
3370 1.000000 4
3373 -1.000000 3
3377 1.000000 4
3381 1.000000 4
3385 -1.000000 4
3390 1.000000 5
3394 1.000000 4
3399 1.000000 5
3404 1.000000 5
3409 1.000000 5
3413 1.000000 4
3418 1.000000 5
3422 1.000000 4
3427 1.000000 5
3431 1.000000 4
3436 0.000000 5
3439 1.000000 3
3443 -1.000000 4
3447 -1.000000 4
3451 -1.000000 4
3456 1.000000 5
3461 0.000000 5
3464 -1.000000 3
3468 -1.000000 4
3472 1.000000 4
3477 1.000000 5
3482 1.000000 5
3486 1.000000 4
3489 -1.000000 3
3493 1.000000 4
3497 -1.000000 4
3501 1.000000 4
3506 0.000000 5
3511 1.000000 5
3516 1.000000 5
3521 1.000000 5
3524 -1.000000 3
3529 0.000000 5
3533 -1.000000 4
3537 1.000000 4
3542 1.000000 5
3545 1.000000 3
3548 1.000000 3
3553 0.000000 5
3557 1.000000 4
3562 0.000000 5
3566 1.000000 4
3571 0.000000 5
3574 -1.000000 3
3578 1.000000 4
3582 -1.000000 4
3586 1.000000 4
3589 -1.000000 3
3594 1.000000 5
3599 0.000000 5
3602 -1.000000 3
3606 1.000000 4
3610 1.000000 4
3614 1.000000 4
3619 1.000000 5
3623 1.000000 4
3627 -1.000000 4
3632 1.000000 5
3636 -1.000000 4
3641 0.000000 5
3645 -1.000000 4
3649 1.000000 4
3652 -1.000000 3
3656 1.000000 4
3660 1.000000 4
3664 1.000000 4
3669 1.000000 5
3673 1.000000 4
3677 1.000000 4
3682 1.000000 5
3687 0.000000 5
3692 1.000000 5
3696 -1.000000 4
3701 1.000000 5
3706 1.000000 5
3709 1.000000 3
3713 1.000000 4
3717 -1.000000 4
3722 1.000000 5
3726 -1.000000 4
3730 1.000000 4
3734 -1.000000 4
3738 -1.000000 4
3742 1.000000 4
3747 1.000000 5
3750 1.000000 3
3754 1.000000 4
3759 1.000000 5
3763 1.000000 4
3766 -1.000000 3
3771 1.000000 5
3775 1.000000 4
3779 1.000000 4
3783 -1.000000 4
3788 1.000000 5
3792 -1.000000 4
3797 1.000000 5
3802 1.000000 5
3806 1.000000 4
3809 -1.000000 3
3812 -1.000000 3
3815 -1.000000 3
3819 1.000000 4
3822 -1.000000 3
3826 -1.000000 4
3830 1.000000 4
3835 0.000000 5
3839 -1.000000 4
3843 1.000000 4
3847 1.000000 4
3850 1.000000 3
3853 -1.000000 3
3857 -1.000000 4
3860 1.000000 3
3864 1.000000 4
3868 -1.000000 4
3873 0.000000 5
3877 -1.000000 4
3881 1.000000 4
3885 1.000000 4
3888 1.000000 3
3892 1.000000 4
3896 1.000000 4
3900 1.000000 4
3903 -1.000000 3
3907 -1.000000 4
3912 1.000000 5
3916 1.000000 4
3920 1.000000 4
3924 -1.000000 4
3927 -1.000000 3
3930 1.000000 3
3934 -1.000000 4
3937 1.000000 3
3940 1.000000 3
3944 1.000000 4
3947 -1.000000 3
3950 -1.000000 3
3955 1.000000 5
3958 -1.000000 3
3962 -1.000000 4
3966 1.000000 4
3969 1.000000 3
3974 1.000000 5
3977 1.000000 3
3981 1.000000 4
3985 -1.000000 4
3989 -1.000000 4
3993 -1.000000 4
3997 1.000000 4
4001 1.000000 4
4005 1.000000 4
4008 1.000000 3
4011 -1.000000 3
4016 1.000000 5
4021 0.000000 5
4025 1.000000 4
4029 -1.000000 4
4033 1.000000 4
4038 1.000000 5
4041 -1.000000 3
4045 1.000000 4
4049 -1.000000 4
4052 1.000000 3
4055 -1.000000 3
4060 1.000000 5
4065 1.000000 5
4069 1.000000 4
4072 -1.000000 3
4076 -1.000000 4
4081 1.000000 5
4086 1.000000 5
4090 1.000000 4
4093 1.000000 3
4097 1.000000 4
4101 -1.000000 4
4106 0.000000 5
4111 0.000000 5
4116 1.000000 5
4119 1.000000 3
4122 1.000000 3
4126 -1.000000 4
4131 0.000000 5
4134 -1.000000 3
4139 1.000000 5
4144 0.000000 5
4148 1.000000 4
4152 1.000000 4
4156 -1.000000 4
4160 1.000000 4
4165 1.000000 5
4169 -1.000000 4
4173 1.000000 4
4176 1.000000 3
4179 1.000000 3
4182 1.000000 3
4186 1.000000 4
4191 1.000000 5
4195 -1.000000 4
4200 0.000000 5
4204 -1.000000 4
4209 1.000000 5
4214 0.000000 5
4218 1.000000 4
4222 1.000000 4
4225 -1.000000 3
4229 -1.000000 4
4233 1.000000 4
4238 0.000000 5
4242 -1.000000 4
4246 1.000000 4
4250 1.000000 4
4253 1.000000 3
4258 0.000000 5
4261 1.000000 3
4265 -1.000000 4
4270 1.000000 5
4275 0.000000 5
4280 0.000000 5
4284 1.000000 4
4288 1.000000 4
4292 1.000000 4
4296 1.000000 4
4300 1.000000 4
4305 1.000000 5
4310 0.000000 5
4315 0.000000 5
4319 1.000000 4
4324 1.000000 5
4329 1.000000 5
4332 -1.000000 3
4337 0.000000 5
4341 1.000000 4
4345 1.000000 4
4349 1.000000 4
4354 0.000000 5
4357 1.000000 3
4362 1.000000 5
4365 1.000000 3
4368 -1.000000 3
4372 -1.000000 4
4376 1.000000 4
4381 1.000000 5
4385 -1.000000 4
4390 1.000000 5
4394 1.000000 4
4398 1.000000 4
4403 1.000000 5
4408 1.000000 5
4412 -1.000000 4
4417 1.000000 5
4421 1.000000 4
4425 -1.000000 4
4430 1.000000 5
4434 1.000000 4
4437 -1.000000 3
4442 1.000000 5
4447 1.000000 5
4451 -1.000000 4
4456 1.000000 5
4459 1.000000 3
4463 -1.000000 4
4467 1.000000 4
4472 0.000000 5
4476 1.000000 4
4480 -1.000000 4
4484 1.000000 4
4488 -1.000000 4
4492 1.000000 4
4496 -1.000000 4
4501 1.000000 5
4505 1.000000 4
4509 1.000000 4
4514 0.000000 5
4518 -1.000000 4
4521 -1.000000 3
4526 1.000000 5
4531 1.000000 5
4536 1.000000 5
4540 1.000000 4
4543 -1.000000 3
4546 1.000000 3
4549 1.000000 3
4553 1.000000 4
4557 -1.000000 4
4560 1.000000 3
4564 1.000000 4
4569 1.000000 5
4573 1.000000 4
4577 1.000000 4
4582 1.000000 5
4587 1.000000 5
4591 -1.000000 4
4596 1.000000 5
4601 1.000000 5
4605 1.000000 4
4609 -1.000000 4
4612 1.000000 3
4615 1.000000 3
4619 1.000000 4
4624 1.000000 5
4628 -1.000000 4
4632 1.000000 4
4636 1.000000 4
4640 1.000000 4
4644 -1.000000 4
4649 1.000000 5
4653 1.000000 4
4657 1.000000 4
4661 1.000000 4
4666 0.000000 5
4671 0.000000 5
4674 1.000000 3
4679 1.000000 5
4682 -1.000000 3
4686 1.000000 4
4691 0.000000 5
4694 1.000000 3
4699 1.000000 5
4703 1.000000 4
4707 1.000000 4
4710 1.000000 3
4715 1.000000 5
4719 -1.000000 4
4724 1.000000 5
4729 0.000000 5
4732 -1.000000 3
4736 1.000000 4
4741 1.000000 5
4745 1.000000 4
4748 -1.000000 3
4752 1.000000 4
4757 0.000000 5
4761 1.000000 4
4765 -1.000000 4
4770 1.000000 5
4774 1.000000 4
4779 1.000000 5
4783 1.000000 4
4788 1.000000 5
4792 1.000000 4
4797 1.000000 5
4801 -1.000000 4
4805 1.000000 4
4810 0.000000 5
4814 1.000000 4
4818 1.000000 4
4821 1.000000 3
4826 1.000000 5
4831 1.000000 5
4835 1.000000 4
4840 0.000000 5
4844 -1.000000 4
4848 -1.000000 4
4852 -1.000000 4
4857 1.000000 5
4860 1.000000 3
4864 1.000000 4
4869 1.000000 5
4874 0.000000 5
4878 1.000000 4
4882 1.000000 4
4885 1.000000 3
4888 1.000000 3
4892 -1.000000 4
4896 1.000000 4
4901 1.000000 5
4905 1.000000 4
4908 -1.000000 3
4911 -1.000000 3
4914 1.000000 3
4918 -1.000000 4
4923 0.000000 5
4928 0.000000 5
4931 -1.000000 3
4935 1.000000 4
4939 1.000000 4
4942 1.000000 3
4945 -1.000000 3
4950 1.000000 5
4954 1.000000 4
4958 1.000000 4
4962 -1.000000 4
4966 1.000000 4
4970 1.000000 4
4974 -1.000000 4
4978 1.000000 4
4982 -1.000000 4
4987 1.000000 5
4992 0.000000 5
4997 0.000000 5
5002 0.000000 5
5007 0.000000 5
5011 -1.000000 4
5014 1.000000 3
5019 0.000000 5
5023 -1.000000 4
5027 -1.000000 4
5032 1.000000 5
5036 1.000000 4
5039 -1.000000 3
5042 1.000000 3
5047 1.000000 5
5052 1.000000 5
5057 1.000000 5
5060 1.000000 3
5065 0.000000 5
5069 -1.000000 4
5074 0.000000 5
5078 -1.000000 4
5083 1.000000 5
5087 -1.000000 4
5092 1.000000 5
5096 -1.000000 4
5100 -1.000000 4
5103 1.000000 3
5108 1.000000 5
5112 1.000000 4
5117 1.000000 5
5120 -1.000000 3
5124 1.000000 4
5128 -1.000000 4
5133 1.000000 5
5138 1.000000 5
5143 1.000000 5
5147 1.000000 4
5151 1.000000 4
5156 0.000000 5
5160 -1.000000 4
5165 1.000000 5
5170 0.000000 5
5174 1.000000 4
5177 1.000000 3
5181 1.000000 4
5186 0.000000 5
5190 1.000000 4
5194 1.000000 4
5199 0.000000 5
5204 1.000000 5
5208 1.000000 4
5211 -1.000000 3
5215 -1.000000 4
5218 1.000000 3
5222 1.000000 4
5226 1.000000 4
5230 -1.000000 4
5234 -1.000000 4
5239 0.000000 5
5243 -1.000000 4
5246 -1.000000 3
5250 -1.000000 4
5254 1.000000 4
5259 1.000000 5
5263 -1.000000 4
5267 1.000000 4
5271 1.000000 4
5276 1.000000 5
5280 1.000000 4
5284 1.000000 4
5288 -1.000000 4
5292 1.000000 4
5296 -1.000000 4
5300 1.000000 4
5305 1.000000 5
5310 0.000000 5
5314 1.000000 4
5317 1.000000 3
5320 1.000000 3
5323 1.000000 3
5327 1.000000 4
5330 1.000000 3
5334 1.000000 4
5338 1.000000 4
5341 1.000000 3
5344 1.000000 3
5348 -1.000000 4
5352 -1.000000 4
5357 1.000000 5
5361 1.000000 4
5365 1.000000 4
5369 -1.000000 4
5373 1.000000 4
5378 1.000000 5
5382 1.000000 4
5386 1.000000 4
5390 -1.000000 4
5393 -1.000000 3
5397 -1.000000 4
5401 1.000000 4
5406 1.000000 5
5410 1.000000 4
5415 0.000000 5
5418 -1.000000 3
5421 -1.000000 3
5425 -1.000000 4
5429 1.000000 4
5434 1.000000 5
5439 0.000000 5
5443 -1.000000 4
5447 -1.000000 4
5452 0.000000 5
5455 -1.000000 3
5460 1.000000 5
5463 -1.000000 3
5468 1.000000 5
5473 1.000000 5
5476 1.000000 3
5481 1.000000 5
5486 0.000000 5
5489 1.000000 3
5494 1.000000 5
5497 1.000000 3
5500 -1.000000 3
5504 1.000000 4
5509 1.000000 5
5514 0.000000 5
5519 0.000000 5
5522 1.000000 3
5526 1.000000 4
5531 1.000000 5
5536 1.000000 5
5539 -1.000000 3
5543 -1.000000 4
5548 0.000000 5
5552 1.000000 4
5557 1.000000 5
5560 -1.000000 3
5563 1.000000 3
5568 1.000000 5
5573 0.000000 5
5576 -1.000000 3
5581 0.000000 5
5584 1.000000 3
5587 -1.000000 3
5591 1.000000 4
5594 1.000000 3
5599 1.000000 5
5602 -1.000000 3
5606 1.000000 4
5611 0.000000 5
5616 1.000000 5
5619 -1.000000 3
5622 1.000000 3
5627 1.000000 5
5632 0.000000 5
5636 -1.000000 4
5640 -1.000000 4
5644 1.000000 4
5647 1.000000 3
5652 1.000000 5
5656 1.000000 4
5661 0.000000 5
5665 -1.000000 4
5669 1.000000 4
5673 1.000000 4
5677 1.000000 4
5682 1.000000 5
5686 1.000000 4
5689 -1.000000 3
5694 1.000000 5
5698 -1.000000 4
5703 1.000000 5
5707 1.000000 4
5710 1.000000 3
5713 -1.000000 3
5718 0.000000 5
5722 -1.000000 4
5726 1.000000 4
5731 0.000000 5
5735 1.000000 4
5739 1.000000 4
5743 1.000000 4
5746 1.000000 3
5750 -1.000000 4
5754 1.000000 4
5757 1.000000 3
5761 -1.000000 4
5764 -1.000000 3
5767 1.000000 3
5772 0.000000 5
5776 1.000000 4
5781 1.000000 5
5786 1.000000 5
5791 1.000000 5
5796 0.000000 5
5800 -1.000000 4
5804 1.000000 4
5808 1.000000 4
5812 -1.000000 4
5816 1.000000 4
5820 1.000000 4
5824 1.000000 4
5828 1.000000 4
5833 0.000000 5
5837 1.000000 4
5842 0.000000 5
5845 -1.000000 3
5850 1.000000 5
5853 1.000000 3
5857 1.000000 4
5861 -1.000000 4
5865 -1.000000 4
5870 0.000000 5
5874 1.000000 4
5878 1.000000 4
5883 1.000000 5
5887 -1.000000 4
5892 0.000000 5
5896 1.000000 4
5899 1.000000 3
5903 1.000000 4
5907 -1.000000 4
5911 1.000000 4
5916 1.000000 5
5921 1.000000 5
5926 1.000000 5
5930 -1.000000 4
5935 1.000000 5
5938 -1.000000 3
5942 1.000000 4
5947 1.000000 5
5951 1.000000 4
5956 1.000000 5
5961 1.000000 5
5965 1.000000 4
5969 -1.000000 4
5972 1.000000 3
5976 1.000000 4
5981 0.000000 5
5986 1.000000 5
5991 1.000000 5
5996 1.000000 5
6000 1.000000 4
6005 0.000000 5
6008 -1.000000 3
6013 1.000000 5
6017 -1.000000 4
6021 1.000000 4
6025 1.000000 4
6028 1.000000 3
6032 -1.000000 4
6035 1.000000 3
6039 1.000000 4
6043 1.000000 4
6046 -1.000000 3
6051 0.000000 5
6055 1.000000 4
6059 1.000000 4
6063 1.000000 4
6067 -1.000000 4
6071 -1.000000 4
6076 1.000000 5
6080 1.000000 4
6085 1.000000 5
6089 1.000000 4
6094 0.000000 5
6098 -1.000000 4
6101 -1.000000 3
6105 1.000000 4
6110 0.000000 5
6113 -1.000000 3
6117 1.000000 4
6122 1.000000 5
6127 1.000000 5
6131 1.000000 4
6135 1.000000 4
6140 0.000000 5
6143 -1.000000 3
6148 1.000000 5
6152 1.000000 4
6157 1.000000 5
6162 1.000000 5
6165 -1.000000 3
6168 -1.000000 3
6172 1.000000 4
6177 1.000000 5
6182 0.000000 5
6187 1.000000 5
6192 1.000000 5
6196 -1.000000 4
6201 0.000000 5
6204 -1.000000 3
6209 1.000000 5
6212 -1.000000 3
6216 1.000000 4
6220 1.000000 4
6224 -1.000000 4
6228 1.000000 4
6232 1.000000 4
6236 1.000000 4
6240 -1.000000 4
6243 1.000000 3
6247 1.000000 4
6252 0.000000 5
6256 -1.000000 4
6259 -1.000000 3
6263 1.000000 4
6267 1.000000 4
6272 1.000000 5
6275 1.000000 3
6279 1.000000 4
6283 -1.000000 4
6288 1.000000 5
6292 -1.000000 4
6297 1.000000 5
6301 -1.000000 4
6305 1.000000 4
6308 1.000000 3
6312 1.000000 4
6316 1.000000 4
6320 1.000000 4
6323 1.000000 3
6328 1.000000 5
6333 0.000000 5
6337 1.000000 4
6341 1.000000 4
6345 -1.000000 4
6348 -1.000000 3
6352 1.000000 4
6356 1.000000 4
6360 -1.000000 4
6364 1.000000 4
6368 1.000000 4
6372 1.000000 4
6375 1.000000 3
6379 -1.000000 4
6383 -1.000000 4
6387 1.000000 4
6391 -1.000000 4
6394 1.000000 3
6398 1.000000 4
6401 -1.000000 3
6405 1.000000 4
6410 0.000000 5
6413 -1.000000 3
6418 0.000000 5
6423 1.000000 5
6427 1.000000 4
6430 -1.000000 3
6434 1.000000 4
6438 1.000000 4
6443 1.000000 5
6447 -1.000000 4
6450 1.000000 3
6454 -1.000000 4
6457 -1.000000 3
6462 1.000000 5
6466 -1.000000 4
6471 1.000000 5
6475 1.000000 4
6479 -1.000000 4
6483 -1.000000 4
6487 1.000000 4
6491 -1.000000 4
6494 1.000000 3
6498 1.000000 4
6503 1.000000 5
6506 -1.000000 3
6509 -1.000000 3
6512 1.000000 3
6516 -1.000000 4
6521 1.000000 5
6524 -1.000000 3
6528 1.000000 4
6533 1.000000 5
6537 1.000000 4
6542 0.000000 5
6546 1.000000 4
6549 -1.000000 3
6553 1.000000 4
6556 1.000000 3
6560 1.000000 4
6564 1.000000 4
6568 1.000000 4
6572 1.000000 4
6576 -1.000000 4
6581 1.000000 5
6584 1.000000 3
6588 1.000000 4
6592 1.000000 4
6596 1.000000 4
6600 1.000000 4
6604 -1.000000 4
6608 1.000000 4
6613 1.000000 5
6616 1.000000 3
6619 1.000000 3
6623 1.000000 4
6627 1.000000 4
6632 1.000000 5
6636 1.000000 4
6639 -1.000000 3
6643 1.000000 4
6647 -1.000000 4
6650 -1.000000 3
6655 0.000000 5
6659 -1.000000 4
6663 -1.000000 4
6666 -1.000000 3
6670 -1.000000 4
6674 1.000000 4
6677 -1.000000 3
6681 -1.000000 4
6684 1.000000 3
6687 -1.000000 3
6692 0.000000 5
6697 0.000000 5
6702 0.000000 5
6707 1.000000 5
6711 1.000000 4
6715 1.000000 4
6719 1.000000 4
6723 1.000000 4
6726 -1.000000 3
6731 0.000000 5
6735 1.000000 4
6739 1.000000 4
6743 1.000000 4
6747 1.000000 4
6751 1.000000 4
6756 0.000000 5
6761 0.000000 5
6764 1.000000 3
6768 1.000000 4
6773 1.000000 5
6778 0.000000 5
6782 -1.000000 4
6786 1.000000 4
6790 1.000000 4
6794 1.000000 4
6799 0.000000 5
6804 1.000000 5
6808 -1.000000 4
6813 0.000000 5
6818 1.000000 5
6822 1.000000 4
6826 1.000000 4
6831 1.000000 5
6835 1.000000 4
6839 -1.000000 4
6843 -1.000000 4
6847 -1.000000 4
6851 -1.000000 4
6854 -1.000000 3
6859 1.000000 5
6863 -1.000000 4
6868 0.000000 5
6872 1.000000 4
6875 -1.000000 3
6880 0.000000 5
6885 0.000000 5
6890 1.000000 5
6894 1.000000 4
6899 1.000000 5
6902 1.000000 3
6907 0.000000 5
6911 -1.000000 4
6915 -1.000000 4
6918 1.000000 3
6923 1.000000 5
6928 1.000000 5
6932 1.000000 4
6936 1.000000 4
6940 1.000000 4
6945 0.000000 5
6949 1.000000 4
6953 -1.000000 4
6957 1.000000 4
6960 1.000000 3
6965 0.000000 5
6968 1.000000 3
6973 1.000000 5
6977 -1.000000 4
6980 1.000000 3
6983 -1.000000 3
6988 1.000000 5
6993 1.000000 5
6997 1.000000 4
7001 1.000000 4
7006 1.000000 5
7010 -1.000000 4
7015 1.000000 5
7018 -1.000000 3
7021 -1.000000 3
7024 -1.000000 3
7029 1.000000 5
7032 1.000000 3
7036 1.000000 4
7040 1.000000 4
7044 1.000000 4
7047 -1.000000 3
7052 1.000000 5
7055 1.000000 3
7059 -1.000000 4
7063 -1.000000 4
7066 1.000000 3
7070 1.000000 4
7075 0.000000 5
7080 0.000000 5
7085 0.000000 5
7089 -1.000000 4
7094 1.000000 5
7098 1.000000 4
7101 1.000000 3
7105 1.000000 4
7109 1.000000 4
7113 1.000000 4
7117 1.000000 4
7121 1.000000 4
7126 0.000000 5
7131 1.000000 5
7134 -1.000000 3
7137 1.000000 3
7140 1.000000 3
7144 -1.000000 4
7147 1.000000 3
7152 0.000000 5
7156 1.000000 4
7160 -1.000000 4
7165 1.000000 5
7170 1.000000 5
7175 1.000000 5
7180 1.000000 5
7185 1.000000 5
7189 1.000000 4
7193 1.000000 4
7197 1.000000 4
7200 1.000000 3
7203 1.000000 3
7208 0.000000 5
7212 1.000000 4
7216 1.000000 4
7220 1.000000 4
7225 1.000000 5
7229 1.000000 4
7232 1.000000 3
7237 1.000000 5
7241 -1.000000 4
7246 0.000000 5
7251 1.000000 5
7255 1.000000 4
7260 1.000000 5
7264 -1.000000 4
7268 -1.000000 4
7273 1.000000 5
7278 0.000000 5
7283 1.000000 5
7288 1.000000 5
7292 1.000000 4
7297 1.000000 5
7301 1.000000 4
7306 0.000000 5
7311 1.000000 5
7315 1.000000 4
7320 1.000000 5
7325 0.000000 5
7329 1.000000 4
7334 1.000000 5
7337 -1.000000 3
7342 1.000000 5
7347 1.000000 5
7352 0.000000 5
7357 1.000000 5
7360 -1.000000 3
7365 1.000000 5
7369 1.000000 4
7373 -1.000000 4
7378 0.000000 5
7382 1.000000 4
7387 1.000000 5
7392 0.000000 5
7397 1.000000 5
7401 1.000000 4
7406 1.000000 5
7410 1.000000 4
7413 -1.000000 3
7418 1.000000 5
7421 1.000000 3
7425 1.000000 4
7428 1.000000 3
7431 -1.000000 3
7435 -1.000000 4
7440 1.000000 5
7444 -1.000000 4
7448 1.000000 4
7453 0.000000 5
7456 -1.000000 3
7461 0.000000 5
7465 -1.000000 4
7469 1.000000 4
7472 -1.000000 3
7477 1.000000 5
7482 1.000000 5
7485 1.000000 3
7489 -1.000000 4
7494 0.000000 5
7498 -1.000000 4
7502 -1.000000 4
7506 1.000000 4
7511 1.000000 5
7516 0.000000 5
7520 1.000000 4
7525 1.000000 5
7529 -1.000000 4
7533 1.000000 4
7538 0.000000 5
7542 1.000000 4
7546 1.000000 4
7549 -1.000000 3
7553 1.000000 4
7556 -1.000000 3
7560 -1.000000 4
7563 -1.000000 3
7567 -1.000000 4
7572 1.000000 5
7577 0.000000 5
7582 1.000000 5
7586 -1.000000 4
7591 1.000000 5
7595 -1.000000 4
7600 1.000000 5
7603 -1.000000 3
7607 1.000000 4
7611 -1.000000 4
7614 1.000000 3
7618 -1.000000 4
7622 1.000000 4
7626 1.000000 4
7629 1.000000 3
7634 1.000000 5
7639 1.000000 5
7643 -1.000000 4
7646 1.000000 3
7649 -1.000000 3
7653 -1.000000 4
7657 1.000000 4
7661 1.000000 4
7665 -1.000000 4
7670 1.000000 5
7674 -1.000000 4
7678 1.000000 4
7682 1.000000 4
7686 -1.000000 4
7690 -1.000000 4
7695 1.000000 5
7699 1.000000 4
7702 1.000000 3
7707 0.000000 5
7711 -1.000000 4
7714 1.000000 3
7719 1.000000 5
7722 1.000000 3
7726 -1.000000 4
7730 -1.000000 4
7734 1.000000 4
7737 1.000000 3
7741 -1.000000 4
7745 1.000000 4
7748 1.000000 3
7752 1.000000 4
7755 1.000000 3
7760 1.000000 5
7763 1.000000 3
7768 0.000000 5
7772 1.000000 4
7777 1.000000 5
7781 1.000000 4
7786 0.000000 5
7790 1.000000 4
7793 1.000000 3
7796 1.000000 3
7800 -1.000000 4
7804 -1.000000 4
7808 1.000000 4
7811 -1.000000 3
7814 1.000000 3
7818 1.000000 4
7823 1.000000 5
7827 -1.000000 4
7831 -1.000000 4
7835 -1.000000 4
7839 -1.000000 4
7842 1.000000 3
7846 1.000000 4
7850 1.000000 4
7853 1.000000 3
7857 1.000000 4
7861 1.000000 4
7865 -1.000000 4
7868 -1.000000 3
7873 1.000000 5
7878 0.000000 5
7883 0.000000 5
7888 1.000000 5
7893 1.000000 5
7898 0.000000 5
7902 1.000000 4
7907 1.000000 5
7911 -1.000000 4
7916 1.000000 5
7921 0.000000 5
7924 1.000000 3
7929 1.000000 5
7932 -1.000000 3
7935 1.000000 3
7939 -1.000000 4
7943 1.000000 4
7948 1.000000 5
7952 1.000000 4
7957 0.000000 5
7961 1.000000 4
7965 1.000000 4
7968 1.000000 3
7972 1.000000 4
7977 0.000000 5
7981 -1.000000 4
7986 0.000000 5
7990 1.000000 4
7994 -1.000000 4
7999 0.000000 5
8003 1.000000 4
8008 1.000000 5
8013 0.000000 5
8018 0.000000 5
8021 -1.000000 3
8025 1.000000 4
8029 1.000000 4
8033 1.000000 4
8037 1.000000 4
8041 1.000000 4
8045 1.000000 4
8049 1.000000 4
8053 1.000000 4
8057 1.000000 4
8061 1.000000 4
8065 1.000000 4
8069 1.000000 4
8074 0.000000 5
8078 1.000000 4
8082 -1.000000 4
8085 1.000000 3
8090 0.000000 5
8093 1.000000 3
8098 1.000000 5
8101 1.000000 3
8105 -1.000000 4
8109 1.000000 4
8114 0.000000 5
8118 1.000000 4
8123 0.000000 5
8128 1.000000 5
8133 1.000000 5
8138 1.000000 5
8141 1.000000 3
8146 1.000000 5
8149 1.000000 3
8153 1.000000 4
8157 -1.000000 4
8160 -1.000000 3
8165 1.000000 5
8169 -1.000000 4
8173 1.000000 4
8178 0.000000 5
8181 1.000000 3
8185 -1.000000 4
8189 -1.000000 4
8193 -1.000000 4
8197 1.000000 4
8202 1.000000 5
8206 1.000000 4
8211 0.000000 5
8215 -1.000000 4
8220 1.000000 5
8224 -1.000000 4
8228 1.000000 4
8232 1.000000 4
8236 1.000000 4
8240 -1.000000 4
8244 1.000000 4
8247 -1.000000 3
8251 1.000000 4
8255 -1.000000 4
8259 1.000000 4
8262 -1.000000 3
8267 0.000000 5
8271 -1.000000 4
8274 1.000000 3
8279 1.000000 5
8283 -1.000000 4
8286 -1.000000 3
8290 -1.000000 4
8295 1.000000 5
8299 1.000000 4
8302 1.000000 3
8306 1.000000 4
8310 -1.000000 4
8314 -1.000000 4
8319 0.000000 5
8324 0.000000 5
8328 -1.000000 4
8333 1.000000 5
8338 0.000000 5
8343 1.000000 5
8347 1.000000 4
8351 1.000000 4
8356 0.000000 5
8361 1.000000 5
8365 -1.000000 4
8368 1.000000 3
8371 1.000000 3
8375 1.000000 4
8379 -1.000000 4
8384 1.000000 5
8388 1.000000 4
8392 -1.000000 4
8396 1.000000 4
8401 1.000000 5
8404 -1.000000 3
8407 -1.000000 3
8411 -1.000000 4
8414 1.000000 3
8418 1.000000 4
8422 -1.000000 4
8426 1.000000 4
8430 1.000000 4
8433 -1.000000 3
8438 1.000000 5
8442 -1.000000 4
8446 -1.000000 4
8450 1.000000 4
8454 1.000000 4
8459 1.000000 5
8462 1.000000 3
8466 1.000000 4
8471 1.000000 5
8475 1.000000 4
8478 1.000000 3
8483 1.000000 5
8487 -1.000000 4
8492 1.000000 5
8495 1.000000 3
8498 1.000000 3
8501 1.000000 3
8506 0.000000 5
8511 1.000000 5
8515 1.000000 4
8519 -1.000000 4
8523 1.000000 4
8528 1.000000 5
8531 -1.000000 3
8535 1.000000 4
8539 1.000000 4
8543 -1.000000 4
8547 1.000000 4
8550 1.000000 3
8554 -1.000000 4
8559 1.000000 5
8563 1.000000 4
8568 0.000000 5
8573 1.000000 5
8576 1.000000 3
8581 1.000000 5
8585 1.000000 4
8590 1.000000 5
8595 0.000000 5
8599 1.000000 4
8603 -1.000000 4
8608 1.000000 5
8612 1.000000 4
8616 -1.000000 4
8620 1.000000 4
8625 1.000000 5
8629 -1.000000 4
8633 -1.000000 4
8638 0.000000 5
8641 1.000000 3
8645 -1.000000 4
8650 1.000000 5
8655 0.000000 5
8658 -1.000000 3
8662 -1.000000 4
8666 1.000000 4
8670 1.000000 4
8675 0.000000 5
8680 1.000000 5
8684 1.000000 4
8689 1.000000 5
8694 1.000000 5
8698 1.000000 4
8702 1.000000 4
8706 1.000000 4
8711 1.000000 5
8714 -1.000000 3
8719 0.000000 5
8723 1.000000 4
8728 1.000000 5
8733 0.000000 5
8738 0.000000 5
8743 1.000000 5
8747 -1.000000 4
8751 -1.000000 4
8755 1.000000 4
8758 -1.000000 3
8763 1.000000 5
8766 1.000000 3
8770 -1.000000 4
8774 1.000000 4
8777 -1.000000 3
8782 1.000000 5
8786 1.000000 4
8791 1.000000 5
8796 0.000000 5
8799 1.000000 3
8803 -1.000000 4
8806 -1.000000 3
8811 1.000000 5
8816 0.000000 5
8819 -1.000000 3
8823 -1.000000 4
8827 1.000000 4
8832 1.000000 5
8836 1.000000 4
8840 1.000000 4
8843 -1.000000 3
8848 1.000000 5
8853 1.000000 5
8856 1.000000 3
8860 -1.000000 4
8864 -1.000000 4
8868 -1.000000 4
8873 1.000000 5
8878 1.000000 5
8881 -1.000000 3
8885 -1.000000 4
8888 1.000000 3
8891 1.000000 3
8895 1.000000 4
8900 0.000000 5
8905 1.000000 5
8908 -1.000000 3
8912 -1.000000 4
8915 1.000000 3
8919 1.000000 4
8924 0.000000 5
8928 1.000000 4
8933 1.000000 5
8937 1.000000 4
8942 1.000000 5
8945 -1.000000 3
8950 1.000000 5
8954 -1.000000 4
8957 1.000000 3
8960 1.000000 3
8965 0.000000 5
8969 -1.000000 4
8973 1.000000 4
8976 1.000000 3
8980 -1.000000 4
8984 1.000000 4
8988 -1.000000 4
8993 1.000000 5
8997 1.000000 4
9000 1.000000 3
9005 1.000000 5
9008 1.000000 3
9011 -1.000000 3
9016 1.000000 5
9020 1.000000 4
9024 1.000000 4
9028 1.000000 4
9032 1.000000 4
9037 0.000000 5
9041 -1.000000 4
9046 1.000000 5
9050 -1.000000 4
9053 -1.000000 3
9057 1.000000 4
9060 -1.000000 3
9065 1.000000 5
9070 1.000000 5
9074 1.000000 4
9079 1.000000 5
9084 1.000000 5
9089 1.000000 5
9093 -1.000000 4
9097 1.000000 4
9101 1.000000 4
9105 -1.000000 4
9110 1.000000 5
9114 1.000000 4
9117 -1.000000 3
9120 1.000000 3
9125 1.000000 5
9129 1.000000 4
9134 1.000000 5
9139 0.000000 5
9142 -1.000000 3
9147 1.000000 5
9150 1.000000 3
9154 1.000000 4
9159 1.000000 5
9163 -1.000000 4
9168 1.000000 5
9172 -1.000000 4
9177 0.000000 5
9182 1.000000 5
9186 1.000000 4
9190 1.000000 4
9194 -1.000000 4
9198 1.000000 4
9202 -1.000000 4
9206 -1.000000 4
9210 1.000000 4
9215 0.000000 5
9219 -1.000000 4
9224 0.000000 5
9228 -1.000000 4
9233 0.000000 5
9238 1.000000 5
9243 0.000000 5
9247 1.000000 4
9251 1.000000 4
9256 1.000000 5
9260 -1.000000 4
9264 -1.000000 4
9268 1.000000 4
9273 1.000000 5
9278 1.000000 5
9282 -1.000000 4
9286 1.000000 4
9291 1.000000 5
9295 1.000000 4
9299 -1.000000 4
9303 1.000000 4
9307 1.000000 4
9311 1.000000 4
9315 -1.000000 4
9320 0.000000 5
9323 1.000000 3
9328 0.000000 5
9332 -1.000000 4
9336 -1.000000 4
9339 -1.000000 3
9344 1.000000 5
9349 1.000000 5
9353 -1.000000 4
9356 1.000000 3
9359 -1.000000 3
9363 -1.000000 4
9367 -1.000000 4
9370 -1.000000 3
9374 1.000000 4
9378 -1.000000 4
9382 1.000000 4
9387 1.000000 5
9392 0.000000 5
9396 -1.000000 4
9401 1.000000 5
9405 1.000000 4
9410 0.000000 5
9415 0.000000 5
9419 1.000000 4
9423 -1.000000 4
9427 1.000000 4
9432 0.000000 5
9437 1.000000 5
9440 1.000000 3
9444 1.000000 4
9449 0.000000 5
9453 1.000000 4
9457 1.000000 4
9461 1.000000 4
9465 1.000000 4
9469 -1.000000 4
9473 -1.000000 4
9476 -1.000000 3
9481 0.000000 5
9485 1.000000 4
9488 -1.000000 3
9492 -1.000000 4
9496 1.000000 4
9500 -1.000000 4
9505 1.000000 5
9510 0.000000 5
9514 1.000000 4
9518 1.000000 4
9522 1.000000 4
9527 1.000000 5
9531 1.000000 4
9535 1.000000 4
9539 1.000000 4
9542 1.000000 3
9546 1.000000 4
9551 0.000000 5
9555 1.000000 4
9560 0.000000 5
9564 -1.000000 4
9567 1.000000 3
9572 1.000000 5
9577 1.000000 5
9580 -1.000000 3
9584 1.000000 4
9588 -1.000000 4
9592 1.000000 4
9595 1.000000 3
9598 -1.000000 3
9602 -1.000000 4
9605 1.000000 3
9609 1.000000 4
9614 0.000000 5
9618 -1.000000 4
9623 1.000000 5
9627 1.000000 4
9631 1.000000 4
9635 1.000000 4
9639 1.000000 4
9643 1.000000 4
9647 1.000000 4
9651 1.000000 4
9656 0.000000 5
9661 0.000000 5
9666 0.000000 5
9671 1.000000 5
9676 0.000000 5
9681 1.000000 5
9684 -1.000000 3
9688 1.000000 4
9692 -1.000000 4
9696 1.000000 4
9699 1.000000 3
9703 1.000000 4
9707 1.000000 4
9711 1.000000 4
9714 1.000000 3
9717 1.000000 3
9721 -1.000000 4
9725 1.000000 4
9730 0.000000 5
9734 1.000000 4
9738 -1.000000 4
9742 1.000000 4
9746 1.000000 4
9750 1.000000 4
9754 1.000000 4
9758 1.000000 4
9763 1.000000 5
9768 1.000000 5
9773 1.000000 5
9778 1.000000 5
9783 1.000000 5
9787 1.000000 4
9792 0.000000 5
9795 -1.000000 3
9800 1.000000 5
9805 1.000000 5
9809 -1.000000 4
9813 -1.000000 4
9818 1.000000 5
9823 0.000000 5
9827 1.000000 4
9831 -1.000000 4
9836 1.000000 5
9840 1.000000 4
9844 -1.000000 4
9849 1.000000 5
9854 1.000000 5
9858 1.000000 4
9862 -1.000000 4
9865 1.000000 3
9870 0.000000 5
9873 1.000000 3
9878 1.000000 5
9881 1.000000 3
9884 1.000000 3
9887 -1.000000 3
9892 0.000000 5
9897 0.000000 5
9900 -1.000000 3
9903 1.000000 3
9907 1.000000 4
9912 1.000000 5
9916 1.000000 4
9920 -1.000000 4
9924 1.000000 4
9928 1.000000 4
9933 1.000000 5
9937 -1.000000 4
9940 -1.000000 3
9943 -1.000000 3
9947 1.000000 4
9950 -1.000000 3
9954 -1.000000 4
9958 1.000000 4
9962 1.000000 4
9967 1.000000 5
9971 1.000000 4
9975 1.000000 4
9979 1.000000 4
9984 0.000000 5
9988 1.000000 4
9991 1.000000 3
9994 -1.000000 3
9998 1.000000 4
10003 0.000000 5
10006 -1.000000 3
10009 -1.000000 3
10012 -1.000000 3
10015 -1.000000 3
10018 -1.000000 3
10021 -1.000000 3
10024 -1.000000 3
10027 -1.000000 3
10030 -1.000000 3
10033 -1.000000 3
10036 -1.000000 3
10039 -1.000000 3
10042 -1.000000 3
10045 -1.000000 3
10048 -1.000000 3
10051 -1.000000 3
10054 -1.000000 3
10057 -1.000000 3
10060 -1.000000 3
10063 -1.000000 3
10066 -1.000000 3
10069 -1.000000 3
10072 -1.000000 3
10075 -1.000000 3
10078 -1.000000 3
10081 -1.000000 3
10084 -1.000000 3
10087 -1.000000 3
10090 -1.000000 3
10093 -1.000000 3
10096 -1.000000 3
10099 -1.000000 3
10102 -1.000000 3
10105 -1.000000 3
10108 -1.000000 3
10111 -1.000000 3
10114 -1.000000 3
10117 -1.000000 3
10120 -1.000000 3
10123 -1.000000 3
10126 -1.000000 3
10129 -1.000000 3
10132 -1.000000 3
10135 -1.000000 3
10138 -1.000000 3
10141 -1.000000 3
10144 -1.000000 3
10147 -1.000000 3
10150 -1.000000 3
10153 -1.000000 3
10156 -1.000000 3
10159 -1.000000 3
10162 -1.000000 3
10165 -1.000000 3
10168 -1.000000 3
10171 -1.000000 3
10174 -1.000000 3
10177 -1.000000 3
10180 -1.000000 3
10183 -1.000000 3
10186 -1.000000 3
10189 -1.000000 3
10192 -1.000000 3
10195 -1.000000 3
10198 -1.000000 3
10201 -1.000000 3
10204 -1.000000 3
10207 -1.000000 3
10210 -1.000000 3
10213 -1.000000 3
10216 -1.000000 3
10219 -1.000000 3
10222 -1.000000 3
10225 -1.000000 3
10228 -1.000000 3
10231 -1.000000 3
10234 -1.000000 3
10237 -1.000000 3
10240 -1.000000 3
10243 -1.000000 3
10246 -1.000000 3
10249 -1.000000 3
10252 -1.000000 3
10255 -1.000000 3
10258 -1.000000 3
10261 -1.000000 3
10264 -1.000000 3
10267 -1.000000 3
10270 -1.000000 3
10273 -1.000000 3
10276 -1.000000 3
10279 -1.000000 3
10282 -1.000000 3
10285 -1.000000 3
10288 -1.000000 3
10291 -1.000000 3
10294 -1.000000 3
10297 -1.000000 3
10300 -1.000000 3
10303 -1.000000 3
10306 -1.000000 3
10309 -1.000000 3
10312 -1.000000 3
10315 -1.000000 3
10318 -1.000000 3
10321 -1.000000 3
10324 -1.000000 3
10327 -1.000000 3
10330 -1.000000 3
10333 -1.000000 3
10336 -1.000000 3
10339 -1.000000 3
10342 -1.000000 3
10345 -1.000000 3
10348 -1.000000 3
10351 -1.000000 3
10354 -1.000000 3
10357 -1.000000 3
10360 -1.000000 3
10363 -1.000000 3
10366 -1.000000 3
10369 -1.000000 3
10372 -1.000000 3
10375 -1.000000 3
10378 -1.000000 3
10381 -1.000000 3
10384 -1.000000 3
10387 -1.000000 3
10390 -1.000000 3
10393 -1.000000 3
10396 -1.000000 3
10399 -1.000000 3
10402 -1.000000 3
10405 -1.000000 3
10408 -1.000000 3
10411 -1.000000 3
10414 -1.000000 3
10417 -1.000000 3
10420 -1.000000 3
10423 -1.000000 3
10426 -1.000000 3
10429 -1.000000 3
10432 -1.000000 3
10435 -1.000000 3
10438 -1.000000 3
10441 -1.000000 3
10444 -1.000000 3
10447 -1.000000 3
10450 -1.000000 3
10453 -1.000000 3
10456 -1.000000 3
10459 -1.000000 3
10462 -1.000000 3
10465 -1.000000 3
10468 -1.000000 3
10471 -1.000000 3
10474 -1.000000 3
10477 -1.000000 3
10480 -1.000000 3
10483 -1.000000 3
10486 -1.000000 3
10489 -1.000000 3
10492 -1.000000 3
10495 -1.000000 3
10498 -1.000000 3
10501 -1.000000 3
10504 -1.000000 3
10507 -1.000000 3
10510 -1.000000 3
10513 -1.000000 3
10516 -1.000000 3
10519 -1.000000 3
10522 -1.000000 3
10525 -1.000000 3
10528 -1.000000 3
10531 -1.000000 3
10534 -1.000000 3
10537 -1.000000 3
10540 -1.000000 3
10543 -1.000000 3
10546 -1.000000 3
10549 -1.000000 3
10552 -1.000000 3
10555 -1.000000 3
10558 -1.000000 3
10561 -1.000000 3
10564 -1.000000 3
10567 -1.000000 3
10570 -1.000000 3
10573 -1.000000 3
10576 -1.000000 3
10579 -1.000000 3
10582 -1.000000 3
10585 -1.000000 3
10588 -1.000000 3
10591 -1.000000 3
10594 -1.000000 3
10597 -1.000000 3
10600 -1.000000 3
10603 -1.000000 3
10606 -1.000000 3
10609 -1.000000 3
10612 -1.000000 3
10615 -1.000000 3
10618 -1.000000 3
10621 -1.000000 3
10624 -1.000000 3
10627 -1.000000 3
10630 -1.000000 3
10633 -1.000000 3
10636 -1.000000 3
10639 -1.000000 3
10642 -1.000000 3
10645 -1.000000 3
10648 -1.000000 3
10651 -1.000000 3
10654 -1.000000 3
10657 -1.000000 3
10660 -1.000000 3
10663 -1.000000 3
10666 -1.000000 3
10669 -1.000000 3
10672 -1.000000 3
10675 -1.000000 3
10678 -1.000000 3
10681 -1.000000 3
10684 -1.000000 3
10687 -1.000000 3
10690 -1.000000 3
10693 -1.000000 3
10696 -1.000000 3
10699 -1.000000 3
10702 -1.000000 3
10705 -1.000000 3
10708 -1.000000 3
10711 -1.000000 3
10714 -1.000000 3
10717 -1.000000 3
10720 -1.000000 3
10723 -1.000000 3
10726 -1.000000 3
10729 -1.000000 3
10732 -1.000000 3
10735 -1.000000 3
10738 -1.000000 3
10741 -1.000000 3
10744 -1.000000 3
10747 -1.000000 3
10750 -1.000000 3
10753 -1.000000 3
10756 -1.000000 3
10759 -1.000000 3
10762 -1.000000 3
10765 -1.000000 3
10768 -1.000000 3
10771 -1.000000 3
10774 -1.000000 3
10777 -1.000000 3
10780 -1.000000 3
10783 -1.000000 3
10786 -1.000000 3
10789 -1.000000 3
10792 -1.000000 3
10795 -1.000000 3
10798 -1.000000 3
10801 -1.000000 3
10804 -1.000000 3
10807 -1.000000 3
10810 -1.000000 3
10813 -1.000000 3
10816 -1.000000 3
10819 -1.000000 3
10822 -1.000000 3
10825 -1.000000 3
10828 -1.000000 3
10831 -1.000000 3
10834 -1.000000 3
10837 -1.000000 3
10840 -1.000000 3
10843 -1.000000 3
10846 -1.000000 3
10849 -1.000000 3
10852 -1.000000 3
10855 -1.000000 3
10858 -1.000000 3
10861 -1.000000 3
10864 -1.000000 3
10867 -1.000000 3
10870 -1.000000 3
10873 -1.000000 3
10876 -1.000000 3
10879 -1.000000 3
10882 -1.000000 3
10885 -1.000000 3
10888 -1.000000 3
10891 -1.000000 3
10894 -1.000000 3
10897 -1.000000 3
10900 -1.000000 3
10903 -1.000000 3
10906 -1.000000 3
10909 -1.000000 3
10912 -1.000000 3
10915 -1.000000 3
10918 -1.000000 3
10921 -1.000000 3
10924 -1.000000 3
10927 -1.000000 3
10930 -1.000000 3
10933 -1.000000 3
10936 -1.000000 3
10939 -1.000000 3
10942 -1.000000 3
10945 -1.000000 3
10948 -1.000000 3
10951 -1.000000 3
10954 -1.000000 3
10957 -1.000000 3
10960 -1.000000 3
10963 -1.000000 3
10966 -1.000000 3
10969 -1.000000 3
10972 -1.000000 3
10975 -1.000000 3
10978 -1.000000 3
10981 -1.000000 3
10984 -1.000000 3
10987 -1.000000 3
10990 -1.000000 3
10993 -1.000000 3
10996 -1.000000 3
10999 -1.000000 3
11002 -1.000000 3
11005 -1.000000 3
11009 1.000000 4
11012 1.000000 3
11016 1.000000 4
11019 1.000000 3
11023 1.000000 4
11027 1.000000 4
11031 1.000000 4
11034 1.000000 3
11038 1.000000 4
11042 1.000000 4
11046 1.000000 4
11050 1.000000 4
11055 0.000000 5
11058 1.000000 3
11061 1.000000 3
11065 1.000000 4
11069 1.000000 4
11073 1.000000 4
11077 1.000000 4
11081 1.000000 4
11085 1.000000 4
11088 1.000000 3
11092 1.000000 4
11095 1.000000 3
11099 1.000000 4
11103 1.000000 4
11106 1.000000 3
11110 1.000000 4
11114 1.000000 4
11118 -1.000000 4
11121 1.000000 3
11125 1.000000 4
11129 1.000000 4
11133 1.000000 4
11137 1.000000 4
11141 1.000000 4
11144 1.000000 3
11148 1.000000 4
11152 1.000000 4
11156 1.000000 4
11160 1.000000 4
11164 1.000000 4
11167 1.000000 3
11171 1.000000 4
11175 1.000000 4
11178 -1.000000 3
11182 1.000000 4
11186 1.000000 4
11190 -1.000000 4
11193 1.000000 3
11197 1.000000 4
11201 1.000000 4
11205 1.000000 4
11208 -1.000000 3
11212 1.000000 4
11216 1.000000 4
11219 -1.000000 3
11223 1.000000 4
11227 1.000000 4
11232 0.000000 5
11236 1.000000 4
11240 1.000000 4
11243 1.000000 3
11247 -1.000000 4
11251 1.000000 4
11255 1.000000 4
11259 1.000000 4
11263 1.000000 4
11267 1.000000 4
11271 1.000000 4
11274 1.000000 3
11278 1.000000 4
11282 1.000000 4
11287 1.000000 5
11290 1.000000 3
11293 1.000000 3
11297 1.000000 4
11301 1.000000 4
11304 -1.000000 3
11308 1.000000 4
11312 1.000000 4
11316 1.000000 4
11320 1.000000 4
11324 1.000000 4
11328 -1.000000 4
11332 1.000000 4
11337 0.000000 5
11342 0.000000 5
11346 -1.000000 4
11350 1.000000 4
11354 1.000000 4
11357 1.000000 3
11361 1.000000 4
11365 1.000000 4
11368 -1.000000 3
11372 1.000000 4
11376 1.000000 4
11380 1.000000 4
11383 1.000000 3
11387 1.000000 4
11391 -1.000000 4
11394 -1.000000 3
11397 1.000000 3
11401 1.000000 4
11405 1.000000 4
11410 0.000000 5
11414 1.000000 4
11418 1.000000 4
11422 1.000000 4
11425 1.000000 3
11430 1.000000 5
11434 1.000000 4
11438 1.000000 4
11442 1.000000 4
11446 1.000000 4
11449 1.000000 3
11453 1.000000 4
11457 1.000000 4
11461 1.000000 4
11465 1.000000 4
11469 1.000000 4
11474 0.000000 5
11478 1.000000 4
11482 1.000000 4
11486 1.000000 4
11489 -1.000000 3
11492 -1.000000 3
11495 -1.000000 3
11499 1.000000 4
11502 1.000000 3
11507 0.000000 5
11512 0.000000 5
11515 -1.000000 3
11519 1.000000 4
11523 1.000000 4
11527 -1.000000 4
11531 1.000000 4
11535 1.000000 4
11539 1.000000 4
11543 1.000000 4
11546 1.000000 3
11550 1.000000 4
11554 1.000000 4
11558 1.000000 4
11562 1.000000 4
11565 1.000000 3
11569 1.000000 4
11573 1.000000 4
11577 1.000000 4
11581 1.000000 4
11585 1.000000 4
11589 1.000000 4
11593 1.000000 4
11596 -1.000000 3
11600 1.000000 4
11605 0.000000 5
11609 1.000000 4
11614 0.000000 5
11618 1.000000 4
11622 1.000000 4
11626 1.000000 4
11630 1.000000 4
11634 1.000000 4
11637 -1.000000 3
11642 0.000000 5
11646 1.000000 4
11650 1.000000 4
11654 1.000000 4
11658 1.000000 4
11661 1.000000 3
11664 1.000000 3
11669 0.000000 5
11673 1.000000 4
11677 1.000000 4
11681 1.000000 4
11685 1.000000 4
11690 0.000000 5
11693 1.000000 3
11697 1.000000 4
11702 0.000000 5
11706 1.000000 4
11710 1.000000 4
11714 1.000000 4
11718 1.000000 4
11722 1.000000 4
11726 1.000000 4
11729 1.000000 3
11733 1.000000 4
11737 1.000000 4
11742 0.000000 5
11746 1.000000 4
11750 1.000000 4
11754 1.000000 4
11758 1.000000 4
11762 1.000000 4
11767 0.000000 5
11771 1.000000 4
11775 1.000000 4
11779 1.000000 4
11783 1.000000 4
11787 1.000000 4
11791 1.000000 4
11795 1.000000 4
11799 1.000000 4
11803 1.000000 4
11807 1.000000 4
11811 1.000000 4
11815 -1.000000 4
11818 1.000000 3
11821 1.000000 3
11825 1.000000 4
11829 1.000000 4
11833 1.000000 4
11837 1.000000 4
11840 1.000000 3
11844 1.000000 4
11848 1.000000 4
11852 1.000000 4
11856 1.000000 4
11860 1.000000 4
11864 1.000000 4
11867 1.000000 3
11871 1.000000 4
11875 1.000000 4
11879 1.000000 4
11884 0.000000 5
11889 0.000000 5
11893 1.000000 4
11897 1.000000 4
11900 1.000000 3
11904 1.000000 4
11908 1.000000 4
11912 1.000000 4
11915 -1.000000 3
11919 1.000000 4
11923 1.000000 4
11927 1.000000 4
11931 1.000000 4
11935 1.000000 4
11939 1.000000 4
11943 1.000000 4
11946 -1.000000 3
11949 1.000000 3
11953 1.000000 4
11956 1.000000 3
11959 -1.000000 3
11963 1.000000 4
11966 1.000000 3
11970 1.000000 4
11973 -1.000000 3
11977 1.000000 4
11982 0.000000 5
11985 -1.000000 3
11989 1.000000 4
11993 1.000000 4
11997 1.000000 4
12001 1.000000 4
12004 -1.000000 3
12007 1.000000 3
12011 1.000000 4
12014 1.000000 3
12017 1.000000 3
12021 1.000000 4
12024 -1.000000 3
12028 1.000000 4
12032 1.000000 4
12036 1.000000 4
12040 1.000000 4
12044 1.000000 4
12048 1.000000 4
12052 1.000000 4
12056 1.000000 4
12060 1.000000 4
12063 1.000000 3
12068 0.000000 5
12072 1.000000 4
12076 1.000000 4
12080 1.000000 4
12084 1.000000 4
12087 1.000000 3
12090 1.000000 3
12094 1.000000 4
12098 1.000000 4
12101 1.000000 3
12106 0.000000 5
12109 1.000000 3
12113 -1.000000 4
12117 1.000000 4
12120 -1.000000 3
12124 1.000000 4
12127 1.000000 3
12130 -1.000000 3
12134 -1.000000 4
12138 -1.000000 4
12142 1.000000 4
12145 1.000000 3
12149 1.000000 4
12153 1.000000 4
12157 1.000000 4
12160 1.000000 3
12164 1.000000 4
12167 1.000000 3
12170 1.000000 3
12174 1.000000 4
12177 1.000000 3
12180 1.000000 3
12184 1.000000 4
12188 1.000000 4
12192 1.000000 4
12196 1.000000 4
12200 1.000000 4
12204 1.000000 4
12208 1.000000 4
12212 1.000000 4
12216 1.000000 4
12220 -1.000000 4
12224 1.000000 4
12228 1.000000 4
12232 1.000000 4
12236 1.000000 4
12240 1.000000 4
12243 1.000000 3
12247 1.000000 4
12250 1.000000 3
12254 1.000000 4
12257 1.000000 3
12261 1.000000 4
12265 1.000000 4
12269 1.000000 4
12273 1.000000 4
12278 0.000000 5
12282 1.000000 4
12286 1.000000 4
12290 1.000000 4
12294 1.000000 4
12299 0.000000 5
12303 1.000000 4
12307 1.000000 4
12311 1.000000 4
12315 -1.000000 4
12319 1.000000 4
12322 -1.000000 3
12326 1.000000 4
12330 1.000000 4
12334 1.000000 4
12337 1.000000 3
12341 1.000000 4
12345 1.000000 4
12348 1.000000 3
12353 0.000000 5
12356 -1.000000 3
12360 1.000000 4
12365 0.000000 5
12369 1.000000 4
12373 1.000000 4
12377 1.000000 4
12381 1.000000 4
12385 1.000000 4
12389 1.000000 4
12393 -1.000000 4
12396 1.000000 3
12399 -1.000000 3
12403 1.000000 4
12407 1.000000 4
12411 1.000000 4
12414 1.000000 3
12418 1.000000 4
12421 -1.000000 3
12424 1.000000 3
12428 1.000000 4
12432 -1.000000 4
12435 1.000000 3
12439 1.000000 4
12443 1.000000 4
12447 1.000000 4
12451 1.000000 4
12455 1.000000 4
12459 1.000000 4
12463 1.000000 4
12468 1.000000 5
12472 1.000000 4
12476 1.000000 4
12480 1.000000 4
12484 1.000000 4
12488 1.000000 4
12492 1.000000 4
12496 1.000000 4
12499 1.000000 3
12503 1.000000 4
12508 0.000000 5
12512 1.000000 4
12516 1.000000 4
12520 1.000000 4
12524 1.000000 4
12528 1.000000 4
12532 1.000000 4
12536 1.000000 4
12541 0.000000 5
12544 1.000000 3
12548 1.000000 4
12552 1.000000 4
12556 1.000000 4
12560 1.000000 4
12564 1.000000 4
12568 1.000000 4
12572 1.000000 4
12576 1.000000 4
12579 -1.000000 3
12584 0.000000 5
12588 1.000000 4
12592 1.000000 4
12597 0.000000 5
12600 -1.000000 3
12603 1.000000 3
12607 1.000000 4
12611 1.000000 4
12615 1.000000 4
12619 1.000000 4
12623 1.000000 4
12627 -1.000000 4
12631 1.000000 4
12635 1.000000 4
12639 1.000000 4
12642 1.000000 3
12646 -1.000000 4
12649 1.000000 3
12653 1.000000 4
12656 1.000000 3
12659 -1.000000 3
12663 1.000000 4
12667 1.000000 4
12670 1.000000 3
12674 1.000000 4
12678 1.000000 4
12682 1.000000 4
12686 -1.000000 4
12689 1.000000 3
12693 1.000000 4
12697 -1.000000 4
12700 1.000000 3
12704 1.000000 4
12707 1.000000 3
12711 1.000000 4
12715 1.000000 4
12719 -1.000000 4
12723 1.000000 4
12726 1.000000 3
12730 1.000000 4
12734 1.000000 4
12738 1.000000 4
12742 1.000000 4
12746 -1.000000 4
12750 1.000000 4
12753 1.000000 3
12757 1.000000 4
12761 1.000000 4
12765 1.000000 4
12768 1.000000 3
12773 1.000000 5
12777 1.000000 4
12780 1.000000 3
12785 0.000000 5
12789 1.000000 4
12793 1.000000 4
12797 1.000000 4
12802 0.000000 5
12806 1.000000 4
12810 1.000000 4
12814 1.000000 4
12818 1.000000 4
12821 -1.000000 3
12825 1.000000 4
12829 -1.000000 4
12833 -1.000000 4
12836 -1.000000 3
12840 1.000000 4
12844 1.000000 4
12848 1.000000 4
12852 1.000000 4
12857 0.000000 5
12861 1.000000 4
12864 1.000000 3
12868 1.000000 4
12872 1.000000 4
12876 1.000000 4
12880 1.000000 4
12884 1.000000 4
12888 1.000000 4
12891 1.000000 3
12894 -1.000000 3
12898 1.000000 4
12901 1.000000 3
12905 1.000000 4
12909 1.000000 4
12913 1.000000 4
12917 1.000000 4
12922 0.000000 5
12925 1.000000 3
12928 1.000000 3
12932 1.000000 4
12936 1.000000 4
12939 1.000000 3
12943 1.000000 4
12947 1.000000 4
12950 -1.000000 3
12954 1.000000 4
12958 1.000000 4
12963 0.000000 5
12967 1.000000 4
12971 1.000000 4
12975 1.000000 4
12979 1.000000 4
12983 1.000000 4
12987 1.000000 4
12990 1.000000 3
12994 1.000000 4
12997 1.000000 3
13001 -1.000000 4
13005 1.000000 4
13009 1.000000 4
