3 1.000000 3
7 1.000000 4
11 -1.000000 4
16 0.000000 5
20 -1.000000 4
24 -1.000000 4
28 -1.000000 4
33 0.000000 5
37 1.000000 4
42 0.000000 5
45 1.000000 3
48 -1.000000 3
52 -1.000000 4
56 1.000000 4
61 1.000000 5
65 -1.000000 4
69 1.000000 4
73 1.000000 4
78 0.000000 5
81 -1.000000 3
85 -1.000000 4
89 1.000000 4
93 1.000000 4
96 -1.000000 3
99 1.000000 3
103 1.000000 4
107 -1.000000 4
112 0.000000 5
115 1.000000 3
118 -1.000000 3
122 -1.000000 4
125 -1.000000 3
129 1.000000 4
133 1.000000 4
136 1.000000 3
140 1.000000 4
143 -1.000000 3
148 1.000000 5
151 -1.000000 3
156 0.000000 5
160 -1.000000 4
164 1.000000 4
168 1.000000 4
173 1.000000 5
177 1.000000 4
181 1.000000 4
185 -1.000000 4
190 1.000000 5
194 -1.000000 4
197 -1.000000 3
201 1.000000 4
204 -1.000000 3
208 -1.000000 4
213 0.000000 5
217 -1.000000 4
220 -1.000000 3
225 1.000000 5
228 -1.000000 3
233 1.000000 5
237 1.000000 4
241 1.000000 4
245 1.000000 4
249 -1.000000 4
252 -1.000000 3
257 1.000000 5
262 1.000000 5
266 1.000000 4
270 1.000000 4
275 1.000000 5
280 1.000000 5
285 0.000000 5
289 1.000000 4
294 0.000000 5
298 1.000000 4
302 -1.000000 4
307 0.000000 5
312 0.000000 5
317 1.000000 5
320 1.000000 3
325 1.000000 5
328 1.000000 3
332 1.000000 4
336 -1.000000 4
340 1.000000 4
343 1.000000 3
348 1.000000 5
353 1.000000 5
357 -1.000000 4
361 1.000000 4
366 0.000000 5
369 1.000000 3
373 1.000000 4
376 -1.000000 3
381 0.000000 5
385 1.000000 4
389 1.000000 4
392 1.000000 3
397 0.000000 5
400 -1.000000 3
405 1.000000 5
409 1.000000 4
413 1.000000 4
418 0.000000 5
422 -1.000000 4
425 1.000000 3
428 1.000000 3
432 1.000000 4
436 1.000000 4
439 1.000000 3
443 1.000000 4
448 0.000000 5
452 1.000000 4
457 1.000000 5
460 1.000000 3
464 1.000000 4
468 1.000000 4
473 0.000000 5
477 -1.000000 4
481 1.000000 4
486 1.000000 5
491 1.000000 5
495 1.000000 4
500 1.000000 5
504 1.000000 4
507 -1.000000 3
510 -1.000000 3
513 -1.000000 3
517 1.000000 4
521 1.000000 4
526 1.000000 5
530 1.000000 4
534 -1.000000 4
538 -1.000000 4
542 1.000000 4
547 1.000000 5
552 1.000000 5
556 1.000000 4
561 1.000000 5
566 1.000000 5
571 1.000000 5
575 -1.000000 4
578 -1.000000 3
583 1.000000 5
586 -1.000000 3
590 -1.000000 4
595 1.000000 5
599 1.000000 4
603 1.000000 4
606 -1.000000 3
611 1.000000 5
614 1.000000 3
619 0.000000 5
624 1.000000 5
628 1.000000 4
632 1.000000 4
636 -1.000000 4
640 -1.000000 4
644 1.000000 4
648 -1.000000 4
651 1.000000 3
654 1.000000 3
659 1.000000 5
663 1.000000 4
667 1.000000 4
670 -1.000000 3
674 1.000000 4
678 1.000000 4
682 1.000000 4
686 -1.000000 4
690 1.000000 4
695 1.000000 5
699 -1.000000 4
703 -1.000000 4
708 1.000000 5
713 1.000000 5
716 1.000000 3
721 1.000000 5
724 1.000000 3
728 1.000000 4
732 -1.000000 4
737 0.000000 5
742 1.000000 5
746 1.000000 4
750 1.000000 4
754 -1.000000 4
758 -1.000000 4
762 1.000000 4
765 1.000000 3
770 0.000000 5
773 1.000000 3
777 1.000000 4
782 0.000000 5
786 1.000000 4
790 1.000000 4
794 1.000000 4
798 -1.000000 4
802 -1.000000 4
806 1.000000 4
810 1.000000 4
814 1.000000 4
818 1.000000 4
822 1.000000 4
826 1.000000 4
829 -1.000000 3
833 1.000000 4
837 1.000000 4
841 1.000000 4
846 1.000000 5
851 0.000000 5
855 1.000000 4
858 1.000000 3
862 1.000000 4
865 -1.000000 3
870 0.000000 5
875 0.000000 5
879 1.000000 4
884 0.000000 5
887 -1.000000 3
891 1.000000 4
894 1.000000 3
898 -1.000000 4
902 -1.000000 4
906 -1.000000 4
911 1.000000 5
914 1.000000 3
918 -1.000000 4
923 0.000000 5
927 -1.000000 4
931 1.000000 4
934 1.000000 3
938 -1.000000 4
943 1.000000 5
946 -1.000000 3
949 1.000000 3
954 1.000000 5
959 0.000000 5
963 1.000000 4
968 0.000000 5
971 -1.000000 3
975 1.000000 4
978 1.000000 3
983 0.000000 5
988 0.000000 5
991 1.000000 3
996 1.000000 5
1000 -1.000000 4
1003 -1.000000 3
1007 1.000000 4
1012 1.000000 5
1016 -1.000000 4
1020 1.000000 4
1025 1.000000 5
1029 -1.000000 4
1033 -1.000000 4
1037 1.000000 4
1042 1.000000 5
1047 1.000000 5
1051 1.000000 4
1055 1.000000 4
1059 1.000000 4
1063 1.000000 4
1067 1.000000 4
1071 1.000000 4
1075 1.000000 4
1079 1.000000 4
1084 0.000000 5
1087 1.000000 3
1090 1.000000 3
1094 -1.000000 4
1097 1.000000 3
1100 1.000000 3
1104 1.000000 4
1108 1.000000 4
1113 1.000000 5
1118 0.000000 5
1121 1.000000 3
1125 -1.000000 4
1129 1.000000 4
1133 1.000000 4
1138 1.000000 5
1142 1.000000 4
1147 0.000000 5
1151 1.000000 4
1155 1.000000 4
1159 -1.000000 4
1163 -1.000000 4
1167 -1.000000 4
1170 1.000000 3
1174 1.000000 4
1178 1.000000 4
1182 1.000000 4
1186 -1.000000 4
1190 1.000000 4
1195 0.000000 5
1199 1.000000 4
1203 1.000000 4
1206 1.000000 3
1210 1.000000 4
1215 1.000000 5
1220 1.000000 5
1225 0.000000 5
1229 1.000000 4
1233 1.000000 4
1237 1.000000 4
1241 1.000000 4
1244 -1.000000 3
1248 1.000000 4
1253 0.000000 5
1257 1.000000 4
1261 1.000000 4
1264 1.000000 3
1268 1.000000 4
1272 1.000000 4
1276 1.000000 4
1281 1.000000 5
1285 1.000000 4
1289 1.000000 4
1293 -1.000000 4
1296 1.000000 3
1300 1.000000 4
1304 1.000000 4
1309 1.000000 5
1314 1.000000 5
1318 1.000000 4
1323 1.000000 5
1328 0.000000 5
1331 -1.000000 3
1335 1.000000 4
1338 1.000000 3
1342 1.000000 4
1346 1.000000 4
1350 -1.000000 4
1354 -1.000000 4
1358 1.000000 4
1363 0.000000 5
1368 0.000000 5
1373 0.000000 5
1377 1.000000 4
1381 1.000000 4
1385 1.000000 4
1388 -1.000000 3
1392 1.000000 4
1397 0.000000 5
1401 1.000000 4
1406 1.000000 5
1411 0.000000 5
1415 1.000000 4
1419 1.000000 4
1423 -1.000000 4
1427 1.000000 4
1432 1.000000 5
1436 1.000000 4
1441 1.000000 5
1444 1.000000 3
1448 -1.000000 4
1452 -1.000000 4
1456 1.000000 4
1461 0.000000 5
1466 1.000000 5
1469 1.000000 3
1472 -1.000000 3
1477 0.000000 5
1482 0.000000 5
1487 0.000000 5
1490 1.000000 3
1494 -1.000000 4
1499 1.000000 5
1503 1.000000 4
1506 1.000000 3
1509 -1.000000 3
1512 -1.000000 3
1516 -1.000000 4
1521 1.000000 5
1526 1.000000 5
1530 1.000000 4
1535 1.000000 5
1539 1.000000 4
1542 1.000000 3
1546 -1.000000 4
1551 1.000000 5
1554 1.000000 3
1558 -1.000000 4
1562 1.000000 4
1566 1.000000 4
1569 1.000000 3
1574 0.000000 5
1578 1.000000 4
1583 0.000000 5
1587 1.000000 4
1590 1.000000 3
1593 1.000000 3
1597 1.000000 4
1602 1.000000 5
1607 0.000000 5
1610 1.000000 3
1614 1.000000 4
1618 -1.000000 4
1621 -1.000000 3
1625 1.000000 4
1628 1.000000 3
1632 -1.000000 4
1637 0.000000 5
1642 1.000000 5
1647 1.000000 5
1651 1.000000 4
1655 1.000000 4
1659 1.000000 4
1664 0.000000 5
1668 1.000000 4
1673 1.000000 5
1676 1.000000 3
1680 -1.000000 4
1683 1.000000 3
1688 1.000000 5
1693 0.000000 5
1697 1.000000 4
1701 1.000000 4
1705 -1.000000 4
1709 -1.000000 4
1714 0.000000 5
1718 -1.000000 4
1722 1.000000 4
1727 1.000000 5
1732 1.000000 5
1737 1.000000 5
1741 1.000000 4
1746 0.000000 5
1749 -1.000000 3
1754 0.000000 5
1758 1.000000 4
1763 0.000000 5
1766 -1.000000 3
1771 1.000000 5
1775 -1.000000 4
1779 -1.000000 4
1784 1.000000 5
1789 0.000000 5
1793 1.000000 4
1797 -1.000000 4
1802 1.000000 5
1806 -1.000000 4
1810 1.000000 4
1814 -1.000000 4
1819 1.000000 5
1823 1.000000 4
1826 -1.000000 3
1830 -1.000000 4
1834 1.000000 4
1838 1.000000 4
1841 -1.000000 3
1845 -1.000000 4
1850 0.000000 5
1854 1.000000 4
1857 -1.000000 3
1861 -1.000000 4
1865 -1.000000 4
1870 0.000000 5
1874 1.000000 4
1877 1.000000 3
1882 1.000000 5
1886 1.000000 4
1891 0.000000 5
1895 1.000000 4
1899 1.000000 4
1902 1.000000 3
1906 -1.000000 4
1909 1.000000 3
1913 1.000000 4
1918 1.000000 5
1923 0.000000 5
1927 1.000000 4
1931 -1.000000 4
1935 1.000000 4
1938 -1.000000 3
1942 1.000000 4
1945 -1.000000 3
1949 -1.000000 4
1953 1.000000 4
1958 0.000000 5
1963 1.000000 5
1968 1.000000 5
1971 -1.000000 3
1975 1.000000 4
1978 -1.000000 3
1983 0.000000 5
1987 1.000000 4
1992 1.000000 5
1996 1.000000 4
2001 0.000000 5
2005 -1.000000 4
2009 1.000000 4
2013 -1.000000 4
2016 1.000000 3
2020 1.000000 4
2024 -1.000000 4
2029 1.000000 5
2033 1.000000 4
2037 -1.000000 4
2042 0.000000 5
2045 -1.000000 3
2050 1.000000 5
2055 1.000000 5
2060 0.000000 5
2063 1.000000 3
2068 0.000000 5
2072 -1.000000 4
2077 0.000000 5
2080 1.000000 3
2085 1.000000 5
2089 1.000000 4
2093 1.000000 4
2098 0.000000 5
2103 1.000000 5
2108 0.000000 5
2112 -1.000000 4
2116 1.000000 4
2121 1.000000 5
2126 0.000000 5
2131 0.000000 5
2135 -1.000000 4
2139 1.000000 4
2144 1.000000 5
2147 1.000000 3
2150 1.000000 3
2153 1.000000 3
2158 1.000000 5
2163 0.000000 5
2167 1.000000 4
2171 1.000000 4
2175 1.000000 4
2179 1.000000 4
2183 1.000000 4
2187 -1.000000 4
2192 0.000000 5
2195 1.000000 3
2199 -1.000000 4
2203 1.000000 4
2207 -1.000000 4
2211 -1.000000 4
2214 1.000000 3
2219 1.000000 5
2223 1.000000 4
2227 -1.000000 4
2232 0.000000 5
2236 -1.000000 4
2240 1.000000 4
2245 0.000000 5
2249 -1.000000 4
2254 0.000000 5
2257 1.000000 3
2260 1.000000 3
2263 1.000000 3
2267 1.000000 4
2270 -1.000000 3
2275 1.000000 5
2279 1.000000 4
2284 1.000000 5
2288 -1.000000 4
2292 1.000000 4
2296 1.000000 4
2301 0.000000 5
2305 -1.000000 4
2309 1.000000 4
2313 1.000000 4
2318 1.000000 5
2321 -1.000000 3
2326 1.000000 5
2329 1.000000 3
2333 1.000000 4
2337 1.000000 4
2341 1.000000 4
2345 -1.000000 4
2349 -1.000000 4
2353 1.000000 4
2357 1.000000 4
2362 0.000000 5
2367 1.000000 5
2371 -1.000000 4
2375 -1.000000 4
2379 1.000000 4
2383 -1.000000 4
2386 1.000000 3
2390 -1.000000 4
2394 1.000000 4
2398 1.000000 4
2403 1.000000 5
2407 1.000000 4
2411 1.000000 4
2415 1.000000 4
2419 -1.000000 4
2423 -1.000000 4
2426 1.000000 3
2430 1.000000 4
2434 1.000000 4
2437 -1.000000 3
2442 1.000000 5
2446 1.000000 4
2451 1.000000 5
2456 1.000000 5
2460 1.000000 4
2464 -1.000000 4
2468 1.000000 4
2473 0.000000 5
2477 1.000000 4
2481 1.000000 4
2484 1.000000 3
2489 1.000000 5
2493 -1.000000 4
2498 1.000000 5
2503 0.000000 5
2507 1.000000 4
2511 -1.000000 4
2515 1.000000 4
2519 1.000000 4
2524 0.000000 5
2528 -1.000000 4
2532 1.000000 4
2535 1.000000 3
2538 1.000000 3
2543 0.000000 5
2546 1.000000 3
2550 -1.000000 4
2554 -1.000000 4
2558 1.000000 4
2562 1.000000 4
2567 1.000000 5
2572 0.000000 5
2576 1.000000 4
2581 1.000000 5
2586 1.000000 5
2590 1.000000 4
2594 -1.000000 4
2597 -1.000000 3
2601 1.000000 4
2606 1.000000 5
2610 1.000000 4
2614 1.000000 4
2617 1.000000 3
2620 -1.000000 3
2623 -1.000000 3
2628 1.000000 5
2632 1.000000 4
2636 1.000000 4
2640 1.000000 4
2644 1.000000 4
2649 0.000000 5
2654 1.000000 5
2657 1.000000 3
2661 1.000000 4
2666 0.000000 5
2670 1.000000 4
2675 0.000000 5
2680 1.000000 5
2684 1.000000 4
2688 1.000000 4
2692 1.000000 4
2696 -1.000000 4
2700 1.000000 4
2703 -1.000000 3
2708 1.000000 5
2713 1.000000 5
2717 1.000000 4
2721 1.000000 4
2725 1.000000 4
2730 1.000000 5
2735 1.000000 5
2740 1.000000 5
2744 -1.000000 4
2748 1.000000 4
2752 1.000000 4
2756 1.000000 4
2759 1.000000 3
2764 1.000000 5
2768 1.000000 4
2773 1.000000 5
2777 -1.000000 4
2782 1.000000 5
2785 -1.000000 3
2789 1.000000 4
2793 -1.000000 4
2798 1.000000 5
2801 1.000000 3
2805 -1.000000 4
2808 -1.000000 3
2813 1.000000 5
2818 1.000000 5
2823 0.000000 5
2828 1.000000 5
2832 1.000000 4
2836 1.000000 4
2841 1.000000 5
2846 1.000000 5
2850 1.000000 4
2854 -1.000000 4
2859 1.000000 5
2863 -1.000000 4
2868 1.000000 5
2872 1.000000 4
2876 -1.000000 4
2881 1.000000 5
2886 0.000000 5
2891 0.000000 5
2896 1.000000 5
2900 1.000000 4
2904 1.000000 4
2909 0.000000 5
2913 1.000000 4
2916 1.000000 3
2921 1.000000 5
2926 1.000000 5
2931 1.000000 5
2936 1.000000 5
2939 -1.000000 3
2943 -1.000000 4
2947 1.000000 4
2951 1.000000 4
2954 -1.000000 3
2958 1.000000 4
2963 0.000000 5
2967 1.000000 4
2971 1.000000 4
2976 0.000000 5
2981 0.000000 5
2985 1.000000 4
2989 1.000000 4
2993 1.000000 4
2997 -1.000000 4
3000 -1.000000 3
3004 -1.000000 4
3008 1.000000 4
3011 -1.000000 3
3014 1.000000 3
3018 -1.000000 4
3022 -1.000000 4
3025 1.000000 3
3029 -1.000000 4
3033 -1.000000 4
3036 -1.000000 3
3040 1.000000 4
3044 1.000000 4
3048 1.000000 4
3051 1.000000 3
3054 1.000000 3
3058 1.000000 4
3063 1.000000 5
3067 1.000000 4
3072 1.000000 5
3077 1.000000 5
3081 1.000000 4
3085 1.000000 4
3089 1.000000 4
3092 1.000000 3
3096 1.000000 4
3099 1.000000 3
3103 -1.000000 4
3107 -1.000000 4
3111 1.000000 4
3115 1.000000 4
3118 1.000000 3
3122 1.000000 4
3126 -1.000000 4
3131 1.000000 5
3136 0.000000 5
3140 1.000000 4
3143 -1.000000 3
3148 0.000000 5
3151 1.000000 3
3156 0.000000 5
3159 -1.000000 3
3163 1.000000 4
3168 1.000000 5
3173 1.000000 5
3178 1.000000 5
3181 1.000000 3
3186 1.000000 5
3189 -1.000000 3
3192 1.000000 3
3197 1.000000 5
3201 1.000000 4
3206 1.000000 5
3210 1.000000 4
3215 0.000000 5
3219 -1.000000 4
3222 1.000000 3
3227 1.000000 5
3231 1.000000 4
3236 1.000000 5
3240 -1.000000 4
3245 0.000000 5
3248 1.000000 3
3251 -1.000000 3
3254 -1.000000 3
3258 -1.000000 4
3262 1.000000 4
3267 0.000000 5
3271 1.000000 4
3275 1.000000 4
3280 1.000000 5
3285 1.000000 5
3290 1.000000 5
3294 -1.000000 4
3297 1.000000 3
3301 -1.000000 4
3305 -1.000000 4
3308 -1.000000 3
3311 -1.000000 3
3316 1.000000 5
3319 1.000000 3
3323 1.000000 4
3327 1.000000 4
3330 1.000000 3
3334 1.000000 4
3339 0.000000 5
3344 1.000000 5
3348 1.000000 4
3351 -1.000000 3
3354 1.000000 3
3359 0.000000 5
3363 1.000000 4
3367 1.000000 4
3372 0.000000 5
3376 -1.000000 4
3380 1.000000 4
3383 1.000000 3
3388 1.000000 5
3393 1.000000 5
3396 1.000000 3
3400 1.000000 4
3404 1.000000 4
3408 -1.000000 4
3412 1.000000 4
3416 -1.000000 4
3420 1.000000 4
3424 1.000000 4
3428 -1.000000 4
3432 1.000000 4
3436 1.000000 4
3440 1.000000 4
3443 1.000000 3
3447 1.000000 4
3451 -1.000000 4
3455 1.000000 4
3460 1.000000 5
3463 1.000000 3
3467 1.000000 4
3472 1.000000 5
3476 -1.000000 4
3480 -1.000000 4
3484 -1.000000 4
3488 1.000000 4
3491 1.000000 3
3496 0.000000 5
3501 0.000000 5
3505 1.000000 4
3510 1.000000 5
3514 1.000000 4
3519 0.000000 5
3523 -1.000000 4
3527 1.000000 4
3532 0.000000 5
3536 1.000000 4
3540 -1.000000 4
3545 1.000000 5
3548 -1.000000 3
3551 1.000000 3
3554 1.000000 3
3558 1.000000 4
3562 1.000000 4
3566 1.000000 4
3570 1.000000 4
3574 1.000000 4
3577 -1.000000 3
3582 0.000000 5
3586 -1.000000 4
3591 1.000000 5
3596 0.000000 5
3600 1.000000 4
3603 -1.000000 3
3606 1.000000 3
3611 0.000000 5
3616 1.000000 5
3619 1.000000 3
3623 1.000000 4
3626 -1.000000 3
3629 -1.000000 3
3634 1.000000 5
3639 1.000000 5
3644 1.000000 5
3648 -1.000000 4
3652 1.000000 4
3657 0.000000 5
3662 1.000000 5
3666 -1.000000 4
3671 1.000000 5
3676 0.000000 5
3681 1.000000 5
3686 1.000000 5
3689 -1.000000 3
3694 1.000000 5
3698 1.000000 4
3702 1.000000 4
3706 1.000000 4
3711 0.000000 5
3715 1.000000 4
3720 0.000000 5
3723 1.000000 3
3728 1.000000 5
3731 -1.000000 3
3734 -1.000000 3
3739 1.000000 5
3744 1.000000 5
3748 -1.000000 4
3752 -1.000000 4
3756 -1.000000 4
3760 1.000000 4
3765 1.000000 5
3769 -1.000000 4
3774 1.000000 5
3779 1.000000 5
3783 1.000000 4
3788 0.000000 5
3793 0.000000 5
3798 0.000000 5
3803 1.000000 5
3808 1.000000 5
3812 1.000000 4
3815 1.000000 3
3819 -1.000000 4
3823 1.000000 4
3827 1.000000 4
3832 1.000000 5
3835 1.000000 3
3840 0.000000 5
3844 -1.000000 4
3849 1.000000 5
3853 1.000000 4
3857 1.000000 4
3860 1.000000 3
3864 -1.000000 4
3869 1.000000 5
3872 -1.000000 3
3876 -1.000000 4
3880 -1.000000 4
3883 1.000000 3
3886 1.000000 3
3891 0.000000 5
3895 1.000000 4
3898 1.000000 3
3903 0.000000 5
3907 -1.000000 4
3912 1.000000 5
3916 -1.000000 4
3919 1.000000 3
3924 1.000000 5
3927 -1.000000 3
3931 -1.000000 4
3934 1.000000 3
3939 0.000000 5
3943 1.000000 4
3947 1.000000 4
3950 -1.000000 3
3954 1.000000 4
3959 1.000000 5
3963 -1.000000 4
3967 1.000000 4
3972 1.000000 5
3977 1.000000 5
3982 0.000000 5
3986 1.000000 4
3991 1.000000 5
3996 0.000000 5
4000 1.000000 4
4004 1.000000 4
4008 1.000000 4
4011 1.000000 3
4016 0.000000 5
4021 0.000000 5
4026 1.000000 5
4031 0.000000 5
4036 1.000000 5
4041 1.000000 5
4045 1.000000 4
4048 1.000000 3
4052 1.000000 4
4057 1.000000 5
4060 1.000000 3
4065 1.000000 5
4069 1.000000 4
4074 0.000000 5
4078 1.000000 4
4083 0.000000 5
4088 1.000000 5
4092 1.000000 4
4095 1.000000 3
4098 1.000000 3
4101 1.000000 3
4106 0.000000 5
4110 1.000000 4
4115 1.000000 5
4120 0.000000 5
4124 1.000000 4
4128 1.000000 4
4132 1.000000 4
4137 1.000000 5
4140 1.000000 3
4145 1.000000 5
4150 1.000000 5
4154 1.000000 4
4158 1.000000 4
4163 0.000000 5
4167 1.000000 4
4172 0.000000 5
4177 0.000000 5
4180 1.000000 3
4185 1.000000 5
4190 1.000000 5
4193 -1.000000 3
4198 1.000000 5
4202 -1.000000 4
4207 1.000000 5
4211 1.000000 4
4215 1.000000 4
4219 1.000000 4
4224 1.000000 5
4228 -1.000000 4
4231 1.000000 3
4235 1.000000 4
4239 -1.000000 4
4244 1.000000 5
4248 -1.000000 4
4253 0.000000 5
4257 1.000000 4
4260 -1.000000 3
4263 1.000000 3
4266 1.000000 3
4271 1.000000 5
4276 0.000000 5
4280 1.000000 4
4284 -1.000000 4
4288 1.000000 4
4291 -1.000000 3
4294 1.000000 3
4299 1.000000 5
4303 1.000000 4
4307 1.000000 4
4311 1.000000 4
4316 0.000000 5
4320 -1.000000 4
4325 0.000000 5
4330 1.000000 5
4334 -1.000000 4
4338 -1.000000 4
4341 1.000000 3
4345 1.000000 4
4349 1.000000 4
4352 -1.000000 3
4356 1.000000 4
4359 1.000000 3
4363 -1.000000 4
4366 -1.000000 3
4371 1.000000 5
4376 0.000000 5
4381 1.000000 5
4385 -1.000000 4
4389 1.000000 4
4392 1.000000 3
4395 1.000000 3
4400 0.000000 5
4404 -1.000000 4
4407 1.000000 3
4412 0.000000 5
4415 -1.000000 3
4419 1.000000 4
4424 1.000000 5
4427 -1.000000 3
4432 1.000000 5
4437 1.000000 5
4440 1.000000 3
4444 -1.000000 4
4448 -1.000000 4
4453 1.000000 5
4457 1.000000 4
4462 0.000000 5
4465 -1.000000 3
4469 1.000000 4
4473 -1.000000 4
4477 -1.000000 4
4480 -1.000000 3
4484 1.000000 4
4487 1.000000 3
4492 1.000000 5
4497 0.000000 5
4502 0.000000 5
4506 -1.000000 4
4511 1.000000 5
4515 1.000000 4
4519 1.000000 4
4524 1.000000 5
4528 1.000000 4
4533 1.000000 5
4536 1.000000 3
4541 0.000000 5
4546 1.000000 5
4550 1.000000 4
4554 1.000000 4
4558 1.000000 4
4561 -1.000000 3
4566 1.000000 5
4570 1.000000 4
4575 1.000000 5
4579 1.000000 4
4583 1.000000 4
4586 1.000000 3
4590 1.000000 4
4593 1.000000 3
4598 0.000000 5
4602 1.000000 4
4607 0.000000 5
4612 0.000000 5
4617 0.000000 5
4621 -1.000000 4
4625 -1.000000 4
4628 1.000000 3
4633 0.000000 5
4637 -1.000000 4
4642 0.000000 5
4646 1.000000 4
4650 -1.000000 4
4655 0.000000 5
4659 1.000000 4
4663 1.000000 4
4667 1.000000 4
4670 1.000000 3
4675 1.000000 5
4679 1.000000 4
4682 1.000000 3
4687 0.000000 5
4691 1.000000 4
4695 1.000000 4
4698 1.000000 3
4702 1.000000 4
4707 1.000000 5
4712 0.000000 5
4715 -1.000000 3
4719 1.000000 4
4722 -1.000000 3
4726 -1.000000 4
4731 1.000000 5
4736 0.000000 5
4741 1.000000 5
4746 1.000000 5
4751 1.000000 5
4756 1.000000 5
4761 1.000000 5
4766 0.000000 5
4769 1.000000 3
4774 0.000000 5
4777 1.000000 3
4782 1.000000 5
4787 1.000000 5
4791 1.000000 4
4794 -1.000000 3
4798 1.000000 4
4802 1.000000 4
4805 -1.000000 3
4808 1.000000 3
4812 1.000000 4
4815 1.000000 3
4819 1.000000 4
4822 1.000000 3
4827 1.000000 5
4832 1.000000 5
4837 1.000000 5
4840 1.000000 3
4845 0.000000 5
4850 1.000000 5
4853 1.000000 3
4857 1.000000 4
4860 -1.000000 3
4865 0.000000 5
4868 1.000000 3
4872 1.000000 4
4876 -1.000000 4
4881 1.000000 5
4886 1.000000 5
4890 1.000000 4
4893 -1.000000 3
4898 1.000000 5
4901 1.000000 3
4904 -1.000000 3
4909 1.000000 5
4913 -1.000000 4
4917 1.000000 4
4922 0.000000 5
4927 1.000000 5
4931 -1.000000 4
4935 1.000000 4
4939 -1.000000 4
4943 1.000000 4
4947 1.000000 4
4950 -1.000000 3
4955 0.000000 5
4960 0.000000 5
4964 1.000000 4
4969 0.000000 5
4973 1.000000 4
4977 1.000000 4
4982 1.000000 5
4986 -1.000000 4
4990 1.000000 4
4993 1.000000 3
4997 1.000000 4
5001 1.000000 4
5005 -1.000000 4
5008 -1.000000 3
5012 1.000000 4
5016 1.000000 4
5019 1.000000 3
5023 -1.000000 4
5026 1.000000 3
5031 1.000000 5
5034 1.000000 3
5037 -1.000000 3
5041 -1.000000 4
5046 1.000000 5
5050 -1.000000 4
5055 0.000000 5
5058 -1.000000 3
5062 1.000000 4
5066 -1.000000 4
5071 1.000000 5
5076 1.000000 5
5081 1.000000 5
5085 1.000000 4
5088 1.000000 3
5092 1.000000 4
5096 1.000000 4
5101 1.000000 5
5105 1.000000 4
5110 1.000000 5
5114 1.000000 4
5118 1.000000 4
5122 1.000000 4
5127 0.000000 5
5132 1.000000 5
5137 1.000000 5
5140 1.000000 3
5143 -1.000000 3
5146 -1.000000 3
5150 -1.000000 4
5154 1.000000 4
5159 0.000000 5
5163 -1.000000 4
5168 1.000000 5
5173 1.000000 5
5176 -1.000000 3
5181 0.000000 5
5185 -1.000000 4
5188 1.000000 3
5193 1.000000 5
5197 1.000000 4
5201 1.000000 4
5206 1.000000 5
5211 0.000000 5
5215 1.000000 4
5218 -1.000000 3
5223 1.000000 5
5228 1.000000 5
5233 1.000000 5
5237 1.000000 4
5242 0.000000 5
5246 1.000000 4
5249 -1.000000 3
5254 0.000000 5
5258 -1.000000 4
5263 0.000000 5
5267 1.000000 4
5270 1.000000 3
5275 1.000000 5
5278 1.000000 3
5283 1.000000 5
5288 0.000000 5
5293 1.000000 5
5296 1.000000 3
5300 1.000000 4
5304 1.000000 4
5309 1.000000 5
5313 1.000000 4
5318 0.000000 5
5322 1.000000 4
5327 0.000000 5
5331 -1.000000 4
5335 -1.000000 4
5340 0.000000 5
5344 1.000000 4
5348 1.000000 4
5352 -1.000000 4
5355 1.000000 3
5359 -1.000000 4
5363 1.000000 4
5368 1.000000 5
5373 1.000000 5
5377 1.000000 4
5380 1.000000 3
5385 0.000000 5
5390 1.000000 5
5394 -1.000000 4
5397 1.000000 3
5401 1.000000 4
5406 1.000000 5
5410 1.000000 4
5414 1.000000 4
5419 0.000000 5
5423 1.000000 4
5427 1.000000 4
5431 -1.000000 4
5435 1.000000 4
5439 1.000000 4
5444 1.000000 5
5449 1.000000 5
5452 -1.000000 3
5456 1.000000 4
5460 1.000000 4
5463 -1.000000 3
5467 1.000000 4
5471 -1.000000 4
5476 1.000000 5
5480 1.000000 4
5484 -1.000000 4
5488 -1.000000 4
5491 1.000000 3
5495 1.000000 4
5500 0.000000 5
5505 1.000000 5
5508 -1.000000 3
5513 0.000000 5
5518 1.000000 5
5521 -1.000000 3
5526 1.000000 5
5530 -1.000000 4
5534 1.000000 4
5539 1.000000 5
5544 0.000000 5
5547 -1.000000 3
5551 -1.000000 4
5556 0.000000 5
5561 1.000000 5
5564 -1.000000 3
5569 1.000000 5
5573 -1.000000 4
5577 -1.000000 4
5581 1.000000 4
5585 -1.000000 4
5589 1.000000 4
5593 1.000000 4
5598 1.000000 5
5602 1.000000 4
5607 0.000000 5
5611 -1.000000 4
5615 -1.000000 4
5620 0.000000 5
5623 -1.000000 3
5628 1.000000 5
5633 1.000000 5
5638 1.000000 5
5642 1.000000 4
5645 -1.000000 3
5649 1.000000 4
5653 -1.000000 4
5657 -1.000000 4
5661 1.000000 4
5664 1.000000 3
5669 0.000000 5
5673 1.000000 4
5677 -1.000000 4
5681 -1.000000 4
5686 0.000000 5
5690 1.000000 4
5694 1.000000 4
5699 0.000000 5
5703 1.000000 4
5708 0.000000 5
5712 -1.000000 4
5716 1.000000 4
5721 0.000000 5
5725 -1.000000 4
5729 -1.000000 4
5733 1.000000 4
5736 1.000000 3
5740 -1.000000 4
5744 1.000000 4
5747 1.000000 3
5751 -1.000000 4
5755 1.000000 4
5759 1.000000 4
5763 1.000000 4
5767 -1.000000 4
5770 1.000000 3
5773 1.000000 3
5776 1.000000 3
5781 1.000000 5
5785 -1.000000 4
5789 1.000000 4
5792 -1.000000 3
5797 0.000000 5
5801 1.000000 4
5804 -1.000000 3
5807 1.000000 3
5810 1.000000 3
5815 0.000000 5
5819 1.000000 4
5822 1.000000 3
5826 1.000000 4
5830 -1.000000 4
5834 -1.000000 4
5838 1.000000 4
5843 1.000000 5
5847 -1.000000 4
5852 0.000000 5
5856 1.000000 4
5860 -1.000000 4
5864 1.000000 4
5868 -1.000000 4
5872 -1.000000 4
5875 1.000000 3
5879 1.000000 4
5882 -1.000000 3
5887 0.000000 5
5892 1.000000 5
5895 1.000000 3
5900 1.000000 5
5904 1.000000 4
5907 1.000000 3
5911 1.000000 4
5916 0.000000 5
5921 0.000000 5
5926 0.000000 5
5929 1.000000 3
5934 0.000000 5
5939 1.000000 5
5942 1.000000 3
5945 -1.000000 3
5948 1.000000 3
5951 1.000000 3
5955 1.000000 4
5959 1.000000 4
5962 -1.000000 3
5966 1.000000 4
5970 1.000000 4
5973 -1.000000 3
5978 1.000000 5
5982 1.000000 4
5987 1.000000 5
5990 1.000000 3
5995 1.000000 5
6000 1.000000 5
6004 1.000000 4
6007 1.000000 3
6010 -1.000000 3
6015 1.000000 5
6019 1.000000 4
6023 -1.000000 4
6028 0.000000 5
6033 0.000000 5
6038 0.000000 5
6041 1.000000 3
6046 0.000000 5
6049 1.000000 3
6054 1.000000 5
6057 1.000000 3
6061 1.000000 4
6065 1.000000 4
6070 0.000000 5
6073 1.000000 3
6077 1.000000 4
6082 0.000000 5
6086 1.000000 4
6089 -1.000000 3
6092 1.000000 3
6096 -1.000000 4
6100 -1.000000 4
6104 -1.000000 4
6108 -1.000000 4
6112 1.000000 4
6116 -1.000000 4
6119 1.000000 3
6123 1.000000 4
6127 1.000000 4
6131 1.000000 4
6135 1.000000 4
6138 1.000000 3
6142 -1.000000 4
6147 1.000000 5
6151 -1.000000 4
6156 1.000000 5
6160 1.000000 4
6165 1.000000 5
6169 -1.000000 4
6173 1.000000 4
6176 1.000000 3
6179 -1.000000 3
6183 1.000000 4
6186 1.000000 3
6191 1.000000 5
6195 1.000000 4
6199 1.000000 4
6203 1.000000 4
6207 1.000000 4
6210 1.000000 3
6214 1.000000 4
6218 1.000000 4
6223 0.000000 5
6226 1.000000 3
6230 1.000000 4
6234 1.000000 4
6239 0.000000 5
6243 1.000000 4
6247 -1.000000 4
6250 1.000000 3
6253 -1.000000 3
6257 1.000000 4
6261 1.000000 4
6265 1.000000 4
6268 1.000000 3
6271 -1.000000 3
6275 -1.000000 4
6279 1.000000 4
6284 1.000000 5
6289 0.000000 5
6293 1.000000 4
6297 -1.000000 4
6301 -1.000000 4
6305 1.000000 4
6310 0.000000 5
6315 1.000000 5
6319 1.000000 4
6323 1.000000 4
6328 0.000000 5
6333 1.000000 5
6337 -1.000000 4
6341 -1.000000 4
6344 -1.000000 3
6348 1.000000 4
6353 0.000000 5
6356 1.000000 3
6360 -1.000000 4
6365 0.000000 5
6369 1.000000 4
6373 1.000000 4
6377 -1.000000 4
6382 0.000000 5
6386 1.000000 4
6389 1.000000 3
6393 1.000000 4
6397 -1.000000 4
6402 1.000000 5
6407 1.000000 5
6411 -1.000000 4
6416 1.000000 5
6420 1.000000 4
6423 1.000000 3
6426 1.000000 3
6430 1.000000 4
6434 1.000000 4
6437 -1.000000 3
6441 1.000000 4
6445 1.000000 4
6450 1.000000 5
6455 1.000000 5
6459 1.000000 4
6463 1.000000 4
6468 0.000000 5
6471 1.000000 3
6476 1.000000 5
6480 1.000000 4
6485 1.000000 5
6490 1.000000 5
6494 1.000000 4
6499 1.000000 5
6503 1.000000 4
6508 1.000000 5
6512 1.000000 4
6516 -1.000000 4
6519 -1.000000 3
6523 -1.000000 4
6527 -1.000000 4
6532 1.000000 5
6537 0.000000 5
6540 -1.000000 3
6544 1.000000 4
6548 -1.000000 4
6552 -1.000000 4
6556 -1.000000 4
6560 -1.000000 4
6563 1.000000 3
6567 -1.000000 4
6572 1.000000 5
6576 1.000000 4
6580 -1.000000 4
6585 1.000000 5
6588 1.000000 3
6592 1.000000 4
6596 -1.000000 4
6601 1.000000 5
6604 -1.000000 3
6608 1.000000 4
6613 0.000000 5
6618 0.000000 5
6622 -1.000000 4
6626 -1.000000 4
6630 1.000000 4
6634 1.000000 4
6638 1.000000 4
6641 1.000000 3
6646 1.000000 5
6649 -1.000000 3
6653 1.000000 4
6657 1.000000 4
6660 1.000000 3
6664 1.000000 4
6668 1.000000 4
6672 -1.000000 4
6676 -1.000000 4
6680 1.000000 4
6685 0.000000 5
6689 1.000000 4
6693 1.000000 4
6696 1.000000 3
6700 1.000000 4
6704 -1.000000 4
6708 -1.000000 4
6712 -1.000000 4
6715 1.000000 3
6719 1.000000 4
6724 1.000000 5
6729 0.000000 5
6733 -1.000000 4
6737 1.000000 4
6742 1.000000 5
6745 1.000000 3
6749 1.000000 4
6753 1.000000 4
6758 1.000000 5
6762 1.000000 4
6766 1.000000 4
6770 -1.000000 4
6773 1.000000 3
6777 1.000000 4
6781 1.000000 4
6785 -1.000000 4
6789 1.000000 4
6794 0.000000 5
6798 -1.000000 4
6802 -1.000000 4
6805 1.000000 3
6810 1.000000 5
6815 0.000000 5
6820 1.000000 5
6825 0.000000 5
6830 1.000000 5
6834 1.000000 4
6839 0.000000 5
6843 1.000000 4
6846 1.000000 3
6850 1.000000 4
6854 -1.000000 4
6859 1.000000 5
6864 1.000000 5
6867 -1.000000 3
6872 1.000000 5
6875 -1.000000 3
6880 1.000000 5
6884 1.000000 4
6888 -1.000000 4
6892 1.000000 4
6895 1.000000 3
6898 1.000000 3
6903 0.000000 5
6908 0.000000 5
6912 1.000000 4
6915 -1.000000 3
6918 1.000000 3
6922 1.000000 4
6926 -1.000000 4
6931 1.000000 5
6934 1.000000 3
6938 -1.000000 4
6942 -1.000000 4
6946 1.000000 4
6950 1.000000 4
6953 1.000000 3
6958 0.000000 5
6962 1.000000 4
6965 1.000000 3
6969 -1.000000 4
6973 1.000000 4
6977 1.000000 4
6980 -1.000000 3
6984 1.000000 4
6988 1.000000 4
6993 0.000000 5
6998 1.000000 5
7002 1.000000 4
7007 1.000000 5
7011 -1.000000 4
7014 -1.000000 3
7019 0.000000 5
7022 1.000000 3
7025 -1.000000 3
7029 1.000000 4
7033 -1.000000 4
7037 1.000000 4
7042 0.000000 5
7046 -1.000000 4
7050 1.000000 4
7053 1.000000 3
7057 -1.000000 4
7061 -1.000000 4
7066 1.000000 5
7070 -1.000000 4
7075 1.000000 5
7079 -1.000000 4
7084 1.000000 5
7089 0.000000 5
7092 1.000000 3
7095 1.000000 3
7099 1.000000 4
7104 0.000000 5
7108 1.000000 4
7112 1.000000 4
7116 1.000000 4
7119 1.000000 3
7123 1.000000 4
7127 1.000000 4
7130 1.000000 3
7135 0.000000 5
7138 1.000000 3
7142 1.000000 4
7145 1.000000 3
7149 1.000000 4
7153 1.000000 4
7158 1.000000 5
7162 1.000000 4
7167 1.000000 5
7171 1.000000 4
7175 -1.000000 4
7179 1.000000 4
7184 1.000000 5
7188 1.000000 4
7192 -1.000000 4
7197 1.000000 5
7202 0.000000 5
7205 1.000000 3
7210 0.000000 5
7215 0.000000 5
7219 1.000000 4
7223 1.000000 4
7227 -1.000000 4
7231 1.000000 4
7236 1.000000 5
7241 1.000000 5
7245 1.000000 4
7250 0.000000 5
7254 -1.000000 4
7258 1.000000 4
7262 1.000000 4
7267 1.000000 5
7272 0.000000 5
7276 -1.000000 4
7281 1.000000 5
7285 1.000000 4
7288 -1.000000 3
7292 1.000000 4
7296 1.000000 4
7300 1.000000 4
7304 1.000000 4
7309 0.000000 5
7313 -1.000000 4
7317 -1.000000 4
7321 -1.000000 4
7326 1.000000 5
7331 0.000000 5
7336 0.000000 5
7339 -1.000000 3
7343 -1.000000 4
7348 1.000000 5
7352 1.000000 4
7356 1.000000 4
7359 1.000000 3
7363 1.000000 4
7367 -1.000000 4
7371 1.000000 4
7375 -1.000000 4
7379 1.000000 4
7384 1.000000 5
7389 0.000000 5
7394 0.000000 5
7399 1.000000 5
7403 -1.000000 4
7408 0.000000 5
7412 1.000000 4
7417 1.000000 5
7420 1.000000 3
7423 1.000000 3
7427 1.000000 4
7431 1.000000 4
7436 1.000000 5
7439 1.000000 3
7443 1.000000 4
7448 0.000000 5
7453 0.000000 5
7457 1.000000 4
7460 -1.000000 3
7464 1.000000 4
7468 1.000000 4
7472 1.000000 4
7475 1.000000 3
7478 1.000000 3
7482 1.000000 4
7487 0.000000 5
7491 -1.000000 4
7496 0.000000 5
7500 -1.000000 4
7505 0.000000 5
7509 -1.000000 4
7513 1.000000 4
7518 1.000000 5
7521 -1.000000 3
7525 1.000000 4
7528 1.000000 3
7532 1.000000 4
7537 1.000000 5
7542 1.000000 5
7546 -1.000000 4
7550 -1.000000 4
7554 1.000000 4
7558 -1.000000 4
7561 -1.000000 3
7565 -1.000000 4
7569 -1.000000 4
7573 1.000000 4
7577 -1.000000 4
7580 1.000000 3
7585 1.000000 5
7588 -1.000000 3
7591 1.000000 3
7596 1.000000 5
7601 1.000000 5
7605 1.000000 4
7609 1.000000 4
7613 1.000000 4
7617 1.000000 4
7621 -1.000000 4
7624 1.000000 3
7629 0.000000 5
7633 1.000000 4
7637 1.000000 4
7642 1.000000 5
7646 1.000000 4
7650 1.000000 4
7654 1.000000 4
7659 1.000000 5
7662 -1.000000 3
7665 1.000000 3
7669 1.000000 4
7673 -1.000000 4
7678 1.000000 5
7682 -1.000000 4
7687 1.000000 5
7692 0.000000 5
7695 -1.000000 3
7700 1.000000 5
7704 -1.000000 4
7709 0.000000 5
7712 1.000000 3
7717 1.000000 5
7721 1.000000 4
7724 1.000000 3
7728 -1.000000 4
7732 1.000000 4
7736 -1.000000 4
7740 -1.000000 4
7745 0.000000 5
7748 1.000000 3
7752 1.000000 4
7757 0.000000 5
7761 1.000000 4
7766 1.000000 5
7770 -1.000000 4
7775 0.000000 5
7779 1.000000 4
7784 1.000000 5
7789 1.000000 5
7793 -1.000000 4
7798 0.000000 5
7802 1.000000 4
7806 1.000000 4
7811 1.000000 5
7815 1.000000 4
7819 1.000000 4
7823 1.000000 4
7827 1.000000 4
7831 -1.000000 4
7835 1.000000 4
7840 0.000000 5
7843 1.000000 3
7847 1.000000 4
7850 -1.000000 3
7854 1.000000 4
7859 1.000000 5
7863 1.000000 4
7867 1.000000 4
7871 -1.000000 4
7876 1.000000 5
7881 0.000000 5
7885 1.000000 4
7888 1.000000 3
7892 1.000000 4
7896 -1.000000 4
7901 1.000000 5
7904 -1.000000 3
7908 1.000000 4
7912 1.000000 4
7917 0.000000 5
7920 -1.000000 3
7923 -1.000000 3
7928 1.000000 5
7932 1.000000 4
7937 1.000000 5
7941 -1.000000 4
7945 -1.000000 4
7948 1.000000 3
7951 -1.000000 3
7956 0.000000 5
7961 1.000000 5
7965 1.000000 4
7970 1.000000 5
7974 -1.000000 4
7978 -1.000000 4
7982 1.000000 4
7986 1.000000 4
7990 1.000000 4
7995 0.000000 5
7999 1.000000 4
8004 0.000000 5
8008 -1.000000 4
8011 -1.000000 3
8016 1.000000 5
8020 1.000000 4
8024 1.000000 4
8027 -1.000000 3
8031 1.000000 4
8034 1.000000 3
8038 -1.000000 4
8043 1.000000 5
8047 1.000000 4
8052 0.000000 5
8057 0.000000 5
8061 1.000000 4
8065 -1.000000 4
8068 1.000000 3
8072 1.000000 4
8076 1.000000 4
8080 1.000000 4
8084 1.000000 4
8088 1.000000 4
8091 1.000000 3
8095 1.000000 4
8099 1.000000 4
8102 -1.000000 3
8106 -1.000000 4
8110 1.000000 4
8115 1.000000 5
8118 -1.000000 3
8122 -1.000000 4
8127 0.000000 5
8130 -1.000000 3
8135 1.000000 5
8139 -1.000000 4
8143 1.000000 4
8148 1.000000 5
8153 1.000000 5
8157 -1.000000 4
8162 0.000000 5
8166 1.000000 4
8171 1.000000 5
8174 1.000000 3
8177 1.000000 3
8181 1.000000 4
8186 1.000000 5
8191 0.000000 5
8194 -1.000000 3
8198 1.000000 4
8202 -1.000000 4
8207 0.000000 5
8211 1.000000 4
8215 1.000000 4
8219 -1.000000 4
8224 0.000000 5
8229 1.000000 5
8233 1.000000 4
8238 1.000000 5
8241 1.000000 3
8246 1.000000 5
8250 1.000000 4
8255 0.000000 5
8259 1.000000 4
8264 1.000000 5
8267 1.000000 3
8271 -1.000000 4
8276 1.000000 5
8280 1.000000 4
8284 1.000000 4
8289 0.000000 5
8293 -1.000000 4
8298 1.000000 5
8303 1.000000 5
8307 1.000000 4
8311 1.000000 4
8316 0.000000 5
8320 1.000000 4
8323 1.000000 3
8328 1.000000 5
8333 1.000000 5
8338 1.000000 5
8342 1.000000 4
8347 0.000000 5
8351 1.000000 4
8354 1.000000 3
8358 1.000000 4
8362 1.000000 4
8366 1.000000 4
8370 1.000000 4
8374 1.000000 4
8378 1.000000 4
8382 1.000000 4
8386 -1.000000 4
8390 -1.000000 4
8394 1.000000 4
8398 1.000000 4
8403 1.000000 5
8406 1.000000 3
8409 -1.000000 3
8414 1.000000 5
8418 -1.000000 4
8421 -1.000000 3
8425 1.000000 4
8428 -1.000000 3
8432 -1.000000 4
8436 1.000000 4
8440 1.000000 4
8444 -1.000000 4
8448 -1.000000 4
8452 1.000000 4
8457 1.000000 5
8461 1.000000 4
8464 -1.000000 3
8469 1.000000 5
8473 1.000000 4
8477 1.000000 4
8481 -1.000000 4
8485 1.000000 4
8488 -1.000000 3
8493 1.000000 5
8498 0.000000 5
8502 -1.000000 4
8507 1.000000 5
8510 -1.000000 3
8514 1.000000 4
8517 1.000000 3
8522 0.000000 5
8526 1.000000 4
8530 1.000000 4
8533 1.000000 3
8537 -1.000000 4
8542 0.000000 5
8547 1.000000 5
8552 1.000000 5
8556 1.000000 4
8561 1.000000 5
8564 1.000000 3
8569 0.000000 5
8573 -1.000000 4
8577 -1.000000 4
8581 1.000000 4
8586 1.000000 5
8589 1.000000 3
8593 1.000000 4
8596 1.000000 3
8600 1.000000 4
8603 1.000000 3
8607 1.000000 4
8612 1.000000 5
8617 0.000000 5
8621 -1.000000 4
8625 1.000000 4
8630 1.000000 5
8635 1.000000 5
8638 -1.000000 3
8642 1.000000 4
8646 1.000000 4
8651 0.000000 5
8655 1.000000 4
8659 1.000000 4
8663 -1.000000 4
8666 1.000000 3
8671 1.000000 5
8675 1.000000 4
8679 -1.000000 4
8684 1.000000 5
8687 -1.000000 3
8691 1.000000 4
8696 1.000000 5
8700 1.000000 4
8703 -1.000000 3
8706 1.000000 3
8711 1.000000 5
8714 -1.000000 3
8719 1.000000 5
8724 1.000000 5
8729 1.000000 5
8732 -1.000000 3
8736 1.000000 4
8739 1.000000 3
8742 1.000000 3
8746 1.000000 4
8750 1.000000 4
8754 1.000000 4
8758 1.000000 4
8762 1.000000 4
8766 1.000000 4
8770 1.000000 4
8774 1.000000 4
8779 0.000000 5
8783 -1.000000 4
8787 -1.000000 4
8791 1.000000 4
8796 0.000000 5
8801 1.000000 5
8805 1.000000 4
8808 1.000000 3
8812 1.000000 4
8817 0.000000 5
8820 1.000000 3
8824 -1.000000 4
8828 1.000000 4
8832 1.000000 4
8836 1.000000 4
8841 0.000000 5
8845 1.000000 4
8850 1.000000 5
8855 1.000000 5
8859 -1.000000 4
8863 -1.000000 4
8866 1.000000 3
8870 1.000000 4
8873 1.000000 3
8877 -1.000000 4
8881 -1.000000 4
8886 1.000000 5
8891 1.000000 5
8896 1.000000 5
8900 1.000000 4
8905 1.000000 5
8909 -1.000000 4
8913 1.000000 4
8917 1.000000 4
8920 1.000000 3
8925 1.000000 5
8930 1.000000 5
8933 -1.000000 3
8937 1.000000 4
8940 -1.000000 3
8944 1.000000 4
8948 -1.000000 4
8952 1.000000 4
8956 -1.000000 4
8961 1.000000 5
8965 -1.000000 4
8969 1.000000 4
8973 1.000000 4
8976 1.000000 3
8981 0.000000 5
8985 1.000000 4
8989 -1.000000 4
8994 1.000000 5
8997 1.000000 3
9000 -1.000000 3
9004 1.000000 4
9008 1.000000 4
9012 1.000000 4
9015 -1.000000 3
9020 0.000000 5
9024 1.000000 4
9028 1.000000 4
9033 1.000000 5
9037 -1.000000 4
9041 1.000000 4
9044 -1.000000 3
9048 -1.000000 4
9052 -1.000000 4
9056 -1.000000 4
9061 0.000000 5
9065 1.000000 4
9070 1.000000 5
9074 1.000000 4
9079 0.000000 5
9083 -1.000000 4
9088 1.000000 5
9092 1.000000 4
9096 -1.000000 4
9099 -1.000000 3
9103 1.000000 4
9106 1.000000 3
9110 -1.000000 4
9113 1.000000 3
9117 1.000000 4
9120 1.000000 3
9124 1.000000 4
9129 1.000000 5
9132 -1.000000 3
9136 1.000000 4
9141 1.000000 5
9145 1.000000 4
9148 1.000000 3
9152 -1.000000 4
9155 1.000000 3
9159 1.000000 4
9162 1.000000 3
9166 1.000000 4
9170 1.000000 4
9173 1.000000 3
9178 0.000000 5
9181 1.000000 3
9185 1.000000 4
9190 1.000000 5
9195 1.000000 5
9200 0.000000 5
9205 0.000000 5
9208 1.000000 3
9212 1.000000 4
9215 -1.000000 3
9220 1.000000 5
9223 -1.000000 3
9228 0.000000 5
9233 1.000000 5
9237 1.000000 4
9241 1.000000 4
9245 1.000000 4
9250 1.000000 5
9255 0.000000 5
9259 1.000000 4
9262 -1.000000 3
9265 -1.000000 3
9269 1.000000 4
9272 -1.000000 3
9276 -1.000000 4
9279 -1.000000 3
9284 1.000000 5
9288 -1.000000 4
9293 1.000000 5
9297 1.000000 4
9301 -1.000000 4
9306 0.000000 5
9311 0.000000 5
9316 1.000000 5
9320 1.000000 4
9324 -1.000000 4
9327 -1.000000 3
9331 1.000000 4
9334 -1.000000 3
9337 1.000000 3
9341 1.000000 4
9344 1.000000 3
9347 1.000000 3
9352 1.000000 5
9357 1.000000 5
9361 -1.000000 4
9366 1.000000 5
9370 1.000000 4
9374 -1.000000 4
9378 1.000000 4
9382 1.000000 4
9386 1.000000 4
9389 1.000000 3
9393 1.000000 4
9397 1.000000 4
9401 1.000000 4
9406 1.000000 5
9411 1.000000 5
9416 0.000000 5
9420 -1.000000 4
9425 1.000000 5
9428 1.000000 3
9432 1.000000 4
9436 1.000000 4
9439 1.000000 3
9444 0.000000 5
9448 1.000000 4
9453 1.000000 5
9457 1.000000 4
9461 1.000000 4
9464 1.000000 3
9468 1.000000 4
9472 1.000000 4
9476 -1.000000 4
9479 1.000000 3
9483 1.000000 4
9487 1.000000 4
9492 1.000000 5
9496 1.000000 4
9499 1.000000 3
9503 1.000000 4
9506 1.000000 3
9511 0.000000 5
9515 -1.000000 4
9519 1.000000 4
9524 0.000000 5
9527 1.000000 3
9531 1.000000 4
9534 -1.000000 3
9537 -1.000000 3
9542 0.000000 5
9546 1.000000 4
9549 1.000000 3
9553 1.000000 4
9557 1.000000 4
9561 -1.000000 4
9566 0.000000 5
9570 -1.000000 4
9575 1.000000 5
9578 1.000000 3
9583 1.000000 5
9588 1.000000 5
9592 1.000000 4
9597 1.000000 5
9601 -1.000000 4
9604 1.000000 3
9607 -1.000000 3
9611 -1.000000 4
9615 1.000000 4
9620 0.000000 5
9625 1.000000 5
9629 1.000000 4
9632 -1.000000 3
9635 -1.000000 3
9639 1.000000 4
9643 1.000000 4
9647 -1.000000 4
9651 1.000000 4
9655 1.000000 4
9659 1.000000 4
9663 1.000000 4
9666 -1.000000 3
9669 -1.000000 3
9674 1.000000 5
9678 1.000000 4
9682 1.000000 4
9685 1.000000 3
9688 1.000000 3
9693 1.000000 5
9697 -1.000000 4
9700 -1.000000 3
9704 -1.000000 4
9708 1.000000 4
9712 -1.000000 4
9717 1.000000 5
9721 1.000000 4
9726 0.000000 5
9729 1.000000 3
9733 -1.000000 4
9737 1.000000 4
9740 1.000000 3
9743 -1.000000 3
9746 -1.000000 3
9751 1.000000 5
9756 0.000000 5
9759 1.000000 3
9763 1.000000 4
9768 1.000000 5
9773 1.000000 5
9777 1.000000 4
9780 1.000000 3
9785 0.000000 5
9788 1.000000 3
9792 1.000000 4
9795 -1.000000 3
9799 1.000000 4
9802 1.000000 3
9806 1.000000 4
9810 -1.000000 4
9814 1.000000 4
9818 1.000000 4
9823 0.000000 5
9827 1.000000 4
9831 1.000000 4
9834 1.000000 3
9838 -1.000000 4
9842 1.000000 4
9846 1.000000 4
9851 1.000000 5
9855 1.000000 4
9860 1.000000 5
9863 1.000000 3
9867 -1.000000 4
9871 -1.000000 4
9874 1.000000 3
9877 1.000000 3
9880 1.000000 3
9883 -1.000000 3
9887 -1.000000 4
9890 -1.000000 3
9895 0.000000 5
9898 -1.000000 3
9903 1.000000 5
9907 1.000000 4
9911 1.000000 4
9915 -1.000000 4
9920 0.000000 5
9924 1.000000 4
9928 -1.000000 4
9933 1.000000 5
9937 -1.000000 4
9941 1.000000 4
9946 0.000000 5
9950 -1.000000 4
9954 -1.000000 4
9958 -1.000000 4
9962 -1.000000 4
9965 -1.000000 3
9969 1.000000 4
9972 1.000000 3
9975 1.000000 3
9979 -1.000000 4
9983 1.000000 4
9986 1.000000 3
9990 1.000000 4
9995 1.000000 5
10000 1.000000 5
10003 -1.000000 3
10006 -1.000000 3
10009 -1.000000 3
10012 -1.000000 3
10015 -1.000000 3
10018 -1.000000 3
10021 -1.000000 3
10024 -1.000000 3
10027 -1.000000 3
10030 -1.000000 3
10033 -1.000000 3
10036 -1.000000 3
10039 -1.000000 3
10042 -1.000000 3
10045 -1.000000 3
10048 -1.000000 3
10051 -1.000000 3
10054 -1.000000 3
10057 -1.000000 3
10060 -1.000000 3
10063 -1.000000 3
10066 -1.000000 3
10069 -1.000000 3
10072 -1.000000 3
10075 -1.000000 3
10078 -1.000000 3
10081 -1.000000 3
10084 -1.000000 3
10087 -1.000000 3
10090 -1.000000 3
10093 -1.000000 3
10096 -1.000000 3
10099 -1.000000 3
10102 -1.000000 3
10105 -1.000000 3
10108 -1.000000 3
10111 -1.000000 3
10114 -1.000000 3
10117 -1.000000 3
10120 -1.000000 3
10123 -1.000000 3
10126 -1.000000 3
10129 -1.000000 3
10132 -1.000000 3
10135 -1.000000 3
10138 -1.000000 3
10141 -1.000000 3
10144 -1.000000 3
10147 -1.000000 3
10150 -1.000000 3
10153 -1.000000 3
10156 -1.000000 3
10159 -1.000000 3
10162 -1.000000 3
10165 -1.000000 3
10168 -1.000000 3
10171 -1.000000 3
10174 -1.000000 3
10177 -1.000000 3
10180 -1.000000 3
10183 -1.000000 3
10186 -1.000000 3
10189 -1.000000 3
10192 -1.000000 3
10195 -1.000000 3
10198 -1.000000 3
10201 -1.000000 3
10204 -1.000000 3
10207 -1.000000 3
10210 -1.000000 3
10213 -1.000000 3
10216 -1.000000 3
10219 -1.000000 3
10222 -1.000000 3
10225 -1.000000 3
10228 -1.000000 3
10231 -1.000000 3
10234 -1.000000 3
10237 -1.000000 3
10240 -1.000000 3
10243 -1.000000 3
10246 -1.000000 3
10249 -1.000000 3
10252 -1.000000 3
10255 -1.000000 3
10258 -1.000000 3
10261 -1.000000 3
10264 -1.000000 3
10267 -1.000000 3
10270 -1.000000 3
10273 -1.000000 3
10276 -1.000000 3
10279 -1.000000 3
10282 -1.000000 3
10285 -1.000000 3
10288 -1.000000 3
10291 -1.000000 3
10294 -1.000000 3
10297 -1.000000 3
10300 -1.000000 3
10303 -1.000000 3
10306 -1.000000 3
10309 -1.000000 3
10312 -1.000000 3
10315 -1.000000 3
10318 -1.000000 3
10321 -1.000000 3
10324 -1.000000 3
10327 -1.000000 3
10330 -1.000000 3
10333 -1.000000 3
10336 -1.000000 3
10339 -1.000000 3
10342 -1.000000 3
10345 -1.000000 3
10348 -1.000000 3
10351 -1.000000 3
10354 -1.000000 3
10357 -1.000000 3
10360 -1.000000 3
10363 -1.000000 3
10366 -1.000000 3
10369 -1.000000 3
10372 -1.000000 3
10375 -1.000000 3
10378 -1.000000 3
10381 -1.000000 3
10384 -1.000000 3
10387 -1.000000 3
10390 -1.000000 3
10393 -1.000000 3
10396 -1.000000 3
10399 -1.000000 3
10402 -1.000000 3
10405 -1.000000 3
10408 -1.000000 3
10411 -1.000000 3
10414 -1.000000 3
10417 -1.000000 3
10420 -1.000000 3
10423 -1.000000 3
10426 -1.000000 3
10429 -1.000000 3
10432 -1.000000 3
10435 -1.000000 3
10438 -1.000000 3
10441 -1.000000 3
10444 -1.000000 3
10447 -1.000000 3
10450 -1.000000 3
10453 -1.000000 3
10456 -1.000000 3
10459 -1.000000 3
10462 -1.000000 3
10465 -1.000000 3
10468 -1.000000 3
10471 -1.000000 3
10474 -1.000000 3
10477 -1.000000 3
10480 -1.000000 3
10483 -1.000000 3
10486 -1.000000 3
10489 -1.000000 3
10492 -1.000000 3
10495 -1.000000 3
10498 -1.000000 3
10501 -1.000000 3
10504 -1.000000 3
10507 -1.000000 3
10510 -1.000000 3
10513 -1.000000 3
10516 -1.000000 3
10519 -1.000000 3
10522 -1.000000 3
10525 -1.000000 3
10528 -1.000000 3
10531 -1.000000 3
10534 -1.000000 3
10537 -1.000000 3
10540 -1.000000 3
10543 -1.000000 3
10546 -1.000000 3
10549 -1.000000 3
10552 -1.000000 3
10555 -1.000000 3
10558 -1.000000 3
10561 -1.000000 3
10564 -1.000000 3
10567 -1.000000 3
10570 -1.000000 3
10573 -1.000000 3
10576 -1.000000 3
10579 -1.000000 3
10582 -1.000000 3
10585 -1.000000 3
10588 -1.000000 3
10591 -1.000000 3
10594 -1.000000 3
10597 -1.000000 3
10600 -1.000000 3
10603 -1.000000 3
10606 -1.000000 3
10609 -1.000000 3
10612 -1.000000 3
10615 -1.000000 3
10618 -1.000000 3
10621 -1.000000 3
10624 -1.000000 3
10627 -1.000000 3
10630 -1.000000 3
10633 -1.000000 3
10636 -1.000000 3
10639 -1.000000 3
10642 -1.000000 3
10645 -1.000000 3
10648 -1.000000 3
10651 -1.000000 3
10654 -1.000000 3
10657 -1.000000 3
10660 -1.000000 3
10663 -1.000000 3
10666 -1.000000 3
10669 -1.000000 3
10672 -1.000000 3
10675 -1.000000 3
10678 -1.000000 3
10681 -1.000000 3
10684 -1.000000 3
10687 -1.000000 3
10690 -1.000000 3
10693 -1.000000 3
10696 -1.000000 3
10699 -1.000000 3
10702 -1.000000 3
10705 -1.000000 3
10708 -1.000000 3
10711 -1.000000 3
10714 -1.000000 3
10717 -1.000000 3
10720 -1.000000 3
10723 -1.000000 3
10726 -1.000000 3
10729 -1.000000 3
10732 -1.000000 3
10735 -1.000000 3
10738 -1.000000 3
10741 -1.000000 3
10744 -1.000000 3
10747 -1.000000 3
10750 -1.000000 3
10753 -1.000000 3
10756 -1.000000 3
10759 -1.000000 3
10762 -1.000000 3
10765 -1.000000 3
10768 -1.000000 3
10771 -1.000000 3
10774 -1.000000 3
10777 -1.000000 3
10780 -1.000000 3
10783 -1.000000 3
10786 -1.000000 3
10789 -1.000000 3
10792 -1.000000 3
10795 -1.000000 3
10798 -1.000000 3
10801 -1.000000 3
10804 -1.000000 3
10807 -1.000000 3
10810 -1.000000 3
10813 -1.000000 3
10816 -1.000000 3
10819 -1.000000 3
10822 -1.000000 3
10825 -1.000000 3
10828 -1.000000 3
10831 -1.000000 3
10834 -1.000000 3
10837 -1.000000 3
10840 -1.000000 3
10843 -1.000000 3
10846 -1.000000 3
10849 -1.000000 3
10852 -1.000000 3
10855 -1.000000 3
10858 -1.000000 3
10861 -1.000000 3
10864 -1.000000 3
10867 -1.000000 3
10870 -1.000000 3
10873 -1.000000 3
10876 -1.000000 3
10879 -1.000000 3
10882 -1.000000 3
10885 -1.000000 3
10888 -1.000000 3
10891 -1.000000 3
10894 -1.000000 3
10897 -1.000000 3
10900 -1.000000 3
10903 -1.000000 3
10906 -1.000000 3
10909 -1.000000 3
10912 -1.000000 3
10915 -1.000000 3
10918 -1.000000 3
10921 -1.000000 3
10924 -1.000000 3
10927 -1.000000 3
10930 -1.000000 3
10933 -1.000000 3
10936 -1.000000 3
10939 -1.000000 3
10942 -1.000000 3
10945 -1.000000 3
10948 -1.000000 3
10951 -1.000000 3
10954 -1.000000 3
10957 -1.000000 3
10960 -1.000000 3
10963 -1.000000 3
10966 -1.000000 3
10969 -1.000000 3
10972 -1.000000 3
10975 -1.000000 3
10978 -1.000000 3
10981 -1.000000 3
10984 -1.000000 3
10987 -1.000000 3
10990 -1.000000 3
10993 -1.000000 3
10996 -1.000000 3
10999 -1.000000 3
11002 -1.000000 3
11006 1.000000 4
11010 1.000000 4
11014 -1.000000 4
11018 1.000000 4
11022 1.000000 4
11026 1.000000 4
11029 1.000000 3
11033 1.000000 4
11037 1.000000 4
11041 1.000000 4
11044 1.000000 3
11047 1.000000 3
11051 1.000000 4
11055 1.000000 4
11059 1.000000 4
11063 1.000000 4
11066 1.000000 3
11070 1.000000 4
11074 1.000000 4
11079 0.000000 5
11082 1.000000 3
11086 1.000000 4
11089 1.000000 3
11094 1.000000 5
11098 1.000000 4
11102 1.000000 4
11107 0.000000 5
11111 1.000000 4
11115 1.000000 4
11119 1.000000 4
11122 -1.000000 3
11125 1.000000 3
11129 1.000000 4
11133 1.000000 4
11137 1.000000 4
11141 1.000000 4
11145 1.000000 4
11150 0.000000 5
11154 1.000000 4
11158 1.000000 4
11162 1.000000 4
11165 1.000000 3
11169 1.000000 4
11172 1.000000 3
11175 1.000000 3
11180 0.000000 5
11184 1.000000 4
11187 1.000000 3
11192 0.000000 5
11196 1.000000 4
11199 1.000000 3
11203 1.000000 4
11207 1.000000 4
11211 1.000000 4
11215 1.000000 4
11218 1.000000 3
11222 1.000000 4
11226 1.000000 4
11230 1.000000 4
11233 1.000000 3
11236 1.000000 3
11240 1.000000 4
11244 -1.000000 4
11248 1.000000 4
11251 1.000000 3
11255 1.000000 4
11259 1.000000 4
11263 1.000000 4
11268 1.000000 5
11272 1.000000 4
11276 1.000000 4
11280 1.000000 4
11283 1.000000 3
11288 0.000000 5
11291 1.000000 3
11294 1.000000 3
11299 1.000000 5
11303 1.000000 4
11306 1.000000 3
11310 1.000000 4
11313 -1.000000 3
11316 -1.000000 3
11319 1.000000 3
11323 1.000000 4
11327 -1.000000 4
11331 1.000000 4
11335 1.000000 4
11339 1.000000 4
11342 1.000000 3
11346 1.000000 4
11350 1.000000 4
11353 -1.000000 3
11356 1.000000 3
11360 1.000000 4
11363 -1.000000 3
11367 1.000000 4
11371 1.000000 4
11375 1.000000 4
11379 1.000000 4
11382 1.000000 3
11387 1.000000 5
11390 -1.000000 3
11394 1.000000 4
11399 0.000000 5
11402 1.000000 3
11405 1.000000 3
11408 1.000000 3
11412 1.000000 4
11416 1.000000 4
11419 1.000000 3
11422 1.000000 3
11426 1.000000 4
11429 1.000000 3
11433 1.000000 4
11437 1.000000 4
11441 1.000000 4
11444 1.000000 3
11449 1.000000 5
11453 1.000000 4
11457 1.000000 4
11460 1.000000 3
11464 1.000000 4
11467 1.000000 3
11471 1.000000 4
11475 1.000000 4
11479 1.000000 4
11483 -1.000000 4
11486 1.000000 3
11490 1.000000 4
11494 1.000000 4
11498 1.000000 4
11501 1.000000 3
11504 1.000000 3
11507 1.000000 3
11511 1.000000 4
11515 1.000000 4
11520 0.000000 5
11524 1.000000 4
11528 1.000000 4
11532 1.000000 4
11536 1.000000 4
11540 1.000000 4
11544 1.000000 4
11548 1.000000 4
11551 1.000000 3
11554 1.000000 3
11558 1.000000 4
11561 1.000000 3
11565 -1.000000 4
11569 1.000000 4
11572 1.000000 3
11575 -1.000000 3
11578 1.000000 3
11582 1.000000 4
11586 -1.000000 4
11589 -1.000000 3
11594 1.000000 5
11597 1.000000 3
11600 1.000000 3
11604 1.000000 4
11609 0.000000 5
11612 1.000000 3
11616 1.000000 4
11619 1.000000 3
11623 1.000000 4
11627 1.000000 4
11630 1.000000 3
11634 1.000000 4
11637 1.000000 3
11640 1.000000 3
11645 0.000000 5
11649 1.000000 4
11653 1.000000 4
11657 1.000000 4
11661 1.000000 4
11665 1.000000 4
11669 1.000000 4
11673 1.000000 4
11677 1.000000 4
11681 1.000000 4
11685 1.000000 4
11688 1.000000 3
11691 1.000000 3
11696 0.000000 5
11699 1.000000 3
11703 1.000000 4
11706 1.000000 3
11710 -1.000000 4
11714 1.000000 4
11717 1.000000 3
11721 1.000000 4
11725 1.000000 4
11728 1.000000 3
11732 1.000000 4
11736 1.000000 4
11739 1.000000 3
11744 0.000000 5
11748 1.000000 4
11752 1.000000 4
11757 0.000000 5
11761 1.000000 4
11764 1.000000 3
11768 1.000000 4
11772 1.000000 4
11775 1.000000 3
11779 1.000000 4
11783 1.000000 4
11787 1.000000 4
11790 1.000000 3
11794 1.000000 4
11798 1.000000 4
11803 1.000000 5
11807 1.000000 4
11810 1.000000 3
11814 1.000000 4
11818 1.000000 4
11821 1.000000 3
11825 1.000000 4
11828 1.000000 3
11833 0.000000 5
11837 1.000000 4
11840 1.000000 3
11843 1.000000 3
11847 1.000000 4
11850 -1.000000 3
11854 1.000000 4
11857 1.000000 3
11860 1.000000 3
11864 1.000000 4
11868 1.000000 4
11872 1.000000 4
11876 -1.000000 4
11880 1.000000 4
11884 1.000000 4
11887 1.000000 3
11890 1.000000 3
11894 1.000000 4
11897 -1.000000 3
11901 1.000000 4
11905 1.000000 4
11909 1.000000 4
11912 -1.000000 3
11915 1.000000 3
11919 1.000000 4
11923 1.000000 4
11926 1.000000 3
11929 1.000000 3
11933 1.000000 4
11937 1.000000 4
11941 1.000000 4
11945 1.000000 4
11949 1.000000 4
11952 1.000000 3
11955 1.000000 3
11959 1.000000 4
11963 1.000000 4
11967 1.000000 4
11971 1.000000 4
11975 1.000000 4
11978 1.000000 3
11981 1.000000 3
11984 -1.000000 3
11988 1.000000 4
11992 1.000000 4
11995 -1.000000 3
11999 1.000000 4
12003 1.000000 4
12007 1.000000 4
12010 1.000000 3
12013 -1.000000 3
12017 1.000000 4
12021 1.000000 4
12026 1.000000 5
12031 0.000000 5
12035 1.000000 4
12039 1.000000 4
12043 1.000000 4
12047 1.000000 4
12050 1.000000 3
12053 1.000000 3
12057 1.000000 4
12060 -1.000000 3
12064 -1.000000 4
12068 1.000000 4
12072 1.000000 4
12076 1.000000 4
12080 1.000000 4
12084 1.000000 4
12088 1.000000 4
12091 1.000000 3
12095 1.000000 4
12098 1.000000 3
12101 -1.000000 3
12105 1.000000 4
12109 1.000000 4
12112 1.000000 3
12115 1.000000 3
12120 0.000000 5
12124 1.000000 4
12128 1.000000 4
12131 1.000000 3
12135 1.000000 4
12140 1.000000 5
12144 1.000000 4
12149 0.000000 5
12153 1.000000 4
12157 1.000000 4
12161 1.000000 4
12164 1.000000 3
12168 1.000000 4
12171 1.000000 3
12174 1.000000 3
12177 1.000000 3
12181 1.000000 4
12185 1.000000 4
12188 1.000000 3
12191 -1.000000 3
12195 1.000000 4
12199 1.000000 4
12202 1.000000 3
12206 1.000000 4
12210 1.000000 4
12214 -1.000000 4
12218 1.000000 4
12221 -1.000000 3
12224 -1.000000 3
12228 1.000000 4
12232 1.000000 4
12236 1.000000 4
12239 -1.000000 3
12243 1.000000 4
12246 1.000000 3
12250 1.000000 4
12253 1.000000 3
12258 0.000000 5
12262 1.000000 4
12266 1.000000 4
12270 1.000000 4
12275 0.000000 5
12279 1.000000 4
12283 1.000000 4
12287 1.000000 4
12291 1.000000 4
12295 1.000000 4
12298 1.000000 3
12301 1.000000 3
12305 1.000000 4
12309 1.000000 4
12312 1.000000 3
12316 1.000000 4
12320 -1.000000 4
12324 1.000000 4
12329 0.000000 5
12333 1.000000 4
12336 1.000000 3
12340 1.000000 4
12343 1.000000 3
12347 1.000000 4
12351 1.000000 4
12355 -1.000000 4
12359 1.000000 4
12364 0.000000 5
12368 1.000000 4
12372 1.000000 4
12376 -1.000000 4
12380 1.000000 4
12385 0.000000 5
12389 1.000000 4
12393 1.000000 4
12398 0.000000 5
12401 1.000000 3
12406 0.000000 5
12410 1.000000 4
12414 1.000000 4
12417 1.000000 3
12421 1.000000 4
12425 1.000000 4
12429 1.000000 4
12433 1.000000 4
12436 1.000000 3
12441 0.000000 5
12445 1.000000 4
12449 1.000000 4
12452 -1.000000 3
12457 0.000000 5
12461 1.000000 4
12465 1.000000 4
12468 1.000000 3
12471 1.000000 3
12474 1.000000 3
12478 1.000000 4
12481 1.000000 3
12484 -1.000000 3
12488 1.000000 4
12492 1.000000 4
12496 1.000000 4
12500 1.000000 4
12503 1.000000 3
12507 -1.000000 4
12510 1.000000 3
12514 1.000000 4
12517 1.000000 3
12521 1.000000 4
12525 1.000000 4
12528 1.000000 3
12531 1.000000 3
12534 1.000000 3
12538 1.000000 4
12542 1.000000 4
12545 1.000000 3
12549 1.000000 4
12552 1.000000 3
12557 0.000000 5
12560 1.000000 3
12563 1.000000 3
12566 1.000000 3
12569 1.000000 3
12572 1.000000 3
12576 1.000000 4
12581 0.000000 5
12585 1.000000 4
12589 1.000000 4
12593 1.000000 4
12597 1.000000 4
12600 1.000000 3
12604 1.000000 4
12607 -1.000000 3
12610 1.000000 3
12615 0.000000 5
12618 1.000000 3
12623 1.000000 5
12626 1.000000 3
12631 0.000000 5
12635 1.000000 4
12639 1.000000 4
12643 1.000000 4
12646 1.000000 3
12650 1.000000 4
12654 1.000000 4
12657 1.000000 3
12661 1.000000 4
12664 1.000000 3
12668 1.000000 4
12672 -1.000000 4
12676 1.000000 4
12679 1.000000 3
12682 1.000000 3
12686 1.000000 4
12690 1.000000 4
12694 1.000000 4
12697 1.000000 3
12700 1.000000 3
12704 1.000000 4
12708 1.000000 4
12711 1.000000 3
12715 1.000000 4
12719 1.000000 4
12722 1.000000 3
12725 1.000000 3
12728 1.000000 3
12732 1.000000 4
12737 0.000000 5
12741 1.000000 4
12745 1.000000 4
12749 1.000000 4
12753 1.000000 4
12757 1.000000 4
12760 -1.000000 3
12764 1.000000 4
12768 1.000000 4
12772 1.000000 4
12775 1.000000 3
12779 1.000000 4
12782 1.000000 3
12785 1.000000 3
12790 1.000000 5
12794 1.000000 4
12798 1.000000 4
12801 1.000000 3
12804 1.000000 3
12808 1.000000 4
12812 1.000000 4
12815 -1.000000 3
12818 1.000000 3
12823 1.000000 5
12827 1.000000 4
12832 0.000000 5
12836 1.000000 4
12839 1.000000 3
12843 1.000000 4
12848 1.000000 5
12851 1.000000 3
12855 1.000000 4
12859 1.000000 4
12863 1.000000 4
12867 1.000000 4
12870 1.000000 3
12875 0.000000 5
12879 1.000000 4
12882 1.000000 3
12887 0.000000 5
12891 1.000000 4
12895 1.000000 4
12899 1.000000 4
12903 1.000000 4
12906 1.000000 3
12910 1.000000 4
12914 1.000000 4
12919 0.000000 5
12923 1.000000 4
12926 -1.000000 3
12930 -1.000000 4
12934 1.000000 4
12938 1.000000 4
12942 1.000000 4
12946 1.000000 4
12950 1.000000 4
12953 -1.000000 3
12957 1.000000 4
12961 1.000000 4
12965 1.000000 4
12969 1.000000 4
12972 -1.000000 3
12976 1.000000 4
12980 1.000000 4
12984 1.000000 4
12987 -1.000000 3
12990 1.000000 3
12993 1.000000 3
12996 1.000000 3
13000 1.000000 4
13003 1.000000 3
