4 1.000000 4
8 -1.000000 4
13 0.000000 5
17 1.000000 4
22 0.000000 5
26 1.000000 4
30 1.000000 4
34 -1.000000 4
38 -1.000000 4
42 -1.000000 4
47 1.000000 5
51 -1.000000 4
54 1.000000 3
59 0.000000 5
62 1.000000 3
67 1.000000 5
71 -1.000000 4
75 1.000000 4
80 0.000000 5
83 -1.000000 3
87 -1.000000 4
90 1.000000 3
95 1.000000 5
100 1.000000 5
105 1.000000 5
109 1.000000 4
113 1.000000 4
117 1.000000 4
121 -1.000000 4
126 1.000000 5
129 1.000000 3
133 -1.000000 4
137 -1.000000 4
140 -1.000000 3
145 1.000000 5
148 1.000000 3
153 0.000000 5
157 1.000000 4
161 1.000000 4
166 1.000000 5
171 1.000000 5
176 1.000000 5
181 1.000000 5
184 -1.000000 3
187 -1.000000 3
192 1.000000 5
196 -1.000000 4
201 0.000000 5
205 1.000000 4
210 1.000000 5
214 -1.000000 4
217 -1.000000 3
220 1.000000 3
225 1.000000 5
228 -1.000000 3
233 1.000000 5
237 -1.000000 4
240 1.000000 3
245 0.000000 5
250 0.000000 5
254 1.000000 4
259 0.000000 5
264 1.000000 5
268 1.000000 4
273 1.000000 5
277 -1.000000 4
282 0.000000 5
287 1.000000 5
292 1.000000 5
297 1.000000 5
301 1.000000 4
305 -1.000000 4
310 0.000000 5
314 -1.000000 4
319 1.000000 5
323 -1.000000 4
328 0.000000 5
333 1.000000 5
338 1.000000 5
342 -1.000000 4
346 1.000000 4
351 1.000000 5
355 -1.000000 4
360 0.000000 5
364 1.000000 4
369 0.000000 5
373 1.000000 4
377 -1.000000 4
381 -1.000000 4
386 1.000000 5
389 1.000000 3
394 1.000000 5
398 -1.000000 4
403 0.000000 5
408 0.000000 5
412 -1.000000 4
415 1.000000 3
420 1.000000 5
423 -1.000000 3
427 1.000000 4
432 1.000000 5
437 1.000000 5
440 1.000000 3
445 0.000000 5
450 1.000000 5
454 1.000000 4
457 -1.000000 3
461 -1.000000 4
466 1.000000 5
471 1.000000 5
475 -1.000000 4
479 -1.000000 4
483 -1.000000 4
487 -1.000000 4
491 1.000000 4
495 1.000000 4
499 -1.000000 4
503 -1.000000 4
508 1.000000 5
513 1.000000 5
518 1.000000 5
522 1.000000 4
526 -1.000000 4
531 1.000000 5
536 1.000000 5
541 1.000000 5
546 1.000000 5
551 0.000000 5
554 1.000000 3
557 1.000000 3
561 -1.000000 4
565 -1.000000 4
569 -1.000000 4
573 1.000000 4
577 1.000000 4
581 -1.000000 4
585 -1.000000 4
589 1.000000 4
592 1.000000 3
596 1.000000 4
600 1.000000 4
605 1.000000 5
610 1.000000 5
614 1.000000 4
617 -1.000000 3
620 1.000000 3
625 0.000000 5
630 1.000000 5
635 1.000000 5
640 0.000000 5
644 -1.000000 4
648 1.000000 4
651 1.000000 3
655 1.000000 4
659 -1.000000 4
663 -1.000000 4
668 0.000000 5
673 1.000000 5
676 -1.000000 3
680 -1.000000 4
684 -1.000000 4
689 1.000000 5
694 0.000000 5
698 1.000000 4
701 1.000000 3
705 1.000000 4
708 1.000000 3
713 1.000000 5
718 1.000000 5
723 1.000000 5
728 0.000000 5
733 1.000000 5
738 0.000000 5
742 1.000000 4
746 1.000000 4
750 -1.000000 4
753 1.000000 3
758 1.000000 5
763 1.000000 5
766 1.000000 3
771 1.000000 5
776 1.000000 5
780 -1.000000 4
785 1.000000 5
789 -1.000000 4
793 1.000000 4
797 1.000000 4
802 1.000000 5
805 1.000000 3
808 -1.000000 3
813 1.000000 5
816 -1.000000 3
820 1.000000 4
823 1.000000 3
826 1.000000 3
830 -1.000000 4
834 1.000000 4
839 1.000000 5
843 -1.000000 4
848 1.000000 5
851 1.000000 3
855 -1.000000 4
860 1.000000 5
864 -1.000000 4
867 1.000000 3
871 1.000000 4
875 1.000000 4
880 1.000000 5
884 -1.000000 4
889 1.000000 5
892 1.000000 3
897 0.000000 5
900 1.000000 3
905 0.000000 5
909 1.000000 4
912 -1.000000 3
916 -1.000000 4
920 -1.000000 4
925 0.000000 5
930 1.000000 5
935 0.000000 5
939 1.000000 4
944 0.000000 5
948 1.000000 4
952 1.000000 4
957 1.000000 5
961 1.000000 4
966 1.000000 5
971 1.000000 5
975 1.000000 4
980 1.000000 5
984 -1.000000 4
988 1.000000 4
991 1.000000 3
995 1.000000 4
999 1.000000 4
1004 1.000000 5
1008 1.000000 4
1012 1.000000 4
1015 -1.000000 3
1019 1.000000 4
1024 1.000000 5
1029 1.000000 5
1033 -1.000000 4
1036 -1.000000 3
1041 0.000000 5
1046 1.000000 5
1051 1.000000 5
1056 1.000000 5
1060 1.000000 4
1064 1.000000 4
1069 0.000000 5
1073 1.000000 4
1078 1.000000 5
1082 1.000000 4
1087 0.000000 5
1092 0.000000 5
1097 1.000000 5
1102 1.000000 5
1106 1.000000 4
1110 -1.000000 4
1113 1.000000 3
1117 -1.000000 4
1120 -1.000000 3
1125 1.000000 5
1129 -1.000000 4
1134 1.000000 5
1138 -1.000000 4
1141 -1.000000 3
1144 1.000000 3
1149 0.000000 5
1154 1.000000 5
1159 1.000000 5
1163 1.000000 4
1168 1.000000 5
1173 0.000000 5
1177 -1.000000 4
1181 1.000000 4
1185 -1.000000 4
1188 -1.000000 3
1192 1.000000 4
1197 1.000000 5
1201 -1.000000 4
1205 1.000000 4
1208 1.000000 3
1212 1.000000 4
1217 1.000000 5
1220 -1.000000 3
1224 -1.000000 4
1227 1.000000 3
1231 1.000000 4
1234 1.000000 3
1238 1.000000 4
1242 -1.000000 4
1246 1.000000 4
1251 1.000000 5
1256 1.000000 5
1260 1.000000 4
1263 1.000000 3
1267 -1.000000 4
1271 1.000000 4
1274 -1.000000 3
1279 0.000000 5
1284 1.000000 5
1289 0.000000 5
1292 1.000000 3
1296 1.000000 4
1300 -1.000000 4
1305 1.000000 5
1310 0.000000 5
1315 0.000000 5
1320 1.000000 5
1324 1.000000 4
1328 1.000000 4
1333 0.000000 5
1336 -1.000000 3
1339 -1.000000 3
1343 1.000000 4
1347 1.000000 4
1351 1.000000 4
1356 0.000000 5
1359 -1.000000 3
1364 1.000000 5
1368 -1.000000 4
1372 1.000000 4
1377 1.000000 5
1381 1.000000 4
1386 1.000000 5
1390 1.000000 4
1393 1.000000 3
1398 1.000000 5
1402 1.000000 4
1407 0.000000 5
1411 -1.000000 4
1414 1.000000 3
1417 -1.000000 3
1421 1.000000 4
1424 -1.000000 3
1429 1.000000 5
1432 1.000000 3
1437 0.000000 5
1440 -1.000000 3
1444 1.000000 4
1449 1.000000 5
1454 0.000000 5
1459 0.000000 5
1463 -1.000000 4
1468 1.000000 5
1473 1.000000 5
1478 0.000000 5
1483 1.000000 5
1488 0.000000 5
1491 -1.000000 3
1494 -1.000000 3
1499 1.000000 5
1503 1.000000 4
1507 -1.000000 4
1511 -1.000000 4
1514 -1.000000 3
1517 1.000000 3
1522 1.000000 5
1525 1.000000 3
1528 1.000000 3
1533 1.000000 5
1538 1.000000 5
1541 1.000000 3
1544 1.000000 3
1548 1.000000 4
1553 1.000000 5
1557 -1.000000 4
1561 1.000000 4
1565 -1.000000 4
1570 0.000000 5
1574 -1.000000 4
1578 1.000000 4
1581 -1.000000 3
1585 1.000000 4
1589 -1.000000 4
1593 1.000000 4
1598 1.000000 5
1601 -1.000000 3
1605 1.000000 4
1610 0.000000 5
1615 0.000000 5
1618 1.000000 3
1622 1.000000 4
1626 1.000000 4
1631 0.000000 5
1636 1.000000 5
1641 1.000000 5
1646 1.000000 5
1650 1.000000 4
1653 1.000000 3
1658 1.000000 5
1663 0.000000 5
1666 1.000000 3
1671 1.000000 5
1675 1.000000 4
1679 1.000000 4
1683 1.000000 4
1687 1.000000 4
1691 1.000000 4
1694 1.000000 3
1698 -1.000000 4
1703 1.000000 5
1708 1.000000 5
1711 1.000000 3
1716 0.000000 5
1720 -1.000000 4
1724 1.000000 4
1728 1.000000 4
1732 -1.000000 4
1736 1.000000 4
1741 0.000000 5
1745 -1.000000 4
1749 1.000000 4
1754 1.000000 5
1757 -1.000000 3
1762 0.000000 5
1767 0.000000 5
1770 -1.000000 3
1774 -1.000000 4
1778 1.000000 4
1783 1.000000 5
1787 1.000000 4
1791 1.000000 4
1795 1.000000 4
1799 -1.000000 4
1804 1.000000 5
1808 1.000000 4
1811 1.000000 3
1816 1.000000 5
1820 -1.000000 4
1823 1.000000 3
1828 1.000000 5
1833 1.000000 5
1838 1.000000 5
1841 -1.000000 3
1845 1.000000 4
1849 1.000000 4
1854 1.000000 5
1857 -1.000000 3
1861 -1.000000 4
1865 -1.000000 4
1870 1.000000 5
1874 -1.000000 4
1877 -1.000000 3
1881 1.000000 4
1884 -1.000000 3
1889 1.000000 5
1893 1.000000 4
1898 1.000000 5
1902 -1.000000 4
1906 1.000000 4
1909 1.000000 3
1914 1.000000 5
1919 1.000000 5
1924 0.000000 5
1927 -1.000000 3
1931 -1.000000 4
1935 1.000000 4
1939 1.000000 4
1944 0.000000 5
1949 1.000000 5
1954 0.000000 5
1958 1.000000 4
1962 1.000000 4
1967 1.000000 5
1972 0.000000 5
1977 0.000000 5
1980 1.000000 3
1984 -1.000000 4
1987 -1.000000 3
1991 1.000000 4
1995 -1.000000 4
2000 1.000000 5
2005 1.000000 5
2009 1.000000 4
2013 1.000000 4
2016 1.000000 3
2019 1.000000 3
2023 -1.000000 4
2027 1.000000 4
2032 1.000000 5
2036 -1.000000 4
2040 -1.000000 4
2043 1.000000 3
2047 1.000000 4
2050 -1.000000 3
2055 1.000000 5
2059 1.000000 4
2063 -1.000000 4
2067 1.000000 4
2070 1.000000 3
2075 1.000000 5
2080 0.000000 5
2083 1.000000 3
2088 1.000000 5
2092 -1.000000 4
2097 0.000000 5
2101 1.000000 4
2105 1.000000 4
2109 1.000000 4
2113 1.000000 4
2116 1.000000 3
2120 -1.000000 4
2123 1.000000 3
2127 1.000000 4
2131 1.000000 4
2134 1.000000 3
2138 -1.000000 4
2142 1.000000 4
2145 1.000000 3
2149 -1.000000 4
2153 1.000000 4
2158 1.000000 5
2161 -1.000000 3
2165 1.000000 4
2170 1.000000 5
2173 1.000000 3
2176 1.000000 3
2179 1.000000 3
2183 1.000000 4
2188 0.000000 5
2191 -1.000000 3
2194 -1.000000 3
2197 1.000000 3
2201 -1.000000 4
2205 -1.000000 4
2209 -1.000000 4
2214 0.000000 5
2218 -1.000000 4
2222 -1.000000 4
2226 -1.000000 4
2230 -1.000000 4
2234 1.000000 4
2239 0.000000 5
2244 0.000000 5
2248 1.000000 4
2252 -1.000000 4
2256 1.000000 4
2261 1.000000 5
2265 -1.000000 4
2268 1.000000 3
2272 1.000000 4
2276 -1.000000 4
2281 0.000000 5
2284 1.000000 3
2287 1.000000 3
2292 0.000000 5
2295 -1.000000 3
2299 -1.000000 4
2304 0.000000 5
2308 -1.000000 4
2312 1.000000 4
2316 1.000000 4
2321 1.000000 5
2324 -1.000000 3
2328 1.000000 4
2332 -1.000000 4
2336 1.000000 4
2341 1.000000 5
2345 1.000000 4
2349 -1.000000 4
2353 1.000000 4
2357 1.000000 4
2361 1.000000 4
2365 1.000000 4
2369 1.000000 4
2373 -1.000000 4
2376 -1.000000 3
2379 -1.000000 3
2384 1.000000 5
2387 1.000000 3
2391 1.000000 4
2395 1.000000 4
2399 1.000000 4
2404 1.000000 5
2408 -1.000000 4
2412 -1.000000 4
2415 -1.000000 3
2420 1.000000 5
2423 1.000000 3
2428 0.000000 5
2433 1.000000 5
2438 1.000000 5
2443 1.000000 5
2448 1.000000 5
2451 1.000000 3
2456 1.000000 5
2460 1.000000 4
2464 -1.000000 4
2468 1.000000 4
2472 -1.000000 4
2476 1.000000 4
2480 1.000000 4
2484 -1.000000 4
2487 -1.000000 3
2492 1.000000 5
2497 1.000000 5
2502 0.000000 5
2506 -1.000000 4
2509 1.000000 3
2513 -1.000000 4
2516 1.000000 3
2521 0.000000 5
2526 1.000000 5
2529 1.000000 3
2533 1.000000 4
2537 1.000000 4
2540 1.000000 3
2544 1.000000 4
2547 1.000000 3
2551 -1.000000 4
2554 1.000000 3
2558 1.000000 4
2561 1.000000 3
2564 -1.000000 3
2567 1.000000 3
2572 1.000000 5
2577 1.000000 5
2582 0.000000 5
2586 1.000000 4
2591 0.000000 5
2595 -1.000000 4
2600 0.000000 5
2604 1.000000 4
2607 -1.000000 3
2612 1.000000 5
2615 1.000000 3
2618 1.000000 3
2622 -1.000000 4
2625 -1.000000 3
2630 0.000000 5
2635 0.000000 5
2640 0.000000 5
2644 1.000000 4
2649 1.000000 5
2653 -1.000000 4
2656 1.000000 3
2660 1.000000 4
2664 -1.000000 4
2668 1.000000 4
2672 -1.000000 4
2676 1.000000 4
2680 -1.000000 4
2683 -1.000000 3
2687 1.000000 4
2692 1.000000 5
2697 1.000000 5
2700 1.000000 3
2703 1.000000 3
2707 -1.000000 4
2712 0.000000 5
2717 1.000000 5
2722 1.000000 5
2727 0.000000 5
2730 -1.000000 3
2734 1.000000 4
2739 0.000000 5
2743 -1.000000 4
2748 1.000000 5
2752 1.000000 4
2757 1.000000 5
2761 1.000000 4
2765 -1.000000 4
2770 1.000000 5
2774 1.000000 4
2778 -1.000000 4
2783 1.000000 5
2787 1.000000 4
2791 -1.000000 4
2795 -1.000000 4
2800 0.000000 5
2805 1.000000 5
2809 -1.000000 4
2813 1.000000 4
2816 1.000000 3
2821 0.000000 5
2824 -1.000000 3
2828 -1.000000 4
2831 1.000000 3
2835 1.000000 4
2839 1.000000 4
2844 1.000000 5
2849 1.000000 5
2852 -1.000000 3
2855 1.000000 3
2859 -1.000000 4
2864 1.000000 5
2869 1.000000 5
2874 1.000000 5
2878 1.000000 4
2882 -1.000000 4
2885 1.000000 3
2889 1.000000 4
2894 0.000000 5
2897 -1.000000 3
2902 0.000000 5
2907 0.000000 5
2910 -1.000000 3
2914 -1.000000 4
2919 1.000000 5
2923 -1.000000 4
2927 1.000000 4
2932 1.000000 5
2937 0.000000 5
2942 1.000000 5
2945 -1.000000 3
2948 -1.000000 3
2952 1.000000 4
2957 1.000000 5
2962 1.000000 5
2966 1.000000 4
2970 1.000000 4
2974 -1.000000 4
2978 1.000000 4
2982 1.000000 4
2985 1.000000 3
2990 1.000000 5
2995 1.000000 5
2999 1.000000 4
3004 1.000000 5
3008 -1.000000 4
3011 -1.000000 3
3016 1.000000 5
3021 1.000000 5
3025 -1.000000 4
3029 1.000000 4
3033 1.000000 4
3038 1.000000 5
3042 -1.000000 4
3046 -1.000000 4
3051 1.000000 5
3054 1.000000 3
3058 1.000000 4
3062 1.000000 4
3066 -1.000000 4
3070 1.000000 4
3075 1.000000 5
3079 -1.000000 4
3083 -1.000000 4
3087 1.000000 4
3092 1.000000 5
3096 1.000000 4
3100 1.000000 4
3103 -1.000000 3
3108 1.000000 5
3113 1.000000 5
3117 1.000000 4
3121 -1.000000 4
3125 -1.000000 4
3129 -1.000000 4
3133 1.000000 4
3137 -1.000000 4
3141 -1.000000 4
3144 -1.000000 3
3147 1.000000 3
3151 -1.000000 4
3155 1.000000 4
3160 1.000000 5
3164 -1.000000 4
3168 -1.000000 4
3171 1.000000 3
3176 1.000000 5
3181 1.000000 5
3185 1.000000 4
3190 1.000000 5
3195 1.000000 5
3199 -1.000000 4
3203 1.000000 4
3206 -1.000000 3
3210 1.000000 4
3215 0.000000 5
3219 -1.000000 4
3223 -1.000000 4
3227 1.000000 4
3231 1.000000 4
3236 0.000000 5
3240 1.000000 4
3244 -1.000000 4
3248 -1.000000 4
3253 1.000000 5
3257 1.000000 4
3261 1.000000 4
3266 1.000000 5
3270 -1.000000 4
3273 1.000000 3
3276 -1.000000 3
3279 1.000000 3
3284 1.000000 5
3289 0.000000 5
3294 1.000000 5
3298 1.000000 4
3302 1.000000 4
3307 1.000000 5
3312 1.000000 5
3316 -1.000000 4
3320 1.000000 4
3323 1.000000 3
3327 -1.000000 4
3331 -1.000000 4
3336 0.000000 5
3339 1.000000 3
3343 -1.000000 4
3348 1.000000 5
3352 1.000000 4
3356 1.000000 4
3361 1.000000 5
3365 -1.000000 4
3369 -1.000000 4
3373 -1.000000 4
3378 1.000000 5
3381 1.000000 3
3384 -1.000000 3
3388 1.000000 4
3393 0.000000 5
3396 1.000000 3
3399 1.000000 3
3404 1.000000 5
3408 -1.000000 4
3412 -1.000000 4
3416 -1.000000 4
3420 -1.000000 4
3425 0.000000 5
3430 1.000000 5
3434 1.000000 4
3439 0.000000 5
3442 1.000000 3
3447 0.000000 5
3450 -1.000000 3
3454 1.000000 4
3457 -1.000000 3
3461 1.000000 4
3465 -1.000000 4
3469 -1.000000 4
3474 1.000000 5
3478 -1.000000 4
3483 0.000000 5
3488 1.000000 5
3492 -1.000000 4
3495 -1.000000 3
3498 -1.000000 3
3503 1.000000 5
3507 1.000000 4
3510 -1.000000 3
3515 0.000000 5
3519 -1.000000 4
3522 -1.000000 3
3526 1.000000 4
3530 1.000000 4
3534 1.000000 4
3538 -1.000000 4
3542 1.000000 4
3546 -1.000000 4
3550 1.000000 4
3555 1.000000 5
3559 1.000000 4
3563 1.000000 4
3568 1.000000 5
3573 1.000000 5
3577 -1.000000 4
3582 0.000000 5
3586 1.000000 4
3590 1.000000 4
3595 1.000000 5
3599 -1.000000 4
3603 -1.000000 4
3607 -1.000000 4
3611 -1.000000 4
3615 1.000000 4
3618 -1.000000 3
3622 -1.000000 4
3626 1.000000 4
3630 -1.000000 4
3634 1.000000 4
3639 1.000000 5
3643 1.000000 4
3647 1.000000 4
3651 1.000000 4
3656 1.000000 5
3660 -1.000000 4
3665 1.000000 5
3668 1.000000 3
3672 1.000000 4
3675 1.000000 3
3678 1.000000 3
3682 1.000000 4
3685 1.000000 3
3689 -1.000000 4
3693 -1.000000 4
3697 1.000000 4
3701 -1.000000 4
3705 -1.000000 4
3709 1.000000 4
3713 1.000000 4
3716 -1.000000 3
3721 0.000000 5
3724 1.000000 3
3729 1.000000 5
3734 0.000000 5
3739 1.000000 5
3743 1.000000 4
3746 -1.000000 3
3749 1.000000 3
3753 -1.000000 4
3758 0.000000 5
3763 1.000000 5
3766 1.000000 3
3771 1.000000 5
3774 1.000000 3
3778 -1.000000 4
3781 1.000000 3
3785 -1.000000 4
3789 1.000000 4
3793 1.000000 4
3796 1.000000 3
3800 1.000000 4
3805 0.000000 5
3809 -1.000000 4
3813 1.000000 4
3818 1.000000 5
3822 1.000000 4
3827 1.000000 5
3831 1.000000 4
3836 1.000000 5
3841 1.000000 5
3846 1.000000 5
3851 1.000000 5
3855 1.000000 4
3859 1.000000 4
3863 -1.000000 4
3868 1.000000 5
3872 -1.000000 4
3876 1.000000 4
3881 1.000000 5
3885 -1.000000 4
3889 1.000000 4
3893 -1.000000 4
3897 1.000000 4
3902 1.000000 5
3905 -1.000000 3
3909 1.000000 4
3913 -1.000000 4
3917 -1.000000 4
3920 -1.000000 3
3924 -1.000000 4
3928 -1.000000 4
3933 0.000000 5
3937 -1.000000 4
3942 1.000000 5
3947 1.000000 5
3951 -1.000000 4
3955 1.000000 4
3958 -1.000000 3
3962 1.000000 4
3966 -1.000000 4
3971 0.000000 5
3975 -1.000000 4
3980 0.000000 5
3984 1.000000 4
3988 1.000000 4
3991 -1.000000 3
3995 1.000000 4
4000 0.000000 5
4005 0.000000 5
4009 -1.000000 4
4013 1.000000 4
4017 -1.000000 4
4021 -1.000000 4
4025 -1.000000 4
4030 0.000000 5
4033 -1.000000 3
4037 1.000000 4
4040 -1.000000 3
4043 1.000000 3
4047 1.000000 4
4050 -1.000000 3
4054 1.000000 4
4058 1.000000 4
4061 1.000000 3
4065 -1.000000 4
4070 1.000000 5
4074 -1.000000 4
4078 -1.000000 4
4083 1.000000 5
4087 1.000000 4
4090 -1.000000 3
4094 1.000000 4
4099 1.000000 5
4104 1.000000 5
4108 -1.000000 4
4112 -1.000000 4
4115 1.000000 3
4120 0.000000 5
4125 1.000000 5
4130 1.000000 5
4135 0.000000 5
4140 1.000000 5
4145 0.000000 5
4149 1.000000 4
4154 0.000000 5
4159 0.000000 5
4164 1.000000 5
4169 1.000000 5
4173 1.000000 4
4178 1.000000 5
4182 1.000000 4
4187 1.000000 5
4191 1.000000 4
4194 -1.000000 3
4198 -1.000000 4
4203 0.000000 5
4206 1.000000 3
4210 1.000000 4
4215 1.000000 5
4219 -1.000000 4
4224 0.000000 5
4228 1.000000 4
4232 -1.000000 4
4236 1.000000 4
4241 0.000000 5
4245 -1.000000 4
4250 0.000000 5
4254 1.000000 4
4259 1.000000 5
4264 1.000000 5
4269 1.000000 5
4274 0.000000 5
4279 0.000000 5
4283 -1.000000 4
4287 -1.000000 4
4292 1.000000 5
4295 -1.000000 3
4298 -1.000000 3
4301 1.000000 3
4305 1.000000 4
4310 1.000000 5
4313 -1.000000 3
4317 -1.000000 4
4320 -1.000000 3
4325 0.000000 5
4328 1.000000 3
4333 0.000000 5
4338 1.000000 5
4343 1.000000 5
4348 1.000000 5
4353 0.000000 5
4357 -1.000000 4
4362 1.000000 5
4367 0.000000 5
4371 -1.000000 4
4376 1.000000 5
4380 1.000000 4
4383 -1.000000 3
4388 1.000000 5
4393 0.000000 5
4396 1.000000 3
4400 1.000000 4
4403 -1.000000 3
4407 1.000000 4
4410 1.000000 3
4415 1.000000 5
4418 1.000000 3
4421 1.000000 3
4426 1.000000 5
4429 -1.000000 3
4433 1.000000 4
4437 1.000000 4
4441 1.000000 4
4445 1.000000 4
4449 -1.000000 4
4453 1.000000 4
4456 1.000000 3
4460 1.000000 4
4464 1.000000 4
4469 1.000000 5
4472 1.000000 3
4476 -1.000000 4
4481 1.000000 5
4484 1.000000 3
4489 0.000000 5
4494 0.000000 5
4498 1.000000 4
4503 1.000000 5
4508 1.000000 5
4513 1.000000 5
4516 1.000000 3
4521 1.000000 5
4525 1.000000 4
4529 1.000000 4
4532 -1.000000 3
4536 1.000000 4
4540 1.000000 4
4545 1.000000 5
4550 1.000000 5
4555 1.000000 5
4560 1.000000 5
4565 1.000000 5
4569 1.000000 4
4574 0.000000 5
4577 -1.000000 3
4581 1.000000 4
4586 0.000000 5
4591 0.000000 5
4596 0.000000 5
4599 1.000000 3
4604 1.000000 5
4609 1.000000 5
4614 0.000000 5
4619 1.000000 5
4623 -1.000000 4
4626 1.000000 3
4629 -1.000000 3
4633 1.000000 4
4637 1.000000 4
4641 1.000000 4
4645 1.000000 4
4650 1.000000 5
4654 1.000000 4
4658 1.000000 4
4661 1.000000 3
4666 0.000000 5
4671 1.000000 5
4676 1.000000 5
4680 -1.000000 4
4683 1.000000 3
4688 1.000000 5
4692 -1.000000 4
4696 1.000000 4
4699 1.000000 3
4703 -1.000000 4
4708 0.000000 5
4712 -1.000000 4
4716 1.000000 4
4721 1.000000 5
4725 1.000000 4
4729 1.000000 4
4732 1.000000 3
4735 1.000000 3
4739 1.000000 4
4744 1.000000 5
4747 1.000000 3
4751 -1.000000 4
4755 1.000000 4
4760 1.000000 5
4763 1.000000 3
4767 -1.000000 4
4770 1.000000 3
4773 -1.000000 3
4778 0.000000 5
4782 1.000000 4
4787 1.000000 5
4791 1.000000 4
4794 1.000000 3
4799 1.000000 5
4804 0.000000 5
4807 1.000000 3
4812 1.000000 5
4815 -1.000000 3
4819 1.000000 4
4823 1.000000 4
4828 1.000000 5
4832 1.000000 4
4836 1.000000 4
4839 -1.000000 3
4843 -1.000000 4
4847 -1.000000 4
4851 1.000000 4
4855 -1.000000 4
4858 -1.000000 3
4862 1.000000 4
4866 1.000000 4
4870 -1.000000 4
4875 1.000000 5
4879 1.000000 4
4884 1.000000 5
4887 1.000000 3
4891 1.000000 4
4896 1.000000 5
4901 1.000000 5
4905 1.000000 4
4908 1.000000 3
4913 1.000000 5
4917 1.000000 4
4921 -1.000000 4
4926 1.000000 5
4930 -1.000000 4
4935 1.000000 5
4939 1.000000 4
4943 1.000000 4
4948 0.000000 5
4952 1.000000 4
4955 1.000000 3
4960 1.000000 5
4964 1.000000 4
4967 1.000000 3
4971 1.000000 4
4975 -1.000000 4
4980 1.000000 5
4984 1.000000 4
4989 1.000000 5
4993 -1.000000 4
4996 1.000000 3
5001 1.000000 5
5006 0.000000 5
5011 1.000000 5
5016 0.000000 5
5020 1.000000 4
5024 1.000000 4
5028 1.000000 4
5032 -1.000000 4
5037 1.000000 5
5042 0.000000 5
5045 -1.000000 3
5049 1.000000 4
5053 -1.000000 4
5057 -1.000000 4
5060 -1.000000 3
5065 1.000000 5
5070 1.000000 5
5074 1.000000 4
5079 1.000000 5
5084 0.000000 5
5089 0.000000 5
5093 1.000000 4
5098 1.000000 5
5102 1.000000 4
5107 0.000000 5
5111 1.000000 4
5115 1.000000 4
5119 1.000000 4
5122 -1.000000 3
5125 -1.000000 3
5129 1.000000 4
5133 -1.000000 4
5137 1.000000 4
5141 1.000000 4
5146 0.000000 5
5149 -1.000000 3
5154 0.000000 5
5158 -1.000000 4
5163 0.000000 5
5167 1.000000 4
5171 1.000000 4
5175 1.000000 4
5178 1.000000 3
5183 1.000000 5
5187 1.000000 4
5191 -1.000000 4
5196 1.000000 5
5200 -1.000000 4
5204 1.000000 4
5209 1.000000 5
5214 0.000000 5
5219 0.000000 5
5223 -1.000000 4
5226 1.000000 3
5230 1.000000 4
5235 0.000000 5
5240 1.000000 5
5244 -1.000000 4
5248 1.000000 4
5253 0.000000 5
5257 1.000000 4
5261 -1.000000 4
5266 1.000000 5
5270 1.000000 4
5274 -1.000000 4
5279 0.000000 5
5284 0.000000 5
5287 1.000000 3
5291 -1.000000 4
5296 1.000000 5
5299 -1.000000 3
5304 1.000000 5
5308 -1.000000 4
5312 1.000000 4
5317 0.000000 5
5321 -1.000000 4
5325 1.000000 4
5330 1.000000 5
5333 -1.000000 3
5337 1.000000 4
5340 1.000000 3
5344 -1.000000 4
5347 -1.000000 3
5351 1.000000 4
5356 1.000000 5
5360 -1.000000 4
5364 -1.000000 4
5368 -1.000000 4
5371 1.000000 3
5375 -1.000000 4
5379 1.000000 4
5384 1.000000 5
5388 -1.000000 4
5391 1.000000 3
5394 -1.000000 3
5399 1.000000 5
5403 1.000000 4
5407 1.000000 4
5411 1.000000 4
5416 0.000000 5
5421 1.000000 5
5425 1.000000 4
5430 1.000000 5
5434 1.000000 4
5438 1.000000 4
5442 -1.000000 4
5446 -1.000000 4
5451 1.000000 5
5456 0.000000 5
5460 -1.000000 4
5465 0.000000 5
5469 -1.000000 4
5473 -1.000000 4
5477 1.000000 4
5480 -1.000000 3
5485 1.000000 5
5490 1.000000 5
5494 1.000000 4
5499 0.000000 5
5503 -1.000000 4
5508 0.000000 5
5513 1.000000 5
5517 1.000000 4
5521 -1.000000 4
5525 1.000000 4
5529 1.000000 4
5533 -1.000000 4
5536 -1.000000 3
5541 1.000000 5
5545 -1.000000 4
5549 1.000000 4
5553 -1.000000 4
5557 -1.000000 4
5560 1.000000 3
5564 1.000000 4
5567 1.000000 3
5571 -1.000000 4
5575 1.000000 4
5580 1.000000 5
5584 1.000000 4
5589 1.000000 5
5594 0.000000 5
5597 1.000000 3
5600 -1.000000 3
5603 1.000000 3
5607 1.000000 4
5612 0.000000 5
5617 1.000000 5
5622 0.000000 5
5627 0.000000 5
5631 -1.000000 4
5634 -1.000000 3
5638 -1.000000 4
5643 1.000000 5
5648 1.000000 5
5652 1.000000 4
5656 1.000000 4
5659 1.000000 3
5663 -1.000000 4
5668 1.000000 5
5671 1.000000 3
5676 0.000000 5
5680 1.000000 4
5684 -1.000000 4
5687 -1.000000 3
5692 0.000000 5
5697 1.000000 5
5701 -1.000000 4
5705 1.000000 4
5709 1.000000 4
5713 1.000000 4
5718 0.000000 5
5721 -1.000000 3
5724 1.000000 3
5728 -1.000000 4
5732 -1.000000 4
5737 1.000000 5
5742 1.000000 5
5746 -1.000000 4
5751 0.000000 5
5755 -1.000000 4
5759 1.000000 4
5763 1.000000 4
5767 -1.000000 4
5771 1.000000 4
5776 1.000000 5
5780 1.000000 4
5784 -1.000000 4
5787 1.000000 3
5792 1.000000 5
5797 1.000000 5
5802 1.000000 5
5806 -1.000000 4
5811 1.000000 5
5816 0.000000 5
5820 -1.000000 4
5825 1.000000 5
5828 1.000000 3
5833 0.000000 5
5836 1.000000 3
5840 -1.000000 4
5843 -1.000000 3
5847 -1.000000 4
5850 1.000000 3
5853 -1.000000 3
5857 1.000000 4
5862 0.000000 5
5867 1.000000 5
5872 1.000000 5
5875 1.000000 3
5880 1.000000 5
5885 0.000000 5
5889 -1.000000 4
5894 1.000000 5
5898 1.000000 4
5902 -1.000000 4
5906 -1.000000 4
5910 1.000000 4
5913 1.000000 3
5918 0.000000 5
5921 -1.000000 3
5926 1.000000 5
5931 0.000000 5
5934 1.000000 3
5937 -1.000000 3
5942 1.000000 5
5947 0.000000 5
5951 1.000000 4
5955 -1.000000 4
5959 1.000000 4
5963 -1.000000 4
5967 1.000000 4
5971 1.000000 4
5975 1.000000 4
5979 -1.000000 4
5983 -1.000000 4
5988 1.000000 5
5993 1.000000 5
5996 1.000000 3
6000 1.000000 4
6005 1.000000 5
6009 1.000000 4
6012 -1.000000 3
6016 1.000000 4
6020 -1.000000 4
6024 -1.000000 4
6028 -1.000000 4
6031 -1.000000 3
6036 1.000000 5
6041 1.000000 5
6046 1.000000 5
6050 1.000000 4
6053 -1.000000 3
6057 -1.000000 4
6061 -1.000000 4
6064 1.000000 3
6069 1.000000 5
6073 1.000000 4
6077 1.000000 4
6081 1.000000 4
6084 -1.000000 3
6089 1.000000 5
6093 1.000000 4
6096 1.000000 3
6099 -1.000000 3
6102 1.000000 3
6106 -1.000000 4
6110 1.000000 4
6114 -1.000000 4
6118 1.000000 4
6123 0.000000 5
6127 -1.000000 4
6132 1.000000 5
6137 0.000000 5
6142 1.000000 5
6147 1.000000 5
6151 1.000000 4
6155 -1.000000 4
6159 1.000000 4
6163 1.000000 4
6167 -1.000000 4
6170 -1.000000 3
6175 1.000000 5
6178 1.000000 3
6182 1.000000 4
6186 1.000000 4
6190 -1.000000 4
6194 -1.000000 4
6199 1.000000 5
6204 0.000000 5
6209 1.000000 5
6212 -1.000000 3
6216 1.000000 4
6219 1.000000 3
6222 -1.000000 3
6227 1.000000 5
6231 1.000000 4
6235 1.000000 4
6238 -1.000000 3
6243 1.000000 5
6247 -1.000000 4
6251 1.000000 4
6255 1.000000 4
6259 -1.000000 4
6263 1.000000 4
6267 1.000000 4
6271 -1.000000 4
6276 1.000000 5
6279 -1.000000 3
6283 -1.000000 4
6287 1.000000 4
6291 1.000000 4
6295 1.000000 4
6299 1.000000 4
6304 1.000000 5
6309 0.000000 5
6313 1.000000 4
6316 -1.000000 3
6320 -1.000000 4
6324 1.000000 4
6328 -1.000000 4
6332 1.000000 4
6337 0.000000 5
6342 1.000000 5
6346 -1.000000 4
6350 -1.000000 4
6353 1.000000 3
6358 1.000000 5
6363 0.000000 5
6366 -1.000000 3
6370 1.000000 4
6375 1.000000 5
6378 -1.000000 3
6382 1.000000 4
6385 -1.000000 3
6389 1.000000 4
6394 1.000000 5
6399 1.000000 5
6403 1.000000 4
6408 1.000000 5
6413 1.000000 5
6418 1.000000 5
6421 1.000000 3
6425 -1.000000 4
6430 0.000000 5
6434 -1.000000 4
6439 1.000000 5
6443 -1.000000 4
6448 1.000000 5
6453 1.000000 5
6457 1.000000 4
6461 1.000000 4
6464 1.000000 3
6468 1.000000 4
6472 1.000000 4
6477 1.000000 5
6482 1.000000 5
6486 -1.000000 4
6491 1.000000 5
6494 -1.000000 3
6499 0.000000 5
6503 -1.000000 4
6507 1.000000 4
6511 1.000000 4
6514 1.000000 3
6517 1.000000 3
6522 1.000000 5
6527 0.000000 5
6531 -1.000000 4
6535 1.000000 4
6539 -1.000000 4
6543 1.000000 4
6548 1.000000 5
6552 1.000000 4
6557 0.000000 5
6561 1.000000 4
6566 1.000000 5
6571 1.000000 5
6574 1.000000 3
6578 1.000000 4
6582 1.000000 4
6586 1.000000 4
6590 1.000000 4
6594 -1.000000 4
6598 1.000000 4
6602 -1.000000 4
6606 1.000000 4
6610 1.000000 4
6614 1.000000 4
6618 -1.000000 4
6622 1.000000 4
6626 1.000000 4
6631 1.000000 5
6634 1.000000 3
6638 -1.000000 4
6642 -1.000000 4
6646 1.000000 4
6650 -1.000000 4
6655 1.000000 5
6659 1.000000 4
6663 1.000000 4
6666 1.000000 3
6671 0.000000 5
6675 -1.000000 4
6679 1.000000 4
6684 1.000000 5
6687 1.000000 3
6691 -1.000000 4
6694 1.000000 3
6698 1.000000 4
6703 1.000000 5
6708 1.000000 5
6711 -1.000000 3
6716 0.000000 5
6721 1.000000 5
6725 1.000000 4
6729 -1.000000 4
6734 0.000000 5
6739 0.000000 5
6743 1.000000 4
6748 1.000000 5
6753 1.000000 5
6758 1.000000 5
6762 -1.000000 4
6766 -1.000000 4
6770 -1.000000 4
6775 1.000000 5
6779 1.000000 4
6783 1.000000 4
6788 1.000000 5
6792 -1.000000 4
6796 1.000000 4
6799 1.000000 3
6803 -1.000000 4
6807 -1.000000 4
6810 -1.000000 3
6814 1.000000 4
6819 1.000000 5
6822 -1.000000 3
6825 1.000000 3
6830 1.000000 5
6834 1.000000 4
6837 -1.000000 3
6842 0.000000 5
6846 -1.000000 4
6851 1.000000 5
6855 -1.000000 4
6859 1.000000 4
6862 -1.000000 3
6867 1.000000 5
6871 1.000000 4
6874 -1.000000 3
6877 1.000000 3
6881 -1.000000 4
6884 -1.000000 3
6889 1.000000 5
6893 1.000000 4
6898 1.000000 5
6902 1.000000 4
6906 1.000000 4
6909 -1.000000 3
6914 0.000000 5
6918 1.000000 4
6922 1.000000 4
6926 -1.000000 4
6931 0.000000 5
6935 1.000000 4
6939 1.000000 4
6944 1.000000 5
6948 1.000000 4
6951 -1.000000 3
6954 1.000000 3
6958 -1.000000 4
6962 -1.000000 4
6967 1.000000 5
6972 1.000000 5
6975 1.000000 3
6980 1.000000 5
6984 1.000000 4
6989 0.000000 5
6993 -1.000000 4
6996 1.000000 3
7000 1.000000 4
7004 1.000000 4
7007 -1.000000 3
7011 -1.000000 4
7015 1.000000 4
7018 1.000000 3
7021 -1.000000 3
7025 -1.000000 4
7029 1.000000 4
7033 1.000000 4
7036 -1.000000 3
7040 1.000000 4
7045 1.000000 5
7048 1.000000 3
7052 1.000000 4
7057 1.000000 5
7061 -1.000000 4
7065 1.000000 4
7068 1.000000 3
7071 -1.000000 3
7075 -1.000000 4
7079 1.000000 4
7083 -1.000000 4
7087 -1.000000 4
7091 1.000000 4
7094 -1.000000 3
7098 1.000000 4
7102 -1.000000 4
7106 -1.000000 4
7111 0.000000 5
7116 0.000000 5
7120 1.000000 4
7124 -1.000000 4
7128 -1.000000 4
7133 0.000000 5
7136 -1.000000 3
7139 1.000000 3
7142 1.000000 3
7146 -1.000000 4
7151 1.000000 5
7154 1.000000 3
7159 1.000000 5
7162 -1.000000 3
7166 1.000000 4
7169 1.000000 3
7174 1.000000 5
7179 0.000000 5
7184 1.000000 5
7188 1.000000 4
7192 1.000000 4
7196 1.000000 4
7199 1.000000 3
7204 0.000000 5
7208 1.000000 4
7212 1.000000 4
7216 -1.000000 4
7221 0.000000 5
7224 -1.000000 3
7228 -1.000000 4
7233 0.000000 5
7237 1.000000 4
7241 1.000000 4
7246 1.000000 5
7251 0.000000 5
7254 -1.000000 3
7257 1.000000 3
7262 1.000000 5
7267 0.000000 5
7271 1.000000 4
7275 -1.000000 4
7280 1.000000 5
7285 1.000000 5
7289 -1.000000 4
7294 1.000000 5
7299 0.000000 5
7303 -1.000000 4
7307 1.000000 4
7311 -1.000000 4
7314 1.000000 3
7318 1.000000 4
7322 1.000000 4
7325 -1.000000 3
7330 1.000000 5
7334 -1.000000 4
7337 1.000000 3
7342 1.000000 5
7345 -1.000000 3
7349 1.000000 4
7353 -1.000000 4
7358 1.000000 5
7363 1.000000 5
7367 1.000000 4
7372 1.000000 5
7375 1.000000 3
7379 -1.000000 4
7383 -1.000000 4
7388 1.000000 5
7392 1.000000 4
7395 -1.000000 3
7400 1.000000 5
7405 0.000000 5
7408 1.000000 3
7412 -1.000000 4
7416 -1.000000 4
7420 -1.000000 4
7423 -1.000000 3
7427 1.000000 4
7431 1.000000 4
7436 0.000000 5
7440 1.000000 4
7444 -1.000000 4
7449 0.000000 5
7454 0.000000 5
7459 1.000000 5
7464 1.000000 5
7467 1.000000 3
7470 -1.000000 3
7475 1.000000 5
7479 1.000000 4
7484 0.000000 5
7488 1.000000 4
7492 1.000000 4
7496 -1.000000 4
7501 0.000000 5
7504 1.000000 3
7509 1.000000 5
7514 1.000000 5
7519 1.000000 5
7522 1.000000 3
7525 -1.000000 3
7530 0.000000 5
7533 -1.000000 3
7536 1.000000 3
7539 -1.000000 3
7543 1.000000 4
7547 -1.000000 4
7551 -1.000000 4
7555 1.000000 4
7560 1.000000 5
7565 1.000000 5
7569 1.000000 4
7574 1.000000 5
7579 0.000000 5
7582 -1.000000 3
7587 0.000000 5
7591 -1.000000 4
7596 1.000000 5
7600 -1.000000 4
7604 1.000000 4
7608 1.000000 4
7612 -1.000000 4
7617 1.000000 5
7622 1.000000 5
7627 1.000000 5
7632 1.000000 5
7636 -1.000000 4
7640 1.000000 4
7644 1.000000 4
7648 -1.000000 4
7651 -1.000000 3
7656 0.000000 5
7659 1.000000 3
7663 -1.000000 4
7667 1.000000 4
7670 -1.000000 3
7674 -1.000000 4
7678 -1.000000 4
7683 0.000000 5
7688 0.000000 5
7692 1.000000 4
7696 1.000000 4
7700 -1.000000 4
7705 1.000000 5
7709 -1.000000 4
7714 0.000000 5
7718 -1.000000 4
7723 0.000000 5
7727 -1.000000 4
7731 1.000000 4
7735 1.000000 4
7739 -1.000000 4
7744 1.000000 5
7748 -1.000000 4
7752 1.000000 4
7755 1.000000 3
7758 1.000000 3
7762 1.000000 4
7766 1.000000 4
7770 -1.000000 4
7774 1.000000 4
7777 1.000000 3
7781 -1.000000 4
7785 1.000000 4
7789 1.000000 4
7793 1.000000 4
7796 -1.000000 3
7799 1.000000 3
7803 1.000000 4
7807 -1.000000 4
7811 -1.000000 4
7816 1.000000 5
7821 0.000000 5
7825 -1.000000 4
7829 1.000000 4
7832 1.000000 3
7836 1.000000 4
7841 1.000000 5
7846 1.000000 5
7849 1.000000 3
7853 1.000000 4
7858 1.000000 5
7862 -1.000000 4
7866 -1.000000 4
7869 1.000000 3
7874 0.000000 5
7878 -1.000000 4
7882 1.000000 4
7886 -1.000000 4
7891 0.000000 5
7895 1.000000 4
7899 1.000000 4
7903 1.000000 4
7908 1.000000 5
7913 0.000000 5
7918 1.000000 5
7921 -1.000000 3
7925 -1.000000 4
7929 -1.000000 4
7934 1.000000 5
7937 -1.000000 3
7941 1.000000 4
7946 1.000000 5
7950 1.000000 4
7955 0.000000 5
7960 1.000000 5
7963 -1.000000 3
7967 1.000000 4
7971 1.000000 4
7976 0.000000 5
7981 1.000000 5
7985 1.000000 4
7989 1.000000 4
7994 1.000000 5
7998 -1.000000 4
8002 1.000000 4
8006 1.000000 4
8010 1.000000 4
8015 0.000000 5
8018 -1.000000 3
8023 1.000000 5
8027 1.000000 4
8031 -1.000000 4
8035 -1.000000 4
8039 -1.000000 4
8043 -1.000000 4
8048 1.000000 5
8052 -1.000000 4
8056 -1.000000 4
8060 -1.000000 4
8064 -1.000000 4
8068 -1.000000 4
8071 1.000000 3
8076 1.000000 5
8079 1.000000 3
8084 1.000000 5
8089 1.000000 5
8093 -1.000000 4
8097 1.000000 4
8102 1.000000 5
8105 1.000000 3
8109 -1.000000 4
8113 1.000000 4
8118 0.000000 5
8122 -1.000000 4
8126 -1.000000 4
8130 -1.000000 4
8135 1.000000 5
8140 1.000000 5
8145 1.000000 5
8150 1.000000 5
8154 -1.000000 4
8157 -1.000000 3
8162 0.000000 5
8167 1.000000 5
8171 1.000000 4
8176 1.000000 5
8181 0.000000 5
8185 1.000000 4
8189 -1.000000 4
8193 -1.000000 4
8198 0.000000 5
8201 1.000000 3
8204 -1.000000 3
8209 1.000000 5
8214 0.000000 5
8218 1.000000 4
8221 -1.000000 3
8224 -1.000000 3
8229 0.000000 5
8234 1.000000 5
8239 1.000000 5
8242 -1.000000 3
8246 1.000000 4
8251 1.000000 5
8256 1.000000 5
8260 1.000000 4
8265 1.000000 5
8270 1.000000 5
8274 1.000000 4
8278 1.000000 4
8283 1.000000 5
8286 1.000000 3
8291 1.000000 5
8295 1.000000 4
8299 1.000000 4
8304 1.000000 5
8309 0.000000 5
8312 -1.000000 3
8316 -1.000000 4
8319 -1.000000 3
8324 0.000000 5
8327 -1.000000 3
8331 -1.000000 4
8334 1.000000 3
8339 1.000000 5
8343 -1.000000 4
8346 -1.000000 3
8350 1.000000 4
8353 1.000000 3
8357 1.000000 4
8361 -1.000000 4
8365 1.000000 4
8370 1.000000 5
8373 -1.000000 3
8378 1.000000 5
8382 -1.000000 4
8387 1.000000 5
8390 1.000000 3
8394 1.000000 4
8397 -1.000000 3
8401 1.000000 4
8405 1.000000 4
8410 1.000000 5
8415 0.000000 5
8418 -1.000000 3
8423 0.000000 5
8426 1.000000 3
8430 -1.000000 4
8433 1.000000 3
8437 1.000000 4
8442 0.000000 5
8446 -1.000000 4
8450 1.000000 4
8453 -1.000000 3
8458 1.000000 5
8463 0.000000 5
8466 -1.000000 3
8470 -1.000000 4
8473 -1.000000 3
8477 1.000000 4
8481 1.000000 4
8486 0.000000 5
8491 0.000000 5
8495 -1.000000 4
8499 -1.000000 4
8504 1.000000 5
8507 -1.000000 3
8511 1.000000 4
8516 1.000000 5
8521 0.000000 5
8525 -1.000000 4
8530 1.000000 5
8535 0.000000 5
8539 1.000000 4
8542 1.000000 3
8545 1.000000 3
8550 1.000000 5
8553 1.000000 3
8557 1.000000 4
8562 1.000000 5
8566 1.000000 4
8570 -1.000000 4
8574 -1.000000 4
8579 1.000000 5
8583 -1.000000 4
8588 1.000000 5
8592 -1.000000 4
8596 1.000000 4
8600 1.000000 4
8604 -1.000000 4
8609 1.000000 5
8612 -1.000000 3
8617 1.000000 5
8622 1.000000 5
8627 1.000000 5
8631 1.000000 4
8635 1.000000 4
8640 1.000000 5
8645 0.000000 5
8650 0.000000 5
8655 1.000000 5
8659 1.000000 4
8663 1.000000 4
8666 1.000000 3
8670 1.000000 4
8673 -1.000000 3
8677 1.000000 4
8682 1.000000 5
8686 1.000000 4
8689 -1.000000 3
8692 1.000000 3
8695 1.000000 3
8700 1.000000 5
8705 0.000000 5
8709 -1.000000 4
8713 -1.000000 4
8716 1.000000 3
8720 1.000000 4
8723 -1.000000 3
8727 -1.000000 4
8730 -1.000000 3
8735 1.000000 5
8740 1.000000 5
8745 0.000000 5
8748 1.000000 3
8753 1.000000 5
8757 -1.000000 4
8762 1.000000 5
8765 -1.000000 3
8769 1.000000 4
8774 1.000000 5
8778 1.000000 4
8783 1.000000 5
8787 -1.000000 4
8791 1.000000 4
8795 1.000000 4
8799 1.000000 4
8803 1.000000 4
8807 -1.000000 4
8811 -1.000000 4
8814 -1.000000 3
8817 1.000000 3
8820 -1.000000 3
8824 -1.000000 4
8829 0.000000 5
8834 0.000000 5
8839 1.000000 5
8843 1.000000 4
8847 1.000000 4
8850 1.000000 3
8855 1.000000 5
8859 1.000000 4
8863 1.000000 4
8867 -1.000000 4
8870 -1.000000 3
8873 -1.000000 3
8877 1.000000 4
8882 1.000000 5
8886 1.000000 4
8890 -1.000000 4
8895 1.000000 5
8900 1.000000 5
8904 -1.000000 4
8908 -1.000000 4
8913 1.000000 5
8917 -1.000000 4
8921 1.000000 4
8925 1.000000 4
8930 0.000000 5
8933 1.000000 3
8937 1.000000 4
8941 1.000000 4
8945 1.000000 4
8949 1.000000 4
8954 1.000000 5
8958 1.000000 4
8963 1.000000 5
8968 1.000000 5
8971 1.000000 3
8976 1.000000 5
8980 -1.000000 4
8983 1.000000 3
8987 -1.000000 4
8990 1.000000 3
8993 -1.000000 3
8997 1.000000 4
9001 1.000000 4
9004 1.000000 3
9007 1.000000 3
9012 0.000000 5
9016 1.000000 4
9020 -1.000000 4
9023 -1.000000 3
9027 1.000000 4
9032 1.000000 5
9035 1.000000 3
9039 1.000000 4
9044 1.000000 5
9048 1.000000 4
9053 1.000000 5
9057 1.000000 4
9060 1.000000 3
9063 -1.000000 3
9066 1.000000 3
9070 1.000000 4
9075 0.000000 5
9078 1.000000 3
9081 -1.000000 3
9084 1.000000 3
9087 1.000000 3
9092 1.000000 5
9097 1.000000 5
9101 1.000000 4
9104 -1.000000 3
9109 0.000000 5
9113 -1.000000 4
9117 -1.000000 4
9121 -1.000000 4
9126 1.000000 5
9129 1.000000 3
9134 1.000000 5
9139 1.000000 5
9142 -1.000000 3
9146 1.000000 4
9150 1.000000 4
9154 1.000000 4
9158 1.000000 4
9163 0.000000 5
9168 0.000000 5
9173 1.000000 5
9178 0.000000 5
9182 1.000000 4
9185 -1.000000 3
9189 -1.000000 4
9192 -1.000000 3
9196 -1.000000 4
9200 1.000000 4
9204 -1.000000 4
9207 1.000000 3
9212 0.000000 5
9215 1.000000 3
9219 1.000000 4
9224 1.000000 5
9228 -1.000000 4
9232 1.000000 4
9237 0.000000 5
9240 1.000000 3
9244 1.000000 4
9248 1.000000 4
9252 1.000000 4
9256 -1.000000 4
9261 1.000000 5
9266 1.000000 5
9270 1.000000 4
9274 -1.000000 4
9278 1.000000 4
9282 -1.000000 4
9286 1.000000 4
9290 -1.000000 4
9294 -1.000000 4
9299 1.000000 5
9303 -1.000000 4
9306 -1.000000 3
9310 -1.000000 4
9314 1.000000 4
9319 0.000000 5
9322 -1.000000 3
9327 1.000000 5
9331 1.000000 4
9336 1.000000 5
9341 1.000000 5
9346 0.000000 5
9351 0.000000 5
9354 1.000000 3
9357 -1.000000 3
9361 -1.000000 4
9364 1.000000 3
9367 1.000000 3
9371 -1.000000 4
9375 1.000000 4
9378 -1.000000 3
9383 1.000000 5
9387 -1.000000 4
9392 0.000000 5
9396 -1.000000 4
9401 0.000000 5
9405 -1.000000 4
9408 -1.000000 3
9411 1.000000 3
9415 1.000000 4
9420 1.000000 5
9424 -1.000000 4
9428 1.000000 4
9432 -1.000000 4
9435 1.000000 3
9440 0.000000 5
9444 1.000000 4
9448 1.000000 4
9452 1.000000 4
9457 1.000000 5
9462 0.000000 5
9466 1.000000 4
9471 1.000000 5
9476 1.000000 5
9479 1.000000 3
9483 -1.000000 4
9488 0.000000 5
9493 1.000000 5
9496 -1.000000 3
9499 -1.000000 3
9502 1.000000 3
9507 1.000000 5
9511 -1.000000 4
9515 -1.000000 4
9518 -1.000000 3
9521 1.000000 3
9525 1.000000 4
9530 0.000000 5
9535 0.000000 5
9539 1.000000 4
9544 0.000000 5
9547 -1.000000 3
9551 -1.000000 4
9555 1.000000 4
9558 -1.000000 3
9563 1.000000 5
9568 1.000000 5
9571 1.000000 3
9576 0.000000 5
9581 1.000000 5
9584 1.000000 3
9589 0.000000 5
9594 0.000000 5
9599 1.000000 5
9603 1.000000 4
9608 1.000000 5
9611 1.000000 3
9614 -1.000000 3
9618 -1.000000 4
9622 1.000000 4
9625 -1.000000 3
9629 -1.000000 4
9633 -1.000000 4
9637 1.000000 4
9641 1.000000 4
9644 1.000000 3
9647 1.000000 3
9650 -1.000000 3
9655 1.000000 5
9660 0.000000 5
9665 1.000000 5
9669 1.000000 4
9674 0.000000 5
9677 1.000000 3
9680 1.000000 3
9685 0.000000 5
9689 -1.000000 4
9693 -1.000000 4
9698 1.000000 5
9702 1.000000 4
9707 1.000000 5
9711 1.000000 4
9716 0.000000 5
9719 -1.000000 3
9722 -1.000000 3
9727 1.000000 5
9730 -1.000000 3
9735 0.000000 5
9739 1.000000 4
9743 1.000000 4
9748 1.000000 5
9753 0.000000 5
9757 1.000000 4
9762 0.000000 5
9767 1.000000 5
9771 -1.000000 4
9774 1.000000 3
9778 -1.000000 4
9783 1.000000 5
9786 1.000000 3
9790 1.000000 4
9794 1.000000 4
9799 1.000000 5
9803 1.000000 4
9808 1.000000 5
9812 -1.000000 4
9817 1.000000 5
9822 1.000000 5
9827 1.000000 5
9831 -1.000000 4
9835 -1.000000 4
9838 -1.000000 3
9842 -1.000000 4
9846 -1.000000 4
9850 1.000000 4
9854 -1.000000 4
9858 -1.000000 4
9861 1.000000 3
9866 1.000000 5
9871 0.000000 5
9875 -1.000000 4
9880 1.000000 5
9884 1.000000 4
9887 -1.000000 3
9890 -1.000000 3
9895 0.000000 5
9899 -1.000000 4
9902 1.000000 3
9906 1.000000 4
9911 0.000000 5
9916 1.000000 5
9921 0.000000 5
9924 1.000000 3
9928 1.000000 4
9932 -1.000000 4
9937 1.000000 5
9941 1.000000 4
9946 0.000000 5
9951 1.000000 5
9956 0.000000 5
9959 -1.000000 3
9964 1.000000 5
9968 1.000000 4
9971 -1.000000 3
9975 1.000000 4
9978 -1.000000 3
9983 1.000000 5
9986 1.000000 3
9990 1.000000 4
9994 -1.000000 4
9999 1.000000 5
10002 -1.000000 3
10005 -1.000000 3
10008 -1.000000 3
10011 -1.000000 3
10014 -1.000000 3
10017 -1.000000 3
10020 -1.000000 3
10023 -1.000000 3
10026 -1.000000 3
10029 -1.000000 3
10032 -1.000000 3
10035 -1.000000 3
10038 -1.000000 3
10041 -1.000000 3
10044 -1.000000 3
10047 -1.000000 3
10050 -1.000000 3
10053 -1.000000 3
10056 -1.000000 3
10059 -1.000000 3
10062 -1.000000 3
10065 -1.000000 3
10068 -1.000000 3
10071 -1.000000 3
10074 -1.000000 3
10077 -1.000000 3
10080 -1.000000 3
10083 -1.000000 3
10086 -1.000000 3
10089 -1.000000 3
10092 -1.000000 3
10095 -1.000000 3
10098 -1.000000 3
10101 -1.000000 3
10104 -1.000000 3
10107 -1.000000 3
10110 -1.000000 3
10113 -1.000000 3
10116 -1.000000 3
10119 -1.000000 3
10122 -1.000000 3
10125 -1.000000 3
10128 -1.000000 3
10131 -1.000000 3
10134 -1.000000 3
10137 -1.000000 3
10140 -1.000000 3
10143 -1.000000 3
10146 -1.000000 3
10149 -1.000000 3
10152 -1.000000 3
10155 -1.000000 3
10158 -1.000000 3
10161 -1.000000 3
10164 -1.000000 3
10167 -1.000000 3
10170 -1.000000 3
10173 -1.000000 3
10176 -1.000000 3
10179 -1.000000 3
10182 -1.000000 3
10185 -1.000000 3
10188 -1.000000 3
10191 -1.000000 3
10194 -1.000000 3
10197 -1.000000 3
10200 -1.000000 3
10203 -1.000000 3
10206 -1.000000 3
10209 -1.000000 3
10212 -1.000000 3
10215 -1.000000 3
10218 -1.000000 3
10221 -1.000000 3
10224 -1.000000 3
10227 -1.000000 3
10230 -1.000000 3
10233 -1.000000 3
10236 -1.000000 3
10239 -1.000000 3
10242 -1.000000 3
10245 -1.000000 3
10248 -1.000000 3
10251 -1.000000 3
10254 -1.000000 3
10257 -1.000000 3
10260 -1.000000 3
10263 -1.000000 3
10266 -1.000000 3
10269 -1.000000 3
10272 -1.000000 3
10275 -1.000000 3
10278 -1.000000 3
10281 -1.000000 3
10284 -1.000000 3
10287 -1.000000 3
10290 -1.000000 3
10293 -1.000000 3
10296 -1.000000 3
10299 -1.000000 3
10302 -1.000000 3
10305 -1.000000 3
10308 -1.000000 3
10311 -1.000000 3
10314 -1.000000 3
10317 -1.000000 3
10320 -1.000000 3
10323 -1.000000 3
10326 -1.000000 3
10329 -1.000000 3
10332 -1.000000 3
10335 -1.000000 3
10338 -1.000000 3
10341 -1.000000 3
10344 -1.000000 3
10347 -1.000000 3
10350 -1.000000 3
10353 -1.000000 3
10356 -1.000000 3
10359 -1.000000 3
10362 -1.000000 3
10365 -1.000000 3
10368 -1.000000 3
10371 -1.000000 3
10374 -1.000000 3
10377 -1.000000 3
10380 -1.000000 3
10383 -1.000000 3
10386 -1.000000 3
10389 -1.000000 3
10392 -1.000000 3
10395 -1.000000 3
10398 -1.000000 3
10401 -1.000000 3
10404 -1.000000 3
10407 -1.000000 3
10410 -1.000000 3
10413 -1.000000 3
10416 -1.000000 3
10419 -1.000000 3
10422 -1.000000 3
10425 -1.000000 3
10428 -1.000000 3
10431 -1.000000 3
10434 -1.000000 3
10437 -1.000000 3
10440 -1.000000 3
10443 -1.000000 3
10446 -1.000000 3
10449 -1.000000 3
10452 -1.000000 3
10455 -1.000000 3
10458 -1.000000 3
10461 -1.000000 3
10464 -1.000000 3
10467 -1.000000 3
10470 -1.000000 3
10473 -1.000000 3
10476 -1.000000 3
10479 -1.000000 3
10482 -1.000000 3
10485 -1.000000 3
10488 -1.000000 3
10491 -1.000000 3
10494 -1.000000 3
10497 -1.000000 3
10500 -1.000000 3
10503 -1.000000 3
10506 -1.000000 3
10509 -1.000000 3
10512 -1.000000 3
10515 -1.000000 3
10518 -1.000000 3
10521 -1.000000 3
10524 -1.000000 3
10527 -1.000000 3
10530 -1.000000 3
10533 -1.000000 3
10536 -1.000000 3
10539 -1.000000 3
10542 -1.000000 3
10545 -1.000000 3
10548 -1.000000 3
10551 -1.000000 3
10554 -1.000000 3
10557 -1.000000 3
10560 -1.000000 3
10563 -1.000000 3
10566 -1.000000 3
10569 -1.000000 3
10572 -1.000000 3
10575 -1.000000 3
10578 -1.000000 3
10581 -1.000000 3
10584 -1.000000 3
10587 -1.000000 3
10590 -1.000000 3
10593 -1.000000 3
10596 -1.000000 3
10599 -1.000000 3
10602 -1.000000 3
10605 -1.000000 3
10608 -1.000000 3
10611 -1.000000 3
10614 -1.000000 3
10617 -1.000000 3
10620 -1.000000 3
10623 -1.000000 3
10626 -1.000000 3
10629 -1.000000 3
10632 -1.000000 3
10635 -1.000000 3
10638 -1.000000 3
10641 -1.000000 3
10644 -1.000000 3
10647 -1.000000 3
10650 -1.000000 3
10653 -1.000000 3
10656 -1.000000 3
10659 -1.000000 3
10662 -1.000000 3
10665 -1.000000 3
10668 -1.000000 3
10671 -1.000000 3
10674 -1.000000 3
10677 -1.000000 3
10680 -1.000000 3
10683 -1.000000 3
10686 -1.000000 3
10689 -1.000000 3
10692 -1.000000 3
10695 -1.000000 3
10698 -1.000000 3
10701 -1.000000 3
10704 -1.000000 3
10707 -1.000000 3
10710 -1.000000 3
10713 -1.000000 3
10716 -1.000000 3
10719 -1.000000 3
10722 -1.000000 3
10725 -1.000000 3
10728 -1.000000 3
10731 -1.000000 3
10734 -1.000000 3
10737 -1.000000 3
10740 -1.000000 3
10743 -1.000000 3
10746 -1.000000 3
10749 -1.000000 3
10752 -1.000000 3
10755 -1.000000 3
10758 -1.000000 3
10761 -1.000000 3
10764 -1.000000 3
10767 -1.000000 3
10770 -1.000000 3
10773 -1.000000 3
10776 -1.000000 3
10779 -1.000000 3
10782 -1.000000 3
10785 -1.000000 3
10788 -1.000000 3
10791 -1.000000 3
10794 -1.000000 3
10797 -1.000000 3
10800 -1.000000 3
10803 -1.000000 3
10806 -1.000000 3
10809 -1.000000 3
10812 -1.000000 3
10815 -1.000000 3
10818 -1.000000 3
10821 -1.000000 3
10824 -1.000000 3
10827 -1.000000 3
10830 -1.000000 3
10833 -1.000000 3
10836 -1.000000 3
10839 -1.000000 3
10842 -1.000000 3
10845 -1.000000 3
10848 -1.000000 3
10851 -1.000000 3
10854 -1.000000 3
10857 -1.000000 3
10860 -1.000000 3
10863 -1.000000 3
10866 -1.000000 3
10869 -1.000000 3
10872 -1.000000 3
10875 -1.000000 3
10878 -1.000000 3
10881 -1.000000 3
10884 -1.000000 3
10887 -1.000000 3
10890 -1.000000 3
10893 -1.000000 3
10896 -1.000000 3
10899 -1.000000 3
10902 -1.000000 3
10905 -1.000000 3
10908 -1.000000 3
10911 -1.000000 3
10914 -1.000000 3
10917 -1.000000 3
10920 -1.000000 3
10923 -1.000000 3
10926 -1.000000 3
10929 -1.000000 3
10932 -1.000000 3
10935 -1.000000 3
10938 -1.000000 3
10941 -1.000000 3
10944 -1.000000 3
10947 -1.000000 3
10950 -1.000000 3
10953 -1.000000 3
10956 -1.000000 3
10959 -1.000000 3
10962 -1.000000 3
10965 -1.000000 3
10968 -1.000000 3
10971 -1.000000 3
10974 -1.000000 3
10977 -1.000000 3
10980 -1.000000 3
10983 -1.000000 3
10986 -1.000000 3
10989 -1.000000 3
10992 -1.000000 3
10995 -1.000000 3
10998 -1.000000 3
11001 -1.000000 3
11004 -1.000000 3
11008 1.000000 4
11013 0.000000 5
11017 1.000000 4
11021 1.000000 4
11025 1.000000 4
11029 1.000000 4
11034 0.000000 5
11037 1.000000 3
11041 1.000000 4
11045 1.000000 4
11050 0.000000 5
11053 1.000000 3
11057 1.000000 4
11061 1.000000 4
11066 1.000000 5
11069 -1.000000 3
11072 1.000000 3
11076 1.000000 4
11080 1.000000 4
11084 -1.000000 4
11088 1.000000 4
11092 1.000000 4
11096 1.000000 4
11099 1.000000 3
11103 1.000000 4
11107 1.000000 4
11111 1.000000 4
11115 1.000000 4
11118 1.000000 3
11122 1.000000 4
11126 1.000000 4
11130 1.000000 4
11134 1.000000 4
11138 1.000000 4
11142 1.000000 4
11146 1.000000 4
11150 1.000000 4
11154 1.000000 4
11158 1.000000 4
11162 1.000000 4
11165 1.000000 3
11168 1.000000 3
11172 1.000000 4
11176 -1.000000 4
11180 1.000000 4
11183 1.000000 3
11187 1.000000 4
11190 1.000000 3
11194 -1.000000 4
11197 1.000000 3
11200 -1.000000 3
11205 0.000000 5
11209 1.000000 4
11214 1.000000 5
11219 1.000000 5
11223 -1.000000 4
11227 1.000000 4
11230 1.000000 3
11234 1.000000 4
11237 1.000000 3
11241 1.000000 4
11246 0.000000 5
11250 1.000000 4
11254 1.000000 4
11258 1.000000 4
11262 1.000000 4
11267 0.000000 5
11270 1.000000 3
11274 1.000000 4
11278 1.000000 4
11282 -1.000000 4
11286 1.000000 4
11289 1.000000 3
11293 1.000000 4
11296 -1.000000 3
11300 1.000000 4
11304 1.000000 4
11308 1.000000 4
11312 -1.000000 4
11315 1.000000 3
11318 1.000000 3
11321 -1.000000 3
11325 1.000000 4
11328 -1.000000 3
11332 1.000000 4
11337 0.000000 5
11341 1.000000 4
11345 1.000000 4
11349 1.000000 4
11353 1.000000 4
11357 1.000000 4
11361 1.000000 4
11365 1.000000 4
11369 1.000000 4
11373 1.000000 4
11376 1.000000 3
11380 1.000000 4
11383 1.000000 3
11387 1.000000 4
11391 1.000000 4
11395 1.000000 4
11398 1.000000 3
11401 -1.000000 3
11405 1.000000 4
11409 1.000000 4
11413 1.000000 4
11416 1.000000 3
11419 1.000000 3
11423 1.000000 4
11427 1.000000 4
11430 1.000000 3
11433 1.000000 3
11437 1.000000 4
11440 1.000000 3
11443 1.000000 3
11447 1.000000 4
11451 1.000000 4
11454 1.000000 3
11459 0.000000 5
11463 1.000000 4
11466 1.000000 3
11470 1.000000 4
11474 1.000000 4
11478 1.000000 4
11482 1.000000 4
11485 1.000000 3
11488 1.000000 3
11492 1.000000 4
11496 1.000000 4
11499 1.000000 3
11503 1.000000 4
11506 1.000000 3
11510 1.000000 4
11515 0.000000 5
11519 1.000000 4
11523 1.000000 4
11527 1.000000 4
11531 -1.000000 4
11534 1.000000 3
11538 1.000000 4
11541 1.000000 3
11545 1.000000 4
11548 1.000000 3
11551 1.000000 3
11554 -1.000000 3
11557 -1.000000 3
11561 1.000000 4
11565 1.000000 4
11569 1.000000 4
11573 1.000000 4
11577 1.000000 4
11581 1.000000 4
11586 1.000000 5
11589 1.000000 3
11592 -1.000000 3
11596 1.000000 4
11600 1.000000 4
11604 1.000000 4
11607 1.000000 3
11611 1.000000 4
11616 0.000000 5
11620 1.000000 4
11625 0.000000 5
11629 1.000000 4
11633 1.000000 4
11637 1.000000 4
11641 1.000000 4
11645 1.000000 4
11649 1.000000 4
11652 1.000000 3
11656 1.000000 4
11660 1.000000 4
11663 -1.000000 3
11666 1.000000 3
11669 1.000000 3
11673 1.000000 4
11678 0.000000 5
11682 1.000000 4
11686 1.000000 4
11689 1.000000 3
11692 1.000000 3
11696 1.000000 4
11699 -1.000000 3
11703 1.000000 4
11707 1.000000 4
11711 1.000000 4
11714 1.000000 3
11718 1.000000 4
11722 1.000000 4
11726 1.000000 4
11730 1.000000 4
11734 1.000000 4
11738 1.000000 4
11742 1.000000 4
11745 1.000000 3
11749 1.000000 4
11753 1.000000 4
11757 -1.000000 4
11761 1.000000 4
11766 0.000000 5
11769 1.000000 3
11773 1.000000 4
11777 1.000000 4
11780 1.000000 3
11783 1.000000 3
11787 1.000000 4
11791 1.000000 4
11795 1.000000 4
11798 1.000000 3
11802 -1.000000 4
11805 -1.000000 3
11809 1.000000 4
11812 1.000000 3
11816 1.000000 4
11820 1.000000 4
11824 -1.000000 4
11829 0.000000 5
11834 0.000000 5
11838 1.000000 4
11842 1.000000 4
11845 1.000000 3
11849 1.000000 4
11853 1.000000 4
11857 1.000000 4
11861 1.000000 4
11865 1.000000 4
11868 1.000000 3
11871 1.000000 3
11874 1.000000 3
11878 -1.000000 4
11882 1.000000 4
11887 0.000000 5
11891 1.000000 4
11895 1.000000 4
11898 1.000000 3
11902 1.000000 4
11907 0.000000 5
11911 -1.000000 4
11915 1.000000 4
11918 1.000000 3
11922 1.000000 4
11926 1.000000 4
11929 -1.000000 3
11933 1.000000 4
11937 1.000000 4
11940 1.000000 3
11944 1.000000 4
11948 1.000000 4
11951 -1.000000 3
11956 1.000000 5
11960 1.000000 4
11964 1.000000 4
11968 1.000000 4
11972 1.000000 4
11976 1.000000 4
11980 1.000000 4
11984 1.000000 4
11987 1.000000 3
11991 1.000000 4
11995 1.000000 4
11998 1.000000 3
12001 1.000000 3
12004 1.000000 3
12008 1.000000 4
12012 1.000000 4
12016 1.000000 4
12019 -1.000000 3
12024 0.000000 5
12028 1.000000 4
12032 1.000000 4
12036 1.000000 4
12040 1.000000 4
12043 1.000000 3
12047 1.000000 4
12052 0.000000 5
12055 1.000000 3
12059 1.000000 4
12062 1.000000 3
12066 1.000000 4
12070 1.000000 4
12074 1.000000 4
12078 1.000000 4
12082 1.000000 4
12086 1.000000 4
12090 1.000000 4
12093 1.000000 3
12097 1.000000 4
12101 1.000000 4
12105 1.000000 4
12109 1.000000 4
12113 1.000000 4
12118 0.000000 5
12122 1.000000 4
12126 1.000000 4
12130 1.000000 4
12133 1.000000 3
12137 1.000000 4
12141 1.000000 4
12145 1.000000 4
12149 1.000000 4
12153 1.000000 4
12157 1.000000 4
12160 1.000000 3
12164 1.000000 4
12168 1.000000 4
12172 1.000000 4
12175 1.000000 3
12178 1.000000 3
12182 1.000000 4
12186 1.000000 4
12190 1.000000 4
12194 1.000000 4
12198 1.000000 4
12203 0.000000 5
12207 1.000000 4
12211 1.000000 4
12215 1.000000 4
12219 1.000000 4
12224 0.000000 5
12227 1.000000 3
12231 1.000000 4
12235 1.000000 4
12238 1.000000 3
12242 1.000000 4
12246 1.000000 4
12250 1.000000 4
12254 1.000000 4
12258 -1.000000 4
12262 1.000000 4
12265 1.000000 3
12269 1.000000 4
12273 1.000000 4
12276 1.000000 3
12279 1.000000 3
12284 0.000000 5
12288 1.000000 4
12291 -1.000000 3
12295 1.000000 4
12299 1.000000 4
12303 1.000000 4
12306 1.000000 3
12310 1.000000 4
12314 1.000000 4
12318 1.000000 4
12321 1.000000 3
12325 1.000000 4
12329 1.000000 4
12333 1.000000 4
12337 1.000000 4
12340 1.000000 3
12344 1.000000 4
12348 1.000000 4
12352 1.000000 4
12355 1.000000 3
12359 1.000000 4
12363 1.000000 4
12367 1.000000 4
12370 1.000000 3
12373 -1.000000 3
12377 1.000000 4
12381 1.000000 4
12385 1.000000 4
12389 1.000000 4
12392 1.000000 3
12396 1.000000 4
12401 0.000000 5
12405 1.000000 4
12409 1.000000 4
12414 1.000000 5
12418 1.000000 4
12422 1.000000 4
12426 1.000000 4
12430 1.000000 4
12433 -1.000000 3
12437 1.000000 4
12441 1.000000 4
12444 1.000000 3
12449 0.000000 5
12452 1.000000 3
12456 1.000000 4
12460 1.000000 4
12465 0.000000 5
12469 1.000000 4
12473 1.000000 4
12477 1.000000 4
12481 1.000000 4
12485 1.000000 4
12488 1.000000 3
12492 1.000000 4
12496 1.000000 4
12500 1.000000 4
12504 1.000000 4
12508 1.000000 4
12512 1.000000 4
12516 1.000000 4
12520 1.000000 4
12523 -1.000000 3
12528 0.000000 5
12532 1.000000 4
12535 1.000000 3
12539 1.000000 4
12542 1.000000 3
12546 1.000000 4
12550 1.000000 4
12554 1.000000 4
12558 1.000000 4
12562 1.000000 4
12566 1.000000 4
12570 1.000000 4
12573 -1.000000 3
12577 1.000000 4
12581 1.000000 4
12585 1.000000 4
12589 1.000000 4
12593 1.000000 4
12597 1.000000 4
12601 1.000000 4
12605 1.000000 4
12608 1.000000 3
12612 1.000000 4
12616 -1.000000 4
12620 1.000000 4
12624 1.000000 4
12629 0.000000 5
12633 1.000000 4
12636 1.000000 3
12640 1.000000 4
12643 1.000000 3
12647 1.000000 4
12651 1.000000 4
12655 1.000000 4
12659 1.000000 4
12664 0.000000 5
12668 1.000000 4
12672 1.000000 4
12676 1.000000 4
12680 1.000000 4
12684 1.000000 4
12688 1.000000 4
12692 1.000000 4
12696 1.000000 4
12700 -1.000000 4
12704 1.000000 4
12707 -1.000000 3
12711 1.000000 4
12716 0.000000 5
12719 1.000000 3
12723 1.000000 4
12728 1.000000 5
12732 1.000000 4
12736 1.000000 4
12740 1.000000 4
12744 1.000000 4
12748 1.000000 4
12752 1.000000 4
12756 1.000000 4
12760 1.000000 4
12764 1.000000 4
12768 1.000000 4
12771 1.000000 3
12774 -1.000000 3
12777 1.000000 3
12781 1.000000 4
12785 1.000000 4
12789 1.000000 4
12793 1.000000 4
12797 1.000000 4
12801 1.000000 4
12805 1.000000 4
12809 1.000000 4
12814 0.000000 5
12818 -1.000000 4
12822 1.000000 4
12826 1.000000 4
12829 1.000000 3
12832 1.000000 3
12836 1.000000 4
12840 1.000000 4
12843 1.000000 3
12846 1.000000 3
12849 1.000000 3
12853 1.000000 4
12857 1.000000 4
12860 1.000000 3
12864 1.000000 4
12867 1.000000 3
12871 -1.000000 4
12875 1.000000 4
12879 1.000000 4
12883 1.000000 4
12887 1.000000 4
12891 1.000000 4
12895 1.000000 4
12898 1.000000 3
12902 1.000000 4
12906 1.000000 4
12910 1.000000 4
12915 0.000000 5
12919 1.000000 4
12922 1.000000 3
12925 1.000000 3
12929 1.000000 4
12933 1.000000 4
12937 1.000000 4
12941 1.000000 4
12945 1.000000 4
12949 1.000000 4
12953 -1.000000 4
12957 1.000000 4
12961 1.000000 4
12965 1.000000 4
12969 1.000000 4
12973 1.000000 4
12977 1.000000 4
12980 1.000000 3
12984 1.000000 4
12988 1.000000 4
12991 1.000000 3
12995 1.000000 4
12999 1.000000 4
13002 1.000000 3
13006 1.000000 4
13010 -1.000000 4
13013 1.000000 3
13017 1.000000 4
13020 1.000000 3
13024 1.000000 4
13028 1.000000 4
13032 1.000000 4
13035 1.000000 3
13039 1.000000 4
13043 1.000000 4
13046 1.000000 3
13050 1.000000 4
13054 1.000000 4
13058 1.000000 4
13062 1.000000 4
13066 1.000000 4
13070 1.000000 4
13073 1.000000 3
13077 1.000000 4
13081 1.000000 4
13085 1.000000 4
13088 1.000000 3
13092 1.000000 4
13096 1.000000 4
13101 0.000000 5
13104 1.000000 3
13107 1.000000 3
13111 1.000000 4
13115 1.000000 4
13119 1.000000 4
13122 1.000000 3
13125 -1.000000 3
13129 1.000000 4
13133 1.000000 4
13137 1.000000 4
13140 1.000000 3
13144 1.000000 4
13148 -1.000000 4
13151 1.000000 3
13155 1.000000 4
13159 -1.000000 4
13163 1.000000 4
13167 1.000000 4
13171 1.000000 4
13175 1.000000 4
13179 1.000000 4
13183 1.000000 4
13187 1.000000 4
13192 0.000000 5
13196 1.000000 4
13200 1.000000 4
13204 1.000000 4
13208 1.000000 4
13212 1.000000 4
13216 1.000000 4
13220 1.000000 4
13224 1.000000 4
13228 1.000000 4
13232 1.000000 4
13236 1.000000 4
13240 1.000000 4
13244 1.000000 4
13248 1.000000 4
13251 -1.000000 3
13255 1.000000 4
13260 0.000000 5
13264 1.000000 4
13269 0.000000 5
13273 1.000000 4
13276 1.000000 3
13280 1.000000 4
13284 1.000000 4
13288 1.000000 4
13291 1.000000 3
13294 1.000000 3
13297 1.000000 3
13302 0.000000 5
13306 1.000000 4
13309 1.000000 3
13314 0.000000 5
13318 1.000000 4
13323 0.000000 5
13326 1.000000 3
13330 1.000000 4
13334 1.000000 4
13337 -1.000000 3
13340 1.000000 3
13344 1.000000 4
13348 1.000000 4
13352 1.000000 4
13356 1.000000 4
13359 -1.000000 3
13363 1.000000 4
13367 1.000000 4
13371 1.000000 4
13374 -1.000000 3
13378 1.000000 4
13382 1.000000 4
13386 1.000000 4
13390 1.000000 4
13394 1.000000 4
13398 1.000000 4
13401 1.000000 3
13405 1.000000 4
13409 -1.000000 4
13413 1.000000 4
13417 1.000000 4
13421 1.000000 4
13425 1.000000 4
13430 0.000000 5
13434 1.000000 4
13437 1.000000 3
13441 1.000000 4
13445 1.000000 4
13449 1.000000 4
13453 1.000000 4
13456 1.000000 3
13460 1.000000 4
13464 1.000000 4
13468 1.000000 4
13472 1.000000 4
13476 1.000000 4
13480 1.000000 4
13485 0.000000 5
13488 -1.000000 3
13493 0.000000 5
13496 -1.000000 3
13500 1.000000 4
13504 1.000000 4
13508 1.000000 4
13512 1.000000 4
13517 0.000000 5
13522 1.000000 5
13526 1.000000 4
13530 1.000000 4
13534 1.000000 4
13538 1.000000 4
13541 1.000000 3
13544 -1.000000 3
13548 1.000000 4
13552 1.000000 4
13556 1.000000 4
13561 0.000000 5
13565 1.000000 4
13569 1.000000 4
13572 1.000000 3
13576 1.000000 4
13580 1.000000 4
13584 1.000000 4
13589 0.000000 5
13593 1.000000 4
13597 1.000000 4
13601 1.000000 4
13605 1.000000 4
13609 1.000000 4
13612 1.000000 3
13615 -1.000000 3
13620 0.000000 5
13623 -1.000000 3
13627 1.000000 4
13631 1.000000 4
13634 1.000000 3
13639 0.000000 5
13643 1.000000 4
13647 1.000000 4
13651 1.000000 4
13654 1.000000 3
13658 1.000000 4
13662 1.000000 4
13666 1.000000 4
13670 1.000000 4
13674 1.000000 4
13677 1.000000 3
13681 1.000000 4
13684 -1.000000 3
13687 1.000000 3
13691 1.000000 4
13695 1.000000 4
13699 1.000000 4
13703 1.000000 4
13707 1.000000 4
13711 1.000000 4
13715 1.000000 4
13719 1.000000 4
13723 1.000000 4
13727 1.000000 4
13730 1.000000 3
13734 1.000000 4
13738 1.000000 4
13743 0.000000 5
13747 1.000000 4
13750 1.000000 3
13754 1.000000 4
13758 1.000000 4
13761 1.000000 3
13765 1.000000 4
13768 1.000000 3
13772 1.000000 4
13776 1.000000 4
13780 1.000000 4
13783 1.000000 3
13786 1.000000 3
13789 1.000000 3
13793 1.000000 4
13797 1.000000 4
13800 1.000000 3
13804 -1.000000 4
13808 1.000000 4
13812 -1.000000 4
13816 1.000000 4
13820 -1.000000 4
13824 1.000000 4
13828 1.000000 4
13831 -1.000000 3
13834 1.000000 3
13837 1.000000 3
13842 0.000000 5
13846 1.000000 4
13850 1.000000 4
13855 0.000000 5
13859 1.000000 4
13863 1.000000 4
13867 1.000000 4
13870 1.000000 3
13874 1.000000 4
13878 1.000000 4
13882 1.000000 4
13887 0.000000 5
13891 1.000000 4
13895 1.000000 4
13899 1.000000 4
13903 1.000000 4
13907 1.000000 4
13911 1.000000 4
13915 1.000000 4
13919 1.000000 4
13923 1.000000 4
13927 -1.000000 4
13931 1.000000 4
13935 1.000000 4
13939 1.000000 4
13943 1.000000 4
13947 1.000000 4
13950 1.000000 3
13954 1.000000 4
13958 1.000000 4
13962 1.000000 4
13966 1.000000 4
13970 1.000000 4
13974 1.000000 4
13978 1.000000 4
13982 1.000000 4
13985 1.000000 3
13989 1.000000 4
13994 0.000000 5
13997 1.000000 3
14000 -1.000000 3
14004 1.000000 4
14008 1.000000 4
14012 1.000000 4
14016 1.000000 4
14020 1.000000 4
14024 -1.000000 4
14027 1.000000 3
14030 1.000000 3
14034 1.000000 4
14038 1.000000 4
14042 1.000000 4
14046 1.000000 4
14049 -1.000000 3
14052 1.000000 3
14055 -1.000000 3
14059 1.000000 4
14064 0.000000 5
14068 1.000000 4
14072 1.000000 4
14076 1.000000 4
14080 1.000000 4
14084 1.000000 4
14087 1.000000 3
14091 1.000000 4
14094 1.000000 3
14098 1.000000 4
14102 1.000000 4
14106 1.000000 4
14110 1.000000 4
14113 1.000000 3
14117 1.000000 4
14120 1.000000 3
14124 1.000000 4
14128 1.000000 4
14132 -1.000000 4
14136 1.000000 4
14140 -1.000000 4
14144 1.000000 4
14148 1.000000 4
14151 1.000000 3
14155 1.000000 4
14159 1.000000 4
14163 1.000000 4
14167 1.000000 4
14171 1.000000 4
14175 1.000000 4
14179 1.000000 4
14182 1.000000 3
14186 1.000000 4
14190 1.000000 4
14193 1.000000 3
14197 1.000000 4
14201 1.000000 4
14205 1.000000 4
14208 1.000000 3
14213 0.000000 5
14217 1.000000 4
14220 1.000000 3
14224 1.000000 4
14228 1.000000 4
14232 -1.000000 4
14236 1.000000 4
14240 1.000000 4
14244 1.000000 4
14247 1.000000 3
14251 1.000000 4
14255 1.000000 4
14259 1.000000 4
14263 1.000000 4
14267 1.000000 4
14271 1.000000 4
14275 1.000000 4
14278 -1.000000 3
14282 1.000000 4
14286 1.000000 4
14289 -1.000000 3
14293 1.000000 4
14297 1.000000 4
14300 1.000000 3
14304 1.000000 4
14307 1.000000 3
14310 1.000000 3
14314 1.000000 4
14318 1.000000 4
14322 1.000000 4
14326 1.000000 4
14330 1.000000 4
14334 1.000000 4
14339 0.000000 5
14343 1.000000 4
14347 1.000000 4
14350 1.000000 3
14353 1.000000 3
14357 -1.000000 4
14361 1.000000 4
14365 1.000000 4
14369 1.000000 4
14373 1.000000 4
14376 1.000000 3
14380 1.000000 4
14383 -1.000000 3
14386 1.000000 3
14390 1.000000 4
14395 0.000000 5
14399 -1.000000 4
14402 1.000000 3
14405 1.000000 3
14408 -1.000000 3
14412 1.000000 4
14417 1.000000 5
14421 1.000000 4
14424 1.000000 3
14428 1.000000 4
14432 1.000000 4
14436 1.000000 4
14440 1.000000 4
14444 1.000000 4
14448 1.000000 4
14452 1.000000 4
14455 1.000000 3
14459 1.000000 4
14463 1.000000 4
14466 1.000000 3
14470 1.000000 4
14474 1.000000 4
14479 0.000000 5
14483 1.000000 4
14487 1.000000 4
14490 1.000000 3
14494 1.000000 4
14498 1.000000 4
14501 1.000000 3
14505 1.000000 4
14509 1.000000 4
14512 1.000000 3
14516 1.000000 4
14520 1.000000 4
14524 1.000000 4
14528 1.000000 4
14532 1.000000 4
14536 1.000000 4
14539 1.000000 3
14543 1.000000 4
14548 1.000000 5
14552 1.000000 4
14557 0.000000 5
14561 1.000000 4
14565 -1.000000 4
14568 1.000000 3
14572 -1.000000 4
14576 1.000000 4
14580 1.000000 4
14583 1.000000 3
14587 -1.000000 4
14591 1.000000 4
14595 1.000000 4
14598 1.000000 3
14602 1.000000 4
14606 1.000000 4
14610 1.000000 4
14614 1.000000 4
14617 1.000000 3
14621 1.000000 4
14626 0.000000 5
14629 -1.000000 3
14633 1.000000 4
14636 1.000000 3
14640 1.000000 4
14644 1.000000 4
14648 1.000000 4
14652 -1.000000 4
14656 1.000000 4
14659 1.000000 3
14663 1.000000 4
14667 1.000000 4
14672 0.000000 5
14676 1.000000 4
14680 1.000000 4
14684 1.000000 4
14687 1.000000 3
14691 1.000000 4
14694 -1.000000 3
14698 1.000000 4
14703 0.000000 5
14706 -1.000000 3
14710 1.000000 4
14714 1.000000 4
14718 1.000000 4
14722 1.000000 4
14726 1.000000 4
14730 1.000000 4
14734 1.000000 4
14738 -1.000000 4
14742 1.000000 4
14745 -1.000000 3
14749 1.000000 4
14753 1.000000 4
14756 1.000000 3
14759 1.000000 3
14764 0.000000 5
14767 1.000000 3
14771 1.000000 4
14775 1.000000 4
14779 1.000000 4
14783 1.000000 4
14788 0.000000 5
14793 0.000000 5
14796 1.000000 3
14799 1.000000 3
14803 1.000000 4
14806 1.000000 3
14810 1.000000 4
14814 1.000000 4
14818 1.000000 4
14821 1.000000 3
14824 1.000000 3
14828 1.000000 4
14832 1.000000 4
14836 1.000000 4
14841 0.000000 5
14845 1.000000 4
14849 1.000000 4
14853 1.000000 4
14857 1.000000 4
14861 1.000000 4
14865 1.000000 4
14869 1.000000 4
14873 1.000000 4
14877 1.000000 4
14880 1.000000 3
14883 1.000000 3
14887 1.000000 4
14890 1.000000 3
14894 1.000000 4
14898 1.000000 4
14901 1.000000 3
14905 1.000000 4
14909 1.000000 4
14913 1.000000 4
14917 1.000000 4
14921 1.000000 4
14925 1.000000 4
14928 1.000000 3
14932 1.000000 4
14936 1.000000 4
14940 1.000000 4
14944 1.000000 4
14949 0.000000 5
14953 1.000000 4
14957 1.000000 4
14961 1.000000 4
14965 1.000000 4
14969 1.000000 4
14973 1.000000 4
14976 1.000000 3
14979 1.000000 3
14983 1.000000 4
14986 1.000000 3
14991 0.000000 5
14995 1.000000 4
15000 0.000000 5
15003 1.000000 3
15006 1.000000 3
15010 1.000000 4
15013 1.000000 3
15017 -1.000000 4
15021 -1.000000 4
15025 1.000000 4
15029 -1.000000 4
15033 1.000000 4
15038 0.000000 5
15041 1.000000 3
15045 1.000000 4
15050 1.000000 5
15053 -1.000000 3
15057 -1.000000 4
15060 -1.000000 3
15065 0.000000 5
15069 1.000000 4
15074 1.000000 5
15078 -1.000000 4
15081 -1.000000 3
15085 -1.000000 4
15090 1.000000 5
15094 1.000000 4
15098 -1.000000 4
15102 1.000000 4
15106 -1.000000 4
15111 1.000000 5
15115 -1.000000 4
15119 -1.000000 4
15124 1.000000 5
15128 1.000000 4
15133 0.000000 5
15137 1.000000 4
15141 1.000000 4
15144 1.000000 3
15148 -1.000000 4
15152 -1.000000 4
15157 1.000000 5
15160 1.000000 3
15163 1.000000 3
15168 1.000000 5
15173 1.000000 5
15177 1.000000 4
15180 -1.000000 3
15185 0.000000 5
15189 -1.000000 4
15193 1.000000 4
15196 1.000000 3
15199 1.000000 3
15203 -1.000000 4
15207 -1.000000 4
15212 1.000000 5
15215 -1.000000 3
15220 1.000000 5
15223 -1.000000 3
15228 1.000000 5
15233 1.000000 5
15238 1.000000 5
15243 1.000000 5
15247 1.000000 4
15251 1.000000 4
15254 -1.000000 3
15259 1.000000 5
15262 1.000000 3
15266 -1.000000 4
15270 -1.000000 4
15274 -1.000000 4
15277 1.000000 3
15281 -1.000000 4
15284 1.000000 3
15288 -1.000000 4
15293 1.000000 5
15298 0.000000 5
15303 1.000000 5
15307 -1.000000 4
15312 1.000000 5
15316 1.000000 4
15320 -1.000000 4
15323 -1.000000 3
15327 1.000000 4
15331 -1.000000 4
15334 1.000000 3
15338 -1.000000 4
15342 1.000000 4
15347 1.000000 5
15352 1.000000 5
15356 1.000000 4
15360 1.000000 4
15364 -1.000000 4
15367 1.000000 3
15372 0.000000 5
15377 0.000000 5
15381 1.000000 4
15385 -1.000000 4
15388 1.000000 3
15392 1.000000 4
15397 1.000000 5
15400 -1.000000 3
15404 1.000000 4
15409 1.000000 5
15414 1.000000 5
15418 -1.000000 4
15422 -1.000000 4
15427 0.000000 5
15430 -1.000000 3
15435 1.000000 5
15440 0.000000 5
15444 -1.000000 4
15448 -1.000000 4
15452 -1.000000 4
15457 1.000000 5
15462 1.000000 5
15466 -1.000000 4
15470 -1.000000 4
15475 1.000000 5
15479 -1.000000 4
15484 1.000000 5
15489 0.000000 5
15494 1.000000 5
15497 1.000000 3
15501 1.000000 4
15504 1.000000 3
15509 0.000000 5
15514 1.000000 5
15518 -1.000000 4
15523 0.000000 5
15528 1.000000 5
15532 1.000000 4
15536 -1.000000 4
15541 1.000000 5
15544 1.000000 3
15548 -1.000000 4
15552 1.000000 4
15556 1.000000 4
15560 1.000000 4
15564 1.000000 4
15569 1.000000 5
15574 1.000000 5
15579 0.000000 5
15582 1.000000 3
15586 1.000000 4
15590 1.000000 4
15593 -1.000000 3
15598 0.000000 5
15601 -1.000000 3
15606 1.000000 5
15611 0.000000 5
15616 1.000000 5
15620 -1.000000 4
15624 1.000000 4
15628 1.000000 4
15633 1.000000 5
15637 -1.000000 4
15640 1.000000 3
15645 0.000000 5
15650 0.000000 5
15654 1.000000 4
15659 1.000000 5
15664 0.000000 5
15669 1.000000 5
15673 -1.000000 4
15678 1.000000 5
15681 -1.000000 3
15686 1.000000 5
15690 1.000000 4
15694 1.000000 4
15698 -1.000000 4
15702 1.000000 4
15707 1.000000 5
15710 1.000000 3
15715 1.000000 5
15719 -1.000000 4
15723 -1.000000 4
15727 1.000000 4
15731 1.000000 4
15736 1.000000 5
15740 1.000000 4
15745 0.000000 5
15750 1.000000 5
15753 -1.000000 3
15757 -1.000000 4
15761 -1.000000 4
15765 1.000000 4
15769 -1.000000 4
15774 0.000000 5
15778 -1.000000 4
15782 -1.000000 4
15786 1.000000 4
15791 1.000000 5
15796 1.000000 5
15799 1.000000 3
15803 1.000000 4
15807 -1.000000 4
15812 1.000000 5
15815 1.000000 3
15818 1.000000 3
15822 -1.000000 4
15826 -1.000000 4
15829 1.000000 3
15834 1.000000 5
15837 -1.000000 3
15840 1.000000 3
15844 1.000000 4
15849 1.000000 5
15854 1.000000 5
15857 -1.000000 3
15862 1.000000 5
15866 1.000000 4
15871 0.000000 5
15874 -1.000000 3
15878 1.000000 4
15883 0.000000 5
15888 0.000000 5
15891 -1.000000 3
15895 -1.000000 4
15899 1.000000 4
15903 -1.000000 4
15907 -1.000000 4
15912 1.000000 5
15915 1.000000 3
15919 1.000000 4
15923 -1.000000 4
15926 -1.000000 3
15931 1.000000 5
15934 1.000000 3
15938 1.000000 4
15942 -1.000000 4
15945 1.000000 3
15950 1.000000 5
15954 1.000000 4
15957 -1.000000 3
15961 1.000000 4
15966 0.000000 5
15969 1.000000 3
15973 -1.000000 4
15978 1.000000 5
15981 -1.000000 3
15986 1.000000 5
15990 -1.000000 4
15994 1.000000 4
15999 1.000000 5
16004 1.000000 5
16008 -1.000000 4
16011 1.000000 3
16016 0.000000 5
16021 0.000000 5
16025 -1.000000 4
16030 1.000000 5
16035 1.000000 5
16040 0.000000 5
16045 1.000000 5
16050 0.000000 5
16053 -1.000000 3
16056 1.000000 3
16061 0.000000 5
16066 0.000000 5
16069 1.000000 3
16072 -1.000000 3
16076 -1.000000 4
16080 -1.000000 4
16084 -1.000000 4
16088 1.000000 4
16092 1.000000 4
16096 1.000000 4
16101 1.000000 5
16106 1.000000 5
16111 1.000000 5
16116 1.000000 5
16121 1.000000 5
16124 -1.000000 3
16129 1.000000 5
16133 1.000000 4
16137 1.000000 4
16142 1.000000 5
16146 1.000000 4
16150 1.000000 4
16154 1.000000 4
16158 1.000000 4
16163 1.000000 5
16168 1.000000 5
16173 1.000000 5
16177 -1.000000 4
16181 1.000000 4
16186 0.000000 5
16191 1.000000 5
16196 0.000000 5
16200 -1.000000 4
16204 -1.000000 4
16208 1.000000 4
16212 1.000000 4
16216 1.000000 4
16221 0.000000 5
16226 1.000000 5
16230 1.000000 4
16235 1.000000 5
16239 -1.000000 4
16244 0.000000 5
16249 0.000000 5
16253 1.000000 4
16258 0.000000 5
16263 1.000000 5
16267 1.000000 4
16271 1.000000 4
16276 1.000000 5
16281 1.000000 5
16285 1.000000 4
16289 -1.000000 4
16294 0.000000 5
16298 1.000000 4
16302 -1.000000 4
16307 0.000000 5
16310 1.000000 3
16314 1.000000 4
16318 1.000000 4
16323 1.000000 5
16327 -1.000000 4
16331 1.000000 4
16336 0.000000 5
16341 1.000000 5
16346 0.000000 5
16349 1.000000 3
16352 -1.000000 3
16356 1.000000 4
16360 -1.000000 4
16364 1.000000 4
16369 1.000000 5
16374 1.000000 5
16378 1.000000 4
16383 1.000000 5
16387 1.000000 4
16392 1.000000 5
16397 0.000000 5
16401 -1.000000 4
16406 1.000000 5
16409 -1.000000 3
16412 -1.000000 3
16417 1.000000 5
16422 1.000000 5
16425 -1.000000 3
16430 1.000000 5
16434 1.000000 4
16439 0.000000 5
16443 -1.000000 4
16447 -1.000000 4
16451 1.000000 4
16454 1.000000 3
16458 -1.000000 4
16461 -1.000000 3
16465 1.000000 4
16470 0.000000 5
16473 1.000000 3
16477 1.000000 4
16482 0.000000 5
16487 0.000000 5
16492 1.000000 5
16497 0.000000 5
16501 1.000000 4
16505 -1.000000 4
16509 1.000000 4
16513 1.000000 4
16517 1.000000 4
16520 1.000000 3
16525 1.000000 5
16528 1.000000 3
16532 -1.000000 4
16536 1.000000 4
16539 1.000000 3
16544 0.000000 5
16548 1.000000 4
16553 0.000000 5
16558 1.000000 5
16562 1.000000 4
16565 1.000000 3
16569 1.000000 4
16574 0.000000 5
16578 1.000000 4
16582 -1.000000 4
16586 -1.000000 4
16589 1.000000 3
16593 1.000000 4
16597 1.000000 4
16602 1.000000 5
16606 1.000000 4
16610 -1.000000 4
16615 1.000000 5
16619 -1.000000 4
16622 1.000000 3
16626 1.000000 4
16631 1.000000 5
16634 1.000000 3
16638 1.000000 4
16642 1.000000 4
16647 1.000000 5
16650 -1.000000 3
16655 1.000000 5
16658 1.000000 3
16661 1.000000 3
16665 -1.000000 4
16668 1.000000 3
16672 1.000000 4
16676 1.000000 4
16679 -1.000000 3
16682 1.000000 3
16685 -1.000000 3
16689 -1.000000 4
16693 1.000000 4
16698 1.000000 5
16703 0.000000 5
16707 1.000000 4
16710 -1.000000 3
16714 -1.000000 4
16718 1.000000 4
16722 1.000000 4
16726 1.000000 4
16729 1.000000 3
16732 1.000000 3
16737 1.000000 5
16741 1.000000 4
16745 -1.000000 4
16749 1.000000 4
16754 1.000000 5
16759 1.000000 5
16764 0.000000 5
16768 1.000000 4
16772 1.000000 4
16776 -1.000000 4
16780 1.000000 4
16784 -1.000000 4
16788 1.000000 4
16791 1.000000 3
16795 1.000000 4
16799 1.000000 4
16804 0.000000 5
16808 -1.000000 4
16812 1.000000 4
16815 -1.000000 3
16818 1.000000 3
16823 0.000000 5
16827 -1.000000 4
16830 -1.000000 3
16834 -1.000000 4
16837 1.000000 3
16842 0.000000 5
16846 -1.000000 4
16849 1.000000 3
16852 1.000000 3
16857 1.000000 5
16862 1.000000 5
16866 1.000000 4
16869 -1.000000 3
16873 -1.000000 4
16878 1.000000 5
16883 0.000000 5
16887 1.000000 4
16892 1.000000 5
16896 -1.000000 4
16901 0.000000 5
16906 1.000000 5
16910 1.000000 4
16914 1.000000 4
16917 1.000000 3
16922 0.000000 5
16927 0.000000 5
16931 -1.000000 4
16936 0.000000 5
16941 0.000000 5
16945 1.000000 4
16950 1.000000 5
16954 -1.000000 4
16958 1.000000 4
16961 -1.000000 3
16966 1.000000 5
16969 1.000000 3
16974 0.000000 5
16979 0.000000 5
16984 0.000000 5
16989 1.000000 5
16994 0.000000 5
16999 0.000000 5
17004 1.000000 5
17008 1.000000 4
17011 -1.000000 3
17015 1.000000 4
17020 0.000000 5
17024 1.000000 4
17028 1.000000 4
17032 1.000000 4
17037 0.000000 5
17040 -1.000000 3
17045 1.000000 5
17048 1.000000 3
17052 1.000000 4
17057 1.000000 5
17061 -1.000000 4
17065 1.000000 4
17070 0.000000 5
17074 -1.000000 4
17077 1.000000 3
17081 -1.000000 4
17084 1.000000 3
17088 -1.000000 4
17092 1.000000 4
17096 1.000000 4
17101 0.000000 5
17105 -1.000000 4
17109 1.000000 4
17112 -1.000000 3
17115 -1.000000 3
17120 1.000000 5
17125 0.000000 5
17129 1.000000 4
17134 0.000000 5
17138 -1.000000 4
17141 -1.000000 3
17146 1.000000 5
17150 -1.000000 4
17154 1.000000 4
17157 1.000000 3
17162 0.000000 5
17166 1.000000 4
17171 1.000000 5
17175 -1.000000 4
17178 -1.000000 3
17182 1.000000 4
17186 1.000000 4
17190 1.000000 4
17194 1.000000 4
17197 -1.000000 3
17200 1.000000 3
17205 1.000000 5
17209 -1.000000 4
17213 -1.000000 4
17217 -1.000000 4
17220 1.000000 3
17223 1.000000 3
17226 -1.000000 3
17231 1.000000 5
17236 1.000000 5
17240 1.000000 4
17245 1.000000 5
17248 -1.000000 3
17253 0.000000 5
17258 1.000000 5
17263 1.000000 5
17268 1.000000 5
17273 1.000000 5
17278 0.000000 5
17282 -1.000000 4
17286 1.000000 4
17290 1.000000 4
17295 0.000000 5
17299 -1.000000 4
17304 0.000000 5
17307 1.000000 3
17311 1.000000 4
17316 1.000000 5
17321 1.000000 5
17324 -1.000000 3
17327 1.000000 3
17332 1.000000 5
17335 1.000000 3
17339 1.000000 4
17343 1.000000 4
17347 1.000000 4
17352 1.000000 5
17356 1.000000 4
17360 1.000000 4
17364 1.000000 4
17368 -1.000000 4
17373 0.000000 5
17377 -1.000000 4
17382 0.000000 5
17386 -1.000000 4
17391 1.000000 5
17396 1.000000 5
17401 1.000000 5
17405 1.000000 4
17410 0.000000 5
17413 1.000000 3
17418 0.000000 5
17422 1.000000 4
17425 -1.000000 3
17429 -1.000000 4
17433 1.000000 4
17437 1.000000 4
17440 -1.000000 3
17444 -1.000000 4
17449 1.000000 5
17452 1.000000 3
17456 1.000000 4
17461 0.000000 5
17465 1.000000 4
17468 -1.000000 3
17472 1.000000 4
17476 1.000000 4
17481 1.000000 5
17485 1.000000 4
17488 -1.000000 3
17493 0.000000 5
17498 1.000000 5
17503 0.000000 5
17508 1.000000 5
17513 1.000000 5
17518 1.000000 5
17521 -1.000000 3
17525 -1.000000 4
17529 -1.000000 4
17533 1.000000 4
17537 -1.000000 4
17542 1.000000 5
17546 1.000000 4
17550 1.000000 4
17555 0.000000 5
17559 -1.000000 4
17563 -1.000000 4
17568 1.000000 5
17572 -1.000000 4
17576 -1.000000 4
17581 1.000000 5
17585 1.000000 4
17589 1.000000 4
17592 -1.000000 3
17596 -1.000000 4
17600 1.000000 4
17605 0.000000 5
17609 -1.000000 4
17613 1.000000 4
17617 1.000000 4
17621 -1.000000 4
17624 -1.000000 3
17627 1.000000 3
17632 0.000000 5
17636 1.000000 4
17641 1.000000 5
17646 1.000000 5
17650 -1.000000 4
17654 -1.000000 4
17659 1.000000 5
17663 -1.000000 4
17667 1.000000 4
17672 1.000000 5
17675 1.000000 3
17679 -1.000000 4
17683 -1.000000 4
17687 1.000000 4
17692 0.000000 5
17696 -1.000000 4
17701 1.000000 5
17705 -1.000000 4
17709 -1.000000 4
17714 1.000000 5
17718 1.000000 4
17723 1.000000 5
17727 1.000000 4
17732 0.000000 5
17737 0.000000 5
17742 0.000000 5
17745 1.000000 3
17750 0.000000 5
17755 1.000000 5
17760 1.000000 5
17765 0.000000 5
17768 1.000000 3
17773 1.000000 5
17777 1.000000 4
17781 -1.000000 4
17784 1.000000 3
17789 1.000000 5
17793 -1.000000 4
17797 -1.000000 4
17800 -1.000000 3
17804 1.000000 4
17808 1.000000 4
17812 1.000000 4
17817 1.000000 5
17820 1.000000 3
17825 0.000000 5
17829 -1.000000 4
17832 1.000000 3
17837 0.000000 5
17841 -1.000000 4
17845 1.000000 4
17849 1.000000 4
17853 -1.000000 4
17857 -1.000000 4
17860 1.000000 3
17864 1.000000 4
17868 1.000000 4
17872 1.000000 4
17875 -1.000000 3
17879 -1.000000 4
17884 0.000000 5
17889 1.000000 5
17894 1.000000 5
17898 -1.000000 4
17902 1.000000 4
17907 0.000000 5
17910 1.000000 3
17915 1.000000 5
17920 1.000000 5
17924 -1.000000 4
17927 1.000000 3
17930 1.000000 3
17934 -1.000000 4
17937 -1.000000 3
17941 1.000000 4
17944 1.000000 3
17949 1.000000 5
17953 1.000000 4
17956 -1.000000 3
17959 -1.000000 3
17963 -1.000000 4
17968 0.000000 5
17971 -1.000000 3
17976 0.000000 5
17981 1.000000 5
17986 0.000000 5
17990 -1.000000 4
17994 1.000000 4
17999 1.000000 5
18003 1.000000 4
18007 1.000000 4
18011 1.000000 4
18016 0.000000 5
18021 0.000000 5
18026 1.000000 5
18030 -1.000000 4
18035 0.000000 5
18039 1.000000 4
18044 0.000000 5
18049 1.000000 5
18053 -1.000000 4
18057 -1.000000 4
18061 -1.000000 4
18064 -1.000000 3
18068 1.000000 4
18071 1.000000 3
18075 1.000000 4
18079 -1.000000 4
18084 1.000000 5
18089 0.000000 5
18092 1.000000 3
18097 1.000000 5
18101 1.000000 4
18106 1.000000 5
18111 1.000000 5
18115 -1.000000 4
18119 1.000000 4
18122 1.000000 3
18126 1.000000 4
18131 1.000000 5
18135 1.000000 4
18140 1.000000 5
18144 -1.000000 4
18147 1.000000 3
18150 1.000000 3
18154 1.000000 4
18159 0.000000 5
18162 -1.000000 3
18166 -1.000000 4
18170 1.000000 4
18174 1.000000 4
18177 1.000000 3
18181 -1.000000 4
18184 1.000000 3
18188 -1.000000 4
18192 -1.000000 4
18197 1.000000 5
18202 1.000000 5
18206 1.000000 4
18209 -1.000000 3
18212 1.000000 3
18217 1.000000 5
18221 1.000000 4
18226 0.000000 5
18231 0.000000 5
18234 -1.000000 3
18238 -1.000000 4
18242 -1.000000 4
18246 1.000000 4
18251 1.000000 5
18256 1.000000 5
18260 1.000000 4
18263 -1.000000 3
18267 1.000000 4
18271 -1.000000 4
18276 1.000000 5
18281 1.000000 5
18285 -1.000000 4
18289 1.000000 4
18293 1.000000 4
18296 1.000000 3
18300 -1.000000 4
18305 1.000000 5
18310 1.000000 5
18315 1.000000 5
18318 -1.000000 3
18322 -1.000000 4
18326 1.000000 4
18330 1.000000 4
18334 -1.000000 4
18339 0.000000 5
18343 -1.000000 4
18348 0.000000 5
18351 1.000000 3
18356 0.000000 5
18361 1.000000 5
18366 0.000000 5
18370 1.000000 4
18373 -1.000000 3
18378 1.000000 5
18382 1.000000 4
18387 1.000000 5
18392 0.000000 5
18396 1.000000 4
18400 1.000000 4
18403 -1.000000 3
18408 1.000000 5
18412 1.000000 4
18416 -1.000000 4
18420 -1.000000 4
18424 1.000000 4
18428 1.000000 4
18433 0.000000 5
18437 1.000000 4
18442 1.000000 5
18446 1.000000 4
18451 0.000000 5
18455 -1.000000 4
18460 0.000000 5
18464 -1.000000 4
18468 1.000000 4
18471 1.000000 3
18476 1.000000 5
18480 1.000000 4
18485 1.000000 5
18490 1.000000 5
18494 1.000000 4
18499 1.000000 5
18504 1.000000 5
18507 1.000000 3
18511 1.000000 4
18514 1.000000 3
18518 -1.000000 4
18522 -1.000000 4
18526 -1.000000 4
18530 -1.000000 4
18533 -1.000000 3
18538 1.000000 5
18542 1.000000 4
18545 -1.000000 3
18548 1.000000 3
18553 0.000000 5
18556 1.000000 3
18560 1.000000 4
18563 1.000000 3
18567 -1.000000 4
18571 1.000000 4
18574 1.000000 3
18578 1.000000 4
18583 0.000000 5
18587 1.000000 4
18591 -1.000000 4
18595 1.000000 4
18598 -1.000000 3
18602 1.000000 4
18606 1.000000 4
18611 0.000000 5
18616 1.000000 5
18620 -1.000000 4
18624 1.000000 4
18627 1.000000 3
18632 0.000000 5
18635 -1.000000 3
18640 1.000000 5
18644 1.000000 4
18649 0.000000 5
18653 -1.000000 4
18657 1.000000 4
18662 0.000000 5
18665 1.000000 3
18669 1.000000 4
18674 1.000000 5
18679 1.000000 5
18683 -1.000000 4
18687 1.000000 4
18692 0.000000 5
18696 1.000000 4
18699 -1.000000 3
18703 1.000000 4
18707 1.000000 4
18710 1.000000 3
18715 0.000000 5
18719 -1.000000 4
18723 1.000000 4
18727 -1.000000 4
18731 1.000000 4
18734 -1.000000 3
18738 1.000000 4
18741 -1.000000 3
18744 -1.000000 3
18748 -1.000000 4
18752 1.000000 4
18756 -1.000000 4
18761 0.000000 5
18765 -1.000000 4
18770 0.000000 5
18774 1.000000 4
18779 0.000000 5
18783 -1.000000 4
18788 0.000000 5
18791 1.000000 3
18794 -1.000000 3
18797 1.000000 3
18800 1.000000 3
18805 1.000000 5
18809 1.000000 4
18813 -1.000000 4
18818 0.000000 5
18822 1.000000 4
18827 0.000000 5
18831 1.000000 4
18835 1.000000 4
18840 0.000000 5
18844 1.000000 4
18848 -1.000000 4
18853 1.000000 5
18857 -1.000000 4
18861 1.000000 4
18866 0.000000 5
18870 1.000000 4
18875 1.000000 5
18880 0.000000 5
18884 -1.000000 4
18889 1.000000 5
18892 1.000000 3
18896 1.000000 4
18899 -1.000000 3
18903 -1.000000 4
18907 1.000000 4
18912 1.000000 5
18917 1.000000 5
18921 -1.000000 4
18926 0.000000 5
18929 1.000000 3
18932 1.000000 3
18936 1.000000 4
18941 1.000000 5
18945 1.000000 4
18949 -1.000000 4
18952 -1.000000 3
18955 1.000000 3
18959 -1.000000 4
18963 1.000000 4
18967 1.000000 4
18970 1.000000 3
18974 1.000000 4
18979 1.000000 5
18983 -1.000000 4
18988 0.000000 5
18992 1.000000 4
18995 -1.000000 3
18998 1.000000 3
19003 0.000000 5
19007 1.000000 4
19010 -1.000000 3
19013 1.000000 3
19018 0.000000 5
19022 -1.000000 4
19026 -1.000000 4
19031 1.000000 5
19035 1.000000 4
19039 1.000000 4
19044 1.000000 5
19047 1.000000 3
19051 1.000000 4
19054 1.000000 3
19059 1.000000 5
19062 1.000000 3
19067 0.000000 5
19072 1.000000 5
19076 1.000000 4
19080 -1.000000 4
19085 1.000000 5
19090 0.000000 5
19094 1.000000 4
19098 1.000000 4
19103 1.000000 5
19108 1.000000 5
19112 1.000000 4
19115 -1.000000 3
19119 -1.000000 4
19124 0.000000 5
19128 1.000000 4
19133 1.000000 5
19137 -1.000000 4
19141 -1.000000 4
19146 1.000000 5
19150 -1.000000 4
19154 1.000000 4
19159 1.000000 5
19163 -1.000000 4
19166 -1.000000 3
19171 0.000000 5
19174 -1.000000 3
19179 1.000000 5
19183 1.000000 4
19187 1.000000 4
19191 -1.000000 4
19195 -1.000000 4
19199 -1.000000 4
19202 -1.000000 3
19205 1.000000 3
19210 0.000000 5
19213 1.000000 3
19218 0.000000 5
19222 -1.000000 4
19227 1.000000 5
19232 1.000000 5
19235 -1.000000 3
19240 1.000000 5
19245 0.000000 5
19249 1.000000 4
19254 1.000000 5
19257 1.000000 3
19261 1.000000 4
19265 1.000000 4
19269 -1.000000 4
19274 1.000000 5
19278 -1.000000 4
19282 -1.000000 4
19285 -1.000000 3
19289 1.000000 4
19294 1.000000 5
19299 0.000000 5
19304 1.000000 5
19307 1.000000 3
19311 1.000000 4
19315 -1.000000 4
19319 -1.000000 4
19323 1.000000 4
19326 1.000000 3
19331 1.000000 5
19336 0.000000 5
19340 1.000000 4
19344 1.000000 4
19349 0.000000 5
19354 1.000000 5
19359 0.000000 5
19363 1.000000 4
19367 1.000000 4
19372 1.000000 5
19376 -1.000000 4
19380 -1.000000 4
19384 -1.000000 4
19389 0.000000 5
19393 1.000000 4
19397 1.000000 4
19402 0.000000 5
19407 1.000000 5
19411 -1.000000 4
19416 1.000000 5
19421 1.000000 5
19426 1.000000 5
19431 1.000000 5
19436 1.000000 5
19440 1.000000 4
19443 1.000000 3
19447 -1.000000 4
19450 1.000000 3
19453 1.000000 3
19456 -1.000000 3
19461 0.000000 5
19466 0.000000 5
19469 1.000000 3
19474 1.000000 5
19477 1.000000 3
19481 1.000000 4
19484 1.000000 3
19488 -1.000000 4
19492 1.000000 4
19495 -1.000000 3
19498 -1.000000 3
19503 1.000000 5
19506 1.000000 3
19510 -1.000000 4
19515 0.000000 5
19519 1.000000 4
19524 1.000000 5
19527 -1.000000 3
19532 0.000000 5
19536 -1.000000 4
19541 1.000000 5
19545 -1.000000 4
19548 -1.000000 3
19551 1.000000 3
19556 1.000000 5
19559 1.000000 3
19563 1.000000 4
19567 1.000000 4
19571 -1.000000 4
19575 -1.000000 4
19580 1.000000 5
19583 1.000000 3
19586 1.000000 3
19590 1.000000 4
19595 0.000000 5
19598 1.000000 3
19602 1.000000 4
19607 0.000000 5
19612 1.000000 5
19616 -1.000000 4
19620 -1.000000 4
19624 1.000000 4
19629 0.000000 5
19633 1.000000 4
19636 -1.000000 3
19641 1.000000 5
19646 1.000000 5
19651 1.000000 5
19655 1.000000 4
19660 1.000000 5
19663 1.000000 3
19667 1.000000 4
19672 0.000000 5
19676 1.000000 4
19680 1.000000 4
19685 1.000000 5
19690 0.000000 5
19694 -1.000000 4
19698 1.000000 4
19703 0.000000 5
19707 1.000000 4
19712 1.000000 5
19717 0.000000 5
19721 -1.000000 4
19724 -1.000000 3
19729 0.000000 5
19734 1.000000 5
19737 1.000000 3
19741 1.000000 4
19745 1.000000 4
19750 1.000000 5
19753 1.000000 3
19757 -1.000000 4
19762 1.000000 5
19767 0.000000 5
19772 1.000000 5
19777 1.000000 5
19781 1.000000 4
19785 1.000000 4
19790 1.000000 5
19794 1.000000 4
19799 0.000000 5
19804 1.000000 5
19809 1.000000 5
19814 1.000000 5
19818 1.000000 4
19823 0.000000 5
19827 1.000000 4
19831 1.000000 4
19834 -1.000000 3
19839 1.000000 5
19843 1.000000 4
19848 0.000000 5
19853 0.000000 5
19857 -1.000000 4
19861 -1.000000 4
19866 0.000000 5
19870 1.000000 4
19873 1.000000 3
19878 1.000000 5
19883 1.000000 5
19887 1.000000 4
19892 0.000000 5
19895 1.000000 3
19899 1.000000 4
19904 0.000000 5
19909 1.000000 5
19912 -1.000000 3
19917 0.000000 5
19921 1.000000 4
19926 0.000000 5
19931 0.000000 5
19935 1.000000 4
19939 1.000000 4
19943 1.000000 4
19948 1.000000 5
19951 1.000000 3
19954 1.000000 3
19959 0.000000 5
19962 1.000000 3
19966 1.000000 4
19970 1.000000 4
19975 1.000000 5
19979 -1.000000 4
19983 -1.000000 4
19988 0.000000 5
19993 1.000000 5
19998 0.000000 5
20003 0.000000 5
20007 1.000000 4
20010 -1.000000 3
20014 1.000000 4
20018 1.000000 4
20021 1.000000 3
20024 1.000000 3
20027 1.000000 3
20032 1.000000 5
20036 1.000000 4
20041 0.000000 5
20045 -1.000000 4
20050 1.000000 5
20054 1.000000 4
20058 -1.000000 4
20062 1.000000 4
20066 1.000000 4
20071 1.000000 5
20076 1.000000 5
20081 0.000000 5
20086 1.000000 5
20090 1.000000 4
20093 1.000000 3
20096 1.000000 3
20100 1.000000 4
20103 1.000000 3
20108 1.000000 5
20113 1.000000 5
20116 1.000000 3
20120 -1.000000 4
20124 -1.000000 4
20127 -1.000000 3
20130 -1.000000 3
20135 1.000000 5
20138 1.000000 3
20143 1.000000 5
20148 0.000000 5
20152 -1.000000 4
20157 1.000000 5
20162 1.000000 5
20167 0.000000 5
20172 1.000000 5
20175 1.000000 3
20179 1.000000 4
20183 1.000000 4
20188 0.000000 5
20193 1.000000 5
20198 1.000000 5
20203 1.000000 5
20208 1.000000 5
20213 0.000000 5
20218 0.000000 5
20223 1.000000 5
20228 1.000000 5
20232 -1.000000 4
20237 0.000000 5
20242 1.000000 5
20247 0.000000 5
20252 0.000000 5
20256 1.000000 4
20260 -1.000000 4
20264 1.000000 4
20268 -1.000000 4
20272 1.000000 4
20276 -1.000000 4
20281 1.000000 5
20285 -1.000000 4
20290 0.000000 5
20293 -1.000000 3
20297 1.000000 4
20301 -1.000000 4
20305 1.000000 4
20309 -1.000000 4
20313 1.000000 4
20318 0.000000 5
20321 1.000000 3
20325 1.000000 4
20328 -1.000000 3
20333 1.000000 5
20337 -1.000000 4
20342 0.000000 5
20347 1.000000 5
20351 1.000000 4
20355 1.000000 4
20359 -1.000000 4
20363 -1.000000 4
20368 0.000000 5
20373 0.000000 5
20376 -1.000000 3
20380 1.000000 4
20384 1.000000 4
20387 1.000000 3
20391 1.000000 4
20396 1.000000 5
20400 1.000000 4
20405 0.000000 5
20408 -1.000000 3
20413 0.000000 5
20417 -1.000000 4
20422 1.000000 5
20426 -1.000000 4
20430 1.000000 4
20433 1.000000 3
20438 0.000000 5
20443 1.000000 5
20447 -1.000000 4
20451 1.000000 4
20455 1.000000 4
20459 -1.000000 4
20463 -1.000000 4
20468 1.000000 5
20472 1.000000 4
20476 -1.000000 4
20479 -1.000000 3
20484 1.000000 5
20488 1.000000 4
20493 0.000000 5
20498 1.000000 5
20503 0.000000 5
20508 0.000000 5
20513 1.000000 5
20518 1.000000 5
20522 1.000000 4
20526 -1.000000 4
20530 1.000000 4
20533 -1.000000 3
20538 0.000000 5
20543 0.000000 5
20546 -1.000000 3
20551 0.000000 5
20556 1.000000 5
20559 1.000000 3
20563 1.000000 4
20567 1.000000 4
