3 1.000000 3
8 1.000000 5
12 1.000000 4
16 -1.000000 4
21 1.000000 5
26 1.000000 5
29 -1.000000 3
34 0.000000 5
38 -1.000000 4
42 -1.000000 4
47 1.000000 5
50 1.000000 3
54 1.000000 4
59 1.000000 5
62 1.000000 3
67 0.000000 5
71 -1.000000 4
75 1.000000 4
80 0.000000 5
85 0.000000 5
88 -1.000000 3
93 1.000000 5
96 1.000000 3
99 -1.000000 3
103 -1.000000 4
107 -1.000000 4
111 1.000000 4
115 -1.000000 4
120 0.000000 5
124 -1.000000 4
129 1.000000 5
133 1.000000 4
137 1.000000 4
140 1.000000 3
144 1.000000 4
148 1.000000 4
152 1.000000 4
157 1.000000 5
160 1.000000 3
164 -1.000000 4
168 1.000000 4
173 1.000000 5
178 1.000000 5
183 1.000000 5
187 -1.000000 4
191 1.000000 4
195 -1.000000 4
199 1.000000 4
204 1.000000 5
207 -1.000000 3
211 1.000000 4
216 1.000000 5
220 -1.000000 4
224 1.000000 4
228 1.000000 4
232 -1.000000 4
236 1.000000 4
240 1.000000 4
244 1.000000 4
249 1.000000 5
254 1.000000 5
257 1.000000 3
262 1.000000 5
266 -1.000000 4
269 1.000000 3
273 -1.000000 4
277 1.000000 4
280 1.000000 3
284 1.000000 4
288 -1.000000 4
293 0.000000 5
297 -1.000000 4
302 0.000000 5
306 1.000000 4
310 -1.000000 4
314 1.000000 4
319 1.000000 5
323 1.000000 4
328 1.000000 5
332 -1.000000 4
337 1.000000 5
340 1.000000 3
345 0.000000 5
349 1.000000 4
353 -1.000000 4
357 -1.000000 4
362 1.000000 5
367 1.000000 5
372 1.000000 5
377 0.000000 5
381 -1.000000 4
386 1.000000 5
389 -1.000000 3
394 1.000000 5
397 -1.000000 3
401 1.000000 4
405 1.000000 4
409 1.000000 4
413 -1.000000 4
417 -1.000000 4
422 0.000000 5
425 1.000000 3
429 -1.000000 4
433 -1.000000 4
437 1.000000 4
441 1.000000 4
444 1.000000 3
447 -1.000000 3
451 1.000000 4
456 1.000000 5
459 1.000000 3
464 1.000000 5
467 -1.000000 3
472 1.000000 5
475 -1.000000 3
479 1.000000 4
483 1.000000 4
488 0.000000 5
492 -1.000000 4
496 -1.000000 4
500 -1.000000 4
504 -1.000000 4
509 0.000000 5
512 -1.000000 3
517 0.000000 5
520 1.000000 3
524 1.000000 4
529 1.000000 5
533 1.000000 4
537 1.000000 4
540 1.000000 3
543 -1.000000 3
547 -1.000000 4
550 1.000000 3
555 1.000000 5
559 1.000000 4
563 -1.000000 4
567 -1.000000 4
571 -1.000000 4
575 -1.000000 4
578 -1.000000 3
583 1.000000 5
588 1.000000 5
593 0.000000 5
597 -1.000000 4
602 1.000000 5
606 1.000000 4
609 -1.000000 3
613 1.000000 4
617 -1.000000 4
622 0.000000 5
627 1.000000 5
632 0.000000 5
637 0.000000 5
641 1.000000 4
645 1.000000 4
650 0.000000 5
654 1.000000 4
659 1.000000 5
664 1.000000 5
669 0.000000 5
673 1.000000 4
677 1.000000 4
681 1.000000 4
685 1.000000 4
690 1.000000 5
695 1.000000 5
698 1.000000 3
703 1.000000 5
707 1.000000 4
711 1.000000 4
715 -1.000000 4
718 -1.000000 3
722 1.000000 4
726 -1.000000 4
730 1.000000 4
735 1.000000 5
740 0.000000 5
745 1.000000 5
750 0.000000 5
754 -1.000000 4
759 0.000000 5
762 -1.000000 3
766 -1.000000 4
771 0.000000 5
776 1.000000 5
780 1.000000 4
784 -1.000000 4
789 0.000000 5
793 1.000000 4
797 1.000000 4
801 1.000000 4
805 -1.000000 4
808 1.000000 3
812 1.000000 4
816 1.000000 4
820 1.000000 4
823 1.000000 3
828 0.000000 5
831 1.000000 3
835 1.000000 4
838 -1.000000 3
843 0.000000 5
847 1.000000 4
851 1.000000 4
856 1.000000 5
859 1.000000 3
864 1.000000 5
867 -1.000000 3
870 1.000000 3
874 1.000000 4
879 0.000000 5
884 0.000000 5
889 0.000000 5
894 0.000000 5
898 1.000000 4
902 1.000000 4
906 -1.000000 4
910 1.000000 4
914 1.000000 4
918 1.000000 4
923 1.000000 5
928 0.000000 5
933 0.000000 5
937 -1.000000 4
941 1.000000 4
945 1.000000 4
949 1.000000 4
953 -1.000000 4
957 1.000000 4
961 1.000000 4
965 1.000000 4
968 -1.000000 3
972 1.000000 4
975 -1.000000 3
978 -1.000000 3
983 1.000000 5
987 -1.000000 4
990 1.000000 3
994 1.000000 4
998 1.000000 4
1003 0.000000 5
1008 1.000000 5
1012 1.000000 4
1016 -1.000000 4
1021 0.000000 5
1025 1.000000 4
1029 -1.000000 4
1034 1.000000 5
1038 -1.000000 4
1042 1.000000 4
1046 -1.000000 4
1050 1.000000 4
1054 -1.000000 4
1058 -1.000000 4
1061 1.000000 3
1065 -1.000000 4
1070 0.000000 5
1073 -1.000000 3
1077 -1.000000 4
1082 0.000000 5
1087 1.000000 5
1091 1.000000 4
1095 1.000000 4
1100 0.000000 5
1105 1.000000 5
1108 -1.000000 3
1112 1.000000 4
1117 0.000000 5
1122 1.000000 5
1127 0.000000 5
1131 1.000000 4
1135 -1.000000 4
1139 1.000000 4
1144 0.000000 5
1147 1.000000 3
1152 1.000000 5
1156 -1.000000 4
1160 -1.000000 4
1164 -1.000000 4
1169 1.000000 5
1174 0.000000 5
1179 1.000000 5
1184 1.000000 5
1189 1.000000 5
1193 -1.000000 4
1198 0.000000 5
1202 1.000000 4
1206 -1.000000 4
1210 1.000000 4
1214 -1.000000 4
1218 1.000000 4
1222 1.000000 4
1226 1.000000 4
1230 1.000000 4
1234 1.000000 4
1237 1.000000 3
1242 1.000000 5
1247 1.000000 5
1250 1.000000 3
1255 0.000000 5
1259 1.000000 4
1262 -1.000000 3
1266 1.000000 4
1271 1.000000 5
1275 1.000000 4
1280 0.000000 5
1284 1.000000 4
1288 1.000000 4
1293 0.000000 5
1298 1.000000 5
1302 1.000000 4
1306 1.000000 4
1309 -1.000000 3
1312 -1.000000 3
1317 1.000000 5
1320 -1.000000 3
1324 -1.000000 4
1328 1.000000 4
1332 1.000000 4
1335 1.000000 3
1340 1.000000 5
1343 1.000000 3
1347 1.000000 4
1351 1.000000 4
1355 -1.000000 4
1359 -1.000000 4
1363 1.000000 4
1368 1.000000 5
1372 -1.000000 4
1375 -1.000000 3
1380 0.000000 5
1385 1.000000 5
1389 1.000000 4
1394 1.000000 5
1398 -1.000000 4
1402 1.000000 4
1407 1.000000 5
1412 1.000000 5
1417 1.000000 5
1420 -1.000000 3
1423 -1.000000 3
1428 1.000000 5
1433 0.000000 5
1438 1.000000 5
1442 1.000000 4
1446 1.000000 4
1449 1.000000 3
1454 1.000000 5
1458 1.000000 4
1463 0.000000 5
1468 1.000000 5
1472 1.000000 4
1475 -1.000000 3
1478 1.000000 3
1483 0.000000 5
1487 1.000000 4
1491 1.000000 4
1496 0.000000 5
1501 1.000000 5
1506 1.000000 5
1510 1.000000 4
1515 1.000000 5
1519 -1.000000 4
1523 1.000000 4
1526 1.000000 3
1531 1.000000 5
1534 -1.000000 3
1539 1.000000 5
1543 1.000000 4
1548 1.000000 5
1553 1.000000 5
1556 1.000000 3
1560 1.000000 4
1563 1.000000 3
1566 1.000000 3
1571 1.000000 5
1574 -1.000000 3
1578 -1.000000 4
1581 1.000000 3
1585 -1.000000 4
1590 1.000000 5
1595 1.000000 5
1600 0.000000 5
1604 -1.000000 4
1608 -1.000000 4
1612 1.000000 4
1616 1.000000 4
1619 1.000000 3
1622 -1.000000 3
1627 1.000000 5
1632 1.000000 5
1636 -1.000000 4
1641 1.000000 5
1645 1.000000 4
1648 -1.000000 3
1652 1.000000 4
1655 -1.000000 3
1659 1.000000 4
1664 1.000000 5
1667 -1.000000 3
1671 1.000000 4
1675 1.000000 4
1679 1.000000 4
1683 1.000000 4
1688 0.000000 5
1691 1.000000 3
1695 -1.000000 4
1700 1.000000 5
1704 1.000000 4
1708 1.000000 4
1713 0.000000 5
1716 1.000000 3
1721 0.000000 5
1726 0.000000 5
1730 1.000000 4
1734 1.000000 4
1739 0.000000 5
1743 1.000000 4
1748 1.000000 5
1752 -1.000000 4
1756 1.000000 4
1760 1.000000 4
1764 -1.000000 4
1769 0.000000 5
1774 1.000000 5
1778 -1.000000 4
1782 -1.000000 4
1786 1.000000 4
1790 1.000000 4
1794 1.000000 4
1798 1.000000 4
1803 1.000000 5
1808 1.000000 5
1812 -1.000000 4
1816 1.000000 4
1821 0.000000 5
1825 1.000000 4
1830 1.000000 5
1834 -1.000000 4
1837 1.000000 3
1841 1.000000 4
1845 -1.000000 4
1849 1.000000 4
1854 1.000000 5
1859 1.000000 5
1863 1.000000 4
1867 -1.000000 4
1872 1.000000 5
1875 -1.000000 3
1880 1.000000 5
1885 0.000000 5
1890 0.000000 5
1894 -1.000000 4
1898 1.000000 4
1903 1.000000 5
1907 -1.000000 4
1912 1.000000 5
1916 -1.000000 4
1921 1.000000 5
1925 1.000000 4
1929 -1.000000 4
1933 -1.000000 4
1938 1.000000 5
1941 1.000000 3
1946 1.000000 5
1951 1.000000 5
1954 -1.000000 3
1958 1.000000 4
1962 -1.000000 4
1966 -1.000000 4
1970 1.000000 4
1975 0.000000 5
1979 -1.000000 4
1983 1.000000 4
1987 -1.000000 4
1992 1.000000 5
1996 -1.000000 4
2001 1.000000 5
2004 -1.000000 3
2007 -1.000000 3
2010 -1.000000 3
2013 -1.000000 3
2016 -1.000000 3
2019 -1.000000 3
2022 -1.000000 3
2025 -1.000000 3
2028 -1.000000 3
2031 -1.000000 3
2034 -1.000000 3
2037 -1.000000 3
2040 -1.000000 3
2043 -1.000000 3
2046 -1.000000 3
2049 -1.000000 3
2052 -1.000000 3
2055 -1.000000 3
2058 -1.000000 3
2061 -1.000000 3
2064 -1.000000 3
2067 -1.000000 3
2070 -1.000000 3
2073 -1.000000 3
2076 -1.000000 3
2079 -1.000000 3
2082 -1.000000 3
2085 -1.000000 3
2088 -1.000000 3
2091 -1.000000 3
2094 -1.000000 3
2097 -1.000000 3
2100 -1.000000 3
2103 -1.000000 3
2106 -1.000000 3
2109 -1.000000 3
2112 -1.000000 3
2115 -1.000000 3
2118 -1.000000 3
2121 -1.000000 3
2124 -1.000000 3
2127 -1.000000 3
2130 -1.000000 3
2133 -1.000000 3
2136 -1.000000 3
2139 -1.000000 3
2142 -1.000000 3
2145 -1.000000 3
2148 -1.000000 3
2151 -1.000000 3
2154 -1.000000 3
2157 -1.000000 3
2160 -1.000000 3
2163 -1.000000 3
2166 -1.000000 3
2169 -1.000000 3
2172 -1.000000 3
2175 -1.000000 3
2178 -1.000000 3
2181 -1.000000 3
2184 -1.000000 3
2187 -1.000000 3
2190 -1.000000 3
2193 -1.000000 3
2196 -1.000000 3
2199 -1.000000 3
2202 -1.000000 3
2205 -1.000000 3
2208 -1.000000 3
2211 -1.000000 3
2214 -1.000000 3
2217 -1.000000 3
2220 -1.000000 3
2223 -1.000000 3
2226 -1.000000 3
2229 -1.000000 3
2232 -1.000000 3
2235 -1.000000 3
2238 -1.000000 3
2241 -1.000000 3
2244 -1.000000 3
2247 -1.000000 3
2250 -1.000000 3
2253 -1.000000 3
2256 -1.000000 3
2259 -1.000000 3
2262 -1.000000 3
2265 -1.000000 3
2268 -1.000000 3
2271 -1.000000 3
2274 -1.000000 3
2277 -1.000000 3
2280 -1.000000 3
2283 -1.000000 3
2286 -1.000000 3
2289 -1.000000 3
2292 -1.000000 3
2295 -1.000000 3
2298 -1.000000 3
2301 -1.000000 3
2304 -1.000000 3
2307 -1.000000 3
2310 -1.000000 3
2313 -1.000000 3
2316 -1.000000 3
2319 -1.000000 3
2322 -1.000000 3
2325 -1.000000 3
2328 -1.000000 3
2331 -1.000000 3
2334 -1.000000 3
2337 -1.000000 3
2340 -1.000000 3
2343 -1.000000 3
2346 -1.000000 3
2349 -1.000000 3
2352 -1.000000 3
2355 -1.000000 3
2358 -1.000000 3
2361 -1.000000 3
2364 -1.000000 3
2367 -1.000000 3
2370 -1.000000 3
2373 -1.000000 3
2376 -1.000000 3
2379 -1.000000 3
2382 -1.000000 3
2385 -1.000000 3
2388 -1.000000 3
2391 -1.000000 3
2394 -1.000000 3
2397 -1.000000 3
2400 -1.000000 3
2403 -1.000000 3
2406 -1.000000 3
2409 -1.000000 3
2412 -1.000000 3
2415 -1.000000 3
2418 -1.000000 3
2421 -1.000000 3
2424 -1.000000 3
2427 -1.000000 3
2430 -1.000000 3
2433 -1.000000 3
2436 -1.000000 3
2439 -1.000000 3
2442 -1.000000 3
2445 -1.000000 3
2448 -1.000000 3
2451 -1.000000 3
2454 -1.000000 3
2457 -1.000000 3
2460 -1.000000 3
2463 -1.000000 3
2466 -1.000000 3
2469 -1.000000 3
2472 -1.000000 3
2475 -1.000000 3
2478 -1.000000 3
2481 -1.000000 3
2484 -1.000000 3
2487 -1.000000 3
2490 -1.000000 3
2493 -1.000000 3
2496 -1.000000 3
2499 -1.000000 3
2502 -1.000000 3
2505 -1.000000 3
2508 -1.000000 3
2511 -1.000000 3
2514 -1.000000 3
2517 -1.000000 3
2520 -1.000000 3
2523 -1.000000 3
2526 -1.000000 3
2529 -1.000000 3
2532 -1.000000 3
2535 -1.000000 3
2538 -1.000000 3
2541 -1.000000 3
2544 -1.000000 3
2547 -1.000000 3
2550 -1.000000 3
2553 -1.000000 3
2556 -1.000000 3
2559 -1.000000 3
2562 -1.000000 3
2565 -1.000000 3
2568 -1.000000 3
2571 -1.000000 3
2574 -1.000000 3
2577 -1.000000 3
2580 -1.000000 3
2583 -1.000000 3
2586 -1.000000 3
2589 -1.000000 3
2592 -1.000000 3
2595 -1.000000 3
2598 -1.000000 3
2601 -1.000000 3
2604 -1.000000 3
2607 -1.000000 3
2610 -1.000000 3
2613 -1.000000 3
2616 -1.000000 3
2619 -1.000000 3
2622 -1.000000 3
2625 -1.000000 3
2628 -1.000000 3
2631 -1.000000 3
2634 -1.000000 3
2637 -1.000000 3
2640 -1.000000 3
2643 -1.000000 3
2646 -1.000000 3
2649 -1.000000 3
2652 -1.000000 3
2655 -1.000000 3
2658 -1.000000 3
2661 -1.000000 3
2664 -1.000000 3
2667 -1.000000 3
2670 -1.000000 3
2673 -1.000000 3
2676 -1.000000 3
2679 -1.000000 3
2682 -1.000000 3
2685 -1.000000 3
2688 -1.000000 3
2691 -1.000000 3
2694 -1.000000 3
2697 -1.000000 3
2700 -1.000000 3
2703 -1.000000 3
2706 -1.000000 3
2709 -1.000000 3
2712 -1.000000 3
2715 -1.000000 3
2718 -1.000000 3
2721 -1.000000 3
2724 -1.000000 3
2727 -1.000000 3
2730 -1.000000 3
2733 -1.000000 3
2736 -1.000000 3
2739 -1.000000 3
2742 -1.000000 3
2745 -1.000000 3
2748 -1.000000 3
2751 -1.000000 3
2754 -1.000000 3
2757 -1.000000 3
2760 -1.000000 3
2763 -1.000000 3
2766 -1.000000 3
2769 -1.000000 3
2772 -1.000000 3
2775 -1.000000 3
2778 -1.000000 3
2781 -1.000000 3
2784 -1.000000 3
2787 -1.000000 3
2790 -1.000000 3
2793 -1.000000 3
2796 -1.000000 3
2799 -1.000000 3
2802 -1.000000 3
2805 -1.000000 3
2808 -1.000000 3
2811 -1.000000 3
2814 -1.000000 3
2817 -1.000000 3
2820 -1.000000 3
2823 -1.000000 3
2826 -1.000000 3
2829 -1.000000 3
2832 -1.000000 3
2835 -1.000000 3
2838 -1.000000 3
2841 -1.000000 3
2844 -1.000000 3
2847 -1.000000 3
2850 -1.000000 3
2853 -1.000000 3
2856 -1.000000 3
2859 -1.000000 3
2862 -1.000000 3
2865 -1.000000 3
2868 -1.000000 3
2871 -1.000000 3
2874 -1.000000 3
2877 -1.000000 3
2880 -1.000000 3
2883 -1.000000 3
2886 -1.000000 3
2889 -1.000000 3
2892 -1.000000 3
2895 -1.000000 3
2898 -1.000000 3
2901 -1.000000 3
2904 -1.000000 3
2907 -1.000000 3
2910 -1.000000 3
2913 -1.000000 3
2916 -1.000000 3
2919 -1.000000 3
2922 -1.000000 3
2925 -1.000000 3
2928 -1.000000 3
2931 -1.000000 3
2934 -1.000000 3
2937 -1.000000 3
2940 -1.000000 3
2943 -1.000000 3
2946 -1.000000 3
2949 -1.000000 3
2952 -1.000000 3
2955 -1.000000 3
2958 -1.000000 3
2961 -1.000000 3
2964 -1.000000 3
2967 -1.000000 3
2970 -1.000000 3
2973 -1.000000 3
2976 -1.000000 3
2979 -1.000000 3
2982 -1.000000 3
2985 -1.000000 3
2988 -1.000000 3
2991 -1.000000 3
2994 -1.000000 3
2997 -1.000000 3
3000 -1.000000 3
3003 -1.000000 3
3006 1.000000 3
3009 1.000000 3
3012 1.000000 3
3015 1.000000 3
3018 1.000000 3
3021 1.000000 3
3024 1.000000 3
3027 1.000000 3
3030 1.000000 3
3033 1.000000 3
3036 1.000000 3
3039 1.000000 3
3042 1.000000 3
3045 1.000000 3
3048 1.000000 3
3051 1.000000 3
3054 1.000000 3
3057 1.000000 3
3060 1.000000 3
3063 1.000000 3
3066 1.000000 3
3069 1.000000 3
3072 1.000000 3
3075 1.000000 3
3078 1.000000 3
3081 1.000000 3
3084 1.000000 3
3087 1.000000 3
3090 1.000000 3
3093 1.000000 3
3096 1.000000 3
3099 1.000000 3
3102 1.000000 3
3105 1.000000 3
3108 1.000000 3
3111 1.000000 3
3114 1.000000 3
3117 1.000000 3
3120 1.000000 3
3123 1.000000 3
3126 1.000000 3
3129 1.000000 3
3132 1.000000 3
3135 1.000000 3
3138 1.000000 3
3141 1.000000 3
3144 1.000000 3
3147 1.000000 3
3150 1.000000 3
3153 1.000000 3
3156 1.000000 3
3159 1.000000 3
3162 1.000000 3
3165 1.000000 3
3168 1.000000 3
3171 1.000000 3
3174 1.000000 3
3177 1.000000 3
3180 1.000000 3
3183 1.000000 3
3186 1.000000 3
3189 1.000000 3
3192 1.000000 3
3195 1.000000 3
3198 1.000000 3
3201 1.000000 3
3204 1.000000 3
3207 1.000000 3
3210 1.000000 3
3213 1.000000 3
3216 1.000000 3
3219 1.000000 3
3223 1.000000 4
3226 1.000000 3
3229 1.000000 3
3232 1.000000 3
3235 1.000000 3
3238 1.000000 3
3241 1.000000 3
3244 1.000000 3
3247 1.000000 3
3250 1.000000 3
3253 1.000000 3
3256 1.000000 3
3259 1.000000 3
3262 1.000000 3
3265 1.000000 3
3268 1.000000 3
3271 1.000000 3
3274 1.000000 3
3277 1.000000 3
3280 1.000000 3
3283 1.000000 3
3286 1.000000 3
3289 1.000000 3
3292 1.000000 3
3295 1.000000 3
3298 1.000000 3
3301 1.000000 3
3304 1.000000 3
3307 1.000000 3
3310 1.000000 3
3313 1.000000 3
3316 1.000000 3
3319 1.000000 3
3322 1.000000 3
3325 1.000000 3
3328 1.000000 3
3331 1.000000 3
3334 1.000000 3
3337 1.000000 3
3340 1.000000 3
3343 1.000000 3
3346 1.000000 3
3349 1.000000 3
3352 1.000000 3
3355 1.000000 3
3358 1.000000 3
3361 1.000000 3
3364 1.000000 3
3367 1.000000 3
3370 1.000000 3
3373 1.000000 3
3376 1.000000 3
3379 1.000000 3
3382 1.000000 3
3385 1.000000 3
3388 1.000000 3
3391 1.000000 3
3394 1.000000 3
3397 1.000000 3
3400 1.000000 3
3403 1.000000 3
3406 1.000000 3
3409 1.000000 3
3412 1.000000 3
3415 1.000000 3
3418 1.000000 3
3421 1.000000 3
3424 1.000000 3
3427 1.000000 3
3430 1.000000 3
3433 1.000000 3
3436 1.000000 3
3439 1.000000 3
3442 1.000000 3
3445 1.000000 3
3448 1.000000 3
3451 1.000000 3
3454 1.000000 3
3457 1.000000 3
3460 1.000000 3
3463 1.000000 3
3466 1.000000 3
3469 1.000000 3
3472 1.000000 3
3475 1.000000 3
3478 1.000000 3
3481 1.000000 3
3484 1.000000 3
3487 1.000000 3
3490 1.000000 3
3493 1.000000 3
3496 1.000000 3
3499 1.000000 3
3502 1.000000 3
3505 1.000000 3
3508 1.000000 3
3511 1.000000 3
3514 1.000000 3
3517 1.000000 3
3520 1.000000 3
3523 1.000000 3
3526 1.000000 3
3529 1.000000 3
3532 1.000000 3
3535 1.000000 3
3538 1.000000 3
3541 1.000000 3
3544 1.000000 3
3547 1.000000 3
3550 1.000000 3
3553 1.000000 3
3556 1.000000 3
3559 1.000000 3
3562 1.000000 3
3565 1.000000 3
3568 1.000000 3
3571 1.000000 3
3574 1.000000 3
3577 1.000000 3
3580 1.000000 3
3583 1.000000 3
3586 1.000000 3
3589 1.000000 3
3592 1.000000 3
3595 1.000000 3
3598 1.000000 3
3601 1.000000 3
3604 1.000000 3
3607 1.000000 3
3610 1.000000 3
3613 1.000000 3
3616 1.000000 3
3619 1.000000 3
3622 1.000000 3
3625 1.000000 3
3628 1.000000 3
3631 1.000000 3
3634 1.000000 3
3637 1.000000 3
3640 1.000000 3
3643 1.000000 3
3646 1.000000 3
3649 1.000000 3
3652 1.000000 3
3655 1.000000 3
3658 1.000000 3
3661 1.000000 3
3664 1.000000 3
3667 1.000000 3
3670 1.000000 3
3673 1.000000 3
3676 1.000000 3
3679 1.000000 3
3682 1.000000 3
3685 1.000000 3
3688 1.000000 3
3691 1.000000 3
3694 1.000000 3
3697 1.000000 3
3700 1.000000 3
3703 1.000000 3
3706 1.000000 3
3709 1.000000 3
3712 1.000000 3
3715 1.000000 3
3718 1.000000 3
3721 1.000000 3
3724 1.000000 3
3727 1.000000 3
3730 1.000000 3
3733 1.000000 3
3736 1.000000 3
3739 1.000000 3
3742 1.000000 3
3745 1.000000 3
3748 1.000000 3
3751 1.000000 3
3754 1.000000 3
3757 1.000000 3
3760 1.000000 3
3763 1.000000 3
3766 1.000000 3
3769 1.000000 3
3772 1.000000 3
3775 1.000000 3
3778 1.000000 3
3781 1.000000 3
3784 1.000000 3
3787 1.000000 3
3790 1.000000 3
3793 1.000000 3
3796 1.000000 3
3799 1.000000 3
3802 1.000000 3
3805 1.000000 3
3808 1.000000 3
3811 1.000000 3
3814 1.000000 3
3817 1.000000 3
3820 1.000000 3
3823 1.000000 3
3826 1.000000 3
3829 1.000000 3
3832 1.000000 3
3835 1.000000 3
3838 1.000000 3
3841 1.000000 3
3844 1.000000 3
3847 1.000000 3
3850 1.000000 3
3853 1.000000 3
3856 1.000000 3
3859 1.000000 3
3862 1.000000 3
3865 1.000000 3
3868 1.000000 3
3871 1.000000 3
3874 1.000000 3
3877 1.000000 3
3880 1.000000 3
3883 1.000000 3
3888 0.000000 5
3891 1.000000 3
3894 1.000000 3
3897 1.000000 3
3900 1.000000 3
3903 1.000000 3
3906 1.000000 3
3909 1.000000 3
3912 1.000000 3
3915 1.000000 3
3918 1.000000 3
3921 1.000000 3
3924 1.000000 3
3927 1.000000 3
3930 1.000000 3
3933 1.000000 3
3936 1.000000 3
3939 1.000000 3
3942 1.000000 3
3945 1.000000 3
3948 1.000000 3
3951 1.000000 3
3954 1.000000 3
3957 1.000000 3
3960 1.000000 3
3963 1.000000 3
3966 1.000000 3
3969 1.000000 3
3972 1.000000 3
3975 1.000000 3
3978 1.000000 3
3981 1.000000 3
3984 1.000000 3
3987 1.000000 3
3990 1.000000 3
3993 1.000000 3
3996 1.000000 3
3999 1.000000 3
4002 1.000000 3
4005 1.000000 3
4008 1.000000 3
4011 1.000000 3
4014 1.000000 3
4017 1.000000 3
4020 1.000000 3
4023 1.000000 3
4026 1.000000 3
4029 1.000000 3
4032 1.000000 3
4035 1.000000 3
4038 1.000000 3
4041 1.000000 3
4044 1.000000 3
4047 1.000000 3
4050 1.000000 3
4053 1.000000 3
4056 1.000000 3
4059 1.000000 3
4062 1.000000 3
4065 1.000000 3
4068 1.000000 3
4071 1.000000 3
4074 1.000000 3
4077 1.000000 3
4080 1.000000 3
4083 1.000000 3
4086 1.000000 3
4089 1.000000 3
4092 1.000000 3
4095 1.000000 3
4098 1.000000 3
4101 1.000000 3
4104 1.000000 3
4107 1.000000 3
4110 1.000000 3
4113 1.000000 3
4116 1.000000 3
4119 1.000000 3
4122 1.000000 3
4125 1.000000 3
4128 1.000000 3
4131 1.000000 3
4134 1.000000 3
4137 1.000000 3
4140 1.000000 3
4143 1.000000 3
4146 1.000000 3
4149 1.000000 3
4152 1.000000 3
4155 1.000000 3
4158 1.000000 3
4161 1.000000 3
4164 1.000000 3
4167 1.000000 3
4170 1.000000 3
4173 1.000000 3
4176 1.000000 3
4179 1.000000 3
4182 1.000000 3
4185 1.000000 3
4188 1.000000 3
4191 1.000000 3
4194 1.000000 3
4197 1.000000 3
4200 1.000000 3
4203 1.000000 3
4206 1.000000 3
4209 1.000000 3
4212 1.000000 3
4215 1.000000 3
4218 1.000000 3
4221 1.000000 3
4224 1.000000 3
4227 1.000000 3
4230 1.000000 3
4233 1.000000 3
4236 1.000000 3
4239 1.000000 3
4242 1.000000 3
4245 1.000000 3
4248 1.000000 3
4251 1.000000 3
4254 1.000000 3
4257 1.000000 3
4260 1.000000 3
4263 1.000000 3
4266 1.000000 3
4269 1.000000 3
4272 1.000000 3
4275 1.000000 3
4278 1.000000 3
4281 1.000000 3
4284 1.000000 3
4287 1.000000 3
4290 1.000000 3
4293 1.000000 3
4296 1.000000 3
4299 1.000000 3
4302 1.000000 3
4305 1.000000 3
4308 1.000000 3
4311 1.000000 3
4314 1.000000 3
4317 1.000000 3
4320 1.000000 3
4323 1.000000 3
4326 1.000000 3
4329 1.000000 3
4332 1.000000 3
4335 1.000000 3
4338 1.000000 3
4341 1.000000 3
4344 1.000000 3
4347 1.000000 3
4350 1.000000 3
4353 1.000000 3
4356 1.000000 3
4359 1.000000 3
4362 1.000000 3
4365 1.000000 3
4368 1.000000 3
4371 1.000000 3
4374 1.000000 3
4377 1.000000 3
4380 1.000000 3
4383 1.000000 3
4386 1.000000 3
4389 1.000000 3
4392 1.000000 3
4395 1.000000 3
4398 1.000000 3
4401 1.000000 3
4404 1.000000 3
4407 1.000000 3
4410 1.000000 3
4413 1.000000 3
4416 1.000000 3
4419 1.000000 3
4422 1.000000 3
4425 1.000000 3
4428 1.000000 3
4431 1.000000 3
4434 1.000000 3
4437 1.000000 3
4440 1.000000 3
4443 1.000000 3
4446 1.000000 3
4449 1.000000 3
4452 1.000000 3
4455 1.000000 3
4458 1.000000 3
4461 1.000000 3
4464 1.000000 3
4467 1.000000 3
4470 1.000000 3
4473 1.000000 3
4476 1.000000 3
4479 1.000000 3
4482 1.000000 3
4485 1.000000 3
4488 1.000000 3
4491 1.000000 3
4494 1.000000 3
4497 1.000000 3
4500 1.000000 3
4503 1.000000 3
4506 1.000000 3
4509 1.000000 3
4512 1.000000 3
4515 1.000000 3
4518 1.000000 3
4521 1.000000 3
4524 1.000000 3
4527 1.000000 3
4530 1.000000 3
4533 1.000000 3
4536 1.000000 3
4539 1.000000 3
4542 1.000000 3
4545 1.000000 3
4548 1.000000 3
4551 1.000000 3
4554 1.000000 3
4557 1.000000 3
4560 1.000000 3
4563 1.000000 3
4566 1.000000 3
4569 1.000000 3
4572 1.000000 3
4575 1.000000 3
4578 1.000000 3
4581 1.000000 3
4584 1.000000 3
4587 1.000000 3
4590 1.000000 3
4593 1.000000 3
4596 1.000000 3
4599 1.000000 3
4602 1.000000 3
4605 1.000000 3
4608 1.000000 3
4611 1.000000 3
4614 1.000000 3
4617 1.000000 3
4620 1.000000 3
4623 1.000000 3
4626 1.000000 3
4629 1.000000 3
4632 1.000000 3
4635 1.000000 3
4638 1.000000 3
4641 1.000000 3
4644 1.000000 3
4647 1.000000 3
4650 1.000000 3
4653 1.000000 3
4656 1.000000 3
4659 1.000000 3
4662 1.000000 3
4665 1.000000 3
4668 1.000000 3
4671 1.000000 3
4674 1.000000 3
4677 1.000000 3
4680 1.000000 3
4683 1.000000 3
4686 1.000000 3
4689 1.000000 3
4692 1.000000 3
4695 1.000000 3
4699 1.000000 4
4702 1.000000 3
4705 1.000000 3
4708 1.000000 3
4711 1.000000 3
4714 1.000000 3
4719 1.000000 5
4722 1.000000 3
4725 1.000000 3
4728 1.000000 3
4731 1.000000 3
4734 1.000000 3
4737 1.000000 3
4740 1.000000 3
4743 1.000000 3
4746 1.000000 3
4749 1.000000 3
4752 1.000000 3
4755 1.000000 3
4758 1.000000 3
4761 1.000000 3
4764 1.000000 3
4767 1.000000 3
4770 1.000000 3
4773 1.000000 3
4776 1.000000 3
4779 1.000000 3
4782 1.000000 3
4785 1.000000 3
4788 1.000000 3
4791 1.000000 3
4794 1.000000 3
4797 1.000000 3
4800 1.000000 3
4803 1.000000 3
4806 1.000000 3
4809 1.000000 3
4812 1.000000 3
4815 1.000000 3
4818 1.000000 3
4821 1.000000 3
4824 1.000000 3
4827 1.000000 3
4830 1.000000 3
4833 1.000000 3
4836 1.000000 3
4839 1.000000 3
4842 1.000000 3
4845 1.000000 3
4848 1.000000 3
4851 1.000000 3
4854 1.000000 3
4857 1.000000 3
4860 1.000000 3
4863 1.000000 3
4866 1.000000 3
4869 1.000000 3
4872 1.000000 3
4875 1.000000 3
4878 1.000000 3
4881 1.000000 3
4884 1.000000 3
4887 1.000000 3
4890 1.000000 3
4893 1.000000 3
4896 1.000000 3
4899 1.000000 3
4902 1.000000 3
4905 1.000000 3
4908 1.000000 3
4911 1.000000 3
4914 1.000000 3
4917 1.000000 3
4920 1.000000 3
4923 1.000000 3
4926 1.000000 3
4929 1.000000 3
4932 1.000000 3
4935 1.000000 3
4938 1.000000 3
4941 1.000000 3
4944 1.000000 3
4947 1.000000 3
4950 1.000000 3
4953 1.000000 3
4956 1.000000 3
4959 1.000000 3
4962 1.000000 3
4965 1.000000 3
4968 1.000000 3
4971 1.000000 3
4974 1.000000 3
4977 1.000000 3
4980 1.000000 3
4983 1.000000 3
4986 1.000000 3
4989 1.000000 3
4992 1.000000 3
4995 1.000000 3
4998 1.000000 3
5001 1.000000 3
5004 1.000000 3
5007 1.000000 3
5012 1.000000 5
5016 -1.000000 4
5019 -1.000000 3
5023 -1.000000 4
5027 1.000000 4
5031 1.000000 4
5034 -1.000000 3
5038 1.000000 4
5043 1.000000 5
5046 -1.000000 3
5050 -1.000000 4
5054 -1.000000 4
5057 1.000000 3
5061 -1.000000 4
5066 1.000000 5
5071 1.000000 5
5074 -1.000000 3
5079 1.000000 5
5083 1.000000 4
5088 1.000000 5
5091 1.000000 3
5095 -1.000000 4
5100 1.000000 5
5105 1.000000 5
5109 1.000000 4
5114 1.000000 5
5119 1.000000 5
5124 1.000000 5
5128 1.000000 4
5133 0.000000 5
5138 0.000000 5
5143 1.000000 5
5146 1.000000 3
5151 1.000000 5
5155 -1.000000 4
5158 1.000000 3
5162 1.000000 4
5167 0.000000 5
5171 1.000000 4
5176 1.000000 5
5180 -1.000000 4
5183 -1.000000 3
5187 1.000000 4
5191 1.000000 4
5194 1.000000 3
5198 -1.000000 4
5202 1.000000 4
5206 1.000000 4
5209 1.000000 3
5214 1.000000 5
5219 1.000000 5
5223 1.000000 4
5228 1.000000 5
5232 -1.000000 4
5236 -1.000000 4
5239 1.000000 3
5244 0.000000 5
5249 0.000000 5
5253 1.000000 4
5257 -1.000000 4
5262 0.000000 5
5266 -1.000000 4
5270 -1.000000 4
5275 1.000000 5
5279 1.000000 4
5282 -1.000000 3
5285 1.000000 3
5290 1.000000 5
5295 1.000000 5
5299 1.000000 4
5303 -1.000000 4
5307 -1.000000 4
5311 1.000000 4
5316 0.000000 5
5321 1.000000 5
5325 1.000000 4
5330 0.000000 5
5335 0.000000 5
5339 1.000000 4
5344 1.000000 5
5349 1.000000 5
5354 1.000000 5
5359 0.000000 5
5363 -1.000000 4
5368 0.000000 5
5372 -1.000000 4
5376 1.000000 4
5381 1.000000 5
5385 1.000000 4
5389 1.000000 4
5393 -1.000000 4
5398 0.000000 5
5402 1.000000 4
5407 1.000000 5
5412 1.000000 5
5415 1.000000 3
5420 1.000000 5
5423 1.000000 3
5428 1.000000 5
5431 1.000000 3
5436 1.000000 5
5440 -1.000000 4
5445 1.000000 5
5450 1.000000 5
5455 1.000000 5
5458 -1.000000 3
5463 1.000000 5
5467 1.000000 4
5472 0.000000 5
5476 1.000000 4
5481 0.000000 5
5486 1.000000 5
5491 0.000000 5
5495 1.000000 4
5499 1.000000 4
5503 -1.000000 4
5508 1.000000 5
5512 1.000000 4
5516 1.000000 4
5520 -1.000000 4
5524 1.000000 4
5529 1.000000 5
5534 1.000000 5
5539 1.000000 5
5542 1.000000 3
5545 -1.000000 3
5549 1.000000 4
5554 1.000000 5
5559 0.000000 5
5563 1.000000 4
5566 -1.000000 3
5569 -1.000000 3
5574 1.000000 5
5578 1.000000 4
5582 -1.000000 4
5586 -1.000000 4
5590 1.000000 4
5594 -1.000000 4
5599 1.000000 5
5604 1.000000 5
5608 1.000000 4
5613 1.000000 5
5617 1.000000 4
5622 0.000000 5
5625 -1.000000 3
5630 1.000000 5
5634 1.000000 4
5637 1.000000 3
5641 1.000000 4
5644 1.000000 3
5647 -1.000000 3
5652 0.000000 5
5657 1.000000 5
5660 1.000000 3
5665 0.000000 5
5670 0.000000 5
5673 -1.000000 3
5678 0.000000 5
5682 -1.000000 4
5687 0.000000 5
5692 1.000000 5
5696 1.000000 4
5700 1.000000 4
5704 1.000000 4
5707 1.000000 3
5711 1.000000 4
5715 -1.000000 4
5720 1.000000 5
5723 -1.000000 3
5727 1.000000 4
5731 1.000000 4
5735 1.000000 4
5740 1.000000 5
5744 1.000000 4
5748 1.000000 4
5753 1.000000 5
5756 1.000000 3
5761 0.000000 5
5766 1.000000 5
5770 -1.000000 4
5775 1.000000 5
5780 0.000000 5
5784 -1.000000 4
5788 -1.000000 4
5792 1.000000 4
5797 1.000000 5
5801 1.000000 4
5806 1.000000 5
5811 0.000000 5
5814 -1.000000 3
5818 -1.000000 4
5822 1.000000 4
5827 1.000000 5
5831 1.000000 4
5835 1.000000 4
5840 0.000000 5
5845 0.000000 5
5849 1.000000 4
5852 -1.000000 3
5856 -1.000000 4
5860 1.000000 4
5864 -1.000000 4
5868 1.000000 4
5871 1.000000 3
5874 1.000000 3
5879 0.000000 5
5882 -1.000000 3
5886 1.000000 4
5891 0.000000 5
5896 0.000000 5
5901 1.000000 5
5905 1.000000 4
5910 1.000000 5
5914 -1.000000 4
5917 1.000000 3
5921 1.000000 4
5926 1.000000 5
5930 -1.000000 4
5935 0.000000 5
5938 -1.000000 3
5943 1.000000 5
5947 -1.000000 4
5952 1.000000 5
5957 1.000000 5
5960 -1.000000 3
5964 1.000000 4
5968 1.000000 4
5972 -1.000000 4
5976 1.000000 4
5979 -1.000000 3
5983 -1.000000 4
5988 1.000000 5
5992 -1.000000 4
5995 1.000000 3
6000 1.000000 5
6003 -1.000000 3
6008 1.000000 5
6012 -1.000000 4
6017 1.000000 5
6021 1.000000 4
6025 -1.000000 4
6028 1.000000 3
6031 -1.000000 3
6035 1.000000 4
6039 1.000000 4
6042 1.000000 3
6046 1.000000 4
6050 -1.000000 4
6055 1.000000 5
6059 1.000000 4
6064 0.000000 5
6069 1.000000 5
6073 -1.000000 4
6076 -1.000000 3
6079 1.000000 3
6082 -1.000000 3
6085 -1.000000 3
6089 1.000000 4
6092 -1.000000 3
6097 1.000000 5
6102 1.000000 5
6106 -1.000000 4
6111 0.000000 5
6115 1.000000 4
6120 0.000000 5
6125 1.000000 5
6129 1.000000 4
6134 0.000000 5
6137 1.000000 3
6141 -1.000000 4
6144 1.000000 3
6148 1.000000 4
6152 1.000000 4
6156 1.000000 4
6160 1.000000 4
6164 -1.000000 4
6168 1.000000 4
6173 1.000000 5
6176 -1.000000 3
6180 -1.000000 4
6183 -1.000000 3
6187 -1.000000 4
6191 1.000000 4
6195 -1.000000 4
6200 1.000000 5
6204 -1.000000 4
6207 1.000000 3
6210 1.000000 3
6213 -1.000000 3
6218 1.000000 5
6221 1.000000 3
6224 1.000000 3
6227 -1.000000 3
6232 0.000000 5
6236 -1.000000 4
6240 -1.000000 4
6245 1.000000 5
6250 1.000000 5
6255 1.000000 5
6260 1.000000 5
6263 1.000000 3
6267 1.000000 4
6271 1.000000 4
6276 0.000000 5
6280 1.000000 4
6285 1.000000 5
6288 -1.000000 3
6292 1.000000 4
6295 1.000000 3
6298 1.000000 3
6302 -1.000000 4
6307 1.000000 5
6311 -1.000000 4
6315 -1.000000 4
6320 1.000000 5
6324 -1.000000 4
6329 1.000000 5
6332 1.000000 3
6336 1.000000 4
6340 1.000000 4
6345 1.000000 5
6348 -1.000000 3
6351 -1.000000 3
6356 1.000000 5
6360 1.000000 4
6364 -1.000000 4
6369 0.000000 5
6373 1.000000 4
6377 1.000000 4
6381 -1.000000 4
6386 0.000000 5
6391 1.000000 5
6396 0.000000 5
6400 -1.000000 4
6405 1.000000 5
6409 1.000000 4
6413 -1.000000 4
6417 1.000000 4
6420 -1.000000 3
6423 1.000000 3
6427 -1.000000 4
6432 1.000000 5
6436 1.000000 4
6441 1.000000 5
6445 -1.000000 4
6450 1.000000 5
6454 -1.000000 4
6458 1.000000 4
6462 1.000000 4
6465 -1.000000 3
6470 0.000000 5
6474 1.000000 4
6478 1.000000 4
6483 1.000000 5
6487 1.000000 4
6490 -1.000000 3
6494 1.000000 4
6499 1.000000 5
6503 1.000000 4
6507 -1.000000 4
6511 -1.000000 4
6515 1.000000 4
6520 0.000000 5
6524 1.000000 4
6528 1.000000 4
6532 1.000000 4
6535 1.000000 3
6539 1.000000 4
6542 -1.000000 3
6546 -1.000000 4
6551 0.000000 5
6556 1.000000 5
6559 -1.000000 3
6562 1.000000 3
6566 -1.000000 4
6571 1.000000 5
6576 0.000000 5
6580 -1.000000 4
6584 -1.000000 4
6588 1.000000 4
6592 1.000000 4
6596 1.000000 4
6600 -1.000000 4
6604 -1.000000 4
6609 1.000000 5
6614 1.000000 5
6617 -1.000000 3
6622 0.000000 5
6626 1.000000 4
6631 0.000000 5
6636 1.000000 5
6640 1.000000 4
6645 1.000000 5
6649 1.000000 4
6654 1.000000 5
6657 -1.000000 3
6661 1.000000 4
6665 -1.000000 4
6669 1.000000 4
6673 -1.000000 4
6677 -1.000000 4
6681 1.000000 4
6685 -1.000000 4
6689 1.000000 4
6693 1.000000 4
6697 1.000000 4
6702 0.000000 5
6706 1.000000 4
6711 1.000000 5
6715 1.000000 4
6720 1.000000 5
6725 0.000000 5
6730 0.000000 5
6735 1.000000 5
6740 0.000000 5
6743 1.000000 3
6748 1.000000 5
6752 1.000000 4
6757 1.000000 5
6762 0.000000 5
6766 1.000000 4
6770 1.000000 4
6774 -1.000000 4
6779 1.000000 5
6783 -1.000000 4
6787 1.000000 4
6792 1.000000 5
6795 -1.000000 3
6799 1.000000 4
6803 1.000000 4
6807 1.000000 4
6810 1.000000 3
6815 1.000000 5
6819 -1.000000 4
6822 -1.000000 3
6825 1.000000 3
6830 1.000000 5
6834 -1.000000 4
6838 -1.000000 4
6842 1.000000 4
6846 1.000000 4
6850 1.000000 4
6855 1.000000 5
6858 -1.000000 3
6863 0.000000 5
6867 -1.000000 4
6870 -1.000000 3
6875 1.000000 5
6879 1.000000 4
6883 1.000000 4
6888 1.000000 5
6892 -1.000000 4
6896 1.000000 4
6899 -1.000000 3
6903 1.000000 4
6907 -1.000000 4
6911 -1.000000 4
6915 1.000000 4
6918 1.000000 3
6923 0.000000 5
6926 1.000000 3
6930 -1.000000 4
6933 1.000000 3
6937 -1.000000 4
6940 1.000000 3
6944 1.000000 4
6949 1.000000 5
6954 1.000000 5
6957 -1.000000 3
6962 0.000000 5
6967 1.000000 5
6970 1.000000 3
6975 1.000000 5
6979 1.000000 4
6983 1.000000 4
6988 1.000000 5
6991 1.000000 3
6996 0.000000 5
7001 1.000000 5
7004 1.000000 3
7009 0.000000 5
7012 -1.000000 3
7015 -1.000000 3
7018 -1.000000 3
7021 -1.000000 3
7024 -1.000000 3
7027 -1.000000 3
7030 -1.000000 3
7033 -1.000000 3
7036 -1.000000 3
7039 -1.000000 3
7042 -1.000000 3
7045 -1.000000 3
7048 -1.000000 3
7051 -1.000000 3
7054 -1.000000 3
7057 -1.000000 3
7060 -1.000000 3
7063 -1.000000 3
7066 -1.000000 3
7069 -1.000000 3
7072 -1.000000 3
7075 -1.000000 3
7078 -1.000000 3
7081 -1.000000 3
7084 -1.000000 3
7087 -1.000000 3
7090 -1.000000 3
7093 -1.000000 3
7096 -1.000000 3
7099 -1.000000 3
7102 -1.000000 3
7105 -1.000000 3
7108 -1.000000 3
7111 -1.000000 3
7114 -1.000000 3
7117 -1.000000 3
7120 -1.000000 3
7123 -1.000000 3
7126 -1.000000 3
7129 -1.000000 3
7132 -1.000000 3
7135 -1.000000 3
7138 -1.000000 3
7141 -1.000000 3
7144 -1.000000 3
7147 -1.000000 3
7150 -1.000000 3
7153 -1.000000 3
7156 -1.000000 3
7159 -1.000000 3
7162 -1.000000 3
7165 -1.000000 3
7168 -1.000000 3
7171 -1.000000 3
7174 -1.000000 3
7177 -1.000000 3
7180 -1.000000 3
7183 -1.000000 3
7186 -1.000000 3
7189 -1.000000 3
7192 -1.000000 3
7195 -1.000000 3
7198 -1.000000 3
7201 -1.000000 3
7204 -1.000000 3
7207 -1.000000 3
7210 -1.000000 3
7213 -1.000000 3
7216 -1.000000 3
7219 -1.000000 3
7222 -1.000000 3
7225 -1.000000 3
7228 -1.000000 3
7231 -1.000000 3
7234 -1.000000 3
7237 -1.000000 3
7240 -1.000000 3
7243 -1.000000 3
7246 -1.000000 3
7249 -1.000000 3
7252 -1.000000 3
7255 -1.000000 3
7258 -1.000000 3
7261 -1.000000 3
7264 -1.000000 3
7267 -1.000000 3
7270 -1.000000 3
7273 -1.000000 3
7276 -1.000000 3
7279 -1.000000 3
7282 -1.000000 3
7285 -1.000000 3
7288 -1.000000 3
7291 -1.000000 3
7294 -1.000000 3
7297 -1.000000 3
7300 -1.000000 3
7303 -1.000000 3
7306 -1.000000 3
7309 -1.000000 3
7312 -1.000000 3
7315 -1.000000 3
7318 -1.000000 3
7321 -1.000000 3
7324 -1.000000 3
7327 -1.000000 3
7330 -1.000000 3
7333 -1.000000 3
7336 -1.000000 3
7339 -1.000000 3
7342 -1.000000 3
7345 -1.000000 3
7348 -1.000000 3
7351 -1.000000 3
7354 -1.000000 3
7357 -1.000000 3
7360 -1.000000 3
7363 -1.000000 3
7366 -1.000000 3
7369 -1.000000 3
7372 -1.000000 3
7375 -1.000000 3
7378 -1.000000 3
7381 -1.000000 3
7384 -1.000000 3
7387 -1.000000 3
7390 -1.000000 3
7393 -1.000000 3
7396 -1.000000 3
7399 -1.000000 3
7402 -1.000000 3
7405 -1.000000 3
7408 -1.000000 3
7411 -1.000000 3
7414 -1.000000 3
7417 -1.000000 3
7420 -1.000000 3
7423 -1.000000 3
7426 -1.000000 3
7429 -1.000000 3
7432 -1.000000 3
7435 -1.000000 3
7438 -1.000000 3
7441 -1.000000 3
7444 -1.000000 3
7447 -1.000000 3
7450 -1.000000 3
7453 -1.000000 3
7456 -1.000000 3
7459 -1.000000 3
7462 -1.000000 3
7465 -1.000000 3
7468 -1.000000 3
7471 -1.000000 3
7474 -1.000000 3
7477 -1.000000 3
7480 -1.000000 3
7483 -1.000000 3
7486 -1.000000 3
7489 -1.000000 3
7492 -1.000000 3
7495 -1.000000 3
7498 -1.000000 3
7501 -1.000000 3
7504 -1.000000 3
7507 -1.000000 3
7510 -1.000000 3
7513 -1.000000 3
7516 -1.000000 3
7519 -1.000000 3
7522 -1.000000 3
7525 -1.000000 3
7528 -1.000000 3
7531 -1.000000 3
7534 -1.000000 3
7537 -1.000000 3
7540 -1.000000 3
7543 -1.000000 3
7546 -1.000000 3
7549 -1.000000 3
7552 -1.000000 3
7555 -1.000000 3
7558 -1.000000 3
7561 -1.000000 3
7564 -1.000000 3
7567 -1.000000 3
7570 -1.000000 3
7573 -1.000000 3
7576 -1.000000 3
7579 -1.000000 3
7582 -1.000000 3
7585 -1.000000 3
7588 -1.000000 3
7591 -1.000000 3
7594 -1.000000 3
7597 -1.000000 3
7600 -1.000000 3
7603 -1.000000 3
7606 -1.000000 3
7609 -1.000000 3
7612 -1.000000 3
7615 -1.000000 3
7618 -1.000000 3
7621 -1.000000 3
7624 -1.000000 3
7627 -1.000000 3
7630 -1.000000 3
7633 -1.000000 3
7636 -1.000000 3
7639 -1.000000 3
7642 -1.000000 3
7645 -1.000000 3
7648 -1.000000 3
7651 -1.000000 3
7654 -1.000000 3
7657 -1.000000 3
7660 -1.000000 3
7663 -1.000000 3
7666 -1.000000 3
7669 -1.000000 3
7672 -1.000000 3
7675 -1.000000 3
7678 -1.000000 3
7681 -1.000000 3
7684 -1.000000 3
7687 -1.000000 3
7690 -1.000000 3
7693 -1.000000 3
7696 -1.000000 3
7699 -1.000000 3
7702 -1.000000 3
7705 -1.000000 3
7708 -1.000000 3
7711 -1.000000 3
7714 -1.000000 3
7717 -1.000000 3
7720 -1.000000 3
7723 -1.000000 3
7726 -1.000000 3
7729 -1.000000 3
7732 -1.000000 3
7735 -1.000000 3
7738 -1.000000 3
7741 -1.000000 3
7744 -1.000000 3
7747 -1.000000 3
7750 -1.000000 3
7753 -1.000000 3
7756 -1.000000 3
7759 -1.000000 3
7762 -1.000000 3
7765 -1.000000 3
7768 -1.000000 3
7771 -1.000000 3
7774 -1.000000 3
7777 -1.000000 3
7780 -1.000000 3
7783 -1.000000 3
7786 -1.000000 3
7789 -1.000000 3
7792 -1.000000 3
7795 -1.000000 3
7798 -1.000000 3
7801 -1.000000 3
7804 -1.000000 3
7807 -1.000000 3
7810 -1.000000 3
7813 -1.000000 3
7816 -1.000000 3
7819 -1.000000 3
7822 -1.000000 3
7825 -1.000000 3
7828 -1.000000 3
7831 -1.000000 3
7834 -1.000000 3
7837 -1.000000 3
7840 -1.000000 3
7843 -1.000000 3
7846 -1.000000 3
7849 -1.000000 3
7852 -1.000000 3
7855 -1.000000 3
7858 -1.000000 3
7861 -1.000000 3
7864 -1.000000 3
7867 -1.000000 3
7870 -1.000000 3
7873 -1.000000 3
7876 -1.000000 3
7879 -1.000000 3
7882 -1.000000 3
7885 -1.000000 3
7888 -1.000000 3
7891 -1.000000 3
7894 -1.000000 3
7897 -1.000000 3
7900 -1.000000 3
7903 -1.000000 3
7906 -1.000000 3
7909 -1.000000 3
7912 -1.000000 3
7915 -1.000000 3
7918 -1.000000 3
7921 -1.000000 3
7924 -1.000000 3
7927 -1.000000 3
7930 -1.000000 3
7933 -1.000000 3
7936 -1.000000 3
7939 -1.000000 3
7942 -1.000000 3
7945 -1.000000 3
7948 -1.000000 3
7951 -1.000000 3
7954 -1.000000 3
7957 -1.000000 3
7960 -1.000000 3
7963 -1.000000 3
7966 -1.000000 3
7969 -1.000000 3
7972 -1.000000 3
7975 -1.000000 3
7978 -1.000000 3
7981 -1.000000 3
7984 -1.000000 3
7987 -1.000000 3
7990 -1.000000 3
7993 -1.000000 3
7996 -1.000000 3
7999 -1.000000 3
8002 -1.000000 3
8005 -1.000000 3
8008 -1.000000 3
8011 -1.000000 3
8016 0.000000 5
8021 0.000000 5
8026 0.000000 5
8031 0.000000 5
8036 0.000000 5
8041 0.000000 5
8046 0.000000 5
8051 0.000000 5
8054 1.000000 3
8059 0.000000 5
8064 0.000000 5
8069 0.000000 5
8072 1.000000 3
8077 0.000000 5
8080 1.000000 3
8085 0.000000 5
8090 0.000000 5
8095 0.000000 5
8100 0.000000 5
8105 0.000000 5
8110 0.000000 5
8115 0.000000 5
8120 0.000000 5
8123 1.000000 3
8128 0.000000 5
8133 0.000000 5
8138 0.000000 5
8141 1.000000 3
8146 0.000000 5
8149 1.000000 3
8154 0.000000 5
8159 0.000000 5
8164 0.000000 5
8169 0.000000 5
8172 1.000000 3
8177 0.000000 5
8182 0.000000 5
8187 0.000000 5
8192 0.000000 5
8197 0.000000 5
8200 1.000000 3
8205 0.000000 5
8210 0.000000 5
8215 0.000000 5
8218 1.000000 3
8223 0.000000 5
8228 0.000000 5
8233 0.000000 5
8238 0.000000 5
8243 0.000000 5
8248 0.000000 5
8253 0.000000 5
8258 0.000000 5
8263 0.000000 5
8268 0.000000 5
8273 0.000000 5
8278 0.000000 5
8283 0.000000 5
8288 0.000000 5
8293 0.000000 5
8298 0.000000 5
8301 1.000000 3
8306 0.000000 5
8311 0.000000 5
8316 0.000000 5
8321 0.000000 5
8326 0.000000 5
8331 0.000000 5
8334 1.000000 3
8339 0.000000 5
8342 1.000000 3
8347 0.000000 5
8352 0.000000 5
8357 0.000000 5
8362 0.000000 5
8365 1.000000 3
8370 0.000000 5
8375 0.000000 5
8380 0.000000 5
8385 0.000000 5
8390 0.000000 5
8395 0.000000 5
8400 0.000000 5
8405 0.000000 5
8410 0.000000 5
8415 0.000000 5
8418 1.000000 3
8423 0.000000 5
8426 1.000000 3
8431 0.000000 5
8436 0.000000 5
8441 0.000000 5
8446 0.000000 5
8451 0.000000 5
8456 0.000000 5
8461 0.000000 5
8466 0.000000 5
8471 0.000000 5
8476 0.000000 5
8481 0.000000 5
8486 0.000000 5
8491 0.000000 5
8496 0.000000 5
8501 0.000000 5
8504 1.000000 3
8509 0.000000 5
8514 0.000000 5
8519 0.000000 5
8524 0.000000 5
8527 1.000000 3
8530 1.000000 3
8533 1.000000 3
8536 1.000000 3
8541 0.000000 5
8546 0.000000 5
8551 0.000000 5
8556 0.000000 5
8561 0.000000 5
8566 0.000000 5
8571 0.000000 5
8576 0.000000 5
8579 1.000000 3
8584 0.000000 5
8589 0.000000 5
8594 0.000000 5
8599 0.000000 5
8604 0.000000 5
8609 0.000000 5
8614 0.000000 5
8619 0.000000 5
8624 0.000000 5
8629 0.000000 5
8634 0.000000 5
8639 0.000000 5
8644 0.000000 5
8647 1.000000 3
8650 1.000000 3
8655 0.000000 5
8658 1.000000 3
8661 1.000000 3
8666 0.000000 5
8669 1.000000 3
8672 1.000000 3
8675 1.000000 3
8680 0.000000 5
8683 1.000000 3
8688 0.000000 5
8691 1.000000 3
8696 0.000000 5
8699 1.000000 3
8704 0.000000 5
8709 0.000000 5
8714 0.000000 5
8719 0.000000 5
8724 0.000000 5
8729 0.000000 5
8734 0.000000 5
8739 0.000000 5
8744 0.000000 5
8749 0.000000 5
8754 0.000000 5
8759 0.000000 5
8764 0.000000 5
8767 1.000000 3
8772 0.000000 5
8777 0.000000 5
8782 0.000000 5
8787 0.000000 5
8792 0.000000 5
8797 0.000000 5
8802 0.000000 5
8807 0.000000 5
8812 0.000000 5
8817 0.000000 5
8822 0.000000 5
8827 0.000000 5
8832 0.000000 5
8837 0.000000 5
8842 0.000000 5
8847 0.000000 5
8852 0.000000 5
8855 1.000000 3
8858 1.000000 3
8863 0.000000 5
8868 0.000000 5
8871 1.000000 3
8876 0.000000 5
8879 1.000000 3
8882 1.000000 3
8885 1.000000 3
8890 0.000000 5
8895 0.000000 5
8900 0.000000 5
8905 0.000000 5
8910 0.000000 5
8913 1.000000 3
8916 1.000000 3
8921 0.000000 5
8924 1.000000 3
8929 0.000000 5
8934 0.000000 5
8939 0.000000 5
8944 0.000000 5
8947 1.000000 3
8952 0.000000 5
8957 0.000000 5
8962 0.000000 5
8967 0.000000 5
8972 0.000000 5
8977 0.000000 5
8982 0.000000 5
8987 0.000000 5
8992 0.000000 5
8995 1.000000 3
9000 0.000000 5
9005 0.000000 5
9008 1.000000 3
9011 1.000000 3
9015 -1.000000 4
9020 0.000000 5
9024 -1.000000 4
9029 0.000000 5
9034 0.000000 5
9038 -1.000000 4
9042 -1.000000 4
9046 -1.000000 4
9050 -1.000000 4
9054 -1.000000 4
9058 -1.000000 4
9062 -1.000000 4
9067 0.000000 5
9072 0.000000 5
9077 0.000000 5
9082 0.000000 5
9086 -1.000000 4
9090 -1.000000 4
9094 -1.000000 4
9098 -1.000000 4
9103 0.000000 5
9108 0.000000 5
9113 0.000000 5
9118 0.000000 5
9122 -1.000000 4
9127 0.000000 5
9131 -1.000000 4
9135 -1.000000 4
9139 -1.000000 4
9143 -1.000000 4
9147 -1.000000 4
9151 -1.000000 4
9155 -1.000000 4
9159 -1.000000 4
9163 -1.000000 4
9167 -1.000000 4
9172 0.000000 5
9176 -1.000000 4
9180 -1.000000 4
9185 0.000000 5
9189 -1.000000 4
9193 -1.000000 4
9197 -1.000000 4
9201 -1.000000 4
9205 -1.000000 4
9209 -1.000000 4
9213 -1.000000 4
9217 -1.000000 4
9221 -1.000000 4
9225 -1.000000 4
9229 -1.000000 4
9233 -1.000000 4
9238 0.000000 5
9243 0.000000 5
9248 0.000000 5
9252 -1.000000 4
9256 -1.000000 4
9260 -1.000000 4
9265 0.000000 5
9269 -1.000000 4
9273 -1.000000 4
9278 0.000000 5
9282 -1.000000 4
9287 0.000000 5
9292 0.000000 5
9296 -1.000000 4
9301 0.000000 5
9306 0.000000 5
9311 0.000000 5
9316 0.000000 5
9320 -1.000000 4
9324 -1.000000 4
9329 0.000000 5
9333 -1.000000 4
9337 -1.000000 4
9341 -1.000000 4
9346 0.000000 5
9351 0.000000 5
9355 -1.000000 4
9360 0.000000 5
9364 -1.000000 4
9369 0.000000 5
9373 -1.000000 4
9377 -1.000000 4
9381 -1.000000 4
9385 -1.000000 4
9389 -1.000000 4
9393 -1.000000 4
9397 -1.000000 4
9402 0.000000 5
9406 -1.000000 4
9411 0.000000 5
9415 -1.000000 4
9420 0.000000 5
9424 -1.000000 4
9429 0.000000 5
9434 0.000000 5
9439 0.000000 5
9443 -1.000000 4
9447 -1.000000 4
9451 -1.000000 4
9455 -1.000000 4
9460 0.000000 5
9465 0.000000 5
9469 -1.000000 4
9474 0.000000 5
9478 -1.000000 4
9482 -1.000000 4
9486 -1.000000 4
9491 0.000000 5
9495 -1.000000 4
9499 -1.000000 4
9503 -1.000000 4
9508 0.000000 5
9513 0.000000 5
9518 0.000000 5
9522 -1.000000 4
9526 -1.000000 4
9531 0.000000 5
9536 0.000000 5
9540 -1.000000 4
9544 -1.000000 4
9549 0.000000 5
9554 0.000000 5
9558 -1.000000 4
9562 -1.000000 4
9566 -1.000000 4
9571 0.000000 5
9575 -1.000000 4
9579 -1.000000 4
9584 0.000000 5
9589 0.000000 5
9593 -1.000000 4
9598 0.000000 5
9602 -1.000000 4
9607 0.000000 5
9611 -1.000000 4
9615 -1.000000 4
9620 0.000000 5
9624 -1.000000 4
9628 -1.000000 4
9632 -1.000000 4
9636 -1.000000 4
9641 0.000000 5
9646 0.000000 5
9650 -1.000000 4
9654 -1.000000 4
9658 -1.000000 4
9662 -1.000000 4
9667 0.000000 5
9671 -1.000000 4
9676 0.000000 5
9680 -1.000000 4
9684 -1.000000 4
9688 -1.000000 4
9692 -1.000000 4
9696 -1.000000 4
9700 -1.000000 4
9705 0.000000 5
9710 0.000000 5
9715 0.000000 5
9720 0.000000 5
9724 -1.000000 4
9729 0.000000 5
9733 -1.000000 4
9737 -1.000000 4
9741 -1.000000 4
9745 -1.000000 4
9750 0.000000 5
9755 0.000000 5
9759 -1.000000 4
9763 -1.000000 4
9767 -1.000000 4
9771 -1.000000 4
9775 -1.000000 4
9779 -1.000000 4
9783 -1.000000 4
9787 -1.000000 4
9791 -1.000000 4
9795 -1.000000 4
9799 -1.000000 4
9803 -1.000000 4
9807 -1.000000 4
9811 -1.000000 4
9815 -1.000000 4
9820 0.000000 5
9825 0.000000 5
9830 0.000000 5
9835 0.000000 5
9839 -1.000000 4
9843 -1.000000 4
9848 0.000000 5
9853 0.000000 5
9857 -1.000000 4
9861 -1.000000 4
9865 -1.000000 4
9870 0.000000 5
9874 -1.000000 4
9879 0.000000 5
9883 -1.000000 4
9887 -1.000000 4
9891 -1.000000 4
9896 0.000000 5
9900 -1.000000 4
9904 -1.000000 4
9908 -1.000000 4
9913 0.000000 5
9918 0.000000 5
9922 -1.000000 4
9927 0.000000 5
9932 0.000000 5
9936 -1.000000 4
9941 0.000000 5
9945 -1.000000 4
9950 0.000000 5
9955 0.000000 5
9959 -1.000000 4
9963 -1.000000 4
9968 0.000000 5
9972 -1.000000 4
9977 0.000000 5
9981 -1.000000 4
9985 -1.000000 4
9989 -1.000000 4
9993 -1.000000 4
9997 -1.000000 4
10002 0.000000 5
10007 0.000000 5
10011 -1.000000 4
10016 0.000000 5
10021 1.000000 5
10025 1.000000 4
10029 -1.000000 4
10034 1.000000 5
10038 -1.000000 4
10041 1.000000 3
10046 0.000000 5
10051 1.000000 5
10056 1.000000 5
10059 1.000000 3
10064 1.000000 5
10068 1.000000 4
10073 1.000000 5
10078 1.000000 5
10083 0.000000 5
10086 -1.000000 3
10090 1.000000 4
10094 -1.000000 4
10098 -1.000000 4
10103 0.000000 5
10108 1.000000 5
10112 -1.000000 4
10116 -1.000000 4
10119 -1.000000 3
10123 1.000000 4
10127 -1.000000 4
10132 1.000000 5
10136 1.000000 4
10141 1.000000 5
10144 -1.000000 3
10148 1.000000 4
10153 1.000000 5
10156 1.000000 3
10160 -1.000000 4
10165 0.000000 5
10169 1.000000 4
10172 1.000000 3
10176 -1.000000 4
10180 1.000000 4
10185 1.000000 5
10190 1.000000 5
10195 1.000000 5
10199 1.000000 4
10203 1.000000 4
10207 -1.000000 4
10212 1.000000 5
10217 0.000000 5
10222 1.000000 5
10226 -1.000000 4
10230 -1.000000 4
10235 1.000000 5
10239 1.000000 4
10243 1.000000 4
10248 1.000000 5
10252 1.000000 4
10257 1.000000 5
10261 1.000000 4
10265 1.000000 4
10270 1.000000 5
10275 1.000000 5
10279 -1.000000 4
10282 -1.000000 3
10286 1.000000 4
10289 -1.000000 3
10294 0.000000 5
10299 1.000000 5
10302 1.000000 3
10306 1.000000 4
10311 0.000000 5
10314 1.000000 3
10318 1.000000 4
10322 1.000000 4
10327 1.000000 5
10331 -1.000000 4
10334 1.000000 3
10339 0.000000 5
10344 0.000000 5
10349 0.000000 5
10353 1.000000 4
10357 1.000000 4
10362 1.000000 5
10366 1.000000 4
10371 1.000000 5
10375 1.000000 4
10378 -1.000000 3
10381 -1.000000 3
10386 1.000000 5
10390 1.000000 4
10393 -1.000000 3
10397 1.000000 4
10402 1.000000 5
10406 -1.000000 4
10410 1.000000 4
10414 1.000000 4
10418 1.000000 4
10422 -1.000000 4
10427 1.000000 5
10431 1.000000 4
10434 1.000000 3
10439 1.000000 5
10442 -1.000000 3
10447 0.000000 5
10451 -1.000000 4
10455 -1.000000 4
10460 1.000000 5
10465 1.000000 5
10468 -1.000000 3
10473 1.000000 5
10476 1.000000 3
10481 0.000000 5
10485 -1.000000 4
10489 -1.000000 4
10493 1.000000 4
10498 1.000000 5
10502 -1.000000 4
10506 1.000000 4
10509 1.000000 3
10514 1.000000 5
10519 1.000000 5
10523 1.000000 4
10526 1.000000 3
10531 1.000000 5
10536 0.000000 5
10541 0.000000 5
10546 1.000000 5
10549 1.000000 3
10552 1.000000 3
10556 1.000000 4
10560 -1.000000 4
10565 1.000000 5
10568 1.000000 3
10572 1.000000 4
10577 1.000000 5
10582 1.000000 5
10587 1.000000 5
10592 1.000000 5
10596 -1.000000 4
10601 0.000000 5
10605 -1.000000 4
10610 1.000000 5
10614 1.000000 4
10619 1.000000 5
10624 1.000000 5
10628 -1.000000 4
10632 -1.000000 4
10636 -1.000000 4
10639 -1.000000 3
10643 1.000000 4
10646 -1.000000 3
10649 1.000000 3
10652 1.000000 3
10657 1.000000 5
10660 1.000000 3
10665 1.000000 5
10669 1.000000 4
10672 -1.000000 3
10677 1.000000 5
10681 1.000000 4
10686 1.000000 5
10691 1.000000 5
10696 1.000000 5
10700 -1.000000 4
10704 1.000000 4
10708 -1.000000 4
10713 0.000000 5
10717 1.000000 4
10720 -1.000000 3
10724 -1.000000 4
10727 1.000000 3
10730 1.000000 3
10735 1.000000 5
10739 1.000000 4
10744 0.000000 5
10749 1.000000 5
10753 1.000000 4
10756 1.000000 3
10760 1.000000 4
10763 -1.000000 3
10768 1.000000 5
10772 1.000000 4
10776 -1.000000 4
10779 1.000000 3
10783 -1.000000 4
10788 0.000000 5
10791 1.000000 3
10796 1.000000 5
10800 -1.000000 4
10804 1.000000 4
10808 -1.000000 4
10811 1.000000 3
10815 -1.000000 4
10820 1.000000 5
10824 1.000000 4
10829 0.000000 5
10833 1.000000 4
10837 1.000000 4
10841 1.000000 4
10846 1.000000 5
10851 1.000000 5
10856 0.000000 5
10861 0.000000 5
10864 -1.000000 3
10869 1.000000 5
10874 1.000000 5
10878 -1.000000 4
10883 0.000000 5
10887 1.000000 4
10891 -1.000000 4
10896 1.000000 5
10900 1.000000 4
10904 -1.000000 4
10907 -1.000000 3
10911 1.000000 4
10914 1.000000 3
10919 0.000000 5
10923 1.000000 4
10928 0.000000 5
10932 1.000000 4
10936 1.000000 4
10941 1.000000 5
10944 1.000000 3
10949 1.000000 5
10952 -1.000000 3
10957 1.000000 5
10962 1.000000 5
10966 1.000000 4
10970 1.000000 4
10974 1.000000 4
10979 1.000000 5
10982 1.000000 3
10986 1.000000 4
10990 -1.000000 4
10994 1.000000 4
10999 0.000000 5
11003 1.000000 4
11007 -1.000000 4
11012 1.000000 5
11016 1.000000 4
11021 0.000000 5
11025 -1.000000 4
11030 0.000000 5
11034 -1.000000 4
11038 1.000000 4
11042 -1.000000 4
11046 -1.000000 4
11050 1.000000 4
11055 1.000000 5
11059 1.000000 4
11064 1.000000 5
11068 1.000000 4
11072 -1.000000 4
11077 0.000000 5
11081 1.000000 4
11086 1.000000 5
11089 1.000000 3
11093 -1.000000 4
11096 1.000000 3
11100 1.000000 4
11104 1.000000 4
11108 1.000000 4
11112 -1.000000 4
11117 0.000000 5
11121 -1.000000 4
11124 -1.000000 3
11128 -1.000000 4
11132 1.000000 4
11136 1.000000 4
11140 1.000000 4
11144 1.000000 4
11149 1.000000 5
11154 0.000000 5
11158 -1.000000 4
11161 1.000000 3
11166 1.000000 5
11170 1.000000 4
11174 -1.000000 4
11179 1.000000 5
11183 1.000000 4
11188 1.000000 5
11192 1.000000 4
11196 1.000000 4
11199 1.000000 3
11203 1.000000 4
11208 1.000000 5
11212 1.000000 4
11216 -1.000000 4
11221 0.000000 5
11225 1.000000 4
11230 1.000000 5
11234 1.000000 4
11237 1.000000 3
11241 1.000000 4
11245 1.000000 4
11248 1.000000 3
11252 -1.000000 4
11257 0.000000 5
11260 -1.000000 3
11264 -1.000000 4
11269 1.000000 5
11273 -1.000000 4
11278 0.000000 5
11282 1.000000 4
11287 0.000000 5
11291 -1.000000 4
11295 1.000000 4
11298 1.000000 3
11301 1.000000 3
11304 -1.000000 3
11308 1.000000 4
11313 1.000000 5
11317 1.000000 4
11320 1.000000 3
11325 1.000000 5
11329 1.000000 4
11332 -1.000000 3
11336 1.000000 4
11341 1.000000 5
11346 0.000000 5
11351 1.000000 5
11356 1.000000 5
11361 1.000000 5
11365 -1.000000 4
11370 0.000000 5
11374 1.000000 4
11378 1.000000 4
11381 1.000000 3
11384 -1.000000 3
11387 -1.000000 3
11390 1.000000 3
11394 -1.000000 4
11397 1.000000 3
11402 1.000000 5
11406 1.000000 4
11411 1.000000 5
11416 1.000000 5
11420 1.000000 4
11423 -1.000000 3
11427 1.000000 4
11432 0.000000 5
11435 1.000000 3
11440 1.000000 5
11443 1.000000 3
11448 1.000000 5
11452 1.000000 4
11456 1.000000 4
11461 1.000000 5
11464 -1.000000 3
11468 -1.000000 4
11473 1.000000 5
11478 0.000000 5
11483 0.000000 5
11488 1.000000 5
11492 1.000000 4
11497 0.000000 5
11501 1.000000 4
11505 1.000000 4
11509 1.000000 4
11513 -1.000000 4
11517 1.000000 4
11521 1.000000 4
11524 1.000000 3
11528 -1.000000 4
11532 1.000000 4
11536 1.000000 4
11541 1.000000 5
11546 0.000000 5
11550 -1.000000 4
11554 1.000000 4
11558 -1.000000 4
11562 -1.000000 4
11567 1.000000 5
11571 1.000000 4
11575 1.000000 4
11580 1.000000 5
11584 -1.000000 4
11588 1.000000 4
11592 1.000000 4
11596 -1.000000 4
11601 0.000000 5
11605 1.000000 4
11610 1.000000 5
11615 1.000000 5
11620 1.000000 5
11624 -1.000000 4
11629 1.000000 5
11633 -1.000000 4
11637 1.000000 4
11640 -1.000000 3
11645 1.000000 5
11648 1.000000 3
11653 0.000000 5
11657 1.000000 4
11662 0.000000 5
11666 -1.000000 4
11670 1.000000 4
11674 -1.000000 4
11678 1.000000 4
11683 0.000000 5
11687 1.000000 4
11691 1.000000 4
11696 0.000000 5
11701 1.000000 5
11706 0.000000 5
11711 1.000000 5
11715 1.000000 4
11720 0.000000 5
11725 1.000000 5
11729 -1.000000 4
11733 -1.000000 4
11736 -1.000000 3
11740 -1.000000 4
11744 1.000000 4
11749 0.000000 5
11753 -1.000000 4
11756 1.000000 3
11759 1.000000 3
11763 -1.000000 4
11768 1.000000 5
11773 1.000000 5
11777 -1.000000 4
11782 1.000000 5
11786 1.000000 4
11790 1.000000 4
11793 1.000000 3
11797 1.000000 4
11802 0.000000 5
11807 0.000000 5
11811 -1.000000 4
11815 1.000000 4
11819 -1.000000 4
11824 1.000000 5
11828 -1.000000 4
11832 1.000000 4
11835 1.000000 3
11839 1.000000 4
11843 1.000000 4
11847 1.000000 4
11851 1.000000 4
11856 1.000000 5
11860 -1.000000 4
11865 1.000000 5
11870 1.000000 5
11875 0.000000 5
11879 1.000000 4
11882 1.000000 3
11885 -1.000000 3
11889 -1.000000 4
11893 -1.000000 4
11896 -1.000000 3
11901 1.000000 5
11906 1.000000 5
11911 1.000000 5
11916 0.000000 5
11920 -1.000000 4
11924 1.000000 4
11928 1.000000 4
11932 1.000000 4
11935 1.000000 3
11940 1.000000 5
11943 -1.000000 3
11948 1.000000 5
11953 1.000000 5
11957 -1.000000 4
11960 1.000000 3
11964 1.000000 4
11968 -1.000000 4
11973 0.000000 5
11978 1.000000 5
11982 -1.000000 4
11986 1.000000 4
11990 1.000000 4
11993 -1.000000 3
11998 1.000000 5
12003 0.000000 5
12007 1.000000 4
12012 1.000000 5
12015 -1.000000 3
12018 -1.000000 3
12021 -1.000000 3
12024 -1.000000 3
12027 -1.000000 3
12030 -1.000000 3
12033 -1.000000 3
12036 -1.000000 3
12039 -1.000000 3
12042 -1.000000 3
12045 -1.000000 3
12048 -1.000000 3
12051 -1.000000 3
12054 -1.000000 3
12057 -1.000000 3
12060 -1.000000 3
12063 -1.000000 3
12066 -1.000000 3
12069 -1.000000 3
12072 -1.000000 3
12075 -1.000000 3
12078 -1.000000 3
12081 -1.000000 3
12084 -1.000000 3
12087 -1.000000 3
12090 -1.000000 3
12093 -1.000000 3
12096 -1.000000 3
12099 -1.000000 3
12102 -1.000000 3
12105 -1.000000 3
12108 -1.000000 3
12111 -1.000000 3
12114 -1.000000 3
12117 -1.000000 3
12120 -1.000000 3
12123 -1.000000 3
12126 -1.000000 3
12129 -1.000000 3
12132 -1.000000 3
12135 -1.000000 3
12138 -1.000000 3
12141 -1.000000 3
12144 -1.000000 3
12147 -1.000000 3
12150 -1.000000 3
12153 -1.000000 3
12156 -1.000000 3
12159 -1.000000 3
12162 -1.000000 3
12165 -1.000000 3
12168 -1.000000 3
12171 -1.000000 3
12174 -1.000000 3
12177 -1.000000 3
12180 -1.000000 3
12183 -1.000000 3
12186 -1.000000 3
12189 -1.000000 3
12192 -1.000000 3
12195 -1.000000 3
12198 -1.000000 3
12201 -1.000000 3
12204 -1.000000 3
12207 -1.000000 3
12210 -1.000000 3
12213 -1.000000 3
12216 -1.000000 3
12219 -1.000000 3
12222 -1.000000 3
12225 -1.000000 3
12228 -1.000000 3
12231 -1.000000 3
12234 -1.000000 3
12237 -1.000000 3
12240 -1.000000 3
12243 -1.000000 3
12246 -1.000000 3
12249 -1.000000 3
12252 -1.000000 3
12255 -1.000000 3
12258 -1.000000 3
12261 -1.000000 3
12264 -1.000000 3
12267 -1.000000 3
12270 -1.000000 3
12273 -1.000000 3
12276 -1.000000 3
12279 -1.000000 3
12282 -1.000000 3
12285 -1.000000 3
12288 -1.000000 3
12291 -1.000000 3
12294 -1.000000 3
12297 -1.000000 3
12300 -1.000000 3
12303 -1.000000 3
12306 -1.000000 3
12309 -1.000000 3
12312 -1.000000 3
12315 -1.000000 3
12318 -1.000000 3
12321 -1.000000 3
12324 -1.000000 3
12327 -1.000000 3
12330 -1.000000 3
12333 -1.000000 3
12336 -1.000000 3
12339 -1.000000 3
12342 -1.000000 3
12345 -1.000000 3
12348 -1.000000 3
12351 -1.000000 3
12354 -1.000000 3
12357 -1.000000 3
12360 -1.000000 3
12363 -1.000000 3
12366 -1.000000 3
12369 -1.000000 3
12372 -1.000000 3
12375 -1.000000 3
12378 -1.000000 3
12381 -1.000000 3
12384 -1.000000 3
12387 -1.000000 3
12390 -1.000000 3
12393 -1.000000 3
12396 -1.000000 3
12399 -1.000000 3
12402 -1.000000 3
12405 -1.000000 3
12408 -1.000000 3
12411 -1.000000 3
12414 -1.000000 3
12417 -1.000000 3
12420 -1.000000 3
12423 -1.000000 3
12426 -1.000000 3
12429 -1.000000 3
12432 -1.000000 3
12435 -1.000000 3
12438 -1.000000 3
12441 -1.000000 3
12444 -1.000000 3
12447 -1.000000 3
12450 -1.000000 3
12453 -1.000000 3
12456 -1.000000 3
12459 -1.000000 3
12462 -1.000000 3
12465 -1.000000 3
12468 -1.000000 3
12471 -1.000000 3
12474 -1.000000 3
12477 -1.000000 3
12480 -1.000000 3
12483 -1.000000 3
12486 -1.000000 3
12489 -1.000000 3
12492 -1.000000 3
12495 -1.000000 3
12498 -1.000000 3
12501 -1.000000 3
12504 -1.000000 3
12507 -1.000000 3
12510 -1.000000 3
12513 -1.000000 3
12516 -1.000000 3
12519 -1.000000 3
12522 -1.000000 3
12525 -1.000000 3
12528 -1.000000 3
12531 -1.000000 3
12534 -1.000000 3
12537 -1.000000 3
12540 -1.000000 3
12543 -1.000000 3
12546 -1.000000 3
12549 -1.000000 3
12552 -1.000000 3
12555 -1.000000 3
12558 -1.000000 3
12561 -1.000000 3
12564 -1.000000 3
12567 -1.000000 3
12570 -1.000000 3
12573 -1.000000 3
12576 -1.000000 3
12579 -1.000000 3
12582 -1.000000 3
12585 -1.000000 3
12588 -1.000000 3
12591 -1.000000 3
12594 -1.000000 3
12597 -1.000000 3
12600 -1.000000 3
12603 -1.000000 3
12606 -1.000000 3
12609 -1.000000 3
12612 -1.000000 3
12615 -1.000000 3
12618 -1.000000 3
12621 -1.000000 3
12624 -1.000000 3
12627 -1.000000 3
12630 -1.000000 3
12633 -1.000000 3
12636 -1.000000 3
12639 -1.000000 3
12642 -1.000000 3
12645 -1.000000 3
12648 -1.000000 3
12651 -1.000000 3
12654 -1.000000 3
12657 -1.000000 3
12660 -1.000000 3
12663 -1.000000 3
12666 -1.000000 3
12669 -1.000000 3
12672 -1.000000 3
12675 -1.000000 3
12678 -1.000000 3
12681 -1.000000 3
12684 -1.000000 3
12687 -1.000000 3
12690 -1.000000 3
12693 -1.000000 3
12696 -1.000000 3
12699 -1.000000 3
12702 -1.000000 3
12705 -1.000000 3
12708 -1.000000 3
12711 -1.000000 3
12714 -1.000000 3
12717 -1.000000 3
12720 -1.000000 3
12723 -1.000000 3
12726 -1.000000 3
12729 -1.000000 3
12732 -1.000000 3
12735 -1.000000 3
12738 -1.000000 3
12741 -1.000000 3
12744 -1.000000 3
12747 -1.000000 3
12750 -1.000000 3
12753 -1.000000 3
12756 -1.000000 3
12759 -1.000000 3
12762 -1.000000 3
12765 -1.000000 3
12768 -1.000000 3
12771 -1.000000 3
12774 -1.000000 3
12777 -1.000000 3
12780 -1.000000 3
12783 -1.000000 3
12786 -1.000000 3
12789 -1.000000 3
12792 -1.000000 3
12795 -1.000000 3
12798 -1.000000 3
12801 -1.000000 3
12804 -1.000000 3
12807 -1.000000 3
12810 -1.000000 3
12813 -1.000000 3
12816 -1.000000 3
12819 -1.000000 3
12822 -1.000000 3
12825 -1.000000 3
12828 -1.000000 3
12831 -1.000000 3
12834 -1.000000 3
12837 -1.000000 3
12840 -1.000000 3
12843 -1.000000 3
12846 -1.000000 3
12849 -1.000000 3
12852 -1.000000 3
12855 -1.000000 3
12858 -1.000000 3
12861 -1.000000 3
12864 -1.000000 3
12867 -1.000000 3
12870 -1.000000 3
12873 -1.000000 3
12876 -1.000000 3
12879 -1.000000 3
12882 -1.000000 3
12885 -1.000000 3
12888 -1.000000 3
12891 -1.000000 3
12894 -1.000000 3
12897 -1.000000 3
12900 -1.000000 3
12903 -1.000000 3
12906 -1.000000 3
12909 -1.000000 3
12912 -1.000000 3
12915 -1.000000 3
12918 -1.000000 3
12921 -1.000000 3
12924 -1.000000 3
12927 -1.000000 3
12930 -1.000000 3
12933 -1.000000 3
12938 0.000000 5
12941 -1.000000 3
12944 -1.000000 3
12947 -1.000000 3
12950 -1.000000 3
12953 -1.000000 3
12956 -1.000000 3
12959 -1.000000 3
12962 -1.000000 3
12965 -1.000000 3
12968 -1.000000 3
12971 -1.000000 3
12974 -1.000000 3
12977 -1.000000 3
12980 -1.000000 3
12983 -1.000000 3
12986 -1.000000 3
12989 -1.000000 3
12992 -1.000000 3
12995 -1.000000 3
12998 -1.000000 3
13001 -1.000000 3
13004 -1.000000 3
13007 -1.000000 3
13010 -1.000000 3
13013 -1.000000 3
13018 0.000000 5
13023 0.000000 5
13028 0.000000 5
13033 0.000000 5
13037 -1.000000 4
13041 -1.000000 4
13046 0.000000 5
13049 1.000000 3
13054 0.000000 5
13058 -1.000000 4
13063 0.000000 5
13067 -1.000000 4
13072 0.000000 5
13076 -1.000000 4
13079 1.000000 3
13084 0.000000 5
13087 1.000000 3
13092 0.000000 5
13096 -1.000000 4
13099 1.000000 3
13102 1.000000 3
13107 0.000000 5
13110 1.000000 3
13115 0.000000 5
13120 0.000000 5
13125 0.000000 5
13130 0.000000 5
13134 -1.000000 4
13139 0.000000 5
13144 0.000000 5
13147 1.000000 3
13150 1.000000 3
13153 -1.000000 3
13158 0.000000 5
13163 0.000000 5
13168 0.000000 5
13172 -1.000000 4
13176 -1.000000 4
13179 1.000000 3
13184 0.000000 5
13187 1.000000 3
13192 0.000000 5
13195 1.000000 3
13198 1.000000 3
13202 -1.000000 4
13207 0.000000 5
13212 0.000000 5
13215 1.000000 3
13220 0.000000 5
13225 0.000000 5
13228 1.000000 3
13233 0.000000 5
13237 -1.000000 4
13242 0.000000 5
13245 1.000000 3
13250 0.000000 5
13254 -1.000000 4
13257 1.000000 3
13262 0.000000 5
13266 -1.000000 4
13271 0.000000 5
13274 1.000000 3
13277 1.000000 3
13282 0.000000 5
13286 -1.000000 4
13290 -1.000000 4
13293 1.000000 3
13298 0.000000 5
13303 0.000000 5
13307 -1.000000 4
13311 -1.000000 4
13314 1.000000 3
13317 1.000000 3
13321 -1.000000 4
13326 0.000000 5
13330 -1.000000 4
13335 0.000000 5
13339 -1.000000 4
13343 -1.000000 4
13347 -1.000000 4
13352 0.000000 5
13356 -1.000000 4
13359 1.000000 3
13364 0.000000 5
13368 -1.000000 4
13372 -1.000000 4
13376 -1.000000 4
13379 1.000000 3
13382 1.000000 3
13386 -1.000000 4
13391 0.000000 5
13396 0.000000 5
13399 1.000000 3
13404 0.000000 5
13409 0.000000 5
13412 1.000000 3
13416 -1.000000 4
13421 0.000000 5
13426 0.000000 5
13431 0.000000 5
13436 0.000000 5
13441 0.000000 5
13444 1.000000 3
13449 0.000000 5
13454 0.000000 5
13457 1.000000 3
13461 -1.000000 4
13466 0.000000 5
13471 0.000000 5
13476 0.000000 5
13481 0.000000 5
13484 1.000000 3
13489 0.000000 5
13494 0.000000 5
13497 1.000000 3
13502 0.000000 5
13507 0.000000 5
13510 1.000000 3
13514 -1.000000 4
13517 1.000000 3
13522 0.000000 5
13527 0.000000 5
13532 0.000000 5
13537 0.000000 5
13542 0.000000 5
13545 1.000000 3
13549 -1.000000 4
13554 0.000000 5
13559 0.000000 5
13563 -1.000000 4
13568 0.000000 5
13571 1.000000 3
13576 0.000000 5
13579 1.000000 3
13584 0.000000 5
13588 -1.000000 4
13592 -1.000000 4
13596 -1.000000 4
13601 0.000000 5
13605 -1.000000 4
13610 0.000000 5
13613 1.000000 3
13616 -1.000000 3
13620 -1.000000 4
13625 0.000000 5
13628 1.000000 3
13632 -1.000000 4
13637 0.000000 5
13642 0.000000 5
13646 -1.000000 4
13650 -1.000000 4
13654 -1.000000 4
13657 1.000000 3
13661 -1.000000 4
13664 1.000000 3
13669 0.000000 5
13672 1.000000 3
13675 1.000000 3
13679 -1.000000 4
13682 1.000000 3
13687 0.000000 5
13690 1.000000 3
13695 0.000000 5
13700 0.000000 5
13705 0.000000 5
13710 0.000000 5
13713 1.000000 3
13718 0.000000 5
13723 0.000000 5
13728 0.000000 5
13731 1.000000 3
13736 0.000000 5
13741 0.000000 5
13744 1.000000 3
13749 0.000000 5
13752 -1.000000 3
13757 0.000000 5
13760 1.000000 3
13764 -1.000000 4
13768 -1.000000 4
13771 1.000000 3
13775 -1.000000 4
13778 1.000000 3
13781 1.000000 3
13784 1.000000 3
13789 0.000000 5
13792 -1.000000 3
13797 0.000000 5
13801 -1.000000 4
13804 1.000000 3
13807 1.000000 3
13812 0.000000 5
13816 -1.000000 4
13819 1.000000 3
13823 -1.000000 4
13826 1.000000 3
13831 0.000000 5
13836 0.000000 5
13841 0.000000 5
13845 -1.000000 4
13850 0.000000 5
13855 0.000000 5
13859 -1.000000 4
13864 0.000000 5
13867 1.000000 3
13870 1.000000 3
13874 -1.000000 4
13879 0.000000 5
13882 1.000000 3
13887 0.000000 5
13892 0.000000 5
13895 1.000000 3
13900 0.000000 5
13904 -1.000000 4
13909 0.000000 5
13914 0.000000 5
13917 -1.000000 3
13922 0.000000 5
13925 1.000000 3
13928 1.000000 3
13931 1.000000 3
13935 -1.000000 4
13940 0.000000 5
13945 0.000000 5
13949 -1.000000 4
13954 0.000000 5
13959 0.000000 5
13964 0.000000 5
13967 -1.000000 3
13970 1.000000 3
13974 -1.000000 4
13979 0.000000 5
13983 -1.000000 4
13988 0.000000 5
13992 -1.000000 4
13997 0.000000 5
14002 0.000000 5
14007 0.000000 5
14012 0.000000 5
14017 0.000000 5
14020 1.000000 3
14023 1.000000 3
14026 1.000000 3
14029 1.000000 3
14032 1.000000 3
14035 1.000000 3
14038 1.000000 3
14041 1.000000 3
14044 1.000000 3
14047 1.000000 3
14050 1.000000 3
14053 1.000000 3
14056 1.000000 3
14059 1.000000 3
14062 1.000000 3
14066 1.000000 4
14069 1.000000 3
14072 1.000000 3
14075 1.000000 3
14078 1.000000 3
14081 1.000000 3
14084 1.000000 3
14087 1.000000 3
14090 1.000000 3
14093 1.000000 3
14096 1.000000 3
14099 1.000000 3
14102 1.000000 3
14105 1.000000 3
14108 1.000000 3
14111 1.000000 3
14114 1.000000 3
14117 1.000000 3
14120 1.000000 3
14123 1.000000 3
14126 1.000000 3
14129 1.000000 3
14132 1.000000 3
14135 1.000000 3
14138 1.000000 3
14141 1.000000 3
14144 1.000000 3
14147 1.000000 3
14150 1.000000 3
14153 1.000000 3
14156 1.000000 3
14159 1.000000 3
14162 1.000000 3
14165 1.000000 3
14168 1.000000 3
14171 1.000000 3
14174 1.000000 3
14177 1.000000 3
14180 1.000000 3
14183 1.000000 3
14186 1.000000 3
14189 1.000000 3
14192 1.000000 3
14195 1.000000 3
14198 1.000000 3
14201 1.000000 3
14204 1.000000 3
14207 1.000000 3
14210 1.000000 3
14213 1.000000 3
14216 1.000000 3
14219 1.000000 3
14222 1.000000 3
14225 1.000000 3
14228 1.000000 3
14231 1.000000 3
14234 1.000000 3
14237 1.000000 3
14240 1.000000 3
14243 1.000000 3
14246 1.000000 3
14249 1.000000 3
14252 1.000000 3
14255 1.000000 3
14258 1.000000 3
14261 1.000000 3
14264 1.000000 3
14267 1.000000 3
14270 1.000000 3
14273 1.000000 3
14276 1.000000 3
14279 1.000000 3
14282 1.000000 3
14285 1.000000 3
14288 1.000000 3
14291 1.000000 3
14294 1.000000 3
14297 1.000000 3
14300 1.000000 3
14303 1.000000 3
14306 1.000000 3
14309 1.000000 3
14312 1.000000 3
14315 1.000000 3
14318 1.000000 3
14321 1.000000 3
14324 1.000000 3
14327 1.000000 3
14330 1.000000 3
14333 1.000000 3
14336 1.000000 3
14339 1.000000 3
14342 1.000000 3
14345 1.000000 3
14348 1.000000 3
14351 1.000000 3
14354 1.000000 3
14357 1.000000 3
14360 1.000000 3
14363 1.000000 3
14366 1.000000 3
14369 1.000000 3
14372 1.000000 3
14375 1.000000 3
14378 1.000000 3
14381 1.000000 3
14384 1.000000 3
14387 1.000000 3
14390 1.000000 3
14393 1.000000 3
14396 1.000000 3
14399 1.000000 3
14402 1.000000 3
14405 1.000000 3
14408 1.000000 3
14411 1.000000 3
14414 1.000000 3
14417 1.000000 3
14420 1.000000 3
14423 1.000000 3
14426 1.000000 3
14429 1.000000 3
14432 1.000000 3
14435 1.000000 3
14438 1.000000 3
14441 1.000000 3
14444 1.000000 3
14447 1.000000 3
14450 1.000000 3
14453 1.000000 3
14456 1.000000 3
14459 1.000000 3
14462 1.000000 3
14465 1.000000 3
14468 1.000000 3
14471 1.000000 3
14474 1.000000 3
14477 1.000000 3
14480 1.000000 3
14483 1.000000 3
14486 1.000000 3
14489 1.000000 3
14492 1.000000 3
14495 1.000000 3
14498 1.000000 3
14501 1.000000 3
14504 1.000000 3
14507 1.000000 3
14510 1.000000 3
14513 1.000000 3
14518 1.000000 5
14521 1.000000 3
14524 1.000000 3
14527 1.000000 3
14530 1.000000 3
14533 1.000000 3
14536 1.000000 3
14539 1.000000 3
14542 1.000000 3
14545 1.000000 3
14548 1.000000 3
14551 1.000000 3
14554 1.000000 3
14557 1.000000 3
14560 1.000000 3
14563 1.000000 3
14566 1.000000 3
14569 1.000000 3
14572 1.000000 3
14575 1.000000 3
14578 1.000000 3
14581 1.000000 3
14584 1.000000 3
14587 1.000000 3
14590 1.000000 3
14593 1.000000 3
14596 1.000000 3
14599 1.000000 3
14602 1.000000 3
14605 1.000000 3
14608 1.000000 3
14611 1.000000 3
14614 1.000000 3
14617 1.000000 3
14620 1.000000 3
14623 1.000000 3
14626 1.000000 3
14629 1.000000 3
14632 1.000000 3
14635 1.000000 3
14638 1.000000 3
14641 1.000000 3
14644 1.000000 3
14647 1.000000 3
14650 1.000000 3
14653 1.000000 3
14656 1.000000 3
14659 1.000000 3
14662 1.000000 3
14665 1.000000 3
14668 1.000000 3
14671 1.000000 3
14674 1.000000 3
14677 1.000000 3
14680 1.000000 3
14683 1.000000 3
14686 1.000000 3
14689 1.000000 3
14692 1.000000 3
14695 1.000000 3
14698 1.000000 3
14701 1.000000 3
14704 1.000000 3
14707 1.000000 3
14710 1.000000 3
14713 1.000000 3
14716 1.000000 3
14719 1.000000 3
14722 1.000000 3
14725 1.000000 3
14728 1.000000 3
14731 1.000000 3
14734 1.000000 3
14737 1.000000 3
14740 1.000000 3
14743 1.000000 3
14746 1.000000 3
14749 1.000000 3
14752 1.000000 3
14755 1.000000 3
14758 1.000000 3
14761 1.000000 3
14764 1.000000 3
14767 1.000000 3
14770 1.000000 3
14773 1.000000 3
14776 1.000000 3
14779 1.000000 3
14782 1.000000 3
14785 1.000000 3
14788 1.000000 3
14791 1.000000 3
14794 1.000000 3
14797 1.000000 3
14800 1.000000 3
14803 1.000000 3
14806 1.000000 3
14809 1.000000 3
14812 1.000000 3
14815 1.000000 3
14818 1.000000 3
14821 1.000000 3
14824 1.000000 3
14827 1.000000 3
14830 1.000000 3
14833 1.000000 3
14836 1.000000 3
14839 1.000000 3
14842 1.000000 3
14845 1.000000 3
14848 1.000000 3
14851 1.000000 3
14854 1.000000 3
14857 1.000000 3
14860 1.000000 3
14863 1.000000 3
14866 1.000000 3
14869 1.000000 3
14872 1.000000 3
14875 1.000000 3
14878 1.000000 3
14881 1.000000 3
14884 1.000000 3
14887 1.000000 3
14890 1.000000 3
14893 1.000000 3
14896 1.000000 3
14899 1.000000 3
14902 1.000000 3
14905 1.000000 3
14908 1.000000 3
14911 1.000000 3
14914 1.000000 3
14917 1.000000 3
14920 1.000000 3
14923 1.000000 3
14926 1.000000 3
14929 1.000000 3
14932 1.000000 3
14935 1.000000 3
14938 1.000000 3
14941 1.000000 3
14944 1.000000 3
14947 1.000000 3
14950 1.000000 3
14953 1.000000 3
14956 1.000000 3
14959 1.000000 3
14962 1.000000 3
14965 1.000000 3
14968 1.000000 3
14971 1.000000 3
14974 1.000000 3
14977 1.000000 3
14980 1.000000 3
14983 1.000000 3
14986 1.000000 3
14989 1.000000 3
14992 1.000000 3
14995 1.000000 3
14998 1.000000 3
15001 1.000000 3
15004 1.000000 3
15007 1.000000 3
15010 1.000000 3
15013 1.000000 3
15016 1.000000 3
15019 1.000000 3
15023 -1.000000 4
15027 1.000000 4
15032 1.000000 5
15037 1.000000 5
15041 -1.000000 4
15045 1.000000 4
15050 1.000000 5
15054 -1.000000 4
15059 1.000000 5
15063 1.000000 4
15067 1.000000 4
15071 1.000000 4
15076 1.000000 5
15080 -1.000000 4
15085 0.000000 5
15089 1.000000 4
15094 1.000000 5
15099 0.000000 5
15104 1.000000 5
15109 1.000000 5
15114 1.000000 5
15119 1.000000 5
15124 0.000000 5
15128 -1.000000 4
15133 1.000000 5
15137 1.000000 4
15140 -1.000000 3
15144 -1.000000 4
15148 1.000000 4
15153 0.000000 5
15158 0.000000 5
15162 -1.000000 4
15167 1.000000 5
15172 0.000000 5
15175 -1.000000 3
15180 0.000000 5
15184 1.000000 4
15189 1.000000 5
15194 1.000000 5
15197 1.000000 3
15201 -1.000000 4
15205 -1.000000 4
15208 -1.000000 3
15213 1.000000 5
15216 1.000000 3
15221 1.000000 5
15224 1.000000 3
15228 1.000000 4
15232 1.000000 4
15236 1.000000 4
15239 1.000000 3
15243 -1.000000 4
15248 0.000000 5
15252 1.000000 4
15257 1.000000 5
15262 0.000000 5
15265 -1.000000 3
15270 0.000000 5
15275 1.000000 5
15279 -1.000000 4
15283 1.000000 4
15287 -1.000000 4
15292 1.000000 5
15295 1.000000 3
15300 1.000000 5
15305 1.000000 5
15308 -1.000000 3
15312 -1.000000 4
15317 1.000000 5
15321 -1.000000 4
15325 -1.000000 4
15328 -1.000000 3
15332 -1.000000 4
15336 -1.000000 4
15341 0.000000 5
15345 -1.000000 4
15350 1.000000 5
15355 1.000000 5
15360 1.000000 5
15365 1.000000 5
15369 -1.000000 4
15373 1.000000 4
15378 1.000000 5
15382 1.000000 4
15385 -1.000000 3
15389 1.000000 4
15394 1.000000 5
15397 1.000000 3
15401 1.000000 4
15405 1.000000 4
15409 -1.000000 4
15413 -1.000000 4
15418 0.000000 5
15421 -1.000000 3
15426 1.000000 5
15429 -1.000000 3
15434 1.000000 5
15439 0.000000 5
15442 -1.000000 3
15447 1.000000 5
15451 -1.000000 4
15456 1.000000 5
15461 1.000000 5
15465 1.000000 4
15470 0.000000 5
15475 0.000000 5
15478 -1.000000 3
15482 -1.000000 4
15487 0.000000 5
15491 1.000000 4
15496 1.000000 5
15501 0.000000 5
15505 1.000000 4
15510 1.000000 5
15514 1.000000 4
15519 1.000000 5
15523 -1.000000 4
15527 1.000000 4
15530 -1.000000 3
15533 -1.000000 3
15537 1.000000 4
15540 -1.000000 3
15543 -1.000000 3
15547 -1.000000 4
15551 1.000000 4
15555 1.000000 4
15560 1.000000 5
15563 -1.000000 3
15568 1.000000 5
15571 1.000000 3
15576 1.000000 5
15579 -1.000000 3
15584 1.000000 5
15588 1.000000 4
15592 1.000000 4
15596 -1.000000 4
15600 1.000000 4
15605 1.000000 5
15609 1.000000 4
15614 1.000000 5
15617 1.000000 3
15622 1.000000 5
15626 1.000000 4
15630 1.000000 4
15635 1.000000 5
15639 -1.000000 4
15642 -1.000000 3
15646 -1.000000 4
15651 1.000000 5
15655 -1.000000 4
15660 1.000000 5
15665 0.000000 5
15669 -1.000000 4
15674 1.000000 5
15678 1.000000 4
15681 1.000000 3
15684 1.000000 3
15688 1.000000 4
15693 1.000000 5
15697 1.000000 4
15702 1.000000 5
15707 1.000000 5
15711 1.000000 4
15715 -1.000000 4
15718 1.000000 3
15723 0.000000 5
15727 1.000000 4
15731 -1.000000 4
15736 1.000000 5
15739 -1.000000 3
15743 1.000000 4
15747 1.000000 4
15752 0.000000 5
15757 1.000000 5
15762 1.000000 5
15766 -1.000000 4
15771 1.000000 5
15776 1.000000 5
15779 1.000000 3
15783 -1.000000 4
15787 1.000000 4
15790 1.000000 3
15794 1.000000 4
15799 1.000000 5
15802 1.000000 3
15806 1.000000 4
15810 1.000000 4
15814 -1.000000 4
15818 -1.000000 4
15822 1.000000 4
15826 1.000000 4
15830 1.000000 4
15833 1.000000 3
15837 1.000000 4
15841 1.000000 4
15846 1.000000 5
15851 1.000000 5
15855 1.000000 4
15859 1.000000 4
15864 1.000000 5
15869 1.000000 5
15874 0.000000 5
15877 1.000000 3
15881 -1.000000 4
15884 1.000000 3
15888 1.000000 4
15892 1.000000 4
15896 -1.000000 4
15899 1.000000 3
15904 1.000000 5
15908 1.000000 4
15913 1.000000 5
15917 1.000000 4
15921 1.000000 4
15925 1.000000 4
15929 -1.000000 4
15934 0.000000 5
15938 1.000000 4
15943 1.000000 5
15948 0.000000 5
15952 -1.000000 4
15956 1.000000 4
15959 1.000000 3
15963 1.000000 4
15968 1.000000 5
15972 1.000000 4
15976 1.000000 4
15979 -1.000000 3
15984 0.000000 5
15987 1.000000 3
15992 0.000000 5
15996 -1.000000 4
16000 -1.000000 4
16005 1.000000 5
16009 1.000000 4
16013 1.000000 4
16016 1.000000 3
16020 1.000000 4
16024 -1.000000 4
16029 0.000000 5
16033 1.000000 4
16037 1.000000 4
16042 1.000000 5
16046 -1.000000 4
16050 1.000000 4
16055 1.000000 5
16059 -1.000000 4
16063 1.000000 4
16068 1.000000 5
16071 1.000000 3
16074 1.000000 3
16078 -1.000000 4
16082 -1.000000 4
16087 1.000000 5
16091 -1.000000 4
16095 1.000000 4
16100 0.000000 5
16105 1.000000 5
16110 1.000000 5
16113 1.000000 3
16117 -1.000000 4
16120 1.000000 3
16125 1.000000 5
16128 1.000000 3
16132 -1.000000 4
16136 -1.000000 4
16141 1.000000 5
16146 0.000000 5
16149 1.000000 3
16154 0.000000 5
16158 1.000000 4
16163 1.000000 5
16167 1.000000 4
16172 1.000000 5
16176 1.000000 4
16180 1.000000 4
16184 -1.000000 4
16189 0.000000 5
16192 1.000000 3
16196 1.000000 4
16201 0.000000 5
16206 1.000000 5
16210 -1.000000 4
16215 1.000000 5
16220 1.000000 5
16224 -1.000000 4
16227 1.000000 3
16231 1.000000 4
16235 -1.000000 4
16239 -1.000000 4
16243 -1.000000 4
16247 -1.000000 4
16251 -1.000000 4
16255 1.000000 4
16258 -1.000000 3
16262 1.000000 4
16267 0.000000 5
16270 1.000000 3
16274 1.000000 4
16277 -1.000000 3
16281 -1.000000 4
16284 1.000000 3
16288 -1.000000 4
16291 1.000000 3
16296 0.000000 5
16300 -1.000000 4
16304 1.000000 4
16309 1.000000 5
16313 1.000000 4
16317 1.000000 4
16321 -1.000000 4
16326 1.000000 5
16330 1.000000 4
16334 1.000000 4
16338 -1.000000 4
16342 -1.000000 4
16346 1.000000 4
16351 0.000000 5
16355 1.000000 4
16358 -1.000000 3
16363 1.000000 5
16367 -1.000000 4
16372 0.000000 5
16375 -1.000000 3
16379 1.000000 4
16384 0.000000 5
16388 -1.000000 4
16392 1.000000 4
16396 1.000000 4
16400 1.000000 4
16405 0.000000 5
16410 1.000000 5
16415 1.000000 5
16419 1.000000 4
16424 1.000000 5
16429 0.000000 5
16434 0.000000 5
16437 -1.000000 3
16440 1.000000 3
16445 1.000000 5
16448 1.000000 3
16453 0.000000 5
16457 -1.000000 4
16460 -1.000000 3
16463 1.000000 3
16468 1.000000 5
16472 1.000000 4
16475 1.000000 3
16480 1.000000 5
16484 1.000000 4
16488 -1.000000 4
16492 1.000000 4
16497 0.000000 5
16501 1.000000 4
16505 1.000000 4
16508 -1.000000 3
16513 1.000000 5
16517 1.000000 4
16521 -1.000000 4
16525 1.000000 4
16529 -1.000000 4
16532 -1.000000 3
16536 1.000000 4
16539 1.000000 3
16544 0.000000 5
16547 -1.000000 3
16552 1.000000 5
16557 1.000000 5
16561 1.000000 4
16565 -1.000000 4
16568 1.000000 3
16573 1.000000 5
16577 1.000000 4
16581 1.000000 4
16586 1.000000 5
16590 1.000000 4
16595 0.000000 5
16599 1.000000 4
16603 1.000000 4
16606 1.000000 3
16609 1.000000 3
16614 1.000000 5
16617 1.000000 3
16622 0.000000 5
16626 -1.000000 4
16631 0.000000 5
16635 1.000000 4
16639 -1.000000 4
16643 1.000000 4
16647 -1.000000 4
16651 1.000000 4
16656 1.000000 5
16660 1.000000 4
16665 0.000000 5
16670 1.000000 5
16674 1.000000 4
16678 -1.000000 4
16682 1.000000 4
16687 1.000000 5
16691 1.000000 4
16694 -1.000000 3
16699 0.000000 5
16704 1.000000 5
16709 1.000000 5
16713 1.000000 4
16718 0.000000 5
16723 0.000000 5
16728 1.000000 5
16733 1.000000 5
16737 1.000000 4
16742 0.000000 5
16747 0.000000 5
16751 1.000000 4
16754 1.000000 3
16758 -1.000000 4
16762 1.000000 4
16767 0.000000 5
16771 1.000000 4
16776 1.000000 5
16780 1.000000 4
16785 0.000000 5
16789 -1.000000 4
16793 1.000000 4
16797 -1.000000 4
16801 1.000000 4
16805 -1.000000 4
16810 1.000000 5
16815 1.000000 5
16819 1.000000 4
16823 -1.000000 4
16828 1.000000 5
16832 1.000000 4
16837 0.000000 5
16842 1.000000 5
16846 -1.000000 4
16851 0.000000 5
16854 1.000000 3
16859 1.000000 5
16863 1.000000 4
16868 1.000000 5
16872 1.000000 4
16876 -1.000000 4
16881 0.000000 5
16884 1.000000 3
16889 1.000000 5
16893 1.000000 4
16897 1.000000 4
16900 1.000000 3
16905 0.000000 5
16909 -1.000000 4
16914 0.000000 5
16918 1.000000 4
16921 -1.000000 3
16925 1.000000 4
16930 0.000000 5
16933 1.000000 3
16938 1.000000 5
16943 0.000000 5
16948 0.000000 5
16953 0.000000 5
16956 1.000000 3
16961 1.000000 5
16965 -1.000000 4
16969 1.000000 4
16973 1.000000 4
16978 0.000000 5
16982 1.000000 4
16986 1.000000 4
16990 1.000000 4
16994 -1.000000 4
16999 1.000000 5
17002 -1.000000 3
17007 1.000000 5
17012 1.000000 5
17016 1.000000 4
17019 1.000000 3
17022 -1.000000 3
17025 -1.000000 3
17028 -1.000000 3
17031 -1.000000 3
17034 -1.000000 3
17037 -1.000000 3
17040 -1.000000 3
17043 -1.000000 3
17046 -1.000000 3
17049 -1.000000 3
17052 -1.000000 3
17055 -1.000000 3
17058 -1.000000 3
17061 -1.000000 3
17064 -1.000000 3
17067 -1.000000 3
17070 -1.000000 3
17073 -1.000000 3
17076 -1.000000 3
17079 -1.000000 3
17082 -1.000000 3
17085 -1.000000 3
17088 -1.000000 3
17091 -1.000000 3
17094 -1.000000 3
17097 -1.000000 3
17100 -1.000000 3
17103 -1.000000 3
17106 -1.000000 3
17109 -1.000000 3
17112 -1.000000 3
17115 -1.000000 3
17118 -1.000000 3
17121 -1.000000 3
17124 -1.000000 3
17127 -1.000000 3
17130 -1.000000 3
17133 -1.000000 3
17136 -1.000000 3
17139 -1.000000 3
17142 -1.000000 3
17145 -1.000000 3
17148 -1.000000 3
17151 -1.000000 3
17154 -1.000000 3
17157 -1.000000 3
17160 -1.000000 3
17163 -1.000000 3
17166 -1.000000 3
17169 -1.000000 3
17172 -1.000000 3
17175 -1.000000 3
17178 -1.000000 3
17181 -1.000000 3
17184 -1.000000 3
17187 -1.000000 3
17190 -1.000000 3
17193 -1.000000 3
17196 -1.000000 3
