17 -1.000000 17
33 1.000000 16
49 1.000000 16
65 -1.000000 16
81 -1.000000 16
97 -1.000000 16
113 -1.000000 16
129 -1.000000 16
145 -1.000000 16
161 -1.000000 16
177 -1.000000 16
193 -1.000000 16
209 -1.000000 16
224 -1.000000 15
240 1.000000 16
256 -1.000000 16
272 1.000000 16
289 -1.000000 17
305 -1.000000 16
321 -1.000000 16
337 -1.000000 16
354 -1.000000 17
370 -1.000000 16
386 -1.000000 16
402 1.000000 16
418 -1.000000 16
434 -1.000000 16
450 -1.000000 16
467 -1.000000 17
483 1.000000 16
499 1.000000 16
515 1.000000 16
531 1.000000 16
547 -1.000000 16
560 1.000000 13
576 -1.000000 16
592 -1.000000 16
608 -1.000000 16
625 -1.000000 17
641 -1.000000 16
657 -1.000000 16
671 1.000000 14
688 -1.000000 17
704 1.000000 16
720 -1.000000 16
736 -1.000000 16
752 1.000000 16
768 -1.000000 16
784 -1.000000 16
800 -1.000000 16
816 -1.000000 16
832 -1.000000 16
848 -1.000000 16
865 -1.000000 17
881 -1.000000 16
897 -1.000000 16
913 -1.000000 16
929 1.000000 16
945 1.000000 16
961 -1.000000 16
977 1.000000 16
993 1.000000 16
1010 -1.000000 17
1026 1.000000 16
1042 1.000000 16
1058 -1.000000 16
1074 -1.000000 16
1090 -1.000000 16
1106 -1.000000 16
1122 -1.000000 16
1138 -1.000000 16
1154 1.000000 16
1170 -1.000000 16
1186 -1.000000 16
1203 -1.000000 17
1219 -1.000000 16
1235 -1.000000 16
1251 -1.000000 16
1267 -1.000000 16
1284 -1.000000 17
1300 1.000000 16
1316 -1.000000 16
1332 -1.000000 16
1348 -1.000000 16
1364 1.000000 16
1380 -1.000000 16
1396 -1.000000 16
1412 1.000000 16
1426 1.000000 14
1442 -1.000000 16
1459 -1.000000 17
1475 -1.000000 16
1491 1.000000 16
1507 -1.000000 16
1523 -1.000000 16
1539 -1.000000 16
1556 -1.000000 17
1571 1.000000 15
1587 -1.000000 16
1603 1.000000 16
1619 -1.000000 16
1635 1.000000 16
1651 -1.000000 16
1668 -1.000000 17
1683 -1.000000 15
1699 1.000000 16
1715 -1.000000 16
1732 -1.000000 17
1748 1.000000 16
1764 -1.000000 16
1780 1.000000 16
1796 -1.000000 16
1812 1.000000 16
1828 -1.000000 16
1844 -1.000000 16
1860 -1.000000 16
1876 -1.000000 16
1892 -1.000000 16
1908 -1.000000 16
1924 -1.000000 16
1940 1.000000 16
1956 -1.000000 16
1972 1.000000 16
1988 1.000000 16
2004 -1.000000 16
2020 -1.000000 16
2036 1.000000 16
2051 1.000000 15
2067 -1.000000 16
2083 -1.000000 16
2099 -1.000000 16
2115 -1.000000 16
2131 1.000000 16
2147 -1.000000 16
2163 1.000000 16
2179 1.000000 16
2196 -1.000000 17
2212 1.000000 16
2228 -1.000000 16
2243 1.000000 15
2260 -1.000000 17
2276 -1.000000 16
2292 -1.000000 16
2309 -1.000000 17
2325 -1.000000 16
2341 1.000000 16
2357 -1.000000 16
2373 -1.000000 16
2390 1.000000 17
2406 -1.000000 16
2422 1.000000 16
2438 -1.000000 16
2455 -1.000000 17
2471 1.000000 16
2486 1.000000 15
2504 -1.000000 18
2520 -1.000000 16
2536 1.000000 16
2552 1.000000 16
2568 -1.000000 16
2584 -1.000000 16
2600 -1.000000 16
2616 -1.000000 16
2632 1.000000 16
2648 -1.000000 16
2665 -1.000000 17
2683 1.000000 18
2699 -1.000000 16
2715 1.000000 16
2731 1.000000 16
2747 1.000000 16
2764 -1.000000 17
2780 -1.000000 16
2796 -1.000000 16
2812 -1.000000 16
2828 1.000000 16
2844 -1.000000 16
2855 1.000000 11
2872 1.000000 17
2888 -1.000000 16
2904 -1.000000 16
2920 -1.000000 16
2936 -1.000000 16
2952 -1.000000 16
2968 -1.000000 16
2982 -1.000000 14
2998 -1.000000 16
3014 -1.000000 16
3030 -1.000000 16
3046 1.000000 16
3062 -1.000000 16
3078 1.000000 16
3094 -1.000000 16
3110 -1.000000 16
3127 1.000000 17
3143 -1.000000 16
3154 1.000000 11
3170 -1.000000 16
3186 -1.000000 16
3202 1.000000 16
3218 -1.000000 16
3234 -1.000000 16
3249 1.000000 15
3265 -1.000000 16
3281 1.000000 16
3297 1.000000 16
3313 -1.000000 16
3329 1.000000 16
3345 1.000000 16
3361 -1.000000 16
3377 -1.000000 16
3393 -1.000000 16
3409 -1.000000 16
3425 -1.000000 16
3441 -1.000000 16
3457 -1.000000 16
3473 -1.000000 16
3489 1.000000 16
3505 1.000000 16
3519 1.000000 14
3536 -1.000000 17
3552 -1.000000 16
3568 1.000000 16
3584 -1.000000 16
3600 -1.000000 16
3616 -1.000000 16
3632 1.000000 16
3648 -1.000000 16
3665 1.000000 17
3681 -1.000000 16
3698 -1.000000 17
3714 -1.000000 16
3730 1.000000 16
3746 1.000000 16
3762 -1.000000 16
3778 -1.000000 16
3794 -1.000000 16
3810 -1.000000 16
3826 -1.000000 16
3842 -1.000000 16
3858 1.000000 16
3874 1.000000 16
3890 -1.000000 16
3907 -1.000000 17
3923 1.000000 16
3939 -1.000000 16
3954 1.000000 15
3970 -1.000000 16
3986 1.000000 16
4002 -1.000000 16
4019 1.000000 17
4034 -1.000000 15
4048 1.000000 14
4064 -1.000000 16
4077 -1.000000 13
4093 1.000000 16
4109 -1.000000 16
4125 1.000000 16
4141 -1.000000 16
4157 -1.000000 16
4173 -1.000000 16
4189 1.000000 16
4205 -1.000000 16
4223 -1.000000 18
4239 1.000000 16
4255 1.000000 16
4271 1.000000 16
4287 1.000000 16
4303 1.000000 16
4318 -1.000000 15
4334 1.000000 16
4351 -1.000000 17
4367 -1.000000 16
4383 -1.000000 16
4399 1.000000 16
4415 -1.000000 16
4431 -1.000000 16
4447 -1.000000 16
4462 -1.000000 15
4478 1.000000 16
4494 -1.000000 16
4510 -1.000000 16
4526 -1.000000 16
4537 -1.000000 11
4551 -1.000000 14
4567 -1.000000 16
4584 -1.000000 17
4598 -1.000000 14
4614 -1.000000 16
4630 1.000000 16
4646 1.000000 16
4662 1.000000 16
4678 1.000000 16
4694 -1.000000 16
4711 -1.000000 17
4727 -1.000000 16
4743 -1.000000 16
4759 -1.000000 16
4775 -1.000000 16
4791 1.000000 16
4807 -1.000000 16
4823 -1.000000 16
4839 -1.000000 16
4855 -1.000000 16
4871 -1.000000 16
4887 -1.000000 16
4903 -1.000000 16
4919 -1.000000 16
4935 -1.000000 16
4952 1.000000 17
4968 1.000000 16
4984 -1.000000 16
5000 1.000000 16
5016 -1.000000 16
5032 1.000000 16
5048 -1.000000 16
5064 1.000000 16
5080 -1.000000 16
5096 -1.000000 16
5112 1.000000 16
5128 -1.000000 16
5142 1.000000 14
5159 -1.000000 17
5175 1.000000 16
5192 -1.000000 17
5208 -1.000000 16
5224 1.000000 16
5239 -1.000000 15
5255 1.000000 16
5271 -1.000000 16
5287 1.000000 16
5303 1.000000 16
5319 1.000000 16
5336 -1.000000 17
5352 1.000000 16
5369 -1.000000 17
5385 1.000000 16
5401 -1.000000 16
5417 1.000000 16
5433 -1.000000 16
5449 -1.000000 16
