587 1965.000000 587
1109 792.000000 522
1901 2522.000000 792
2392 1117.000000 491
3024 1031.000000 632
3703 1645.000000 679
4506 2008.000000 803
5230 2351.000000 724
6021 2104.000000 791
6701 1680.000000 680
7389 4560.000000 688
8463 2485.000000 1074
9264 3032.000000 801
9941 1916.000000 677
10591 1002.000000 650
11452 1576.000000 861
12116 1845.000000 664
12866 2626.000000 750
14000 3968.000000 1134
14565 1331.000000 565
15102 858.000000 537
15693 1399.000000 591
16191 1569.000000 498
17225 5046.000000 1034
18024 4644.000000 799
18953 3927.000000 929
19686 2159.000000 733
20395 1352.000000 709
20998 1672.000000 603
21479 536.000000 481
22093 1605.000000 614
23122 4099.000000 1029
23759 2892.000000 637
24469 933.000000 710
25101 1774.000000 632
25895 3629.000000 794
26709 2363.000000 814
27880 5000.000000 1171
28706 1925.000000 826
29268 1304.000000 562
30083 3763.000000 815
30642 1039.000000 559
31597 3855.000000 955
32146 678.000000 549
32807 1127.000000 661
33230 449.000000 423
33854 2194.000000 624
34842 3650.000000 988
35373 2366.000000 531
36016 2525.000000 643
36485 2475.000000 469
37274 2000.000000 789
37886 1439.000000 612
38506 1303.000000 620
38976 1690.000000 470
39525 1502.000000 549
40335 4208.000000 810
40923 1887.000000 588
41825 4435.000000 902
42595 2726.000000 770
43545 3390.000000 950
44246 1991.000000 701
45038 3090.000000 792
45801 1795.000000 763
46622 2822.000000 821
47504 2730.000000 882
47991 841.000000 487
48924 2501.000000 933
