4 -1.000000 4
9 1.000000 5
14 1.000000 5
19 1.000000 5
23 -1.000000 4
26 -1.000000 3
31 1.000000 5
36 1.000000 5
40 1.000000 4
44 1.000000 4
48 1.000000 4
53 1.000000 5
56 -1.000000 3
59 1.000000 3
63 -1.000000 4
67 -1.000000 4
72 0.000000 5
76 1.000000 4
80 -1.000000 4
85 1.000000 5
89 -1.000000 4
94 0.000000 5
97 1.000000 3
101 -1.000000 4
104 -1.000000 3
108 1.000000 4
113 1.000000 5
118 0.000000 5
123 0.000000 5
127 1.000000 4
131 -1.000000 4
136 1.000000 5
140 1.000000 4
145 0.000000 5
149 1.000000 4
152 1.000000 3
156 1.000000 4
161 1.000000 5
165 1.000000 4
169 1.000000 4
173 -1.000000 4
176 1.000000 3
180 -1.000000 4
185 1.000000 5
189 1.000000 4
194 1.000000 5
199 0.000000 5
202 -1.000000 3
207 1.000000 5
211 1.000000 4
214 1.000000 3
218 -1.000000 4
222 1.000000 4
226 1.000000 4
230 -1.000000 4
233 1.000000 3
237 1.000000 4
240 1.000000 3
245 0.000000 5
249 -1.000000 4
254 1.000000 5
258 -1.000000 4
261 -1.000000 3
264 -1.000000 3
269 0.000000 5
274 1.000000 5
278 -1.000000 4
283 1.000000 5
287 1.000000 4
292 0.000000 5
295 1.000000 3
299 -1.000000 4
304 0.000000 5
308 -1.000000 4
313 1.000000 5
317 1.000000 4
321 -1.000000 4
326 1.000000 5
331 1.000000 5
334 1.000000 3
339 1.000000 5
344 1.000000 5
349 1.000000 5
354 1.000000 5
357 -1.000000 3
360 -1.000000 3
365 0.000000 5
369 -1.000000 4
373 -1.000000 4
377 1.000000 4
381 -1.000000 4
385 -1.000000 4
389 1.000000 4
393 1.000000 4
397 1.000000 4
400 1.000000 3
404 1.000000 4
408 -1.000000 4
411 1.000000 3
414 1.000000 3
418 -1.000000 4
421 1.000000 3
426 1.000000 5
430 -1.000000 4
435 1.000000 5
438 -1.000000 3
443 1.000000 5
448 0.000000 5
453 1.000000 5
456 -1.000000 3
461 0.000000 5
465 1.000000 4
469 -1.000000 4
472 1.000000 3
477 0.000000 5
482 1.000000 5
486 1.000000 4
490 -1.000000 4
495 0.000000 5
499 -1.000000 4
504 0.000000 5
508 1.000000 4
511 1.000000 3
515 1.000000 4
518 1.000000 3
522 -1.000000 4
525 1.000000 3
528 1.000000 3
532 -1.000000 4
537 1.000000 5
540 -1.000000 3
544 1.000000 4
549 0.000000 5
554 0.000000 5
559 1.000000 5
562 1.000000 3
567 0.000000 5
572 1.000000 5
575 -1.000000 3
578 1.000000 3
582 -1.000000 4
586 1.000000 4
589 1.000000 3
594 0.000000 5
599 1.000000 5
603 1.000000 4
607 -1.000000 4
611 -1.000000 4
614 -1.000000 3
618 1.000000 4
623 1.000000 5
628 1.000000 5
633 0.000000 5
638 1.000000 5
643 1.000000 5
647 1.000000 4
651 -1.000000 4
655 1.000000 4
658 1.000000 3
661 -1.000000 3
665 -1.000000 4
670 1.000000 5
675 1.000000 5
680 1.000000 5
684 1.000000 4
687 1.000000 3
691 -1.000000 4
696 1.000000 5
700 -1.000000 4
705 1.000000 5
708 1.000000 3
712 1.000000 4
716 1.000000 4
720 1.000000 4
725 1.000000 5
729 -1.000000 4
733 -1.000000 4
736 1.000000 3
740 -1.000000 4
744 1.000000 4
749 0.000000 5
754 0.000000 5
759 1.000000 5
764 1.000000 5
768 1.000000 4
772 1.000000 4
775 -1.000000 3
779 -1.000000 4
782 -1.000000 3
786 -1.000000 4
791 1.000000 5
796 0.000000 5
801 1.000000 5
805 1.000000 4
809 -1.000000 4
814 1.000000 5
817 -1.000000 3
822 1.000000 5
825 -1.000000 3
830 0.000000 5
833 1.000000 3
837 -1.000000 4
841 -1.000000 4
845 -1.000000 4
848 1.000000 3
851 1.000000 3
854 1.000000 3
857 -1.000000 3
861 -1.000000 4
865 1.000000 4
870 1.000000 5
874 -1.000000 4
878 1.000000 4
883 1.000000 5
887 1.000000 4
892 1.000000 5
896 -1.000000 4
900 -1.000000 4
905 1.000000 5
908 -1.000000 3
913 1.000000 5
916 1.000000 3
921 0.000000 5
925 -1.000000 4
930 1.000000 5
935 1.000000 5
940 0.000000 5
943 -1.000000 3
948 0.000000 5
951 1.000000 3
955 -1.000000 4
959 1.000000 4
962 1.000000 3
967 1.000000 5
972 0.000000 5
977 1.000000 5
980 -1.000000 3
984 -1.000000 4
988 -1.000000 4
992 1.000000 4
996 1.000000 4
1000 1.000000 4
1005 1.000000 5
1009 -1.000000 4
1013 1.000000 4
1018 1.000000 5
1022 1.000000 4
1027 1.000000 5
1031 -1.000000 4
1034 -1.000000 3
1037 -1.000000 3
1041 -1.000000 4
1046 1.000000 5
1051 1.000000 5
1056 1.000000 5
1060 1.000000 4
1064 1.000000 4
1069 1.000000 5
1074 1.000000 5
1079 1.000000 5
1083 1.000000 4
1087 -1.000000 4
1091 1.000000 4
1095 1.000000 4
1099 1.000000 4
1103 1.000000 4
1107 1.000000 4
1111 1.000000 4
1115 1.000000 4
1120 1.000000 5
1124 -1.000000 4
1129 1.000000 5
1133 -1.000000 4
1138 1.000000 5
1142 -1.000000 4
1146 1.000000 4
1151 0.000000 5
1156 0.000000 5
1160 -1.000000 4
1165 1.000000 5
1169 1.000000 4
1172 1.000000 3
1177 0.000000 5
1181 -1.000000 4
1186 1.000000 5
1190 1.000000 4
1194 -1.000000 4
1199 1.000000 5
1203 -1.000000 4
1208 0.000000 5
1212 -1.000000 4
1216 -1.000000 4
1221 0.000000 5
1226 1.000000 5
1231 0.000000 5
1234 -1.000000 3
1238 1.000000 4
1242 1.000000 4
1246 1.000000 4
1251 1.000000 5
1255 1.000000 4
1258 -1.000000 3
1262 1.000000 4
1266 1.000000 4
1269 -1.000000 3
1274 1.000000 5
1278 -1.000000 4
1283 1.000000 5
1287 1.000000 4
1290 1.000000 3
1293 -1.000000 3
1297 1.000000 4
1302 1.000000 5
1306 1.000000 4
1310 1.000000 4
1313 1.000000 3
1317 1.000000 4
1320 1.000000 3
1323 -1.000000 3
1328 1.000000 5
1332 1.000000 4
1336 -1.000000 4
1341 1.000000 5
1345 -1.000000 4
1348 1.000000 3
1353 0.000000 5
1358 1.000000 5
1361 -1.000000 3
1366 0.000000 5
1371 0.000000 5
1375 -1.000000 4
1380 0.000000 5
1384 1.000000 4
1388 1.000000 4
1393 0.000000 5
1396 -1.000000 3
1400 1.000000 4
1405 1.000000 5
1408 -1.000000 3
1413 0.000000 5
1417 1.000000 4
1421 1.000000 4
1425 1.000000 4
1429 1.000000 4
1433 1.000000 4
1438 1.000000 5
1443 1.000000 5
1447 -1.000000 4
1452 1.000000 5
1456 -1.000000 4
1460 1.000000 4
1465 1.000000 5
1468 -1.000000 3
1472 1.000000 4
1476 1.000000 4
1481 0.000000 5
1486 1.000000 5
1489 1.000000 3
1493 1.000000 4
1497 1.000000 4
1501 -1.000000 4
1505 -1.000000 4
1508 -1.000000 3
1513 0.000000 5
1518 1.000000 5
1522 -1.000000 4
1525 1.000000 3
1529 -1.000000 4
1534 1.000000 5
1537 -1.000000 3
1542 1.000000 5
1547 1.000000 5
1551 1.000000 4
1555 1.000000 4
1558 1.000000 3
1563 1.000000 5
1566 -1.000000 3
1570 1.000000 4
1575 0.000000 5
1580 0.000000 5
1585 1.000000 5
1590 1.000000 5
1593 1.000000 3
1597 -1.000000 4
1601 -1.000000 4
1605 1.000000 4
1609 1.000000 4
1613 1.000000 4
1616 -1.000000 3
1621 1.000000 5
1624 -1.000000 3
1629 1.000000 5
1634 0.000000 5
1638 -1.000000 4
1643 0.000000 5
1646 1.000000 3
1651 0.000000 5
1656 0.000000 5
1661 0.000000 5
1665 -1.000000 4
1670 0.000000 5
1674 -1.000000 4
1678 -1.000000 4
1681 1.000000 3
1686 1.000000 5
1690 1.000000 4
1695 0.000000 5
1700 1.000000 5
1704 -1.000000 4
1708 -1.000000 4
1713 1.000000 5
1717 1.000000 4
1721 -1.000000 4
