5 0.000000 5
8 1.000000 3
13 1.000000 5
17 -1.000000 4
22 0.000000 5
27 1.000000 5
31 -1.000000 4
36 0.000000 5
39 -1.000000 3
43 1.000000 4
47 1.000000 4
51 -1.000000 4
54 1.000000 3
57 -1.000000 3
61 1.000000 4
65 1.000000 4
69 -1.000000 4
73 -1.000000 4
77 -1.000000 4
81 1.000000 4
86 0.000000 5
89 1.000000 3
93 1.000000 4
97 1.000000 4
102 1.000000 5
106 -1.000000 4
110 1.000000 4
115 1.000000 5
119 1.000000 4
123 1.000000 4
127 1.000000 4
132 1.000000 5
136 1.000000 4
141 1.000000 5
144 -1.000000 3
148 1.000000 4
153 1.000000 5
157 1.000000 4
161 1.000000 4
165 -1.000000 4
170 1.000000 5
174 -1.000000 4
178 -1.000000 4
182 -1.000000 4
186 -1.000000 4
190 1.000000 4
195 1.000000 5
199 -1.000000 4
204 1.000000 5
208 1.000000 4
213 0.000000 5
217 -1.000000 4
220 1.000000 3
223 -1.000000 3
227 1.000000 4
232 0.000000 5
236 -1.000000 4
240 1.000000 4
245 1.000000 5
249 1.000000 4
253 1.000000 4
258 0.000000 5
262 -1.000000 4
266 1.000000 4
271 1.000000 5
274 1.000000 3
279 0.000000 5
283 -1.000000 4
287 -1.000000 4
290 -1.000000 3
293 -1.000000 3
298 0.000000 5
302 -1.000000 4
307 1.000000 5
312 1.000000 5
316 1.000000 4
321 1.000000 5
326 1.000000 5
331 1.000000 5
336 0.000000 5
341 1.000000 5
346 1.000000 5
351 1.000000 5
356 1.000000 5
359 1.000000 3
363 1.000000 4
368 0.000000 5
372 1.000000 4
375 1.000000 3
379 -1.000000 4
384 1.000000 5
389 0.000000 5
393 1.000000 4
398 1.000000 5
402 -1.000000 4
406 1.000000 4
411 0.000000 5
415 -1.000000 4
418 1.000000 3
422 1.000000 4
427 1.000000 5
432 1.000000 5
436 1.000000 4
440 -1.000000 4
443 -1.000000 3
447 -1.000000 4
451 1.000000 4
455 1.000000 4
460 1.000000 5
463 1.000000 3
467 -1.000000 4
471 -1.000000 4
474 1.000000 3
477 1.000000 3
481 1.000000 4
486 1.000000 5
490 -1.000000 4
494 1.000000 4
497 -1.000000 3
501 -1.000000 4
505 1.000000 4
508 -1.000000 3
513 0.000000 5
518 1.000000 5
522 -1.000000 4
527 1.000000 5
532 1.000000 5
536 -1.000000 4
540 -1.000000 4
544 -1.000000 4
548 1.000000 4
553 1.000000 5
557 1.000000 4
561 -1.000000 4
566 1.000000 5
569 1.000000 3
573 1.000000 4
577 -1.000000 4
582 1.000000 5
586 1.000000 4
591 1.000000 5
596 0.000000 5
601 1.000000 5
606 1.000000 5
609 1.000000 3
613 1.000000 4
618 1.000000 5
622 -1.000000 4
626 -1.000000 4
631 1.000000 5
634 1.000000 3
638 -1.000000 4
642 1.000000 4
646 -1.000000 4
650 -1.000000 4
654 -1.000000 4
658 -1.000000 4
662 1.000000 4
667 1.000000 5
672 1.000000 5
677 1.000000 5
682 0.000000 5
685 -1.000000 3
690 1.000000 5
695 1.000000 5
699 -1.000000 4
704 1.000000 5
708 -1.000000 4
712 -1.000000 4
717 0.000000 5
720 -1.000000 3
725 0.000000 5
729 -1.000000 4
733 1.000000 4
738 1.000000 5
743 1.000000 5
748 1.000000 5
753 1.000000 5
757 1.000000 4
760 -1.000000 3
764 -1.000000 4
768 -1.000000 4
772 1.000000 4
777 1.000000 5
781 -1.000000 4
785 1.000000 4
790 1.000000 5
794 -1.000000 4
798 1.000000 4
801 -1.000000 3
804 1.000000 3
808 1.000000 4
811 1.000000 3
815 1.000000 4
819 -1.000000 4
824 1.000000 5
829 0.000000 5
832 -1.000000 3
836 -1.000000 4
840 1.000000 4
844 -1.000000 4
848 1.000000 4
851 1.000000 3
854 -1.000000 3
858 1.000000 4
863 0.000000 5
866 1.000000 3
870 1.000000 4
873 -1.000000 3
878 1.000000 5
882 -1.000000 4
886 1.000000 4
891 1.000000 5
894 -1.000000 3
897 -1.000000 3
902 1.000000 5
905 -1.000000 3
909 1.000000 4
914 1.000000 5
919 1.000000 5
923 1.000000 4
926 -1.000000 3
930 -1.000000 4
934 -1.000000 4
939 1.000000 5
942 -1.000000 3
947 0.000000 5
951 -1.000000 4
954 1.000000 3
958 -1.000000 4
963 0.000000 5
967 1.000000 4
971 -1.000000 4
976 1.000000 5
979 1.000000 3
984 1.000000 5
988 -1.000000 4
991 -1.000000 3
995 1.000000 4
999 1.000000 4
1003 1.000000 4
1008 1.000000 5
1012 1.000000 4
1016 1.000000 4
1020 -1.000000 4
1023 1.000000 3
1026 -1.000000 3
1031 1.000000 5
1035 1.000000 4
1038 1.000000 3
1043 1.000000 5
1046 -1.000000 3
1051 1.000000 5
1055 1.000000 4
1060 0.000000 5
1063 -1.000000 3
1067 -1.000000 4
1071 -1.000000 4
1075 -1.000000 4
1079 1.000000 4
1083 1.000000 4
1088 1.000000 5
1093 1.000000 5
1097 1.000000 4
1102 1.000000 5
1105 -1.000000 3
1108 1.000000 3
1111 -1.000000 3
1116 1.000000 5
1121 1.000000 5
1124 1.000000 3
1128 1.000000 4
1132 1.000000 4
1137 1.000000 5
1142 1.000000 5
1147 0.000000 5
1152 1.000000 5
1157 1.000000 5
1161 -1.000000 4
1165 -1.000000 4
1169 1.000000 4
1173 -1.000000 4
1178 1.000000 5
1182 -1.000000 4
1187 1.000000 5
1191 1.000000 4
1196 1.000000 5
1200 1.000000 4
1203 -1.000000 3
1208 0.000000 5
1212 1.000000 4
1217 1.000000 5
1222 1.000000 5
1226 1.000000 4
1230 -1.000000 4
1233 1.000000 3
1238 1.000000 5
1241 1.000000 3
1245 -1.000000 4
1250 0.000000 5
1255 1.000000 5
1259 -1.000000 4
1263 -1.000000 4
1267 1.000000 4
1271 -1.000000 4
1275 1.000000 4
1279 1.000000 4
1282 -1.000000 3
1286 1.000000 4
1290 -1.000000 4
1295 1.000000 5
1300 1.000000 5
1303 1.000000 3
1307 1.000000 4
1311 1.000000 4
1316 1.000000 5
1319 1.000000 3
1323 -1.000000 4
1327 1.000000 4
1331 1.000000 4
1335 1.000000 4
1339 1.000000 4
1344 0.000000 5
1348 -1.000000 4
1352 1.000000 4
1356 1.000000 4
1360 1.000000 4
1365 1.000000 5
1370 0.000000 5
1375 0.000000 5
1379 -1.000000 4
1383 1.000000 4
1387 1.000000 4
1391 1.000000 4
1395 -1.000000 4
1399 1.000000 4
1404 0.000000 5
1408 1.000000 4
1412 1.000000 4
1416 -1.000000 4
1419 -1.000000 3
1423 1.000000 4
1426 1.000000 3
1431 1.000000 5
1435 1.000000 4
1440 0.000000 5
1443 -1.000000 3
1448 1.000000 5
1451 1.000000 3
1455 1.000000 4
1459 1.000000 4
1464 0.000000 5
1469 0.000000 5
1473 1.000000 4
1478 0.000000 5
1481 -1.000000 3
1485 -1.000000 4
1490 1.000000 5
1495 0.000000 5
1498 1.000000 3
1502 -1.000000 4
1506 -1.000000 4
1509 -1.000000 3
1513 1.000000 4
1517 1.000000 4
1521 -1.000000 4
1525 1.000000 4
1529 1.000000 4
1533 -1.000000 4
1536 1.000000 3
1540 1.000000 4
1543 1.000000 3
1546 -1.000000 3
1551 1.000000 5
1555 1.000000 4
1559 1.000000 4
1563 1.000000 4
1567 -1.000000 4
1572 1.000000 5
1576 -1.000000 4
1579 1.000000 3
1584 1.000000 5
1589 1.000000 5
1593 1.000000 4
1597 1.000000 4
1600 1.000000 3
1604 1.000000 4
1608 1.000000 4
1612 -1.000000 4
1616 1.000000 4
1620 -1.000000 4
1624 1.000000 4
1629 1.000000 5
1634 0.000000 5
1638 1.000000 4
1643 1.000000 5
1648 1.000000 5
1652 -1.000000 4
1656 1.000000 4
1660 -1.000000 4
1665 1.000000 5
1670 1.000000 5
1675 1.000000 5
1679 1.000000 4
1683 1.000000 4
1686 1.000000 3
1690 1.000000 4
1695 1.000000 5
1698 1.000000 3
1702 -1.000000 4
1705 1.000000 3
1708 1.000000 3
1712 1.000000 4
1717 1.000000 5
1721 -1.000000 4
1726 0.000000 5
1731 1.000000 5
1736 1.000000 5
1740 1.000000 4
1744 -1.000000 4
1749 0.000000 5
1753 -1.000000 4
1756 -1.000000 3
1760 1.000000 4
1764 1.000000 4
1768 1.000000 4
1773 1.000000 5
1777 1.000000 4
1782 1.000000 5
1786 1.000000 4
1791 0.000000 5
1796 0.000000 5
1801 1.000000 5
1804 -1.000000 3
1807 1.000000 3
1812 1.000000 5
1816 -1.000000 4
1820 1.000000 4
1825 1.000000 5
1830 1.000000 5
1834 1.000000 4
1838 1.000000 4
1841 1.000000 3
1846 0.000000 5
1851 1.000000 5
1855 -1.000000 4
1858 -1.000000 3
1862 -1.000000 4
1867 0.000000 5
1872 1.000000 5
1876 1.000000 4
1880 1.000000 4
1885 1.000000 5
1889 1.000000 4
1893 1.000000 4
1898 0.000000 5
1901 1.000000 3
1904 1.000000 3
1909 1.000000 5
1912 1.000000 3
1915 1.000000 3
1919 -1.000000 4
1923 1.000000 4
1927 -1.000000 4
1930 -1.000000 3
1933 1.000000 3
1937 -1.000000 4
1941 1.000000 4
1945 -1.000000 4
1949 1.000000 4
1953 -1.000000 4
1956 1.000000 3
1960 1.000000 4
1965 0.000000 5
1970 0.000000 5
1974 1.000000 4
1978 -1.000000 4
1983 0.000000 5
1987 1.000000 4
1991 1.000000 4
1995 1.000000 4
1999 1.000000 4
2002 1.000000 3
2007 0.000000 5
2011 -1.000000 4
2016 0.000000 5
2020 1.000000 4
2024 -1.000000 4
2028 -1.000000 4
2033 1.000000 5
2037 -1.000000 4
2041 1.000000 4
2044 1.000000 3
2048 1.000000 4
2051 -1.000000 3
2055 -1.000000 4
2060 0.000000 5
2064 -1.000000 4
2068 1.000000 4
2072 -1.000000 4
2076 -1.000000 4
2079 1.000000 3
2082 -1.000000 3
2086 -1.000000 4
2091 0.000000 5
2095 -1.000000 4
2099 1.000000 4
2104 0.000000 5
2109 0.000000 5
2112 -1.000000 3
2116 1.000000 4
2120 -1.000000 4
2123 1.000000 3
2128 1.000000 5
2132 1.000000 4
2136 1.000000 4
2141 1.000000 5
2144 1.000000 3
2147 1.000000 3
2150 1.000000 3
2154 -1.000000 4
2158 1.000000 4
2163 1.000000 5
2167 -1.000000 4
2172 1.000000 5
2176 1.000000 4
2180 1.000000 4
2184 1.000000 4
2188 1.000000 4
2191 1.000000 3
2195 -1.000000 4
2199 1.000000 4
2204 0.000000 5
2208 1.000000 4
2213 1.000000 5
2217 -1.000000 4
2222 1.000000 5
2227 1.000000 5
2232 0.000000 5
2236 1.000000 4
2240 1.000000 4
2245 1.000000 5
2250 1.000000 5
2255 0.000000 5
2259 -1.000000 4
2264 0.000000 5
2268 1.000000 4
2272 1.000000 4
2276 -1.000000 4
2280 1.000000 4
2285 1.000000 5
2289 -1.000000 4
2294 1.000000 5
2298 -1.000000 4
2303 0.000000 5
2306 -1.000000 3
2310 -1.000000 4
2314 -1.000000 4
2319 0.000000 5
2323 -1.000000 4
2328 0.000000 5
2333 1.000000 5
2338 0.000000 5
2341 -1.000000 3
2345 1.000000 4
2350 1.000000 5
2354 -1.000000 4
2358 1.000000 4
2362 1.000000 4
2367 1.000000 5
2371 1.000000 4
2375 1.000000 4
2380 0.000000 5
2384 1.000000 4
2387 -1.000000 3
2392 1.000000 5
2396 1.000000 4
2399 -1.000000 3
2404 1.000000 5
2408 1.000000 4
2412 -1.000000 4
2416 -1.000000 4
2421 1.000000 5
2425 1.000000 4
2429 -1.000000 4
2434 0.000000 5
2437 -1.000000 3
2441 -1.000000 4
2445 1.000000 4
2449 1.000000 4
2452 1.000000 3
2456 -1.000000 4
2460 -1.000000 4
2465 0.000000 5
2468 1.000000 3
2472 1.000000 4
2477 1.000000 5
2481 1.000000 4
2485 1.000000 4
2488 -1.000000 3
2493 0.000000 5
2496 1.000000 3
2500 -1.000000 4
2505 1.000000 5
2509 -1.000000 4
2513 1.000000 4
2517 1.000000 4
2521 1.000000 4
2525 -1.000000 4
2530 0.000000 5
2535 0.000000 5
2538 -1.000000 3
2542 1.000000 4
2546 -1.000000 4
2550 -1.000000 4
2554 1.000000 4
2559 0.000000 5
2562 1.000000 3
2566 -1.000000 4
2569 1.000000 3
2572 -1.000000 3
2576 1.000000 4
2580 1.000000 4
2585 1.000000 5
2590 1.000000 5
2594 1.000000 4
2599 1.000000 5
2604 0.000000 5
2608 1.000000 4
2612 1.000000 4
2616 1.000000 4
2621 1.000000 5
2626 1.000000 5
2631 1.000000 5
2635 1.000000 4
2640 1.000000 5
2644 1.000000 4
2648 1.000000 4
2652 1.000000 4
2656 1.000000 4
2659 1.000000 3
2663 1.000000 4
2667 1.000000 4
2671 1.000000 4
2675 -1.000000 4
2680 1.000000 5
2684 1.000000 4
2687 -1.000000 3
2691 -1.000000 4
2695 1.000000 4
2698 1.000000 3
2703 1.000000 5
2708 1.000000 5
2713 1.000000 5
2717 1.000000 4
2721 -1.000000 4
2726 1.000000 5
2730 1.000000 4
2735 1.000000 5
2739 1.000000 4
2744 0.000000 5
2747 1.000000 3
2752 0.000000 5
2755 1.000000 3
2760 1.000000 5
2763 -1.000000 3
2767 1.000000 4
2771 1.000000 4
2774 -1.000000 3
2778 -1.000000 4
2782 1.000000 4
2786 -1.000000 4
2790 -1.000000 4
2795 1.000000 5
2800 1.000000 5
2805 1.000000 5
2810 1.000000 5
2815 1.000000 5
2819 -1.000000 4
2823 1.000000 4
2828 1.000000 5
2832 1.000000 4
2836 1.000000 4
2840 1.000000 4
2844 1.000000 4
2848 1.000000 4
2852 -1.000000 4
2856 -1.000000 4
2861 0.000000 5
2864 1.000000 3
2868 -1.000000 4
2873 1.000000 5
2878 1.000000 5
2882 -1.000000 4
2886 1.000000 4
2891 1.000000 5
2896 1.000000 5
2899 1.000000 3
2904 1.000000 5
2909 1.000000 5
2913 -1.000000 4
2918 1.000000 5
2923 1.000000 5
2927 -1.000000 4
2932 1.000000 5
2937 0.000000 5
2942 1.000000 5
2946 1.000000 4
2950 1.000000 4
2955 0.000000 5
2959 1.000000 4
2963 -1.000000 4
2968 1.000000 5
2972 1.000000 4
2977 1.000000 5
2981 -1.000000 4
2986 1.000000 5
2990 -1.000000 4
2994 1.000000 4
2999 1.000000 5
3004 0.000000 5
3009 1.000000 5
3012 1.000000 3
3016 -1.000000 4
3021 0.000000 5
3026 0.000000 5
3030 -1.000000 4
3034 1.000000 4
3039 0.000000 5
3044 1.000000 5
3049 1.000000 5
3053 -1.000000 4
3057 -1.000000 4
3061 1.000000 4
3066 0.000000 5
3071 1.000000 5
3076 0.000000 5
3079 1.000000 3
3084 0.000000 5
3089 1.000000 5
3093 1.000000 4
3098 0.000000 5
3103 1.000000 5
3108 1.000000 5
3113 0.000000 5
3117 1.000000 4
3121 1.000000 4
3124 1.000000 3
3129 1.000000 5
3133 -1.000000 4
3137 1.000000 4
3142 1.000000 5
3146 1.000000 4
3150 1.000000 4
3155 1.000000 5
3158 -1.000000 3
3162 1.000000 4
3165 -1.000000 3
3170 1.000000 5
3175 0.000000 5
3180 0.000000 5
3185 1.000000 5
3190 1.000000 5
3194 1.000000 4
3198 1.000000 4
3203 1.000000 5
3208 0.000000 5
3213 1.000000 5
3218 1.000000 5
3223 1.000000 5
3227 -1.000000 4
3232 1.000000 5
3236 1.000000 4
3239 1.000000 3
3242 -1.000000 3
3245 -1.000000 3
3249 1.000000 4
3253 1.000000 4
3257 1.000000 4
3261 1.000000 4
3266 0.000000 5
3269 -1.000000 3
3273 1.000000 4
3278 0.000000 5
3282 1.000000 4
3287 1.000000 5
3291 1.000000 4
3295 1.000000 4
3299 -1.000000 4
3304 1.000000 5
3309 0.000000 5
3313 1.000000 4
3318 0.000000 5
3322 1.000000 4
3326 1.000000 4
3331 0.000000 5
3336 0.000000 5
3339 1.000000 3
3344 0.000000 5
3348 -1.000000 4
3353 1.000000 5
3358 0.000000 5
3363 1.000000 5
3366 -1.000000 3
3370 -1.000000 4
3375 1.000000 5
3379 1.000000 4
3384 1.000000 5
3389 1.000000 5
3393 1.000000 4
3397 -1.000000 4
3401 -1.000000 4
3406 0.000000 5
3411 0.000000 5
3415 1.000000 4
3418 -1.000000 3
3421 1.000000 3
3425 1.000000 4
3429 1.000000 4
3433 1.000000 4
3437 1.000000 4
3441 1.000000 4
3445 -1.000000 4
3450 1.000000 5
3455 1.000000 5
3459 1.000000 4
3463 -1.000000 4
3468 0.000000 5
3471 -1.000000 3
3476 1.000000 5
3480 1.000000 4
3484 1.000000 4
3487 -1.000000 3
3491 -1.000000 4
3495 1.000000 4
3500 1.000000 5
3505 1.000000 5
3509 -1.000000 4
3513 -1.000000 4
3518 1.000000 5
3521 1.000000 3
3525 1.000000 4
3529 1.000000 4
3533 -1.000000 4
3538 1.000000 5
3543 1.000000 5
3548 0.000000 5
3552 1.000000 4
3555 1.000000 3
3558 1.000000 3
3563 0.000000 5
3567 -1.000000 4
3572 1.000000 5
3577 1.000000 5
3580 -1.000000 3
3585 1.000000 5
3590 1.000000 5
3594 -1.000000 4
3597 -1.000000 3
3601 1.000000 4
3604 -1.000000 3
3608 1.000000 4
3612 1.000000 4
3617 0.000000 5
3621 -1.000000 4
3624 -1.000000 3
3628 -1.000000 4
3633 1.000000 5
3636 -1.000000 3
3641 0.000000 5
3646 1.000000 5
3650 -1.000000 4
3654 1.000000 4
3658 1.000000 4
3663 0.000000 5
3667 -1.000000 4
3670 1.000000 3
3675 1.000000 5
3680 1.000000 5
3685 1.000000 5
3690 1.000000 5
3695 1.000000 5
3698 1.000000 3
3703 1.000000 5
3708 0.000000 5
3712 1.000000 4
3715 -1.000000 3
3720 1.000000 5
3724 -1.000000 4
3728 1.000000 4
3732 1.000000 4
3736 1.000000 4
3739 1.000000 3
3744 0.000000 5
3749 1.000000 5
3754 1.000000 5
3758 -1.000000 4
3762 1.000000 4
3767 1.000000 5
3772 1.000000 5
3777 1.000000 5
3782 0.000000 5
3786 -1.000000 4
3790 -1.000000 4
3794 -1.000000 4
3797 -1.000000 3
3802 1.000000 5
3806 -1.000000 4
3810 1.000000 4
3815 1.000000 5
3819 -1.000000 4
3824 1.000000 5
3829 1.000000 5
3833 1.000000 4
3837 -1.000000 4
3842 0.000000 5
3847 1.000000 5
3850 -1.000000 3
3854 -1.000000 4
3859 1.000000 5
3864 1.000000 5
3869 0.000000 5
3873 1.000000 4
3877 1.000000 4
3881 1.000000 4
3884 -1.000000 3
3888 -1.000000 4
3893 0.000000 5
3897 -1.000000 4
3902 1.000000 5
3906 1.000000 4
3910 -1.000000 4
3914 1.000000 4
3918 -1.000000 4
3923 1.000000 5
3927 -1.000000 4
3931 1.000000 4
3935 -1.000000 4
3939 1.000000 4
3944 0.000000 5
3948 -1.000000 4
3952 1.000000 4
3956 1.000000 4
3960 1.000000 4
3965 1.000000 5
3969 -1.000000 4
3974 1.000000 5
3979 1.000000 5
3983 1.000000 4
3987 -1.000000 4
3991 -1.000000 4
3995 -1.000000 4
3998 1.000000 3
4002 1.000000 4
4005 -1.000000 3
4010 0.000000 5
4013 1.000000 3
4017 1.000000 4
4022 1.000000 5
4026 1.000000 4
4031 0.000000 5
4035 1.000000 4
4040 1.000000 5
4043 1.000000 3
4047 1.000000 4
4050 1.000000 3
4053 1.000000 3
4058 1.000000 5
4063 1.000000 5
4067 1.000000 4
4070 1.000000 3
4074 -1.000000 4
4079 0.000000 5
4083 -1.000000 4
4088 1.000000 5
4093 0.000000 5
4097 1.000000 4
4101 1.000000 4
4106 1.000000 5
4111 1.000000 5
4115 1.000000 4
4120 1.000000 5
4123 1.000000 3
4128 1.000000 5
4132 -1.000000 4
4137 0.000000 5
4142 0.000000 5
4145 -1.000000 3
4149 1.000000 4
4152 1.000000 3
4155 1.000000 3
4159 1.000000 4
4163 1.000000 4
4166 -1.000000 3
4171 1.000000 5
4176 1.000000 5
4180 1.000000 4
4184 1.000000 4
4188 1.000000 4
4192 1.000000 4
4197 0.000000 5
4201 1.000000 4
4204 1.000000 3
4207 1.000000 3
4211 -1.000000 4
4215 1.000000 4
4218 -1.000000 3
4223 1.000000 5
4228 1.000000 5
4232 1.000000 4
4235 -1.000000 3
4240 1.000000 5
4244 1.000000 4
4249 0.000000 5
4254 1.000000 5
4257 1.000000 3
4260 1.000000 3
4265 0.000000 5
4269 -1.000000 4
4273 1.000000 4
4277 1.000000 4
4280 -1.000000 3
4284 -1.000000 4
4289 1.000000 5
4293 -1.000000 4
4297 1.000000 4
4302 0.000000 5
4307 1.000000 5
4312 0.000000 5
4316 -1.000000 4
4320 1.000000 4
4324 1.000000 4
4328 -1.000000 4
4332 -1.000000 4
4337 0.000000 5
4341 1.000000 4
4345 -1.000000 4
4350 0.000000 5
4354 -1.000000 4
4359 1.000000 5
4363 1.000000 4
4367 1.000000 4
4372 0.000000 5
4377 0.000000 5
4382 1.000000 5
4386 1.000000 4
4389 -1.000000 3
4393 1.000000 4
4398 1.000000 5
4403 1.000000 5
4406 -1.000000 3
4411 1.000000 5
4416 1.000000 5
4421 1.000000 5
4426 1.000000 5
4429 1.000000 3
4434 1.000000 5
4438 1.000000 4
4441 -1.000000 3
4446 1.000000 5
4450 -1.000000 4
4455 1.000000 5
4458 1.000000 3
4463 1.000000 5
4468 1.000000 5
4472 -1.000000 4
4476 1.000000 4
4480 1.000000 4
4485 1.000000 5
4490 1.000000 5
4495 0.000000 5
4499 -1.000000 4
4503 -1.000000 4
4507 1.000000 4
4511 1.000000 4
4515 -1.000000 4
4518 -1.000000 3
4522 1.000000 4
4526 -1.000000 4
4530 1.000000 4
4534 -1.000000 4
4538 -1.000000 4
4543 1.000000 5
4547 1.000000 4
4551 1.000000 4
4555 1.000000 4
4558 -1.000000 3
4563 0.000000 5
4567 -1.000000 4
4571 -1.000000 4
4576 0.000000 5
4579 -1.000000 3
4583 1.000000 4
4588 0.000000 5
4592 1.000000 4
4597 0.000000 5
4602 1.000000 5
4606 1.000000 4
4610 1.000000 4
4613 -1.000000 3
4618 1.000000 5
4622 -1.000000 4
4626 1.000000 4
4630 1.000000 4
4633 1.000000 3
4637 -1.000000 4
4641 1.000000 4
4644 1.000000 3
4648 1.000000 4
4651 1.000000 3
4656 1.000000 5
4661 1.000000 5
4665 -1.000000 4
4670 1.000000 5
4675 1.000000 5
4679 1.000000 4
4684 1.000000 5
4689 0.000000 5
4694 0.000000 5
4699 1.000000 5
4704 0.000000 5
4707 -1.000000 3
4711 1.000000 4
4715 -1.000000 4
4718 1.000000 3
4722 1.000000 4
4727 1.000000 5
4731 1.000000 4
4734 1.000000 3
4738 1.000000 4
4742 -1.000000 4
4746 1.000000 4
4749 1.000000 3
4753 -1.000000 4
4757 -1.000000 4
4760 -1.000000 3
4765 0.000000 5
4769 1.000000 4
4773 1.000000 4
4778 1.000000 5
4781 1.000000 3
4784 -1.000000 3
4789 0.000000 5
4794 1.000000 5
4797 -1.000000 3
4800 -1.000000 3
4803 1.000000 3
4806 -1.000000 3
4810 -1.000000 4
4813 1.000000 3
4818 1.000000 5
4821 1.000000 3
4825 1.000000 4
4829 1.000000 4
4834 1.000000 5
4838 -1.000000 4
4843 1.000000 5
4848 1.000000 5
4852 -1.000000 4
4856 -1.000000 4
4860 -1.000000 4
4864 1.000000 4
4869 1.000000 5
4872 -1.000000 3
4876 1.000000 4
4879 1.000000 3
4883 1.000000 4
4888 0.000000 5
4893 1.000000 5
4896 -1.000000 3
4901 0.000000 5
4905 1.000000 4
4910 1.000000 5
4913 1.000000 3
4917 1.000000 4
4920 1.000000 3
4924 1.000000 4
4929 0.000000 5
4933 1.000000 4
4936 -1.000000 3
4941 0.000000 5
4944 -1.000000 3
4948 -1.000000 4
4953 1.000000 5
4956 -1.000000 3
4960 1.000000 4
4965 1.000000 5
4969 1.000000 4
4973 1.000000 4
4976 -1.000000 3
4980 -1.000000 4
4984 1.000000 4
4988 1.000000 4
4992 1.000000 4
4997 1.000000 5
5001 -1.000000 4
5005 1.000000 4
5008 1.000000 3
5013 1.000000 5
5017 1.000000 4
5021 -1.000000 4
5026 0.000000 5
5029 1.000000 3
5034 1.000000 5
5039 1.000000 5
5044 0.000000 5
5047 -1.000000 3
5050 -1.000000 3
5054 1.000000 4
5058 1.000000 4
5062 -1.000000 4
5066 1.000000 4
5069 1.000000 3
5073 1.000000 4
5077 1.000000 4
5082 1.000000 5
5085 -1.000000 3
5090 1.000000 5
5093 -1.000000 3
5097 1.000000 4
5101 -1.000000 4
5106 0.000000 5
5109 1.000000 3
5113 1.000000 4
5117 -1.000000 4
5121 1.000000 4
5126 1.000000 5
5129 1.000000 3
5133 1.000000 4
5138 0.000000 5
5141 -1.000000 3
5145 -1.000000 4
5150 1.000000 5
5153 1.000000 3
5158 1.000000 5
5163 1.000000 5
5167 -1.000000 4
5172 1.000000 5
5176 1.000000 4
5181 1.000000 5
5185 -1.000000 4
5189 1.000000 4
5193 1.000000 4
5198 1.000000 5
5202 1.000000 4
5207 0.000000 5
5212 1.000000 5
5216 -1.000000 4
5220 -1.000000 4
5225 1.000000 5
5230 0.000000 5
5233 1.000000 3
5236 1.000000 3
5241 0.000000 5
5246 1.000000 5
5251 1.000000 5
5254 -1.000000 3
5259 0.000000 5
5263 1.000000 4
5268 0.000000 5
5273 0.000000 5
5278 1.000000 5
5283 1.000000 5
5288 0.000000 5
5291 -1.000000 3
5294 -1.000000 3
5299 0.000000 5
5302 1.000000 3
5305 -1.000000 3
5310 1.000000 5
5314 -1.000000 4
5317 -1.000000 3
5320 -1.000000 3
5324 -1.000000 4
5329 1.000000 5
5334 1.000000 5
5338 1.000000 4
5341 1.000000 3
5345 1.000000 4
5350 1.000000 5
5353 1.000000 3
5357 -1.000000 4
5361 1.000000 4
5365 1.000000 4
5368 -1.000000 3
5373 0.000000 5
5377 1.000000 4
5382 1.000000 5
5387 0.000000 5
5390 1.000000 3
5393 -1.000000 3
5398 1.000000 5
5402 -1.000000 4
5406 1.000000 4
5411 1.000000 5
5416 1.000000 5
5420 -1.000000 4
5424 1.000000 4
5428 1.000000 4
5432 1.000000 4
5436 -1.000000 4
5441 0.000000 5
5445 -1.000000 4
5448 -1.000000 3
5452 -1.000000 4
5457 0.000000 5
5460 -1.000000 3
5465 1.000000 5
5470 1.000000 5
5474 1.000000 4
5478 -1.000000 4
5483 1.000000 5
5487 1.000000 4
5491 -1.000000 4
5495 -1.000000 4
5500 1.000000 5
5504 1.000000 4
5508 1.000000 4
5512 1.000000 4
5517 0.000000 5
5521 1.000000 4
5525 1.000000 4
5529 1.000000 4
5534 0.000000 5
5539 1.000000 5
5544 1.000000 5
5548 -1.000000 4
5552 -1.000000 4
5556 1.000000 4
5561 1.000000 5
5565 -1.000000 4
5570 0.000000 5
5574 -1.000000 4
5579 1.000000 5
5583 1.000000 4
5586 1.000000 3
5589 -1.000000 3
5593 -1.000000 4
5598 0.000000 5
5602 1.000000 4
5606 -1.000000 4
5610 -1.000000 4
5614 -1.000000 4
5619 1.000000 5
5623 -1.000000 4
5627 1.000000 4
5631 -1.000000 4
5635 -1.000000 4
5640 0.000000 5
5644 -1.000000 4
5648 1.000000 4
5652 1.000000 4
5655 1.000000 3
5660 1.000000 5
5664 1.000000 4
5668 1.000000 4
5673 1.000000 5
5676 -1.000000 3
5679 1.000000 3
5682 -1.000000 3
5686 -1.000000 4
5690 -1.000000 4
5694 1.000000 4
5699 1.000000 5
5703 1.000000 4
5708 0.000000 5
5712 -1.000000 4
5717 1.000000 5
5721 1.000000 4
5725 1.000000 4
5729 1.000000 4
5734 0.000000 5
5739 1.000000 5
5744 1.000000 5
5749 0.000000 5
5754 0.000000 5
5758 -1.000000 4
5762 1.000000 4
5766 1.000000 4
5769 -1.000000 3
5774 0.000000 5
5778 -1.000000 4
5783 0.000000 5
5787 -1.000000 4
5791 1.000000 4
5794 -1.000000 3
5799 1.000000 5
5804 1.000000 5
5808 1.000000 4
5813 0.000000 5
5816 -1.000000 3
5820 1.000000 4
5824 1.000000 4
5828 -1.000000 4
5832 1.000000 4
5835 1.000000 3
5840 0.000000 5
5845 1.000000 5
5848 1.000000 3
5851 -1.000000 3
5855 -1.000000 4
5860 1.000000 5
5864 -1.000000 4
5868 1.000000 4
5872 -1.000000 4
5877 1.000000 5
5881 1.000000 4
5886 0.000000 5
5890 -1.000000 4
5893 1.000000 3
5898 1.000000 5
5902 1.000000 4
5905 1.000000 3
5910 0.000000 5
5913 1.000000 3
5918 0.000000 5
5922 -1.000000 4
5926 -1.000000 4
5931 1.000000 5
5934 1.000000 3
5938 1.000000 4
5942 -1.000000 4
5946 1.000000 4
5950 -1.000000 4
5953 1.000000 3
5957 1.000000 4
5960 1.000000 3
5963 -1.000000 3
5968 0.000000 5
5973 1.000000 5
5977 1.000000 4
5981 1.000000 4
5986 1.000000 5
5991 1.000000 5
5996 0.000000 5
6000 -1.000000 4
6004 1.000000 4
6007 1.000000 3
6012 1.000000 5
6016 -1.000000 4
6019 1.000000 3
6023 -1.000000 4
6027 -1.000000 4
6030 1.000000 3
6035 0.000000 5
6038 -1.000000 3
6043 0.000000 5
6047 -1.000000 4
6051 1.000000 4
6055 1.000000 4
6059 1.000000 4
6063 1.000000 4
6068 0.000000 5
6072 1.000000 4
6076 1.000000 4
6080 1.000000 4
6084 -1.000000 4
6088 -1.000000 4
6091 1.000000 3
6096 1.000000 5
6101 1.000000 5
6104 1.000000 3
6109 1.000000 5
6113 -1.000000 4
6116 -1.000000 3
6120 -1.000000 4
6125 1.000000 5
6129 1.000000 4
6133 -1.000000 4
6137 1.000000 4
6142 1.000000 5
6147 1.000000 5
6151 -1.000000 4
6155 -1.000000 4
6160 1.000000 5
6164 -1.000000 4
6168 -1.000000 4
6173 1.000000 5
6178 0.000000 5
6181 -1.000000 3
6184 -1.000000 3
6188 1.000000 4
6191 -1.000000 3
6196 1.000000 5
6200 -1.000000 4
6204 1.000000 4
6208 1.000000 4
6212 1.000000 4
6217 1.000000 5
6220 -1.000000 3
6225 1.000000 5
6229 1.000000 4
6233 1.000000 4
6238 1.000000 5
6243 1.000000 5
6247 -1.000000 4
6252 0.000000 5
6256 -1.000000 4
6259 -1.000000 3
6262 -1.000000 3
6265 1.000000 3
6270 1.000000 5
6275 0.000000 5
6279 -1.000000 4
6284 1.000000 5
6288 1.000000 4
6292 1.000000 4
6296 1.000000 4
6301 1.000000 5
6305 -1.000000 4
6310 1.000000 5
6314 1.000000 4
6318 1.000000 4
6321 -1.000000 3
6324 1.000000 3
6328 1.000000 4
6332 1.000000 4
6336 1.000000 4
6340 1.000000 4
6345 0.000000 5
6350 1.000000 5
6355 0.000000 5
6358 1.000000 3
6363 1.000000 5
6367 -1.000000 4
6372 1.000000 5
6377 1.000000 5
6382 0.000000 5
6386 1.000000 4
6390 -1.000000 4
6395 0.000000 5
6399 1.000000 4
6403 -1.000000 4
6407 1.000000 4
6411 1.000000 4
6415 1.000000 4
6420 1.000000 5
6425 1.000000 5
6429 1.000000 4
6434 1.000000 5
6438 -1.000000 4
6442 1.000000 4
6446 1.000000 4
6451 0.000000 5
6456 1.000000 5
6461 1.000000 5
6465 1.000000 4
6469 1.000000 4
6473 1.000000 4
6477 1.000000 4
6482 1.000000 5
6486 -1.000000 4
6490 -1.000000 4
6495 0.000000 5
6500 1.000000 5
6504 1.000000 4
6509 1.000000 5
6513 -1.000000 4
6517 -1.000000 4
6520 1.000000 3
6524 1.000000 4
6528 -1.000000 4
6532 1.000000 4
6537 1.000000 5
6542 1.000000 5
6547 1.000000 5
6551 -1.000000 4
6554 1.000000 3
6558 1.000000 4
6562 1.000000 4
6567 1.000000 5
6570 1.000000 3
6573 -1.000000 3
6578 1.000000 5
6582 1.000000 4
6586 -1.000000 4
6591 1.000000 5
6596 1.000000 5
6600 -1.000000 4
6604 -1.000000 4
6607 1.000000 3
6610 -1.000000 3
6614 1.000000 4
6618 -1.000000 4
6622 -1.000000 4
6627 1.000000 5
6631 -1.000000 4
6634 -1.000000 3
6638 -1.000000 4
6643 1.000000 5
6646 1.000000 3
6650 1.000000 4
6655 0.000000 5
6660 1.000000 5
6664 1.000000 4
6669 1.000000 5
6674 0.000000 5
6679 1.000000 5
6683 -1.000000 4
6687 -1.000000 4
6691 1.000000 4
6696 0.000000 5
6700 -1.000000 4
6705 0.000000 5
6710 1.000000 5
6715 1.000000 5
6720 0.000000 5
6724 -1.000000 4
6727 1.000000 3
6732 1.000000 5
6737 0.000000 5
6741 -1.000000 4
6746 1.000000 5
6749 1.000000 3
6754 0.000000 5
6758 1.000000 4
6762 1.000000 4
6766 1.000000 4
6771 0.000000 5
6775 1.000000 4
6779 1.000000 4
6784 0.000000 5
6788 1.000000 4
6793 1.000000 5
6797 -1.000000 4
6802 0.000000 5
6805 -1.000000 3
6809 1.000000 4
6812 1.000000 3
6816 -1.000000 4
6819 -1.000000 3
6822 -1.000000 3
6825 1.000000 3
6828 -1.000000 3
6832 1.000000 4
6837 0.000000 5
6840 -1.000000 3
6844 1.000000 4
6848 -1.000000 4
6852 -1.000000 4
6857 1.000000 5
6861 -1.000000 4
6866 1.000000 5
6870 -1.000000 4
6875 1.000000 5
6880 1.000000 5
6884 -1.000000 4
6887 -1.000000 3
6892 1.000000 5
6896 1.000000 4
6901 1.000000 5
6905 1.000000 4
6910 1.000000 5
6913 -1.000000 3
6916 1.000000 3
6920 1.000000 4
6925 1.000000 5
6930 1.000000 5
6934 1.000000 4
6938 1.000000 4
6943 0.000000 5
6946 -1.000000 3
6951 1.000000 5
6954 1.000000 3
6959 1.000000 5
6963 1.000000 4
6967 1.000000 4
6971 1.000000 4
6975 -1.000000 4
6980 0.000000 5
6985 0.000000 5
6989 -1.000000 4
6993 -1.000000 4
6997 -1.000000 4
7002 0.000000 5
7006 -1.000000 4
7011 1.000000 5
7016 1.000000 5
7020 -1.000000 4
7023 -1.000000 3
7028 0.000000 5
7032 1.000000 4
7036 1.000000 4
7039 1.000000 3
7044 1.000000 5
7049 0.000000 5
7053 1.000000 4
7058 1.000000 5
7062 1.000000 4
7067 1.000000 5
7072 1.000000 5
7077 1.000000 5
7080 1.000000 3
7084 -1.000000 4
7088 1.000000 4
7092 1.000000 4
7096 1.000000 4
7100 -1.000000 4
7104 -1.000000 4
7109 1.000000 5
7113 1.000000 4
7117 1.000000 4
7120 1.000000 3
7124 -1.000000 4
7127 1.000000 3
7131 1.000000 4
7135 1.000000 4
7139 1.000000 4
7143 -1.000000 4
7146 1.000000 3
7151 0.000000 5
7156 1.000000 5
7161 1.000000 5
7166 1.000000 5
7169 1.000000 3
7174 0.000000 5
7178 1.000000 4
7183 0.000000 5
7187 1.000000 4
7192 1.000000 5
7196 1.000000 4
7199 1.000000 3
7202 1.000000 3
7205 1.000000 3
7209 1.000000 4
7214 0.000000 5
7219 1.000000 5
7223 -1.000000 4
7226 -1.000000 3
7230 1.000000 4
7235 1.000000 5
7239 1.000000 4
7243 -1.000000 4
7248 1.000000 5
7251 1.000000 3
7255 -1.000000 4
7259 1.000000 4
7262 1.000000 3
7267 1.000000 5
7270 -1.000000 3
7275 0.000000 5
7278 -1.000000 3
7281 1.000000 3
7286 1.000000 5
7291 1.000000 5
7295 -1.000000 4
7300 0.000000 5
7303 1.000000 3
7307 -1.000000 4
7311 -1.000000 4
7316 1.000000 5
7320 1.000000 4
7325 1.000000 5
7328 -1.000000 3
7333 1.000000 5
7336 1.000000 3
7340 -1.000000 4
7345 1.000000 5
7349 1.000000 4
7352 -1.000000 3
7356 -1.000000 4
7360 1.000000 4
7364 1.000000 4
7367 -1.000000 3
7371 1.000000 4
7376 0.000000 5
7379 1.000000 3
7383 -1.000000 4
7387 1.000000 4
7390 -1.000000 3
7395 0.000000 5
7400 0.000000 5
7405 0.000000 5
7409 1.000000 4
7413 1.000000 4
7416 -1.000000 3
7419 -1.000000 3
7423 1.000000 4
7427 -1.000000 4
7432 0.000000 5
7436 -1.000000 4
7440 -1.000000 4
7443 -1.000000 3
7446 1.000000 3
7449 -1.000000 3
7454 0.000000 5
7458 1.000000 4
7461 -1.000000 3
7465 1.000000 4
7468 -1.000000 3
7471 1.000000 3
7475 -1.000000 4
7480 1.000000 5
7484 -1.000000 4
7489 1.000000 5
7493 -1.000000 4
7497 -1.000000 4
7502 0.000000 5
7506 1.000000 4
7510 1.000000 4
7514 -1.000000 4
7517 -1.000000 3
7521 1.000000 4
7524 -1.000000 3
7529 1.000000 5
7534 0.000000 5
7539 0.000000 5
7542 -1.000000 3
7546 -1.000000 4
7551 0.000000 5
7556 0.000000 5
7560 -1.000000 4
7564 1.000000 4
7568 1.000000 4
7572 1.000000 4
7575 1.000000 3
7579 -1.000000 4
7584 1.000000 5
7587 -1.000000 3
7591 1.000000 4
7596 0.000000 5
7600 -1.000000 4
7604 1.000000 4
7609 0.000000 5
7613 1.000000 4
7616 1.000000 3
7621 0.000000 5
7625 -1.000000 4
7630 1.000000 5
7634 1.000000 4
7637 -1.000000 3
7642 0.000000 5
7646 1.000000 4
7649 -1.000000 3
7653 1.000000 4
7657 -1.000000 4
7661 -1.000000 4
7665 1.000000 4
7669 1.000000 4
7672 -1.000000 3
7677 0.000000 5
7682 1.000000 5
7686 -1.000000 4
7689 1.000000 3
7694 1.000000 5
7698 -1.000000 4
7701 1.000000 3
7705 1.000000 4
7709 -1.000000 4
7713 1.000000 4
7718 1.000000 5
7722 1.000000 4
7726 1.000000 4
7730 1.000000 4
7734 1.000000 4
7738 1.000000 4
7742 1.000000 4
7746 -1.000000 4
7751 1.000000 5
7755 -1.000000 4
7759 -1.000000 4
7763 -1.000000 4
7767 1.000000 4
7770 1.000000 3
7775 0.000000 5
7780 1.000000 5
7785 1.000000 5
7790 1.000000 5
7793 1.000000 3
7796 -1.000000 3
7801 1.000000 5
7805 -1.000000 4
7809 -1.000000 4
7814 1.000000 5
7818 1.000000 4
7823 1.000000 5
7827 -1.000000 4
7831 1.000000 4
7836 0.000000 5
7841 0.000000 5
7846 1.000000 5
7850 -1.000000 4
7853 1.000000 3
7857 -1.000000 4
7861 -1.000000 4
7866 1.000000 5
7870 -1.000000 4
7875 0.000000 5
7879 1.000000 4
7883 1.000000 4
7887 1.000000 4
7891 1.000000 4
7896 0.000000 5
7900 1.000000 4
7904 -1.000000 4
7909 1.000000 5
7912 1.000000 3
7916 1.000000 4
7921 0.000000 5
7926 1.000000 5
7930 -1.000000 4
7933 -1.000000 3
7936 -1.000000 3
7940 1.000000 4
7944 1.000000 4
7948 -1.000000 4
7951 1.000000 3
7956 0.000000 5
7960 -1.000000 4
7964 -1.000000 4
7968 -1.000000 4
7973 1.000000 5
7978 0.000000 5
7982 1.000000 4
7987 1.000000 5
7991 1.000000 4
7995 -1.000000 4
7999 1.000000 4
8002 -1.000000 3
8006 -1.000000 4
8011 0.000000 5
8014 -1.000000 3
8018 1.000000 4
8023 0.000000 5
8027 1.000000 4
8032 0.000000 5
8036 1.000000 4
8040 1.000000 4
8045 1.000000 5
8049 1.000000 4
8052 -1.000000 3
8056 1.000000 4
8061 1.000000 5
8065 1.000000 4
8070 0.000000 5
8074 -1.000000 4
8079 1.000000 5
8084 1.000000 5
8087 1.000000 3
8092 1.000000 5
8097 0.000000 5
8101 1.000000 4
8104 -1.000000 3
8108 -1.000000 4
8111 1.000000 3
8116 1.000000 5
8120 1.000000 4
8123 -1.000000 3
8128 1.000000 5
8132 -1.000000 4
8137 1.000000 5
8141 1.000000 4
8146 1.000000 5
8149 -1.000000 3
8153 -1.000000 4
8157 1.000000 4
8161 -1.000000 4
8165 1.000000 4
8170 1.000000 5
8175 0.000000 5
8179 1.000000 4
8182 1.000000 3
8186 -1.000000 4
8190 -1.000000 4
8194 -1.000000 4
8198 -1.000000 4
8203 1.000000 5
8207 1.000000 4
8212 1.000000 5
8217 1.000000 5
8221 1.000000 4
8225 -1.000000 4
8230 1.000000 5
8234 1.000000 4
8239 1.000000 5
8243 1.000000 4
8247 1.000000 4
8250 1.000000 3
8253 1.000000 3
8258 0.000000 5
8262 1.000000 4
8266 1.000000 4
8271 1.000000 5
8276 1.000000 5
8281 1.000000 5
8285 1.000000 4
8290 1.000000 5
8293 1.000000 3
8298 0.000000 5
8301 1.000000 3
8306 0.000000 5
8310 1.000000 4
8314 1.000000 4
8318 1.000000 4
8323 1.000000 5
8327 1.000000 4
8331 1.000000 4
8335 -1.000000 4
8339 1.000000 4
8342 1.000000 3
8346 -1.000000 4
8350 1.000000 4
8353 1.000000 3
8356 1.000000 3
8361 1.000000 5
8366 1.000000 5
8370 1.000000 4
8375 1.000000 5
8378 1.000000 3
8382 1.000000 4
8386 1.000000 4
8389 -1.000000 3
8393 1.000000 4
8398 0.000000 5
8402 1.000000 4
8407 1.000000 5
8411 1.000000 4
8416 0.000000 5
8421 1.000000 5
8425 1.000000 4
8429 1.000000 4
8433 1.000000 4
8437 -1.000000 4
8441 1.000000 4
8444 1.000000 3
8448 1.000000 4
8452 1.000000 4
8456 -1.000000 4
8461 1.000000 5
8465 -1.000000 4
8469 1.000000 4
8473 1.000000 4
8477 -1.000000 4
8481 -1.000000 4
8486 0.000000 5
8491 1.000000 5
8495 1.000000 4
8500 0.000000 5
8504 1.000000 4
8509 1.000000 5
8513 1.000000 4
8518 1.000000 5
8522 -1.000000 4
8527 0.000000 5
8532 1.000000 5
8536 -1.000000 4
8539 1.000000 3
8543 1.000000 4
8548 0.000000 5
8551 -1.000000 3
8555 -1.000000 4
8560 1.000000 5
8564 1.000000 4
8567 -1.000000 3
8570 1.000000 3
8574 -1.000000 4
8578 1.000000 4
8583 1.000000 5
8587 -1.000000 4
8591 1.000000 4
8596 0.000000 5
8601 0.000000 5
8604 1.000000 3
8608 -1.000000 4
8611 1.000000 3
8615 -1.000000 4
8619 1.000000 4
8623 1.000000 4
8626 -1.000000 3
8630 1.000000 4
8634 1.000000 4
8637 1.000000 3
8640 -1.000000 3
8644 -1.000000 4
8648 1.000000 4
8652 1.000000 4
8656 1.000000 4
8661 1.000000 5
8664 -1.000000 3
8669 0.000000 5
8673 -1.000000 4
8678 1.000000 5
8683 1.000000 5
8687 1.000000 4
8692 1.000000 5
8697 1.000000 5
8702 0.000000 5
8706 1.000000 4
8711 1.000000 5
8715 -1.000000 4
8720 1.000000 5
8725 0.000000 5
8729 1.000000 4
8734 1.000000 5
8737 -1.000000 3
8741 -1.000000 4
8746 1.000000 5
8749 -1.000000 3
8753 1.000000 4
8758 0.000000 5
8762 -1.000000 4
8766 1.000000 4
8771 0.000000 5
8776 0.000000 5
8780 1.000000 4
8783 1.000000 3
8787 1.000000 4
8792 1.000000 5
8797 0.000000 5
8801 -1.000000 4
8804 -1.000000 3
8808 1.000000 4
8813 1.000000 5
8816 -1.000000 3
8819 -1.000000 3
8824 0.000000 5
8827 -1.000000 3
8830 -1.000000 3
8834 -1.000000 4
8838 -1.000000 4
8842 1.000000 4
8846 1.000000 4
8849 1.000000 3
8854 1.000000 5
8857 1.000000 3
8862 0.000000 5
8866 -1.000000 4
8871 0.000000 5
8875 -1.000000 4
8880 1.000000 5
8884 -1.000000 4
8888 1.000000 4
8893 0.000000 5
8897 1.000000 4
8902 1.000000 5
8906 -1.000000 4
8911 0.000000 5
8915 1.000000 4
8920 0.000000 5
8924 -1.000000 4
8929 1.000000 5
8933 1.000000 4
8936 1.000000 3
8939 -1.000000 3
8944 1.000000 5
8949 1.000000 5
8953 1.000000 4
8956 1.000000 3
8961 1.000000 5
8966 0.000000 5
8970 -1.000000 4
8975 0.000000 5
8978 1.000000 3
8983 1.000000 5
8987 -1.000000 4
8992 0.000000 5
8996 -1.000000 4
9000 -1.000000 4
9003 1.000000 3
9007 1.000000 4
9012 1.000000 5
9016 1.000000 4
9020 1.000000 4
9024 -1.000000 4
9027 1.000000 3
9032 1.000000 5
9037 0.000000 5
9041 1.000000 4
9044 1.000000 3
9047 1.000000 3
9052 1.000000 5
9055 1.000000 3
9060 1.000000 5
9064 -1.000000 4
9068 -1.000000 4
9072 -1.000000 4
9077 1.000000 5
9080 -1.000000 3
9084 1.000000 4
9089 1.000000 5
9092 1.000000 3
9097 1.000000 5
9101 -1.000000 4
9106 1.000000 5
9111 1.000000 5
9115 1.000000 4
9120 1.000000 5
9124 1.000000 4
9129 1.000000 5
9133 -1.000000 4
9138 0.000000 5
9141 -1.000000 3
9146 1.000000 5
9150 1.000000 4
9154 1.000000 4
9158 1.000000 4
9162 -1.000000 4
9166 -1.000000 4
9170 -1.000000 4
9173 1.000000 3
9178 0.000000 5
9182 -1.000000 4
9186 1.000000 4
9191 0.000000 5
9195 -1.000000 4
9199 1.000000 4
9203 1.000000 4
9206 -1.000000 3
9209 -1.000000 3
9214 1.000000 5
9218 1.000000 4
9222 -1.000000 4
9227 0.000000 5
9231 -1.000000 4
9235 -1.000000 4
9239 1.000000 4
9242 1.000000 3
9245 1.000000 3
9249 1.000000 4
9253 -1.000000 4
9257 -1.000000 4
9262 1.000000 5
9266 1.000000 4
9271 1.000000 5
9274 1.000000 3
9279 0.000000 5
9283 1.000000 4
9288 1.000000 5
9292 -1.000000 4
9296 -1.000000 4
9301 1.000000 5
9304 1.000000 3
9308 1.000000 4
9312 -1.000000 4
9315 1.000000 3
9319 1.000000 4
9324 1.000000 5
9328 1.000000 4
9331 1.000000 3
9335 -1.000000 4
9338 1.000000 3
9343 1.000000 5
9348 1.000000 5
9351 1.000000 3
9355 -1.000000 4
9358 -1.000000 3
9361 1.000000 3
9365 1.000000 4
9369 1.000000 4
9374 1.000000 5
9377 1.000000 3
9380 1.000000 3
9384 1.000000 4
9388 -1.000000 4
9393 0.000000 5
9398 1.000000 5
9403 1.000000 5
9408 1.000000 5
9412 1.000000 4
9417 0.000000 5
9420 -1.000000 3
9423 -1.000000 3
9427 1.000000 4
9432 1.000000 5
9436 1.000000 4
9441 1.000000 5
9445 -1.000000 4
9450 0.000000 5
9453 -1.000000 3
9458 0.000000 5
9462 -1.000000 4
9466 -1.000000 4
9469 1.000000 3
9472 1.000000 3
9477 0.000000 5
9481 -1.000000 4
9485 1.000000 4
9490 1.000000 5
9495 1.000000 5
9499 1.000000 4
9503 -1.000000 4
9506 -1.000000 3
9509 1.000000 3
9513 -1.000000 4
9517 1.000000 4
9521 1.000000 4
9526 0.000000 5
9531 1.000000 5
9536 0.000000 5
9540 1.000000 4
9544 1.000000 4
9549 0.000000 5
9554 1.000000 5
9559 0.000000 5
9564 1.000000 5
9568 1.000000 4
9573 1.000000 5
9578 1.000000 5
9582 -1.000000 4
9585 -1.000000 3
9590 1.000000 5
9595 1.000000 5
9598 1.000000 3
9602 -1.000000 4
9606 1.000000 4
9610 1.000000 4
9613 1.000000 3
9616 -1.000000 3
9619 -1.000000 3
9624 1.000000 5
9628 1.000000 4
9633 1.000000 5
9637 -1.000000 4
9642 1.000000 5
9646 -1.000000 4
9651 1.000000 5
9655 1.000000 4
9660 1.000000 5
9663 1.000000 3
9667 1.000000 4
9671 1.000000 4
9676 1.000000 5
9680 -1.000000 4
9685 1.000000 5
9688 1.000000 3
9692 1.000000 4
9696 1.000000 4
9700 1.000000 4
9703 1.000000 3
9706 1.000000 3
9711 1.000000 5
9715 1.000000 4
9719 1.000000 4
9723 1.000000 4
9726 1.000000 3
9730 1.000000 4
9734 -1.000000 4
9737 -1.000000 3
9741 1.000000 4
9746 1.000000 5
9750 1.000000 4
9753 -1.000000 3
9758 1.000000 5
9762 1.000000 4
9767 0.000000 5
9772 0.000000 5
9777 1.000000 5
9782 1.000000 5
9787 0.000000 5
9792 0.000000 5
9796 -1.000000 4
9801 0.000000 5
9805 -1.000000 4
9808 1.000000 3
9812 1.000000 4
9816 -1.000000 4
9820 1.000000 4
9824 -1.000000 4
9827 -1.000000 3
9831 1.000000 4
9835 -1.000000 4
9839 1.000000 4
9844 0.000000 5
9848 1.000000 4
9852 -1.000000 4
9857 1.000000 5
9862 0.000000 5
9866 1.000000 4
9870 1.000000 4
9875 1.000000 5
9880 1.000000 5
9885 1.000000 5
9890 0.000000 5
9894 -1.000000 4
9899 0.000000 5
9903 -1.000000 4
9906 -1.000000 3
9910 1.000000 4
9914 -1.000000 4
9917 1.000000 3
9920 -1.000000 3
9924 1.000000 4
9928 -1.000000 4
9933 1.000000 5
9937 -1.000000 4
9942 1.000000 5
9946 1.000000 4
9951 1.000000 5
9955 -1.000000 4
9960 1.000000 5
9964 1.000000 4
9969 0.000000 5
9974 1.000000 5
9978 1.000000 4
9983 1.000000 5
9986 1.000000 3
9989 -1.000000 3
9994 1.000000 5
9999 0.000000 5
10004 1.000000 5
10007 -1.000000 3
10010 -1.000000 3
10013 -1.000000 3
10016 -1.000000 3
10019 -1.000000 3
10022 -1.000000 3
10025 -1.000000 3
10028 -1.000000 3
10031 -1.000000 3
10034 -1.000000 3
10037 -1.000000 3
10040 -1.000000 3
10043 -1.000000 3
10046 -1.000000 3
10049 -1.000000 3
10052 -1.000000 3
10055 -1.000000 3
10058 -1.000000 3
10061 -1.000000 3
10064 -1.000000 3
10067 -1.000000 3
10070 -1.000000 3
10073 -1.000000 3
10076 -1.000000 3
10079 -1.000000 3
10082 -1.000000 3
10085 -1.000000 3
10088 -1.000000 3
10091 -1.000000 3
10094 -1.000000 3
10097 -1.000000 3
10100 -1.000000 3
10103 -1.000000 3
10106 -1.000000 3
10109 -1.000000 3
10112 -1.000000 3
10115 -1.000000 3
10118 -1.000000 3
10121 -1.000000 3
10124 -1.000000 3
10127 -1.000000 3
10130 -1.000000 3
10133 -1.000000 3
10136 -1.000000 3
10139 -1.000000 3
10142 -1.000000 3
10145 -1.000000 3
10148 -1.000000 3
10151 -1.000000 3
10154 -1.000000 3
10157 -1.000000 3
10160 -1.000000 3
10163 -1.000000 3
10166 -1.000000 3
10169 -1.000000 3
10172 -1.000000 3
10175 -1.000000 3
10178 -1.000000 3
10181 -1.000000 3
10184 -1.000000 3
10187 -1.000000 3
10190 -1.000000 3
10193 -1.000000 3
10196 -1.000000 3
10199 -1.000000 3
10202 -1.000000 3
10205 -1.000000 3
10208 -1.000000 3
10211 -1.000000 3
10214 -1.000000 3
10217 -1.000000 3
10220 -1.000000 3
10223 -1.000000 3
10226 -1.000000 3
10229 -1.000000 3
10232 -1.000000 3
10235 -1.000000 3
10239 -1.000000 4
10242 -1.000000 3
10245 -1.000000 3
10248 -1.000000 3
10251 -1.000000 3
10254 -1.000000 3
10257 -1.000000 3
10260 -1.000000 3
10263 -1.000000 3
10266 -1.000000 3
10269 -1.000000 3
10272 -1.000000 3
10275 -1.000000 3
10278 -1.000000 3
10281 -1.000000 3
10284 -1.000000 3
10287 -1.000000 3
10290 -1.000000 3
10293 -1.000000 3
10296 -1.000000 3
10301 0.000000 5
10304 -1.000000 3
10307 -1.000000 3
10310 -1.000000 3
10313 -1.000000 3
10316 -1.000000 3
10319 -1.000000 3
10322 -1.000000 3
10325 -1.000000 3
10328 -1.000000 3
10331 -1.000000 3
10334 -1.000000 3
10337 -1.000000 3
10340 -1.000000 3
10343 -1.000000 3
10346 -1.000000 3
10349 -1.000000 3
10352 -1.000000 3
10355 -1.000000 3
10358 -1.000000 3
10361 -1.000000 3
10364 -1.000000 3
10367 -1.000000 3
10370 -1.000000 3
10373 -1.000000 3
10376 -1.000000 3
10379 -1.000000 3
10382 -1.000000 3
10385 -1.000000 3
10388 -1.000000 3
10391 -1.000000 3
10394 -1.000000 3
10397 -1.000000 3
10400 -1.000000 3
10403 -1.000000 3
10406 -1.000000 3
10409 -1.000000 3
10412 -1.000000 3
10415 -1.000000 3
10418 -1.000000 3
10421 -1.000000 3
10424 -1.000000 3
10427 -1.000000 3
10430 -1.000000 3
10433 -1.000000 3
10436 -1.000000 3
10439 -1.000000 3
10442 -1.000000 3
10445 -1.000000 3
10448 -1.000000 3
10451 -1.000000 3
10454 -1.000000 3
10457 -1.000000 3
10460 -1.000000 3
10463 -1.000000 3
10466 -1.000000 3
10469 -1.000000 3
10472 -1.000000 3
10475 -1.000000 3
10478 -1.000000 3
10481 -1.000000 3
10484 -1.000000 3
10487 -1.000000 3
10490 -1.000000 3
10493 -1.000000 3
10496 -1.000000 3
10499 -1.000000 3
10502 -1.000000 3
10505 -1.000000 3
10508 -1.000000 3
10511 -1.000000 3
10514 -1.000000 3
10517 -1.000000 3
10520 -1.000000 3
10523 -1.000000 3
10526 -1.000000 3
10529 -1.000000 3
10532 -1.000000 3
10535 -1.000000 3
10538 -1.000000 3
10541 -1.000000 3
10544 -1.000000 3
10547 -1.000000 3
10550 -1.000000 3
10553 -1.000000 3
10556 -1.000000 3
10559 -1.000000 3
10562 -1.000000 3
10565 -1.000000 3
10568 -1.000000 3
10571 -1.000000 3
10574 -1.000000 3
10577 -1.000000 3
10580 -1.000000 3
10583 -1.000000 3
10586 -1.000000 3
10589 -1.000000 3
10592 -1.000000 3
10595 -1.000000 3
10598 -1.000000 3
10601 -1.000000 3
10604 -1.000000 3
10607 -1.000000 3
10610 -1.000000 3
10613 -1.000000 3
10616 -1.000000 3
10619 -1.000000 3
10622 -1.000000 3
10625 -1.000000 3
10628 -1.000000 3
10631 -1.000000 3
10634 -1.000000 3
10637 -1.000000 3
10640 -1.000000 3
10643 -1.000000 3
10646 -1.000000 3
10649 -1.000000 3
10652 -1.000000 3
10655 -1.000000 3
10658 -1.000000 3
10661 -1.000000 3
10664 -1.000000 3
10667 -1.000000 3
10670 -1.000000 3
10673 -1.000000 3
10676 -1.000000 3
10679 -1.000000 3
10682 -1.000000 3
10685 -1.000000 3
10688 -1.000000 3
10691 -1.000000 3
10694 -1.000000 3
10697 -1.000000 3
10700 -1.000000 3
10703 -1.000000 3
10706 -1.000000 3
10709 -1.000000 3
10712 -1.000000 3
10715 -1.000000 3
10718 -1.000000 3
10721 -1.000000 3
10724 -1.000000 3
10727 -1.000000 3
10730 -1.000000 3
10733 -1.000000 3
10736 -1.000000 3
10739 -1.000000 3
10742 -1.000000 3
10745 -1.000000 3
10748 -1.000000 3
10751 -1.000000 3
10754 -1.000000 3
10757 -1.000000 3
10760 -1.000000 3
10763 -1.000000 3
10766 -1.000000 3
10769 -1.000000 3
10772 -1.000000 3
10775 -1.000000 3
10778 -1.000000 3
10781 -1.000000 3
10784 -1.000000 3
10787 -1.000000 3
10790 -1.000000 3
10793 -1.000000 3
10796 -1.000000 3
10799 -1.000000 3
10802 -1.000000 3
10805 -1.000000 3
10808 -1.000000 3
10811 -1.000000 3
10814 -1.000000 3
10817 -1.000000 3
10820 -1.000000 3
10823 -1.000000 3
10826 -1.000000 3
10829 -1.000000 3
10832 -1.000000 3
10835 -1.000000 3
10838 -1.000000 3
10841 -1.000000 3
10844 -1.000000 3
10847 -1.000000 3
10850 -1.000000 3
10853 -1.000000 3
10856 -1.000000 3
10859 -1.000000 3
10862 -1.000000 3
10865 -1.000000 3
10868 -1.000000 3
10871 -1.000000 3
10874 -1.000000 3
10877 -1.000000 3
10880 -1.000000 3
10883 -1.000000 3
10886 -1.000000 3
10889 -1.000000 3
10892 -1.000000 3
10895 -1.000000 3
10898 -1.000000 3
10901 -1.000000 3
10904 -1.000000 3
10907 -1.000000 3
10910 -1.000000 3
10913 -1.000000 3
10916 -1.000000 3
10919 -1.000000 3
10922 -1.000000 3
10925 -1.000000 3
10928 -1.000000 3
10931 -1.000000 3
10934 -1.000000 3
10937 -1.000000 3
10940 -1.000000 3
10943 -1.000000 3
10946 -1.000000 3
10949 -1.000000 3
10952 -1.000000 3
10955 -1.000000 3
10958 -1.000000 3
10961 -1.000000 3
10964 -1.000000 3
10967 -1.000000 3
10970 -1.000000 3
10973 -1.000000 3
10976 -1.000000 3
10979 -1.000000 3
10982 -1.000000 3
10985 -1.000000 3
10988 -1.000000 3
10991 -1.000000 3
10994 -1.000000 3
10997 -1.000000 3
11000 -1.000000 3
11003 -1.000000 3
11006 -1.000000 3
11009 1.000000 3
11012 1.000000 3
11015 1.000000 3
11018 1.000000 3
11022 1.000000 4
11025 1.000000 3
11029 1.000000 4
11033 1.000000 4
11036 -1.000000 3
11039 1.000000 3
11043 1.000000 4
11047 1.000000 4
11051 -1.000000 4
11054 1.000000 3
11057 1.000000 3
11060 1.000000 3
11064 1.000000 4
11067 1.000000 3
11070 1.000000 3
11073 1.000000 3
11077 1.000000 4
11081 1.000000 4
11084 1.000000 3
11087 1.000000 3
11091 1.000000 4
11094 1.000000 3
11097 1.000000 3
11101 1.000000 4
11105 1.000000 4
11108 1.000000 3
11111 1.000000 3
11114 1.000000 3
11118 1.000000 4
11122 1.000000 4
11125 1.000000 3
11129 1.000000 4
11132 1.000000 3
11136 -1.000000 4
11140 1.000000 4
11143 1.000000 3
11147 1.000000 4
11150 1.000000 3
11155 0.000000 5
11159 1.000000 4
11163 1.000000 4
11166 1.000000 3
11169 1.000000 3
11172 -1.000000 3
11175 1.000000 3
11179 1.000000 4
11184 0.000000 5
11187 1.000000 3
11192 0.000000 5
11195 -1.000000 3
11199 1.000000 4
11202 1.000000 3
11205 1.000000 3
11209 1.000000 4
11213 1.000000 4
11216 1.000000 3
11220 1.000000 4
11223 1.000000 3
11227 1.000000 4
11230 1.000000 3
11233 1.000000 3
11236 1.000000 3
11239 1.000000 3
11242 1.000000 3
11245 -1.000000 3
11248 1.000000 3
11252 1.000000 4
11257 0.000000 5
11260 1.000000 3
11263 1.000000 3
11266 1.000000 3
11270 1.000000 4
11273 1.000000 3
11276 1.000000 3
11279 1.000000 3
11282 1.000000 3
11285 1.000000 3
11288 1.000000 3
11291 1.000000 3
11294 1.000000 3
11297 1.000000 3
11301 1.000000 4
11305 1.000000 4
11310 1.000000 5
11313 1.000000 3
11316 1.000000 3
11319 1.000000 3
11323 1.000000 4
11327 1.000000 4
11330 1.000000 3
11334 1.000000 4
11337 1.000000 3
11341 1.000000 4
11344 1.000000 3
11348 1.000000 4
11352 1.000000 4
11356 1.000000 4
11360 1.000000 4
11363 -1.000000 3
11367 1.000000 4
11371 1.000000 4
11375 -1.000000 4
11379 1.000000 4
11383 1.000000 4
11386 1.000000 3
11389 1.000000 3
11392 -1.000000 3
11396 1.000000 4
11399 1.000000 3
11403 1.000000 4
11406 1.000000 3
11410 1.000000 4
11413 1.000000 3
11416 1.000000 3
11420 1.000000 4
11423 1.000000 3
11426 1.000000 3
11430 1.000000 4
11434 -1.000000 4
11437 1.000000 3
11440 1.000000 3
11444 1.000000 4
11447 1.000000 3
11450 1.000000 3
11453 1.000000 3
11457 1.000000 4
11461 1.000000 4
11465 1.000000 4
11470 0.000000 5
11474 1.000000 4
11477 1.000000 3
11480 1.000000 3
11484 1.000000 4
11488 -1.000000 4
11491 1.000000 3
11494 1.000000 3
11498 1.000000 4
11503 1.000000 5
11507 1.000000 4
11510 1.000000 3
11514 1.000000 4
11518 1.000000 4
11521 1.000000 3
11525 -1.000000 4
11529 1.000000 4
11532 1.000000 3
11535 1.000000 3
11538 1.000000 3
11542 1.000000 4
11545 -1.000000 3
11549 1.000000 4
11554 0.000000 5
11557 1.000000 3
11561 1.000000 4
11565 1.000000 4
11568 1.000000 3
11573 0.000000 5
11576 -1.000000 3
11579 1.000000 3
11582 1.000000 3
11586 1.000000 4
11591 0.000000 5
11594 1.000000 3
11598 1.000000 4
11602 1.000000 4
11606 1.000000 4
11610 1.000000 4
11614 1.000000 4
11617 1.000000 3
11620 1.000000 3
11623 1.000000 3
11626 1.000000 3
11631 1.000000 5
11634 1.000000 3
11639 1.000000 5
11642 -1.000000 3
11646 1.000000 4
11650 1.000000 4
11654 1.000000 4
11658 1.000000 4
11661 1.000000 3
11665 1.000000 4
11669 1.000000 4
11673 1.000000 4
11677 1.000000 4
11680 1.000000 3
11683 1.000000 3
11687 1.000000 4
11692 1.000000 5
11695 1.000000 3
11698 1.000000 3
11701 1.000000 3
11704 1.000000 3
11707 1.000000 3
11710 1.000000 3
11714 1.000000 4
11717 1.000000 3
11720 1.000000 3
11724 1.000000 4
11727 1.000000 3
11731 1.000000 4
11736 0.000000 5
11739 1.000000 3
11742 1.000000 3
11746 1.000000 4
11751 0.000000 5
11754 1.000000 3
11759 0.000000 5
11763 1.000000 4
11766 -1.000000 3
11771 0.000000 5
11774 1.000000 3
11778 1.000000 4
11781 1.000000 3
11784 -1.000000 3
11787 1.000000 3
11790 1.000000 3
11794 1.000000 4
11798 -1.000000 4
11801 1.000000 3
11806 0.000000 5
11809 -1.000000 3
11813 1.000000 4
11818 0.000000 5
11821 1.000000 3
11825 1.000000 4
11828 1.000000 3
11831 1.000000 3
11834 1.000000 3
11837 1.000000 3
11841 -1.000000 4
11845 1.000000 4
11849 1.000000 4
11854 0.000000 5
11858 1.000000 4
11861 1.000000 3
11864 1.000000 3
11868 1.000000 4
11871 1.000000 3
11875 1.000000 4
11878 1.000000 3
11882 1.000000 4
11885 1.000000 3
11888 -1.000000 3
11892 1.000000 4
11896 1.000000 4
11900 1.000000 4
11903 1.000000 3
11906 1.000000 3
11909 1.000000 3
11912 1.000000 3
11915 -1.000000 3
11918 -1.000000 3
11921 1.000000 3
11924 1.000000 3
11928 -1.000000 4
11932 1.000000 4
11935 1.000000 3
11939 1.000000 4
11943 -1.000000 4
11947 1.000000 4
11950 1.000000 3
11953 1.000000 3
11958 0.000000 5
11961 1.000000 3
11965 1.000000 4
11969 1.000000 4
11973 1.000000 4
11977 1.000000 4
11980 1.000000 3
11985 0.000000 5
11989 1.000000 4
11993 -1.000000 4
11997 1.000000 4
12001 1.000000 4
12004 1.000000 3
12008 -1.000000 4
12011 -1.000000 3
12014 1.000000 3
12018 1.000000 4
12022 1.000000 4
12025 1.000000 3
12028 1.000000 3
12031 1.000000 3
12034 1.000000 3
12037 1.000000 3
12041 1.000000 4
12044 1.000000 3
12048 -1.000000 4
12051 1.000000 3
12055 1.000000 4
12059 -1.000000 4
12062 1.000000 3
12066 1.000000 4
12071 1.000000 5
12076 0.000000 5
12080 1.000000 4
12085 0.000000 5
12090 0.000000 5
12094 1.000000 4
12097 1.000000 3
12101 1.000000 4
12104 -1.000000 3
12107 1.000000 3
12110 1.000000 3
12113 1.000000 3
12118 0.000000 5
12123 0.000000 5
12127 1.000000 4
12131 1.000000 4
12134 1.000000 3
12138 1.000000 4
12142 1.000000 4
12146 1.000000 4
12150 1.000000 4
12153 1.000000 3
12156 1.000000 3
12161 0.000000 5
12166 0.000000 5
12169 1.000000 3
12173 1.000000 4
12176 1.000000 3
12179 1.000000 3
12183 1.000000 4
12187 1.000000 4
12191 1.000000 4
12194 1.000000 3
12198 1.000000 4
12202 1.000000 4
12205 1.000000 3
12208 1.000000 3
12212 1.000000 4
12215 1.000000 3
12219 1.000000 4
12223 1.000000 4
12227 1.000000 4
12230 1.000000 3
12235 1.000000 5
12239 1.000000 4
12242 1.000000 3
12246 1.000000 4
12251 0.000000 5
12254 1.000000 3
12257 -1.000000 3
12260 1.000000 3
12263 1.000000 3
12266 1.000000 3
12270 -1.000000 4
12273 1.000000 3
12276 1.000000 3
12279 1.000000 3
12282 1.000000 3
12285 1.000000 3
12289 1.000000 4
12294 0.000000 5
12297 -1.000000 3
12300 -1.000000 3
12303 1.000000 3
12307 1.000000 4
12310 1.000000 3
12313 1.000000 3
12317 1.000000 4
12320 -1.000000 3
12323 1.000000 3
12327 1.000000 4
12331 1.000000 4
12334 1.000000 3
12339 0.000000 5
12343 1.000000 4
12346 1.000000 3
12349 1.000000 3
12353 1.000000 4
12357 1.000000 4
12361 1.000000 4
12364 1.000000 3
12367 1.000000 3
12370 1.000000 3
12374 1.000000 4
12377 1.000000 3
12380 -1.000000 3
12384 1.000000 4
12387 1.000000 3
12391 1.000000 4
12395 1.000000 4
12399 1.000000 4
12403 -1.000000 4
12407 1.000000 4
12410 1.000000 3
12413 1.000000 3
12416 1.000000 3
12419 1.000000 3
12422 1.000000 3
12425 1.000000 3
12428 1.000000 3
12431 1.000000 3
12435 1.000000 4
12438 1.000000 3
12442 1.000000 4
12446 1.000000 4
12449 1.000000 3
12452 1.000000 3
12455 1.000000 3
12458 1.000000 3
12461 1.000000 3
12464 1.000000 3
12467 1.000000 3
12471 1.000000 4
12475 1.000000 4
12479 1.000000 4
12482 1.000000 3
12485 1.000000 3
12489 1.000000 4
12494 0.000000 5
12497 -1.000000 3
12500 -1.000000 3
12503 1.000000 3
12507 1.000000 4
12510 1.000000 3
12514 1.000000 4
12518 1.000000 4
12521 -1.000000 3
12526 0.000000 5
12529 1.000000 3
12533 1.000000 4
12537 1.000000 4
12540 1.000000 3
12543 1.000000 3
12546 1.000000 3
12549 -1.000000 3
12554 0.000000 5
12557 1.000000 3
12561 1.000000 4
12564 -1.000000 3
12567 1.000000 3
12572 0.000000 5
12577 0.000000 5
12581 -1.000000 4
12585 1.000000 4
12589 1.000000 4
12593 1.000000 4
12596 1.000000 3
12600 1.000000 4
12604 1.000000 4
12608 1.000000 4
12611 1.000000 3
12615 1.000000 4
12619 1.000000 4
12622 1.000000 3
12626 1.000000 4
12630 1.000000 4
12634 1.000000 4
12638 1.000000 4
12641 -1.000000 3
12644 1.000000 3
12647 1.000000 3
12651 1.000000 4
12655 1.000000 4
12658 1.000000 3
12662 1.000000 4
12665 1.000000 3
12670 0.000000 5
12673 1.000000 3
12677 1.000000 4
12680 1.000000 3
12684 1.000000 4
12687 1.000000 3
12691 1.000000 4
12694 1.000000 3
12698 1.000000 4
12702 1.000000 4
12706 1.000000 4
12709 1.000000 3
12712 1.000000 3
12716 1.000000 4
12719 1.000000 3
12723 1.000000 4
12727 1.000000 4
12731 1.000000 4
12734 -1.000000 3
12738 1.000000 4
12742 1.000000 4
12745 1.000000 3
12748 1.000000 3
12752 1.000000 4
12756 1.000000 4
12761 0.000000 5
12765 1.000000 4
12768 1.000000 3
12772 1.000000 4
12776 1.000000 4
12779 1.000000 3
12782 1.000000 3
12785 1.000000 3
12789 1.000000 4
12792 -1.000000 3
12796 1.000000 4
12800 1.000000 4
12803 1.000000 3
12807 1.000000 4
12810 1.000000 3
12813 1.000000 3
12817 1.000000 4
12820 1.000000 3
12824 1.000000 4
12827 1.000000 3
12830 1.000000 3
12833 1.000000 3
12837 1.000000 4
12841 1.000000 4
12844 1.000000 3
12848 1.000000 4
12852 1.000000 4
12856 1.000000 4
12860 1.000000 4
12864 1.000000 4
12867 1.000000 3
12872 1.000000 5
12875 1.000000 3
12879 1.000000 4
12882 1.000000 3
12885 1.000000 3
12889 1.000000 4
12892 1.000000 3
12895 1.000000 3
12899 1.000000 4
12902 1.000000 3
12905 1.000000 3
12908 1.000000 3
12911 1.000000 3
12914 1.000000 3
12917 1.000000 3
12920 1.000000 3
12923 1.000000 3
12927 -1.000000 4
12931 1.000000 4
12935 1.000000 4
12938 1.000000 3
12942 1.000000 4
12946 1.000000 4
12949 -1.000000 3
12953 1.000000 4
12956 1.000000 3
12960 1.000000 4
12963 -1.000000 3
12966 1.000000 3
12969 1.000000 3
12972 1.000000 3
12975 1.000000 3
12980 0.000000 5
12983 -1.000000 3
12986 1.000000 3
12989 1.000000 3
12993 1.000000 4
12997 -1.000000 4
13001 1.000000 4
13006 0.000000 5
13009 1.000000 3
