3 1.000000 3
7 1.000000 4
11 1.000000 4
16 0.000000 5
20 1.000000 4
24 -1.000000 4
29 0.000000 5
33 -1.000000 4
38 0.000000 5
43 1.000000 5
48 0.000000 5
51 -1.000000 3
56 1.000000 5
60 1.000000 4
65 1.000000 5
68 -1.000000 3
72 1.000000 4
76 1.000000 4
81 0.000000 5
85 -1.000000 4
89 -1.000000 4
92 -1.000000 3
95 -1.000000 3
98 1.000000 3
103 1.000000 5
106 -1.000000 3
111 1.000000 5
115 -1.000000 4
118 1.000000 3
122 1.000000 4
126 -1.000000 4
130 1.000000 4
134 -1.000000 4
138 -1.000000 4
142 -1.000000 4
145 -1.000000 3
148 1.000000 3
152 -1.000000 4
157 0.000000 5
160 -1.000000 3
165 1.000000 5
169 1.000000 4
173 1.000000 4
177 1.000000 4
181 1.000000 4
186 1.000000 5
190 -1.000000 4
195 1.000000 5
200 1.000000 5
205 1.000000 5
210 0.000000 5
215 0.000000 5
218 -1.000000 3
223 1.000000 5
227 1.000000 4
230 1.000000 3
234 -1.000000 4
238 -1.000000 4
243 1.000000 5
246 1.000000 3
250 1.000000 4
255 1.000000 5
260 1.000000 5
265 0.000000 5
270 1.000000 5
274 1.000000 4
279 0.000000 5
284 1.000000 5
288 1.000000 4
292 -1.000000 4
296 -1.000000 4
301 0.000000 5
305 1.000000 4
308 -1.000000 3
311 1.000000 3
314 -1.000000 3
319 0.000000 5
323 1.000000 4
327 -1.000000 4
330 1.000000 3
335 0.000000 5
339 -1.000000 4
343 1.000000 4
347 1.000000 4
352 0.000000 5
357 0.000000 5
361 -1.000000 4
365 -1.000000 4
368 1.000000 3
372 1.000000 4
377 1.000000 5
381 1.000000 4
386 0.000000 5
390 1.000000 4
394 -1.000000 4
398 -1.000000 4
401 -1.000000 3
405 -1.000000 4
408 1.000000 3
413 0.000000 5
418 1.000000 5
422 1.000000 4
427 0.000000 5
430 1.000000 3
434 -1.000000 4
439 1.000000 5
444 1.000000 5
448 1.000000 4
452 -1.000000 4
456 1.000000 4
461 1.000000 5
465 -1.000000 4
468 1.000000 3
472 -1.000000 4
477 0.000000 5
482 1.000000 5
487 1.000000 5
490 1.000000 3
494 1.000000 4
497 1.000000 3
500 -1.000000 3
504 -1.000000 4
508 1.000000 4
511 1.000000 3
515 -1.000000 4
519 -1.000000 4
523 1.000000 4
527 1.000000 4
531 1.000000 4
535 1.000000 4
539 1.000000 4
542 -1.000000 3
546 1.000000 4
549 -1.000000 3
554 1.000000 5
559 0.000000 5
564 0.000000 5
568 1.000000 4
572 1.000000 4
576 1.000000 4
580 -1.000000 4
583 -1.000000 3
587 1.000000 4
590 -1.000000 3
594 -1.000000 4
598 -1.000000 4
603 1.000000 5
607 1.000000 4
610 1.000000 3
615 1.000000 5
618 1.000000 3
622 -1.000000 4
626 1.000000 4
630 1.000000 4
634 -1.000000 4
638 -1.000000 4
642 -1.000000 4
646 1.000000 4
650 -1.000000 4
654 1.000000 4
658 1.000000 4
662 1.000000 4
667 1.000000 5
671 -1.000000 4
674 1.000000 3
679 1.000000 5
683 1.000000 4
687 1.000000 4
691 1.000000 4
695 1.000000 4
699 1.000000 4
703 -1.000000 4
708 1.000000 5
713 0.000000 5
717 1.000000 4
721 1.000000 4
726 1.000000 5
731 1.000000 5
736 1.000000 5
741 0.000000 5
746 0.000000 5
749 1.000000 3
753 1.000000 4
757 -1.000000 4
761 1.000000 4
766 0.000000 5
770 -1.000000 4
774 1.000000 4
778 1.000000 4
782 1.000000 4
785 1.000000 3
788 1.000000 3
792 -1.000000 4
797 1.000000 5
801 -1.000000 4
806 1.000000 5
810 -1.000000 4
814 -1.000000 4
818 1.000000 4
822 -1.000000 4
826 1.000000 4
829 1.000000 3
833 1.000000 4
838 1.000000 5
842 1.000000 4
845 -1.000000 3
848 1.000000 3
851 1.000000 3
855 1.000000 4
858 1.000000 3
862 -1.000000 4
867 1.000000 5
872 0.000000 5
877 1.000000 5
881 1.000000 4
885 -1.000000 4
889 1.000000 4
893 1.000000 4
896 -1.000000 3
900 -1.000000 4
904 1.000000 4
907 -1.000000 3
912 1.000000 5
915 -1.000000 3
920 1.000000 5
924 1.000000 4
929 1.000000 5
932 -1.000000 3
935 1.000000 3
939 -1.000000 4
942 -1.000000 3
947 0.000000 5
952 1.000000 5
957 1.000000 5
960 -1.000000 3
964 -1.000000 4
968 -1.000000 4
973 1.000000 5
977 1.000000 4
980 -1.000000 3
984 1.000000 4
988 1.000000 4
992 1.000000 4
996 -1.000000 4
1000 1.000000 4
1004 -1.000000 4
1008 -1.000000 4
1013 0.000000 5
1016 1.000000 3
1019 1.000000 3
1024 1.000000 5
1028 -1.000000 4
1033 1.000000 5
1037 -1.000000 4
1040 1.000000 3
1044 1.000000 4
1049 0.000000 5
1053 1.000000 4
1057 -1.000000 4
1062 1.000000 5
1067 0.000000 5
1071 1.000000 4
1074 -1.000000 3
1077 1.000000 3
1081 -1.000000 4
1085 -1.000000 4
1090 0.000000 5
1095 0.000000 5
1100 0.000000 5
1104 1.000000 4
1109 0.000000 5
1112 -1.000000 3
1116 1.000000 4
1121 0.000000 5
1125 1.000000 4
1129 1.000000 4
1132 1.000000 3
1137 1.000000 5
1140 -1.000000 3
1143 -1.000000 3
1148 0.000000 5
1152 -1.000000 4
1157 0.000000 5
1162 1.000000 5
1165 1.000000 3
1170 1.000000 5
1175 1.000000 5
1179 1.000000 4
1183 1.000000 4
1187 -1.000000 4
1191 1.000000 4
1194 1.000000 3
1199 0.000000 5
1203 1.000000 4
1208 1.000000 5
1213 0.000000 5
1217 -1.000000 4
1220 1.000000 3
1225 1.000000 5
1230 1.000000 5
1235 1.000000 5
1238 -1.000000 3
1243 0.000000 5
1247 1.000000 4
1252 0.000000 5
1257 1.000000 5
1261 -1.000000 4
1265 1.000000 4
1269 -1.000000 4
1274 1.000000 5
1278 -1.000000 4
1281 1.000000 3
1286 1.000000 5
1290 1.000000 4
1293 -1.000000 3
1296 1.000000 3
1301 0.000000 5
1306 0.000000 5
1309 -1.000000 3
1313 -1.000000 4
1316 -1.000000 3
1319 -1.000000 3
1322 -1.000000 3
1327 0.000000 5
1331 -1.000000 4
1336 1.000000 5
1339 1.000000 3
1343 -1.000000 4
1346 -1.000000 3
1350 1.000000 4
1355 1.000000 5
1360 0.000000 5
1364 1.000000 4
1368 -1.000000 4
1373 1.000000 5
1378 0.000000 5
1383 1.000000 5
1386 1.000000 3
1390 1.000000 4
1394 1.000000 4
1397 1.000000 3
1400 -1.000000 3
1404 1.000000 4
1407 1.000000 3
1412 1.000000 5
1416 1.000000 4
1421 0.000000 5
1424 1.000000 3
1429 0.000000 5
1434 1.000000 5
1439 1.000000 5
1442 -1.000000 3
1447 1.000000 5
1451 1.000000 4
1455 1.000000 4
1460 1.000000 5
1465 1.000000 5
1469 1.000000 4
1474 0.000000 5
1479 1.000000 5
1482 -1.000000 3
1487 1.000000 5
1492 1.000000 5
1497 0.000000 5
1500 -1.000000 3
1503 -1.000000 3
1507 -1.000000 4
1512 1.000000 5
1516 1.000000 4
1521 1.000000 5
1526 0.000000 5
1530 1.000000 4
1534 1.000000 4
1539 0.000000 5
1543 1.000000 4
1548 0.000000 5
1551 1.000000 3
1555 -1.000000 4
1560 1.000000 5
1563 -1.000000 3
1567 -1.000000 4
1570 -1.000000 3
1573 1.000000 3
1577 1.000000 4
1581 1.000000 4
1586 0.000000 5
1590 1.000000 4
1594 1.000000 4
1598 -1.000000 4
1602 1.000000 4
1606 1.000000 4
1610 -1.000000 4
1614 -1.000000 4
1618 -1.000000 4
1623 0.000000 5
1626 -1.000000 3
1631 1.000000 5
1635 -1.000000 4
1638 1.000000 3
1643 1.000000 5
1647 1.000000 4
1651 -1.000000 4
1655 1.000000 4
1659 1.000000 4
1664 1.000000 5
1669 1.000000 5
1672 -1.000000 3
1675 -1.000000 3
1680 0.000000 5
1685 1.000000 5
1690 1.000000 5
1693 1.000000 3
1697 -1.000000 4
1701 1.000000 4
1705 1.000000 4
1709 1.000000 4
1714 0.000000 5
1719 1.000000 5
1724 1.000000 5
1728 -1.000000 4
1732 1.000000 4
1736 -1.000000 4
1740 1.000000 4
1745 1.000000 5
1750 1.000000 5
1753 -1.000000 3
1757 1.000000 4
1762 0.000000 5
1767 1.000000 5
1772 0.000000 5
1776 -1.000000 4
1779 1.000000 3
1783 1.000000 4
1788 1.000000 5
1792 1.000000 4
1797 1.000000 5
1801 1.000000 4
1806 1.000000 5
1811 1.000000 5
1815 1.000000 4
1819 1.000000 4
1822 1.000000 3
1826 1.000000 4
1831 1.000000 5
1836 1.000000 5
1839 -1.000000 3
1843 1.000000 4
1847 1.000000 4
1851 -1.000000 4
1854 1.000000 3
1858 1.000000 4
1862 1.000000 4
1866 -1.000000 4
1870 1.000000 4
1875 1.000000 5
1879 -1.000000 4
1883 1.000000 4
1888 1.000000 5
1891 -1.000000 3
1896 0.000000 5
1901 0.000000 5
1905 1.000000 4
1910 1.000000 5
1915 1.000000 5
1920 0.000000 5
1925 0.000000 5
1929 1.000000 4
1933 -1.000000 4
1938 1.000000 5
1942 1.000000 4
1946 1.000000 4
1950 1.000000 4
1955 1.000000 5
1959 -1.000000 4
1962 -1.000000 3
1966 1.000000 4
1970 1.000000 4
1973 1.000000 3
1977 -1.000000 4
1981 -1.000000 4
1985 -1.000000 4
1990 1.000000 5
1994 1.000000 4
1997 1.000000 3
2000 -1.000000 3
2003 1.000000 3
2006 1.000000 3
2010 1.000000 4
2015 1.000000 5
2020 1.000000 5
2024 -1.000000 4
2028 1.000000 4
2033 1.000000 5
2038 1.000000 5
2042 1.000000 4
2046 1.000000 4
2051 1.000000 5
2056 1.000000 5
2060 -1.000000 4
2064 -1.000000 4
2069 1.000000 5
2072 1.000000 3
2075 1.000000 3
2079 1.000000 4
2083 1.000000 4
2087 1.000000 4
2091 1.000000 4
2096 1.000000 5
2101 1.000000 5
2104 1.000000 3
2109 0.000000 5
2112 1.000000 3
2116 -1.000000 4
2120 -1.000000 4
2124 1.000000 4
2128 1.000000 4
2132 1.000000 4
2136 1.000000 4
2140 1.000000 4
2145 0.000000 5
2150 1.000000 5
2154 1.000000 4
2159 1.000000 5
2163 -1.000000 4
2166 1.000000 3
2171 1.000000 5
2176 1.000000 5
2180 -1.000000 4
2183 1.000000 3
2186 -1.000000 3
2190 -1.000000 4
2194 -1.000000 4
2198 1.000000 4
2202 1.000000 4
2207 1.000000 5
2212 1.000000 5
2215 -1.000000 3
2219 -1.000000 4
2222 1.000000 3
2227 1.000000 5
2231 1.000000 4
2236 1.000000 5
2241 0.000000 5
2246 1.000000 5
2251 0.000000 5
2255 -1.000000 4
2259 1.000000 4
2263 -1.000000 4
2267 1.000000 4
2272 0.000000 5
2275 1.000000 3
2279 1.000000 4
2283 1.000000 4
2287 1.000000 4
2291 1.000000 4
2296 1.000000 5
2300 1.000000 4
2305 1.000000 5
2309 1.000000 4
2313 -1.000000 4
2318 1.000000 5
2322 1.000000 4
2325 1.000000 3
2330 1.000000 5
2334 -1.000000 4
2337 -1.000000 3
2342 1.000000 5
2346 -1.000000 4
2350 -1.000000 4
2354 1.000000 4
2358 1.000000 4
2362 -1.000000 4
2366 1.000000 4
2370 -1.000000 4
2373 1.000000 3
2377 -1.000000 4
2382 0.000000 5
2386 1.000000 4
2390 1.000000 4
2394 -1.000000 4
2398 1.000000 4
2402 1.000000 4
2407 1.000000 5
2411 -1.000000 4
2415 1.000000 4
2419 1.000000 4
2422 1.000000 3
2426 -1.000000 4
2430 -1.000000 4
2434 1.000000 4
2438 1.000000 4
2442 1.000000 4
2445 1.000000 3
2449 -1.000000 4
2453 1.000000 4
2457 -1.000000 4
2462 1.000000 5
2466 -1.000000 4
2470 -1.000000 4
2474 1.000000 4
2478 1.000000 4
2482 -1.000000 4
2486 1.000000 4
2490 1.000000 4
2494 1.000000 4
2499 1.000000 5
2503 -1.000000 4
2507 1.000000 4
2510 -1.000000 3
2514 -1.000000 4
2519 0.000000 5
2522 1.000000 3
2527 1.000000 5
2532 1.000000 5
2537 1.000000 5
2540 -1.000000 3
2544 -1.000000 4
2548 -1.000000 4
2551 1.000000 3
2556 1.000000 5
2560 -1.000000 4
2564 -1.000000 4
2568 1.000000 4
2573 1.000000 5
2577 -1.000000 4
2582 1.000000 5
2586 1.000000 4
2590 1.000000 4
2594 1.000000 4
2597 1.000000 3
2601 -1.000000 4
2606 0.000000 5
2611 0.000000 5
2615 1.000000 4
2619 1.000000 4
2623 -1.000000 4
2627 -1.000000 4
2632 1.000000 5
2636 1.000000 4
2640 -1.000000 4
2645 0.000000 5
2650 0.000000 5
2654 1.000000 4
2658 1.000000 4
2661 1.000000 3
2665 -1.000000 4
2669 -1.000000 4
2672 1.000000 3
2676 1.000000 4
2681 1.000000 5
2684 1.000000 3
2688 1.000000 4
2691 -1.000000 3
2696 0.000000 5
2699 -1.000000 3
2703 1.000000 4
2707 1.000000 4
2710 1.000000 3
2713 -1.000000 3
2716 -1.000000 3
2720 1.000000 4
2725 1.000000 5
2730 1.000000 5
2735 1.000000 5
2740 0.000000 5
2743 -1.000000 3
2747 -1.000000 4
2751 1.000000 4
2755 1.000000 4
2760 1.000000 5
2764 1.000000 4
2769 1.000000 5
2773 -1.000000 4
2778 1.000000 5
2782 1.000000 4
2787 0.000000 5
2791 -1.000000 4
2794 -1.000000 3
2798 1.000000 4
2803 1.000000 5
2807 -1.000000 4
2811 1.000000 4
2815 -1.000000 4
2818 -1.000000 3
2822 -1.000000 4
2827 1.000000 5
2830 -1.000000 3
2835 1.000000 5
2838 1.000000 3
2842 -1.000000 4
2845 -1.000000 3
2850 1.000000 5
2854 1.000000 4
2857 -1.000000 3
2861 1.000000 4
2866 0.000000 5
2871 0.000000 5
2875 1.000000 4
2879 -1.000000 4
2882 1.000000 3
2886 1.000000 4
2890 1.000000 4
2894 1.000000 4
2898 -1.000000 4
2902 1.000000 4
2906 -1.000000 4
2910 1.000000 4
2913 -1.000000 3
2918 1.000000 5
2922 1.000000 4
2926 -1.000000 4
2930 1.000000 4
2934 -1.000000 4
2939 0.000000 5
2944 0.000000 5
2949 1.000000 5
2953 1.000000 4
2957 1.000000 4
2962 1.000000 5
2966 1.000000 4
2970 -1.000000 4
2973 1.000000 3
2977 -1.000000 4
2982 1.000000 5
2986 -1.000000 4
2990 -1.000000 4
2995 0.000000 5
3000 0.000000 5
3005 1.000000 5
3008 1.000000 3
3012 1.000000 4
3016 1.000000 4
3021 1.000000 5
3025 1.000000 4
3030 0.000000 5
3033 -1.000000 3
3038 0.000000 5
3041 -1.000000 3
3045 1.000000 4
3049 -1.000000 4
3054 1.000000 5
3059 1.000000 5
3064 1.000000 5
3069 0.000000 5
3073 1.000000 4
3077 1.000000 4
3081 1.000000 4
3085 1.000000 4
3089 -1.000000 4
3094 1.000000 5
3098 -1.000000 4
3102 -1.000000 4
3105 1.000000 3
3109 -1.000000 4
3114 1.000000 5
3118 -1.000000 4
3123 1.000000 5
3128 1.000000 5
3131 1.000000 3
3136 1.000000 5
3141 1.000000 5
3145 -1.000000 4
3148 1.000000 3
3152 -1.000000 4
3155 1.000000 3
3160 1.000000 5
3164 1.000000 4
3169 1.000000 5
3174 1.000000 5
3179 1.000000 5
3183 -1.000000 4
3187 -1.000000 4
3190 1.000000 3
3194 1.000000 4
3198 1.000000 4
3202 -1.000000 4
3205 1.000000 3
3208 -1.000000 3
3213 1.000000 5
3218 0.000000 5
3223 0.000000 5
3227 -1.000000 4
3232 1.000000 5
3235 -1.000000 3
3238 -1.000000 3
3243 1.000000 5
3247 1.000000 4
3250 -1.000000 3
3255 1.000000 5
3258 -1.000000 3
3263 0.000000 5
3268 0.000000 5
3271 -1.000000 3
3275 -1.000000 4
3279 -1.000000 4
3283 1.000000 4
3286 1.000000 3
3291 1.000000 5
3294 1.000000 3
3298 -1.000000 4
3303 1.000000 5
3308 0.000000 5
3311 1.000000 3
3316 0.000000 5
3321 1.000000 5
3325 -1.000000 4
3329 -1.000000 4
3333 1.000000 4
3338 0.000000 5
3341 1.000000 3
3345 1.000000 4
3350 1.000000 5
3355 0.000000 5
3358 1.000000 3
3362 -1.000000 4
3366 -1.000000 4
3370 1.000000 4
3373 1.000000 3
3377 1.000000 4
3381 1.000000 4
3385 1.000000 4
3389 1.000000 4
3393 1.000000 4
3398 1.000000 5
3403 1.000000 5
3407 1.000000 4
3410 1.000000 3
3415 1.000000 5
3418 -1.000000 3
3423 1.000000 5
3427 1.000000 4
3431 -1.000000 4
3434 1.000000 3
3437 1.000000 3
3442 1.000000 5
3446 1.000000 4
3449 -1.000000 3
3453 1.000000 4
3457 1.000000 4
3461 1.000000 4
3464 1.000000 3
3469 1.000000 5
3474 0.000000 5
3478 1.000000 4
3483 0.000000 5
3488 0.000000 5
3493 1.000000 5
3497 -1.000000 4
3501 -1.000000 4
3505 1.000000 4
3509 1.000000 4
3513 1.000000 4
3517 1.000000 4
3522 1.000000 5
3527 0.000000 5
3530 -1.000000 3
3535 1.000000 5
3539 1.000000 4
3544 1.000000 5
3547 1.000000 3
3551 1.000000 4
3556 0.000000 5
3561 1.000000 5
3564 1.000000 3
3568 -1.000000 4
3573 1.000000 5
3578 0.000000 5
3583 0.000000 5
3587 -1.000000 4
3592 0.000000 5
3597 0.000000 5
3602 0.000000 5
3606 -1.000000 4
3611 0.000000 5
3614 -1.000000 3
3618 -1.000000 4
3621 -1.000000 3
3625 -1.000000 4
3628 -1.000000 3
3631 1.000000 3
3634 -1.000000 3
3638 -1.000000 4
3642 1.000000 4
3647 1.000000 5
3651 1.000000 4
3656 1.000000 5
3661 1.000000 5
3665 1.000000 4
3669 -1.000000 4
3672 1.000000 3
3677 1.000000 5
3681 1.000000 4
3686 0.000000 5
3690 1.000000 4
3694 1.000000 4
3698 -1.000000 4
3702 -1.000000 4
3706 1.000000 4
3711 0.000000 5
3716 1.000000 5
3721 0.000000 5
3726 0.000000 5
3729 1.000000 3
3734 1.000000 5
3737 1.000000 3
3741 1.000000 4
3746 1.000000 5
3749 1.000000 3
3754 1.000000 5
3759 1.000000 5
3763 -1.000000 4
3766 -1.000000 3
3770 -1.000000 4
3774 1.000000 4
3778 1.000000 4
3783 0.000000 5
3788 1.000000 5
3791 -1.000000 3
3796 0.000000 5
3801 1.000000 5
3806 1.000000 5
3810 -1.000000 4
3814 1.000000 4
3818 1.000000 4
3823 1.000000 5
3828 1.000000 5
3833 0.000000 5
3837 1.000000 4
3841 1.000000 4
3845 1.000000 4
3849 -1.000000 4
3854 1.000000 5
3859 0.000000 5
3863 -1.000000 4
3867 -1.000000 4
3870 1.000000 3
3874 1.000000 4
3877 1.000000 3
3881 -1.000000 4
3886 0.000000 5
3889 -1.000000 3
3894 1.000000 5
3898 -1.000000 4
3902 1.000000 4
3906 -1.000000 4
3910 -1.000000 4
3915 0.000000 5
3918 1.000000 3
3922 -1.000000 4
3926 -1.000000 4
3930 1.000000 4
3933 1.000000 3
3936 1.000000 3
3940 -1.000000 4
3943 -1.000000 3
3946 -1.000000 3
3951 0.000000 5
3955 -1.000000 4
3960 1.000000 5
3965 0.000000 5
3970 1.000000 5
3975 1.000000 5
3980 1.000000 5
3984 1.000000 4
3988 1.000000 4
3992 1.000000 4
3996 1.000000 4
4000 1.000000 4
4004 -1.000000 4
4007 1.000000 3
4011 1.000000 4
4015 1.000000 4
4020 1.000000 5
4024 -1.000000 4
4028 1.000000 4
4032 -1.000000 4
4035 -1.000000 3
4039 1.000000 4
4043 -1.000000 4
4047 1.000000 4
4050 1.000000 3
4054 1.000000 4
4057 -1.000000 3
4061 1.000000 4
4065 1.000000 4
4070 0.000000 5
4075 0.000000 5
4080 1.000000 5
4083 -1.000000 3
4087 1.000000 4
4092 0.000000 5
4095 1.000000 3
4099 1.000000 4
4104 0.000000 5
4109 0.000000 5
4114 1.000000 5
4118 1.000000 4
4122 -1.000000 4
4126 -1.000000 4
4130 1.000000 4
4133 1.000000 3
4137 1.000000 4
4141 -1.000000 4
4146 1.000000 5
4150 1.000000 4
4155 1.000000 5
4160 1.000000 5
4165 1.000000 5
4168 1.000000 3
4173 1.000000 5
4178 1.000000 5
4183 1.000000 5
4186 1.000000 3
4189 1.000000 3
4192 1.000000 3
4197 0.000000 5
4202 0.000000 5
4205 1.000000 3
4210 1.000000 5
4214 -1.000000 4
4217 1.000000 3
4221 1.000000 4
4225 1.000000 4
4228 1.000000 3
4232 1.000000 4
4236 -1.000000 4
4241 1.000000 5
4244 1.000000 3
4247 1.000000 3
4252 1.000000 5
4256 1.000000 4
4259 -1.000000 3
4262 1.000000 3
4266 1.000000 4
4270 1.000000 4
4274 1.000000 4
4278 1.000000 4
4281 1.000000 3
4284 -1.000000 3
4289 1.000000 5
4294 1.000000 5
4298 1.000000 4
4303 1.000000 5
4307 -1.000000 4
4311 1.000000 4
4316 0.000000 5
4320 -1.000000 4
4324 1.000000 4
4329 1.000000 5
4334 0.000000 5
4339 1.000000 5
4343 1.000000 4
4348 0.000000 5
4353 0.000000 5
4358 1.000000 5
4362 1.000000 4
4365 -1.000000 3
4368 1.000000 3
4373 1.000000 5
4378 0.000000 5
4382 -1.000000 4
4387 1.000000 5
4391 -1.000000 4
4394 -1.000000 3
4399 1.000000 5
4404 0.000000 5
4407 -1.000000 3
4411 1.000000 4
4416 1.000000 5
4420 1.000000 4
4425 1.000000 5
4430 1.000000 5
4434 1.000000 4
4437 1.000000 3
4441 -1.000000 4
4445 -1.000000 4
4450 0.000000 5
4453 1.000000 3
4456 -1.000000 3
4460 1.000000 4
4465 1.000000 5
4470 1.000000 5
4473 1.000000 3
4478 0.000000 5
4482 1.000000 4
4486 -1.000000 4
4490 -1.000000 4
4493 1.000000 3
4496 -1.000000 3
4500 1.000000 4
4504 1.000000 4
4509 1.000000 5
4513 1.000000 4
4517 1.000000 4
4521 1.000000 4
4526 1.000000 5
4530 1.000000 4
4533 -1.000000 3
4537 1.000000 4
4542 1.000000 5
4545 -1.000000 3
4548 -1.000000 3
4552 1.000000 4
4556 1.000000 4
4560 1.000000 4
4564 -1.000000 4
4568 -1.000000 4
4572 -1.000000 4
4575 -1.000000 3
4580 1.000000 5
4583 1.000000 3
4587 -1.000000 4
4590 1.000000 3
4593 -1.000000 3
4597 -1.000000 4
4602 1.000000 5
4605 -1.000000 3
4609 -1.000000 4
4612 -1.000000 3
4616 -1.000000 4
4621 1.000000 5
4624 1.000000 3
4628 -1.000000 4
4633 1.000000 5
4636 1.000000 3
4640 1.000000 4
4643 1.000000 3
4647 -1.000000 4
4651 1.000000 4
4654 -1.000000 3
4658 1.000000 4
4663 1.000000 5
4668 1.000000 5
4672 1.000000 4
4676 1.000000 4
4681 1.000000 5
4684 1.000000 3
4688 1.000000 4
4692 -1.000000 4
4695 1.000000 3
4699 -1.000000 4
4703 -1.000000 4
4708 1.000000 5
4713 1.000000 5
4717 1.000000 4
4720 -1.000000 3
4724 -1.000000 4
4729 1.000000 5
4733 -1.000000 4
4738 1.000000 5
4742 -1.000000 4
4746 1.000000 4
4750 -1.000000 4
4754 -1.000000 4
4757 1.000000 3
4761 -1.000000 4
4764 -1.000000 3
4769 1.000000 5
4773 -1.000000 4
4776 1.000000 3
4780 -1.000000 4
4785 1.000000 5
4790 0.000000 5
4794 1.000000 4
4799 0.000000 5
4803 -1.000000 4
4806 -1.000000 3
4811 0.000000 5
4815 1.000000 4
4819 1.000000 4
4823 -1.000000 4
4828 0.000000 5
4833 1.000000 5
4837 1.000000 4
4841 -1.000000 4
4845 -1.000000 4
4849 -1.000000 4
4853 -1.000000 4
4858 1.000000 5
4863 1.000000 5
4867 1.000000 4
4871 -1.000000 4
4874 -1.000000 3
4879 0.000000 5
4883 1.000000 4
4887 1.000000 4
4892 1.000000 5
4895 1.000000 3
4899 -1.000000 4
4904 1.000000 5
4908 -1.000000 4
4913 1.000000 5
4916 1.000000 3
4921 1.000000 5
4926 1.000000 5
4930 1.000000 4
4933 -1.000000 3
4937 1.000000 4
4940 -1.000000 3
4945 0.000000 5
4949 1.000000 4
4953 -1.000000 4
4957 1.000000 4
4960 -1.000000 3
4965 0.000000 5
4968 -1.000000 3
4971 -1.000000 3
4976 0.000000 5
4980 -1.000000 4
4984 1.000000 4
4988 1.000000 4
4992 -1.000000 4
4996 1.000000 4
5000 -1.000000 4
5005 0.000000 5
5010 1.000000 5
5014 1.000000 4
5017 1.000000 3
5021 1.000000 4
5026 0.000000 5
5031 1.000000 5
5035 -1.000000 4
5040 1.000000 5
5043 -1.000000 3
5047 1.000000 4
5051 1.000000 4
5054 1.000000 3
5059 1.000000 5
5064 0.000000 5
5067 -1.000000 3
5071 -1.000000 4
5076 0.000000 5
5080 -1.000000 4
5084 1.000000 4
5089 0.000000 5
5093 1.000000 4
5097 -1.000000 4
5102 0.000000 5
5107 1.000000 5
5111 1.000000 4
5114 1.000000 3
5117 1.000000 3
5120 1.000000 3
5125 0.000000 5
5130 0.000000 5
5134 1.000000 4
5138 1.000000 4
5143 1.000000 5
5146 1.000000 3
5151 1.000000 5
5155 -1.000000 4
5160 0.000000 5
5165 0.000000 5
5170 0.000000 5
5174 -1.000000 4
5177 -1.000000 3
5181 -1.000000 4
5185 1.000000 4
5189 -1.000000 4
5193 1.000000 4
5197 1.000000 4
5200 -1.000000 3
5204 1.000000 4
5207 1.000000 3
5211 1.000000 4
5216 1.000000 5
5219 1.000000 3
5224 0.000000 5
5227 1.000000 3
5231 1.000000 4
5235 1.000000 4
5240 1.000000 5
5243 1.000000 3
5248 1.000000 5
5252 1.000000 4
5256 1.000000 4
5260 -1.000000 4
5264 -1.000000 4
5268 1.000000 4
5273 1.000000 5
5278 1.000000 5
5282 1.000000 4
5286 1.000000 4
5291 1.000000 5
5296 1.000000 5
5299 -1.000000 3
5303 1.000000 4
5307 -1.000000 4
5311 1.000000 4
5315 -1.000000 4
5319 1.000000 4
5322 1.000000 3
5326 -1.000000 4
5329 1.000000 3
5334 1.000000 5
5337 1.000000 3
5341 -1.000000 4
5346 1.000000 5
5351 1.000000 5
5354 1.000000 3
5358 -1.000000 4
5362 -1.000000 4
5366 -1.000000 4
5370 1.000000 4
5374 1.000000 4
5379 0.000000 5
5382 -1.000000 3
5385 -1.000000 3
5390 1.000000 5
5395 1.000000 5
5399 1.000000 4
5403 1.000000 4
5408 0.000000 5
5412 -1.000000 4
5416 -1.000000 4
5421 0.000000 5
5425 1.000000 4
5430 1.000000 5
5434 -1.000000 4
5437 1.000000 3
5441 1.000000 4
5445 1.000000 4
5449 1.000000 4
5453 -1.000000 4
5458 1.000000 5
5461 1.000000 3
5465 1.000000 4
5470 1.000000 5
5473 1.000000 3
5478 1.000000 5
5481 1.000000 3
5485 -1.000000 4
5489 1.000000 4
5494 1.000000 5
5498 -1.000000 4
5502 -1.000000 4
5506 1.000000 4
5511 0.000000 5
5515 -1.000000 4
5520 1.000000 5
5524 1.000000 4
5527 -1.000000 3
5532 0.000000 5
5536 1.000000 4
5540 1.000000 4
5545 1.000000 5
5550 0.000000 5
5555 1.000000 5
5558 -1.000000 3
5563 0.000000 5
5567 1.000000 4
5571 1.000000 4
5574 -1.000000 3
5578 1.000000 4
5583 0.000000 5
5588 1.000000 5
5591 -1.000000 3
5596 1.000000 5
5599 1.000000 3
5604 1.000000 5
5607 -1.000000 3
5611 1.000000 4
5616 0.000000 5
5620 1.000000 4
5625 1.000000 5
5629 1.000000 4
5632 1.000000 3
5637 1.000000 5
5641 1.000000 4
5646 1.000000 5
5650 1.000000 4
5653 1.000000 3
5656 1.000000 3
5661 1.000000 5
5666 1.000000 5
5670 -1.000000 4
5675 1.000000 5
5678 1.000000 3
5682 1.000000 4
5686 -1.000000 4
5689 1.000000 3
5693 -1.000000 4
5697 1.000000 4
5702 1.000000 5
5707 1.000000 5
5712 1.000000 5
5716 1.000000 4
5720 1.000000 4
5725 1.000000 5
5729 -1.000000 4
5733 1.000000 4
5737 -1.000000 4
5741 1.000000 4
5746 1.000000 5
5750 -1.000000 4
5753 1.000000 3
5757 1.000000 4
5762 1.000000 5
5766 -1.000000 4
5769 -1.000000 3
5773 -1.000000 4
5778 1.000000 5
5783 1.000000 5
5787 -1.000000 4
5792 1.000000 5
5796 -1.000000 4
5801 1.000000 5
5806 0.000000 5
5811 1.000000 5
5815 1.000000 4
5820 1.000000 5
5825 1.000000 5
5830 0.000000 5
5834 1.000000 4
5839 1.000000 5
5844 1.000000 5
5848 1.000000 4
5852 -1.000000 4
5856 1.000000 4
5860 1.000000 4
5865 0.000000 5
5868 -1.000000 3
5872 -1.000000 4
5876 1.000000 4
5880 1.000000 4
5885 0.000000 5
5889 1.000000 4
5893 -1.000000 4
5898 1.000000 5
5902 1.000000 4
5907 0.000000 5
5910 -1.000000 3
5914 1.000000 4
5919 1.000000 5
5924 1.000000 5
5927 1.000000 3
5932 0.000000 5
5937 1.000000 5
5942 1.000000 5
5946 1.000000 4
5950 1.000000 4
5955 1.000000 5
5958 1.000000 3
5962 1.000000 4
5966 -1.000000 4
5970 -1.000000 4
5974 1.000000 4
5977 1.000000 3
5980 1.000000 3
5983 1.000000 3
5987 1.000000 4
5991 1.000000 4
5995 1.000000 4
6000 0.000000 5
6003 1.000000 3
6007 -1.000000 4
6012 1.000000 5
6017 0.000000 5
6021 -1.000000 4
6024 -1.000000 3
6027 -1.000000 3
6032 1.000000 5
6035 1.000000 3
6040 1.000000 5
6044 -1.000000 4
6049 0.000000 5
6053 1.000000 4
6057 -1.000000 4
6060 -1.000000 3
6065 0.000000 5
6070 1.000000 5
6074 1.000000 4
6079 0.000000 5
6084 1.000000 5
6088 1.000000 4
6091 -1.000000 3
6096 1.000000 5
6101 1.000000 5
6105 1.000000 4
6109 1.000000 4
6112 1.000000 3
6116 1.000000 4
6119 1.000000 3
6123 1.000000 4
6126 -1.000000 3
6130 -1.000000 4
6134 1.000000 4
6137 1.000000 3
6141 1.000000 4
6144 -1.000000 3
6148 1.000000 4
6153 0.000000 5
6158 0.000000 5
6162 1.000000 4
6166 -1.000000 4
6169 -1.000000 3
6173 1.000000 4
6176 1.000000 3
6180 1.000000 4
6184 -1.000000 4
6188 1.000000 4
6192 -1.000000 4
6197 1.000000 5
6201 1.000000 4
6206 0.000000 5
6210 -1.000000 4
6215 1.000000 5
6218 1.000000 3
6222 1.000000 4
6225 -1.000000 3
6229 1.000000 4
6234 0.000000 5
6239 1.000000 5
6243 -1.000000 4
6247 -1.000000 4
6252 1.000000 5
6255 1.000000 3
6259 1.000000 4
6262 1.000000 3
6266 -1.000000 4
6270 1.000000 4
6275 1.000000 5
6280 1.000000 5
6284 1.000000 4
6287 -1.000000 3
6291 -1.000000 4
6295 -1.000000 4
6299 1.000000 4
6302 1.000000 3
6306 -1.000000 4
6311 1.000000 5
6314 1.000000 3
6318 1.000000 4
6323 0.000000 5
6328 0.000000 5
6331 1.000000 3
6335 -1.000000 4
6340 0.000000 5
6343 1.000000 3
6348 1.000000 5
6353 0.000000 5
6357 -1.000000 4
6361 1.000000 4
6365 1.000000 4
6369 1.000000 4
6372 -1.000000 3
6376 1.000000 4
6380 1.000000 4
6385 1.000000 5
6389 1.000000 4
6394 0.000000 5
6397 1.000000 3
6400 -1.000000 3
6404 -1.000000 4
6409 1.000000 5
6413 -1.000000 4
6417 1.000000 4
6421 1.000000 4
6425 1.000000 4
6430 1.000000 5
6433 1.000000 3
6437 1.000000 4
6442 1.000000 5
6446 1.000000 4
6449 -1.000000 3
6453 -1.000000 4
6457 -1.000000 4
6461 -1.000000 4
6466 1.000000 5
6471 1.000000 5
6476 0.000000 5
6480 1.000000 4
6485 1.000000 5
6490 1.000000 5
6493 1.000000 3
6497 1.000000 4
6502 0.000000 5
6505 -1.000000 3
6509 1.000000 4
6513 -1.000000 4
6518 1.000000 5
6521 1.000000 3
6526 1.000000 5
6530 -1.000000 4
6535 0.000000 5
6538 -1.000000 3
6543 1.000000 5
6547 -1.000000 4
6551 -1.000000 4
6556 1.000000 5
6560 1.000000 4
6565 1.000000 5
6569 -1.000000 4
6573 -1.000000 4
6578 1.000000 5
6582 1.000000 4
6586 -1.000000 4
6591 1.000000 5
6595 1.000000 4
6600 0.000000 5
6603 1.000000 3
6608 0.000000 5
6611 1.000000 3
6615 -1.000000 4
6619 1.000000 4
6623 1.000000 4
6626 -1.000000 3
6630 1.000000 4
6634 1.000000 4
6638 -1.000000 4
6642 1.000000 4
6646 1.000000 4
6650 1.000000 4
6653 1.000000 3
6657 -1.000000 4
6661 1.000000 4
6666 0.000000 5
6670 1.000000 4
6673 1.000000 3
6677 1.000000 4
6681 1.000000 4
6685 1.000000 4
6690 1.000000 5
6694 1.000000 4
6699 1.000000 5
6703 -1.000000 4
6707 1.000000 4
6711 -1.000000 4
6715 -1.000000 4
6719 -1.000000 4
6724 0.000000 5
6728 1.000000 4
6733 0.000000 5
6738 0.000000 5
6743 1.000000 5
6748 1.000000 5
6753 0.000000 5
6758 1.000000 5
6761 -1.000000 3
6766 0.000000 5
6771 0.000000 5
6776 0.000000 5
6781 1.000000 5
6786 1.000000 5
6791 1.000000 5
6795 -1.000000 4
6799 -1.000000 4
6804 1.000000 5
6808 1.000000 4
6812 -1.000000 4
6817 0.000000 5
6820 -1.000000 3
6825 0.000000 5
6828 1.000000 3
6833 1.000000 5
6836 -1.000000 3
6841 0.000000 5
6846 1.000000 5
6850 -1.000000 4
6854 -1.000000 4
6858 -1.000000 4
6863 0.000000 5
6866 -1.000000 3
6871 0.000000 5
6875 1.000000 4
6879 1.000000 4
6882 -1.000000 3
6887 1.000000 5
6891 -1.000000 4
6896 0.000000 5
6901 1.000000 5
6906 0.000000 5
6910 1.000000 4
6914 -1.000000 4
6918 1.000000 4
6922 1.000000 4
6927 0.000000 5
6930 1.000000 3
6934 -1.000000 4
6939 0.000000 5
6944 1.000000 5
6949 1.000000 5
6953 1.000000 4
6957 -1.000000 4
6961 -1.000000 4
6965 1.000000 4
6970 1.000000 5
6975 1.000000 5
6979 1.000000 4
6983 1.000000 4
6988 1.000000 5
6993 1.000000 5
6998 0.000000 5
7001 -1.000000 3
7005 1.000000 4
7010 1.000000 5
7015 0.000000 5
7018 -1.000000 3
7023 1.000000 5
7028 0.000000 5
7032 1.000000 4
7037 1.000000 5
7041 1.000000 4
7045 -1.000000 4
7050 1.000000 5
7053 1.000000 3
7057 1.000000 4
7060 -1.000000 3
7064 1.000000 4
7069 1.000000 5
7073 -1.000000 4
7076 1.000000 3
7079 -1.000000 3
7083 1.000000 4
7087 1.000000 4
7091 1.000000 4
7095 -1.000000 4
7100 1.000000 5
7105 1.000000 5
7108 1.000000 3
7113 1.000000 5
7118 1.000000 5
7122 1.000000 4
7125 -1.000000 3
7130 1.000000 5
7134 -1.000000 4
7139 1.000000 5
7144 1.000000 5
7148 -1.000000 4
7152 -1.000000 4
7156 1.000000 4
7160 1.000000 4
7163 -1.000000 3
7167 -1.000000 4
7170 1.000000 3
7173 -1.000000 3
7178 0.000000 5
7181 1.000000 3
7185 1.000000 4
7190 0.000000 5
7194 1.000000 4
7197 -1.000000 3
7202 0.000000 5
7207 1.000000 5
7211 -1.000000 4
7214 -1.000000 3
7217 -1.000000 3
7221 1.000000 4
7225 -1.000000 4
7230 0.000000 5
7234 -1.000000 4
7239 1.000000 5
7242 -1.000000 3
7246 1.000000 4
7250 1.000000 4
7255 1.000000 5
7258 -1.000000 3
7262 1.000000 4
7266 1.000000 4
7270 1.000000 4
7274 1.000000 4
7278 -1.000000 4
7283 1.000000 5
7287 1.000000 4
7291 1.000000 4
7294 -1.000000 3
7299 1.000000 5
7304 1.000000 5
7309 1.000000 5
7314 1.000000 5
7319 0.000000 5
7323 -1.000000 4
7327 1.000000 4
7332 1.000000 5
7337 1.000000 5
7341 -1.000000 4
7346 0.000000 5
7350 1.000000 4
7353 1.000000 3
7358 0.000000 5
7362 -1.000000 4
7366 1.000000 4
7370 1.000000 4
7375 1.000000 5
7379 -1.000000 4
7384 1.000000 5
7388 1.000000 4
7392 1.000000 4
7397 1.000000 5
7400 1.000000 3
7404 1.000000 4
7408 -1.000000 4
7412 1.000000 4
7417 1.000000 5
7422 0.000000 5
7426 -1.000000 4
7430 -1.000000 4
7435 0.000000 5
7438 -1.000000 3
7441 -1.000000 3
7446 1.000000 5
7450 -1.000000 4
7454 1.000000 4
7458 1.000000 4
7462 1.000000 4
7467 1.000000 5
7470 1.000000 3
7474 -1.000000 4
7479 1.000000 5
7484 1.000000 5
7489 0.000000 5
7493 -1.000000 4
7497 1.000000 4
7501 -1.000000 4
7504 1.000000 3
7508 -1.000000 4
7512 1.000000 4
7515 1.000000 3
7518 -1.000000 3
7522 -1.000000 4
7526 -1.000000 4
7530 1.000000 4
7533 1.000000 3
7538 1.000000 5
7542 1.000000 4
7545 -1.000000 3
7548 -1.000000 3
7552 1.000000 4
7555 1.000000 3
7559 1.000000 4
7562 -1.000000 3
7567 1.000000 5
7572 0.000000 5
7576 -1.000000 4
7579 -1.000000 3
7584 0.000000 5
7588 -1.000000 4
7592 -1.000000 4
7597 1.000000 5
7602 1.000000 5
7605 1.000000 3
7610 1.000000 5
7614 -1.000000 4
7618 -1.000000 4
7621 1.000000 3
7625 1.000000 4
7629 1.000000 4
7633 1.000000 4
7636 -1.000000 3
7640 -1.000000 4
7645 0.000000 5
7650 0.000000 5
7653 1.000000 3
7656 1.000000 3
7660 1.000000 4
7665 1.000000 5
7669 -1.000000 4
7672 1.000000 3
7676 -1.000000 4
7679 1.000000 3
7683 -1.000000 4
7688 1.000000 5
7691 -1.000000 3
7695 1.000000 4
7699 1.000000 4
7703 1.000000 4
7707 -1.000000 4
7712 1.000000 5
7717 1.000000 5
7720 -1.000000 3
7725 1.000000 5
7729 1.000000 4
7732 1.000000 3
7736 1.000000 4
7739 -1.000000 3
7743 1.000000 4
7747 1.000000 4
7752 1.000000 5
7755 -1.000000 3
7758 1.000000 3
7762 -1.000000 4
7766 1.000000 4
7769 1.000000 3
7774 0.000000 5
7778 -1.000000 4
7782 -1.000000 4
7786 1.000000 4
7790 -1.000000 4
7795 0.000000 5
7799 -1.000000 4
7804 1.000000 5
7809 1.000000 5
7813 1.000000 4
7817 -1.000000 4
7822 1.000000 5
7827 0.000000 5
7832 1.000000 5
7836 1.000000 4
7839 -1.000000 3
7842 1.000000 3
7845 -1.000000 3
7850 1.000000 5
7854 1.000000 4
7857 -1.000000 3
7860 -1.000000 3
7863 -1.000000 3
7867 -1.000000 4
7871 1.000000 4
7874 -1.000000 3
7879 0.000000 5
7884 1.000000 5
7888 -1.000000 4
7893 1.000000 5
7897 -1.000000 4
7901 -1.000000 4
7905 1.000000 4
7909 -1.000000 4
7913 -1.000000 4
7918 1.000000 5
7923 0.000000 5
7927 1.000000 4
7931 1.000000 4
7936 1.000000 5
7940 1.000000 4
7945 0.000000 5
7949 -1.000000 4
7954 0.000000 5
7958 -1.000000 4
7963 1.000000 5
7967 1.000000 4
7971 -1.000000 4
7976 1.000000 5
7979 1.000000 3
7984 0.000000 5
7988 1.000000 4
7992 -1.000000 4
7997 0.000000 5
8001 1.000000 4
8004 -1.000000 3
8008 -1.000000 4
8012 1.000000 4
8016 1.000000 4
8020 -1.000000 4
8025 1.000000 5
8028 1.000000 3
8032 1.000000 4
8035 1.000000 3
8040 0.000000 5
8044 -1.000000 4
8049 0.000000 5
8054 0.000000 5
8059 0.000000 5
8062 -1.000000 3
8065 1.000000 3
8068 1.000000 3
8072 1.000000 4
8076 1.000000 4
8080 1.000000 4
8083 -1.000000 3
8087 1.000000 4
8092 0.000000 5
8095 -1.000000 3
8098 -1.000000 3
8102 1.000000 4
8105 -1.000000 3
8109 1.000000 4
8114 1.000000 5
8117 -1.000000 3
8121 1.000000 4
8125 -1.000000 4
8128 1.000000 3
8133 0.000000 5
8138 0.000000 5
8143 1.000000 5
8148 1.000000 5
8152 1.000000 4
8157 1.000000 5
8162 0.000000 5
8166 1.000000 4
8170 1.000000 4
8174 -1.000000 4
8178 1.000000 4
8181 1.000000 3
8186 0.000000 5
8191 0.000000 5
8196 0.000000 5
8199 -1.000000 3
8203 1.000000 4
8206 -1.000000 3
8209 1.000000 3
8213 -1.000000 4
8218 0.000000 5
8223 1.000000 5
8228 1.000000 5
8233 0.000000 5
8238 0.000000 5
8242 1.000000 4
8245 1.000000 3
8249 -1.000000 4
8252 1.000000 3
8257 0.000000 5
8261 -1.000000 4
8266 1.000000 5
8270 -1.000000 4
8275 1.000000 5
8278 1.000000 3
8283 0.000000 5
8288 1.000000 5
8292 -1.000000 4
8295 1.000000 3
8300 1.000000 5
8304 -1.000000 4
8309 1.000000 5
8314 1.000000 5
8318 1.000000 4
8323 1.000000 5
8328 1.000000 5
8332 1.000000 4
8337 0.000000 5
8340 -1.000000 3
8345 1.000000 5
8350 0.000000 5
8353 -1.000000 3
8356 -1.000000 3
8361 1.000000 5
8365 -1.000000 4
8369 -1.000000 4
8374 1.000000 5
8379 1.000000 5
8384 1.000000 5
8388 1.000000 4
8392 -1.000000 4
8396 -1.000000 4
8400 1.000000 4
8404 1.000000 4
8409 1.000000 5
8413 1.000000 4
8417 1.000000 4
8422 1.000000 5
8425 1.000000 3
8429 -1.000000 4
8434 1.000000 5
8437 -1.000000 3
8442 0.000000 5
8446 1.000000 4
8450 1.000000 4
8453 1.000000 3
8456 1.000000 3
8460 1.000000 4
8465 0.000000 5
8469 -1.000000 4
8473 1.000000 4
8478 1.000000 5
8483 1.000000 5
8487 1.000000 4
8492 1.000000 5
8496 1.000000 4
8500 1.000000 4
8505 1.000000 5
8509 1.000000 4
8514 1.000000 5
8519 1.000000 5
8524 1.000000 5
8527 -1.000000 3
8532 1.000000 5
8536 -1.000000 4
8540 1.000000 4
8545 1.000000 5
8549 1.000000 4
8553 -1.000000 4
8556 1.000000 3
8560 1.000000 4
8565 1.000000 5
8570 0.000000 5
8573 1.000000 3
8577 1.000000 4
8580 -1.000000 3
8585 1.000000 5
8590 1.000000 5
8593 1.000000 3
8598 1.000000 5
8603 0.000000 5
8606 -1.000000 3
8609 1.000000 3
8613 -1.000000 4
8618 1.000000 5
8622 1.000000 4
8627 1.000000 5
8630 -1.000000 3
8634 1.000000 4
8638 1.000000 4
8643 1.000000 5
8647 1.000000 4
8650 1.000000 3
8654 1.000000 4
8657 -1.000000 3
8661 -1.000000 4
8665 -1.000000 4
8669 1.000000 4
8674 0.000000 5
8678 1.000000 4
8682 -1.000000 4
8686 1.000000 4
8690 -1.000000 4
8695 1.000000 5
8698 -1.000000 3
8702 1.000000 4
8706 -1.000000 4
8710 1.000000 4
8714 1.000000 4
8719 0.000000 5
8722 -1.000000 3
8726 -1.000000 4
8731 0.000000 5
8736 1.000000 5
8741 0.000000 5
8745 -1.000000 4
8749 -1.000000 4
8753 -1.000000 4
8757 1.000000 4
8762 0.000000 5
8766 1.000000 4
8770 1.000000 4
8775 0.000000 5
8780 1.000000 5
8784 1.000000 4
8788 -1.000000 4
8793 0.000000 5
8797 -1.000000 4
8800 1.000000 3
8805 0.000000 5
8810 0.000000 5
8815 1.000000 5
8819 1.000000 4
8824 0.000000 5
8829 1.000000 5
8834 1.000000 5
8838 -1.000000 4
8843 1.000000 5
8846 1.000000 3
8849 -1.000000 3
8852 1.000000 3
8857 1.000000 5
8860 -1.000000 3
8863 -1.000000 3
8866 1.000000 3
8871 1.000000 5
8876 0.000000 5
8881 1.000000 5
8885 -1.000000 4
8890 1.000000 5
8893 -1.000000 3
8898 1.000000 5
8901 -1.000000 3
8906 0.000000 5
8911 1.000000 5
8915 1.000000 4
8919 1.000000 4
8923 -1.000000 4
8928 0.000000 5
8933 1.000000 5
8937 1.000000 4
8942 0.000000 5
8945 -1.000000 3
8948 -1.000000 3
8953 0.000000 5
8957 1.000000 4
8960 -1.000000 3
8964 1.000000 4
8967 -1.000000 3
8970 1.000000 3
8974 1.000000 4
8978 1.000000 4
8982 -1.000000 4
8986 1.000000 4
8990 1.000000 4
8994 1.000000 4
8998 1.000000 4
9002 1.000000 4
9006 -1.000000 4
9009 -1.000000 3
9013 -1.000000 4
9017 1.000000 4
9021 -1.000000 4
9025 -1.000000 4
9028 1.000000 3
9032 1.000000 4
9035 -1.000000 3
9040 1.000000 5
9044 1.000000 4
9049 0.000000 5
9053 1.000000 4
9056 -1.000000 3
9059 1.000000 3
9063 -1.000000 4
9067 1.000000 4
9071 -1.000000 4
9074 -1.000000 3
9078 1.000000 4
9083 1.000000 5
9087 1.000000 4
9092 1.000000 5
9096 -1.000000 4
9099 1.000000 3
9104 0.000000 5
9109 1.000000 5
9112 -1.000000 3
9116 1.000000 4
9121 1.000000 5
9126 1.000000 5
9130 1.000000 4
9135 0.000000 5
9139 -1.000000 4
9142 -1.000000 3
9146 1.000000 4
9150 -1.000000 4
9155 1.000000 5
9159 1.000000 4
9163 -1.000000 4
9167 -1.000000 4
9172 0.000000 5
9176 1.000000 4
9179 -1.000000 3
9184 0.000000 5
9188 -1.000000 4
9192 1.000000 4
9197 1.000000 5
9201 1.000000 4
9204 1.000000 3
9209 0.000000 5
9213 1.000000 4
9217 -1.000000 4
9222 1.000000 5
9226 -1.000000 4
9231 1.000000 5
9235 1.000000 4
9239 -1.000000 4
9244 1.000000 5
9247 1.000000 3
9251 1.000000 4
9256 1.000000 5
9260 1.000000 4
9265 1.000000 5
9268 -1.000000 3
9273 0.000000 5
9277 1.000000 4
9282 1.000000 5
9286 -1.000000 4
9290 1.000000 4
9295 1.000000 5
9300 1.000000 5
9304 1.000000 4
9309 1.000000 5
9313 -1.000000 4
9318 1.000000 5
9321 -1.000000 3
9324 1.000000 3
9328 1.000000 4
9332 -1.000000 4
9337 1.000000 5
9342 1.000000 5
9346 1.000000 4
9351 1.000000 5
9356 1.000000 5
9360 1.000000 4
9365 1.000000 5
9369 -1.000000 4
9373 -1.000000 4
9377 -1.000000 4
9380 -1.000000 3
9383 1.000000 3
9386 -1.000000 3
9390 1.000000 4
9394 -1.000000 4
9399 1.000000 5
9402 -1.000000 3
9406 -1.000000 4
9411 0.000000 5
9414 1.000000 3
9418 1.000000 4
9423 1.000000 5
9427 1.000000 4
9432 1.000000 5
9437 0.000000 5
9441 1.000000 4
9444 -1.000000 3
9447 -1.000000 3
9450 1.000000 3
9453 1.000000 3
9458 0.000000 5
9463 0.000000 5
9466 -1.000000 3
9470 1.000000 4
9475 1.000000 5
9480 1.000000 5
9485 0.000000 5
9488 -1.000000 3
9492 1.000000 4
9495 1.000000 3
9500 1.000000 5
9504 -1.000000 4
9508 1.000000 4
9513 1.000000 5
9518 1.000000 5
9521 1.000000 3
9525 1.000000 4
9530 1.000000 5
9534 1.000000 4
9537 -1.000000 3
9542 0.000000 5
9546 -1.000000 4
9550 -1.000000 4
9555 1.000000 5
9558 1.000000 3
9562 1.000000 4
9565 -1.000000 3
9570 1.000000 5
9575 1.000000 5
9579 -1.000000 4
9584 1.000000 5
9587 -1.000000 3
9592 0.000000 5
9597 0.000000 5
9600 -1.000000 3
9604 1.000000 4
9607 -1.000000 3
9611 1.000000 4
9615 1.000000 4
9618 -1.000000 3
9623 1.000000 5
9626 -1.000000 3
9630 1.000000 4
9634 1.000000 4
9637 1.000000 3
9641 -1.000000 4
9644 1.000000 3
9647 1.000000 3
9651 1.000000 4
9656 0.000000 5
9661 1.000000 5
9665 1.000000 4
9670 0.000000 5
9674 1.000000 4
9678 1.000000 4
9682 1.000000 4
9686 1.000000 4
9689 -1.000000 3
9694 1.000000 5
9699 1.000000 5
9703 1.000000 4
9706 1.000000 3
9711 0.000000 5
9715 -1.000000 4
9718 -1.000000 3
9723 1.000000 5
9727 1.000000 4
9731 1.000000 4
9736 0.000000 5
9741 1.000000 5
9745 -1.000000 4
9749 1.000000 4
9754 0.000000 5
9758 1.000000 4
9762 1.000000 4
9766 -1.000000 4
9771 1.000000 5
9776 1.000000 5
9781 1.000000 5
9785 -1.000000 4
9789 1.000000 4
9792 -1.000000 3
9797 0.000000 5
9800 -1.000000 3
9804 1.000000 4
9807 -1.000000 3
9812 1.000000 5
9817 1.000000 5
9822 0.000000 5
9827 1.000000 5
9831 1.000000 4
9835 -1.000000 4
9838 1.000000 3
9843 0.000000 5
9847 1.000000 4
9851 -1.000000 4
9856 0.000000 5
9861 1.000000 5
9866 1.000000 5
9870 -1.000000 4
9875 1.000000 5
9878 -1.000000 3
9882 1.000000 4
9887 0.000000 5
9890 1.000000 3
9894 1.000000 4
9899 0.000000 5
9903 1.000000 4
9908 0.000000 5
9913 1.000000 5
9917 1.000000 4
9921 -1.000000 4
9926 0.000000 5
9931 1.000000 5
9934 1.000000 3
9939 1.000000 5
9944 1.000000 5
9948 1.000000 4
9953 1.000000 5
9958 1.000000 5
9962 -1.000000 4
9967 0.000000 5
9971 1.000000 4
9976 1.000000 5
9981 1.000000 5
9984 1.000000 3
9988 -1.000000 4
9991 1.000000 3
9996 1.000000 5
10000 1.000000 4
