5 0.000000 5
9 1.000000 4
12 1.000000 3
16 1.000000 4
21 1.000000 5
26 1.000000 5
30 -1.000000 4
33 1.000000 3
37 1.000000 4
41 1.000000 4
45 -1.000000 4
50 1.000000 5
53 -1.000000 3
58 1.000000 5
63 1.000000 5
67 1.000000 4
72 0.000000 5
75 1.000000 3
80 1.000000 5
84 -1.000000 4
89 1.000000 5
94 1.000000 5
98 1.000000 4
103 1.000000 5
108 1.000000 5
113 0.000000 5
117 -1.000000 4
121 -1.000000 4
126 1.000000 5
130 -1.000000 4
135 1.000000 5
140 0.000000 5
144 1.000000 4
148 1.000000 4
153 0.000000 5
157 -1.000000 4
160 1.000000 3
164 1.000000 4
168 1.000000 4
172 1.000000 4
177 0.000000 5
181 1.000000 4
185 -1.000000 4
189 -1.000000 4
193 -1.000000 4
198 1.000000 5
203 1.000000 5
206 -1.000000 3
211 0.000000 5
215 -1.000000 4
219 1.000000 4
224 0.000000 5
227 1.000000 3
231 -1.000000 4
236 1.000000 5
241 0.000000 5
245 1.000000 4
249 1.000000 4
254 1.000000 5
258 1.000000 4
262 -1.000000 4
266 1.000000 4
271 1.000000 5
276 1.000000 5
281 1.000000 5
285 -1.000000 4
289 1.000000 4
294 1.000000 5
299 1.000000 5
303 -1.000000 4
308 0.000000 5
311 1.000000 3
314 -1.000000 3
319 0.000000 5
323 -1.000000 4
328 1.000000 5
332 -1.000000 4
337 1.000000 5
342 1.000000 5
347 1.000000 5
352 1.000000 5
357 0.000000 5
361 -1.000000 4
365 -1.000000 4
368 -1.000000 3
371 1.000000 3
376 1.000000 5
380 -1.000000 4
385 0.000000 5
389 1.000000 4
394 0.000000 5
399 0.000000 5
403 -1.000000 4
408 0.000000 5
412 1.000000 4
415 -1.000000 3
419 1.000000 4
424 0.000000 5
427 1.000000 3
430 1.000000 3
434 -1.000000 4
437 1.000000 3
441 1.000000 4
444 1.000000 3
449 1.000000 5
454 1.000000 5
459 0.000000 5
463 1.000000 4
468 0.000000 5
471 1.000000 3
474 -1.000000 3
477 1.000000 3
481 1.000000 4
485 -1.000000 4
490 1.000000 5
493 -1.000000 3
497 1.000000 4
501 -1.000000 4
505 1.000000 4
509 1.000000 4
514 1.000000 5
519 1.000000 5
524 1.000000 5
529 1.000000 5
534 1.000000 5
538 -1.000000 4
543 1.000000 5
547 1.000000 4
551 -1.000000 4
555 1.000000 4
559 1.000000 4
562 -1.000000 3
567 0.000000 5
571 1.000000 4
575 1.000000 4
580 0.000000 5
583 -1.000000 3
588 1.000000 5
593 0.000000 5
597 -1.000000 4
601 1.000000 4
605 -1.000000 4
609 -1.000000 4
613 1.000000 4
618 0.000000 5
622 -1.000000 4
627 0.000000 5
631 1.000000 4
635 1.000000 4
639 1.000000 4
642 -1.000000 3
646 1.000000 4
650 -1.000000 4
654 -1.000000 4
658 -1.000000 4
662 1.000000 4
667 1.000000 5
671 -1.000000 4
675 1.000000 4
680 1.000000 5
683 -1.000000 3
687 -1.000000 4
692 1.000000 5
696 1.000000 4
701 1.000000 5
704 -1.000000 3
708 -1.000000 4
712 1.000000 4
716 1.000000 4
720 -1.000000 4
724 -1.000000 4
727 1.000000 3
731 -1.000000 4
735 1.000000 4
738 1.000000 3
743 1.000000 5
747 1.000000 4
752 1.000000 5
755 1.000000 3
760 0.000000 5
765 1.000000 5
768 -1.000000 3
771 -1.000000 3
776 0.000000 5
781 0.000000 5
785 1.000000 4
788 -1.000000 3
791 -1.000000 3
794 1.000000 3
798 -1.000000 4
802 -1.000000 4
806 1.000000 4
811 1.000000 5
816 1.000000 5
820 1.000000 4
824 1.000000 4
828 -1.000000 4
832 1.000000 4
836 1.000000 4
840 -1.000000 4
845 1.000000 5
849 -1.000000 4
853 -1.000000 4
857 1.000000 4
860 1.000000 3
864 1.000000 4
868 1.000000 4
872 1.000000 4
876 1.000000 4
880 1.000000 4
885 1.000000 5
889 1.000000 4
894 0.000000 5
898 1.000000 4
902 -1.000000 4
907 1.000000 5
910 1.000000 3
915 1.000000 5
920 0.000000 5
924 -1.000000 4
927 -1.000000 3
932 0.000000 5
935 1.000000 3
940 1.000000 5
944 1.000000 4
947 1.000000 3
951 -1.000000 4
956 1.000000 5
960 1.000000 4
965 0.000000 5
969 -1.000000 4
973 1.000000 4
977 1.000000 4
982 1.000000 5
985 -1.000000 3
989 1.000000 4
994 1.000000 5
999 1.000000 5
1003 1.000000 4
1008 0.000000 5
1011 1.000000 3
1015 -1.000000 4
1020 1.000000 5
1024 -1.000000 4
1027 -1.000000 3
1031 -1.000000 4
1034 1.000000 3
1037 -1.000000 3
1042 0.000000 5
1047 0.000000 5
1052 1.000000 5
1055 1.000000 3
1059 1.000000 4
1062 -1.000000 3
1065 1.000000 3
1070 1.000000 5
1075 1.000000 5
1080 0.000000 5
1083 -1.000000 3
1088 1.000000 5
1092 1.000000 4
1095 1.000000 3
1100 1.000000 5
1105 1.000000 5
1110 1.000000 5
1114 -1.000000 4
1118 -1.000000 4
1122 1.000000 4
1126 -1.000000 4
1130 1.000000 4
1133 -1.000000 3
1137 1.000000 4
1141 1.000000 4
1146 0.000000 5
1150 -1.000000 4
1153 -1.000000 3
1156 -1.000000 3
1160 -1.000000 4
1164 1.000000 4
1167 -1.000000 3
1171 1.000000 4
1174 1.000000 3
1179 0.000000 5
1182 1.000000 3
1186 -1.000000 4
1190 1.000000 4
1195 1.000000 5
1199 1.000000 4
1204 1.000000 5
1209 1.000000 5
1213 -1.000000 4
1217 1.000000 4
1222 0.000000 5
1226 -1.000000 4
1230 1.000000 4
1235 1.000000 5
1239 -1.000000 4
1243 1.000000 4
1247 1.000000 4
1250 -1.000000 3
1255 0.000000 5
1260 0.000000 5
1265 1.000000 5
1269 -1.000000 4
1274 1.000000 5
1279 0.000000 5
1283 1.000000 4
1287 1.000000 4
1292 1.000000 5
1295 -1.000000 3
1300 1.000000 5
1304 1.000000 4
1307 1.000000 3
1311 -1.000000 4
1316 1.000000 5
1321 1.000000 5
1325 1.000000 4
1330 0.000000 5
1334 1.000000 4
1339 0.000000 5
1344 1.000000 5
1349 1.000000 5
1352 -1.000000 3
1357 1.000000 5
1361 -1.000000 4
1366 0.000000 5
1370 -1.000000 4
1374 1.000000 4
1379 1.000000 5
1383 1.000000 4
1388 1.000000 5
1393 1.000000 5
1398 1.000000 5
1403 1.000000 5
1408 1.000000 5
1412 1.000000 4
1416 -1.000000 4
1421 1.000000 5
1426 1.000000 5
1429 -1.000000 3
1432 1.000000 3
1436 -1.000000 4
1440 -1.000000 4
1444 -1.000000 4
1448 -1.000000 4
1451 1.000000 3
1456 1.000000 5
1460 1.000000 4
1464 -1.000000 4
1467 -1.000000 3
1471 -1.000000 4
1474 -1.000000 3
1479 0.000000 5
1483 1.000000 4
1488 0.000000 5
1493 0.000000 5
1497 1.000000 4
1502 1.000000 5
1506 -1.000000 4
1510 1.000000 4
1515 1.000000 5
1520 1.000000 5
1523 1.000000 3
1527 1.000000 4
1531 1.000000 4
1535 -1.000000 4
1540 1.000000 5
1544 -1.000000 4
1549 0.000000 5
1552 1.000000 3
1556 -1.000000 4
1561 0.000000 5
1566 1.000000 5
1570 -1.000000 4
1573 -1.000000 3
1577 1.000000 4
1581 1.000000 4
1586 1.000000 5
1591 1.000000 5
1595 1.000000 4
1600 1.000000 5
1605 1.000000 5
1608 1.000000 3
1613 1.000000 5
1617 -1.000000 4
1622 0.000000 5
1626 -1.000000 4
1630 1.000000 4
1633 -1.000000 3
1636 1.000000 3
1641 0.000000 5
1646 1.000000 5
1650 -1.000000 4
1654 1.000000 4
1658 1.000000 4
1661 1.000000 3
1664 1.000000 3
1669 0.000000 5
1673 1.000000 4
1677 -1.000000 4
1681 1.000000 4
1684 -1.000000 3
1689 0.000000 5
1693 -1.000000 4
1698 1.000000 5
1703 0.000000 5
1707 -1.000000 4
1712 1.000000 5
1717 0.000000 5
1720 1.000000 3
1723 -1.000000 3
1727 1.000000 4
1731 1.000000 4
1734 -1.000000 3
1738 1.000000 4
1743 0.000000 5
1746 1.000000 3
1750 1.000000 4
1755 1.000000 5
1759 -1.000000 4
1763 1.000000 4
1767 -1.000000 4
1770 -1.000000 3
1774 -1.000000 4
1778 -1.000000 4
1783 1.000000 5
1787 1.000000 4
1792 0.000000 5
1796 1.000000 4
1800 1.000000 4
1805 1.000000 5
1808 1.000000 3
1811 1.000000 3
1814 -1.000000 3
1819 0.000000 5
1824 1.000000 5
1829 1.000000 5
1834 1.000000 5
1838 1.000000 4
1842 -1.000000 4
1846 -1.000000 4
1851 1.000000 5
1854 -1.000000 3
1858 -1.000000 4
1863 0.000000 5
1868 1.000000 5
1872 -1.000000 4
1876 1.000000 4
1881 1.000000 5
1885 1.000000 4
1890 0.000000 5
1894 1.000000 4
1898 -1.000000 4
1903 1.000000 5
1907 1.000000 4
1910 1.000000 3
1914 -1.000000 4
1918 -1.000000 4
1923 1.000000 5
1926 1.000000 3
1931 1.000000 5
1935 -1.000000 4
1939 1.000000 4
1944 1.000000 5
1949 1.000000 5
1953 -1.000000 4
1956 1.000000 3
1960 -1.000000 4
1964 -1.000000 4
1968 1.000000 4
1972 -1.000000 4
1976 1.000000 4
1981 1.000000 5
1986 1.000000 5
1989 1.000000 3
1994 0.000000 5
1998 1.000000 4
2003 0.000000 5
2006 -1.000000 3
2009 -1.000000 3
2012 -1.000000 3
2015 -1.000000 3
2018 -1.000000 3
2021 -1.000000 3
2024 -1.000000 3
2027 -1.000000 3
2030 -1.000000 3
2033 -1.000000 3
2036 -1.000000 3
2039 -1.000000 3
2042 -1.000000 3
2045 -1.000000 3
2048 -1.000000 3
2051 -1.000000 3
2054 -1.000000 3
2057 -1.000000 3
2060 -1.000000 3
2063 -1.000000 3
2066 -1.000000 3
2069 -1.000000 3
2072 -1.000000 3
2075 -1.000000 3
2078 -1.000000 3
2081 -1.000000 3
2084 -1.000000 3
2087 -1.000000 3
2090 -1.000000 3
2093 -1.000000 3
2096 -1.000000 3
2099 -1.000000 3
2102 -1.000000 3
2105 -1.000000 3
2108 -1.000000 3
2111 -1.000000 3
2114 -1.000000 3
2117 -1.000000 3
2120 -1.000000 3
2123 -1.000000 3
2126 -1.000000 3
2129 -1.000000 3
2132 -1.000000 3
2135 -1.000000 3
2138 -1.000000 3
2141 -1.000000 3
2144 -1.000000 3
2147 -1.000000 3
2150 -1.000000 3
2153 -1.000000 3
2156 -1.000000 3
2159 -1.000000 3
2162 -1.000000 3
2165 -1.000000 3
2168 -1.000000 3
2171 -1.000000 3
2174 -1.000000 3
2177 -1.000000 3
2180 -1.000000 3
2183 -1.000000 3
2186 -1.000000 3
2189 -1.000000 3
2192 -1.000000 3
2195 -1.000000 3
2198 -1.000000 3
2201 -1.000000 3
2204 -1.000000 3
2207 -1.000000 3
2210 -1.000000 3
2213 -1.000000 3
2216 -1.000000 3
2219 -1.000000 3
2222 -1.000000 3
2225 -1.000000 3
2228 -1.000000 3
2231 -1.000000 3
2234 -1.000000 3
2237 -1.000000 3
2240 -1.000000 3
2243 -1.000000 3
2246 -1.000000 3
2249 -1.000000 3
2252 -1.000000 3
2255 -1.000000 3
2258 -1.000000 3
2261 -1.000000 3
2264 -1.000000 3
2267 -1.000000 3
2270 -1.000000 3
2273 -1.000000 3
2276 -1.000000 3
2279 -1.000000 3
2282 -1.000000 3
2285 -1.000000 3
2288 -1.000000 3
2291 -1.000000 3
2294 -1.000000 3
2297 -1.000000 3
2300 -1.000000 3
2303 -1.000000 3
2306 -1.000000 3
2309 -1.000000 3
2312 -1.000000 3
2315 -1.000000 3
2318 -1.000000 3
2321 -1.000000 3
2324 -1.000000 3
2327 -1.000000 3
2330 -1.000000 3
2333 -1.000000 3
2336 -1.000000 3
2339 -1.000000 3
2342 -1.000000 3
2345 -1.000000 3
2348 -1.000000 3
2351 -1.000000 3
2354 -1.000000 3
2357 -1.000000 3
2360 -1.000000 3
2363 -1.000000 3
2366 -1.000000 3
2369 -1.000000 3
2372 -1.000000 3
2375 -1.000000 3
2378 -1.000000 3
2381 -1.000000 3
2384 -1.000000 3
2387 -1.000000 3
2390 -1.000000 3
2393 -1.000000 3
2396 -1.000000 3
2399 -1.000000 3
2402 -1.000000 3
2405 -1.000000 3
2408 -1.000000 3
2411 -1.000000 3
2414 -1.000000 3
2417 -1.000000 3
2420 -1.000000 3
2423 -1.000000 3
2426 -1.000000 3
2429 -1.000000 3
2432 -1.000000 3
2435 -1.000000 3
2438 -1.000000 3
2441 -1.000000 3
2444 -1.000000 3
2447 -1.000000 3
2450 -1.000000 3
2453 -1.000000 3
2456 -1.000000 3
2459 -1.000000 3
2462 -1.000000 3
2465 -1.000000 3
2468 -1.000000 3
2471 -1.000000 3
2474 -1.000000 3
2477 -1.000000 3
2480 -1.000000 3
2483 -1.000000 3
2486 -1.000000 3
2489 -1.000000 3
2492 -1.000000 3
2495 -1.000000 3
2498 -1.000000 3
2501 -1.000000 3
2504 -1.000000 3
2507 -1.000000 3
2510 -1.000000 3
2513 -1.000000 3
2516 -1.000000 3
2519 -1.000000 3
2522 -1.000000 3
2525 -1.000000 3
2528 -1.000000 3
2531 -1.000000 3
2534 -1.000000 3
2537 -1.000000 3
2540 -1.000000 3
2543 -1.000000 3
2546 -1.000000 3
2549 -1.000000 3
2552 -1.000000 3
2555 -1.000000 3
2558 -1.000000 3
2561 -1.000000 3
2564 -1.000000 3
2567 -1.000000 3
2570 -1.000000 3
2573 -1.000000 3
2576 -1.000000 3
2579 -1.000000 3
2582 -1.000000 3
2585 -1.000000 3
2588 -1.000000 3
2591 -1.000000 3
2594 -1.000000 3
2597 -1.000000 3
2600 -1.000000 3
2603 -1.000000 3
2606 -1.000000 3
2609 -1.000000 3
2612 -1.000000 3
2615 -1.000000 3
2618 -1.000000 3
2621 -1.000000 3
2624 -1.000000 3
2627 -1.000000 3
2630 -1.000000 3
2633 -1.000000 3
2636 -1.000000 3
2639 -1.000000 3
2642 -1.000000 3
2645 -1.000000 3
2648 -1.000000 3
2651 -1.000000 3
2654 -1.000000 3
2657 -1.000000 3
2660 -1.000000 3
2663 -1.000000 3
2666 -1.000000 3
2669 -1.000000 3
2672 -1.000000 3
2675 -1.000000 3
2678 -1.000000 3
2681 -1.000000 3
2684 -1.000000 3
2687 -1.000000 3
2690 -1.000000 3
2693 -1.000000 3
2696 -1.000000 3
2699 -1.000000 3
2702 -1.000000 3
2705 -1.000000 3
2708 -1.000000 3
2711 -1.000000 3
2714 -1.000000 3
2717 -1.000000 3
2720 -1.000000 3
2723 -1.000000 3
2726 -1.000000 3
2729 -1.000000 3
2732 -1.000000 3
2735 -1.000000 3
2738 -1.000000 3
2741 -1.000000 3
2744 -1.000000 3
2747 -1.000000 3
2750 -1.000000 3
2753 -1.000000 3
2756 -1.000000 3
2759 -1.000000 3
2762 -1.000000 3
2765 -1.000000 3
2768 -1.000000 3
2771 -1.000000 3
2774 -1.000000 3
2777 -1.000000 3
2780 -1.000000 3
2783 -1.000000 3
2786 -1.000000 3
2789 -1.000000 3
2792 -1.000000 3
2795 -1.000000 3
2798 -1.000000 3
2801 -1.000000 3
2804 -1.000000 3
2807 -1.000000 3
2810 -1.000000 3
2813 -1.000000 3
2816 -1.000000 3
2819 -1.000000 3
2822 -1.000000 3
2825 -1.000000 3
2828 -1.000000 3
2831 -1.000000 3
2834 -1.000000 3
2837 -1.000000 3
2840 -1.000000 3
2843 -1.000000 3
2846 -1.000000 3
2849 -1.000000 3
2852 -1.000000 3
2855 -1.000000 3
2858 -1.000000 3
2861 -1.000000 3
2864 -1.000000 3
2867 -1.000000 3
2870 -1.000000 3
2873 -1.000000 3
2876 -1.000000 3
2879 -1.000000 3
2882 -1.000000 3
2885 -1.000000 3
2888 -1.000000 3
2891 -1.000000 3
2894 -1.000000 3
2897 -1.000000 3
2900 -1.000000 3
2903 -1.000000 3
2906 -1.000000 3
2909 -1.000000 3
2912 -1.000000 3
2915 -1.000000 3
2918 -1.000000 3
2921 -1.000000 3
2924 -1.000000 3
2927 -1.000000 3
2930 -1.000000 3
2933 -1.000000 3
2936 -1.000000 3
2939 -1.000000 3
2942 -1.000000 3
2945 -1.000000 3
2948 -1.000000 3
2951 -1.000000 3
2954 -1.000000 3
2957 -1.000000 3
2960 -1.000000 3
2963 -1.000000 3
2966 -1.000000 3
2969 -1.000000 3
2972 -1.000000 3
2975 -1.000000 3
2978 -1.000000 3
2981 -1.000000 3
2984 -1.000000 3
2987 -1.000000 3
2990 -1.000000 3
2993 -1.000000 3
2996 -1.000000 3
2999 -1.000000 3
3002 -1.000000 3
3005 -1.000000 3
