3 1.000000 3
6 -1.000000 3
10 1.000000 4
15 1.000000 5
20 0.000000 5
24 -1.000000 4
29 1.000000 5
34 0.000000 5
38 1.000000 4
43 1.000000 5
47 1.000000 4
50 1.000000 3
55 1.000000 5
58 -1.000000 3
62 -1.000000 4
66 1.000000 4
70 1.000000 4
75 0.000000 5
79 1.000000 4
83 1.000000 4
86 -1.000000 3
90 1.000000 4
93 1.000000 3
97 1.000000 4
100 1.000000 3
104 1.000000 4
109 1.000000 5
114 1.000000 5
118 -1.000000 4
123 0.000000 5
127 -1.000000 4
132 0.000000 5
136 -1.000000 4
140 -1.000000 4
145 0.000000 5
150 1.000000 5
155 1.000000 5
159 1.000000 4
163 1.000000 4
168 1.000000 5
171 -1.000000 3
176 0.000000 5
180 1.000000 4
184 1.000000 4
189 1.000000 5
193 -1.000000 4
198 0.000000 5
202 1.000000 4
206 1.000000 4
210 1.000000 4
213 1.000000 3
216 -1.000000 3
221 1.000000 5
225 -1.000000 4
230 1.000000 5
234 -1.000000 4
239 1.000000 5
243 -1.000000 4
248 1.000000 5
253 0.000000 5
257 1.000000 4
261 1.000000 4
264 -1.000000 3
268 -1.000000 4
273 0.000000 5
277 -1.000000 4
281 -1.000000 4
285 1.000000 4
290 0.000000 5
293 -1.000000 3
296 -1.000000 3
301 1.000000 5
305 -1.000000 4
309 -1.000000 4
314 0.000000 5
319 1.000000 5
324 0.000000 5
328 1.000000 4
333 1.000000 5
338 0.000000 5
342 1.000000 4
346 1.000000 4
350 1.000000 4
355 1.000000 5
359 -1.000000 4
363 1.000000 4
367 1.000000 4
370 1.000000 3
374 -1.000000 4
378 1.000000 4
381 1.000000 3
385 1.000000 4
389 1.000000 4
393 1.000000 4
398 1.000000 5
402 1.000000 4
407 1.000000 5
411 1.000000 4
415 1.000000 4
419 -1.000000 4
423 1.000000 4
427 1.000000 4
431 -1.000000 4
435 -1.000000 4
438 1.000000 3
443 0.000000 5
447 -1.000000 4
452 1.000000 5
455 1.000000 3
458 1.000000 3
463 0.000000 5
467 -1.000000 4
472 1.000000 5
476 -1.000000 4
480 1.000000 4
485 1.000000 5
490 1.000000 5
493 1.000000 3
496 1.000000 3
499 1.000000 3
502 -1.000000 3
506 1.000000 4
509 1.000000 3
514 1.000000 5
517 -1.000000 3
521 1.000000 4
526 1.000000 5
530 -1.000000 4
535 0.000000 5
538 1.000000 3
541 -1.000000 3
544 -1.000000 3
549 1.000000 5
554 1.000000 5
558 1.000000 4
562 -1.000000 4
567 1.000000 5
571 1.000000 4
576 1.000000 5
579 1.000000 3
584 1.000000 5
589 1.000000 5
593 1.000000 4
597 -1.000000 4
601 1.000000 4
606 1.000000 5
609 1.000000 3
614 0.000000 5
619 0.000000 5
622 -1.000000 3
626 1.000000 4
630 -1.000000 4
635 1.000000 5
639 1.000000 4
643 -1.000000 4
647 1.000000 4
652 0.000000 5
656 1.000000 4
659 -1.000000 3
663 1.000000 4
666 1.000000 3
670 -1.000000 4
675 1.000000 5
678 -1.000000 3
682 1.000000 4
686 -1.000000 4
690 -1.000000 4
694 1.000000 4
698 1.000000 4
702 -1.000000 4
705 -1.000000 3
710 0.000000 5
715 1.000000 5
718 1.000000 3
722 1.000000 4
727 1.000000 5
732 1.000000 5
735 -1.000000 3
739 -1.000000 4
743 1.000000 4
748 1.000000 5
751 -1.000000 3
756 0.000000 5
761 1.000000 5
765 -1.000000 4
769 1.000000 4
773 1.000000 4
778 1.000000 5
782 -1.000000 4
787 0.000000 5
791 1.000000 4
796 1.000000 5
801 1.000000 5
805 -1.000000 4
810 1.000000 5
814 1.000000 4
819 0.000000 5
823 -1.000000 4
827 1.000000 4
831 -1.000000 4
836 1.000000 5
840 -1.000000 4
845 1.000000 5
850 0.000000 5
855 1.000000 5
860 1.000000 5
865 0.000000 5
868 -1.000000 3
873 0.000000 5
877 -1.000000 4
881 1.000000 4
886 1.000000 5
891 1.000000 5
895 1.000000 4
900 1.000000 5
904 1.000000 4
908 1.000000 4
911 -1.000000 3
914 1.000000 3
918 -1.000000 4
921 -1.000000 3
925 -1.000000 4
928 1.000000 3
932 -1.000000 4
937 1.000000 5
942 1.000000 5
947 1.000000 5
951 1.000000 4
956 0.000000 5
960 -1.000000 4
963 1.000000 3
968 0.000000 5
971 1.000000 3
976 0.000000 5
980 -1.000000 4
985 1.000000 5
990 0.000000 5
995 1.000000 5
999 1.000000 4
1003 1.000000 4
1007 -1.000000 4
1012 1.000000 5
1016 1.000000 4
1021 0.000000 5
1025 -1.000000 4
1029 1.000000 4
1032 1.000000 3
1035 1.000000 3
1039 1.000000 4
1043 -1.000000 4
1047 -1.000000 4
1052 1.000000 5
1055 1.000000 3
1060 1.000000 5
1064 -1.000000 4
1068 1.000000 4
1072 1.000000 4
1075 -1.000000 3
1080 1.000000 5
1083 1.000000 3
1088 1.000000 5
1091 1.000000 3
1096 1.000000 5
1101 1.000000 5
1105 -1.000000 4
1108 -1.000000 3
1111 -1.000000 3
1116 1.000000 5
1120 1.000000 4
1125 1.000000 5
1129 1.000000 4
1132 1.000000 3
1137 1.000000 5
1140 1.000000 3
1144 1.000000 4
1149 1.000000 5
1154 0.000000 5
1158 -1.000000 4
1161 -1.000000 3
1165 1.000000 4
1170 1.000000 5
1175 0.000000 5
1179 -1.000000 4
1184 0.000000 5
1188 1.000000 4
1192 1.000000 4
1196 1.000000 4
1199 1.000000 3
1202 1.000000 3
1206 1.000000 4
1211 0.000000 5
1216 1.000000 5
1220 1.000000 4
1224 -1.000000 4
1228 1.000000 4
1232 -1.000000 4
1236 1.000000 4
1239 -1.000000 3
1242 1.000000 3
1247 1.000000 5
1251 -1.000000 4
1255 1.000000 4
1259 1.000000 4
1264 1.000000 5
1269 1.000000 5
1274 1.000000 5
1277 -1.000000 3
1282 1.000000 5
1286 1.000000 4
1289 -1.000000 3
1294 1.000000 5
1298 -1.000000 4
1302 -1.000000 4
1306 -1.000000 4
1309 -1.000000 3
1314 0.000000 5
1319 0.000000 5
1322 -1.000000 3
1327 0.000000 5
1332 0.000000 5
1337 0.000000 5
1340 1.000000 3
1345 0.000000 5
1350 1.000000 5
1355 1.000000 5
1359 1.000000 4
1363 -1.000000 4
1368 0.000000 5
1373 1.000000 5
1376 1.000000 3
1379 1.000000 3
1383 1.000000 4
1387 -1.000000 4
1390 -1.000000 3
1395 1.000000 5
1399 -1.000000 4
1403 1.000000 4
1406 -1.000000 3
1410 -1.000000 4
1414 1.000000 4
1419 1.000000 5
1422 -1.000000 3
1426 -1.000000 4
1431 1.000000 5
1435 -1.000000 4
1439 1.000000 4
1443 -1.000000 4
1447 1.000000 4
1451 1.000000 4
1454 1.000000 3
1458 1.000000 4
1463 1.000000 5
1468 1.000000 5
1473 0.000000 5
1477 1.000000 4
1482 1.000000 5
1485 -1.000000 3
1490 0.000000 5
1495 0.000000 5
1499 -1.000000 4
1504 1.000000 5
1507 -1.000000 3
1512 1.000000 5
1515 -1.000000 3
1519 1.000000 4
1522 -1.000000 3
1525 1.000000 3
1529 -1.000000 4
1534 0.000000 5
1538 -1.000000 4
1543 1.000000 5
1547 1.000000 4
1551 -1.000000 4
1554 1.000000 3
1558 1.000000 4
1561 1.000000 3
1566 1.000000 5
1571 1.000000 5
1575 -1.000000 4
1579 1.000000 4
1584 0.000000 5
1589 1.000000 5
1592 -1.000000 3
1595 -1.000000 3
1599 -1.000000 4
1602 -1.000000 3
1607 0.000000 5
1612 1.000000 5
1617 1.000000 5
1622 1.000000 5
1627 1.000000 5
1630 1.000000 3
1635 0.000000 5
1639 1.000000 4
1643 -1.000000 4
1647 1.000000 4
1652 0.000000 5
1656 -1.000000 4
1660 1.000000 4
1665 0.000000 5
1668 1.000000 3
1673 0.000000 5
1678 1.000000 5
1682 -1.000000 4
1687 1.000000 5
1692 1.000000 5
1696 1.000000 4
1701 1.000000 5
1704 1.000000 3
1707 1.000000 3
1710 -1.000000 3
1713 -1.000000 3
1717 -1.000000 4
1721 1.000000 4
1724 1.000000 3
1729 0.000000 5
1733 -1.000000 4
1737 1.000000 4
1741 1.000000 4
1745 -1.000000 4
1750 1.000000 5
1754 1.000000 4
1757 -1.000000 3
1761 1.000000 4
1766 1.000000 5
1771 1.000000 5
1775 -1.000000 4
1780 0.000000 5
1783 1.000000 3
1787 1.000000 4
1792 1.000000 5
1796 -1.000000 4
1801 0.000000 5
1806 0.000000 5
1811 1.000000 5
1815 1.000000 4
1819 1.000000 4
1824 1.000000 5
1828 -1.000000 4
1832 1.000000 4
1837 0.000000 5
1841 1.000000 4
1845 1.000000 4
1850 1.000000 5
1854 -1.000000 4
1859 1.000000 5
1862 -1.000000 3
1865 -1.000000 3
1868 -1.000000 3
1872 -1.000000 4
1875 1.000000 3
1880 0.000000 5
1884 -1.000000 4
1889 1.000000 5
1893 -1.000000 4
1898 0.000000 5
1902 1.000000 4
1907 1.000000 5
1912 0.000000 5
1916 1.000000 4
1920 1.000000 4
1924 -1.000000 4
1929 1.000000 5
1934 1.000000 5
1939 1.000000 5
1943 -1.000000 4
1946 -1.000000 3
1951 1.000000 5
1956 1.000000 5
1960 1.000000 4
1963 -1.000000 3
1967 -1.000000 4
1972 0.000000 5
1977 1.000000 5
1980 1.000000 3
1983 -1.000000 3
1987 1.000000 4
1990 -1.000000 3
1995 1.000000 5
2000 1.000000 5
2004 1.000000 4
2008 1.000000 4
2013 1.000000 5
2018 0.000000 5
2022 1.000000 4
2026 -1.000000 4
2029 -1.000000 3
2032 -1.000000 3
2037 1.000000 5
2042 1.000000 5
2046 -1.000000 4
2051 1.000000 5
2054 -1.000000 3
2058 1.000000 4
2063 1.000000 5
2067 -1.000000 4
2071 1.000000 4
2076 0.000000 5
2080 1.000000 4
2085 0.000000 5
2089 1.000000 4
2093 1.000000 4
2096 1.000000 3
2100 1.000000 4
2104 -1.000000 4
2108 1.000000 4
2112 1.000000 4
2116 -1.000000 4
2120 1.000000 4
2125 0.000000 5
2130 1.000000 5
2133 1.000000 3
2138 0.000000 5
2143 0.000000 5
2147 1.000000 4
2151 1.000000 4
2155 1.000000 4
2159 -1.000000 4
2164 0.000000 5
2169 1.000000 5
2173 1.000000 4
2177 1.000000 4
2181 -1.000000 4
2184 -1.000000 3
2188 -1.000000 4
2192 -1.000000 4
2195 -1.000000 3
2198 -1.000000 3
2202 1.000000 4
2205 1.000000 3
2209 -1.000000 4
2214 1.000000 5
2219 1.000000 5
2223 -1.000000 4
2227 1.000000 4
2231 1.000000 4
2235 1.000000 4
2239 1.000000 4
2244 1.000000 5
2248 -1.000000 4
2251 -1.000000 3
2256 0.000000 5
2260 1.000000 4
2263 1.000000 3
2268 0.000000 5
2272 1.000000 4
2277 0.000000 5
2282 1.000000 5
2286 1.000000 4
2291 1.000000 5
2295 -1.000000 4
2299 1.000000 4
2303 -1.000000 4
2307 1.000000 4
2311 1.000000 4
2316 1.000000 5
2319 -1.000000 3
2323 -1.000000 4
2327 1.000000 4
2332 1.000000 5
2337 1.000000 5
2342 0.000000 5
2345 1.000000 3
2349 1.000000 4
2353 1.000000 4
2357 -1.000000 4
2361 -1.000000 4
2365 -1.000000 4
2370 1.000000 5
2373 -1.000000 3
2377 1.000000 4
2382 1.000000 5
2385 1.000000 3
2389 1.000000 4
2392 1.000000 3
2395 1.000000 3
2398 1.000000 3
2402 1.000000 4
2406 -1.000000 4
2409 1.000000 3
2413 1.000000 4
2417 -1.000000 4
2422 1.000000 5
2426 1.000000 4
2430 1.000000 4
2433 1.000000 3
2436 1.000000 3
2440 -1.000000 4
2444 -1.000000 4
2449 1.000000 5
2452 -1.000000 3
2456 1.000000 4
2460 1.000000 4
2464 -1.000000 4
2467 1.000000 3
2471 1.000000 4
2475 1.000000 4
2479 1.000000 4
2484 0.000000 5
2488 1.000000 4
2493 1.000000 5
2498 1.000000 5
2503 0.000000 5
2507 1.000000 4
2511 -1.000000 4
2515 1.000000 4
2519 1.000000 4
2523 -1.000000 4
2527 1.000000 4
2532 0.000000 5
2536 1.000000 4
2540 1.000000 4
2545 1.000000 5
2549 1.000000 4
2554 0.000000 5
2557 1.000000 3
2562 1.000000 5
2567 1.000000 5
2572 1.000000 5
2576 1.000000 4
2580 1.000000 4
2583 1.000000 3
2588 1.000000 5
2592 -1.000000 4
2596 1.000000 4
2601 1.000000 5
2605 1.000000 4
2610 1.000000 5
2615 0.000000 5
2618 1.000000 3
2622 -1.000000 4
2626 -1.000000 4
2630 1.000000 4
2634 1.000000 4
2639 0.000000 5
2643 -1.000000 4
2647 -1.000000 4
2650 -1.000000 3
2653 1.000000 3
2658 1.000000 5
2663 1.000000 5
2667 1.000000 4
2672 1.000000 5
2676 -1.000000 4
2680 -1.000000 4
2684 -1.000000 4
2689 1.000000 5
2693 -1.000000 4
2696 -1.000000 3
2701 1.000000 5
2705 1.000000 4
2710 1.000000 5
2714 -1.000000 4
2718 -1.000000 4
2723 0.000000 5
2727 1.000000 4
2732 0.000000 5
2736 1.000000 4
2741 0.000000 5
2745 1.000000 4
2749 1.000000 4
2754 1.000000 5
2757 1.000000 3
2761 -1.000000 4
2765 1.000000 4
2768 1.000000 3
2772 -1.000000 4
2777 0.000000 5
2781 -1.000000 4
2785 -1.000000 4
2788 1.000000 3
2792 -1.000000 4
2796 -1.000000 4
2800 -1.000000 4
2803 1.000000 3
2807 1.000000 4
2811 -1.000000 4
2816 0.000000 5
2821 1.000000 5
2826 0.000000 5
2831 0.000000 5
2835 -1.000000 4
2839 1.000000 4
2843 -1.000000 4
2847 -1.000000 4
2851 -1.000000 4
2856 1.000000 5
2861 1.000000 5
2865 -1.000000 4
2870 1.000000 5
2873 -1.000000 3
2877 -1.000000 4
2882 0.000000 5
2886 -1.000000 4
2890 1.000000 4
2894 1.000000 4
2897 1.000000 3
2901 -1.000000 4
2905 -1.000000 4
2909 1.000000 4
2913 1.000000 4
2916 1.000000 3
2920 1.000000 4
2925 1.000000 5
2928 1.000000 3
2931 -1.000000 3
2936 0.000000 5
2941 1.000000 5
2946 1.000000 5
2950 1.000000 4
2954 -1.000000 4
2958 1.000000 4
2963 0.000000 5
2966 -1.000000 3
2971 1.000000 5
2976 0.000000 5
2980 -1.000000 4
2984 1.000000 4
2987 1.000000 3
2991 -1.000000 4
2994 -1.000000 3
2999 0.000000 5
3002 -1.000000 3
3007 1.000000 5
3010 -1.000000 3
3013 1.000000 3
3016 -1.000000 3
3019 1.000000 3
3024 1.000000 5
3029 0.000000 5
3032 -1.000000 3
3037 1.000000 5
3042 1.000000 5
3047 1.000000 5
3050 -1.000000 3
3055 0.000000 5
3059 -1.000000 4
3063 1.000000 4
3067 1.000000 4
3071 -1.000000 4
3074 -1.000000 3
3077 1.000000 3
3080 1.000000 3
3084 1.000000 4
3088 -1.000000 4
3092 1.000000 4
3096 -1.000000 4
3099 -1.000000 3
3103 1.000000 4
3107 -1.000000 4
3110 1.000000 3
3115 1.000000 5
3120 1.000000 5
3125 1.000000 5
3130 1.000000 5
3134 1.000000 4
3138 -1.000000 4
3142 1.000000 4
3145 1.000000 3
3150 1.000000 5
3153 1.000000 3
3157 1.000000 4
3160 1.000000 3
3165 0.000000 5
3170 0.000000 5
3174 1.000000 4
3177 1.000000 3
3180 1.000000 3
3185 0.000000 5
3189 1.000000 4
3193 -1.000000 4
3196 -1.000000 3
3200 -1.000000 4
3205 1.000000 5
3210 1.000000 5
3213 1.000000 3
3218 1.000000 5
3222 -1.000000 4
3225 1.000000 3
3230 0.000000 5
3235 0.000000 5
3239 1.000000 4
3243 1.000000 4
3247 1.000000 4
3252 1.000000 5
3256 1.000000 4
3261 1.000000 5
3265 -1.000000 4
3269 -1.000000 4
3273 1.000000 4
3277 1.000000 4
3280 1.000000 3
3284 -1.000000 4
3288 1.000000 4
3293 1.000000 5
3297 1.000000 4
3301 1.000000 4
3304 -1.000000 3
3309 1.000000 5
3313 -1.000000 4
3317 -1.000000 4
3322 0.000000 5
3325 -1.000000 3
3330 1.000000 5
3333 1.000000 3
3336 1.000000 3
3340 -1.000000 4
3345 1.000000 5
3349 -1.000000 4
3352 -1.000000 3
3357 1.000000 5
3361 -1.000000 4
3366 0.000000 5
3371 1.000000 5
3375 1.000000 4
3380 1.000000 5
3384 -1.000000 4
3389 0.000000 5
3393 -1.000000 4
3398 1.000000 5
3402 1.000000 4
3405 1.000000 3
3408 1.000000 3
3412 1.000000 4
3415 1.000000 3
3420 0.000000 5
3424 1.000000 4
3429 1.000000 5
3433 -1.000000 4
3438 0.000000 5
3442 -1.000000 4
3446 -1.000000 4
3450 -1.000000 4
3455 0.000000 5
3459 1.000000 4
3462 -1.000000 3
3467 0.000000 5
3472 1.000000 5
3476 -1.000000 4
3480 1.000000 4
3484 -1.000000 4
3489 1.000000 5
3493 1.000000 4
3498 0.000000 5
3503 1.000000 5
3507 -1.000000 4
3511 -1.000000 4
3515 -1.000000 4
3518 -1.000000 3
3522 1.000000 4
3525 -1.000000 3
3530 1.000000 5
3535 0.000000 5
3540 0.000000 5
3544 -1.000000 4
3548 -1.000000 4
3552 1.000000 4
3556 -1.000000 4
3560 -1.000000 4
3563 -1.000000 3
3567 -1.000000 4
3571 1.000000 4
3575 -1.000000 4
3578 1.000000 3
3582 -1.000000 4
3586 1.000000 4
3591 0.000000 5
3596 0.000000 5
3601 0.000000 5
3606 1.000000 5
3611 1.000000 5
3616 0.000000 5
3619 -1.000000 3
3623 1.000000 4
3627 1.000000 4
3631 -1.000000 4
3635 1.000000 4
3639 -1.000000 4
3643 1.000000 4
3647 1.000000 4
3652 1.000000 5
3657 1.000000 5
3661 1.000000 4
3666 1.000000 5
3669 1.000000 3
3673 1.000000 4
3677 1.000000 4
3681 1.000000 4
3685 -1.000000 4
3689 1.000000 4
3692 1.000000 3
3697 1.000000 5
3702 1.000000 5
3707 0.000000 5
3712 0.000000 5
3716 -1.000000 4
3721 1.000000 5
3725 -1.000000 4
3729 -1.000000 4
3733 -1.000000 4
3738 1.000000 5
3742 -1.000000 4
3745 1.000000 3
3748 -1.000000 3
3752 -1.000000 4
3757 1.000000 5
3760 -1.000000 3
3764 -1.000000 4
3767 1.000000 3
3771 -1.000000 4
3775 -1.000000 4
3779 -1.000000 4
3783 -1.000000 4
3788 1.000000 5
3793 1.000000 5
3798 0.000000 5
3801 1.000000 3
3805 -1.000000 4
3809 1.000000 4
3813 -1.000000 4
3816 1.000000 3
3819 1.000000 3
3822 -1.000000 3
3825 1.000000 3
3829 1.000000 4
3834 0.000000 5
3838 1.000000 4
3841 -1.000000 3
3845 1.000000 4
3850 1.000000 5
3854 -1.000000 4
3857 1.000000 3
3861 1.000000 4
3865 1.000000 4
3870 1.000000 5
3873 -1.000000 3
3878 1.000000 5
3882 -1.000000 4
3887 1.000000 5
3891 1.000000 4
3895 -1.000000 4
3899 -1.000000 4
3903 1.000000 4
3907 -1.000000 4
3912 0.000000 5
3916 -1.000000 4
3920 -1.000000 4
3925 1.000000 5
3928 -1.000000 3
3932 1.000000 4
3937 1.000000 5
3942 1.000000 5
3945 1.000000 3
3948 -1.000000 3
3951 1.000000 3
3956 1.000000 5
3960 1.000000 4
3965 1.000000 5
3969 -1.000000 4
3973 1.000000 4
3976 1.000000 3
3981 1.000000 5
3986 1.000000 5
3991 1.000000 5
3995 1.000000 4
4000 0.000000 5
4004 1.000000 4
4007 1.000000 3
4010 -1.000000 3
4014 1.000000 4
4019 1.000000 5
4024 1.000000 5
4028 -1.000000 4
4033 0.000000 5
4037 1.000000 4
4040 1.000000 3
4045 1.000000 5
4049 -1.000000 4
4052 1.000000 3
4055 -1.000000 3
4060 1.000000 5
4064 -1.000000 4
4068 1.000000 4
4072 -1.000000 4
4076 -1.000000 4
4080 1.000000 4
4085 1.000000 5
4088 -1.000000 3
4093 0.000000 5
4097 1.000000 4
4101 1.000000 4
4104 -1.000000 3
4107 1.000000 3
4111 1.000000 4
4116 1.000000 5
4121 1.000000 5
4124 -1.000000 3
4129 1.000000 5
4133 -1.000000 4
4137 -1.000000 4
4142 0.000000 5
4147 1.000000 5
4151 1.000000 4
4156 1.000000 5
4160 1.000000 4
4165 0.000000 5
4169 1.000000 4
4173 1.000000 4
4177 -1.000000 4
4181 1.000000 4
4185 -1.000000 4
4188 1.000000 3
4192 -1.000000 4
4197 1.000000 5
4202 0.000000 5
4206 1.000000 4
4209 1.000000 3
4214 1.000000 5
4218 -1.000000 4
4223 0.000000 5
4226 -1.000000 3
4230 1.000000 4
4233 1.000000 3
4236 -1.000000 3
4239 -1.000000 3
4243 1.000000 4
4246 -1.000000 3
4251 0.000000 5
4255 -1.000000 4
4259 1.000000 4
4264 1.000000 5
4269 1.000000 5
4273 1.000000 4
4277 1.000000 4
4281 1.000000 4
4285 -1.000000 4
4288 1.000000 3
4291 -1.000000 3
4295 -1.000000 4
4298 1.000000 3
4301 -1.000000 3
4306 1.000000 5
4311 0.000000 5
4315 -1.000000 4
4320 1.000000 5
4324 1.000000 4
4327 1.000000 3
4332 0.000000 5
4336 -1.000000 4
4340 1.000000 4
4345 0.000000 5
4350 1.000000 5
4354 1.000000 4
4358 1.000000 4
4363 0.000000 5
4367 1.000000 4
4372 1.000000 5
4375 1.000000 3
4378 1.000000 3
4383 1.000000 5
4386 1.000000 3
4389 1.000000 3
4393 -1.000000 4
4396 1.000000 3
4401 0.000000 5
4404 -1.000000 3
4408 1.000000 4
4413 0.000000 5
4418 1.000000 5
4423 0.000000 5
4427 1.000000 4
4432 1.000000 5
4435 1.000000 3
4440 0.000000 5
4443 -1.000000 3
4446 1.000000 3
4451 0.000000 5
4455 -1.000000 4
4459 -1.000000 4
4464 1.000000 5
4468 1.000000 4
4472 1.000000 4
4476 1.000000 4
4480 1.000000 4
4484 1.000000 4
4487 1.000000 3
4490 -1.000000 3
4495 0.000000 5
4499 -1.000000 4
4503 1.000000 4
4508 0.000000 5
4512 -1.000000 4
4516 -1.000000 4
4519 -1.000000 3
4524 1.000000 5
4528 -1.000000 4
4533 0.000000 5
4537 1.000000 4
4542 1.000000 5
4546 1.000000 4
4550 1.000000 4
4554 -1.000000 4
4557 -1.000000 3
4562 0.000000 5
4567 1.000000 5
4572 0.000000 5
4577 1.000000 5
4581 1.000000 4
4585 -1.000000 4
4590 1.000000 5
4594 -1.000000 4
4597 -1.000000 3
4602 1.000000 5
4607 1.000000 5
4611 1.000000 4
4616 1.000000 5
4621 1.000000 5
4626 0.000000 5
4630 -1.000000 4
4634 1.000000 4
4638 1.000000 4
4642 1.000000 4
4646 -1.000000 4
4650 -1.000000 4
4653 -1.000000 3
4657 1.000000 4
4662 0.000000 5
4667 0.000000 5
4670 1.000000 3
4674 -1.000000 4
4677 1.000000 3
4681 1.000000 4
4685 1.000000 4
4689 1.000000 4
4693 1.000000 4
4697 1.000000 4
4702 1.000000 5
4705 1.000000 3
4709 1.000000 4
4714 1.000000 5
4719 1.000000 5
4723 1.000000 4
4727 1.000000 4
4732 0.000000 5
4737 0.000000 5
4741 1.000000 4
4746 1.000000 5
4750 1.000000 4
4754 1.000000 4
4759 0.000000 5
4763 -1.000000 4
4768 1.000000 5
4773 0.000000 5
4776 1.000000 3
4781 1.000000 5
4785 -1.000000 4
4788 1.000000 3
4793 0.000000 5
4797 -1.000000 4
4801 -1.000000 4
4804 1.000000 3
4808 1.000000 4
4811 1.000000 3
4815 -1.000000 4
4819 -1.000000 4
4823 -1.000000 4
4827 1.000000 4
4832 1.000000 5
4836 1.000000 4
4840 1.000000 4
4844 -1.000000 4
4847 1.000000 3
4851 1.000000 4
4856 0.000000 5
4861 1.000000 5
4866 1.000000 5
4871 0.000000 5
4874 1.000000 3
4877 -1.000000 3
4880 -1.000000 3
4885 1.000000 5
4889 1.000000 4
4893 -1.000000 4
4898 1.000000 5
4902 -1.000000 4
4906 1.000000 4
4910 1.000000 4
4915 0.000000 5
4919 1.000000 4
4923 1.000000 4
4927 -1.000000 4
4930 -1.000000 3
4935 1.000000 5
4940 1.000000 5
4944 1.000000 4
4947 1.000000 3
4951 1.000000 4
4956 1.000000 5
4960 1.000000 4
4964 1.000000 4
4967 1.000000 3
4972 1.000000 5
4977 0.000000 5
4982 0.000000 5
4986 -1.000000 4
4991 0.000000 5
4996 1.000000 5
5001 1.000000 5
5006 0.000000 5
5010 -1.000000 4
5015 0.000000 5
5019 1.000000 4
5024 1.000000 5
5028 1.000000 4
5033 0.000000 5
5037 1.000000 4
5040 1.000000 3
5044 -1.000000 4
5048 1.000000 4
5051 1.000000 3
5054 -1.000000 3
5059 1.000000 5
5064 1.000000 5
5068 1.000000 4
5073 0.000000 5
5076 -1.000000 3
5081 1.000000 5
5086 1.000000 5
5090 1.000000 4
5095 0.000000 5
5099 -1.000000 4
5103 1.000000 4
5106 1.000000 3
5110 1.000000 4
5114 -1.000000 4
5118 1.000000 4
5121 -1.000000 3
5126 1.000000 5
5129 -1.000000 3
5134 1.000000 5
5138 -1.000000 4
5143 1.000000 5
5147 1.000000 4
5151 1.000000 4
5156 1.000000 5
5160 1.000000 4
5165 0.000000 5
5169 1.000000 4
5173 1.000000 4
5177 1.000000 4
5181 -1.000000 4
5186 0.000000 5
5190 1.000000 4
5195 1.000000 5
5199 1.000000 4
5204 1.000000 5
5209 1.000000 5
5212 1.000000 3
5217 1.000000 5
5222 0.000000 5
5226 1.000000 4
5231 0.000000 5
5235 1.000000 4
5240 0.000000 5
5243 1.000000 3
5247 1.000000 4
5252 1.000000 5
5257 0.000000 5
5262 1.000000 5
5266 -1.000000 4
5271 0.000000 5
5274 -1.000000 3
5278 -1.000000 4
5282 1.000000 4
5286 -1.000000 4
5290 1.000000 4
5293 -1.000000 3
5297 -1.000000 4
5301 1.000000 4
5305 1.000000 4
5309 -1.000000 4
5313 1.000000 4
5317 1.000000 4
5321 -1.000000 4
5325 1.000000 4
5329 1.000000 4
5333 -1.000000 4
5336 -1.000000 3
5339 -1.000000 3
5343 -1.000000 4
5347 1.000000 4
5351 -1.000000 4
5356 0.000000 5
5360 1.000000 4
5364 1.000000 4
5368 -1.000000 4
5373 1.000000 5
5377 1.000000 4
5382 0.000000 5
5386 -1.000000 4
5390 1.000000 4
5393 -1.000000 3
5398 1.000000 5
5403 1.000000 5
5406 -1.000000 3
5409 1.000000 3
5412 1.000000 3
5417 0.000000 5
5421 -1.000000 4
5426 0.000000 5
5430 1.000000 4
5434 1.000000 4
5438 1.000000 4
5441 1.000000 3
5444 1.000000 3
5449 1.000000 5
5452 -1.000000 3
5456 -1.000000 4
5460 1.000000 4
5464 1.000000 4
5468 1.000000 4
5472 1.000000 4
5477 0.000000 5
5481 -1.000000 4
5485 -1.000000 4
5489 -1.000000 4
5494 1.000000 5
5499 1.000000 5
5503 1.000000 4
5508 1.000000 5
5513 1.000000 5
5517 1.000000 4
5521 -1.000000 4
5526 1.000000 5
5530 1.000000 4
5534 1.000000 4
5538 -1.000000 4
5542 1.000000 4
5546 1.000000 4
5550 -1.000000 4
5554 1.000000 4
5559 0.000000 5
5564 1.000000 5
5567 1.000000 3
5572 1.000000 5
5576 -1.000000 4
5581 1.000000 5
5584 -1.000000 3
5589 1.000000 5
5592 -1.000000 3
5597 1.000000 5
5602 1.000000 5
5605 -1.000000 3
5609 -1.000000 4
5613 1.000000 4
5617 -1.000000 4
5621 1.000000 4
5626 1.000000 5
5631 1.000000 5
5636 0.000000 5
5640 1.000000 4
5645 1.000000 5
5650 0.000000 5
5654 1.000000 4
5657 -1.000000 3
5661 -1.000000 4
5665 1.000000 4
5669 1.000000 4
5673 1.000000 4
5678 0.000000 5
5681 1.000000 3
5685 -1.000000 4
5690 1.000000 5
5695 0.000000 5
5700 1.000000 5
5705 1.000000 5
5710 0.000000 5
5715 1.000000 5
5720 0.000000 5
5724 1.000000 4
5728 -1.000000 4
5733 0.000000 5
5736 1.000000 3
5741 1.000000 5
5746 1.000000 5
5751 0.000000 5
5754 1.000000 3
5758 1.000000 4
5763 0.000000 5
5767 1.000000 4
5771 1.000000 4
5775 1.000000 4
5778 1.000000 3
5783 1.000000 5
5787 1.000000 4
5791 1.000000 4
5796 1.000000 5
5801 1.000000 5
5806 1.000000 5
5810 1.000000 4
5814 -1.000000 4
5819 0.000000 5
5823 1.000000 4
5827 -1.000000 4
5830 -1.000000 3
5834 -1.000000 4
5839 1.000000 5
5844 1.000000 5
5847 1.000000 3
5851 1.000000 4
5856 0.000000 5
5860 -1.000000 4
5864 -1.000000 4
5868 1.000000 4
5873 1.000000 5
5877 -1.000000 4
5880 1.000000 3
5884 1.000000 4
5889 1.000000 5
5893 -1.000000 4
5896 1.000000 3
5900 1.000000 4
5905 1.000000 5
5908 1.000000 3
5913 1.000000 5
5917 1.000000 4
5922 1.000000 5
5926 1.000000 4
5930 1.000000 4
5934 1.000000 4
5938 1.000000 4
5941 -1.000000 3
5945 -1.000000 4
5948 1.000000 3
5952 1.000000 4
5956 -1.000000 4
5959 1.000000 3
5963 -1.000000 4
5967 -1.000000 4
5970 1.000000 3
5974 -1.000000 4
5979 1.000000 5
5983 -1.000000 4
5988 1.000000 5
5991 -1.000000 3
5996 1.000000 5
6000 1.000000 4
6005 0.000000 5
6009 -1.000000 4
6013 1.000000 4
6017 -1.000000 4
6021 1.000000 4
6026 1.000000 5
6029 -1.000000 3
6033 1.000000 4
6038 0.000000 5
6042 -1.000000 4
6046 1.000000 4
6049 1.000000 3
6053 1.000000 4
6058 1.000000 5
6063 1.000000 5
6067 -1.000000 4
6071 1.000000 4
6075 1.000000 4
6079 -1.000000 4
6083 -1.000000 4
6086 1.000000 3
6090 1.000000 4
6095 0.000000 5
6100 1.000000 5
6105 1.000000 5
6110 0.000000 5
6114 -1.000000 4
6119 1.000000 5
6123 1.000000 4
6127 1.000000 4
6131 -1.000000 4
6135 -1.000000 4
6140 1.000000 5
6144 -1.000000 4
6148 1.000000 4
6151 1.000000 3
6156 0.000000 5
6161 1.000000 5
6166 1.000000 5
6170 1.000000 4
6174 1.000000 4
6178 -1.000000 4
6181 -1.000000 3
6185 -1.000000 4
6190 1.000000 5
6195 0.000000 5
6200 1.000000 5
6205 1.000000 5
6210 1.000000 5
6215 1.000000 5
6220 0.000000 5
6223 -1.000000 3
6228 0.000000 5
6232 -1.000000 4
6236 -1.000000 4
6239 -1.000000 3
6243 1.000000 4
6247 -1.000000 4
6250 -1.000000 3
6253 -1.000000 3
6258 1.000000 5
6262 1.000000 4
6266 -1.000000 4
6270 1.000000 4
6275 0.000000 5
6280 1.000000 5
6284 1.000000 4
6289 0.000000 5
6293 -1.000000 4
6297 -1.000000 4
6302 1.000000 5
6307 0.000000 5
6311 1.000000 4
6315 1.000000 4
6320 1.000000 5
6325 0.000000 5
6329 1.000000 4
6332 1.000000 3
6336 -1.000000 4
6340 1.000000 4
6344 -1.000000 4
6347 -1.000000 3
6351 1.000000 4
6355 1.000000 4
6359 1.000000 4
6364 1.000000 5
6367 1.000000 3
6371 1.000000 4
6376 0.000000 5
6379 1.000000 3
6382 -1.000000 3
6385 -1.000000 3
6389 1.000000 4
6394 1.000000 5
6398 -1.000000 4
6403 1.000000 5
6408 0.000000 5
6413 1.000000 5
6417 1.000000 4
6422 1.000000 5
6426 -1.000000 4
6429 -1.000000 3
6433 -1.000000 4
6437 1.000000 4
6441 1.000000 4
6445 1.000000 4
6450 1.000000 5
6454 1.000000 4
6459 1.000000 5
6462 1.000000 3
6467 1.000000 5
6471 1.000000 4
6474 1.000000 3
6477 -1.000000 3
6481 -1.000000 4
6485 1.000000 4
6489 1.000000 4
6493 -1.000000 4
6497 1.000000 4
6501 1.000000 4
6505 -1.000000 4
6508 1.000000 3
6513 0.000000 5
6517 -1.000000 4
6521 -1.000000 4
6525 1.000000 4
6530 0.000000 5
6534 -1.000000 4
6538 1.000000 4
6542 1.000000 4
6546 -1.000000 4
6551 0.000000 5
6554 1.000000 3
6559 1.000000 5
6563 1.000000 4
6566 -1.000000 3
6571 1.000000 5
6575 -1.000000 4
6580 0.000000 5
6584 -1.000000 4
6589 1.000000 5
6593 -1.000000 4
6597 1.000000 4
6600 1.000000 3
6605 0.000000 5
6608 1.000000 3
6613 1.000000 5
6617 1.000000 4
6620 1.000000 3
6623 1.000000 3
6627 1.000000 4
6630 1.000000 3
6634 -1.000000 4
6637 -1.000000 3
6640 1.000000 3
6645 0.000000 5
6650 0.000000 5
6655 0.000000 5
6660 0.000000 5
6664 -1.000000 4
6668 1.000000 4
6671 -1.000000 3
6676 0.000000 5
6680 -1.000000 4
6684 -1.000000 4
6689 0.000000 5
6694 1.000000 5
6697 -1.000000 3
6701 -1.000000 4
6705 1.000000 4
6709 -1.000000 4
6712 -1.000000 3
6717 0.000000 5
6721 1.000000 4
6724 -1.000000 3
6728 -1.000000 4
6731 1.000000 3
6734 -1.000000 3
6739 1.000000 5
6743 1.000000 4
6748 1.000000 5
6752 1.000000 4
6757 1.000000 5
6762 0.000000 5
6767 1.000000 5
6770 -1.000000 3
6774 -1.000000 4
6777 1.000000 3
6780 1.000000 3
6785 0.000000 5
6788 1.000000 3
6792 -1.000000 4
6797 0.000000 5
6800 -1.000000 3
6805 1.000000 5
6809 1.000000 4
6814 1.000000 5
6818 1.000000 4
6822 1.000000 4
6827 1.000000 5
6831 -1.000000 4
6835 1.000000 4
6839 -1.000000 4
6843 1.000000 4
6847 1.000000 4
6851 -1.000000 4
6855 -1.000000 4
6858 -1.000000 3
6863 1.000000 5
6867 -1.000000 4
6872 1.000000 5
6877 1.000000 5
6881 -1.000000 4
6886 0.000000 5
6889 -1.000000 3
6893 -1.000000 4
6896 -1.000000 3
6899 -1.000000 3
6903 -1.000000 4
6907 1.000000 4
6912 1.000000 5
6916 -1.000000 4
6920 1.000000 4
6923 1.000000 3
6927 1.000000 4
6932 1.000000 5
6936 -1.000000 4
6940 1.000000 4
6944 -1.000000 4
6949 1.000000 5
6954 0.000000 5
6957 -1.000000 3
6961 -1.000000 4
6966 1.000000 5
6971 1.000000 5
6975 -1.000000 4
6979 -1.000000 4
6984 1.000000 5
6988 1.000000 4
6991 1.000000 3
6995 -1.000000 4
6999 -1.000000 4
7004 0.000000 5
7009 1.000000 5
7014 1.000000 5
7017 -1.000000 3
7022 1.000000 5
7027 1.000000 5
7032 1.000000 5
7035 1.000000 3
7039 1.000000 4
7044 1.000000 5
7047 -1.000000 3
7051 1.000000 4
7055 -1.000000 4
7060 1.000000 5
7063 -1.000000 3
7067 1.000000 4
7070 -1.000000 3
7074 -1.000000 4
7079 1.000000 5
7083 -1.000000 4
7087 1.000000 4
7091 1.000000 4
7095 -1.000000 4
7099 1.000000 4
7104 1.000000 5
7108 1.000000 4
7111 -1.000000 3
7114 -1.000000 3
7119 1.000000 5
7124 0.000000 5
7128 -1.000000 4
7132 -1.000000 4
7136 1.000000 4
7141 1.000000 5
7144 -1.000000 3
7148 1.000000 4
7153 0.000000 5
7156 1.000000 3
7160 1.000000 4
7163 -1.000000 3
7168 1.000000 5
7172 -1.000000 4
7177 0.000000 5
7181 1.000000 4
7184 -1.000000 3
7187 1.000000 3
7191 -1.000000 4
7196 1.000000 5
7201 1.000000 5
7206 1.000000 5
7210 1.000000 4
7215 1.000000 5
7220 1.000000 5
7225 1.000000 5
7230 0.000000 5
7234 -1.000000 4
7238 -1.000000 4
7242 1.000000 4
7247 0.000000 5
7252 0.000000 5
7257 0.000000 5
7262 1.000000 5
7265 -1.000000 3
7269 1.000000 4
7272 1.000000 3
7276 -1.000000 4
7280 -1.000000 4
7284 1.000000 4
7288 1.000000 4
7291 1.000000 3
7294 1.000000 3
7299 1.000000 5
7304 1.000000 5
7308 1.000000 4
7312 1.000000 4
7316 1.000000 4
7321 1.000000 5
7326 1.000000 5
7330 1.000000 4
7334 1.000000 4
7339 1.000000 5
7344 1.000000 5
7348 -1.000000 4
7352 -1.000000 4
7356 -1.000000 4
7360 -1.000000 4
7365 0.000000 5
7370 1.000000 5
7373 -1.000000 3
7378 1.000000 5
7382 -1.000000 4
7386 1.000000 4
7390 1.000000 4
7393 1.000000 3
7398 0.000000 5
7402 1.000000 4
7407 1.000000 5
7412 0.000000 5
7416 -1.000000 4
7421 1.000000 5
7425 1.000000 4
7429 -1.000000 4
7433 -1.000000 4
7438 1.000000 5
7443 1.000000 5
7448 0.000000 5
7452 1.000000 4
7455 1.000000 3
7459 1.000000 4
7463 -1.000000 4
7468 1.000000 5
7472 1.000000 4
7477 0.000000 5
7481 -1.000000 4
7484 -1.000000 3
7488 -1.000000 4
7492 -1.000000 4
7497 1.000000 5
7502 0.000000 5
7506 1.000000 4
7509 1.000000 3
7514 1.000000 5
7519 1.000000 5
7523 -1.000000 4
7527 -1.000000 4
7532 1.000000 5
7535 -1.000000 3
7539 1.000000 4
7543 1.000000 4
7546 1.000000 3
7550 1.000000 4
7554 1.000000 4
7557 -1.000000 3
7562 0.000000 5
7567 0.000000 5
7570 -1.000000 3
7574 1.000000 4
7578 1.000000 4
7582 1.000000 4
7587 0.000000 5
7590 1.000000 3
7594 1.000000 4
7597 1.000000 3
7601 1.000000 4
7604 1.000000 3
7608 -1.000000 4
7613 1.000000 5
7617 -1.000000 4
7621 1.000000 4
7625 1.000000 4
7630 1.000000 5
7633 1.000000 3
7638 1.000000 5
7641 1.000000 3
7646 1.000000 5
7650 -1.000000 4
7654 -1.000000 4
7659 1.000000 5
7664 1.000000 5
7668 1.000000 4
7673 1.000000 5
7678 1.000000 5
7682 -1.000000 4
7686 -1.000000 4
7691 1.000000 5
7694 1.000000 3
7699 0.000000 5
7703 -1.000000 4
7708 0.000000 5
7712 1.000000 4
7716 1.000000 4
7721 0.000000 5
7724 -1.000000 3
7729 1.000000 5
7733 1.000000 4
7737 -1.000000 4
7741 1.000000 4
7746 1.000000 5
7750 1.000000 4
7754 1.000000 4
7758 1.000000 4
7763 0.000000 5
7768 0.000000 5
7771 1.000000 3
7776 0.000000 5
7781 1.000000 5
7785 -1.000000 4
7790 1.000000 5
7795 0.000000 5
7799 -1.000000 4
7803 1.000000 4
7807 1.000000 4
7811 -1.000000 4
7814 1.000000 3
7819 1.000000 5
7823 -1.000000 4
7828 0.000000 5
7831 -1.000000 3
7834 -1.000000 3
7838 1.000000 4
7843 1.000000 5
7848 1.000000 5
7852 -1.000000 4
7857 0.000000 5
7862 1.000000 5
7866 1.000000 4
7870 1.000000 4
7875 1.000000 5
7879 -1.000000 4
7884 1.000000 5
7889 1.000000 5
7894 0.000000 5
7897 -1.000000 3
7902 1.000000 5
7907 1.000000 5
7911 1.000000 4
7916 0.000000 5
7919 -1.000000 3
7923 -1.000000 4
7928 1.000000 5
7933 1.000000 5
7938 0.000000 5
7941 -1.000000 3
7945 1.000000 4
7949 -1.000000 4
7953 -1.000000 4
7957 1.000000 4
7961 -1.000000 4
7965 -1.000000 4
7968 1.000000 3
7972 -1.000000 4
7977 0.000000 5
7982 1.000000 5
7986 -1.000000 4
7989 -1.000000 3
7992 -1.000000 3
7996 -1.000000 4
8000 -1.000000 4
8005 1.000000 5
8008 1.000000 3
8013 0.000000 5
8017 1.000000 4
8020 1.000000 3
8024 -1.000000 4
8028 -1.000000 4
8033 1.000000 5
8037 1.000000 4
8041 1.000000 4
8044 1.000000 3
8049 1.000000 5
8053 1.000000 4
8058 0.000000 5
8063 0.000000 5
8068 0.000000 5
8071 1.000000 3
8076 1.000000 5
8080 1.000000 4
8083 -1.000000 3
8087 1.000000 4
8091 1.000000 4
8096 0.000000 5
8101 1.000000 5
8106 0.000000 5
8111 1.000000 5
8115 1.000000 4
8118 -1.000000 3
8123 1.000000 5
8127 1.000000 4
8132 0.000000 5
8136 1.000000 4
8139 1.000000 3
8144 1.000000 5
8149 1.000000 5
8153 1.000000 4
8157 1.000000 4
8160 1.000000 3
8165 1.000000 5
8169 -1.000000 4
8173 1.000000 4
8177 1.000000 4
8181 -1.000000 4
8185 -1.000000 4
8190 1.000000 5
8193 -1.000000 3
8197 1.000000 4
8201 1.000000 4
8205 1.000000 4
8208 -1.000000 3
8213 1.000000 5
8218 1.000000 5
8223 0.000000 5
8226 1.000000 3
8229 -1.000000 3
8233 1.000000 4
8238 0.000000 5
8242 -1.000000 4
8247 0.000000 5
8251 -1.000000 4
8255 1.000000 4
8259 1.000000 4
8264 0.000000 5
8269 0.000000 5
8273 -1.000000 4
8278 1.000000 5
8283 0.000000 5
8287 1.000000 4
8292 1.000000 5
8296 1.000000 4
8301 0.000000 5
8305 1.000000 4
8310 1.000000 5
8315 0.000000 5
8320 1.000000 5
8325 0.000000 5
8329 1.000000 4
8332 1.000000 3
8337 1.000000 5
8340 1.000000 3
8345 0.000000 5
8349 -1.000000 4
8352 -1.000000 3
8356 -1.000000 4
8360 1.000000 4
8365 1.000000 5
8369 1.000000 4
8373 -1.000000 4
8376 -1.000000 3
8380 -1.000000 4
8385 1.000000 5
8389 -1.000000 4
8394 1.000000 5
8398 -1.000000 4
8401 1.000000 3
8404 -1.000000 3
8408 -1.000000 4
8411 -1.000000 3
8415 1.000000 4
8419 -1.000000 4
8423 1.000000 4
8427 1.000000 4
8431 -1.000000 4
8436 1.000000 5
8439 -1.000000 3
8443 1.000000 4
8447 -1.000000 4
8451 -1.000000 4
8455 -1.000000 4
8459 1.000000 4
8463 1.000000 4
8466 1.000000 3
8471 0.000000 5
8475 -1.000000 4
8478 -1.000000 3
8481 1.000000 3
8486 1.000000 5
8490 1.000000 4
8494 -1.000000 4
8498 1.000000 4
8502 -1.000000 4
8507 1.000000 5
8512 1.000000 5
8516 -1.000000 4
8521 1.000000 5
8526 0.000000 5
8530 1.000000 4
8533 -1.000000 3
8536 -1.000000 3
8541 0.000000 5
8545 1.000000 4
8550 0.000000 5
8554 1.000000 4
8557 -1.000000 3
8561 1.000000 4
8566 1.000000 5
8571 0.000000 5
8575 -1.000000 4
8578 1.000000 3
8582 -1.000000 4
8586 1.000000 4
8591 1.000000 5
8596 1.000000 5
8600 1.000000 4
8603 -1.000000 3
8608 1.000000 5
8612 -1.000000 4
8615 1.000000 3
8619 -1.000000 4
8624 0.000000 5
8627 -1.000000 3
8630 1.000000 3
8634 -1.000000 4
8639 0.000000 5
8644 0.000000 5
8649 1.000000 5
8654 1.000000 5
8658 1.000000 4
8662 -1.000000 4
8667 1.000000 5
8671 -1.000000 4
8675 1.000000 4
8679 1.000000 4
8683 1.000000 4
8686 -1.000000 3
8689 -1.000000 3
8693 1.000000 4
8696 -1.000000 3
8700 1.000000 4
8703 -1.000000 3
8708 1.000000 5
8712 -1.000000 4
8717 0.000000 5
8722 1.000000 5
8726 1.000000 4
8731 1.000000 5
8736 1.000000 5
8740 1.000000 4
8745 1.000000 5
8748 1.000000 3
8752 -1.000000 4
8755 -1.000000 3
8759 -1.000000 4
8763 -1.000000 4
8767 1.000000 4
8771 -1.000000 4
8774 1.000000 3
8778 1.000000 4
8783 0.000000 5
8787 1.000000 4
8790 -1.000000 3
8794 1.000000 4
8799 0.000000 5
8803 1.000000 4
8807 -1.000000 4
8812 1.000000 5
8816 -1.000000 4
8820 -1.000000 4
8824 -1.000000 4
8827 -1.000000 3
8832 0.000000 5
8836 1.000000 4
8840 1.000000 4
8845 0.000000 5
8850 1.000000 5
8853 -1.000000 3
8857 1.000000 4
8862 0.000000 5
8865 1.000000 3
8869 1.000000 4
8872 1.000000 3
8876 1.000000 4
8881 0.000000 5
8885 -1.000000 4
8890 0.000000 5
8895 1.000000 5
8899 1.000000 4
8904 0.000000 5
8909 1.000000 5
8912 1.000000 3
8916 1.000000 4
8920 1.000000 4
8924 1.000000 4
8927 -1.000000 3
8930 1.000000 3
8935 1.000000 5
8939 1.000000 4
8943 1.000000 4
8947 1.000000 4
8951 -1.000000 4
8955 1.000000 4
8960 1.000000 5
8964 1.000000 4
8969 0.000000 5
8972 1.000000 3
8975 1.000000 3
8978 -1.000000 3
8982 -1.000000 4
8986 1.000000 4
8990 1.000000 4
8994 1.000000 4
8997 -1.000000 3
9002 1.000000 5
9006 -1.000000 4
9009 -1.000000 3
9014 0.000000 5
9018 1.000000 4
9021 -1.000000 3
9026 1.000000 5
9030 1.000000 4
9033 1.000000 3
9037 -1.000000 4
9042 1.000000 5
9046 -1.000000 4
9050 -1.000000 4
9054 -1.000000 4
9057 1.000000 3
9062 1.000000 5
9066 -1.000000 4
9071 1.000000 5
9074 -1.000000 3
9078 1.000000 4
9082 -1.000000 4
9087 1.000000 5
9091 -1.000000 4
9096 1.000000 5
9100 -1.000000 4
9103 1.000000 3
9107 -1.000000 4
9111 1.000000 4
9114 -1.000000 3
9118 -1.000000 4
9122 -1.000000 4
9126 -1.000000 4
9131 1.000000 5
9136 1.000000 5
9141 1.000000 5
9145 1.000000 4
9149 -1.000000 4
9152 -1.000000 3
9157 1.000000 5
9162 1.000000 5
9167 0.000000 5
9170 -1.000000 3
9175 1.000000 5
9179 1.000000 4
9183 1.000000 4
9188 1.000000 5
9193 1.000000 5
9197 -1.000000 4
9201 -1.000000 4
9205 -1.000000 4
9210 1.000000 5
9215 1.000000 5
9218 1.000000 3
9223 0.000000 5
9228 0.000000 5
9233 1.000000 5
9237 1.000000 4
9242 1.000000 5
9247 1.000000 5
9250 -1.000000 3
9254 -1.000000 4
9258 -1.000000 4
9262 1.000000 4
9267 1.000000 5
9271 -1.000000 4
9276 0.000000 5
9280 -1.000000 4
9284 1.000000 4
9288 1.000000 4
9292 1.000000 4
9295 -1.000000 3
9300 1.000000 5
9305 1.000000 5
9309 1.000000 4
9313 1.000000 4
9317 1.000000 4
9321 1.000000 4
9326 0.000000 5
9331 0.000000 5
9334 -1.000000 3
9338 1.000000 4
9342 -1.000000 4
9347 0.000000 5
9350 1.000000 3
9354 1.000000 4
9357 -1.000000 3
9362 1.000000 5
9365 1.000000 3
9369 1.000000 4
9373 1.000000 4
9378 1.000000 5
9383 1.000000 5
9386 -1.000000 3
9389 1.000000 3
9393 1.000000 4
9397 1.000000 4
9402 1.000000 5
9406 1.000000 4
9411 1.000000 5
9415 1.000000 4
9420 1.000000 5
9424 -1.000000 4
9429 1.000000 5
9433 1.000000 4
9437 -1.000000 4
9442 1.000000 5
9447 1.000000 5
9451 -1.000000 4
9454 -1.000000 3
9458 1.000000 4
9463 1.000000 5
9468 1.000000 5
9472 -1.000000 4
9475 1.000000 3
9479 1.000000 4
9482 -1.000000 3
9485 -1.000000 3
9490 0.000000 5
9495 1.000000 5
9499 1.000000 4
9503 -1.000000 4
9507 -1.000000 4
9511 1.000000 4
9514 -1.000000 3
9517 1.000000 3
9521 1.000000 4
9526 1.000000 5
9531 1.000000 5
9535 1.000000 4
9540 0.000000 5
9544 -1.000000 4
9549 1.000000 5
9553 1.000000 4
9557 1.000000 4
9561 -1.000000 4
9564 -1.000000 3
9568 1.000000 4
9572 -1.000000 4
9576 -1.000000 4
9580 1.000000 4
9584 1.000000 4
9588 1.000000 4
9592 1.000000 4
9596 -1.000000 4
9600 -1.000000 4
9605 1.000000 5
9609 1.000000 4
9612 1.000000 3
9616 1.000000 4
9620 1.000000 4
9624 1.000000 4
9629 1.000000 5
9633 1.000000 4
9636 -1.000000 3
9641 1.000000 5
9646 0.000000 5
9650 -1.000000 4
9655 1.000000 5
9659 -1.000000 4
9662 1.000000 3
9667 1.000000 5
9671 -1.000000 4
9676 1.000000 5
9679 1.000000 3
9682 1.000000 3
9686 -1.000000 4
9691 1.000000 5
9695 1.000000 4
9699 1.000000 4
9704 1.000000 5
9709 1.000000 5
9714 0.000000 5
9718 1.000000 4
9722 -1.000000 4
9726 -1.000000 4
9729 -1.000000 3
9734 1.000000 5
9738 -1.000000 4
9743 1.000000 5
9748 0.000000 5
9752 -1.000000 4
9755 -1.000000 3
9759 -1.000000 4
9764 0.000000 5
9769 0.000000 5
9772 1.000000 3
9775 1.000000 3
9778 1.000000 3
9782 1.000000 4
9786 1.000000 4
9791 0.000000 5
9796 1.000000 5
9800 1.000000 4
9805 0.000000 5
9809 1.000000 4
9812 1.000000 3
9815 -1.000000 3
9818 1.000000 3
9822 -1.000000 4
9827 1.000000 5
9831 -1.000000 4
9835 1.000000 4
9839 -1.000000 4
9844 1.000000 5
9849 0.000000 5
9854 1.000000 5
9857 -1.000000 3
9861 1.000000 4
9865 1.000000 4
9869 -1.000000 4
9873 1.000000 4
9878 1.000000 5
9882 -1.000000 4
9887 1.000000 5
9891 1.000000 4
9896 1.000000 5
9900 -1.000000 4
9904 -1.000000 4
9908 -1.000000 4
9913 0.000000 5
9918 1.000000 5
9923 1.000000 5
9928 1.000000 5
9933 1.000000 5
9938 0.000000 5
9942 1.000000 4
9945 1.000000 3
9950 1.000000 5
9954 -1.000000 4
9958 -1.000000 4
9963 0.000000 5
9966 1.000000 3
9971 1.000000 5
9975 1.000000 4
9978 -1.000000 3
9982 1.000000 4
9986 -1.000000 4
9990 -1.000000 4
9994 1.000000 4
9997 1.000000 3
10001 1.000000 4
10004 -1.000000 3
10007 -1.000000 3
10010 -1.000000 3
10013 -1.000000 3
10016 -1.000000 3
10019 -1.000000 3
10022 -1.000000 3
10025 -1.000000 3
10028 -1.000000 3
10031 -1.000000 3
10034 -1.000000 3
10037 -1.000000 3
10040 -1.000000 3
10043 -1.000000 3
10046 -1.000000 3
10049 -1.000000 3
10052 -1.000000 3
10055 -1.000000 3
10058 -1.000000 3
10061 -1.000000 3
10064 -1.000000 3
10067 -1.000000 3
10070 -1.000000 3
10073 -1.000000 3
10076 -1.000000 3
10079 -1.000000 3
10082 -1.000000 3
10085 -1.000000 3
10088 -1.000000 3
10091 -1.000000 3
10094 -1.000000 3
10097 -1.000000 3
10100 -1.000000 3
10103 -1.000000 3
10106 -1.000000 3
10109 -1.000000 3
10112 -1.000000 3
10115 -1.000000 3
10118 -1.000000 3
10121 -1.000000 3
10124 -1.000000 3
10127 -1.000000 3
10130 -1.000000 3
10133 -1.000000 3
10136 -1.000000 3
10139 -1.000000 3
10142 -1.000000 3
10145 -1.000000 3
10148 -1.000000 3
10151 -1.000000 3
10154 -1.000000 3
10157 -1.000000 3
10160 -1.000000 3
10163 -1.000000 3
10166 -1.000000 3
10169 -1.000000 3
10172 -1.000000 3
10175 -1.000000 3
10178 -1.000000 3
10181 -1.000000 3
10184 -1.000000 3
10187 -1.000000 3
10190 -1.000000 3
10193 -1.000000 3
10196 -1.000000 3
10199 -1.000000 3
10202 -1.000000 3
10205 -1.000000 3
10208 -1.000000 3
10211 -1.000000 3
10214 -1.000000 3
10217 -1.000000 3
10220 -1.000000 3
10223 -1.000000 3
10226 -1.000000 3
10229 -1.000000 3
10232 -1.000000 3
10235 -1.000000 3
10238 -1.000000 3
10241 -1.000000 3
10244 -1.000000 3
10247 -1.000000 3
10250 -1.000000 3
10253 -1.000000 3
10256 -1.000000 3
10259 -1.000000 3
10262 -1.000000 3
10265 -1.000000 3
10268 -1.000000 3
10271 -1.000000 3
10274 -1.000000 3
10277 -1.000000 3
10280 -1.000000 3
10283 -1.000000 3
10286 -1.000000 3
10289 -1.000000 3
10292 -1.000000 3
10295 -1.000000 3
10298 -1.000000 3
10301 -1.000000 3
10304 -1.000000 3
10307 -1.000000 3
10310 -1.000000 3
10313 -1.000000 3
10316 -1.000000 3
10319 -1.000000 3
10322 -1.000000 3
10325 -1.000000 3
10328 -1.000000 3
10331 -1.000000 3
10334 -1.000000 3
10337 -1.000000 3
10340 -1.000000 3
10343 -1.000000 3
10346 -1.000000 3
10349 -1.000000 3
10352 -1.000000 3
10355 -1.000000 3
10358 -1.000000 3
10361 -1.000000 3
10364 -1.000000 3
10367 -1.000000 3
10370 -1.000000 3
10373 -1.000000 3
10376 -1.000000 3
10379 -1.000000 3
10382 -1.000000 3
10385 -1.000000 3
10388 -1.000000 3
10391 -1.000000 3
10394 -1.000000 3
10397 -1.000000 3
10400 -1.000000 3
10403 -1.000000 3
10406 -1.000000 3
10409 -1.000000 3
10412 -1.000000 3
10415 -1.000000 3
10418 -1.000000 3
10421 -1.000000 3
10424 -1.000000 3
10427 -1.000000 3
10432 0.000000 5
10435 -1.000000 3
10438 -1.000000 3
10441 -1.000000 3
10444 -1.000000 3
10447 -1.000000 3
10450 -1.000000 3
10453 -1.000000 3
10456 -1.000000 3
10459 -1.000000 3
10462 -1.000000 3
10465 -1.000000 3
10468 -1.000000 3
10471 -1.000000 3
10474 -1.000000 3
10477 -1.000000 3
10480 -1.000000 3
10483 -1.000000 3
10486 -1.000000 3
10489 -1.000000 3
10492 -1.000000 3
10495 -1.000000 3
10498 -1.000000 3
10501 -1.000000 3
10504 -1.000000 3
10507 -1.000000 3
10510 -1.000000 3
10513 -1.000000 3
10516 -1.000000 3
10519 -1.000000 3
10522 -1.000000 3
10525 -1.000000 3
10528 -1.000000 3
10531 -1.000000 3
10534 -1.000000 3
10537 -1.000000 3
10540 -1.000000 3
10543 -1.000000 3
10546 -1.000000 3
10549 -1.000000 3
10552 -1.000000 3
10555 -1.000000 3
10558 -1.000000 3
10561 -1.000000 3
10564 -1.000000 3
10567 -1.000000 3
10570 -1.000000 3
10573 -1.000000 3
10576 -1.000000 3
10579 -1.000000 3
10582 -1.000000 3
10585 -1.000000 3
10588 -1.000000 3
10591 -1.000000 3
10594 -1.000000 3
10597 -1.000000 3
10600 -1.000000 3
10603 -1.000000 3
10606 -1.000000 3
10609 -1.000000 3
10612 -1.000000 3
10615 -1.000000 3
10618 -1.000000 3
10621 -1.000000 3
10624 -1.000000 3
10627 -1.000000 3
10630 -1.000000 3
10633 -1.000000 3
10636 -1.000000 3
10639 -1.000000 3
10642 -1.000000 3
10645 -1.000000 3
10648 -1.000000 3
10651 -1.000000 3
10654 -1.000000 3
10657 -1.000000 3
10660 -1.000000 3
10663 -1.000000 3
10666 -1.000000 3
10669 -1.000000 3
10672 -1.000000 3
10675 -1.000000 3
10678 -1.000000 3
10681 -1.000000 3
10684 -1.000000 3
10687 -1.000000 3
10690 -1.000000 3
10693 -1.000000 3
10696 -1.000000 3
10699 -1.000000 3
10702 -1.000000 3
10705 -1.000000 3
10708 -1.000000 3
10711 -1.000000 3
10714 -1.000000 3
10717 -1.000000 3
10720 -1.000000 3
10723 -1.000000 3
10726 -1.000000 3
10729 -1.000000 3
10732 -1.000000 3
10735 -1.000000 3
10738 -1.000000 3
10741 -1.000000 3
10744 -1.000000 3
10747 -1.000000 3
10750 -1.000000 3
10753 -1.000000 3
10756 -1.000000 3
10759 -1.000000 3
10762 -1.000000 3
10765 -1.000000 3
10768 -1.000000 3
10771 -1.000000 3
10774 -1.000000 3
10777 -1.000000 3
10780 -1.000000 3
10783 -1.000000 3
10786 -1.000000 3
10789 -1.000000 3
10792 -1.000000 3
10795 -1.000000 3
10798 -1.000000 3
10801 -1.000000 3
10804 -1.000000 3
10807 -1.000000 3
10810 -1.000000 3
10813 -1.000000 3
10816 -1.000000 3
10819 -1.000000 3
10822 -1.000000 3
10825 -1.000000 3
10828 -1.000000 3
10831 -1.000000 3
10834 -1.000000 3
10837 -1.000000 3
10840 -1.000000 3
10843 -1.000000 3
10846 -1.000000 3
10849 -1.000000 3
10852 -1.000000 3
10855 -1.000000 3
10858 -1.000000 3
10861 -1.000000 3
10864 -1.000000 3
10867 -1.000000 3
10870 -1.000000 3
10873 -1.000000 3
10876 -1.000000 3
10879 -1.000000 3
10882 -1.000000 3
10885 -1.000000 3
10888 -1.000000 3
10891 -1.000000 3
10894 -1.000000 3
10897 -1.000000 3
10900 -1.000000 3
10903 -1.000000 3
10906 -1.000000 3
10909 -1.000000 3
10912 -1.000000 3
10915 -1.000000 3
10918 -1.000000 3
10921 -1.000000 3
10924 -1.000000 3
10927 -1.000000 3
10930 -1.000000 3
10933 -1.000000 3
10936 -1.000000 3
10939 -1.000000 3
10942 -1.000000 3
10945 -1.000000 3
10948 -1.000000 3
10951 -1.000000 3
10954 -1.000000 3
10957 -1.000000 3
10960 -1.000000 3
10963 -1.000000 3
10966 -1.000000 3
10969 -1.000000 3
10972 -1.000000 3
10975 -1.000000 3
10978 -1.000000 3
10981 -1.000000 3
10984 -1.000000 3
10987 -1.000000 3
10990 -1.000000 3
10993 -1.000000 3
10996 -1.000000 3
10999 -1.000000 3
11002 -1.000000 3
11007 0.000000 5
11011 1.000000 4
11016 0.000000 5
11020 1.000000 4
11024 1.000000 4
11028 1.000000 4
11032 1.000000 4
11035 1.000000 3
11039 1.000000 4
11043 1.000000 4
11047 1.000000 4
11051 1.000000 4
11055 1.000000 4
11059 1.000000 4
11064 0.000000 5
11068 1.000000 4
11073 0.000000 5
11076 1.000000 3
11080 1.000000 4
11083 1.000000 3
11086 1.000000 3
11090 1.000000 4
11094 1.000000 4
11097 1.000000 3
11101 1.000000 4
11105 1.000000 4
11109 1.000000 4
11114 0.000000 5
11117 1.000000 3
11121 1.000000 4
11126 1.000000 5
11131 0.000000 5
11135 1.000000 4
11140 0.000000 5
11143 -1.000000 3
11147 1.000000 4
11151 1.000000 4
11155 1.000000 4
11159 1.000000 4
11163 1.000000 4
11167 1.000000 4
11171 1.000000 4
11176 0.000000 5
11179 1.000000 3
11183 1.000000 4
11188 1.000000 5
11192 1.000000 4
11196 1.000000 4
11199 1.000000 3
11203 1.000000 4
11207 1.000000 4
11210 1.000000 3
11213 -1.000000 3
11217 -1.000000 4
11222 1.000000 5
11226 1.000000 4
11230 1.000000 4
11234 1.000000 4
11238 1.000000 4
11242 1.000000 4
11246 1.000000 4
11251 0.000000 5
11255 1.000000 4
11259 1.000000 4
11263 1.000000 4
11268 0.000000 5
11272 1.000000 4
11276 1.000000 4
11280 1.000000 4
11285 0.000000 5
11289 1.000000 4
11293 1.000000 4
11296 -1.000000 3
11299 1.000000 3
11302 1.000000 3
11306 1.000000 4
11309 1.000000 3
11313 1.000000 4
11317 1.000000 4
11321 1.000000 4
11325 1.000000 4
11329 1.000000 4
11332 -1.000000 3
11336 1.000000 4
11340 1.000000 4
11344 1.000000 4
11349 0.000000 5
11353 1.000000 4
11358 0.000000 5
11363 1.000000 5
11367 1.000000 4
11370 1.000000 3
11374 1.000000 4
11377 1.000000 3
11381 -1.000000 4
11385 1.000000 4
11388 1.000000 3
11392 1.000000 4
11396 1.000000 4
11401 0.000000 5
11406 0.000000 5
11409 1.000000 3
11413 1.000000 4
11416 -1.000000 3
11420 1.000000 4
11424 1.000000 4
11427 1.000000 3
11431 1.000000 4
11435 1.000000 4
11438 1.000000 3
11442 1.000000 4
11446 1.000000 4
11449 1.000000 3
11453 1.000000 4
11456 -1.000000 3
11460 1.000000 4
11464 1.000000 4
11467 1.000000 3
11471 1.000000 4
11475 1.000000 4
11479 1.000000 4
11483 1.000000 4
11487 1.000000 4
11491 1.000000 4
11494 -1.000000 3
11499 0.000000 5
11504 1.000000 5
11508 1.000000 4
11511 1.000000 3
11516 0.000000 5
11519 1.000000 3
11522 1.000000 3
11526 1.000000 4
11530 1.000000 4
11534 1.000000 4
11538 1.000000 4
11541 1.000000 3
11544 -1.000000 3
11548 1.000000 4
11553 0.000000 5
11556 -1.000000 3
11559 1.000000 3
11562 -1.000000 3
11567 0.000000 5
11571 1.000000 4
11574 1.000000 3
11578 1.000000 4
11582 1.000000 4
11586 1.000000 4
11590 1.000000 4
11593 1.000000 3
11597 1.000000 4
11601 1.000000 4
11605 1.000000 4
11608 1.000000 3
11612 1.000000 4
11616 1.000000 4
11621 0.000000 5
11625 -1.000000 4
11629 1.000000 4
11632 -1.000000 3
11636 1.000000 4
11639 -1.000000 3
11643 1.000000 4
11647 1.000000 4
11651 1.000000 4
11654 -1.000000 3
11657 1.000000 3
11660 1.000000 3
11663 1.000000 3
11667 1.000000 4
11671 1.000000 4
11675 1.000000 4
11680 1.000000 5
11683 1.000000 3
11687 1.000000 4
11691 1.000000 4
11696 0.000000 5
11699 1.000000 3
11702 1.000000 3
11706 1.000000 4
11711 1.000000 5
11714 1.000000 3
11718 1.000000 4
11721 1.000000 3
11724 1.000000 3
11728 1.000000 4
11731 1.000000 3
11735 1.000000 4
11739 1.000000 4
11743 -1.000000 4
11747 1.000000 4
11751 1.000000 4
11754 1.000000 3
11758 1.000000 4
11762 1.000000 4
11766 1.000000 4
11770 1.000000 4
11774 1.000000 4
11778 1.000000 4
11782 1.000000 4
11786 1.000000 4
11790 1.000000 4
11794 1.000000 4
11797 1.000000 3
11801 1.000000 4
11805 1.000000 4
11809 1.000000 4
11813 1.000000 4
11816 1.000000 3
11820 1.000000 4
11824 1.000000 4
11828 1.000000 4
11832 1.000000 4
11835 1.000000 3
11839 1.000000 4
11843 1.000000 4
11847 1.000000 4
11851 1.000000 4
11855 1.000000 4
11859 1.000000 4
11863 1.000000 4
11867 1.000000 4
11871 1.000000 4
11875 1.000000 4
11879 1.000000 4
11882 -1.000000 3
11886 1.000000 4
11890 1.000000 4
11893 1.000000 3
11896 -1.000000 3
11900 1.000000 4
11904 -1.000000 4
11908 1.000000 4
11912 1.000000 4
11916 1.000000 4
11920 1.000000 4
11925 0.000000 5
11928 1.000000 3
11932 1.000000 4
11937 1.000000 5
11940 1.000000 3
11944 1.000000 4
11948 1.000000 4
11952 1.000000 4
11956 1.000000 4
11960 1.000000 4
11964 1.000000 4
11968 1.000000 4
11971 1.000000 3
11974 1.000000 3
11978 1.000000 4
11982 1.000000 4
11986 1.000000 4
11990 1.000000 4
11994 1.000000 4
11998 1.000000 4
12002 1.000000 4
12006 1.000000 4
12010 1.000000 4
12014 1.000000 4
12018 1.000000 4
12022 1.000000 4
12026 1.000000 4
12029 1.000000 3
12034 0.000000 5
12037 1.000000 3
12041 1.000000 4
12045 1.000000 4
12050 0.000000 5
12054 1.000000 4
12058 1.000000 4
12063 0.000000 5
12067 1.000000 4
12070 1.000000 3
12074 1.000000 4
12078 1.000000 4
12081 1.000000 3
12085 1.000000 4
12089 1.000000 4
12093 1.000000 4
12097 1.000000 4
12100 -1.000000 3
12103 -1.000000 3
12106 1.000000 3
12110 1.000000 4
12114 1.000000 4
12118 1.000000 4
12122 1.000000 4
12126 1.000000 4
12130 1.000000 4
12133 1.000000 3
12137 1.000000 4
12140 -1.000000 3
12143 -1.000000 3
12146 1.000000 3
12151 0.000000 5
12155 1.000000 4
12159 -1.000000 4
12164 0.000000 5
12168 1.000000 4
12172 1.000000 4
12176 1.000000 4
12179 1.000000 3
12184 1.000000 5
12188 1.000000 4
12192 1.000000 4
12196 1.000000 4
12200 1.000000 4
12204 1.000000 4
12208 1.000000 4
12212 1.000000 4
12216 1.000000 4
12220 1.000000 4
12223 -1.000000 3
12226 -1.000000 3
12231 1.000000 5
12236 1.000000 5
12239 1.000000 3
12244 1.000000 5
12249 1.000000 5
12253 1.000000 4
12257 1.000000 4
12261 1.000000 4
12265 1.000000 4
12269 1.000000 4
12273 1.000000 4
12277 1.000000 4
12280 -1.000000 3
12284 1.000000 4
12288 1.000000 4
12292 1.000000 4
12297 1.000000 5
12300 1.000000 3
12303 1.000000 3
12308 1.000000 5
12312 1.000000 4
12316 1.000000 4
12321 1.000000 5
12324 1.000000 3
12327 1.000000 3
12330 1.000000 3
12334 1.000000 4
12339 0.000000 5
12343 1.000000 4
12346 1.000000 3
12350 1.000000 4
12355 0.000000 5
12359 1.000000 4
12363 1.000000 4
12368 0.000000 5
12372 1.000000 4
12375 1.000000 3
12378 -1.000000 3
12382 1.000000 4
12386 1.000000 4
12391 0.000000 5
12396 1.000000 5
12400 1.000000 4
12404 1.000000 4
12409 0.000000 5
12412 1.000000 3
12416 1.000000 4
12420 1.000000 4
12423 1.000000 3
12426 1.000000 3
12429 1.000000 3
12433 1.000000 4
12437 1.000000 4
12442 0.000000 5
12445 1.000000 3
12449 1.000000 4
12452 1.000000 3
12456 1.000000 4
12460 1.000000 4
12464 1.000000 4
12469 0.000000 5
12472 -1.000000 3
12477 1.000000 5
12480 1.000000 3
12484 1.000000 4
12488 1.000000 4
12492 1.000000 4
12496 1.000000 4
12500 1.000000 4
12503 1.000000 3
12507 1.000000 4
12512 1.000000 5
12517 0.000000 5
12521 1.000000 4
12525 1.000000 4
12529 1.000000 4
12533 1.000000 4
12538 1.000000 5
12541 1.000000 3
12545 1.000000 4
12548 -1.000000 3
12551 1.000000 3
12555 1.000000 4
12559 1.000000 4
12563 1.000000 4
12567 1.000000 4
12571 1.000000 4
12575 1.000000 4
12579 1.000000 4
12583 1.000000 4
12587 1.000000 4
12591 1.000000 4
12595 1.000000 4
12599 1.000000 4
12603 1.000000 4
12607 1.000000 4
12610 1.000000 3
12613 1.000000 3
12616 1.000000 3
12619 1.000000 3
12622 1.000000 3
12625 -1.000000 3
12629 1.000000 4
12633 1.000000 4
12637 1.000000 4
12641 1.000000 4
12645 1.000000 4
12649 1.000000 4
12652 -1.000000 3
12657 1.000000 5
12661 1.000000 4
12665 1.000000 4
12668 -1.000000 3
12672 1.000000 4
12675 1.000000 3
12679 1.000000 4
12682 1.000000 3
12686 1.000000 4
12690 1.000000 4
12693 1.000000 3
12696 1.000000 3
12699 -1.000000 3
12702 1.000000 3
12707 0.000000 5
12711 1.000000 4
12715 1.000000 4
12718 1.000000 3
12722 1.000000 4
12725 1.000000 3
12729 1.000000 4
12733 1.000000 4
12737 1.000000 4
12741 1.000000 4
12745 1.000000 4
12749 1.000000 4
12753 1.000000 4
12756 1.000000 3
12759 1.000000 3
12763 1.000000 4
12768 0.000000 5
12772 1.000000 4
12775 -1.000000 3
12780 0.000000 5
12784 1.000000 4
12788 1.000000 4
12792 1.000000 4
12796 1.000000 4
12800 1.000000 4
12804 1.000000 4
12807 1.000000 3
12812 0.000000 5
12816 1.000000 4
12819 1.000000 3
12824 0.000000 5
12827 1.000000 3
12831 1.000000 4
12835 1.000000 4
12839 1.000000 4
12842 1.000000 3
12845 1.000000 3
12849 1.000000 4
12852 1.000000 3
12856 1.000000 4
12860 1.000000 4
12863 1.000000 3
12866 1.000000 3
12870 1.000000 4
12874 1.000000 4
12878 1.000000 4
12882 1.000000 4
12886 1.000000 4
12889 1.000000 3
12893 1.000000 4
12897 1.000000 4
12900 1.000000 3
12904 1.000000 4
12908 1.000000 4
12912 1.000000 4
12916 1.000000 4
12920 1.000000 4
12924 1.000000 4
12928 1.000000 4
12932 1.000000 4
12936 1.000000 4
12941 0.000000 5
12945 1.000000 4
12949 1.000000 4
12954 0.000000 5
12958 1.000000 4
12962 1.000000 4
12967 0.000000 5
12970 1.000000 3
12974 1.000000 4
12977 1.000000 3
12980 -1.000000 3
12984 -1.000000 4
12987 1.000000 3
12990 -1.000000 3
12994 1.000000 4
12998 1.000000 4
13001 1.000000 3
13005 -1.000000 4
