4 1.000000 4
9 -2.000000 5
13 1.000000 4
18 0.000000 5
22 1.000000 4
27 -2.000000 5
32 0.000000 5
37 -2.000000 5
42 0.000000 5
47 -2.000000 5
50 1.000000 3
55 1.000000 5
59 -2.000000 4
64 -2.000000 5
68 1.000000 4
73 0.000000 5
77 1.000000 4
80 1.000000 3
85 1.000000 5
90 1.000000 5
94 1.000000 4
99 1.000000 5
102 1.000000 3
106 1.000000 4
111 1.000000 5
116 1.000000 5
121 1.000000 5
126 0.000000 5
131 0.000000 5
136 1.000000 5
141 0.000000 5
146 -2.000000 5
151 -2.000000 5
155 -2.000000 4
159 1.000000 4
164 1.000000 5
167 1.000000 3
170 1.000000 3
175 0.000000 5
180 1.000000 5
185 0.000000 5
189 -2.000000 4
194 1.000000 5
199 -2.000000 5
204 1.000000 5
208 1.000000 4
213 1.000000 5
216 1.000000 3
221 -2.000000 5
224 1.000000 3
229 1.000000 5
234 -2.000000 5
237 1.000000 3
242 0.000000 5
247 -2.000000 5
252 0.000000 5
257 -2.000000 5
260 1.000000 3
265 1.000000 5
270 1.000000 5
275 0.000000 5
279 1.000000 4
282 1.000000 3
286 1.000000 4
290 1.000000 4
295 -2.000000 5
300 -2.000000 5
303 1.000000 3
308 1.000000 5
312 -2.000000 4
316 -2.000000 4
320 -2.000000 4
325 1.000000 5
330 1.000000 5
335 -2.000000 5
340 -2.000000 5
344 -2.000000 4
349 0.000000 5
354 1.000000 5
359 1.000000 5
364 1.000000 5
368 1.000000 4
373 0.000000 5
378 -2.000000 5
383 1.000000 5
386 1.000000 3
391 -2.000000 5
395 1.000000 4
398 1.000000 3
402 1.000000 4
405 1.000000 3
410 1.000000 5
414 -2.000000 4
419 1.000000 5
423 1.000000 4
427 1.000000 4
432 1.000000 5
435 1.000000 3
439 1.000000 4
442 1.000000 3
447 -2.000000 5
451 1.000000 4
456 1.000000 5
461 1.000000 5
465 1.000000 4
469 1.000000 4
473 1.000000 4
478 -2.000000 5
482 -2.000000 4
487 -2.000000 5
491 1.000000 4
495 -2.000000 4
498 1.000000 3
502 1.000000 4
507 1.000000 5
512 -2.000000 5
515 1.000000 3
520 1.000000 5
524 1.000000 4
529 -2.000000 5
533 1.000000 4
538 1.000000 5
543 1.000000 5
547 1.000000 4
552 0.000000 5
557 0.000000 5
562 0.000000 5
567 1.000000 5
572 0.000000 5
575 1.000000 3
579 -2.000000 4
584 1.000000 5
587 1.000000 3
592 1.000000 5
597 1.000000 5
601 1.000000 4
606 -2.000000 5
610 -2.000000 4
615 -2.000000 5
620 -2.000000 5
625 -2.000000 5
628 1.000000 3
632 -2.000000 4
636 1.000000 4
641 1.000000 5
646 1.000000 5
651 1.000000 5
655 -2.000000 4
660 1.000000 5
665 1.000000 5
669 1.000000 4
674 1.000000 5
679 -2.000000 5
684 0.000000 5
688 1.000000 4
693 0.000000 5
697 1.000000 4
700 1.000000 3
705 0.000000 5
710 0.000000 5
715 -2.000000 5
719 1.000000 4
722 1.000000 3
727 1.000000 5
731 -2.000000 4
736 0.000000 5
741 -2.000000 5
746 -2.000000 5
751 1.000000 5
756 -2.000000 5
760 -2.000000 4
765 0.000000 5
770 -2.000000 5
774 1.000000 4
778 1.000000 4
783 -2.000000 5
788 -2.000000 5
792 1.000000 4
797 1.000000 5
801 -2.000000 4
806 0.000000 5
811 -2.000000 5
815 1.000000 4
819 1.000000 4
822 1.000000 3
827 1.000000 5
831 1.000000 4
835 -2.000000 4
840 1.000000 5
843 1.000000 3
847 -2.000000 4
852 -2.000000 5
857 1.000000 5
862 -2.000000 5
865 1.000000 3
870 1.000000 5
874 1.000000 4
879 1.000000 5
884 1.000000 5
889 -2.000000 5
894 1.000000 5
899 1.000000 5
904 0.000000 5
909 1.000000 5
914 1.000000 5
919 1.000000 5
922 1.000000 3
927 1.000000 5
932 -2.000000 5
937 1.000000 5
941 1.000000 4
945 -2.000000 4
950 -2.000000 5
954 1.000000 4
959 0.000000 5
963 1.000000 4
967 1.000000 4
971 1.000000 4
976 0.000000 5
980 1.000000 4
983 1.000000 3
988 -2.000000 5
992 1.000000 4
996 -2.000000 4
1001 0.000000 5
1006 1.000000 5
1011 0.000000 5
1016 0.000000 5
1020 1.000000 4
1024 -2.000000 4
1029 -2.000000 5
1033 -2.000000 4
1038 1.000000 5
1041 1.000000 3
1046 -2.000000 5
1050 1.000000 4
1054 1.000000 4
1059 0.000000 5
1064 1.000000 5
1068 1.000000 4
1072 -2.000000 4
1077 1.000000 5
1082 1.000000 5
1086 1.000000 4
1091 1.000000 5
1095 1.000000 4
1098 1.000000 3
1103 -2.000000 5
1108 -2.000000 5
1112 1.000000 4
1117 -2.000000 5
1121 1.000000 4
1125 1.000000 4
1130 0.000000 5
1134 1.000000 4
1139 1.000000 5
1144 1.000000 5
1147 1.000000 3
1152 1.000000 5
1156 1.000000 4
1161 1.000000 5
1166 1.000000 5
1169 1.000000 3
1174 1.000000 5
1179 0.000000 5
1184 0.000000 5
1188 -2.000000 4
1193 1.000000 5
1197 1.000000 4
1201 1.000000 4
1206 1.000000 5
1211 -2.000000 5
1215 1.000000 4
1220 1.000000 5
1225 -2.000000 5
1230 -2.000000 5
1234 1.000000 4
1237 1.000000 3
1241 1.000000 4
1244 1.000000 3
1249 1.000000 5
1254 0.000000 5
1258 1.000000 4
1262 1.000000 4
1267 -2.000000 5
1271 1.000000 4
1276 0.000000 5
1280 1.000000 4
1284 -2.000000 4
1288 1.000000 4
1293 -2.000000 5
1298 -2.000000 5
1302 1.000000 4
1306 1.000000 4
1311 -2.000000 5
1315 1.000000 4
1320 1.000000 5
1324 -2.000000 4
1329 -2.000000 5
1334 1.000000 5
1339 1.000000 5
1343 1.000000 4
1346 1.000000 3
1351 1.000000 5
1356 1.000000 5
1360 -2.000000 4
1365 1.000000 5
1370 -2.000000 5
1375 1.000000 5
1379 1.000000 4
1384 1.000000 5
1388 -2.000000 4
1392 -2.000000 4
1397 1.000000 5
1402 -2.000000 5
1406 1.000000 4
1411 -2.000000 5
1416 -2.000000 5
1420 1.000000 4
1424 1.000000 4
1429 0.000000 5
1434 -2.000000 5
1438 1.000000 4
1442 -2.000000 4
1447 -2.000000 5
1451 1.000000 4
1456 -2.000000 5
1461 -2.000000 5
1466 -2.000000 5
1471 0.000000 5
1476 1.000000 5
1481 1.000000 5
1486 1.000000 5
1491 -2.000000 5
1495 1.000000 4
1500 1.000000 5
1505 -2.000000 5
1510 0.000000 5
1514 -2.000000 4
1519 0.000000 5
1524 -2.000000 5
1528 -2.000000 4
1532 1.000000 4
1537 -2.000000 5
1541 1.000000 4
1545 1.000000 4
1550 -2.000000 5
1555 0.000000 5
1559 1.000000 4
1564 1.000000 5
1569 1.000000 5
1573 1.000000 4
1578 -2.000000 5
1583 -2.000000 5
1588 -2.000000 5
1592 -2.000000 4
1597 1.000000 5
1601 1.000000 4
1604 1.000000 3
1608 1.000000 4
1613 1.000000 5
1616 1.000000 3
1620 1.000000 4
1625 1.000000 5
1630 1.000000 5
1635 1.000000 5
1639 1.000000 4
1643 -2.000000 4
1648 1.000000 5
1652 1.000000 4
1655 1.000000 3
1660 0.000000 5
1665 1.000000 5
1670 -2.000000 5
1675 1.000000 5
1680 0.000000 5
1685 -2.000000 5
1689 -2.000000 4
1693 1.000000 4
1698 1.000000 5
1702 1.000000 4
1705 1.000000 3
1709 1.000000 4
1713 1.000000 4
1717 1.000000 4
1722 0.000000 5
1726 1.000000 4
1731 1.000000 5
1736 -2.000000 5
1739 1.000000 3
1743 1.000000 4
1746 1.000000 3
1750 1.000000 4
1755 0.000000 5
1760 -2.000000 5
1765 1.000000 5
1770 -2.000000 5
1775 0.000000 5
1780 1.000000 5
1784 1.000000 4
1788 -2.000000 4
1793 0.000000 5
1797 1.000000 4
1802 0.000000 5
1807 -2.000000 5
1812 -2.000000 5
1816 1.000000 4
1820 1.000000 4
1825 1.000000 5
1829 1.000000 4
1834 1.000000 5
1838 -2.000000 4
1843 -2.000000 5
1846 1.000000 3
1851 1.000000 5
1855 1.000000 4
1860 -2.000000 5
1865 1.000000 5
1869 -2.000000 4
1873 1.000000 4
1877 1.000000 4
1880 1.000000 3
1885 0.000000 5
1890 0.000000 5
1895 -2.000000 5
1900 0.000000 5
1905 1.000000 5
1909 -2.000000 4
1914 -2.000000 5
1917 1.000000 3
1921 -2.000000 4
1926 1.000000 5
1931 -2.000000 5
1936 0.000000 5
1941 0.000000 5
1945 -2.000000 4
1949 1.000000 4
1954 1.000000 5
1958 -2.000000 4
1963 -2.000000 5
1968 -2.000000 5
1972 1.000000 4
1977 1.000000 5
1982 -2.000000 5
1985 1.000000 3
1989 1.000000 4
1993 -2.000000 4
1997 1.000000 4
2000 1.000000 3
2004 1.000000 4
2009 -2.000000 5
2012 1.000000 3
2017 1.000000 5
2020 1.000000 3
2025 -2.000000 5
2029 1.000000 4
2033 1.000000 4
2037 1.000000 4
2040 1.000000 3
2045 -2.000000 5
2049 -2.000000 4
2054 -2.000000 5
2059 1.000000 5
2063 1.000000 4
2067 1.000000 4
2071 -2.000000 4
2074 1.000000 3
2078 1.000000 4
2082 1.000000 4
2086 -2.000000 4
2091 0.000000 5
2096 0.000000 5
2101 1.000000 5
2104 1.000000 3
2108 1.000000 4
2112 1.000000 4
2116 1.000000 4
2119 1.000000 3
2123 1.000000 4
2128 1.000000 5
2131 1.000000 3
2135 1.000000 4
2140 1.000000 5
2143 1.000000 3
2148 -2.000000 5
2152 1.000000 4
2157 -2.000000 5
2162 -2.000000 5
2167 1.000000 5
2170 1.000000 3
2173 1.000000 3
2176 1.000000 3
2181 -2.000000 5
2185 1.000000 4
2190 -2.000000 5
2195 -2.000000 5
2200 1.000000 5
2205 -2.000000 5
2209 1.000000 4
2214 -2.000000 5
2219 1.000000 5
2224 1.000000 5
2229 -2.000000 5
2234 1.000000 5
2239 -2.000000 5
2244 1.000000 5
2247 1.000000 3
2252 1.000000 5
2256 1.000000 4
2261 -2.000000 5
2266 0.000000 5
2270 1.000000 4
2275 0.000000 5
2280 -2.000000 5
2285 -2.000000 5
2289 1.000000 4
2293 1.000000 4
2298 1.000000 5
2303 0.000000 5
2308 1.000000 5
2312 1.000000 4
2316 1.000000 4
2321 0.000000 5
2326 -2.000000 5
2331 -2.000000 5
2336 1.000000 5
2341 -2.000000 5
2345 -2.000000 4
2350 -2.000000 5
2355 -2.000000 5
2360 0.000000 5
2363 1.000000 3
2368 -2.000000 5
2372 1.000000 4
2376 1.000000 4
2381 -2.000000 5
2386 1.000000 5
2390 1.000000 4
2394 1.000000 4
2397 1.000000 3
2402 -2.000000 5
2407 -2.000000 5
2412 1.000000 5
2416 1.000000 4
2419 1.000000 3
2423 1.000000 4
2426 1.000000 3
2431 1.000000 5
2436 0.000000 5
2441 -2.000000 5
2446 1.000000 5
2451 1.000000 5
2456 1.000000 5
2460 1.000000 4
2464 1.000000 4
2468 1.000000 4
2473 1.000000 5
2478 1.000000 5
2482 1.000000 4
2487 0.000000 5
2492 1.000000 5
2496 -2.000000 4
2501 0.000000 5
2506 0.000000 5
2511 1.000000 5
2516 0.000000 5
2520 1.000000 4
2524 1.000000 4
2529 1.000000 5
2534 -2.000000 5
2538 1.000000 4
2543 1.000000 5
2547 -2.000000 4
2551 1.000000 4
2556 1.000000 5
2560 1.000000 4
2564 1.000000 4
2569 1.000000 5
2573 1.000000 4
2578 0.000000 5
2583 -2.000000 5
2588 1.000000 5
2591 1.000000 3
2594 1.000000 3
2599 -2.000000 5
2603 1.000000 4
2607 1.000000 4
2610 1.000000 3
2615 1.000000 5
2620 1.000000 5
2624 1.000000 4
2627 1.000000 3
2632 1.000000 5
2636 -2.000000 4
2641 -2.000000 5
2646 0.000000 5
2649 1.000000 3
2654 1.000000 5
2658 1.000000 4
2663 -2.000000 5
2668 1.000000 5
2672 1.000000 4
2676 1.000000 4
2681 -2.000000 5
2686 -2.000000 5
2690 -2.000000 4
2695 -2.000000 5
2699 1.000000 4
2704 -2.000000 5
2708 1.000000 4
2713 0.000000 5
2717 -2.000000 4
2721 1.000000 4
2725 1.000000 4
2730 1.000000 5
2733 1.000000 3
2738 0.000000 5
2743 1.000000 5
2747 -2.000000 4
2751 1.000000 4
2755 -2.000000 4
2760 0.000000 5
2764 1.000000 4
2769 1.000000 5
2773 1.000000 4
2776 1.000000 3
2781 1.000000 5
2786 1.000000 5
2791 -2.000000 5
2794 1.000000 3
2799 1.000000 5
2804 1.000000 5
2809 1.000000 5
2814 0.000000 5
2818 -2.000000 4
2822 -2.000000 4
2827 -2.000000 5
2832 1.000000 5
2836 -2.000000 4
2840 1.000000 4
2843 1.000000 3
2846 1.000000 3
2850 1.000000 4
2855 1.000000 5
2859 1.000000 4
2864 -2.000000 5
2869 -2.000000 5
2874 1.000000 5
2879 -2.000000 5
2883 1.000000 4
2886 1.000000 3
2891 -2.000000 5
2895 -2.000000 4
2900 -2.000000 5
2905 0.000000 5
2909 -2.000000 4
2913 1.000000 4
2918 1.000000 5
2921 1.000000 3
2925 1.000000 4
2930 1.000000 5
2935 -2.000000 5
2939 1.000000 4
2944 -2.000000 5
2949 1.000000 5
2954 -2.000000 5
2958 1.000000 4
2962 -2.000000 4
2966 1.000000 4
2970 1.000000 4
2975 1.000000 5
2980 -2.000000 5
2985 0.000000 5
2990 1.000000 5
2993 1.000000 3
2998 -2.000000 5
3003 0.000000 5
3008 -2.000000 5
3012 1.000000 4
3016 -2.000000 4
3020 1.000000 4
3025 0.000000 5
3029 1.000000 4
3034 1.000000 5
3039 1.000000 5
3043 1.000000 4
3046 1.000000 3
3051 1.000000 5
3054 1.000000 3
3059 -2.000000 5
3063 1.000000 4
3067 1.000000 4
3072 -2.000000 5
3077 -2.000000 5
3082 0.000000 5
3086 1.000000 4
3090 1.000000 4
3095 0.000000 5
3099 1.000000 4
3102 1.000000 3
3106 1.000000 4
3110 1.000000 4
3115 1.000000 5
3120 -2.000000 5
3123 1.000000 3
3127 1.000000 4
3132 -2.000000 5
3136 1.000000 4
3140 1.000000 4
3144 1.000000 4
3149 0.000000 5
3152 1.000000 3
3157 -2.000000 5
3161 1.000000 4
3166 1.000000 5
3170 1.000000 4
3173 1.000000 3
3178 0.000000 5
3182 -2.000000 4
3187 1.000000 5
3191 -2.000000 4
3194 1.000000 3
3199 0.000000 5
3204 -2.000000 5
3209 1.000000 5
3214 0.000000 5
3219 -2.000000 5
3224 -2.000000 5
3229 1.000000 5
3234 1.000000 5
3239 -2.000000 5
3243 1.000000 4
3247 -2.000000 4
3251 -2.000000 4
3256 -2.000000 5
3261 -2.000000 5
3264 1.000000 3
3269 -2.000000 5
3274 -2.000000 5
3278 1.000000 4
3282 1.000000 4
3286 1.000000 4
3290 -2.000000 4
3295 1.000000 5
3300 -2.000000 5
3305 0.000000 5
3310 1.000000 5
3315 0.000000 5
3320 -2.000000 5
3325 0.000000 5
3330 0.000000 5
3334 -2.000000 4
3339 1.000000 5
3343 -2.000000 4
3348 -2.000000 5
3352 1.000000 4
3357 1.000000 5
3361 1.000000 4
3366 1.000000 5
3370 1.000000 4
3375 1.000000 5
3379 1.000000 4
3382 1.000000 3
3387 1.000000 5
3392 1.000000 5
3396 1.000000 4
3400 -2.000000 4
3405 0.000000 5
3410 1.000000 5
3415 1.000000 5
3419 1.000000 4
3424 -2.000000 5
3429 1.000000 5
3433 1.000000 4
3438 1.000000 5
3443 -2.000000 5
3448 -2.000000 5
3452 1.000000 4
3457 0.000000 5
3462 -2.000000 5
3467 1.000000 5
3471 1.000000 4
3476 -2.000000 5
3481 1.000000 5
3486 -2.000000 5
3491 -2.000000 5
3495 1.000000 4
3500 1.000000 5
3505 1.000000 5
3510 1.000000 5
3514 1.000000 4
3519 -2.000000 5
3524 0.000000 5
3529 1.000000 5
3532 1.000000 3
3537 0.000000 5
3540 1.000000 3
3545 1.000000 5
3550 1.000000 5
3555 1.000000 5
3559 -2.000000 4
3564 0.000000 5
3568 1.000000 4
3572 1.000000 4
3577 1.000000 5
3582 -2.000000 5
3586 1.000000 4
3591 1.000000 5
3595 1.000000 4
3600 1.000000 5
3604 -2.000000 4
3609 1.000000 5
3613 1.000000 4
3618 -2.000000 5
3622 1.000000 4
3627 0.000000 5
3631 1.000000 4
3636 1.000000 5
3641 1.000000 5
3645 -2.000000 4
3650 0.000000 5
3654 -2.000000 4
3658 -2.000000 4
3662 1.000000 4
3666 1.000000 4
3671 1.000000 5
3676 -2.000000 5
3680 -2.000000 4
3685 -2.000000 5
3690 -2.000000 5
3695 0.000000 5
3699 1.000000 4
3704 1.000000 5
3709 1.000000 5
3714 0.000000 5
3718 1.000000 4
3722 1.000000 4
3727 1.000000 5
3730 1.000000 3
3735 -2.000000 5
3740 1.000000 5
3745 0.000000 5
3749 1.000000 4
3752 1.000000 3
3755 1.000000 3
3760 0.000000 5
3764 1.000000 4
3769 1.000000 5
3774 0.000000 5
3777 1.000000 3
3780 1.000000 3
3785 0.000000 5
3790 1.000000 5
3795 -2.000000 5
3799 1.000000 4
3804 0.000000 5
3807 1.000000 3
3812 -2.000000 5
3815 1.000000 3
3819 -2.000000 4
3823 1.000000 4
3828 1.000000 5
3833 0.000000 5
3838 0.000000 5
3842 1.000000 4
3847 -2.000000 5
3850 1.000000 3
3854 1.000000 4
3859 0.000000 5
3864 0.000000 5
3869 1.000000 5
3873 1.000000 4
3877 1.000000 4
3881 1.000000 4
3886 -2.000000 5
3891 1.000000 5
3895 1.000000 4
3899 1.000000 4
3904 -2.000000 5
3908 1.000000 4
3913 -2.000000 5
3918 1.000000 5
3922 1.000000 4
3926 1.000000 4
3931 1.000000 5
3935 1.000000 4
3940 1.000000 5
3944 1.000000 4
3948 1.000000 4
3953 1.000000 5
3957 -2.000000 4
3962 -2.000000 5
3967 -2.000000 5
3972 0.000000 5
3977 1.000000 5
3982 -2.000000 5
3987 -2.000000 5
3991 1.000000 4
3994 1.000000 3
3999 0.000000 5
4002 1.000000 3
4007 1.000000 5
4011 1.000000 4
4016 -2.000000 5
4020 -2.000000 4
4025 -2.000000 5
4029 -2.000000 4
4034 1.000000 5
4039 1.000000 5
4043 1.000000 4
4048 1.000000 5
4053 0.000000 5
4056 1.000000 3
4059 1.000000 3
4064 -2.000000 5
4068 -2.000000 4
4073 -2.000000 5
4078 1.000000 5
4082 -2.000000 4
4087 -2.000000 5
4092 -2.000000 5
4097 0.000000 5
4101 1.000000 4
4105 1.000000 4
4108 1.000000 3
4113 0.000000 5
4118 1.000000 5
4123 0.000000 5
4128 0.000000 5
4133 1.000000 5
4137 1.000000 4
4141 1.000000 4
4145 -2.000000 4
4150 -2.000000 5
4155 1.000000 5
4159 1.000000 4
4163 1.000000 4
4168 1.000000 5
4173 -2.000000 5
4178 -2.000000 5
4183 -2.000000 5
4187 -2.000000 4
4191 1.000000 4
4195 1.000000 4
4200 1.000000 5
4205 0.000000 5
4209 -2.000000 4
4213 1.000000 4
4218 1.000000 5
4223 0.000000 5
4227 -2.000000 4
4232 1.000000 5
4237 1.000000 5
4242 -2.000000 5
4247 -2.000000 5
4252 -2.000000 5
4257 -2.000000 5
4261 1.000000 4
4264 1.000000 3
4268 1.000000 4
4272 -2.000000 4
4276 1.000000 4
4281 -2.000000 5
4286 1.000000 5
4290 1.000000 4
4295 -2.000000 5
4300 -2.000000 5
4305 1.000000 5
4310 1.000000 5
4314 1.000000 4
4319 0.000000 5
4324 -2.000000 5
4328 1.000000 4
4331 1.000000 3
4336 -2.000000 5
4341 -2.000000 5
4346 1.000000 5
4349 1.000000 3
4354 -2.000000 5
4358 1.000000 4
4363 0.000000 5
4368 1.000000 5
4373 -2.000000 5
4377 1.000000 4
4381 1.000000 4
4386 1.000000 5
4391 1.000000 5
4395 1.000000 4
4399 1.000000 4
4404 -2.000000 5
4409 1.000000 5
4414 -2.000000 5
4418 -2.000000 4
4422 1.000000 4
4427 0.000000 5
4432 -2.000000 5
4437 1.000000 5
4442 1.000000 5
4447 -2.000000 5
4451 1.000000 4
4455 1.000000 4
4459 1.000000 4
4463 1.000000 4
4468 0.000000 5
4472 1.000000 4
4476 1.000000 4
4480 1.000000 4
4485 -2.000000 5
4490 -2.000000 5
4494 -2.000000 4
4499 1.000000 5
4503 1.000000 4
4508 1.000000 5
4513 1.000000 5
4517 1.000000 4
4522 1.000000 5
4527 1.000000 5
4531 1.000000 4
4535 1.000000 4
4540 -2.000000 5
4545 -2.000000 5
4549 1.000000 4
4553 1.000000 4
4557 1.000000 4
4562 1.000000 5
4567 1.000000 5
4571 1.000000 4
4576 -2.000000 5
4580 1.000000 4
4583 1.000000 3
4588 0.000000 5
4593 -2.000000 5
4597 1.000000 4
4602 1.000000 5
4607 0.000000 5
4612 -2.000000 5
4617 -2.000000 5
4621 1.000000 4
4625 1.000000 4
4630 -2.000000 5
4633 1.000000 3
4638 1.000000 5
4641 1.000000 3
4646 0.000000 5
4651 0.000000 5
4654 1.000000 3
4659 1.000000 5
4663 1.000000 4
4668 1.000000 5
4673 1.000000 5
4676 1.000000 3
4681 0.000000 5
4686 1.000000 5
4690 1.000000 4
4695 0.000000 5
4700 -2.000000 5
4705 1.000000 5
4710 1.000000 5
4714 1.000000 4
4718 1.000000 4
4723 1.000000 5
4728 -2.000000 5
4733 0.000000 5
4737 -2.000000 4
4742 -2.000000 5
4746 1.000000 4
4751 -2.000000 5
4755 1.000000 4
4760 -2.000000 5
4765 -2.000000 5
4770 -2.000000 5
4774 1.000000 4
4779 1.000000 5
4783 1.000000 4
4788 -2.000000 5
4792 1.000000 4
4797 0.000000 5
4802 0.000000 5
4807 -2.000000 5
4812 0.000000 5
4817 0.000000 5
4822 1.000000 5
4827 0.000000 5
4831 1.000000 4
4836 -2.000000 5
4840 1.000000 4
4844 1.000000 4
4848 1.000000 4
4853 -2.000000 5
4856 1.000000 3
4861 0.000000 5
4866 -2.000000 5
4870 1.000000 4
4875 -2.000000 5
4879 1.000000 4
4884 1.000000 5
4889 1.000000 5
4894 -2.000000 5
4899 -2.000000 5
4903 1.000000 4
4908 1.000000 5
4913 1.000000 5
4916 1.000000 3
4921 1.000000 5
4926 1.000000 5
4931 -2.000000 5
4935 -2.000000 4
4940 1.000000 5
4945 1.000000 5
4950 1.000000 5
4954 1.000000 4
4958 1.000000 4
4962 1.000000 4
4967 1.000000 5
4971 -2.000000 4
4976 1.000000 5
4981 -2.000000 5
4986 -2.000000 5
4991 -2.000000 5
4994 1.000000 3
4999 1.000000 5
5003 1.000000 4
5007 1.000000 4
5011 1.000000 4
5015 -2.000000 4
5020 1.000000 5
5023 1.000000 3
5028 1.000000 5
5032 1.000000 4
5036 -2.000000 4
5040 1.000000 4
5045 -2.000000 5
5050 -2.000000 5
5054 1.000000 4
5058 1.000000 4
5061 1.000000 3
5066 1.000000 5
5070 1.000000 4
5075 -2.000000 5
5080 -2.000000 5
5084 1.000000 4
5089 0.000000 5
5094 -2.000000 5
5098 1.000000 4
5103 1.000000 5
5108 1.000000 5
5112 -2.000000 4
5116 1.000000 4
5121 1.000000 5
5126 0.000000 5
5131 1.000000 5
5135 1.000000 4
5140 0.000000 5
5145 1.000000 5
5149 -2.000000 4
5152 1.000000 3
5157 1.000000 5
5162 0.000000 5
5167 -2.000000 5
5170 1.000000 3
5175 -2.000000 5
5179 1.000000 4
5184 1.000000 5
5187 1.000000 3
5192 1.000000 5
5197 0.000000 5
5201 -2.000000 4
5205 1.000000 4
5210 -2.000000 5
5215 -2.000000 5
5219 1.000000 4
5223 -2.000000 4
5228 -2.000000 5
5233 1.000000 5
5238 1.000000 5
5242 1.000000 4
5247 -2.000000 5
5251 1.000000 4
5255 1.000000 4
5259 1.000000 4
5264 1.000000 5
5269 0.000000 5
5274 1.000000 5
5279 -2.000000 5
5284 -2.000000 5
5287 1.000000 3
5292 0.000000 5
5297 -2.000000 5
5302 -2.000000 5
5306 -2.000000 4
5311 -2.000000 5
5316 -2.000000 5
5320 1.000000 4
5325 0.000000 5
5330 -2.000000 5
5334 1.000000 4
5338 -2.000000 4
5342 1.000000 4
5347 1.000000 5
5352 -2.000000 5
5356 1.000000 4
5359 1.000000 3
5364 1.000000 5
5369 -2.000000 5
5374 -2.000000 5
5378 1.000000 4
5383 1.000000 5
5387 1.000000 4
5392 0.000000 5
5397 -2.000000 5
5401 1.000000 4
5405 1.000000 4
5410 -2.000000 5
5414 1.000000 4
5419 -2.000000 5
5423 1.000000 4
5428 1.000000 5
5433 1.000000 5
5438 1.000000 5
5443 1.000000 5
5448 1.000000 5
5452 -2.000000 4
5456 -2.000000 4
5460 1.000000 4
5465 0.000000 5
5469 1.000000 4
5474 -2.000000 5
5479 1.000000 5
5484 0.000000 5
5489 -2.000000 5
5494 -2.000000 5
5499 -2.000000 5
5503 1.000000 4
5508 1.000000 5
5513 1.000000 5
5518 -2.000000 5
5522 1.000000 4
5525 1.000000 3
5530 0.000000 5
5533 1.000000 3
5538 -2.000000 5
5543 0.000000 5
5548 -2.000000 5
5552 1.000000 4
5556 1.000000 4
5561 1.000000 5
5565 -2.000000 4
5570 0.000000 5
5575 1.000000 5
5580 -2.000000 5
5585 1.000000 5
5590 -2.000000 5
5593 1.000000 3
5598 1.000000 5
5603 1.000000 5
5606 1.000000 3
5611 -2.000000 5
5616 -2.000000 5
5620 1.000000 4
5625 -2.000000 5
5629 1.000000 4
5633 1.000000 4
5637 -2.000000 4
5642 -2.000000 5
5646 1.000000 4
5651 -2.000000 5
5656 1.000000 5
5660 -2.000000 4
5665 -2.000000 5
5669 1.000000 4
5673 1.000000 4
5677 1.000000 4
5680 1.000000 3
5684 1.000000 4
5688 -2.000000 4
5692 1.000000 4
5697 -2.000000 5
5700 1.000000 3
5705 -2.000000 5
5709 1.000000 4
5714 1.000000 5
5718 1.000000 4
5723 -2.000000 5
5728 1.000000 5
5733 -2.000000 5
5738 1.000000 5
5742 -2.000000 4
5747 0.000000 5
5752 -2.000000 5
5757 -2.000000 5
5761 1.000000 4
5766 1.000000 5
5770 1.000000 4
5775 0.000000 5
5780 1.000000 5
5784 1.000000 4
5789 -2.000000 5
5794 -2.000000 5
5799 0.000000 5
5804 1.000000 5
5809 -2.000000 5
5814 -2.000000 5
5818 1.000000 4
5822 1.000000 4
5826 1.000000 4
5830 -2.000000 4
5835 1.000000 5
5840 -2.000000 5
5845 -2.000000 5
5849 -2.000000 4
5854 -2.000000 5
5859 1.000000 5
5864 1.000000 5
5868 1.000000 4
5873 -2.000000 5
5877 -2.000000 4
5880 1.000000 3
5884 1.000000 4
5888 1.000000 4
5892 -2.000000 4
5897 1.000000 5
5902 1.000000 5
5907 -2.000000 5
5911 1.000000 4
5916 1.000000 5
5920 -2.000000 4
5924 1.000000 4
5929 -2.000000 5
5934 1.000000 5
5939 1.000000 5
5943 1.000000 4
5948 -2.000000 5
5952 -2.000000 4
5956 1.000000 4
5960 1.000000 4
5964 1.000000 4
5968 1.000000 4
5972 1.000000 4
5975 1.000000 3
5979 1.000000 4
5983 1.000000 4
5988 -2.000000 5
5993 -2.000000 5
5997 -2.000000 4
6002 -2.000000 5
6006 1.000000 4
6011 0.000000 5
6015 1.000000 4
6018 1.000000 3
6023 -2.000000 5
6027 1.000000 4
6031 1.000000 4
6035 1.000000 4
6040 -2.000000 5
6045 -2.000000 5
6049 1.000000 4
6054 -2.000000 5
6058 1.000000 4
6061 1.000000 3
6066 1.000000 5
6071 0.000000 5
6075 1.000000 4
6080 1.000000 5
6085 1.000000 5
6090 1.000000 5
6094 1.000000 4
6098 -2.000000 4
6103 -2.000000 5
6107 1.000000 4
6112 -2.000000 5
6117 1.000000 5
6122 1.000000 5
6127 1.000000 5
6132 0.000000 5
6137 1.000000 5
6140 1.000000 3
6145 0.000000 5
6150 0.000000 5
6154 -2.000000 4
6159 -2.000000 5
6163 1.000000 4
6168 0.000000 5
6171 1.000000 3
6175 1.000000 4
6180 1.000000 5
6185 -2.000000 5
6190 0.000000 5
6195 1.000000 5
6200 -2.000000 5
6205 1.000000 5
6210 0.000000 5
6214 1.000000 4
6219 1.000000 5
6223 -2.000000 4
6228 1.000000 5
6233 0.000000 5
6238 -2.000000 5
6243 -2.000000 5
6247 1.000000 4
6251 -2.000000 4
6256 1.000000 5
6261 0.000000 5
6266 1.000000 5
6269 1.000000 3
6273 1.000000 4
6278 1.000000 5
6282 1.000000 4
6286 1.000000 4
6291 0.000000 5
6295 1.000000 4
6299 1.000000 4
6304 1.000000 5
6309 1.000000 5
6314 1.000000 5
6319 -2.000000 5
6324 1.000000 5
6328 1.000000 4
6333 0.000000 5
6338 1.000000 5
6343 1.000000 5
6348 -2.000000 5
6353 1.000000 5
6358 -2.000000 5
6362 1.000000 4
6367 1.000000 5
6371 1.000000 4
6376 1.000000 5
6380 -2.000000 4
6384 1.000000 4
6389 1.000000 5
6392 1.000000 3
6396 1.000000 4
6401 -2.000000 5
6406 0.000000 5
6410 1.000000 4
6415 -2.000000 5
6420 -2.000000 5
6424 1.000000 4
6429 0.000000 5
6434 0.000000 5
6439 1.000000 5
6443 1.000000 4
6446 1.000000 3
6449 1.000000 3
6453 -2.000000 4
6458 1.000000 5
6463 1.000000 5
6467 1.000000 4
6472 0.000000 5
6476 1.000000 4
6481 -2.000000 5
6485 1.000000 4
6490 1.000000 5
6495 0.000000 5
6500 -2.000000 5
6505 1.000000 5
6510 -2.000000 5
6515 1.000000 5
6520 0.000000 5
6523 1.000000 3
6528 1.000000 5
6531 1.000000 3
6536 0.000000 5
6541 -2.000000 5
6545 -2.000000 4
6550 0.000000 5
6553 1.000000 3
6558 1.000000 5
6562 -2.000000 4
6566 -2.000000 4
6571 0.000000 5
6575 1.000000 4
6579 1.000000 4
6583 1.000000 4
6587 1.000000 4
6592 0.000000 5
6597 0.000000 5
6602 0.000000 5
6606 1.000000 4
6611 0.000000 5
6616 1.000000 5
6621 1.000000 5
6626 -2.000000 5
6631 1.000000 5
6636 -2.000000 5
6641 1.000000 5
6644 1.000000 3
6648 1.000000 4
6653 1.000000 5
6656 1.000000 3
6659 1.000000 3
6663 1.000000 4
6668 -2.000000 5
6673 -2.000000 5
6678 1.000000 5
6683 -2.000000 5
6687 1.000000 4
6690 1.000000 3
6695 -2.000000 5
6700 -2.000000 5
6704 -2.000000 4
6709 -2.000000 5
6714 -2.000000 5
6718 1.000000 4
6721 1.000000 3
6724 1.000000 3
6729 0.000000 5
6732 1.000000 3
6737 -2.000000 5
6741 -2.000000 4
6746 0.000000 5
6750 1.000000 4
6753 1.000000 3
6758 1.000000 5
6762 1.000000 4
6766 1.000000 4
6770 1.000000 4
6775 -2.000000 5
6780 0.000000 5
6785 -2.000000 5
6790 1.000000 5
6794 1.000000 4
6799 1.000000 5
6804 -2.000000 5
6808 1.000000 4
6812 1.000000 4
6817 -2.000000 5
6822 1.000000 5
6825 1.000000 3
6830 1.000000 5
6835 1.000000 5
6840 1.000000 5
6844 1.000000 4
6848 1.000000 4
6853 1.000000 5
6857 -2.000000 4
6861 1.000000 4
6866 -2.000000 5
6871 -2.000000 5
6876 -2.000000 5
6879 1.000000 3
6883 1.000000 4
6888 -2.000000 5
6893 0.000000 5
6898 1.000000 5
6902 1.000000 4
6906 -2.000000 4
6911 1.000000 5
6915 1.000000 4
6919 1.000000 4
6924 -2.000000 5
6928 1.000000 4
6933 0.000000 5
6937 1.000000 4
6942 0.000000 5
6947 0.000000 5
6952 -2.000000 5
6956 1.000000 4
6961 -2.000000 5
6965 1.000000 4
6970 -2.000000 5
6975 1.000000 5
6980 1.000000 5
6984 1.000000 4
6987 1.000000 3
6991 1.000000 4
6996 1.000000 5
7000 1.000000 4
7005 1.000000 5
7010 1.000000 5
7014 1.000000 4
7019 1.000000 5
7023 -2.000000 4
7027 1.000000 4
7032 -2.000000 5
7036 1.000000 4
7040 1.000000 4
7045 -2.000000 5
7050 0.000000 5
7055 1.000000 5
7059 -2.000000 4
7062 1.000000 3
7067 -2.000000 5
7071 -2.000000 4
7075 1.000000 4
7080 1.000000 5
7085 0.000000 5
7089 1.000000 4
7094 0.000000 5
7099 0.000000 5
7102 1.000000 3
7107 0.000000 5
7111 -2.000000 4
7116 -2.000000 5
7121 -2.000000 5
7126 0.000000 5
7129 1.000000 3
7133 -2.000000 4
7137 1.000000 4
7142 -2.000000 5
7147 1.000000 5
7152 1.000000 5
7157 0.000000 5
7162 0.000000 5
7167 1.000000 5
7170 1.000000 3
7174 -2.000000 4
7178 1.000000 4
7182 -2.000000 4
7187 -2.000000 5
7191 -2.000000 4
7195 1.000000 4
7199 1.000000 4
7204 1.000000 5
7208 1.000000 4
7212 1.000000 4
7217 -2.000000 5
7221 1.000000 4
7225 1.000000 4
7229 1.000000 4
7234 0.000000 5
7239 1.000000 5
7244 1.000000 5
7249 -2.000000 5
7254 -2.000000 5
7259 1.000000 5
7264 -2.000000 5
7269 -2.000000 5
7274 -2.000000 5
7278 1.000000 4
7283 -2.000000 5
7288 0.000000 5
7292 1.000000 4
7296 1.000000 4
7300 1.000000 4
7305 1.000000 5
7310 1.000000 5
7315 1.000000 5
7319 -2.000000 4
7324 1.000000 5
7329 0.000000 5
7332 1.000000 3
7336 1.000000 4
7341 1.000000 5
7345 1.000000 4
7349 -2.000000 4
7353 -2.000000 4
7357 -2.000000 4
7360 1.000000 3
7365 -2.000000 5
7369 -2.000000 4
7374 1.000000 5
7378 1.000000 4
7383 -2.000000 5
7388 -2.000000 5
7393 -2.000000 5
7398 1.000000 5
7403 0.000000 5
7408 -2.000000 5
7413 1.000000 5
7418 1.000000 5
7422 1.000000 4
7427 1.000000 5
7430 1.000000 3
7435 -2.000000 5
7440 -2.000000 5
7443 1.000000 3
7448 0.000000 5
7452 -2.000000 4
7456 1.000000 4
7460 1.000000 4
7465 -2.000000 5
7470 1.000000 5
7474 1.000000 4
7478 1.000000 4
7482 1.000000 4
7487 1.000000 5
7490 1.000000 3
7495 1.000000 5
7500 1.000000 5
7503 1.000000 3
7508 -2.000000 5
7512 -2.000000 4
7517 1.000000 5
7522 0.000000 5
7527 1.000000 5
7532 0.000000 5
7537 -2.000000 5
7542 -2.000000 5
7547 0.000000 5
7552 -2.000000 5
7557 1.000000 5
7562 -2.000000 5
7566 1.000000 4
7571 -2.000000 5
7576 1.000000 5
7581 1.000000 5
7584 1.000000 3
7589 1.000000 5
7593 1.000000 4
7598 1.000000 5
7603 0.000000 5
7607 -2.000000 4
7612 0.000000 5
7617 -2.000000 5
7622 0.000000 5
7627 1.000000 5
7630 1.000000 3
7634 1.000000 4
7639 -2.000000 5
7643 1.000000 4
7648 1.000000 5
7653 1.000000 5
7658 1.000000 5
7661 1.000000 3
7666 1.000000 5
7671 0.000000 5
7675 1.000000 4
7680 -2.000000 5
7684 -2.000000 4
7689 -2.000000 5
7694 -2.000000 5
7699 1.000000 5
7703 1.000000 4
7706 1.000000 3
7709 1.000000 3
7713 -2.000000 4
7718 1.000000 5
7723 1.000000 5
7727 1.000000 4
7732 -2.000000 5
7736 1.000000 4
7741 -2.000000 5
7746 -2.000000 5
7750 -2.000000 4
7755 0.000000 5
7759 1.000000 4
7764 -2.000000 5
7769 0.000000 5
7774 -2.000000 5
7779 -2.000000 5
7783 1.000000 4
7787 -2.000000 4
7790 1.000000 3
7794 -2.000000 4
7799 -2.000000 5
7804 0.000000 5
7809 1.000000 5
7814 0.000000 5
7819 -2.000000 5
7824 1.000000 5
7828 1.000000 4
7832 -2.000000 4
7836 1.000000 4
7841 1.000000 5
7846 1.000000 5
7851 -2.000000 5
7855 -2.000000 4
7860 1.000000 5
7863 1.000000 3
7868 -2.000000 5
7872 1.000000 4
7877 0.000000 5
7881 1.000000 4
7886 1.000000 5
7891 1.000000 5
7894 1.000000 3
7898 -2.000000 4
7902 1.000000 4
7906 1.000000 4
7911 0.000000 5
7916 -2.000000 5
7920 1.000000 4
7925 -2.000000 5
7929 1.000000 4
7934 -2.000000 5
7938 1.000000 4
7942 -2.000000 4
7947 -2.000000 5
7952 -2.000000 5
7957 -2.000000 5
7960 1.000000 3
7965 0.000000 5
7969 1.000000 4
7974 -2.000000 5
7978 -2.000000 4
7983 1.000000 5
7987 1.000000 4
7992 0.000000 5
7996 -2.000000 4
8001 -2.000000 5
8006 1.000000 5
8009 1.000000 3
8014 -2.000000 5
8019 -2.000000 5
8023 1.000000 4
8028 0.000000 5
8032 1.000000 4
8037 1.000000 5
8041 1.000000 4
8046 -2.000000 5
8051 0.000000 5
8054 1.000000 3
8057 1.000000 3
8061 1.000000 4
8065 1.000000 4
8069 1.000000 4
8073 -2.000000 4
8078 1.000000 5
8082 -2.000000 4
8086 1.000000 4
8090 -2.000000 4
8095 1.000000 5
8099 1.000000 4
8103 -2.000000 4
8107 1.000000 4
8112 1.000000 5
8117 -2.000000 5
8121 1.000000 4
8124 1.000000 3
8128 -2.000000 4
8132 1.000000 4
8136 1.000000 4
8140 1.000000 4
8145 1.000000 5
8149 1.000000 4
8154 0.000000 5
8159 1.000000 5
8163 1.000000 4
8168 1.000000 5
8173 0.000000 5
8178 1.000000 5
8182 1.000000 4
8187 -2.000000 5
8192 -2.000000 5
8196 1.000000 4
8200 1.000000 4
8205 1.000000 5
8210 1.000000 5
8215 0.000000 5
8219 -2.000000 4
8224 1.000000 5
8229 0.000000 5
8232 1.000000 3
8236 1.000000 4
8240 1.000000 4
8244 1.000000 4
8249 -2.000000 5
8254 0.000000 5
8259 1.000000 5
8263 1.000000 4
8266 1.000000 3
8271 1.000000 5
8276 0.000000 5
8281 -2.000000 5
8285 1.000000 4
8290 1.000000 5
8294 1.000000 4
8299 1.000000 5
8303 1.000000 4
8307 1.000000 4
8312 1.000000 5
8316 -2.000000 4
8320 1.000000 4
8325 0.000000 5
8330 0.000000 5
8335 -2.000000 5
8340 0.000000 5
8345 0.000000 5
8349 1.000000 4
8354 1.000000 5
8357 1.000000 3
8362 1.000000 5
8366 1.000000 4
8370 -2.000000 4
8375 -2.000000 5
8379 1.000000 4
8383 1.000000 4
8388 -2.000000 5
8393 0.000000 5
8397 1.000000 4
8401 -2.000000 4
8405 1.000000 4
8408 1.000000 3
8413 -2.000000 5
8417 1.000000 4
8422 -2.000000 5
8426 1.000000 4
8430 1.000000 4
8434 -2.000000 4
8438 1.000000 4
8442 1.000000 4
8446 1.000000 4
8451 1.000000 5
8456 -2.000000 5
8461 1.000000 5
8466 1.000000 5
8470 1.000000 4
8474 -2.000000 4
8478 -2.000000 4
8482 1.000000 4
8487 -2.000000 5
8492 -2.000000 5
8496 -2.000000 4
8501 -2.000000 5
8505 1.000000 4
8509 1.000000 4
8514 1.000000 5
8519 0.000000 5
8524 0.000000 5
8529 -2.000000 5
8534 1.000000 5
8538 1.000000 4
8543 0.000000 5
8547 1.000000 4
8552 1.000000 5
8556 -2.000000 4
8561 -2.000000 5
8566 -2.000000 5
8570 1.000000 4
8575 0.000000 5
8580 -2.000000 5
8585 -2.000000 5
8590 1.000000 5
8595 -2.000000 5
8599 1.000000 4
8603 -2.000000 4
8608 -2.000000 5
8613 -2.000000 5
8618 -2.000000 5
8623 0.000000 5
8627 -2.000000 4
8632 -2.000000 5
8637 1.000000 5
8642 -2.000000 5
8646 -2.000000 4
8650 1.000000 4
8655 -2.000000 5
8659 1.000000 4
8664 1.000000 5
8668 1.000000 4
8672 1.000000 4
8677 1.000000 5
8682 0.000000 5
8687 -2.000000 5
8690 1.000000 3
8694 1.000000 4
8699 1.000000 5
8704 1.000000 5
8709 1.000000 5
8712 1.000000 3
8716 1.000000 4
8720 -2.000000 4
8725 -2.000000 5
8729 1.000000 4
8734 -2.000000 5
8738 1.000000 4
8743 1.000000 5
8747 -2.000000 4
8752 1.000000 5
8756 1.000000 4
8759 1.000000 3
8764 0.000000 5
8768 1.000000 4
8773 1.000000 5
8778 -2.000000 5
8782 1.000000 4
8786 -2.000000 4
8790 1.000000 4
8793 1.000000 3
8798 1.000000 5
8802 1.000000 4
8806 -2.000000 4
8811 0.000000 5
8814 1.000000 3
8819 1.000000 5
8822 1.000000 3
8826 1.000000 4
8831 0.000000 5
8835 1.000000 4
8840 1.000000 5
8844 1.000000 4
8849 1.000000 5
8854 1.000000 5
8858 1.000000 4
8862 1.000000 4
8866 1.000000 4
8871 -2.000000 5
8876 1.000000 5
8881 -2.000000 5
8884 1.000000 3
8889 1.000000 5
8892 1.000000 3
8896 -2.000000 4
8901 1.000000 5
8906 -2.000000 5
8911 1.000000 5
8916 1.000000 5
8921 -2.000000 5
8925 -2.000000 4
8929 1.000000 4
8932 1.000000 3
8937 -2.000000 5
8942 1.000000 5
8947 -2.000000 5
8952 -2.000000 5
8956 1.000000 4
8961 1.000000 5
8964 1.000000 3
8968 1.000000 4
8973 -2.000000 5
8978 -2.000000 5
8983 -2.000000 5
8988 -2.000000 5
8993 0.000000 5
8997 -2.000000 4
9000 1.000000 3
9005 0.000000 5
9009 -2.000000 4
9013 1.000000 4
9018 -2.000000 5
9022 1.000000 4
9026 -2.000000 4
9031 1.000000 5
9035 1.000000 4
9040 0.000000 5
9044 1.000000 4
9049 1.000000 5
9054 1.000000 5
9058 1.000000 4
9063 0.000000 5
9068 -2.000000 5
9073 0.000000 5
9078 1.000000 5
9083 1.000000 5
9086 1.000000 3
9091 -2.000000 5
9095 1.000000 4
9100 1.000000 5
9104 1.000000 4
9108 1.000000 4
9113 -2.000000 5
9117 1.000000 4
9122 1.000000 5
9127 1.000000 5
9131 1.000000 4
9134 1.000000 3
9138 1.000000 4
9143 -2.000000 5
9147 -2.000000 4
9152 -2.000000 5
9156 1.000000 4
9159 1.000000 3
9163 -2.000000 4
9167 -2.000000 4
9172 1.000000 5
9176 1.000000 4
9181 -2.000000 5
9185 1.000000 4
9189 1.000000 4
9194 1.000000 5
9199 1.000000 5
9204 1.000000 5
9209 0.000000 5
9214 0.000000 5
9219 1.000000 5
9224 -2.000000 5
9227 1.000000 3
9232 0.000000 5
9236 1.000000 4
9241 -2.000000 5
9246 1.000000 5
9251 1.000000 5
9256 1.000000 5
9261 -2.000000 5
9266 -2.000000 5
9271 1.000000 5
9276 -2.000000 5
9281 -2.000000 5
9286 0.000000 5
9290 1.000000 4
9295 -2.000000 5
9299 1.000000 4
9304 0.000000 5
9308 -2.000000 4
9312 -2.000000 4
9317 0.000000 5
9322 -2.000000 5
9326 1.000000 4
9331 -2.000000 5
9335 1.000000 4
9340 -2.000000 5
9344 1.000000 4
9349 1.000000 5
9354 -2.000000 5
9359 -2.000000 5
9364 1.000000 5
9369 1.000000 5
9374 1.000000 5
9379 0.000000 5
9383 1.000000 4
9388 -2.000000 5
9393 -2.000000 5
9398 0.000000 5
9403 1.000000 5
9408 0.000000 5
9412 1.000000 4
9415 1.000000 3
9420 -2.000000 5
9425 1.000000 5
9429 1.000000 4
9434 1.000000 5
9437 1.000000 3
9441 -2.000000 4
9444 1.000000 3
9449 1.000000 5
9454 0.000000 5
9459 1.000000 5
9462 1.000000 3
9467 1.000000 5
9472 1.000000 5
9477 1.000000 5
9482 0.000000 5
9486 -2.000000 4
9491 1.000000 5
9495 -2.000000 4
9500 -2.000000 5
9505 -2.000000 5
9510 -2.000000 5
9515 -2.000000 5
9518 1.000000 3
9521 1.000000 3
9525 1.000000 4
9530 0.000000 5
9534 -2.000000 4
9539 1.000000 5
9544 -2.000000 5
9549 1.000000 5
9554 0.000000 5
9558 1.000000 4
9563 -2.000000 5
9568 1.000000 5
9572 1.000000 4
9577 0.000000 5
9582 -2.000000 5
9585 1.000000 3
9589 1.000000 4
9594 0.000000 5
9599 -2.000000 5
9603 -2.000000 4
9608 0.000000 5
9613 0.000000 5
9616 1.000000 3
9620 1.000000 4
9624 1.000000 4
9629 -2.000000 5
9633 1.000000 4
9636 1.000000 3
9641 1.000000 5
9646 1.000000 5
9650 1.000000 4
9654 1.000000 4
9658 1.000000 4
9663 -2.000000 5
9668 -2.000000 5
9672 -2.000000 4
9676 1.000000 4
9681 0.000000 5
9686 1.000000 5
9690 -2.000000 4
9694 -2.000000 4
9698 1.000000 4
9701 1.000000 3
9706 0.000000 5
9710 1.000000 4
9715 0.000000 5
9718 1.000000 3
9722 1.000000 4
9727 0.000000 5
9731 -2.000000 4
9734 1.000000 3
9737 1.000000 3
9740 1.000000 3
9744 1.000000 4
9749 1.000000 5
9754 0.000000 5
9759 -2.000000 5
9763 1.000000 4
9768 -2.000000 5
9772 1.000000 4
9776 1.000000 4
9781 -2.000000 5
9786 -2.000000 5
9791 1.000000 5
9795 1.000000 4
9800 -2.000000 5
9804 -2.000000 4
9808 1.000000 4
9812 1.000000 4
9817 -2.000000 5
9822 0.000000 5
9827 0.000000 5
9832 -2.000000 5
9835 1.000000 3
9840 1.000000 5
9845 -2.000000 5
9850 -2.000000 5
9855 -2.000000 5
9860 1.000000 5
9864 1.000000 4
9869 0.000000 5
9874 -2.000000 5
9878 1.000000 4
9882 -2.000000 4
9886 1.000000 4
9891 -2.000000 5
9895 -2.000000 4
9899 1.000000 4
9904 1.000000 5
9908 1.000000 4
9912 -2.000000 4
9917 0.000000 5
9920 1.000000 3
9924 1.000000 4
9928 1.000000 4
9933 0.000000 5
9938 -2.000000 5
9942 1.000000 4
9947 1.000000 5
9951 1.000000 4
9954 1.000000 3
9958 1.000000 4
9962 1.000000 4
9966 1.000000 4
9969 1.000000 3
9974 1.000000 5
9979 0.000000 5
9984 1.000000 5
9987 1.000000 3
9992 1.000000 5
9996 1.000000 4
10001 0.000000 5
10006 -2.000000 5
10011 1.000000 5
10015 -2.000000 4
10020 1.000000 5
10024 -2.000000 4
10028 1.000000 4
10033 -2.000000 5
10037 1.000000 4
10042 1.000000 5
10046 1.000000 4
10051 1.000000 5
10056 -2.000000 5
10061 1.000000 5
10065 1.000000 4
10069 1.000000 4
10072 1.000000 3
10076 1.000000 4
10080 1.000000 4
10083 1.000000 3
10088 -2.000000 5
10091 1.000000 3
10096 1.000000 5
10101 -2.000000 5
10104 1.000000 3
10109 1.000000 5
10114 -2.000000 5
10118 1.000000 4
10122 1.000000 4
10127 -2.000000 5
10132 0.000000 5
10137 0.000000 5
10141 1.000000 4
10145 1.000000 4
10150 -2.000000 5
10155 1.000000 5
10160 -2.000000 5
10165 0.000000 5
10169 1.000000 4
10173 1.000000 4
10178 -2.000000 5
10183 1.000000 5
10187 -2.000000 4
10191 1.000000 4
10196 -2.000000 5
10201 -2.000000 5
10205 1.000000 4
10209 -2.000000 4
10214 1.000000 5
10217 1.000000 3
10221 1.000000 4
10226 1.000000 5
10231 -2.000000 5
10236 -2.000000 5
10240 1.000000 4
10244 -2.000000 4
10249 -2.000000 5
10254 0.000000 5
10258 1.000000 4
10262 1.000000 4
10266 1.000000 4
10270 -2.000000 4
10274 1.000000 4
10279 1.000000 5
10283 -2.000000 4
10287 1.000000 4
10291 1.000000 4
10294 1.000000 3
10299 -2.000000 5
10304 0.000000 5
10309 -2.000000 5
10314 0.000000 5
10319 1.000000 5
10324 0.000000 5
10329 1.000000 5
10334 1.000000 5
10339 1.000000 5
10344 -2.000000 5
10349 1.000000 5
10352 1.000000 3
10357 -2.000000 5
10360 1.000000 3
10365 -2.000000 5
10368 1.000000 3
10373 -2.000000 5
10378 0.000000 5
10381 1.000000 3
10386 -2.000000 5
10391 1.000000 5
10396 0.000000 5
10400 1.000000 4
10405 -2.000000 5
10410 -2.000000 5
10415 0.000000 5
10419 -2.000000 4
10423 -2.000000 4
10427 1.000000 4
10431 1.000000 4
10436 -2.000000 5
10439 1.000000 3
10444 1.000000 5
10448 -2.000000 4
10452 1.000000 4
10457 0.000000 5
10461 1.000000 4
10466 0.000000 5
10471 1.000000 5
10474 1.000000 3
10478 1.000000 4
10482 1.000000 4
10487 1.000000 5
10492 -2.000000 5
10495 1.000000 3
10499 -2.000000 4
10504 -2.000000 5
10508 1.000000 4
10513 1.000000 5
10517 -2.000000 4
10521 1.000000 4
10525 1.000000 4
10528 1.000000 3
10533 -2.000000 5
10538 1.000000 5
10543 -2.000000 5
10547 1.000000 4
10552 0.000000 5
10556 1.000000 4
10561 1.000000 5
10564 1.000000 3
10568 1.000000 4
10573 0.000000 5
10578 1.000000 5
10582 -2.000000 4
10586 -2.000000 4
10590 1.000000 4
10595 1.000000 5
10600 0.000000 5
10604 -2.000000 4
10609 -2.000000 5
10614 1.000000 5
10619 0.000000 5
10623 -2.000000 4
10628 -2.000000 5
10633 -2.000000 5
10638 1.000000 5
10642 1.000000 4
10647 1.000000 5
10651 -2.000000 4
10654 1.000000 3
10659 -2.000000 5
10664 0.000000 5
10669 0.000000 5
10674 1.000000 5
10678 -2.000000 4
10682 1.000000 4
10687 0.000000 5
10692 -2.000000 5
10696 -2.000000 4
10701 -2.000000 5
10706 1.000000 5
10711 1.000000 5
10714 1.000000 3
10717 1.000000 3
10722 1.000000 5
10727 1.000000 5
10732 0.000000 5
10737 1.000000 5
10741 -2.000000 4
10745 1.000000 4
10749 1.000000 4
10754 1.000000 5
10758 1.000000 4
10762 1.000000 4
10767 1.000000 5
10771 1.000000 4
10775 1.000000 4
10780 1.000000 5
10785 -2.000000 5
10790 1.000000 5
10795 -2.000000 5
10798 1.000000 3
10803 1.000000 5
10807 -2.000000 4
10812 1.000000 5
10816 1.000000 4
10821 0.000000 5
10825 1.000000 4
10830 -2.000000 5
10835 -2.000000 5
10839 1.000000 4
10844 1.000000 5
10849 -2.000000 5
10852 1.000000 3
10857 -2.000000 5
10862 1.000000 5
10866 -2.000000 4
10871 -2.000000 5
10874 1.000000 3
10879 -2.000000 5
10884 -2.000000 5
10888 -2.000000 4
10893 1.000000 5
10898 0.000000 5
10902 1.000000 4
10907 1.000000 5
10911 1.000000 4
10915 -2.000000 4
10920 1.000000 5
10923 1.000000 3
10927 -2.000000 4
10932 1.000000 5
10936 -2.000000 4
10939 1.000000 3
10943 -2.000000 4
10947 -2.000000 4
10951 1.000000 4
10955 -2.000000 4
10960 -2.000000 5
10963 1.000000 3
10967 1.000000 4
10972 -2.000000 5
10976 1.000000 4
10981 0.000000 5
10986 0.000000 5
10991 1.000000 5
10996 0.000000 5
11001 -2.000000 5
11005 1.000000 4
11010 -2.000000 5
11014 1.000000 4
11019 -2.000000 5
11024 1.000000 5
11029 -2.000000 5
11034 1.000000 5
11038 1.000000 4
11042 1.000000 4
11046 1.000000 4
11050 -2.000000 4
11054 -2.000000 4
11059 -2.000000 5
11064 0.000000 5
11069 0.000000 5
11074 1.000000 5
11079 0.000000 5
11083 1.000000 4
11088 1.000000 5
11092 1.000000 4
11097 1.000000 5
11102 1.000000 5
11107 -2.000000 5
11112 -2.000000 5
11117 1.000000 5
11121 -2.000000 4
11125 -2.000000 4
11129 1.000000 4
11133 -2.000000 4
11138 -2.000000 5
11143 -2.000000 5
11147 1.000000 4
11152 1.000000 5
11157 -2.000000 5
11161 -2.000000 4
11166 0.000000 5
11171 0.000000 5
11174 1.000000 3
11177 1.000000 3
11182 0.000000 5
11186 1.000000 4
11191 -2.000000 5
11194 1.000000 3
11199 1.000000 5
11202 1.000000 3
11207 0.000000 5
11212 -2.000000 5
11216 1.000000 4
11219 1.000000 3
11223 1.000000 4
11228 1.000000 5
11233 1.000000 5
11238 1.000000 5
11243 1.000000 5
11247 1.000000 4
11252 1.000000 5
11256 -2.000000 4
11260 1.000000 4
11265 0.000000 5
11270 0.000000 5
11275 1.000000 5
11279 1.000000 4
11284 1.000000 5
11287 1.000000 3
11292 -2.000000 5
11295 1.000000 3
11300 0.000000 5
11304 1.000000 4
11309 0.000000 5
11313 -2.000000 4
11317 -2.000000 4
11322 0.000000 5
11326 1.000000 4
11329 1.000000 3
11333 1.000000 4
11338 -2.000000 5
11343 1.000000 5
11348 1.000000 5
11353 1.000000 5
11358 -2.000000 5
11362 1.000000 4
11367 1.000000 5
11371 1.000000 4
11375 1.000000 4
11379 1.000000 4
11384 -2.000000 5
11389 -2.000000 5
11394 1.000000 5
11399 -2.000000 5
11404 1.000000 5
11409 1.000000 5
11414 1.000000 5
11419 -2.000000 5
11424 -2.000000 5
11429 1.000000 5
11434 -2.000000 5
11439 -2.000000 5
11444 -2.000000 5
11448 1.000000 4
11452 1.000000 4
11457 -2.000000 5
11462 1.000000 5
11466 1.000000 4
11470 1.000000 4
11474 -2.000000 4
11478 1.000000 4
11482 1.000000 4
11487 -2.000000 5
11492 0.000000 5
11497 1.000000 5
11502 0.000000 5
11506 1.000000 4
11511 -2.000000 5
11516 -2.000000 5
11520 1.000000 4
11523 1.000000 3
11527 1.000000 4
11531 1.000000 4
11536 0.000000 5
11541 -2.000000 5
11545 1.000000 4
11550 -2.000000 5
11555 1.000000 5
11560 -2.000000 5
11565 1.000000 5
11569 -2.000000 4
11574 -2.000000 5
11578 1.000000 4
11583 -2.000000 5
11588 1.000000 5
11593 1.000000 5
11597 1.000000 4
11602 0.000000 5
11606 1.000000 4
11610 1.000000 4
11615 1.000000 5
11620 -2.000000 5
11625 1.000000 5
11630 0.000000 5
11635 -2.000000 5
11639 -2.000000 4
11644 -2.000000 5
11649 1.000000 5
11653 1.000000 4
11658 1.000000 5
11662 1.000000 4
11667 -2.000000 5
11671 -2.000000 4
11676 -2.000000 5
11681 -2.000000 5
11685 1.000000 4
11690 -2.000000 5
11695 -2.000000 5
11700 1.000000 5
11705 0.000000 5
11710 -2.000000 5
11715 -2.000000 5
11720 -2.000000 5
11724 1.000000 4
11729 0.000000 5
11734 -2.000000 5
11738 1.000000 4
11742 1.000000 4
11747 1.000000 5
11752 -2.000000 5
11755 1.000000 3
11760 -2.000000 5
11764 1.000000 4
11769 0.000000 5
11772 1.000000 3
11776 -2.000000 4
11780 1.000000 4
11785 1.000000 5
11790 1.000000 5
11795 0.000000 5
11800 0.000000 5
11804 1.000000 4
11809 1.000000 5
11813 -2.000000 4
11817 1.000000 4
11822 1.000000 5
11827 0.000000 5
11832 0.000000 5
11836 1.000000 4
11841 0.000000 5
11846 1.000000 5
11849 1.000000 3
11852 1.000000 3
11856 1.000000 4
11861 1.000000 5
11866 1.000000 5
11871 1.000000 5
11875 1.000000 4
11880 -2.000000 5
11884 -2.000000 4
11888 1.000000 4
11893 0.000000 5
11898 0.000000 5
11902 -2.000000 4
11906 -2.000000 4
11911 1.000000 5
11915 -2.000000 4
11919 -2.000000 4
11923 1.000000 4
11928 -2.000000 5
11933 0.000000 5
11937 1.000000 4
11941 -2.000000 4
11944 1.000000 3
11948 1.000000 4
11953 1.000000 5
11958 1.000000 5
11962 1.000000 4
11967 -2.000000 5
11972 -2.000000 5
11975 1.000000 3
11980 -2.000000 5
11985 0.000000 5
11989 -2.000000 4
11994 1.000000 5
11998 1.000000 4
12003 1.000000 5
12007 1.000000 4
12012 -2.000000 5
12016 -2.000000 4
12020 -2.000000 4
12025 -2.000000 5
12029 1.000000 4
12033 1.000000 4
12037 -2.000000 4
12041 1.000000 4
12046 1.000000 5
12051 -2.000000 5
12055 1.000000 4
12060 1.000000 5
12065 -2.000000 5
12069 1.000000 4
12073 -2.000000 4
12077 -2.000000 4
12082 -2.000000 5
12087 -2.000000 5
12091 1.000000 4
12095 1.000000 4
12100 1.000000 5
12104 -2.000000 4
12107 1.000000 3
12110 1.000000 3
12114 1.000000 4
12118 1.000000 4
12123 0.000000 5
12128 0.000000 5
12133 1.000000 5
12137 1.000000 4
12141 1.000000 4
12146 1.000000 5
12150 1.000000 4
12155 1.000000 5
12160 -2.000000 5
12165 -2.000000 5
12168 1.000000 3
12173 1.000000 5
12178 1.000000 5
12181 1.000000 3
12186 -2.000000 5
12191 0.000000 5
12195 1.000000 4
12199 1.000000 4
12202 1.000000 3
12206 1.000000 4
12210 -2.000000 4
12214 1.000000 4
12219 -2.000000 5
12224 0.000000 5
12228 1.000000 4
12233 1.000000 5
12237 -2.000000 4
12242 1.000000 5
12247 1.000000 5
12252 1.000000 5
12257 -2.000000 5
12261 -2.000000 4
12266 1.000000 5
12270 1.000000 4
12275 0.000000 5
12279 -2.000000 4
12283 1.000000 4
12287 1.000000 4
12292 -2.000000 5
12297 1.000000 5
12302 -2.000000 5
12306 1.000000 4
12310 1.000000 4
12315 -2.000000 5
12319 -2.000000 4
12323 -2.000000 4
12328 -2.000000 5
12332 -2.000000 4
12337 1.000000 5
12342 1.000000 5
12346 1.000000 4
12351 -2.000000 5
12356 -2.000000 5
12360 1.000000 4
12365 1.000000 5
