4 -1.000000 4
7 1.000000 3
12 0.000000 5
17 1.000000 5
21 -1.000000 4
26 1.000000 5
31 1.000000 5
35 -1.000000 4
38 1.000000 3
43 1.000000 5
46 1.000000 3
50 -1.000000 4
55 1.000000 5
60 1.000000 5
65 1.000000 5
70 1.000000 5
75 0.000000 5
80 1.000000 5
84 -1.000000 4
88 1.000000 4
93 1.000000 5
98 0.000000 5
102 1.000000 4
107 0.000000 5
111 -1.000000 4
115 1.000000 4
119 1.000000 4
124 1.000000 5
129 1.000000 5
133 1.000000 4
137 -1.000000 4
140 -1.000000 3
145 1.000000 5
149 1.000000 4
152 -1.000000 3
155 -1.000000 3
160 1.000000 5
163 1.000000 3
168 1.000000 5
173 1.000000 5
178 1.000000 5
182 1.000000 4
186 1.000000 4
189 -1.000000 3
194 1.000000 5
199 1.000000 5
202 -1.000000 3
207 1.000000 5
211 1.000000 4
216 0.000000 5
221 1.000000 5
226 0.000000 5
229 1.000000 3
233 1.000000 4
238 1.000000 5
243 1.000000 5
247 1.000000 4
252 1.000000 5
257 1.000000 5
260 1.000000 3
264 1.000000 4
267 -1.000000 3
272 0.000000 5
277 1.000000 5
281 1.000000 4
285 1.000000 4
289 -1.000000 4
292 1.000000 3
296 -1.000000 4
301 0.000000 5
305 1.000000 4
309 -1.000000 4
314 1.000000 5
318 1.000000 4
323 1.000000 5
328 1.000000 5
332 -1.000000 4
336 -1.000000 4
340 1.000000 4
344 1.000000 4
349 1.000000 5
353 1.000000 4
358 0.000000 5
362 -1.000000 4
367 0.000000 5
372 1.000000 5
376 -1.000000 4
381 0.000000 5
386 1.000000 5
390 -1.000000 4
393 1.000000 3
396 1.000000 3
400 1.000000 4
405 0.000000 5
409 1.000000 4
413 -1.000000 4
417 -1.000000 4
421 1.000000 4
426 1.000000 5
430 -1.000000 4
434 1.000000 4
438 1.000000 4
442 -1.000000 4
446 1.000000 4
450 1.000000 4
454 1.000000 4
459 0.000000 5
463 -1.000000 4
466 1.000000 3
470 -1.000000 4
474 1.000000 4
479 1.000000 5
483 1.000000 4
486 -1.000000 3
490 1.000000 4
494 1.000000 4
498 1.000000 4
503 1.000000 5
507 1.000000 4
511 -1.000000 4
515 -1.000000 4
518 -1.000000 3
522 1.000000 4
526 1.000000 4
530 -1.000000 4
534 1.000000 4
538 1.000000 4
542 1.000000 4
546 1.000000 4
550 -1.000000 4
555 0.000000 5
559 1.000000 4
564 1.000000 5
568 -1.000000 4
573 0.000000 5
578 0.000000 5
581 1.000000 3
585 1.000000 4
589 -1.000000 4
593 -1.000000 4
597 1.000000 4
602 1.000000 5
606 -1.000000 4
611 1.000000 5
615 1.000000 4
619 1.000000 4
624 1.000000 5
628 1.000000 4
632 -1.000000 4
637 0.000000 5
641 -1.000000 4
645 1.000000 4
649 -1.000000 4
654 1.000000 5
658 1.000000 4
662 -1.000000 4
665 1.000000 3
668 1.000000 3
672 -1.000000 4
675 1.000000 3
680 1.000000 5
684 1.000000 4
688 -1.000000 4
693 1.000000 5
697 1.000000 4
700 1.000000 3
705 0.000000 5
709 1.000000 4
712 -1.000000 3
717 0.000000 5
722 1.000000 5
727 1.000000 5
732 1.000000 5
737 1.000000 5
742 1.000000 5
746 -1.000000 4
751 0.000000 5
754 1.000000 3
758 1.000000 4
762 1.000000 4
766 1.000000 4
771 1.000000 5
775 1.000000 4
779 -1.000000 4
784 1.000000 5
788 1.000000 4
792 1.000000 4
796 1.000000 4
800 -1.000000 4
805 0.000000 5
808 -1.000000 3
812 1.000000 4
816 -1.000000 4
821 1.000000 5
826 0.000000 5
831 1.000000 5
834 -1.000000 3
839 0.000000 5
842 -1.000000 3
846 1.000000 4
850 -1.000000 4
853 1.000000 3
857 -1.000000 4
862 1.000000 5
866 1.000000 4
870 1.000000 4
874 -1.000000 4
879 1.000000 5
884 1.000000 5
888 -1.000000 4
891 1.000000 3
896 1.000000 5
901 1.000000 5
905 1.000000 4
909 1.000000 4
914 1.000000 5
919 1.000000 5
922 1.000000 3
927 0.000000 5
931 -1.000000 4
935 1.000000 4
939 -1.000000 4
943 1.000000 4
947 1.000000 4
951 -1.000000 4
954 -1.000000 3
959 1.000000 5
963 1.000000 4
967 -1.000000 4
972 1.000000 5
976 1.000000 4
981 0.000000 5
984 -1.000000 3
988 1.000000 4
991 -1.000000 3
996 1.000000 5
1000 1.000000 4
1003 1.000000 3
1007 -1.000000 4
1011 1.000000 4
1015 -1.000000 4
1019 -1.000000 4
1023 1.000000 4
1028 0.000000 5
1032 1.000000 4
1037 1.000000 5
1040 -1.000000 3
1043 -1.000000 3
1047 -1.000000 4
1051 -1.000000 4
1054 -1.000000 3
1058 -1.000000 4
1062 1.000000 4
1066 1.000000 4
1070 -1.000000 4
1075 0.000000 5
1078 1.000000 3
1083 0.000000 5
1088 1.000000 5
1093 1.000000 5
1096 -1.000000 3
1100 -1.000000 4
1104 1.000000 4
1108 1.000000 4
1112 1.000000 4
1117 1.000000 5
1122 1.000000 5
1126 1.000000 4
1130 1.000000 4
1134 1.000000 4
1138 1.000000 4
1143 1.000000 5
1147 1.000000 4
1151 1.000000 4
1155 1.000000 4
1160 0.000000 5
1164 1.000000 4
1168 -1.000000 4
1173 1.000000 5
1177 1.000000 4
1181 -1.000000 4
1185 1.000000 4
1189 -1.000000 4
1194 0.000000 5
1197 -1.000000 3
1202 1.000000 5
1206 1.000000 4
1210 1.000000 4
1213 -1.000000 3
1217 1.000000 4
1220 1.000000 3
1224 1.000000 4
1229 1.000000 5
1233 1.000000 4
1238 1.000000 5
1242 1.000000 4
1246 1.000000 4
1250 1.000000 4
1254 1.000000 4
1259 1.000000 5
1264 1.000000 5
1268 -1.000000 4
1273 0.000000 5
1277 1.000000 4
1281 1.000000 4
1284 1.000000 3
1287 1.000000 3
1292 1.000000 5
1296 1.000000 4
1300 1.000000 4
1303 -1.000000 3
1308 1.000000 5
1312 1.000000 4
1315 1.000000 3
1319 1.000000 4
1324 0.000000 5
1328 -1.000000 4
1331 1.000000 3
1334 -1.000000 3
1339 1.000000 5
1344 0.000000 5
1349 0.000000 5
1353 -1.000000 4
1356 1.000000 3
1359 1.000000 3
1362 -1.000000 3
1367 1.000000 5
1372 1.000000 5
1377 1.000000 5
1382 0.000000 5
1385 -1.000000 3
1388 1.000000 3
1391 1.000000 3
1396 1.000000 5
1401 1.000000 5
1405 1.000000 4
1408 1.000000 3
1411 -1.000000 3
1415 -1.000000 4
1419 1.000000 4
1423 1.000000 4
1428 0.000000 5
1432 1.000000 4
1435 1.000000 3
1440 1.000000 5
1443 -1.000000 3
1447 1.000000 4
1451 1.000000 4
1456 1.000000 5
1459 1.000000 3
1463 1.000000 4
1467 -1.000000 4
1471 1.000000 4
1475 1.000000 4
1479 1.000000 4
1483 1.000000 4
1486 -1.000000 3
1489 1.000000 3
1494 0.000000 5
1497 1.000000 3
1502 1.000000 5
1506 1.000000 4
1510 1.000000 4
1515 1.000000 5
1520 1.000000 5
1524 1.000000 4
1529 0.000000 5
1533 1.000000 4
1537 1.000000 4
1541 1.000000 4
1545 1.000000 4
1549 1.000000 4
1553 1.000000 4
1557 1.000000 4
1561 -1.000000 4
1564 -1.000000 3
1568 1.000000 4
1573 0.000000 5
1577 1.000000 4
1581 1.000000 4
1585 1.000000 4
1590 0.000000 5
1594 -1.000000 4
1597 1.000000 3
1601 1.000000 4
1605 1.000000 4
1610 1.000000 5
1613 1.000000 3
1618 1.000000 5
1623 1.000000 5
1628 0.000000 5
1632 1.000000 4
1636 -1.000000 4
1641 0.000000 5
1645 1.000000 4
1649 1.000000 4
1652 1.000000 3
1656 1.000000 4
1660 1.000000 4
1664 1.000000 4
1668 1.000000 4
1673 1.000000 5
1677 1.000000 4
1681 1.000000 4
1685 1.000000 4
1689 1.000000 4
1693 1.000000 4
1696 -1.000000 3
1699 1.000000 3
1704 0.000000 5
1709 1.000000 5
1713 1.000000 4
1717 -1.000000 4
1722 1.000000 5
1726 1.000000 4
1730 1.000000 4
1734 1.000000 4
1737 -1.000000 3
1741 1.000000 4
1745 1.000000 4
1749 1.000000 4
1753 1.000000 4
1758 1.000000 5
1762 1.000000 4
1766 1.000000 4
1771 1.000000 5
1774 -1.000000 3
1778 -1.000000 4
1783 1.000000 5
1788 1.000000 5
1793 0.000000 5
1797 1.000000 4
1801 -1.000000 4
1805 1.000000 4
1809 1.000000 4
1812 1.000000 3
1817 1.000000 5
1820 1.000000 3
1824 1.000000 4
1829 0.000000 5
1834 1.000000 5
1838 -1.000000 4
1842 1.000000 4
1845 -1.000000 3
1849 1.000000 4
1853 1.000000 4
1857 1.000000 4
1860 -1.000000 3
1863 1.000000 3
1868 1.000000 5
1873 0.000000 5
1877 1.000000 4
1882 0.000000 5
1887 1.000000 5
1890 -1.000000 3
1894 1.000000 4
1897 -1.000000 3
1901 1.000000 4
1905 1.000000 4
1909 1.000000 4
1913 -1.000000 4
1917 1.000000 4
1922 1.000000 5
1926 1.000000 4
1929 -1.000000 3
1933 -1.000000 4
1937 1.000000 4
1941 1.000000 4
1944 -1.000000 3
1948 1.000000 4
1952 1.000000 4
1956 1.000000 4
1960 -1.000000 4
1964 -1.000000 4
1968 1.000000 4
1973 0.000000 5
1977 -1.000000 4
1981 1.000000 4
1986 1.000000 5
1991 1.000000 5
1996 0.000000 5
2001 1.000000 5
2005 1.000000 4
2009 1.000000 4
2014 1.000000 5
2018 -1.000000 4
2022 1.000000 4
2026 -1.000000 4
2030 1.000000 4
2035 1.000000 5
2039 1.000000 4
2044 1.000000 5
2048 -1.000000 4
2053 0.000000 5
2057 -1.000000 4
2061 1.000000 4
2065 1.000000 4
2069 1.000000 4
2074 0.000000 5
2079 0.000000 5
2083 -1.000000 4
2087 1.000000 4
2092 1.000000 5
2096 -1.000000 4
2100 1.000000 4
2104 -1.000000 4
2108 -1.000000 4
2113 0.000000 5
2117 -1.000000 4
2121 -1.000000 4
2125 1.000000 4
2129 -1.000000 4
2134 1.000000 5
2139 0.000000 5
2144 0.000000 5
2149 0.000000 5
2154 1.000000 5
2159 1.000000 5
2164 1.000000 5
2168 -1.000000 4
2172 1.000000 4
2175 1.000000 3
2180 0.000000 5
2184 1.000000 4
2187 1.000000 3
2191 1.000000 4
2194 -1.000000 3
2198 1.000000 4
2202 1.000000 4
2206 1.000000 4
2211 1.000000 5
2215 1.000000 4
2220 1.000000 5
2225 1.000000 5
2229 1.000000 4
2233 1.000000 4
2237 -1.000000 4
2241 -1.000000 4
2245 -1.000000 4
2250 0.000000 5
2253 1.000000 3
2258 0.000000 5
2262 1.000000 4
2267 1.000000 5
2272 1.000000 5
2276 1.000000 4
2280 -1.000000 4
2284 -1.000000 4
2288 -1.000000 4
2293 1.000000 5
2298 1.000000 5
2302 1.000000 4
2306 -1.000000 4
2311 1.000000 5
2315 1.000000 4
2318 -1.000000 3
2323 0.000000 5
2326 1.000000 3
2331 1.000000 5
2335 1.000000 4
2339 -1.000000 4
2343 1.000000 4
2346 1.000000 3
2351 0.000000 5
2356 1.000000 5
2360 1.000000 4
2364 1.000000 4
2367 1.000000 3
2372 1.000000 5
2377 1.000000 5
2380 -1.000000 3
2383 -1.000000 3
2388 0.000000 5
2392 1.000000 4
2396 -1.000000 4
2401 0.000000 5
2405 1.000000 4
2409 1.000000 4
2414 1.000000 5
2419 1.000000 5
2422 1.000000 3
2427 1.000000 5
2431 1.000000 4
2436 1.000000 5
2440 1.000000 4
2445 1.000000 5
2448 -1.000000 3
2451 1.000000 3
2456 0.000000 5
2460 1.000000 4
2464 -1.000000 4
2468 -1.000000 4
2473 1.000000 5
2478 1.000000 5
2482 1.000000 4
2487 1.000000 5
2491 1.000000 4
2495 1.000000 4
2499 1.000000 4
2503 1.000000 4
2508 1.000000 5
2512 1.000000 4
2516 1.000000 4
2519 1.000000 3
2524 0.000000 5
2528 1.000000 4
2531 -1.000000 3
2534 -1.000000 3
2538 -1.000000 4
2542 -1.000000 4
2546 -1.000000 4
2550 -1.000000 4
2554 1.000000 4
2559 1.000000 5
2564 1.000000 5
2568 1.000000 4
2572 1.000000 4
2577 1.000000 5
2582 1.000000 5
2586 -1.000000 4
2589 -1.000000 3
2594 0.000000 5
2599 1.000000 5
2603 1.000000 4
2607 -1.000000 4
2610 -1.000000 3
2615 1.000000 5
2619 1.000000 4
2624 1.000000 5
2628 1.000000 4
2632 -1.000000 4
2635 1.000000 3
2639 -1.000000 4
2644 1.000000 5
2648 1.000000 4
2652 -1.000000 4
2656 1.000000 4
2661 1.000000 5
2664 -1.000000 3
2669 1.000000 5
2673 1.000000 4
2676 -1.000000 3
2679 -1.000000 3
2684 1.000000 5
2688 -1.000000 4
2692 1.000000 4
2696 1.000000 4
2700 -1.000000 4
2704 1.000000 4
2708 1.000000 4
2713 1.000000 5
2718 1.000000 5
2722 -1.000000 4
2726 1.000000 4
2731 1.000000 5
2735 -1.000000 4
2740 0.000000 5
2745 1.000000 5
2749 1.000000 4
2752 1.000000 3
2757 0.000000 5
2761 1.000000 4
2766 1.000000 5
2769 1.000000 3
2773 1.000000 4
2776 -1.000000 3
2780 1.000000 4
2784 1.000000 4
2789 1.000000 5
2793 -1.000000 4
2796 -1.000000 3
2801 1.000000 5
2805 -1.000000 4
2809 -1.000000 4
2812 -1.000000 3
2816 -1.000000 4
2819 -1.000000 3
2824 1.000000 5
2828 1.000000 4
2832 -1.000000 4
2837 1.000000 5
2840 -1.000000 3
2843 -1.000000 3
2847 1.000000 4
2850 -1.000000 3
2854 1.000000 4
2858 -1.000000 4
2863 0.000000 5
2868 1.000000 5
2873 1.000000 5
2878 1.000000 5
2882 1.000000 4
2886 1.000000 4
2891 1.000000 5
2896 1.000000 5
2900 1.000000 4
2905 1.000000 5
2909 -1.000000 4
2913 -1.000000 4
2918 1.000000 5
2922 -1.000000 4
2927 1.000000 5
2932 1.000000 5
2936 1.000000 4
2940 -1.000000 4
2943 -1.000000 3
2948 1.000000 5
2952 1.000000 4
2956 -1.000000 4
2961 1.000000 5
2966 1.000000 5
2971 1.000000 5
2974 1.000000 3
2978 1.000000 4
2982 1.000000 4
2986 1.000000 4
2990 -1.000000 4
2995 1.000000 5
2999 1.000000 4
3004 1.000000 5
3009 1.000000 5
3013 -1.000000 4
3018 1.000000 5
3022 1.000000 4
3026 -1.000000 4
3030 -1.000000 4
3034 -1.000000 4
3039 1.000000 5
3043 1.000000 4
3048 0.000000 5
3052 1.000000 4
3055 1.000000 3
3060 0.000000 5
3063 -1.000000 3
3068 0.000000 5
3071 1.000000 3
3074 -1.000000 3
3078 1.000000 4
3082 -1.000000 4
3087 1.000000 5
3091 1.000000 4
3096 1.000000 5
3099 1.000000 3
3103 1.000000 4
3108 1.000000 5
3111 -1.000000 3
3115 1.000000 4
