4 -1.000000 4
7 1.000000 3
12 1.000000 5
16 1.000000 4
19 -1.000000 3
24 0.000000 5
28 1.000000 4
33 0.000000 5
37 1.000000 4
41 1.000000 4
46 1.000000 5
50 1.000000 4
53 -1.000000 3
58 1.000000 5
63 1.000000 5
68 1.000000 5
71 -1.000000 3
75 -1.000000 4
79 1.000000 4
83 1.000000 4
88 1.000000 5
92 -1.000000 4
96 1.000000 4
100 1.000000 4
104 1.000000 4
109 1.000000 5
114 1.000000 5
117 1.000000 3
121 1.000000 4
126 1.000000 5
131 0.000000 5
135 1.000000 4
139 -1.000000 4
142 -1.000000 3
146 1.000000 4
151 0.000000 5
155 -1.000000 4
159 1.000000 4
164 1.000000 5
168 -1.000000 4
172 1.000000 4
177 1.000000 5
182 1.000000 5
187 1.000000 5
192 0.000000 5
196 -1.000000 4
200 1.000000 4
204 -1.000000 4
209 1.000000 5
214 0.000000 5
218 1.000000 4
222 -1.000000 4
225 1.000000 3
229 1.000000 4
233 1.000000 4
237 1.000000 4
241 -1.000000 4
246 1.000000 5
251 1.000000 5
256 1.000000 5
259 1.000000 3
264 1.000000 5
267 -1.000000 3
272 1.000000 5
276 1.000000 4
279 -1.000000 3
283 1.000000 4
288 0.000000 5
293 1.000000 5
298 1.000000 5
302 1.000000 4
305 1.000000 3
309 1.000000 4
312 1.000000 3
316 -1.000000 4
320 -1.000000 4
324 1.000000 4
328 1.000000 4
333 1.000000 5
337 1.000000 4
340 1.000000 3
345 1.000000 5
348 1.000000 3
351 -1.000000 3
355 -1.000000 4
360 0.000000 5
364 1.000000 4
368 -1.000000 4
373 0.000000 5
377 -1.000000 4
382 1.000000 5
387 1.000000 5
390 -1.000000 3
395 0.000000 5
399 1.000000 4
402 -1.000000 3
406 1.000000 4
411 1.000000 5
416 1.000000 5
421 1.000000 5
424 1.000000 3
427 1.000000 3
431 -1.000000 4
436 1.000000 5
441 0.000000 5
445 1.000000 4
448 -1.000000 3
452 1.000000 4
457 1.000000 5
461 1.000000 4
466 1.000000 5
470 -1.000000 4
474 1.000000 4
479 1.000000 5
484 0.000000 5
488 1.000000 4
492 1.000000 4
497 0.000000 5
500 -1.000000 3
505 1.000000 5
510 1.000000 5
514 -1.000000 4
518 1.000000 4
523 1.000000 5
526 -1.000000 3
531 1.000000 5
535 1.000000 4
538 -1.000000 3
542 -1.000000 4
546 1.000000 4
550 -1.000000 4
555 0.000000 5
559 1.000000 4
564 1.000000 5
568 -1.000000 4
571 -1.000000 3
575 -1.000000 4
579 -1.000000 4
583 -1.000000 4
588 0.000000 5
592 -1.000000 4
597 0.000000 5
602 0.000000 5
606 1.000000 4
611 1.000000 5
615 1.000000 4
620 1.000000 5
624 1.000000 4
628 1.000000 4
631 -1.000000 3
636 1.000000 5
640 -1.000000 4
645 1.000000 5
649 1.000000 4
653 1.000000 4
658 0.000000 5
662 -1.000000 4
667 1.000000 5
672 1.000000 5
676 -1.000000 4
681 1.000000 5
685 -1.000000 4
690 1.000000 5
693 1.000000 3
698 1.000000 5
702 1.000000 4
707 0.000000 5
712 1.000000 5
716 1.000000 4
720 -1.000000 4
723 -1.000000 3
728 1.000000 5
731 -1.000000 3
735 1.000000 4
738 1.000000 3
742 1.000000 4
747 0.000000 5
751 -1.000000 4
755 1.000000 4
759 1.000000 4
763 1.000000 4
768 1.000000 5
771 1.000000 3
774 -1.000000 3
779 0.000000 5
783 1.000000 4
786 -1.000000 3
791 1.000000 5
796 1.000000 5
800 1.000000 4
805 1.000000 5
810 1.000000 5
814 1.000000 4
818 1.000000 4
822 -1.000000 4
826 -1.000000 4
831 1.000000 5
834 -1.000000 3
838 1.000000 4
843 1.000000 5
848 0.000000 5
852 1.000000 4
857 0.000000 5
862 0.000000 5
866 1.000000 4
869 -1.000000 3
874 1.000000 5
879 0.000000 5
883 1.000000 4
888 1.000000 5
893 1.000000 5
896 1.000000 3
900 -1.000000 4
904 1.000000 4
909 1.000000 5
913 -1.000000 4
918 0.000000 5
922 1.000000 4
926 1.000000 4
931 1.000000 5
934 1.000000 3
939 1.000000 5
943 1.000000 4
947 -1.000000 4
952 0.000000 5
956 -1.000000 4
961 1.000000 5
966 0.000000 5
970 -1.000000 4
975 1.000000 5
978 1.000000 3
982 1.000000 4
986 1.000000 4
990 1.000000 4
994 1.000000 4
999 0.000000 5
1003 -1.000000 4
1006 -1.000000 3
1010 1.000000 4
1014 1.000000 4
1017 1.000000 3
1021 1.000000 4
1025 1.000000 4
1029 1.000000 4
1033 1.000000 4
1036 1.000000 3
1040 1.000000 4
1044 1.000000 4
1048 1.000000 4
1052 1.000000 4
1057 0.000000 5
1060 1.000000 3
1064 -1.000000 4
1068 -1.000000 4
1073 0.000000 5
1077 -1.000000 4
1081 1.000000 4
1085 1.000000 4
1089 1.000000 4
1093 1.000000 4
1097 1.000000 4
1101 1.000000 4
1104 1.000000 3
1107 1.000000 3
1110 -1.000000 3
1114 1.000000 4
1118 1.000000 4
1122 1.000000 4
1126 1.000000 4
1130 1.000000 4
1134 1.000000 4
1138 1.000000 4
1142 1.000000 4
1145 1.000000 3
1149 1.000000 4
1153 -1.000000 4
1156 1.000000 3
1161 1.000000 5
1166 0.000000 5
1170 1.000000 4
1175 0.000000 5
1179 1.000000 4
1184 1.000000 5
1189 0.000000 5
1193 1.000000 4
1197 1.000000 4
1201 1.000000 4
1206 0.000000 5
1209 -1.000000 3
1212 1.000000 3
1216 1.000000 4
1220 1.000000 4
1224 1.000000 4
1228 1.000000 4
1232 1.000000 4
1235 -1.000000 3
1238 -1.000000 3
1242 1.000000 4
1246 1.000000 4
1250 1.000000 4
1253 1.000000 3
1256 1.000000 3
1259 1.000000 3
1263 1.000000 4
1267 1.000000 4
1270 1.000000 3
1273 1.000000 3
1278 0.000000 5
1281 1.000000 3
1285 1.000000 4
1288 1.000000 3
1292 1.000000 4
1296 1.000000 4
1299 -1.000000 3
1303 1.000000 4
1307 1.000000 4
1311 1.000000 4
1315 1.000000 4
1318 1.000000 3
1321 1.000000 3
1325 1.000000 4
1329 1.000000 4
1333 1.000000 4
1337 1.000000 4
1341 1.000000 4
1345 1.000000 4
1349 1.000000 4
1353 1.000000 4
1357 1.000000 4
1360 -1.000000 3
1364 1.000000 4
1368 1.000000 4
1372 1.000000 4
1376 1.000000 4
1380 1.000000 4
1383 1.000000 3
1388 0.000000 5
1391 1.000000 3
1394 1.000000 3
1399 0.000000 5
1402 -1.000000 3
1405 1.000000 3
1409 1.000000 4
1413 1.000000 4
1417 1.000000 4
1421 1.000000 4
1425 1.000000 4
1428 1.000000 3
1431 1.000000 3
1434 1.000000 3
1438 1.000000 4
1441 1.000000 3
1445 1.000000 4
1448 1.000000 3
1451 1.000000 3
1454 1.000000 3
1458 1.000000 4
1462 1.000000 4
1467 0.000000 5
1471 1.000000 4
1474 1.000000 3
1479 0.000000 5
1483 1.000000 4
1486 -1.000000 3
1490 1.000000 4
1493 1.000000 3
1497 1.000000 4
1502 0.000000 5
1506 1.000000 4
1510 1.000000 4
1513 1.000000 3
1517 1.000000 4
1521 1.000000 4
1524 1.000000 3
1528 1.000000 4
1532 1.000000 4
1536 1.000000 4
1541 0.000000 5
1545 -1.000000 4
1548 -1.000000 3
1551 1.000000 3
1555 1.000000 4
1560 1.000000 5
1564 1.000000 4
1568 1.000000 4
1572 -1.000000 4
1575 1.000000 3
1578 1.000000 3
1583 1.000000 5
1587 1.000000 4
1592 1.000000 5
1596 -1.000000 4
1599 1.000000 3
1603 1.000000 4
1606 -1.000000 3
1610 1.000000 4
1614 1.000000 4
1617 1.000000 3
1620 -1.000000 3
1624 -1.000000 4
1628 1.000000 4
1632 1.000000 4
1635 1.000000 3
1638 1.000000 3
1641 1.000000 3
1644 1.000000 3
1647 -1.000000 3
1651 1.000000 4
1654 -1.000000 3
1659 0.000000 5
1663 1.000000 4
1667 1.000000 4
1672 1.000000 5
1676 1.000000 4
1679 1.000000 3
1683 1.000000 4
1688 1.000000 5
1691 1.000000 3
1696 1.000000 5
1700 1.000000 4
1703 1.000000 3
1706 -1.000000 3
1710 1.000000 4
1715 1.000000 5
1720 1.000000 5
1725 0.000000 5
1728 -1.000000 3
1732 1.000000 4
1736 1.000000 4
1740 1.000000 4
1745 1.000000 5
1750 1.000000 5
1753 1.000000 3
1757 1.000000 4
1761 1.000000 4
1765 -1.000000 4
1770 0.000000 5
1774 1.000000 4
1778 1.000000 4
1782 1.000000 4
1786 1.000000 4
1790 1.000000 4
1793 1.000000 3
1797 1.000000 4
1800 1.000000 3
1804 1.000000 4
1807 1.000000 3
1812 0.000000 5
1816 -1.000000 4
1819 1.000000 3
1824 0.000000 5
1828 1.000000 4
1832 1.000000 4
1836 1.000000 4
1841 0.000000 5
1844 1.000000 3
1848 1.000000 4
1852 1.000000 4
1857 0.000000 5
1861 1.000000 4
1865 1.000000 4
1869 1.000000 4
1873 1.000000 4
1877 1.000000 4
1881 1.000000 4
1885 1.000000 4
1888 -1.000000 3
1893 0.000000 5
1897 1.000000 4
1902 1.000000 5
1905 1.000000 3
1910 0.000000 5
1914 1.000000 4
1917 1.000000 3
1921 1.000000 4
1925 1.000000 4
1928 1.000000 3
1931 1.000000 3
1934 1.000000 3
1938 1.000000 4
1942 1.000000 4
1946 1.000000 4
1950 1.000000 4
1954 -1.000000 4
1957 1.000000 3
1961 1.000000 4
1964 1.000000 3
1968 -1.000000 4
1973 0.000000 5
1976 1.000000 3
1980 1.000000 4
1984 1.000000 4
1987 -1.000000 3
1991 1.000000 4
1994 1.000000 3
1998 1.000000 4
2002 1.000000 4
2006 1.000000 4
2009 -1.000000 3
2012 -1.000000 3
2015 -1.000000 3
2018 -1.000000 3
2021 -1.000000 3
2024 -1.000000 3
2027 -1.000000 3
2030 -1.000000 3
2033 -1.000000 3
2036 -1.000000 3
2039 -1.000000 3
2042 -1.000000 3
2045 -1.000000 3
2048 -1.000000 3
2051 -1.000000 3
2054 -1.000000 3
2057 -1.000000 3
2060 -1.000000 3
2063 -1.000000 3
2066 -1.000000 3
2069 -1.000000 3
2072 -1.000000 3
2075 -1.000000 3
2078 -1.000000 3
2081 -1.000000 3
2084 -1.000000 3
2087 -1.000000 3
2090 -1.000000 3
2093 -1.000000 3
2096 -1.000000 3
2099 -1.000000 3
2102 -1.000000 3
2105 -1.000000 3
2108 -1.000000 3
2111 -1.000000 3
2114 -1.000000 3
2117 -1.000000 3
2120 -1.000000 3
2123 -1.000000 3
2126 -1.000000 3
2129 -1.000000 3
2132 -1.000000 3
2135 -1.000000 3
2138 -1.000000 3
2141 -1.000000 3
2144 -1.000000 3
2147 -1.000000 3
2150 -1.000000 3
2153 -1.000000 3
2156 -1.000000 3
2159 -1.000000 3
2162 -1.000000 3
2165 -1.000000 3
2168 -1.000000 3
2171 -1.000000 3
2174 -1.000000 3
2177 -1.000000 3
2180 -1.000000 3
2183 -1.000000 3
2186 -1.000000 3
2189 -1.000000 3
2192 -1.000000 3
2195 -1.000000 3
2198 -1.000000 3
2201 -1.000000 3
2204 -1.000000 3
2207 -1.000000 3
2210 -1.000000 3
2213 -1.000000 3
2216 -1.000000 3
2219 -1.000000 3
2222 -1.000000 3
2225 -1.000000 3
2228 -1.000000 3
2231 -1.000000 3
2234 -1.000000 3
2237 -1.000000 3
2240 -1.000000 3
2243 -1.000000 3
2246 -1.000000 3
2249 -1.000000 3
2252 -1.000000 3
2255 -1.000000 3
2258 -1.000000 3
2261 -1.000000 3
2264 -1.000000 3
2267 -1.000000 3
2270 -1.000000 3
2273 -1.000000 3
2276 -1.000000 3
2279 -1.000000 3
2282 -1.000000 3
2285 -1.000000 3
2288 -1.000000 3
2291 -1.000000 3
2294 -1.000000 3
2297 -1.000000 3
2300 -1.000000 3
2303 -1.000000 3
2306 -1.000000 3
2309 -1.000000 3
2312 -1.000000 3
2315 -1.000000 3
2318 -1.000000 3
2321 -1.000000 3
2324 -1.000000 3
2327 -1.000000 3
2330 -1.000000 3
2333 -1.000000 3
2336 -1.000000 3
2339 -1.000000 3
2342 -1.000000 3
2345 -1.000000 3
2348 -1.000000 3
2351 -1.000000 3
2354 -1.000000 3
2357 -1.000000 3
2360 -1.000000 3
2363 -1.000000 3
2366 -1.000000 3
2369 -1.000000 3
2372 -1.000000 3
2375 -1.000000 3
2378 -1.000000 3
2381 -1.000000 3
2384 -1.000000 3
2387 -1.000000 3
2390 -1.000000 3
2393 -1.000000 3
2396 -1.000000 3
2399 -1.000000 3
2402 -1.000000 3
2405 -1.000000 3
2408 -1.000000 3
2411 -1.000000 3
2414 -1.000000 3
2417 -1.000000 3
2420 -1.000000 3
2423 -1.000000 3
2426 -1.000000 3
2429 -1.000000 3
2432 -1.000000 3
2435 -1.000000 3
2438 -1.000000 3
2441 -1.000000 3
2444 -1.000000 3
2447 -1.000000 3
2450 -1.000000 3
2453 -1.000000 3
2456 -1.000000 3
2459 -1.000000 3
2462 -1.000000 3
2465 -1.000000 3
2468 -1.000000 3
2471 -1.000000 3
2474 -1.000000 3
2477 -1.000000 3
2480 -1.000000 3
2483 -1.000000 3
2486 -1.000000 3
2489 -1.000000 3
2492 -1.000000 3
2495 -1.000000 3
2498 -1.000000 3
2501 -1.000000 3
2504 -1.000000 3
2507 -1.000000 3
2510 -1.000000 3
2513 -1.000000 3
2516 -1.000000 3
2519 -1.000000 3
2522 -1.000000 3
2525 -1.000000 3
2528 -1.000000 3
2531 -1.000000 3
2534 -1.000000 3
2537 -1.000000 3
2540 -1.000000 3
2543 -1.000000 3
2546 -1.000000 3
2549 -1.000000 3
2552 -1.000000 3
2555 -1.000000 3
2558 -1.000000 3
2561 -1.000000 3
2564 -1.000000 3
2567 -1.000000 3
2570 -1.000000 3
2573 -1.000000 3
2576 -1.000000 3
2579 -1.000000 3
2582 -1.000000 3
2585 -1.000000 3
2588 -1.000000 3
2591 -1.000000 3
2594 -1.000000 3
2597 -1.000000 3
2600 -1.000000 3
2603 -1.000000 3
2606 -1.000000 3
2609 -1.000000 3
2612 -1.000000 3
2615 -1.000000 3
2618 -1.000000 3
2621 -1.000000 3
2624 -1.000000 3
2627 -1.000000 3
2630 -1.000000 3
2633 -1.000000 3
2636 -1.000000 3
2639 -1.000000 3
2642 -1.000000 3
2645 -1.000000 3
2648 -1.000000 3
2651 -1.000000 3
2654 -1.000000 3
2657 -1.000000 3
2660 -1.000000 3
2663 -1.000000 3
2666 -1.000000 3
2669 -1.000000 3
2672 -1.000000 3
2675 -1.000000 3
2678 -1.000000 3
2681 -1.000000 3
2684 -1.000000 3
2687 -1.000000 3
2690 -1.000000 3
2693 -1.000000 3
2696 -1.000000 3
2699 -1.000000 3
2702 -1.000000 3
2705 -1.000000 3
2708 -1.000000 3
2711 -1.000000 3
2714 -1.000000 3
2717 -1.000000 3
2720 -1.000000 3
2723 -1.000000 3
2726 -1.000000 3
2729 -1.000000 3
2732 -1.000000 3
2735 -1.000000 3
2738 -1.000000 3
2741 -1.000000 3
2744 -1.000000 3
2747 -1.000000 3
2750 -1.000000 3
2753 -1.000000 3
2756 -1.000000 3
2759 -1.000000 3
2762 -1.000000 3
2765 -1.000000 3
2768 -1.000000 3
2771 -1.000000 3
2774 -1.000000 3
2777 -1.000000 3
2780 -1.000000 3
2783 -1.000000 3
2786 -1.000000 3
2789 -1.000000 3
2792 -1.000000 3
2795 -1.000000 3
2798 -1.000000 3
2801 -1.000000 3
2804 -1.000000 3
2807 -1.000000 3
2810 -1.000000 3
2813 -1.000000 3
2816 -1.000000 3
2819 -1.000000 3
2822 -1.000000 3
2825 -1.000000 3
2828 -1.000000 3
2831 -1.000000 3
2834 -1.000000 3
2837 -1.000000 3
2840 -1.000000 3
2843 -1.000000 3
2846 -1.000000 3
2849 -1.000000 3
2852 -1.000000 3
2855 -1.000000 3
2858 -1.000000 3
2861 -1.000000 3
2864 -1.000000 3
2867 -1.000000 3
2870 -1.000000 3
2873 -1.000000 3
2876 -1.000000 3
2879 -1.000000 3
2882 -1.000000 3
2885 -1.000000 3
2888 -1.000000 3
2891 -1.000000 3
2894 -1.000000 3
2897 -1.000000 3
2900 -1.000000 3
2903 -1.000000 3
2906 -1.000000 3
2909 -1.000000 3
2912 -1.000000 3
2915 -1.000000 3
2918 -1.000000 3
2921 -1.000000 3
2924 -1.000000 3
2927 -1.000000 3
2930 -1.000000 3
2933 -1.000000 3
2936 -1.000000 3
2939 -1.000000 3
2942 -1.000000 3
2945 -1.000000 3
2948 -1.000000 3
2951 -1.000000 3
2954 -1.000000 3
2957 -1.000000 3
2960 -1.000000 3
2963 -1.000000 3
2966 -1.000000 3
2969 -1.000000 3
2972 -1.000000 3
2975 -1.000000 3
2978 -1.000000 3
2981 -1.000000 3
2984 -1.000000 3
2987 -1.000000 3
2990 -1.000000 3
2993 -1.000000 3
2996 -1.000000 3
2999 -1.000000 3
3002 -1.000000 3
3005 -1.000000 3
3008 -1.000000 3
3011 1.000000 3
3016 1.000000 5
3019 1.000000 3
3022 1.000000 3
3027 1.000000 5
3030 1.000000 3
3033 1.000000 3
3036 1.000000 3
3041 1.000000 5
3044 1.000000 3
3047 1.000000 3
3050 1.000000 3
3053 1.000000 3
3056 1.000000 3
3059 1.000000 3
3064 1.000000 5
3069 1.000000 5
3072 1.000000 3
3075 1.000000 3
3078 1.000000 3
3081 1.000000 3
3084 1.000000 3
3089 1.000000 5
3092 1.000000 3
3097 1.000000 5
3100 1.000000 3
3105 1.000000 5
3110 1.000000 5
3115 1.000000 5
3118 1.000000 3
3123 1.000000 5
3128 1.000000 5
3131 1.000000 3
3136 1.000000 5
3139 1.000000 3
3144 1.000000 5
3147 1.000000 3
3152 1.000000 5
3157 1.000000 5
3160 1.000000 3
3163 1.000000 3
3168 1.000000 5
3173 1.000000 5
3176 1.000000 3
3179 1.000000 3
3182 1.000000 3
3185 1.000000 3
3188 1.000000 3
3193 1.000000 5
3198 1.000000 5
3201 1.000000 3
3204 1.000000 3
3207 1.000000 3
3210 1.000000 3
3213 1.000000 3
3218 1.000000 5
3223 1.000000 5
3226 1.000000 3
3229 1.000000 3
3232 1.000000 3
3235 1.000000 3
3240 1.000000 5
3243 1.000000 3
3246 1.000000 3
3249 1.000000 3
3254 1.000000 5
3257 1.000000 3
3260 1.000000 3
3263 1.000000 3
3268 1.000000 5
3271 1.000000 3
3274 1.000000 3
3278 -1.000000 4
3281 1.000000 3
3284 1.000000 3
3287 1.000000 3
3292 1.000000 5
3297 1.000000 5
3302 1.000000 5
3305 1.000000 3
3310 1.000000 5
3313 1.000000 3
3316 1.000000 3
3319 1.000000 3
3322 1.000000 3
3327 1.000000 5
3330 1.000000 3
3333 1.000000 3
3338 1.000000 5
3343 1.000000 5
3346 1.000000 3
3349 1.000000 3
3352 1.000000 3
3357 1.000000 5
3362 1.000000 5
3365 1.000000 3
3368 1.000000 3
3373 1.000000 5
3376 1.000000 3
3379 1.000000 3
3382 1.000000 3
3385 1.000000 3
3390 1.000000 5
3393 1.000000 3
3398 1.000000 5
3403 1.000000 5
3406 1.000000 3
3411 1.000000 5
3414 1.000000 3
3417 1.000000 3
3420 1.000000 3
3425 1.000000 5
3430 1.000000 5
3433 1.000000 3
3436 1.000000 3
3439 1.000000 3
3442 1.000000 3
3447 1.000000 5
3450 1.000000 3
3453 1.000000 3
3456 1.000000 3
3459 1.000000 3
3462 1.000000 3
3465 1.000000 3
3470 1.000000 5
3473 1.000000 3
3478 1.000000 5
3483 1.000000 5
3486 1.000000 3
3489 1.000000 3
3492 1.000000 3
3495 1.000000 3
3498 1.000000 3
3501 1.000000 3
3504 1.000000 3
3509 1.000000 5
3514 1.000000 5
3517 1.000000 3
3520 1.000000 3
3523 1.000000 3
3526 1.000000 3
3529 1.000000 3
3532 1.000000 3
3537 1.000000 5
3542 1.000000 5
3547 1.000000 5
3550 1.000000 3
3555 1.000000 5
3558 1.000000 3
3561 1.000000 3
3564 1.000000 3
3567 1.000000 3
3572 1.000000 5
3575 1.000000 3
3578 1.000000 3
3581 1.000000 3
3584 1.000000 3
3587 1.000000 3
3590 1.000000 3
3595 1.000000 5
3598 1.000000 3
3601 1.000000 3
3604 1.000000 3
3607 1.000000 3
3610 1.000000 3
3613 1.000000 3
3616 1.000000 3
3619 1.000000 3
3622 1.000000 3
3625 1.000000 3
3628 1.000000 3
3631 1.000000 3
3634 1.000000 3
3637 1.000000 3
3640 1.000000 3
3643 1.000000 3
3648 1.000000 5
3653 1.000000 5
3656 1.000000 3
3659 1.000000 3
3662 1.000000 3
3667 1.000000 5
3670 1.000000 3
3673 1.000000 3
3678 1.000000 5
3681 1.000000 3
3686 1.000000 5
3691 1.000000 5
3696 1.000000 5
3699 1.000000 3
3704 1.000000 5
3707 1.000000 3
3712 1.000000 5
3715 1.000000 3
3718 1.000000 3
3721 1.000000 3
3726 1.000000 5
3729 1.000000 3
3732 1.000000 3
3735 1.000000 3
3738 1.000000 3
3743 1.000000 5
3748 1.000000 5
3751 1.000000 3
3756 1.000000 5
3761 1.000000 5
3764 1.000000 3
3767 1.000000 3
3772 1.000000 5
3777 1.000000 5
3780 1.000000 3
3783 1.000000 3
3788 1.000000 5
3791 1.000000 3
3794 1.000000 3
3797 1.000000 3
3800 1.000000 3
3805 1.000000 5
3808 1.000000 3
3811 1.000000 3
3814 1.000000 3
3819 1.000000 5
3822 1.000000 3
3825 1.000000 3
3828 1.000000 3
3831 1.000000 3
3834 1.000000 3
3837 1.000000 3
3840 1.000000 3
3843 1.000000 3
3846 1.000000 3
3849 1.000000 3
3854 1.000000 5
3857 1.000000 3
3860 1.000000 3
3863 1.000000 3
3868 1.000000 5
3871 1.000000 3
3874 1.000000 3
3877 1.000000 3
3880 1.000000 3
3883 1.000000 3
3886 1.000000 3
3889 1.000000 3
3894 1.000000 5
3899 1.000000 5
3902 1.000000 3
3905 1.000000 3
3910 1.000000 5
3913 1.000000 3
3916 1.000000 3
3921 1.000000 5
3924 1.000000 3
3927 1.000000 3
3930 1.000000 3
3933 1.000000 3
3938 1.000000 5
3941 1.000000 3
3946 1.000000 5
3949 1.000000 3
3954 1.000000 5
3957 1.000000 3
3960 1.000000 3
3963 1.000000 3
3968 1.000000 5
3971 1.000000 3
3976 1.000000 5
3981 1.000000 5
3984 1.000000 3
3987 1.000000 3
3992 1.000000 5
3997 1.000000 5
4002 1.000000 5
4005 1.000000 3
4010 1.000000 5
4015 1.000000 5
4018 1.000000 3
4023 1.000000 5
4028 1.000000 5
4031 1.000000 3
4034 1.000000 3
4037 1.000000 3
4042 1.000000 5
4045 1.000000 3
4048 1.000000 3
4051 1.000000 3
4056 1.000000 5
4061 1.000000 5
4066 1.000000 5
4071 1.000000 5
4074 1.000000 3
4079 1.000000 5
4082 1.000000 3
4085 1.000000 3
4088 1.000000 3
4093 1.000000 5
4098 1.000000 5
4101 1.000000 3
4104 1.000000 3
4107 1.000000 3
4110 1.000000 3
4115 1.000000 5
4118 1.000000 3
4121 1.000000 3
4124 1.000000 3
4127 1.000000 3
4130 1.000000 3
4133 1.000000 3
4138 1.000000 5
4143 1.000000 5
4146 1.000000 3
4149 1.000000 3
4154 1.000000 5
4159 1.000000 5
4162 1.000000 3
4165 1.000000 3
4168 1.000000 3
4171 1.000000 3
4174 1.000000 3
4177 1.000000 3
4180 1.000000 3
4183 1.000000 3
4186 1.000000 3
4189 1.000000 3
4192 1.000000 3
4197 1.000000 5
4200 1.000000 3
4205 1.000000 5
4210 1.000000 5
4213 1.000000 3
4216 1.000000 3
4219 1.000000 3
4224 1.000000 5
4229 1.000000 5
4234 1.000000 5
4239 1.000000 5
4242 1.000000 3
4247 1.000000 5
4252 1.000000 5
4255 1.000000 3
4258 1.000000 3
4261 1.000000 3
4264 1.000000 3
4267 1.000000 3
4272 1.000000 5
4277 1.000000 5
4282 1.000000 5
4285 1.000000 3
4290 1.000000 5
4293 1.000000 3
4298 1.000000 5
4301 1.000000 3
4304 1.000000 3
4309 1.000000 5
4312 1.000000 3
4315 1.000000 3
4318 1.000000 3
4323 1.000000 5
4328 1.000000 5
4331 1.000000 3
4336 1.000000 5
4339 1.000000 3
4344 1.000000 5
4349 1.000000 5
4352 1.000000 3
4355 1.000000 3
4358 1.000000 3
4361 1.000000 3
4364 1.000000 3
4367 1.000000 3
4370 1.000000 3
4373 1.000000 3
4378 1.000000 5
4383 1.000000 5
4386 1.000000 3
4391 1.000000 5
4396 1.000000 5
4399 1.000000 3
4402 1.000000 3
4405 1.000000 3
4408 1.000000 3
4413 1.000000 5
4418 1.000000 5
4423 1.000000 5
4426 1.000000 3
4429 1.000000 3
4434 1.000000 5
4439 1.000000 5
4442 1.000000 3
4447 1.000000 5
4450 1.000000 3
4455 1.000000 5
4460 1.000000 5
4463 1.000000 3
4466 1.000000 3
4471 1.000000 5
4476 1.000000 5
4479 1.000000 3
4484 1.000000 5
4487 1.000000 3
4490 1.000000 3
4495 1.000000 5
4498 1.000000 3
4503 1.000000 5
4506 1.000000 3
4509 1.000000 3
4512 1.000000 3
4515 1.000000 3
4518 1.000000 3
4521 1.000000 3
4524 1.000000 3
4527 1.000000 3
4530 1.000000 3
4533 1.000000 3
4538 1.000000 5
4541 1.000000 3
4546 1.000000 5
4549 1.000000 3
4552 1.000000 3
4555 1.000000 3
4558 1.000000 3
4561 1.000000 3
4564 1.000000 3
4569 1.000000 5
4572 1.000000 3
4575 1.000000 3
4580 1.000000 5
4583 1.000000 3
4586 1.000000 3
4591 1.000000 5
4594 1.000000 3
4597 1.000000 3
4600 1.000000 3
4605 1.000000 5
4610 1.000000 5
4613 1.000000 3
4616 1.000000 3
4619 1.000000 3
4622 1.000000 3
4627 1.000000 5
4630 1.000000 3
4633 1.000000 3
4638 1.000000 5
4643 1.000000 5
4646 1.000000 3
4651 1.000000 5
4654 1.000000 3
4657 1.000000 3
4660 1.000000 3
4663 1.000000 3
4668 1.000000 5
4671 1.000000 3
4674 1.000000 3
4677 1.000000 3
4682 1.000000 5
4685 1.000000 3
4688 1.000000 3
4691 1.000000 3
4694 1.000000 3
4697 1.000000 3
4702 1.000000 5
4705 1.000000 3
4708 1.000000 3
4711 1.000000 3
4714 1.000000 3
4717 1.000000 3
4720 1.000000 3
4723 1.000000 3
4726 1.000000 3
4729 1.000000 3
4734 1.000000 5
4737 1.000000 3
4742 1.000000 5
4745 1.000000 3
4750 1.000000 5
4753 1.000000 3
4756 1.000000 3
4759 1.000000 3
4762 1.000000 3
4765 1.000000 3
4770 1.000000 5
4773 1.000000 3
4778 1.000000 5
4783 1.000000 5
4786 1.000000 3
4789 1.000000 3
4792 1.000000 3
4795 1.000000 3
4798 1.000000 3
4801 1.000000 3
4806 1.000000 5
4811 1.000000 5
4814 1.000000 3
4817 1.000000 3
4820 1.000000 3
4823 1.000000 3
4828 1.000000 5
4831 1.000000 3
4834 1.000000 3
4839 1.000000 5
4844 1.000000 5
4847 1.000000 3
4850 1.000000 3
4853 1.000000 3
4856 1.000000 3
4859 1.000000 3
4862 1.000000 3
4867 1.000000 5
4872 1.000000 5
4875 1.000000 3
4878 1.000000 3
4881 1.000000 3
4884 1.000000 3
4889 1.000000 5
4892 1.000000 3
4897 1.000000 5
4902 1.000000 5
4905 1.000000 3
4908 1.000000 3
4911 1.000000 3
4914 1.000000 3
4917 1.000000 3
4922 1.000000 5
4927 1.000000 5
4930 1.000000 3
4933 1.000000 3
4936 1.000000 3
4939 1.000000 3
4944 1.000000 5
4947 1.000000 3
4950 1.000000 3
4953 1.000000 3
4956 1.000000 3
4961 1.000000 5
4964 1.000000 3
4967 1.000000 3
4970 1.000000 3
4973 1.000000 3
4976 1.000000 3
4979 1.000000 3
4984 1.000000 5
4987 1.000000 3
4990 1.000000 3
4993 1.000000 3
4998 1.000000 5
5003 1.000000 5
5006 1.000000 3
5009 1.000000 3
5012 1.000000 3
5015 -1.000000 3
5018 -1.000000 3
5021 -1.000000 3
5024 -1.000000 3
5027 -1.000000 3
5030 -1.000000 3
5033 -1.000000 3
5036 -1.000000 3
5039 -1.000000 3
5042 -1.000000 3
5045 -1.000000 3
5048 -1.000000 3
5051 -1.000000 3
5054 -1.000000 3
5057 -1.000000 3
5060 -1.000000 3
5063 -1.000000 3
5066 -1.000000 3
5069 -1.000000 3
5072 -1.000000 3
5075 -1.000000 3
5078 -1.000000 3
5081 -1.000000 3
5084 -1.000000 3
5087 -1.000000 3
5090 -1.000000 3
5093 -1.000000 3
5096 -1.000000 3
5099 -1.000000 3
5102 -1.000000 3
5105 -1.000000 3
5108 -1.000000 3
5111 -1.000000 3
5114 -1.000000 3
5117 -1.000000 3
5120 -1.000000 3
5123 -1.000000 3
5126 -1.000000 3
5129 -1.000000 3
5132 -1.000000 3
5135 -1.000000 3
5138 -1.000000 3
5141 -1.000000 3
5144 -1.000000 3
5147 -1.000000 3
5150 -1.000000 3
5153 -1.000000 3
5156 -1.000000 3
5159 -1.000000 3
5162 -1.000000 3
5165 -1.000000 3
5168 -1.000000 3
5171 -1.000000 3
5174 -1.000000 3
5177 -1.000000 3
5180 -1.000000 3
5183 -1.000000 3
5186 -1.000000 3
5189 -1.000000 3
5192 -1.000000 3
5195 -1.000000 3
5198 -1.000000 3
5201 -1.000000 3
5204 -1.000000 3
5207 -1.000000 3
5210 -1.000000 3
5213 -1.000000 3
5216 -1.000000 3
5219 -1.000000 3
5222 -1.000000 3
5225 -1.000000 3
5228 -1.000000 3
5231 -1.000000 3
5234 -1.000000 3
5237 -1.000000 3
5240 -1.000000 3
5243 -1.000000 3
5246 -1.000000 3
5249 -1.000000 3
5252 -1.000000 3
5255 -1.000000 3
5258 -1.000000 3
5261 -1.000000 3
5264 -1.000000 3
5267 -1.000000 3
5270 -1.000000 3
5273 -1.000000 3
5276 -1.000000 3
5279 -1.000000 3
5282 -1.000000 3
5285 -1.000000 3
5288 -1.000000 3
5291 -1.000000 3
5294 -1.000000 3
5297 -1.000000 3
5300 -1.000000 3
5303 -1.000000 3
5306 -1.000000 3
5309 -1.000000 3
5312 -1.000000 3
5315 -1.000000 3
5318 -1.000000 3
5321 -1.000000 3
5324 -1.000000 3
5327 -1.000000 3
5330 -1.000000 3
5333 -1.000000 3
5336 -1.000000 3
5339 -1.000000 3
5342 -1.000000 3
5345 -1.000000 3
5348 -1.000000 3
5351 -1.000000 3
5354 -1.000000 3
5357 -1.000000 3
5360 -1.000000 3
5363 -1.000000 3
5366 -1.000000 3
5369 -1.000000 3
5372 -1.000000 3
5375 -1.000000 3
5378 -1.000000 3
5381 -1.000000 3
5384 -1.000000 3
5387 -1.000000 3
5390 -1.000000 3
5393 -1.000000 3
5396 -1.000000 3
5399 -1.000000 3
5402 -1.000000 3
5405 -1.000000 3
5408 -1.000000 3
5411 -1.000000 3
5414 -1.000000 3
5417 -1.000000 3
5420 -1.000000 3
5423 -1.000000 3
5426 -1.000000 3
5429 -1.000000 3
5432 -1.000000 3
5435 -1.000000 3
5438 -1.000000 3
5441 -1.000000 3
5444 -1.000000 3
5447 -1.000000 3
5450 -1.000000 3
5453 -1.000000 3
5456 -1.000000 3
5459 -1.000000 3
5462 -1.000000 3
5465 -1.000000 3
5468 -1.000000 3
5471 -1.000000 3
5474 -1.000000 3
5477 -1.000000 3
5480 -1.000000 3
5483 -1.000000 3
5486 -1.000000 3
5489 -1.000000 3
5492 -1.000000 3
5495 -1.000000 3
5498 -1.000000 3
5501 -1.000000 3
5504 -1.000000 3
5507 -1.000000 3
5510 -1.000000 3
5513 -1.000000 3
5516 -1.000000 3
5519 -1.000000 3
5522 -1.000000 3
5525 -1.000000 3
5528 -1.000000 3
5531 -1.000000 3
5534 -1.000000 3
5537 -1.000000 3
5540 -1.000000 3
5543 -1.000000 3
5546 -1.000000 3
5549 -1.000000 3
5552 -1.000000 3
5555 -1.000000 3
5558 -1.000000 3
5561 -1.000000 3
5564 -1.000000 3
5567 -1.000000 3
5570 -1.000000 3
5573 -1.000000 3
5576 -1.000000 3
5579 -1.000000 3
5582 -1.000000 3
5585 -1.000000 3
5588 -1.000000 3
5591 -1.000000 3
5594 -1.000000 3
5597 -1.000000 3
5600 -1.000000 3
5603 -1.000000 3
5606 -1.000000 3
5609 -1.000000 3
5612 -1.000000 3
5615 -1.000000 3
5618 -1.000000 3
5621 -1.000000 3
5624 -1.000000 3
5627 -1.000000 3
5630 -1.000000 3
5633 -1.000000 3
5636 -1.000000 3
5639 -1.000000 3
5642 -1.000000 3
5645 -1.000000 3
5648 -1.000000 3
5651 -1.000000 3
5654 -1.000000 3
5657 -1.000000 3
5660 -1.000000 3
5663 -1.000000 3
5666 -1.000000 3
5669 -1.000000 3
5672 -1.000000 3
5675 -1.000000 3
5678 -1.000000 3
5681 -1.000000 3
5684 -1.000000 3
5687 -1.000000 3
5690 -1.000000 3
5693 -1.000000 3
5696 -1.000000 3
5699 -1.000000 3
5702 -1.000000 3
5705 -1.000000 3
5708 -1.000000 3
5711 -1.000000 3
5714 -1.000000 3
5717 -1.000000 3
5720 -1.000000 3
5723 -1.000000 3
5726 -1.000000 3
5729 -1.000000 3
5732 -1.000000 3
5735 -1.000000 3
5738 -1.000000 3
5741 -1.000000 3
5744 -1.000000 3
5747 -1.000000 3
5750 -1.000000 3
5753 -1.000000 3
5756 -1.000000 3
5759 -1.000000 3
5762 -1.000000 3
5765 -1.000000 3
5768 -1.000000 3
5771 -1.000000 3
5774 -1.000000 3
5777 -1.000000 3
5780 -1.000000 3
5783 -1.000000 3
5786 -1.000000 3
5789 -1.000000 3
5792 -1.000000 3
5795 -1.000000 3
5798 -1.000000 3
5801 -1.000000 3
5804 -1.000000 3
5807 -1.000000 3
5810 -1.000000 3
5813 -1.000000 3
5816 -1.000000 3
5819 -1.000000 3
5822 -1.000000 3
5825 -1.000000 3
5828 -1.000000 3
5831 -1.000000 3
5834 -1.000000 3
5837 -1.000000 3
5840 -1.000000 3
5843 -1.000000 3
5846 -1.000000 3
5849 -1.000000 3
5852 -1.000000 3
5855 -1.000000 3
5858 -1.000000 3
5861 -1.000000 3
5864 -1.000000 3
5867 -1.000000 3
5870 -1.000000 3
5873 -1.000000 3
5876 -1.000000 3
5879 -1.000000 3
5882 -1.000000 3
5885 -1.000000 3
5888 -1.000000 3
5891 -1.000000 3
5894 -1.000000 3
5897 -1.000000 3
5900 -1.000000 3
5903 -1.000000 3
5906 -1.000000 3
5909 -1.000000 3
5912 -1.000000 3
5915 -1.000000 3
5918 -1.000000 3
5921 -1.000000 3
5924 -1.000000 3
5927 -1.000000 3
5930 -1.000000 3
5933 -1.000000 3
5936 -1.000000 3
5939 -1.000000 3
5942 -1.000000 3
5945 -1.000000 3
5948 -1.000000 3
5951 -1.000000 3
5954 -1.000000 3
5957 -1.000000 3
5960 -1.000000 3
5963 -1.000000 3
5966 -1.000000 3
5969 -1.000000 3
5972 -1.000000 3
5975 -1.000000 3
5978 -1.000000 3
5981 -1.000000 3
5984 -1.000000 3
5987 -1.000000 3
5990 -1.000000 3
5993 -1.000000 3
5996 -1.000000 3
5999 -1.000000 3
6002 -1.000000 3
6005 -1.000000 3
6008 -1.000000 3
6011 -1.000000 3
6014 -1.000000 3
