511 620.000000 511
1000 353.000000 489
1813 5053.000000 813
2593 1782.000000 780
3096 1571.000000 503
3823 1199.000000 727
4306 932.000000 483
4871 1505.000000 565
5697 4349.000000 826
6287 1313.000000 590
6911 2643.000000 624
7728 2602.000000 817
8556 2524.000000 828
9291 3566.000000 735
9892 1191.000000 601
10734 4304.000000 842
11303 2868.000000 569
12141 2879.000000 838
12615 690.000000 474
13236 2025.000000 621
14073 2750.000000 837
14877 1629.000000 804
15430 1164.000000 553
16015 1008.000000 585
16729 2622.000000 714
17394 1087.000000 665
17830 581.000000 436
18637 2874.000000 807
19327 1293.000000 690
19851 707.000000 524
20459 660.000000 608
21207 1961.000000 748
21891 1917.000000 684
22707 1906.000000 816
23556 1984.000000 849
24120 2078.000000 564
25070 3709.000000 950
25724 728.000000 654
26712 2313.000000 988
27639 3869.000000 927
28464 2209.000000 825
29243 2134.000000 779
29604 450.000000 361
30404 1870.000000 800
31316 2406.000000 912
32147 1783.000000 831
32914 1379.000000 767
33478 987.000000 564
33979 1413.000000 501
34572 1617.000000 593
35334 3703.000000 762
35887 419.000000 553
36392 1552.000000 505
36887 454.000000 495
37533 1372.000000 646
38072 2649.000000 539
38750 2727.000000 678
39379 955.000000 629
39811 234.000000 432
40504 2497.000000 693
41170 2170.000000 666
42012 1092.000000 842
42682 830.000000 670
43417 1446.000000 735
43986 1753.000000 569
44574 1088.000000 588
45654 6973.000000 1080
46409 987.000000 755
47265 1277.000000 856
47843 1482.000000 578
48509 1297.000000 666
49209 1566.000000 700
49819 750.000000 610
50579 1770.000000 760
51366 1778.000000 787
51938 914.000000 572
52529 355.000000 591
52982 2118.000000 453
53539 2216.000000 557
54259 763.000000 720
55215 3080.000000 956
55959 1277.000000 744
56521 1477.000000 562
57213 2526.000000 692
57709 1025.000000 496
58574 1980.000000 865
