4 1.000000 4
9 0.000000 5
13 1.000000 4
17 1.000000 4
20 -1.000000 3
24 1.000000 4
27 -1.000000 3
32 0.000000 5
37 0.000000 5
41 1.000000 4
46 1.000000 5
50 1.000000 4
55 0.000000 5
60 0.000000 5
64 1.000000 4
69 1.000000 5
74 1.000000 5
79 0.000000 5
83 1.000000 4
86 1.000000 3
90 -1.000000 4
95 1.000000 5
100 0.000000 5
105 0.000000 5
110 0.000000 5
115 1.000000 5
120 0.000000 5
125 0.000000 5
130 1.000000 5
135 0.000000 5
139 -1.000000 4
144 1.000000 5
148 1.000000 4
152 -1.000000 4
157 1.000000 5
161 -1.000000 4
164 -1.000000 3
168 -1.000000 4
173 1.000000 5
177 1.000000 4
180 -1.000000 3
185 0.000000 5
190 1.000000 5
194 -1.000000 4
199 1.000000 5
203 1.000000 4
206 -1.000000 3
210 -1.000000 4
215 1.000000 5
220 1.000000 5
224 1.000000 4
228 1.000000 4
232 -1.000000 4
236 -1.000000 4
240 1.000000 4
245 1.000000 5
249 1.000000 4
252 -1.000000 3
255 -1.000000 3
258 -1.000000 3
261 1.000000 3
264 -1.000000 3
269 0.000000 5
273 1.000000 4
277 1.000000 4
281 1.000000 4
284 1.000000 3
288 -1.000000 4
291 -1.000000 3
294 -1.000000 3
298 1.000000 4
301 1.000000 3
305 -1.000000 4
310 1.000000 5
314 1.000000 4
317 1.000000 3
320 1.000000 3
324 1.000000 4
328 -1.000000 4
331 1.000000 3
335 1.000000 4
338 -1.000000 3
341 1.000000 3
345 1.000000 4
349 1.000000 4
354 1.000000 5
358 -1.000000 4
361 1.000000 3
366 1.000000 5
370 1.000000 4
374 1.000000 4
377 -1.000000 3
382 1.000000 5
386 -1.000000 4
389 -1.000000 3
394 0.000000 5
399 1.000000 5
404 1.000000 5
407 1.000000 3
412 0.000000 5
416 1.000000 4
420 1.000000 4
425 0.000000 5
428 1.000000 3
432 1.000000 4
436 1.000000 4
440 1.000000 4
445 1.000000 5
448 -1.000000 3
452 1.000000 4
455 -1.000000 3
458 1.000000 3
463 0.000000 5
468 1.000000 5
472 -1.000000 4
476 1.000000 4
480 1.000000 4
484 -1.000000 4
489 1.000000 5
493 -1.000000 4
496 1.000000 3
500 1.000000 4
503 1.000000 3
506 -1.000000 3
510 1.000000 4
515 1.000000 5
519 -1.000000 4
523 -1.000000 4
526 1.000000 3
530 1.000000 4
533 -1.000000 3
537 -1.000000 4
542 1.000000 5
546 -1.000000 4
551 0.000000 5
556 1.000000 5
561 0.000000 5
566 1.000000 5
570 1.000000 4
574 -1.000000 4
578 1.000000 4
582 -1.000000 4
586 -1.000000 4
591 0.000000 5
596 0.000000 5
600 1.000000 4
604 1.000000 4
608 -1.000000 4
612 -1.000000 4
617 0.000000 5
620 1.000000 3
624 1.000000 4
628 1.000000 4
633 0.000000 5
638 1.000000 5
641 -1.000000 3
646 0.000000 5
650 -1.000000 4
654 -1.000000 4
659 1.000000 5
662 1.000000 3
667 1.000000 5
671 1.000000 4
674 1.000000 3
679 1.000000 5
682 1.000000 3
686 -1.000000 4
690 -1.000000 4
694 -1.000000 4
698 1.000000 4
703 1.000000 5
707 1.000000 4
711 -1.000000 4
714 -1.000000 3
719 1.000000 5
724 1.000000 5
729 1.000000 5
734 0.000000 5
739 1.000000 5
743 1.000000 4
748 0.000000 5
752 1.000000 4
756 1.000000 4
761 0.000000 5
766 1.000000 5
770 1.000000 4
773 -1.000000 3
778 1.000000 5
783 0.000000 5
787 -1.000000 4
791 1.000000 4
795 -1.000000 4
798 1.000000 3
802 -1.000000 4
806 -1.000000 4
811 0.000000 5
816 0.000000 5
819 1.000000 3
823 1.000000 4
826 -1.000000 3
830 -1.000000 4
833 1.000000 3
837 1.000000 4
842 1.000000 5
846 1.000000 4
850 -1.000000 4
854 -1.000000 4
859 0.000000 5
864 1.000000 5
869 1.000000 5
874 0.000000 5
879 0.000000 5
883 1.000000 4
888 0.000000 5
893 1.000000 5
897 -1.000000 4
902 1.000000 5
906 -1.000000 4
911 1.000000 5
915 1.000000 4
919 -1.000000 4
923 1.000000 4
927 1.000000 4
932 0.000000 5
936 -1.000000 4
941 1.000000 5
944 1.000000 3
949 1.000000 5
953 1.000000 4
957 -1.000000 4
962 1.000000 5
966 -1.000000 4
971 1.000000 5
975 -1.000000 4
978 1.000000 3
983 1.000000 5
986 -1.000000 3
990 -1.000000 4
995 1.000000 5
999 -1.000000 4
1002 1.000000 3
1005 -1.000000 3
1009 1.000000 4
1013 1.000000 4
1018 0.000000 5
1021 -1.000000 3
1025 1.000000 4
1029 1.000000 4
1033 1.000000 4
1037 -1.000000 4
1040 1.000000 3
1044 1.000000 4
1047 -1.000000 3
1051 1.000000 4
1055 1.000000 4
1059 -1.000000 4
1063 1.000000 4
1067 1.000000 4
1071 1.000000 4
1075 1.000000 4
1078 1.000000 3
1083 0.000000 5
1087 1.000000 4
1091 1.000000 4
1095 1.000000 4
1099 1.000000 4
1103 1.000000 4
1106 1.000000 3
1110 1.000000 4
1114 1.000000 4
1119 1.000000 5
1122 1.000000 3
1126 1.000000 4
1130 -1.000000 4
1134 1.000000 4
1137 1.000000 3
1140 1.000000 3
1143 1.000000 3
1147 1.000000 4
1151 -1.000000 4
1154 -1.000000 3
1158 1.000000 4
1161 1.000000 3
1165 1.000000 4
1168 -1.000000 3
1171 1.000000 3
1174 -1.000000 3
1177 1.000000 3
1181 1.000000 4
1185 -1.000000 4
1189 1.000000 4
1194 0.000000 5
1199 1.000000 5
1203 -1.000000 4
1207 1.000000 4
1211 1.000000 4
1215 1.000000 4
1218 -1.000000 3
1223 1.000000 5
1227 1.000000 4
1231 1.000000 4
1235 1.000000 4
1239 1.000000 4
1243 1.000000 4
1247 1.000000 4
1251 1.000000 4
1254 -1.000000 3
1259 0.000000 5
1264 0.000000 5
1267 -1.000000 3
1271 1.000000 4
1275 -1.000000 4
1279 1.000000 4
1282 1.000000 3
1285 -1.000000 3
1289 1.000000 4
1294 0.000000 5
1298 1.000000 4
1302 1.000000 4
1306 1.000000 4
1311 0.000000 5
1316 1.000000 5
1321 0.000000 5
1326 0.000000 5
1330 1.000000 4
1334 -1.000000 4
1338 1.000000 4
1343 0.000000 5
1346 1.000000 3
1349 1.000000 3
1353 1.000000 4
1357 1.000000 4
1360 1.000000 3
1364 1.000000 4
1369 1.000000 5
1372 1.000000 3
1376 1.000000 4
1380 -1.000000 4
1384 1.000000 4
1388 1.000000 4
1393 0.000000 5
1397 1.000000 4
1402 1.000000 5
1407 0.000000 5
1411 1.000000 4
1415 -1.000000 4
1418 -1.000000 3
1423 1.000000 5
1426 1.000000 3
1430 1.000000 4
1435 1.000000 5
1438 1.000000 3
1442 1.000000 4
1446 1.000000 4
1450 1.000000 4
1454 1.000000 4
1459 1.000000 5
1463 1.000000 4
1468 0.000000 5
1472 -1.000000 4
1477 1.000000 5
1481 1.000000 4
1486 0.000000 5
1491 0.000000 5
1494 1.000000 3
1499 1.000000 5
1503 1.000000 4
1507 1.000000 4
1511 1.000000 4
1514 1.000000 3
1517 1.000000 3
1522 1.000000 5
1527 1.000000 5
1530 -1.000000 3
1534 1.000000 4
1537 1.000000 3
1541 -1.000000 4
1546 1.000000 5
1551 1.000000 5
1555 1.000000 4
1560 0.000000 5
1565 0.000000 5
1569 1.000000 4
1574 0.000000 5
1578 -1.000000 4
1582 -1.000000 4
1585 1.000000 3
1590 0.000000 5
1594 1.000000 4
1598 1.000000 4
1602 1.000000 4
1605 1.000000 3
1609 1.000000 4
1613 1.000000 4
1618 0.000000 5
1621 -1.000000 3
1624 1.000000 3
1627 1.000000 3
1631 1.000000 4
1635 1.000000 4
1639 1.000000 4
1642 1.000000 3
1645 1.000000 3
1649 1.000000 4
1653 -1.000000 4
1658 1.000000 5
1661 1.000000 3
1665 1.000000 4
1669 -1.000000 4
1673 1.000000 4
1677 1.000000 4
1681 1.000000 4
1684 1.000000 3
1689 1.000000 5
1692 1.000000 3
1697 1.000000 5
1700 1.000000 3
1705 0.000000 5
1708 -1.000000 3
1711 1.000000 3
1714 1.000000 3
1719 1.000000 5
1724 0.000000 5
1728 1.000000 4
1732 1.000000 4
1736 1.000000 4
1739 1.000000 3
1742 1.000000 3
1746 -1.000000 4
1749 -1.000000 3
1754 0.000000 5
1758 1.000000 4
1762 1.000000 4
1767 1.000000 5
1772 0.000000 5
1776 1.000000 4
1781 0.000000 5
1785 1.000000 4
1789 1.000000 4
1793 -1.000000 4
1797 1.000000 4
1802 0.000000 5
1805 -1.000000 3
1810 0.000000 5
1813 1.000000 3
1818 1.000000 5
1821 1.000000 3
1825 -1.000000 4
1829 1.000000 4
1833 1.000000 4
1837 1.000000 4
1841 1.000000 4
1845 1.000000 4
1849 1.000000 4
1853 -1.000000 4
1856 1.000000 3
1860 1.000000 4
1863 1.000000 3
1868 1.000000 5
1872 -1.000000 4
1876 1.000000 4
1880 1.000000 4
1883 1.000000 3
1888 0.000000 5
1892 1.000000 4
1897 0.000000 5
1901 1.000000 4
1906 1.000000 5
1910 1.000000 4
1914 1.000000 4
1919 0.000000 5
1923 1.000000 4
1927 1.000000 4
1930 1.000000 3
1934 1.000000 4
1939 1.000000 5
1943 1.000000 4
1948 1.000000 5
1952 1.000000 4
1956 1.000000 4
1960 1.000000 4
1964 1.000000 4
1968 1.000000 4
1972 -1.000000 4
1976 1.000000 4
1981 1.000000 5
1986 1.000000 5
1991 0.000000 5
1996 1.000000 5
1999 -1.000000 3
2003 1.000000 4
2008 0.000000 5
2013 0.000000 5
2018 0.000000 5
2023 0.000000 5
2028 0.000000 5
2033 0.000000 5
2038 0.000000 5
2043 0.000000 5
2048 0.000000 5
2053 0.000000 5
2058 0.000000 5
2063 0.000000 5
2068 0.000000 5
2073 0.000000 5
2078 0.000000 5
2083 0.000000 5
2088 0.000000 5
2093 0.000000 5
2098 0.000000 5
2103 0.000000 5
2108 0.000000 5
2113 0.000000 5
2118 0.000000 5
2123 0.000000 5
2128 0.000000 5
2133 0.000000 5
2138 0.000000 5
2143 0.000000 5
2148 0.000000 5
2153 0.000000 5
2158 0.000000 5
2163 0.000000 5
2168 0.000000 5
2173 0.000000 5
2178 0.000000 5
2183 0.000000 5
2188 0.000000 5
2193 0.000000 5
2198 0.000000 5
2203 0.000000 5
2208 0.000000 5
2213 0.000000 5
2218 0.000000 5
2223 0.000000 5
2228 0.000000 5
2233 0.000000 5
2238 0.000000 5
2243 0.000000 5
2248 0.000000 5
2253 0.000000 5
2258 0.000000 5
2263 0.000000 5
2268 0.000000 5
2273 0.000000 5
2278 0.000000 5
2283 0.000000 5
2288 0.000000 5
2293 0.000000 5
2298 0.000000 5
2303 0.000000 5
2308 0.000000 5
2313 0.000000 5
2318 0.000000 5
2323 0.000000 5
2328 0.000000 5
2333 0.000000 5
2338 0.000000 5
2343 0.000000 5
2348 0.000000 5
2353 0.000000 5
2358 0.000000 5
2363 0.000000 5
2368 0.000000 5
2373 0.000000 5
2378 0.000000 5
2383 0.000000 5
2388 0.000000 5
2393 0.000000 5
2398 0.000000 5
2403 0.000000 5
2408 0.000000 5
2413 0.000000 5
2418 0.000000 5
2423 0.000000 5
2428 0.000000 5
2433 0.000000 5
2438 0.000000 5
2443 0.000000 5
2448 0.000000 5
2453 0.000000 5
2458 0.000000 5
2463 0.000000 5
2468 0.000000 5
2473 0.000000 5
2478 0.000000 5
2483 0.000000 5
2488 0.000000 5
2493 0.000000 5
2498 0.000000 5
2503 0.000000 5
2508 0.000000 5
2513 0.000000 5
2518 0.000000 5
2523 0.000000 5
2528 0.000000 5
2533 0.000000 5
2538 0.000000 5
2543 0.000000 5
2548 0.000000 5
2553 0.000000 5
2558 0.000000 5
2563 0.000000 5
2568 0.000000 5
2573 0.000000 5
2578 0.000000 5
2583 0.000000 5
2588 0.000000 5
2593 0.000000 5
2598 0.000000 5
2603 0.000000 5
2608 0.000000 5
2613 0.000000 5
2618 0.000000 5
2623 0.000000 5
2628 0.000000 5
2633 0.000000 5
2638 0.000000 5
2643 0.000000 5
2648 0.000000 5
2653 0.000000 5
2658 0.000000 5
2663 0.000000 5
2668 0.000000 5
2673 0.000000 5
2678 0.000000 5
2683 0.000000 5
2688 0.000000 5
2693 0.000000 5
2698 0.000000 5
2703 0.000000 5
2708 0.000000 5
2713 0.000000 5
2718 0.000000 5
2723 0.000000 5
2728 0.000000 5
2733 0.000000 5
2738 0.000000 5
2743 0.000000 5
2748 0.000000 5
2753 0.000000 5
2758 0.000000 5
2763 0.000000 5
2768 0.000000 5
2773 0.000000 5
2778 0.000000 5
2783 0.000000 5
2788 0.000000 5
2793 0.000000 5
2798 0.000000 5
2803 0.000000 5
2808 0.000000 5
2813 0.000000 5
2818 0.000000 5
2823 0.000000 5
2828 0.000000 5
2833 0.000000 5
2838 0.000000 5
2843 0.000000 5
2848 0.000000 5
2853 0.000000 5
2858 0.000000 5
2863 0.000000 5
2868 0.000000 5
2873 0.000000 5
2878 0.000000 5
2883 0.000000 5
2888 0.000000 5
2893 0.000000 5
2898 0.000000 5
2903 0.000000 5
2908 0.000000 5
2913 0.000000 5
2918 0.000000 5
2923 0.000000 5
2928 0.000000 5
2933 0.000000 5
2938 0.000000 5
2943 0.000000 5
2948 0.000000 5
2953 0.000000 5
2958 0.000000 5
2963 0.000000 5
2968 0.000000 5
2973 0.000000 5
2978 0.000000 5
2983 0.000000 5
2988 0.000000 5
2993 0.000000 5
2998 0.000000 5
3003 0.000000 5
3008 1.000000 5
3012 -1.000000 4
3017 1.000000 5
3022 1.000000 5
3027 1.000000 5
3032 1.000000 5
3037 1.000000 5
3041 -1.000000 4
3046 1.000000 5
3051 1.000000 5
3056 1.000000 5
3061 1.000000 5
3066 1.000000 5
3071 1.000000 5
3075 -1.000000 4
3079 -1.000000 4
3083 -1.000000 4
3087 -1.000000 4
3091 -1.000000 4
3096 1.000000 5
3100 -1.000000 4
3105 1.000000 5
3110 1.000000 5
3115 1.000000 5
3120 1.000000 5
3124 -1.000000 4
3129 1.000000 5
3133 -1.000000 4
3138 1.000000 5
3143 1.000000 5
3147 -1.000000 4
3152 1.000000 5
3157 1.000000 5
3162 1.000000 5
3167 1.000000 5
3171 -1.000000 4
3175 -1.000000 4
3180 1.000000 5
3185 1.000000 5
3190 1.000000 5
3194 -1.000000 4
3198 -1.000000 4
3202 -1.000000 4
3207 1.000000 5
3211 -1.000000 4
3215 -1.000000 4
3220 1.000000 5
3225 1.000000 5
3229 -1.000000 4
3233 -1.000000 4
3238 1.000000 5
3242 -1.000000 4
3246 -1.000000 4
3251 1.000000 5
3255 -1.000000 4
3259 -1.000000 4
3264 1.000000 5
3269 1.000000 5
3273 -1.000000 4
3277 -1.000000 4
3281 -1.000000 4
3285 -1.000000 4
3290 1.000000 5
3294 -1.000000 4
3299 1.000000 5
3303 -1.000000 4
3308 1.000000 5
3312 -1.000000 4
3317 1.000000 5
3322 1.000000 5
3326 -1.000000 4
3330 -1.000000 4
3334 -1.000000 4
3338 -1.000000 4
3342 -1.000000 4
3346 -1.000000 4
3350 -1.000000 4
3355 1.000000 5
3360 1.000000 5
3365 1.000000 5
3369 -1.000000 4
3373 -1.000000 4
3378 1.000000 5
3383 1.000000 5
3388 1.000000 5
3393 1.000000 5
3398 1.000000 5
3402 -1.000000 4
3407 1.000000 5
3411 -1.000000 4
3416 1.000000 5
3421 1.000000 5
3426 1.000000 5
3430 -1.000000 4
3435 1.000000 5
3440 1.000000 5
3444 -1.000000 4
3449 1.000000 5
3453 -1.000000 4
3457 -1.000000 4
3462 1.000000 5
3466 -1.000000 4
3471 1.000000 5
3476 1.000000 5
3481 1.000000 5
3486 1.000000 5
3490 -1.000000 4
3495 1.000000 5
3500 1.000000 5
3504 -1.000000 4
3508 -1.000000 4
3512 -1.000000 4
3517 1.000000 5
3522 1.000000 5
3526 -1.000000 4
3530 -1.000000 4
3535 1.000000 5
3540 1.000000 5
3545 1.000000 5
3550 1.000000 5
3555 1.000000 5
3560 1.000000 5
3565 1.000000 5
3570 1.000000 5
3574 -1.000000 4
3579 1.000000 5
3584 1.000000 5
3589 1.000000 5
3593 -1.000000 4
3598 1.000000 5
3602 -1.000000 4
3606 -1.000000 4
3610 -1.000000 4
3615 1.000000 5
3620 1.000000 5
3625 1.000000 5
3629 -1.000000 4
3634 1.000000 5
3638 -1.000000 4
3643 1.000000 5
3647 -1.000000 4
3652 1.000000 5
3657 1.000000 5
3662 1.000000 5
3666 -1.000000 4
3671 1.000000 5
3675 -1.000000 4
3679 -1.000000 4
3684 1.000000 5
3689 1.000000 5
3693 -1.000000 4
3698 1.000000 5
3702 -1.000000 4
3706 -1.000000 4
3711 1.000000 5
3716 1.000000 5
3721 1.000000 5
3725 -1.000000 4
3730 1.000000 5
3735 1.000000 5
3740 1.000000 5
3744 -1.000000 4
3749 1.000000 5
3754 1.000000 5
3759 1.000000 5
3763 -1.000000 4
3768 1.000000 5
3773 1.000000 5
3777 -1.000000 4
3782 1.000000 5
3787 1.000000 5
3792 1.000000 5
3797 1.000000 5
3802 1.000000 5
3806 -1.000000 4
3811 0.000000 5
3816 1.000000 5
3820 -1.000000 4
3825 1.000000 5
3830 1.000000 5
3834 -1.000000 4
3838 -1.000000 4
3842 -1.000000 4
3846 -1.000000 4
3850 -1.000000 4
3855 1.000000 5
3860 1.000000 5
3864 -1.000000 4
3869 1.000000 5
3873 -1.000000 4
3878 1.000000 5
3883 1.000000 5
3887 -1.000000 4
3892 1.000000 5
3897 1.000000 5
3901 -1.000000 4
3905 -1.000000 4
3910 1.000000 5
3914 -1.000000 4
3918 -1.000000 4
3922 -1.000000 4
3926 -1.000000 4
3931 1.000000 5
3936 1.000000 5
3941 1.000000 5
3946 1.000000 5
3951 1.000000 5
3955 -1.000000 4
3960 1.000000 5
3965 1.000000 5
3970 1.000000 5
3975 1.000000 5
3980 1.000000 5
3984 -1.000000 4
3989 1.000000 5
3994 1.000000 5
3999 1.000000 5
4004 1.000000 5
4009 1.000000 5
4014 1.000000 5
4018 -1.000000 4
4022 -1.000000 4
4027 1.000000 5
4032 1.000000 5
4036 -1.000000 4
4041 1.000000 5
4045 -1.000000 4
4050 1.000000 5
4054 -1.000000 4
4058 -1.000000 4
4063 1.000000 5
4068 1.000000 5
4073 1.000000 5
4077 -1.000000 4
4081 -1.000000 4
4086 1.000000 5
4090 -1.000000 4
4095 1.000000 5
4100 1.000000 5
4105 1.000000 5
4110 1.000000 5
4115 1.000000 5
4119 -1.000000 4
4123 -1.000000 4
4127 -1.000000 4
4132 1.000000 5
4136 -1.000000 4
4140 -1.000000 4
4144 -1.000000 4
4148 -1.000000 4
4153 1.000000 5
4158 1.000000 5
4162 -1.000000 4
4166 -1.000000 4
4171 1.000000 5
4176 1.000000 5
4181 1.000000 5
4186 1.000000 5
4191 1.000000 5
4195 -1.000000 4
4200 1.000000 5
4205 1.000000 5
4210 1.000000 5
4214 -1.000000 4
4218 -1.000000 4
4222 -1.000000 4
4226 -1.000000 4
4231 1.000000 5
4236 1.000000 5
4240 -1.000000 4
4244 -1.000000 4
4249 1.000000 5
4254 1.000000 5
4258 -1.000000 4
4262 -1.000000 4
4267 1.000000 5
4271 -1.000000 4
4275 -1.000000 4
4280 1.000000 5
4284 -1.000000 4
4288 -1.000000 4
4293 1.000000 5
4296 1.000000 3
4300 -1.000000 4
4305 1.000000 5
4309 -1.000000 4
4314 1.000000 5
4319 1.000000 5
4324 1.000000 5
4328 -1.000000 4
4332 -1.000000 4
4336 -1.000000 4
4341 1.000000 5
4346 1.000000 5
4350 -1.000000 4
4355 1.000000 5
4360 1.000000 5
4365 1.000000 5
4370 1.000000 5
4375 1.000000 5
4380 1.000000 5
4385 1.000000 5
4389 -1.000000 4
4394 1.000000 5
4398 -1.000000 4
4402 -1.000000 4
4406 -1.000000 4
4411 1.000000 5
4416 1.000000 5
4421 1.000000 5
4425 -1.000000 4
4429 -1.000000 4
4434 1.000000 5
4438 -1.000000 4
4442 -1.000000 4
4447 1.000000 5
4451 -1.000000 4
4456 1.000000 5
4460 -1.000000 4
4464 -1.000000 4
4468 -1.000000 4
4472 -1.000000 4
4477 1.000000 5
4481 -1.000000 4
4486 1.000000 5
4491 1.000000 5
4496 1.000000 5
4501 1.000000 5
4505 -1.000000 4
4510 1.000000 5
4515 1.000000 5
4519 -1.000000 4
4523 -1.000000 4
4528 1.000000 5
4532 1.000000 4
4536 -1.000000 4
4541 1.000000 5
4546 1.000000 5
4551 1.000000 5
4556 1.000000 5
4561 1.000000 5
4566 1.000000 5
4570 -1.000000 4
4575 1.000000 5
4580 1.000000 5
4585 1.000000 5
4589 -1.000000 4
4593 -1.000000 4
4597 -1.000000 4
4602 1.000000 5
4606 -1.000000 4
4610 -1.000000 4
4615 1.000000 5
4620 1.000000 5
4624 -1.000000 4
4629 1.000000 5
4634 1.000000 5
4639 1.000000 5
4644 1.000000 5
4648 -1.000000 4
4653 1.000000 5
4657 -1.000000 4
4662 1.000000 5
4667 1.000000 5
4672 1.000000 5
4677 1.000000 5
4681 -1.000000 4
4686 1.000000 5
4690 -1.000000 4
4694 -1.000000 4
4698 -1.000000 4
4703 1.000000 5
4707 -1.000000 4
4712 1.000000 5
4716 -1.000000 4
4721 1.000000 5
4726 1.000000 5
4730 -1.000000 4
4734 -1.000000 4
4739 1.000000 5
4744 1.000000 5
4748 -1.000000 4
4752 -1.000000 4
4756 -1.000000 4
4761 1.000000 5
4765 -1.000000 4
4769 -1.000000 4
4774 1.000000 5
4779 1.000000 5
4784 1.000000 5
4788 -1.000000 4
4792 -1.000000 4
4796 -1.000000 4
4800 -1.000000 4
4805 1.000000 5
4809 -1.000000 4
4814 1.000000 5
4817 1.000000 3
4822 1.000000 5
4826 -1.000000 4
4831 1.000000 5
4836 1.000000 5
4840 -1.000000 4
4844 -1.000000 4
4849 1.000000 5
4853 -1.000000 4
4858 1.000000 5
4862 -1.000000 4
4867 1.000000 5
4872 1.000000 5
4877 1.000000 5
4882 1.000000 5
4886 -1.000000 4
4891 1.000000 5
4895 -1.000000 4
4899 -1.000000 4
4903 -1.000000 4
4908 1.000000 5
4912 -1.000000 4
4916 -1.000000 4
4921 1.000000 5
4925 -1.000000 4
4929 -1.000000 4
4934 1.000000 5
4939 1.000000 5
4944 1.000000 5
4949 1.000000 5
4953 -1.000000 4
4958 1.000000 5
4962 -1.000000 4
4967 1.000000 5
4971 -1.000000 4
4976 1.000000 5
4980 -1.000000 4
4985 1.000000 5
4989 -1.000000 4
4993 -1.000000 4
4998 1.000000 5
5002 -1.000000 4
5007 1.000000 5
5012 0.000000 5
5017 0.000000 5
5022 0.000000 5
5027 0.000000 5
5032 0.000000 5
5037 0.000000 5
5042 0.000000 5
5047 0.000000 5
5052 0.000000 5
5057 0.000000 5
5062 0.000000 5
5067 0.000000 5
5072 0.000000 5
5077 0.000000 5
5082 0.000000 5
5087 0.000000 5
5092 0.000000 5
5097 0.000000 5
5102 0.000000 5
5107 0.000000 5
5112 0.000000 5
5117 0.000000 5
5122 0.000000 5
5127 0.000000 5
5132 0.000000 5
5137 0.000000 5
5142 0.000000 5
5147 0.000000 5
5152 0.000000 5
5157 0.000000 5
5162 0.000000 5
5167 0.000000 5
5172 0.000000 5
5177 0.000000 5
5182 0.000000 5
5187 0.000000 5
5192 0.000000 5
5197 0.000000 5
5202 0.000000 5
5207 0.000000 5
5212 0.000000 5
5217 0.000000 5
5222 0.000000 5
5227 0.000000 5
5232 0.000000 5
5237 0.000000 5
5242 0.000000 5
5247 0.000000 5
5252 0.000000 5
5257 0.000000 5
5262 0.000000 5
5267 0.000000 5
5272 0.000000 5
5277 0.000000 5
5282 0.000000 5
5287 0.000000 5
5292 0.000000 5
5297 0.000000 5
5302 0.000000 5
5307 0.000000 5
5312 0.000000 5
5317 0.000000 5
5322 0.000000 5
5327 0.000000 5
5332 0.000000 5
5337 0.000000 5
5342 0.000000 5
5347 0.000000 5
5352 0.000000 5
5357 0.000000 5
5362 0.000000 5
5367 0.000000 5
5372 0.000000 5
5377 0.000000 5
5382 0.000000 5
5387 0.000000 5
5392 0.000000 5
5397 0.000000 5
5402 0.000000 5
5407 0.000000 5
5412 0.000000 5
5417 0.000000 5
5422 0.000000 5
5427 0.000000 5
5432 0.000000 5
5437 0.000000 5
5442 0.000000 5
5447 0.000000 5
5452 0.000000 5
5457 0.000000 5
5462 0.000000 5
5467 0.000000 5
5472 0.000000 5
5477 0.000000 5
5482 0.000000 5
5487 0.000000 5
5492 0.000000 5
5497 0.000000 5
5502 0.000000 5
5507 0.000000 5
5512 0.000000 5
5517 0.000000 5
5522 0.000000 5
5527 0.000000 5
5532 0.000000 5
5537 0.000000 5
5542 0.000000 5
5547 0.000000 5
5552 0.000000 5
5557 0.000000 5
5562 0.000000 5
5567 0.000000 5
5572 0.000000 5
5577 0.000000 5
5582 0.000000 5
5587 0.000000 5
5592 0.000000 5
5597 0.000000 5
5602 0.000000 5
5607 0.000000 5
5612 0.000000 5
5617 0.000000 5
5622 0.000000 5
5627 0.000000 5
5632 0.000000 5
5637 0.000000 5
5642 0.000000 5
5647 0.000000 5
5652 0.000000 5
5657 0.000000 5
5662 0.000000 5
5667 0.000000 5
5672 0.000000 5
5677 0.000000 5
5682 0.000000 5
5687 0.000000 5
5692 0.000000 5
5697 0.000000 5
5702 0.000000 5
5707 0.000000 5
5712 0.000000 5
5717 0.000000 5
5722 0.000000 5
5727 0.000000 5
5732 0.000000 5
5737 0.000000 5
5742 0.000000 5
5747 0.000000 5
5752 0.000000 5
5757 0.000000 5
5762 0.000000 5
5767 0.000000 5
5772 0.000000 5
5777 0.000000 5
5782 0.000000 5
5787 0.000000 5
5792 0.000000 5
5797 0.000000 5
5802 0.000000 5
5807 0.000000 5
5812 0.000000 5
5817 0.000000 5
5822 0.000000 5
5827 0.000000 5
5832 0.000000 5
5837 0.000000 5
5842 0.000000 5
5847 0.000000 5
5852 0.000000 5
5857 0.000000 5
5862 0.000000 5
5867 0.000000 5
5872 0.000000 5
5877 0.000000 5
5882 0.000000 5
5887 0.000000 5
5892 0.000000 5
5897 0.000000 5
5902 0.000000 5
5907 0.000000 5
5912 0.000000 5
5917 0.000000 5
5922 0.000000 5
5927 0.000000 5
5932 0.000000 5
5937 0.000000 5
5942 0.000000 5
5947 0.000000 5
5952 0.000000 5
5957 0.000000 5
5962 0.000000 5
5967 0.000000 5
5972 0.000000 5
5977 0.000000 5
5982 0.000000 5
5987 0.000000 5
5992 0.000000 5
5997 0.000000 5
6002 0.000000 5
6007 0.000000 5
