4 1.000000 4
9 0.000000 5
14 0.000000 5
18 1.000000 4
23 1.000000 5
28 0.000000 5
33 1.000000 5
37 1.000000 4
42 1.000000 5
46 1.000000 4
49 -1.000000 3
52 1.000000 3
57 1.000000 5
61 -1.000000 4
64 1.000000 3
68 1.000000 4
73 1.000000 5
78 0.000000 5
83 0.000000 5
86 -1.000000 3
90 1.000000 4
94 -1.000000 4
97 -1.000000 3
102 1.000000 5
107 0.000000 5
111 -1.000000 4
115 -1.000000 4
118 1.000000 3
121 1.000000 3
125 1.000000 4
128 1.000000 3
133 0.000000 5
138 1.000000 5
142 1.000000 4
146 1.000000 4
149 1.000000 3
154 1.000000 5
159 1.000000 5
163 1.000000 4
167 1.000000 4
171 1.000000 4
174 -1.000000 3
178 -1.000000 4
182 1.000000 4
186 1.000000 4
191 0.000000 5
195 -1.000000 4
200 0.000000 5
204 -1.000000 4
208 1.000000 4
213 1.000000 5
217 -1.000000 4
222 0.000000 5
225 -1.000000 3
229 -1.000000 4
233 1.000000 4
237 -1.000000 4
241 -1.000000 4
245 1.000000 4
249 1.000000 4
253 -1.000000 4
258 1.000000 5
262 -1.000000 4
266 1.000000 4
271 0.000000 5
275 -1.000000 4
279 -1.000000 4
283 1.000000 4
287 1.000000 4
292 0.000000 5
296 1.000000 4
300 -1.000000 4
303 1.000000 3
307 1.000000 4
310 -1.000000 3
313 -1.000000 3
317 1.000000 4
321 -1.000000 4
326 0.000000 5
330 1.000000 4
334 1.000000 4
339 1.000000 5
344 1.000000 5
348 1.000000 4
352 1.000000 4
355 -1.000000 3
360 1.000000 5
364 1.000000 4
368 1.000000 4
373 0.000000 5
377 1.000000 4
380 1.000000 3
385 0.000000 5
390 1.000000 5
395 0.000000 5
400 1.000000 5
404 1.000000 4
409 1.000000 5
413 1.000000 4
417 1.000000 4
420 -1.000000 3
424 1.000000 4
428 1.000000 4
433 0.000000 5
437 1.000000 4
440 -1.000000 3
444 1.000000 4
448 1.000000 4
452 -1.000000 4
457 1.000000 5
462 1.000000 5
467 1.000000 5
471 1.000000 4
475 -1.000000 4
479 1.000000 4
482 1.000000 3
486 -1.000000 4
490 -1.000000 4
494 1.000000 4
498 1.000000 4
502 -1.000000 4
506 1.000000 4
510 1.000000 4
514 -1.000000 4
519 1.000000 5
522 -1.000000 3
526 -1.000000 4
530 1.000000 4
534 -1.000000 4
538 1.000000 4
542 -1.000000 4
546 -1.000000 4
551 1.000000 5
556 1.000000 5
560 -1.000000 4
563 1.000000 3
566 1.000000 3
570 -1.000000 4
574 1.000000 4
577 -1.000000 3
581 -1.000000 4
585 1.000000 4
589 1.000000 4
593 -1.000000 4
597 1.000000 4
602 0.000000 5
606 1.000000 4
610 -1.000000 4
615 1.000000 5
619 1.000000 4
622 -1.000000 3
625 -1.000000 3
629 -1.000000 4
634 1.000000 5
639 1.000000 5
643 1.000000 4
648 1.000000 5
651 -1.000000 3
656 1.000000 5
660 -1.000000 4
664 1.000000 4
668 1.000000 4
673 0.000000 5
678 1.000000 5
683 0.000000 5
686 -1.000000 3
690 1.000000 4
695 1.000000 5
699 -1.000000 4
704 0.000000 5
707 -1.000000 3
711 -1.000000 4
714 -1.000000 3
718 1.000000 4
723 0.000000 5
728 0.000000 5
732 -1.000000 4
737 1.000000 5
742 1.000000 5
745 1.000000 3
748 -1.000000 3
751 1.000000 3
756 0.000000 5
761 0.000000 5
764 -1.000000 3
768 -1.000000 4
773 1.000000 5
777 1.000000 4
780 1.000000 3
784 -1.000000 4
788 1.000000 4
791 -1.000000 3
795 1.000000 4
800 1.000000 5
804 1.000000 4
807 1.000000 3
810 -1.000000 3
814 -1.000000 4
818 -1.000000 4
822 -1.000000 4
826 1.000000 4
831 0.000000 5
834 -1.000000 3
838 -1.000000 4
842 1.000000 4
847 0.000000 5
851 1.000000 4
855 1.000000 4
860 1.000000 5
865 0.000000 5
868 1.000000 3
872 -1.000000 4
876 1.000000 4
881 0.000000 5
885 1.000000 4
888 -1.000000 3
892 1.000000 4
897 0.000000 5
900 1.000000 3
904 1.000000 4
908 1.000000 4
913 1.000000 5
918 1.000000 5
921 1.000000 3
926 1.000000 5
930 -1.000000 4
934 -1.000000 4
937 -1.000000 3
942 1.000000 5
947 0.000000 5
952 0.000000 5
956 1.000000 4
960 1.000000 4
964 -1.000000 4
969 1.000000 5
974 1.000000 5
979 1.000000 5
983 1.000000 4
987 -1.000000 4
991 1.000000 4
996 1.000000 5
1000 -1.000000 4
1005 0.000000 5
1010 0.000000 5
1014 1.000000 4
1018 1.000000 4
1021 -1.000000 3
1025 -1.000000 4
1029 1.000000 4
1033 1.000000 4
1038 1.000000 5
1042 -1.000000 4
1046 -1.000000 4
1050 1.000000 4
1054 -1.000000 4
1058 1.000000 4
1062 -1.000000 4
1066 1.000000 4
1070 -1.000000 4
1075 0.000000 5
1078 1.000000 3
1083 0.000000 5
1087 -1.000000 4
1092 1.000000 5
1097 0.000000 5
1101 1.000000 4
1106 0.000000 5
1110 -1.000000 4
1114 1.000000 4
1118 -1.000000 4
1123 1.000000 5
1127 1.000000 4
1131 -1.000000 4
1135 1.000000 4
1139 -1.000000 4
1143 -1.000000 4
1147 1.000000 4
1152 0.000000 5
1156 -1.000000 4
1161 0.000000 5
1166 1.000000 5
1169 -1.000000 3
1174 1.000000 5
1178 -1.000000 4
1182 -1.000000 4
1186 1.000000 4
1190 -1.000000 4
1195 0.000000 5
1198 1.000000 3
1202 -1.000000 4
1205 1.000000 3
1208 1.000000 3
1211 1.000000 3
1214 1.000000 3
1218 -1.000000 4
1221 -1.000000 3
1224 1.000000 3
1229 1.000000 5
1234 1.000000 5
1239 0.000000 5
1244 0.000000 5
1248 1.000000 4
1253 0.000000 5
1257 1.000000 4
1261 1.000000 4
1265 -1.000000 4
1269 1.000000 4
1272 -1.000000 3
1276 -1.000000 4
1281 1.000000 5
1286 1.000000 5
1289 -1.000000 3
1293 -1.000000 4
1297 -1.000000 4
1301 -1.000000 4
1305 1.000000 4
1310 1.000000 5
1313 1.000000 3
1317 1.000000 4
1320 1.000000 3
1325 1.000000 5
1330 0.000000 5
1335 1.000000 5
1340 0.000000 5
1343 -1.000000 3
1346 -1.000000 3
1351 1.000000 5
1355 1.000000 4
1358 1.000000 3
1362 -1.000000 4
1365 -1.000000 3
1369 -1.000000 4
1372 1.000000 3
1376 -1.000000 4
1381 0.000000 5
1385 -1.000000 4
1389 1.000000 4
1392 -1.000000 3
1396 1.000000 4
1401 0.000000 5
1405 -1.000000 4
1410 1.000000 5
1415 1.000000 5
1419 1.000000 4
1423 -1.000000 4
1428 1.000000 5
1432 1.000000 4
1436 1.000000 4
1439 -1.000000 3
1444 1.000000 5
1448 1.000000 4
1451 1.000000 3
1455 1.000000 4
1459 -1.000000 4
1463 -1.000000 4
1467 1.000000 4
1471 1.000000 4
1474 1.000000 3
1478 -1.000000 4
1481 -1.000000 3
1485 -1.000000 4
1489 -1.000000 4
1494 1.000000 5
1499 1.000000 5
1504 1.000000 5
1508 1.000000 4
1513 1.000000 5
1516 1.000000 3
1521 1.000000 5
1526 1.000000 5
1530 -1.000000 4
1534 -1.000000 4
1538 1.000000 4
1541 1.000000 3
1545 1.000000 4
1550 1.000000 5
1554 -1.000000 4
1559 0.000000 5
1563 1.000000 4
1567 -1.000000 4
1572 1.000000 5
1576 1.000000 4
1580 1.000000 4
1585 1.000000 5
1589 1.000000 4
1594 1.000000 5
1598 -1.000000 4
1603 1.000000 5
1607 1.000000 4
1610 1.000000 3
1615 1.000000 5
1620 1.000000 5
1623 -1.000000 3
1628 0.000000 5
1631 1.000000 3
1635 1.000000 4
1638 1.000000 3
1642 1.000000 4
1645 1.000000 3
1649 -1.000000 4
1654 1.000000 5
1659 1.000000 5
1663 -1.000000 4
1667 1.000000 4
1672 1.000000 5
1675 -1.000000 3
1678 1.000000 3
1681 1.000000 3
1685 -1.000000 4
1690 1.000000 5
1693 1.000000 3
1698 0.000000 5
1703 0.000000 5
1707 -1.000000 4
1712 1.000000 5
1717 0.000000 5
1721 1.000000 4
1724 -1.000000 3
1729 0.000000 5
1734 0.000000 5
1738 -1.000000 4
1743 1.000000 5
1747 -1.000000 4
1752 0.000000 5
1757 0.000000 5
1760 -1.000000 3
1765 1.000000 5
1770 1.000000 5
1773 1.000000 3
1777 -1.000000 4
1782 1.000000 5
1787 1.000000 5
1791 1.000000 4
1796 1.000000 5
1801 1.000000 5
1806 1.000000 5
1810 1.000000 4
1815 1.000000 5
1819 1.000000 4
1823 -1.000000 4
1828 0.000000 5
1832 -1.000000 4
1836 1.000000 4
1840 1.000000 4
1843 -1.000000 3
1847 1.000000 4
1852 0.000000 5
1857 1.000000 5
1861 1.000000 4
1866 0.000000 5
1870 1.000000 4
1874 1.000000 4
1879 0.000000 5
1883 1.000000 4
1886 1.000000 3
1890 1.000000 4
1895 1.000000 5
1900 0.000000 5
1905 0.000000 5
1909 -1.000000 4
1912 1.000000 3
1915 -1.000000 3
1920 1.000000 5
1925 1.000000 5
1930 1.000000 5
1935 0.000000 5
1939 1.000000 4
1943 -1.000000 4
1948 1.000000 5
1952 1.000000 4
1956 1.000000 4
1959 -1.000000 3
1964 0.000000 5
1968 -1.000000 4
1972 1.000000 4
1975 1.000000 3
1979 -1.000000 4
1983 -1.000000 4
1987 -1.000000 4
1992 1.000000 5
1997 1.000000 5
2002 1.000000 5
2005 -1.000000 3
2009 -1.000000 4
2014 1.000000 5
2018 1.000000 4
2022 1.000000 4
2026 -1.000000 4
2031 1.000000 5
2036 1.000000 5
2040 1.000000 4
2044 1.000000 4
2049 1.000000 5
2054 0.000000 5
2058 -1.000000 4
2063 0.000000 5
2066 1.000000 3
2069 1.000000 3
2074 1.000000 5
2077 1.000000 3
2081 1.000000 4
2086 1.000000 5
2091 1.000000 5
2094 1.000000 3
2099 0.000000 5
2104 1.000000 5
2108 1.000000 4
2113 0.000000 5
2118 0.000000 5
2121 -1.000000 3
2124 1.000000 3
2128 -1.000000 4
2133 1.000000 5
2137 -1.000000 4
2142 1.000000 5
2146 -1.000000 4
2151 1.000000 5
2156 0.000000 5
2160 1.000000 4
2163 1.000000 3
2168 0.000000 5
2172 1.000000 4
2177 1.000000 5
2181 1.000000 4
2185 1.000000 4
2190 1.000000 5
2195 0.000000 5
2200 1.000000 5
2204 1.000000 4
2208 1.000000 4
2212 -1.000000 4
2215 -1.000000 3
2220 0.000000 5
2225 1.000000 5
2229 -1.000000 4
2233 -1.000000 4
2237 -1.000000 4
2241 -1.000000 4
2244 -1.000000 3
2248 -1.000000 4
2252 -1.000000 4
2256 -1.000000 4
2260 1.000000 4
2265 1.000000 5
2269 -1.000000 4
2273 -1.000000 4
2276 1.000000 3
2279 1.000000 3
2283 -1.000000 4
2287 -1.000000 4
2291 1.000000 4
2295 -1.000000 4
2299 -1.000000 4
2303 -1.000000 4
2308 1.000000 5
2312 1.000000 4
2316 -1.000000 4
2320 -1.000000 4
2324 1.000000 4
2328 1.000000 4
2332 -1.000000 4
2336 -1.000000 4
2339 -1.000000 3
2343 -1.000000 4
2346 1.000000 3
2350 -1.000000 4
2355 1.000000 5
2359 1.000000 4
2363 -1.000000 4
2366 -1.000000 3
2370 1.000000 4
2374 1.000000 4
2377 -1.000000 3
2382 1.000000 5
2387 1.000000 5
2392 0.000000 5
2397 0.000000 5
2401 -1.000000 4
2406 1.000000 5
2411 1.000000 5
2416 0.000000 5
2420 -1.000000 4
2425 0.000000 5
2430 1.000000 5
2433 -1.000000 3
2436 -1.000000 3
2439 1.000000 3
2443 -1.000000 4
2447 1.000000 4
2451 1.000000 4
2454 1.000000 3
2458 1.000000 4
2462 1.000000 4
2466 1.000000 4
2470 1.000000 4
2473 -1.000000 3
2477 1.000000 4
2480 1.000000 3
2485 1.000000 5
2488 -1.000000 3
2493 0.000000 5
2498 0.000000 5
2501 -1.000000 3
2505 1.000000 4
2510 0.000000 5
2515 0.000000 5
2519 -1.000000 4
2524 1.000000 5
2528 1.000000 4
2532 1.000000 4
2536 -1.000000 4
2540 1.000000 4
2544 -1.000000 4
2548 1.000000 4
2551 -1.000000 3
2556 1.000000 5
2560 1.000000 4
2564 -1.000000 4
2568 -1.000000 4
2573 0.000000 5
2577 1.000000 4
2581 1.000000 4
2585 1.000000 4
2588 -1.000000 3
2593 1.000000 5
2596 1.000000 3
2601 1.000000 5
2605 1.000000 4
2610 0.000000 5
2613 -1.000000 3
2616 1.000000 3
2620 1.000000 4
2625 0.000000 5
2629 1.000000 4
2633 -1.000000 4
2638 1.000000 5
2642 -1.000000 4
2646 -1.000000 4
2650 1.000000 4
2654 -1.000000 4
2657 1.000000 3
2662 0.000000 5
2667 0.000000 5
2672 0.000000 5
2675 1.000000 3
2679 1.000000 4
2684 1.000000 5
2687 -1.000000 3
2691 -1.000000 4
2695 1.000000 4
2699 1.000000 4
2704 1.000000 5
2709 0.000000 5
2713 -1.000000 4
2718 0.000000 5
2722 1.000000 4
2726 1.000000 4
2731 0.000000 5
2735 -1.000000 4
2740 1.000000 5
2745 1.000000 5
2749 -1.000000 4
2754 1.000000 5
2757 1.000000 3
2761 1.000000 4
2764 1.000000 3
2768 1.000000 4
2772 -1.000000 4
2775 1.000000 3
2779 -1.000000 4
2784 0.000000 5
2788 1.000000 4
2791 -1.000000 3
2795 -1.000000 4
2799 -1.000000 4
2803 -1.000000 4
2808 0.000000 5
2811 1.000000 3
2815 1.000000 4
2819 1.000000 4
2822 1.000000 3
2826 1.000000 4
2830 1.000000 4
2833 -1.000000 3
2838 0.000000 5
2841 -1.000000 3
2846 1.000000 5
2850 1.000000 4
2854 1.000000 4
2858 1.000000 4
2862 -1.000000 4
2866 1.000000 4
2871 1.000000 5
2875 -1.000000 4
2880 1.000000 5
2885 0.000000 5
2890 1.000000 5
2895 0.000000 5
2900 0.000000 5
2905 1.000000 5
2909 -1.000000 4
2913 1.000000 4
2918 1.000000 5
2922 1.000000 4
2927 1.000000 5
2932 1.000000 5
2936 -1.000000 4
2940 -1.000000 4
2943 1.000000 3
2948 0.000000 5
2951 -1.000000 3
2955 1.000000 4
2959 -1.000000 4
2963 -1.000000 4
2966 -1.000000 3
2970 1.000000 4
2975 1.000000 5
2978 -1.000000 3
2982 1.000000 4
2986 -1.000000 4
2989 1.000000 3
2993 1.000000 4
2997 1.000000 4
3001 1.000000 4
3006 0.000000 5
3010 1.000000 4
3015 0.000000 5
3019 1.000000 4
3023 -1.000000 4
3026 1.000000 3
3030 -1.000000 4
3033 1.000000 3
3037 1.000000 4
3042 1.000000 5
3045 -1.000000 3
3050 1.000000 5
3055 1.000000 5
3058 -1.000000 3
3063 0.000000 5
3068 1.000000 5
3071 -1.000000 3
3075 -1.000000 4
3079 -1.000000 4
3082 -1.000000 3
3087 0.000000 5
3090 1.000000 3
3095 1.000000 5
3099 1.000000 4
3102 1.000000 3
3106 -1.000000 4
3111 0.000000 5
3115 1.000000 4
3120 1.000000 5
3123 -1.000000 3
3128 1.000000 5
3132 1.000000 4
3136 1.000000 4
3139 1.000000 3
3143 1.000000 4
3148 1.000000 5
3153 1.000000 5
3157 1.000000 4
3162 0.000000 5
3166 -1.000000 4
3169 1.000000 3
3173 -1.000000 4
3176 1.000000 3
3180 -1.000000 4
3185 1.000000 5
3189 1.000000 4
3192 1.000000 3
3195 1.000000 3
3198 1.000000 3
3202 -1.000000 4
3205 -1.000000 3
3208 -1.000000 3
3212 -1.000000 4
3215 -1.000000 3
3220 1.000000 5
3224 -1.000000 4
3229 1.000000 5
3233 1.000000 4
3238 1.000000 5
3243 0.000000 5
3247 1.000000 4
3251 1.000000 4
3256 1.000000 5
3260 -1.000000 4
3264 1.000000 4
3268 1.000000 4
3272 1.000000 4
3275 1.000000 3
3280 1.000000 5
3283 1.000000 3
3287 -1.000000 4
3291 1.000000 4
3296 1.000000 5
3300 1.000000 4
3303 -1.000000 3
3308 0.000000 5
3313 0.000000 5
3317 -1.000000 4
3321 1.000000 4
3324 -1.000000 3
3327 -1.000000 3
3330 1.000000 3
3335 1.000000 5
3340 1.000000 5
3344 1.000000 4
3348 -1.000000 4
3352 -1.000000 4
3356 -1.000000 4
3359 1.000000 3
3363 -1.000000 4
3368 1.000000 5
3372 -1.000000 4
3376 -1.000000 4
3381 1.000000 5
3386 0.000000 5
3389 -1.000000 3
3394 1.000000 5
3398 -1.000000 4
3402 -1.000000 4
3405 1.000000 3
3410 0.000000 5
3414 -1.000000 4
3418 -1.000000 4
3422 1.000000 4
3426 -1.000000 4
3429 -1.000000 3
3434 1.000000 5
3437 1.000000 3
3442 0.000000 5
3447 1.000000 5
3452 1.000000 5
3457 0.000000 5
3460 1.000000 3
3464 -1.000000 4
3468 -1.000000 4
3471 1.000000 3
3476 1.000000 5
3481 1.000000 5
3485 -1.000000 4
3490 1.000000 5
3495 1.000000 5
3499 -1.000000 4
3503 1.000000 4
3507 1.000000 4
3510 -1.000000 3
3515 0.000000 5
3519 -1.000000 4
3522 -1.000000 3
3526 1.000000 4
3531 1.000000 5
3534 -1.000000 3
3539 0.000000 5
3543 1.000000 4
3548 1.000000 5
3551 1.000000 3
3555 1.000000 4
3560 1.000000 5
3565 1.000000 5
3570 1.000000 5
3575 0.000000 5
3579 1.000000 4
3584 0.000000 5
3588 -1.000000 4
3591 -1.000000 3
3594 1.000000 3
3598 -1.000000 4
3603 1.000000 5
3608 1.000000 5
3612 -1.000000 4
3617 0.000000 5
3621 -1.000000 4
3625 -1.000000 4
3628 -1.000000 3
3633 0.000000 5
3636 -1.000000 3
3641 0.000000 5
3645 1.000000 4
3649 1.000000 4
3653 1.000000 4
3657 -1.000000 4
3662 1.000000 5
3665 -1.000000 3
3670 0.000000 5
3673 -1.000000 3
3677 -1.000000 4
3682 0.000000 5
3687 1.000000 5
3692 1.000000 5
3696 1.000000 4
3700 1.000000 4
3704 1.000000 4
3707 -1.000000 3
3711 1.000000 4
3715 -1.000000 4
3720 0.000000 5
3724 -1.000000 4
3727 1.000000 3
3730 -1.000000 3
3734 1.000000 4
3738 1.000000 4
3741 1.000000 3
3745 -1.000000 4
3750 0.000000 5
3755 1.000000 5
3759 1.000000 4
3762 -1.000000 3
3767 1.000000 5
3772 1.000000 5
3777 1.000000 5
3780 1.000000 3
3784 1.000000 4
3789 1.000000 5
3793 -1.000000 4
3798 1.000000 5
3802 1.000000 4
3807 1.000000 5
3811 -1.000000 4
3815 1.000000 4
3818 -1.000000 3
3822 1.000000 4
3825 -1.000000 3
3830 1.000000 5
3835 1.000000 5
3840 1.000000 5
3844 1.000000 4
3849 1.000000 5
3853 1.000000 4
3858 0.000000 5
3863 1.000000 5
3867 -1.000000 4
3871 -1.000000 4
3874 -1.000000 3
3879 1.000000 5
3883 1.000000 4
3888 1.000000 5
3893 1.000000 5
3897 -1.000000 4
3901 1.000000 4
3906 0.000000 5
3911 1.000000 5
3916 1.000000 5
3920 -1.000000 4
3924 1.000000 4
3928 -1.000000 4
3931 -1.000000 3
3936 0.000000 5
3939 1.000000 3
3942 1.000000 3
3946 1.000000 4
3949 1.000000 3
3954 1.000000 5
3958 1.000000 4
3963 1.000000 5
3967 -1.000000 4
3972 1.000000 5
3976 1.000000 4
3979 -1.000000 3
3983 1.000000 4
3987 1.000000 4
3992 1.000000 5
3997 1.000000 5
4000 1.000000 3
4005 1.000000 5
4008 -1.000000 3
4013 1.000000 5
4017 -1.000000 4
4021 -1.000000 4
4024 -1.000000 3
4029 1.000000 5
4032 1.000000 3
4036 -1.000000 4
4040 1.000000 4
4045 0.000000 5
4050 0.000000 5
4054 1.000000 4
4057 1.000000 3
4060 1.000000 3
4064 1.000000 4
4068 -1.000000 4
4072 1.000000 4
4076 1.000000 4
4081 0.000000 5
4085 -1.000000 4
4089 1.000000 4
4094 1.000000 5
4098 -1.000000 4
4102 1.000000 4
4107 0.000000 5
4112 1.000000 5
4117 1.000000 5
4120 -1.000000 3
4125 1.000000 5
4130 1.000000 5
4134 -1.000000 4
4137 -1.000000 3
4142 0.000000 5
4147 0.000000 5
4151 -1.000000 4
4155 1.000000 4
4158 -1.000000 3
4163 1.000000 5
4167 1.000000 4
4171 1.000000 4
4176 0.000000 5
4181 1.000000 5
4185 1.000000 4
4190 1.000000 5
4193 -1.000000 3
4196 -1.000000 3
4200 -1.000000 4
4204 1.000000 4
4209 1.000000 5
4212 1.000000 3
4217 0.000000 5
4221 -1.000000 4
4226 1.000000 5
4230 1.000000 4
4233 -1.000000 3
4238 1.000000 5
4242 1.000000 4
4247 0.000000 5
4252 1.000000 5
4256 -1.000000 4
4261 1.000000 5
4265 -1.000000 4
4269 1.000000 4
4273 1.000000 4
4276 -1.000000 3
4280 -1.000000 4
4284 -1.000000 4
4288 1.000000 4
4291 -1.000000 3
4295 1.000000 4
4298 1.000000 3
4302 -1.000000 4
4307 1.000000 5
4312 1.000000 5
4316 -1.000000 4
4319 -1.000000 3
4324 1.000000 5
4327 1.000000 3
4331 1.000000 4
4335 -1.000000 4
4339 -1.000000 4
4344 1.000000 5
4349 1.000000 5
4353 -1.000000 4
4357 1.000000 4
4361 -1.000000 4
4364 -1.000000 3
4367 1.000000 3
4371 1.000000 4
4376 0.000000 5
4380 1.000000 4
4385 1.000000 5
4389 -1.000000 4
4393 -1.000000 4
4398 0.000000 5
4403 1.000000 5
4407 -1.000000 4
4411 -1.000000 4
4416 1.000000 5
4421 1.000000 5
4426 1.000000 5
4431 0.000000 5
4435 -1.000000 4
4438 1.000000 3
4443 1.000000 5
4446 1.000000 3
4450 1.000000 4
4455 0.000000 5
4459 -1.000000 4
4464 1.000000 5
4467 -1.000000 3
4471 -1.000000 4
4475 1.000000 4
4480 1.000000 5
4484 -1.000000 4
4488 -1.000000 4
4493 0.000000 5
4496 1.000000 3
4499 -1.000000 3
4503 -1.000000 4
4507 -1.000000 4
4511 1.000000 4
4516 0.000000 5
4520 -1.000000 4
4525 1.000000 5
4528 -1.000000 3
4531 1.000000 3
4536 0.000000 5
4541 0.000000 5
4544 1.000000 3
4549 1.000000 5
4554 1.000000 5
4558 1.000000 4
4562 1.000000 4
4566 -1.000000 4
4571 0.000000 5
4576 1.000000 5
4581 1.000000 5
4585 1.000000 4
4589 1.000000 4
4594 1.000000 5
4599 1.000000 5
4603 1.000000 4
4607 1.000000 4
4610 1.000000 3
4614 1.000000 4
4618 -1.000000 4
4621 1.000000 3
4626 1.000000 5
4631 1.000000 5
4635 -1.000000 4
4640 1.000000 5
4644 1.000000 4
4649 0.000000 5
4654 0.000000 5
4659 0.000000 5
4664 0.000000 5
4669 1.000000 5
4674 1.000000 5
4679 0.000000 5
4683 1.000000 4
4688 1.000000 5
4692 1.000000 4
4695 1.000000 3
4698 1.000000 3
4702 -1.000000 4
4707 0.000000 5
4712 1.000000 5
4717 0.000000 5
4721 -1.000000 4
4724 1.000000 3
4728 -1.000000 4
4733 0.000000 5
4736 -1.000000 3
4741 1.000000 5
4746 1.000000 5
4750 1.000000 4
4755 1.000000 5
4758 1.000000 3
4763 0.000000 5
4766 1.000000 3
4769 1.000000 3
4774 1.000000 5
4777 1.000000 3
4780 1.000000 3
4784 -1.000000 4
4788 1.000000 4
4793 1.000000 5
4797 1.000000 4
4802 1.000000 5
4807 0.000000 5
4812 1.000000 5
4815 1.000000 3
4820 1.000000 5
4824 -1.000000 4
4827 1.000000 3
4832 0.000000 5
4837 1.000000 5
4842 0.000000 5
4847 1.000000 5
4852 0.000000 5
4857 1.000000 5
4862 1.000000 5
4866 1.000000 4
4870 1.000000 4
4874 -1.000000 4
4878 1.000000 4
4883 1.000000 5
4888 1.000000 5
4893 1.000000 5
4897 -1.000000 4
4902 0.000000 5
4907 0.000000 5
4912 0.000000 5
4916 -1.000000 4
4920 -1.000000 4
4925 1.000000 5
4929 -1.000000 4
4933 1.000000 4
4938 1.000000 5
4942 1.000000 4
4947 1.000000 5
4951 1.000000 4
4954 -1.000000 3
4958 -1.000000 4
4961 -1.000000 3
4965 1.000000 4
4969 1.000000 4
4974 1.000000 5
4978 -1.000000 4
4982 1.000000 4
4987 0.000000 5
4992 1.000000 5
4996 -1.000000 4
5000 1.000000 4
5004 -1.000000 4
5009 1.000000 5
5014 0.000000 5
5018 1.000000 4
5022 -1.000000 4
5027 1.000000 5
5031 -1.000000 4
5035 -1.000000 4
5039 1.000000 4
5043 1.000000 4
5047 -1.000000 4
5052 1.000000 5
5055 1.000000 3
5058 1.000000 3
5062 -1.000000 4
5067 1.000000 5
5071 1.000000 4
5076 1.000000 5
5079 -1.000000 3
5083 1.000000 4
5087 -1.000000 4
5091 -1.000000 4
5096 1.000000 5
5099 -1.000000 3
5103 -1.000000 4
5106 -1.000000 3
5111 1.000000 5
5116 1.000000 5
5120 -1.000000 4
5124 -1.000000 4
5128 -1.000000 4
5132 -1.000000 4
5136 1.000000 4
5140 1.000000 4
5143 -1.000000 3
5148 1.000000 5
5152 1.000000 4
5156 1.000000 4
5161 0.000000 5
5164 -1.000000 3
5168 -1.000000 4
5171 1.000000 3
5174 1.000000 3
5177 1.000000 3
5181 1.000000 4
5186 0.000000 5
5190 1.000000 4
5193 1.000000 3
5198 1.000000 5
5203 1.000000 5
5207 -1.000000 4
5212 1.000000 5
5216 1.000000 4
5220 1.000000 4
5224 1.000000 4
5228 -1.000000 4
5233 0.000000 5
5236 -1.000000 3
5241 1.000000 5
5245 1.000000 4
5250 1.000000 5
5253 -1.000000 3
5258 1.000000 5
5262 -1.000000 4
5266 1.000000 4
5270 -1.000000 4
5274 -1.000000 4
5278 -1.000000 4
5283 0.000000 5
5287 1.000000 4
5291 -1.000000 4
5295 1.000000 4
5300 0.000000 5
5304 -1.000000 4
5308 1.000000 4
5311 1.000000 3
5315 -1.000000 4
5320 1.000000 5
5325 1.000000 5
5330 1.000000 5
5334 -1.000000 4
5338 -1.000000 4
5341 1.000000 3
5346 1.000000 5
5351 1.000000 5
5355 1.000000 4
5359 1.000000 4
5362 -1.000000 3
5367 0.000000 5
5370 -1.000000 3
5375 0.000000 5
5378 -1.000000 3
5383 0.000000 5
5387 1.000000 4
5391 -1.000000 4
5395 -1.000000 4
5400 1.000000 5
5405 1.000000 5
5409 -1.000000 4
5413 1.000000 4
5417 -1.000000 4
5420 1.000000 3
5425 1.000000 5
5428 1.000000 3
5433 0.000000 5
5436 -1.000000 3
5440 -1.000000 4
5445 1.000000 5
5450 0.000000 5
5454 -1.000000 4
5459 1.000000 5
5464 0.000000 5
5469 0.000000 5
5473 -1.000000 4
5477 1.000000 4
5482 1.000000 5
5487 1.000000 5
5490 -1.000000 3
5494 -1.000000 4
5498 1.000000 4
5503 1.000000 5
5508 1.000000 5
5512 1.000000 4
5517 1.000000 5
5521 1.000000 4
5525 1.000000 4
5530 0.000000 5
5533 1.000000 3
5536 -1.000000 3
5539 1.000000 3
5544 0.000000 5
5548 -1.000000 4
5553 1.000000 5
5557 -1.000000 4
5561 -1.000000 4
5564 -1.000000 3
5568 1.000000 4
5571 1.000000 3
5575 -1.000000 4
5579 -1.000000 4
5582 1.000000 3
5587 1.000000 5
5591 -1.000000 4
5595 1.000000 4
5600 0.000000 5
5605 1.000000 5
5609 1.000000 4
5612 1.000000 3
5617 1.000000 5
5620 -1.000000 3
5624 -1.000000 4
5628 1.000000 4
5633 0.000000 5
5637 -1.000000 4
5641 1.000000 4
5646 1.000000 5
5650 1.000000 4
5654 1.000000 4
5659 1.000000 5
5663 -1.000000 4
5667 -1.000000 4
5672 1.000000 5
5675 1.000000 3
5680 0.000000 5
5685 1.000000 5
5689 -1.000000 4
5692 -1.000000 3
5695 1.000000 3
5698 1.000000 3
5702 1.000000 4
5707 1.000000 5
5712 1.000000 5
5717 0.000000 5
5721 1.000000 4
5724 -1.000000 3
5729 1.000000 5
5732 -1.000000 3
5736 -1.000000 4
5741 1.000000 5
5745 -1.000000 4
5750 1.000000 5
5754 1.000000 4
5758 1.000000 4
5761 1.000000 3
5764 -1.000000 3
5769 0.000000 5
5774 0.000000 5
5779 1.000000 5
5782 -1.000000 3
5785 -1.000000 3
5789 1.000000 4
5793 1.000000 4
5798 1.000000 5
5802 1.000000 4
5806 1.000000 4
5811 1.000000 5
5816 1.000000 5
5820 -1.000000 4
5823 -1.000000 3
5826 -1.000000 3
5830 1.000000 4
5835 1.000000 5
5838 -1.000000 3
5842 -1.000000 4
5846 -1.000000 4
5851 1.000000 5
5855 1.000000 4
5859 1.000000 4
5863 1.000000 4
5868 1.000000 5
5872 1.000000 4
5877 1.000000 5
5880 -1.000000 3
5884 1.000000 4
5889 1.000000 5
5893 1.000000 4
5896 1.000000 3
5899 -1.000000 3
5903 1.000000 4
5906 1.000000 3
5911 0.000000 5
5914 1.000000 3
5917 -1.000000 3
5920 1.000000 3
5924 1.000000 4
5928 1.000000 4
5931 -1.000000 3
5936 1.000000 5
5939 1.000000 3
5943 1.000000 4
5947 -1.000000 4
5952 0.000000 5
5956 1.000000 4
5961 0.000000 5
5965 -1.000000 4
5969 1.000000 4
5974 1.000000 5
5979 1.000000 5
5983 -1.000000 4
5988 0.000000 5
5993 1.000000 5
5996 1.000000 3
5999 -1.000000 3
6004 1.000000 5
6009 0.000000 5
6012 1.000000 3
6016 -1.000000 4
6020 -1.000000 4
6025 1.000000 5
6029 1.000000 4
6032 -1.000000 3
6037 1.000000 5
6041 1.000000 4
6046 1.000000 5
6051 0.000000 5
6054 1.000000 3
6059 1.000000 5
6062 -1.000000 3
6066 1.000000 4
6071 1.000000 5
6074 -1.000000 3
6079 1.000000 5
6083 -1.000000 4
6088 1.000000 5
6091 1.000000 3
6095 1.000000 4
6099 -1.000000 4
6104 1.000000 5
6109 1.000000 5
6114 1.000000 5
6118 1.000000 4
6122 1.000000 4
6125 1.000000 3
6128 -1.000000 3
6133 0.000000 5
6137 -1.000000 4
6142 1.000000 5
6146 1.000000 4
6151 1.000000 5
6156 0.000000 5
6160 1.000000 4
6165 0.000000 5
6170 1.000000 5
6174 1.000000 4
6179 1.000000 5
6184 1.000000 5
6188 -1.000000 4
6193 1.000000 5
6198 1.000000 5
6202 1.000000 4
6206 1.000000 4
6211 0.000000 5
6215 1.000000 4
6220 1.000000 5
6223 -1.000000 3
6227 1.000000 4
6231 1.000000 4
6236 0.000000 5
6240 -1.000000 4
6244 -1.000000 4
6249 1.000000 5
6252 1.000000 3
6255 -1.000000 3
6260 0.000000 5
6264 1.000000 4
6267 -1.000000 3
6272 1.000000 5
6275 1.000000 3
6280 1.000000 5
6283 -1.000000 3
6287 -1.000000 4
6291 1.000000 4
6295 1.000000 4
6299 -1.000000 4
6302 1.000000 3
6307 1.000000 5
6312 1.000000 5
6316 1.000000 4
6321 1.000000 5
6326 0.000000 5
6330 1.000000 4
6334 -1.000000 4
6338 1.000000 4
6342 1.000000 4
6347 1.000000 5
6352 1.000000 5
6357 1.000000 5
6360 -1.000000 3
6364 1.000000 4
6368 1.000000 4
6373 1.000000 5
6377 -1.000000 4
6381 1.000000 4
6385 -1.000000 4
6389 -1.000000 4
6393 1.000000 4
6398 0.000000 5
6403 1.000000 5
6408 1.000000 5
6413 0.000000 5
6417 1.000000 4
6421 1.000000 4
6425 1.000000 4
6428 -1.000000 3
6432 -1.000000 4
6437 1.000000 5
6441 -1.000000 4
6446 1.000000 5
6451 1.000000 5
6456 0.000000 5
6459 -1.000000 3
6463 1.000000 4
6466 1.000000 3
6471 1.000000 5
6475 -1.000000 4
6478 -1.000000 3
6482 -1.000000 4
6486 -1.000000 4
6489 -1.000000 3
6492 1.000000 3
6496 1.000000 4
6500 -1.000000 4
6504 1.000000 4
6509 0.000000 5
6513 -1.000000 4
6516 1.000000 3
6520 -1.000000 4
6524 1.000000 4
6528 1.000000 4
6531 1.000000 3
6534 -1.000000 3
6539 1.000000 5
6544 1.000000 5
6549 1.000000 5
6552 -1.000000 3
6557 1.000000 5
6562 0.000000 5
6565 1.000000 3
6568 -1.000000 3
6572 1.000000 4
6576 1.000000 4
6581 1.000000 5
6586 1.000000 5
6589 -1.000000 3
6592 -1.000000 3
6595 1.000000 3
6600 1.000000 5
6605 1.000000 5
6609 1.000000 4
6613 1.000000 4
6618 1.000000 5
6622 1.000000 4
6627 1.000000 5
6631 1.000000 4
6636 1.000000 5
6641 1.000000 5
6646 0.000000 5
6650 1.000000 4
6654 -1.000000 4
6658 -1.000000 4
6661 1.000000 3
6665 1.000000 4
6669 1.000000 4
6674 1.000000 5
6679 1.000000 5
6683 1.000000 4
6687 1.000000 4
6691 -1.000000 4
6695 1.000000 4
6700 1.000000 5
6704 1.000000 4
6708 -1.000000 4
6712 1.000000 4
6717 0.000000 5
6722 0.000000 5
6726 1.000000 4
6730 -1.000000 4
6734 1.000000 4
6737 1.000000 3
6742 1.000000 5
6747 1.000000 5
6751 1.000000 4
6756 1.000000 5
6759 -1.000000 3
6764 0.000000 5
6769 1.000000 5
6774 1.000000 5
6778 1.000000 4
6782 1.000000 4
6787 1.000000 5
6791 1.000000 4
6795 -1.000000 4
6800 0.000000 5
6803 1.000000 3
6806 -1.000000 3
6810 1.000000 4
6814 -1.000000 4
6818 1.000000 4
6822 1.000000 4
6827 1.000000 5
6832 1.000000 5
6836 -1.000000 4
6841 0.000000 5
6845 -1.000000 4
6849 -1.000000 4
6853 -1.000000 4
6857 1.000000 4
6862 1.000000 5
6867 1.000000 5
6871 -1.000000 4
6874 1.000000 3
6877 1.000000 3
6880 -1.000000 3
6884 1.000000 4
6888 1.000000 4
6892 1.000000 4
6897 1.000000 5
6902 1.000000 5
6907 1.000000 5
6911 1.000000 4
6916 1.000000 5
6921 0.000000 5
6925 1.000000 4
6928 1.000000 3
6933 1.000000 5
6936 -1.000000 3
6941 0.000000 5
6946 0.000000 5
6949 1.000000 3
6953 -1.000000 4
6957 -1.000000 4
6961 -1.000000 4
6966 1.000000 5
6970 -1.000000 4
6974 1.000000 4
6979 1.000000 5
6983 -1.000000 4
6988 0.000000 5
6993 0.000000 5
6997 -1.000000 4
7001 1.000000 4
7005 1.000000 4
7009 1.000000 4
7014 1.000000 5
7018 1.000000 4
7021 1.000000 3
7026 1.000000 5
7031 0.000000 5
7036 0.000000 5
7040 1.000000 4
7045 0.000000 5
7049 1.000000 4
7053 1.000000 4
7057 1.000000 4
7061 1.000000 4
7065 1.000000 4
7070 1.000000 5
7075 1.000000 5
7080 0.000000 5
7084 1.000000 4
7089 0.000000 5
7093 -1.000000 4
7096 1.000000 3
7100 1.000000 4
7104 1.000000 4
7108 1.000000 4
7112 -1.000000 4
7117 0.000000 5
7121 1.000000 4
7125 1.000000 4
7128 -1.000000 3
7133 0.000000 5
7137 1.000000 4
7141 1.000000 4
7146 1.000000 5
7150 -1.000000 4
7154 1.000000 4
7158 1.000000 4
7162 -1.000000 4
7167 1.000000 5
7171 1.000000 4
7175 1.000000 4
7179 -1.000000 4
7184 1.000000 5
7188 1.000000 4
7192 1.000000 4
7195 1.000000 3
7199 -1.000000 4
7202 1.000000 3
7206 -1.000000 4
7211 0.000000 5
7216 1.000000 5
7220 1.000000 4
7224 1.000000 4
7228 -1.000000 4
7233 0.000000 5
7237 -1.000000 4
7242 1.000000 5
7247 1.000000 5
7251 -1.000000 4
7255 -1.000000 4
7259 -1.000000 4
7264 1.000000 5
7268 1.000000 4
7271 -1.000000 3
7275 1.000000 4
7280 0.000000 5
7285 1.000000 5
7289 -1.000000 4
7293 1.000000 4
7296 1.000000 3
7299 -1.000000 3
7303 1.000000 4
7307 1.000000 4
7311 1.000000 4
7316 0.000000 5
7321 1.000000 5
7325 1.000000 4
7329 -1.000000 4
7332 1.000000 3
7336 1.000000 4
7341 1.000000 5
7345 -1.000000 4
7349 -1.000000 4
7353 -1.000000 4
7356 1.000000 3
7361 1.000000 5
7364 1.000000 3
7369 1.000000 5
7373 -1.000000 4
7377 -1.000000 4
7381 1.000000 4
7385 -1.000000 4
7389 1.000000 4
7394 0.000000 5
7399 0.000000 5
7403 1.000000 4
7406 -1.000000 3
7410 -1.000000 4
7414 -1.000000 4
7419 0.000000 5
7423 -1.000000 4
7427 1.000000 4
7430 -1.000000 3
7434 -1.000000 4
7438 1.000000 4
7443 1.000000 5
7448 1.000000 5
7452 -1.000000 4
7455 1.000000 3
7460 1.000000 5
7464 1.000000 4
7469 0.000000 5
7472 1.000000 3
7477 0.000000 5
7482 1.000000 5
7485 1.000000 3
7488 -1.000000 3
7491 1.000000 3
7495 1.000000 4
7500 0.000000 5
7505 1.000000 5
7509 1.000000 4
7513 -1.000000 4
7516 -1.000000 3
7521 0.000000 5
7525 1.000000 4
7529 1.000000 4
7534 0.000000 5
7539 0.000000 5
7543 1.000000 4
7547 1.000000 4
7550 -1.000000 3
7554 -1.000000 4
7559 0.000000 5
7563 1.000000 4
7566 -1.000000 3
7570 1.000000 4
7574 1.000000 4
7579 1.000000 5
7583 1.000000 4
7588 1.000000 5
7592 1.000000 4
7597 0.000000 5
7600 -1.000000 3
7605 1.000000 5
7609 1.000000 4
7613 -1.000000 4
7617 -1.000000 4
7621 -1.000000 4
7625 -1.000000 4
7630 1.000000 5
7633 1.000000 3
7637 -1.000000 4
7641 1.000000 4
7645 1.000000 4
7649 -1.000000 4
7653 1.000000 4
7657 1.000000 4
7662 1.000000 5
7666 1.000000 4
7670 1.000000 4
7674 1.000000 4
7677 -1.000000 3
7681 -1.000000 4
7684 -1.000000 3
7689 1.000000 5
7694 0.000000 5
7697 1.000000 3
7702 1.000000 5
7706 1.000000 4
7710 -1.000000 4
7713 1.000000 3
7717 -1.000000 4
7721 1.000000 4
7725 -1.000000 4
7728 -1.000000 3
7733 1.000000 5
7736 -1.000000 3
7739 -1.000000 3
7744 1.000000 5
7748 1.000000 4
7753 1.000000 5
7758 1.000000 5
7762 -1.000000 4
7767 0.000000 5
7772 0.000000 5
7775 -1.000000 3
7779 1.000000 4
7784 0.000000 5
7788 1.000000 4
7793 1.000000 5
7797 -1.000000 4
7800 1.000000 3
7805 0.000000 5
7810 1.000000 5
7813 -1.000000 3
7817 -1.000000 4
7821 1.000000 4
7825 -1.000000 4
7829 1.000000 4
7834 0.000000 5
7838 1.000000 4
7842 1.000000 4
7847 1.000000 5
7850 -1.000000 3
7853 -1.000000 3
7857 1.000000 4
7861 -1.000000 4
7865 1.000000 4
7869 -1.000000 4
7873 -1.000000 4
7876 -1.000000 3
7879 1.000000 3
7882 -1.000000 3
7887 1.000000 5
7892 1.000000 5
7897 0.000000 5
7901 1.000000 4
7906 1.000000 5
7910 -1.000000 4
7914 -1.000000 4
7918 -1.000000 4
7922 1.000000 4
7925 -1.000000 3
7930 1.000000 5
7935 1.000000 5
7940 1.000000 5
7944 -1.000000 4
7949 1.000000 5
7954 1.000000 5
7959 1.000000 5
7963 1.000000 4
7968 0.000000 5
7973 0.000000 5
7976 -1.000000 3
7980 -1.000000 4
7984 -1.000000 4
7988 -1.000000 4
7992 -1.000000 4
7997 0.000000 5
8002 1.000000 5
8006 1.000000 4
8009 -1.000000 3
8013 1.000000 4
8016 -1.000000 3
8019 -1.000000 3
8024 0.000000 5
8029 1.000000 5
8032 -1.000000 3
8036 1.000000 4
8040 -1.000000 4
8043 1.000000 3
8048 0.000000 5
8052 1.000000 4
8056 1.000000 4
8060 -1.000000 4
8064 1.000000 4
8068 1.000000 4
8071 1.000000 3
8076 1.000000 5
8080 1.000000 4
8084 -1.000000 4
8088 1.000000 4
8091 1.000000 3
8094 -1.000000 3
8098 1.000000 4
8103 0.000000 5
8108 0.000000 5
8112 -1.000000 4
8116 1.000000 4
8120 1.000000 4
8124 -1.000000 4
8127 1.000000 3
8130 1.000000 3
8134 -1.000000 4
8138 -1.000000 4
8142 -1.000000 4
8146 -1.000000 4
8150 1.000000 4
8153 -1.000000 3
8157 1.000000 4
8160 1.000000 3
8163 1.000000 3
8168 0.000000 5
8173 0.000000 5
8177 1.000000 4
8181 -1.000000 4
8186 0.000000 5
8191 1.000000 5
8195 1.000000 4
8199 1.000000 4
8204 1.000000 5
8209 1.000000 5
8212 -1.000000 3
8217 1.000000 5
8222 1.000000 5
8226 1.000000 4
8229 -1.000000 3
8233 1.000000 4
8236 1.000000 3
8241 0.000000 5
8245 -1.000000 4
8248 -1.000000 3
8252 -1.000000 4
8255 1.000000 3
8259 -1.000000 4
8263 1.000000 4
8268 1.000000 5
8271 1.000000 3
8275 1.000000 4
8279 1.000000 4
8282 -1.000000 3
8286 1.000000 4
8291 1.000000 5
8295 1.000000 4
8300 1.000000 5
8304 1.000000 4
8309 0.000000 5
8313 -1.000000 4
8317 1.000000 4
8321 -1.000000 4
8326 1.000000 5
8330 -1.000000 4
8333 1.000000 3
8337 1.000000 4
8341 1.000000 4
8344 -1.000000 3
8348 1.000000 4
8353 1.000000 5
8357 -1.000000 4
8361 1.000000 4
8365 1.000000 4
8369 -1.000000 4
8373 1.000000 4
8377 -1.000000 4
8382 1.000000 5
8386 1.000000 4
8391 1.000000 5
8395 -1.000000 4
8398 1.000000 3
8403 0.000000 5
8408 1.000000 5
8413 1.000000 5
8417 -1.000000 4
8420 1.000000 3
8425 1.000000 5
8429 -1.000000 4
8433 1.000000 4
8437 1.000000 4
8441 -1.000000 4
8445 1.000000 4
8450 1.000000 5
8453 -1.000000 3
8457 1.000000 4
8462 1.000000 5
8466 1.000000 4
8470 1.000000 4
8474 -1.000000 4
8479 0.000000 5
8483 1.000000 4
8487 1.000000 4
8491 1.000000 4
8494 -1.000000 3
8497 1.000000 3
8501 1.000000 4
8505 1.000000 4
8510 1.000000 5
8515 0.000000 5
8519 1.000000 4
8523 1.000000 4
8526 -1.000000 3
8531 1.000000 5
8536 1.000000 5
8541 1.000000 5
8544 1.000000 3
8548 -1.000000 4
8552 -1.000000 4
8556 1.000000 4
8559 1.000000 3
8563 -1.000000 4
8566 -1.000000 3
8570 1.000000 4
8575 0.000000 5
8579 -1.000000 4
8584 1.000000 5
8588 1.000000 4
8592 1.000000 4
8596 -1.000000 4
8600 1.000000 4
8605 1.000000 5
8610 1.000000 5
8613 1.000000 3
8618 1.000000 5
8622 1.000000 4
8626 -1.000000 4
8631 0.000000 5
8636 0.000000 5
8641 0.000000 5
8644 -1.000000 3
8648 1.000000 4
8651 -1.000000 3
8656 1.000000 5
8660 -1.000000 4
8664 1.000000 4
8669 1.000000 5
8673 -1.000000 4
8678 1.000000 5
8682 1.000000 4
8686 1.000000 4
8690 1.000000 4
8695 1.000000 5
8699 -1.000000 4
8702 1.000000 3
8706 -1.000000 4
8711 1.000000 5
8716 0.000000 5
8720 1.000000 4
8725 1.000000 5
8730 1.000000 5
8734 1.000000 4
8739 1.000000 5
8744 1.000000 5
8747 -1.000000 3
8751 1.000000 4
8755 1.000000 4
8759 -1.000000 4
8763 1.000000 4
8767 -1.000000 4
8770 1.000000 3
8774 1.000000 4
8779 0.000000 5
8783 -1.000000 4
8787 1.000000 4
8791 1.000000 4
8794 -1.000000 3
8797 -1.000000 3
8801 1.000000 4
8804 1.000000 3
8808 1.000000 4
8813 1.000000 5
8817 1.000000 4
8822 1.000000 5
8827 0.000000 5
8831 1.000000 4
8835 1.000000 4
8840 1.000000 5
8845 0.000000 5
8849 -1.000000 4
8853 1.000000 4
8858 0.000000 5
8862 1.000000 4
8865 1.000000 3
8868 1.000000 3
8872 -1.000000 4
8877 1.000000 5
8881 1.000000 4
8885 -1.000000 4
8889 1.000000 4
8893 -1.000000 4
8897 1.000000 4
8902 0.000000 5
8907 1.000000 5
8912 1.000000 5
8916 1.000000 4
8921 0.000000 5
8925 -1.000000 4
8929 1.000000 4
8934 1.000000 5
8938 1.000000 4
8941 1.000000 3
8945 -1.000000 4
8950 0.000000 5
8955 0.000000 5
8960 1.000000 5
8963 1.000000 3
8967 1.000000 4
8972 0.000000 5
8976 1.000000 4
8980 1.000000 4
8985 1.000000 5
8989 -1.000000 4
8993 -1.000000 4
8998 0.000000 5
9003 1.000000 5
9006 1.000000 3
9010 -1.000000 4
9015 0.000000 5
9020 0.000000 5
9025 1.000000 5
9028 -1.000000 3
9033 1.000000 5
9037 1.000000 4
9042 0.000000 5
9046 -1.000000 4
9049 -1.000000 3
9053 -1.000000 4
9056 1.000000 3
9059 -1.000000 3
9064 0.000000 5
9069 1.000000 5
9074 1.000000 5
9079 1.000000 5
9083 1.000000 4
9087 1.000000 4
9092 0.000000 5
9097 1.000000 5
9102 1.000000 5
9106 1.000000 4
9110 1.000000 4
9115 1.000000 5
9120 1.000000 5
9124 1.000000 4
9129 0.000000 5
9133 -1.000000 4
9136 1.000000 3
9141 1.000000 5
9145 -1.000000 4
9148 1.000000 3
9153 0.000000 5
9157 -1.000000 4
9161 1.000000 4
9166 1.000000 5
9170 -1.000000 4
9175 1.000000 5
9180 1.000000 5
9183 -1.000000 3
9187 1.000000 4
9190 1.000000 3
9194 1.000000 4
9198 1.000000 4
9201 -1.000000 3
9206 1.000000 5
9210 1.000000 4
9215 1.000000 5
9220 1.000000 5
9225 1.000000 5
9230 1.000000 5
9234 1.000000 4
9239 1.000000 5
9244 1.000000 5
9249 1.000000 5
9254 1.000000 5
9257 -1.000000 3
9262 1.000000 5
9267 0.000000 5
9270 1.000000 3
9273 -1.000000 3
9276 1.000000 3
9279 -1.000000 3
9282 1.000000 3
9287 1.000000 5
9291 1.000000 4
9295 -1.000000 4
9299 1.000000 4
9302 -1.000000 3
9306 1.000000 4
9310 1.000000 4
9315 1.000000 5
9318 -1.000000 3
9322 1.000000 4
9325 -1.000000 3
9329 1.000000 4
9333 1.000000 4
9337 1.000000 4
9341 1.000000 4
9344 1.000000 3
9348 -1.000000 4
9352 -1.000000 4
9357 1.000000 5
9362 1.000000 5
9367 1.000000 5
9370 -1.000000 3
9375 1.000000 5
9378 1.000000 3
9381 1.000000 3
9384 1.000000 3
9389 1.000000 5
9393 -1.000000 4
9397 1.000000 4
9400 -1.000000 3
9403 -1.000000 3
9406 -1.000000 3
9410 -1.000000 4
9414 1.000000 4
9419 0.000000 5
9424 1.000000 5
9429 1.000000 5
9432 1.000000 3
9435 1.000000 3
9440 0.000000 5
9444 1.000000 4
9449 1.000000 5
9454 1.000000 5
9457 1.000000 3
9461 1.000000 4
9465 1.000000 4
9470 0.000000 5
9475 1.000000 5
9479 1.000000 4
9483 -1.000000 4
9488 1.000000 5
9492 1.000000 4
9497 1.000000 5
9502 1.000000 5
9507 0.000000 5
9510 1.000000 3
9514 1.000000 4
9519 0.000000 5
9522 -1.000000 3
9526 1.000000 4
9530 1.000000 4
9535 0.000000 5
9539 -1.000000 4
9543 1.000000 4
9548 0.000000 5
9552 1.000000 4
9556 1.000000 4
9559 1.000000 3
9564 0.000000 5
9568 1.000000 4
9572 -1.000000 4
9576 1.000000 4
9580 -1.000000 4
9585 1.000000 5
9590 0.000000 5
9595 1.000000 5
9600 1.000000 5
9604 1.000000 4
9609 1.000000 5
9613 1.000000 4
9616 1.000000 3
9619 -1.000000 3
9624 1.000000 5
9628 1.000000 4
9631 1.000000 3
9634 -1.000000 3
9638 -1.000000 4
9642 -1.000000 4
9647 1.000000 5
9651 1.000000 4
9655 1.000000 4
9659 1.000000 4
9663 1.000000 4
9668 0.000000 5
9672 -1.000000 4
9676 -1.000000 4
9680 -1.000000 4
9684 1.000000 4
9688 1.000000 4
9693 1.000000 5
9698 1.000000 5
9703 1.000000 5
9707 -1.000000 4
9711 -1.000000 4
9715 -1.000000 4
9719 1.000000 4
9723 -1.000000 4
9726 -1.000000 3
9730 -1.000000 4
9735 1.000000 5
9739 -1.000000 4
9744 1.000000 5
9749 0.000000 5
9753 -1.000000 4
9757 -1.000000 4
9760 1.000000 3
9765 1.000000 5
9770 1.000000 5
9775 1.000000 5
9779 -1.000000 4
9783 1.000000 4
9787 1.000000 4
9792 1.000000 5
9795 1.000000 3
9798 -1.000000 3
9802 -1.000000 4
9806 1.000000 4
9810 1.000000 4
9814 1.000000 4
9818 -1.000000 4
9822 1.000000 4
9825 -1.000000 3
9828 -1.000000 3
9832 1.000000 4
9836 1.000000 4
9840 1.000000 4
9845 0.000000 5
9849 1.000000 4
9853 1.000000 4
9856 -1.000000 3
9861 1.000000 5
9866 0.000000 5
9871 1.000000 5
9875 1.000000 4
9880 0.000000 5
9884 -1.000000 4
9888 -1.000000 4
9893 0.000000 5
9898 1.000000 5
9903 1.000000 5
9908 0.000000 5
9912 -1.000000 4
9917 1.000000 5
9920 1.000000 3
9925 1.000000 5
9930 0.000000 5
9935 1.000000 5
9939 1.000000 4
9943 1.000000 4
9948 1.000000 5
9953 1.000000 5
9956 -1.000000 3
9960 1.000000 4
9965 1.000000 5
9970 0.000000 5
9973 1.000000 3
9976 -1.000000 3
9980 1.000000 4
9985 1.000000 5
9990 1.000000 5
9993 -1.000000 3
9996 -1.000000 3
9999 -1.000000 3
10003 1.000000 4
10006 -1.000000 3
10009 -1.000000 3
10012 -1.000000 3
10015 -1.000000 3
10018 -1.000000 3
10021 -1.000000 3
10024 -1.000000 3
10027 -1.000000 3
10030 -1.000000 3
10033 -1.000000 3
10036 -1.000000 3
10039 -1.000000 3
10042 -1.000000 3
10045 -1.000000 3
10048 -1.000000 3
10051 -1.000000 3
10054 -1.000000 3
10057 -1.000000 3
10060 -1.000000 3
10063 -1.000000 3
10066 -1.000000 3
10069 -1.000000 3
10072 -1.000000 3
10075 -1.000000 3
10078 -1.000000 3
10081 -1.000000 3
10084 -1.000000 3
10087 -1.000000 3
10090 -1.000000 3
10093 -1.000000 3
10096 -1.000000 3
10099 -1.000000 3
10102 -1.000000 3
10105 -1.000000 3
10108 -1.000000 3
10111 -1.000000 3
10114 -1.000000 3
10117 -1.000000 3
10120 -1.000000 3
10123 -1.000000 3
10126 -1.000000 3
10129 -1.000000 3
10132 -1.000000 3
10135 -1.000000 3
10138 -1.000000 3
10141 -1.000000 3
10144 -1.000000 3
10147 -1.000000 3
10150 -1.000000 3
10153 -1.000000 3
10156 -1.000000 3
10159 -1.000000 3
10162 -1.000000 3
10165 -1.000000 3
10168 -1.000000 3
10171 -1.000000 3
10174 -1.000000 3
10177 -1.000000 3
10180 -1.000000 3
10183 -1.000000 3
10186 -1.000000 3
10189 -1.000000 3
10192 -1.000000 3
10195 -1.000000 3
10198 -1.000000 3
10201 -1.000000 3
10204 -1.000000 3
10207 -1.000000 3
10210 -1.000000 3
10213 -1.000000 3
10216 -1.000000 3
10219 -1.000000 3
10222 -1.000000 3
10225 -1.000000 3
10228 -1.000000 3
10231 -1.000000 3
10234 -1.000000 3
10237 -1.000000 3
10240 -1.000000 3
10245 0.000000 5
10248 -1.000000 3
10251 -1.000000 3
10254 -1.000000 3
10257 -1.000000 3
10260 -1.000000 3
10263 -1.000000 3
10266 -1.000000 3
10269 -1.000000 3
10272 -1.000000 3
10275 -1.000000 3
10278 -1.000000 3
10281 -1.000000 3
10284 -1.000000 3
10287 -1.000000 3
10290 -1.000000 3
10293 -1.000000 3
10296 -1.000000 3
10299 -1.000000 3
10302 -1.000000 3
10305 -1.000000 3
10308 -1.000000 3
10311 -1.000000 3
10314 -1.000000 3
10317 -1.000000 3
10320 -1.000000 3
10323 -1.000000 3
10326 -1.000000 3
10329 -1.000000 3
10332 -1.000000 3
10335 -1.000000 3
10338 -1.000000 3
10341 -1.000000 3
10344 -1.000000 3
10347 -1.000000 3
10350 -1.000000 3
10353 -1.000000 3
10356 -1.000000 3
10359 -1.000000 3
10362 -1.000000 3
10365 -1.000000 3
10368 -1.000000 3
10371 -1.000000 3
10374 -1.000000 3
10377 -1.000000 3
10380 -1.000000 3
10383 -1.000000 3
10386 -1.000000 3
10389 -1.000000 3
10392 -1.000000 3
10395 -1.000000 3
10398 -1.000000 3
10401 -1.000000 3
10404 -1.000000 3
10407 -1.000000 3
10410 -1.000000 3
10413 -1.000000 3
10416 -1.000000 3
10419 -1.000000 3
10422 -1.000000 3
10425 -1.000000 3
10428 -1.000000 3
10433 0.000000 5
10436 -1.000000 3
10439 -1.000000 3
10442 -1.000000 3
10445 -1.000000 3
10448 -1.000000 3
10451 -1.000000 3
10454 -1.000000 3
10457 -1.000000 3
10460 -1.000000 3
10463 -1.000000 3
10466 -1.000000 3
10469 -1.000000 3
10472 -1.000000 3
10475 -1.000000 3
10478 -1.000000 3
10481 -1.000000 3
10484 -1.000000 3
10487 -1.000000 3
10490 -1.000000 3
10493 -1.000000 3
10496 -1.000000 3
10499 -1.000000 3
10502 -1.000000 3
10505 -1.000000 3
10508 -1.000000 3
10511 -1.000000 3
10514 -1.000000 3
10517 -1.000000 3
10520 -1.000000 3
10523 -1.000000 3
10526 -1.000000 3
10529 -1.000000 3
10532 -1.000000 3
10535 -1.000000 3
10538 -1.000000 3
10541 -1.000000 3
10544 -1.000000 3
10547 -1.000000 3
10550 -1.000000 3
10553 -1.000000 3
10556 -1.000000 3
10559 -1.000000 3
10562 -1.000000 3
10565 -1.000000 3
10568 -1.000000 3
10571 -1.000000 3
10574 -1.000000 3
10577 -1.000000 3
10580 -1.000000 3
10583 -1.000000 3
10586 -1.000000 3
10589 -1.000000 3
10592 -1.000000 3
10595 -1.000000 3
10598 -1.000000 3
10601 -1.000000 3
10604 -1.000000 3
10607 -1.000000 3
10610 -1.000000 3
10613 -1.000000 3
10616 -1.000000 3
10619 -1.000000 3
10622 -1.000000 3
10625 -1.000000 3
10628 -1.000000 3
10631 -1.000000 3
10634 -1.000000 3
10637 -1.000000 3
10640 -1.000000 3
10643 -1.000000 3
10646 -1.000000 3
10649 -1.000000 3
10652 -1.000000 3
10655 -1.000000 3
10658 -1.000000 3
10661 -1.000000 3
10664 -1.000000 3
10667 -1.000000 3
10670 -1.000000 3
10673 -1.000000 3
10676 -1.000000 3
10679 -1.000000 3
10682 -1.000000 3
10685 -1.000000 3
10688 -1.000000 3
10691 -1.000000 3
10694 -1.000000 3
10697 -1.000000 3
10700 -1.000000 3
10703 -1.000000 3
10706 -1.000000 3
10709 -1.000000 3
10712 -1.000000 3
10715 -1.000000 3
10718 -1.000000 3
10721 -1.000000 3
10724 -1.000000 3
10727 -1.000000 3
10730 -1.000000 3
10733 -1.000000 3
10736 -1.000000 3
10739 -1.000000 3
10742 -1.000000 3
10745 -1.000000 3
10748 -1.000000 3
10751 -1.000000 3
10754 -1.000000 3
10757 -1.000000 3
10760 -1.000000 3
10763 -1.000000 3
10766 -1.000000 3
10769 -1.000000 3
10772 -1.000000 3
10775 -1.000000 3
10778 -1.000000 3
10781 -1.000000 3
10784 -1.000000 3
10787 -1.000000 3
10790 -1.000000 3
10793 -1.000000 3
10796 -1.000000 3
10799 -1.000000 3
10802 -1.000000 3
10805 -1.000000 3
10808 -1.000000 3
10811 -1.000000 3
10814 -1.000000 3
10817 -1.000000 3
10820 -1.000000 3
10823 -1.000000 3
10826 -1.000000 3
10829 -1.000000 3
10832 -1.000000 3
10835 -1.000000 3
10838 -1.000000 3
10841 -1.000000 3
10844 -1.000000 3
10847 -1.000000 3
10850 -1.000000 3
10853 -1.000000 3
10856 -1.000000 3
10859 -1.000000 3
10862 -1.000000 3
10865 -1.000000 3
10868 -1.000000 3
10871 -1.000000 3
10874 -1.000000 3
10877 -1.000000 3
10880 -1.000000 3
10883 -1.000000 3
10886 -1.000000 3
10889 -1.000000 3
10892 -1.000000 3
10895 -1.000000 3
10898 -1.000000 3
10901 -1.000000 3
10904 -1.000000 3
10907 -1.000000 3
10910 -1.000000 3
10913 -1.000000 3
10916 -1.000000 3
10919 -1.000000 3
10922 -1.000000 3
10925 -1.000000 3
10928 -1.000000 3
10931 -1.000000 3
10934 -1.000000 3
10937 -1.000000 3
10940 -1.000000 3
10943 -1.000000 3
10946 -1.000000 3
10949 -1.000000 3
10952 -1.000000 3
10955 -1.000000 3
10958 -1.000000 3
10961 -1.000000 3
10964 -1.000000 3
10967 -1.000000 3
10970 -1.000000 3
10973 -1.000000 3
10976 -1.000000 3
10979 -1.000000 3
10982 -1.000000 3
10985 -1.000000 3
10988 -1.000000 3
10991 -1.000000 3
10994 -1.000000 3
10999 0.000000 5
11002 -1.000000 3
11005 -1.000000 3
11009 1.000000 4
11013 1.000000 4
11016 -1.000000 3
11020 1.000000 4
11024 1.000000 4
11029 0.000000 5
11033 1.000000 4
11037 -1.000000 4
11041 1.000000 4
11044 1.000000 3
11048 1.000000 4
11052 1.000000 4
11055 1.000000 3
11058 -1.000000 3
11062 1.000000 4
11066 1.000000 4
11070 -1.000000 4
11073 1.000000 3
11076 1.000000 3
11081 0.000000 5
11084 -1.000000 3
11088 1.000000 4
11091 1.000000 3
11095 1.000000 4
11099 1.000000 4
11103 1.000000 4
11106 1.000000 3
11110 1.000000 4
11114 1.000000 4
11118 1.000000 4
11123 0.000000 5
11126 1.000000 3
11129 1.000000 3
11133 1.000000 4
11137 1.000000 4
11141 1.000000 4
11145 1.000000 4
11149 1.000000 4
11153 1.000000 4
11158 1.000000 5
11162 1.000000 4
11166 1.000000 4
11170 -1.000000 4
11174 1.000000 4
11178 1.000000 4
11182 1.000000 4
11185 1.000000 3
11189 1.000000 4
11192 1.000000 3
11196 1.000000 4
11200 1.000000 4
11205 0.000000 5
11209 1.000000 4
11212 1.000000 3
11215 1.000000 3
11218 1.000000 3
11222 1.000000 4
11225 1.000000 3
11229 1.000000 4
11234 0.000000 5
11238 1.000000 4
11242 1.000000 4
11246 1.000000 4
11250 1.000000 4
11254 -1.000000 4
11257 1.000000 3
11261 1.000000 4
11265 1.000000 4
11270 0.000000 5
11274 1.000000 4
11277 -1.000000 3
11281 1.000000 4
11285 1.000000 4
11289 1.000000 4
11294 0.000000 5
11297 1.000000 3
11301 1.000000 4
11305 1.000000 4
11309 1.000000 4
11314 0.000000 5
11318 1.000000 4
11323 1.000000 5
11327 1.000000 4
11331 1.000000 4
11335 1.000000 4
11339 1.000000 4
11343 1.000000 4
11346 1.000000 3
11349 1.000000 3
11353 -1.000000 4
11357 1.000000 4
11361 1.000000 4
11365 -1.000000 4
11369 1.000000 4
11373 1.000000 4
11377 1.000000 4
11381 1.000000 4
11385 1.000000 4
11388 -1.000000 3
11392 1.000000 4
11396 1.000000 4
11400 1.000000 4
11404 1.000000 4
11408 1.000000 4
11412 1.000000 4
11416 1.000000 4
11420 1.000000 4
11424 1.000000 4
11427 1.000000 3
11430 1.000000 3
11434 1.000000 4
11438 1.000000 4
11442 1.000000 4
11446 1.000000 4
11450 -1.000000 4
11454 1.000000 4
11457 -1.000000 3
11461 1.000000 4
11464 1.000000 3
11467 -1.000000 3
11471 1.000000 4
11475 1.000000 4
11479 1.000000 4
11482 1.000000 3
11485 1.000000 3
11489 1.000000 4
11493 1.000000 4
11496 1.000000 3
11500 1.000000 4
11504 1.000000 4
11507 1.000000 3
11511 1.000000 4
11515 1.000000 4
11519 1.000000 4
11522 1.000000 3
11527 0.000000 5
11530 1.000000 3
11535 0.000000 5
11539 1.000000 4
11542 1.000000 3
11546 1.000000 4
11550 1.000000 4
11553 1.000000 3
11558 1.000000 5
11562 1.000000 4
11565 1.000000 3
11569 1.000000 4
11573 1.000000 4
11578 0.000000 5
11582 1.000000 4
11586 1.000000 4
11590 1.000000 4
11594 1.000000 4
11599 0.000000 5
11603 1.000000 4
11608 1.000000 5
11612 1.000000 4
11617 1.000000 5
11621 1.000000 4
11624 1.000000 3
11628 -1.000000 4
11632 1.000000 4
11636 1.000000 4
11640 1.000000 4
11643 -1.000000 3
11647 1.000000 4
11651 1.000000 4
11654 1.000000 3
11658 1.000000 4
11662 1.000000 4
11666 1.000000 4
11670 1.000000 4
11673 -1.000000 3
11677 1.000000 4
11681 1.000000 4
11685 1.000000 4
11689 1.000000 4
11693 1.000000 4
11697 -1.000000 4
11701 1.000000 4
11705 -1.000000 4
11709 1.000000 4
11712 1.000000 3
11716 1.000000 4
11720 1.000000 4
11724 1.000000 4
11728 1.000000 4
11731 -1.000000 3
11736 1.000000 5
11740 1.000000 4
11743 1.000000 3
11746 1.000000 3
11751 1.000000 5
11755 1.000000 4
11758 1.000000 3
11762 1.000000 4
11766 1.000000 4
11769 1.000000 3
11773 1.000000 4
11777 1.000000 4
11781 1.000000 4
11784 1.000000 3
11787 -1.000000 3
11790 1.000000 3
11793 -1.000000 3
11796 -1.000000 3
11800 1.000000 4
11804 1.000000 4
11807 1.000000 3
11811 1.000000 4
11815 1.000000 4
11818 1.000000 3
11823 0.000000 5
11827 1.000000 4
11831 1.000000 4
11835 1.000000 4
11838 1.000000 3
11842 1.000000 4
11845 -1.000000 3
11850 0.000000 5
11853 -1.000000 3
11857 1.000000 4
11861 1.000000 4
11865 1.000000 4
11869 1.000000 4
11872 1.000000 3
11875 1.000000 3
11880 0.000000 5
11883 1.000000 3
11887 1.000000 4
11890 -1.000000 3
11894 1.000000 4
11898 1.000000 4
11901 1.000000 3
11906 0.000000 5
11911 0.000000 5
11915 1.000000 4
11919 1.000000 4
11924 1.000000 5
11927 -1.000000 3
11930 1.000000 3
11933 -1.000000 3
11937 1.000000 4
11941 1.000000 4
11945 1.000000 4
11948 1.000000 3
11952 1.000000 4
11956 1.000000 4
11959 -1.000000 3
11963 1.000000 4
11968 0.000000 5
11972 1.000000 4
11976 1.000000 4
11979 1.000000 3
11983 1.000000 4
11987 1.000000 4
11990 -1.000000 3
11994 1.000000 4
11997 1.000000 3
12001 1.000000 4
12005 1.000000 4
12009 -1.000000 4
12014 0.000000 5
12019 0.000000 5
12022 -1.000000 3
12026 1.000000 4
12030 1.000000 4
12033 1.000000 3
12036 1.000000 3
12040 -1.000000 4
12044 1.000000 4
12047 1.000000 3
12050 1.000000 3
12054 1.000000 4
12057 1.000000 3
12060 1.000000 3
12064 1.000000 4
12067 1.000000 3
12071 1.000000 4
12075 1.000000 4
12079 1.000000 4
12084 0.000000 5
12087 -1.000000 3
12091 1.000000 4
12095 1.000000 4
12099 1.000000 4
12102 1.000000 3
12106 1.000000 4
12110 1.000000 4
12114 -1.000000 4
12118 1.000000 4
12122 1.000000 4
12126 1.000000 4
12129 -1.000000 3
12132 1.000000 3
12137 1.000000 5
12141 1.000000 4
12145 1.000000 4
12149 1.000000 4
12152 1.000000 3
12155 1.000000 3
12160 1.000000 5
12164 1.000000 4
12168 1.000000 4
12171 1.000000 3
12174 1.000000 3
12178 1.000000 4
12182 -1.000000 4
12185 1.000000 3
12189 1.000000 4
12193 1.000000 4
12197 1.000000 4
12201 1.000000 4
12204 1.000000 3
12207 1.000000 3
12211 1.000000 4
12215 1.000000 4
12219 1.000000 4
12222 1.000000 3
12226 1.000000 4
12229 1.000000 3
12234 0.000000 5
12238 1.000000 4
12241 1.000000 3
12245 1.000000 4
12249 1.000000 4
12253 1.000000 4
12256 1.000000 3
12260 1.000000 4
12263 1.000000 3
12267 1.000000 4
12271 1.000000 4
12275 1.000000 4
12278 1.000000 3
12282 1.000000 4
12286 1.000000 4
12289 -1.000000 3
12293 1.000000 4
12297 1.000000 4
12301 1.000000 4
12304 1.000000 3
12308 1.000000 4
12312 1.000000 4
12315 1.000000 3
12319 1.000000 4
12323 1.000000 4
12327 1.000000 4
12331 1.000000 4
12335 1.000000 4
12339 1.000000 4
12343 1.000000 4
12347 1.000000 4
12352 1.000000 5
12356 1.000000 4
12360 1.000000 4
12364 1.000000 4
12368 1.000000 4
12372 1.000000 4
12375 1.000000 3
12379 1.000000 4
12382 1.000000 3
12385 1.000000 3
12388 1.000000 3
12393 1.000000 5
12396 -1.000000 3
12399 1.000000 3
12403 -1.000000 4
12407 1.000000 4
12411 1.000000 4
12415 1.000000 4
12419 1.000000 4
12423 1.000000 4
12426 1.000000 3
12429 1.000000 3
12432 1.000000 3
12436 1.000000 4
12440 1.000000 4
12444 1.000000 4
12448 1.000000 4
12451 1.000000 3
12454 -1.000000 3
12458 1.000000 4
12461 1.000000 3
12465 1.000000 4
12469 1.000000 4
12473 1.000000 4
12477 1.000000 4
12481 1.000000 4
12486 1.000000 5
12490 1.000000 4
12493 1.000000 3
12496 -1.000000 3
12500 1.000000 4
12504 1.000000 4
12508 -1.000000 4
12511 -1.000000 3
12514 1.000000 3
12518 1.000000 4
12521 1.000000 3
12525 -1.000000 4
12529 1.000000 4
12533 1.000000 4
12537 1.000000 4
12540 1.000000 3
12543 1.000000 3
12547 1.000000 4
12551 1.000000 4
12555 1.000000 4
12558 1.000000 3
12561 1.000000 3
12565 1.000000 4
12568 1.000000 3
12571 1.000000 3
12576 0.000000 5
12580 1.000000 4
12584 1.000000 4
12587 1.000000 3
12591 1.000000 4
12595 1.000000 4
12599 1.000000 4
12602 1.000000 3
12606 1.000000 4
12610 1.000000 4
12613 -1.000000 3
12616 -1.000000 3
12619 -1.000000 3
12623 1.000000 4
12627 1.000000 4
12631 1.000000 4
12635 1.000000 4
12639 1.000000 4
12642 1.000000 3
12646 1.000000 4
12650 1.000000 4
12654 1.000000 4
12657 1.000000 3
12661 1.000000 4
12665 1.000000 4
12669 1.000000 4
12673 1.000000 4
12677 1.000000 4
12681 1.000000 4
12685 1.000000 4
12688 -1.000000 3
12691 -1.000000 3
12695 1.000000 4
12699 1.000000 4
12703 1.000000 4
12707 1.000000 4
12711 1.000000 4
12715 1.000000 4
12719 1.000000 4
12723 1.000000 4
12728 0.000000 5
12732 -1.000000 4
12736 1.000000 4
12739 1.000000 3
12744 0.000000 5
12748 1.000000 4
12751 -1.000000 3
12755 -1.000000 4
12759 1.000000 4
12763 -1.000000 4
12767 1.000000 4
12771 1.000000 4
12775 1.000000 4
12779 1.000000 4
12783 1.000000 4
12787 1.000000 4
12791 -1.000000 4
12795 1.000000 4
12798 -1.000000 3
12801 -1.000000 3
12804 1.000000 3
12809 0.000000 5
12813 -1.000000 4
12817 1.000000 4
12821 1.000000 4
12825 1.000000 4
12829 1.000000 4
12832 1.000000 3
12836 1.000000 4
12841 0.000000 5
12845 1.000000 4
12849 -1.000000 4
12853 1.000000 4
12858 0.000000 5
12861 1.000000 3
12865 1.000000 4
12868 1.000000 3
12872 1.000000 4
12875 1.000000 3
12879 1.000000 4
12883 1.000000 4
12887 1.000000 4
12891 1.000000 4
12896 1.000000 5
12900 1.000000 4
12904 1.000000 4
12909 0.000000 5
12912 1.000000 3
12916 1.000000 4
12919 1.000000 3
12923 1.000000 4
12926 -1.000000 3
12930 1.000000 4
12934 1.000000 4
12939 1.000000 5
12943 1.000000 4
12947 1.000000 4
12950 1.000000 3
12954 1.000000 4
12959 0.000000 5
12963 1.000000 4
12967 1.000000 4
12970 -1.000000 3
12973 1.000000 3
12978 1.000000 5
12982 1.000000 4
12986 1.000000 4
12991 0.000000 5
12996 0.000000 5
13000 1.000000 4
13004 1.000000 4
13009 0.000000 5
