3 1.000000 3
6 -1.000000 3
10 1.000000 4
13 1.000000 3
15 -1.000000 2
18 -1.000000 3
22 1.000000 4
26 1.000000 4
28 1.000000 2
32 1.000000 4
36 0.000000 4
39 1.000000 3
41 -1.000000 2
44 -1.000000 3
47 1.000000 3
51 0.000000 4
54 1.000000 3
58 1.000000 4
60 1.000000 2
63 -1.000000 3
66 -1.000000 3
68 1.000000 2
72 1.000000 4
76 0.000000 4
79 1.000000 3
81 -1.000000 2
84 1.000000 3
86 1.000000 2
89 -1.000000 3
91 1.000000 2
93 -1.000000 2
96 1.000000 3
99 1.000000 3
102 1.000000 3
105 1.000000 3
108 1.000000 3
112 1.000000 4
115 1.000000 3
117 -1.000000 2
120 1.000000 3
124 1.000000 4
126 1.000000 2
129 1.000000 3
131 1.000000 2
133 1.000000 2
137 0.000000 4
141 0.000000 4
144 1.000000 3
148 0.000000 4
151 -1.000000 3
153 1.000000 2
156 1.000000 3
159 1.000000 3
162 -1.000000 3
164 -1.000000 2
168 0.000000 4
171 -1.000000 3
174 1.000000 3
177 1.000000 3
181 1.000000 4
184 -1.000000 3
187 1.000000 3
190 -1.000000 3
192 1.000000 2
195 1.000000 3
199 1.000000 4
201 1.000000 2
204 1.000000 3
208 1.000000 4
212 1.000000 4
215 1.000000 3
217 1.000000 2
221 1.000000 4
224 -1.000000 3
226 1.000000 2
229 -1.000000 3
232 -1.000000 3
234 1.000000 2
237 -1.000000 3
240 -1.000000 3
243 -1.000000 3
246 1.000000 3
249 -1.000000 3
252 -1.000000 3
255 1.000000 3
259 1.000000 4
263 0.000000 4
266 1.000000 3
270 1.000000 4
274 1.000000 4
276 1.000000 2
279 -1.000000 3
282 -1.000000 3
286 0.000000 4
289 1.000000 3
292 1.000000 3
294 -1.000000 2
297 -1.000000 3
300 -1.000000 3
302 1.000000 2
306 0.000000 4
309 -1.000000 3
313 0.000000 4
317 1.000000 4
320 1.000000 3
324 0.000000 4
328 1.000000 4
332 0.000000 4
335 -1.000000 3
337 -1.000000 2
340 1.000000 3
344 0.000000 4
346 -1.000000 2
349 1.000000 3
352 1.000000 3
355 1.000000 3
359 1.000000 4
363 1.000000 4
367 1.000000 4
370 -1.000000 3
374 0.000000 4
378 1.000000 4
382 1.000000 4
385 1.000000 3
388 -1.000000 3
390 1.000000 2
393 -1.000000 3
396 1.000000 3
399 -1.000000 3
402 1.000000 3
404 -1.000000 2
407 -1.000000 3
411 1.000000 4
414 -1.000000 3
418 0.000000 4
422 0.000000 4
425 1.000000 3
427 -1.000000 2
429 1.000000 2
432 1.000000 3
435 1.000000 3
439 1.000000 4
442 1.000000 3
445 -1.000000 3
449 1.000000 4
452 -1.000000 3
456 1.000000 4
459 1.000000 3
462 -1.000000 3
465 1.000000 3
467 1.000000 2
471 1.000000 4
473 1.000000 2
477 1.000000 4
481 0.000000 4
483 -1.000000 2
486 -1.000000 3
490 1.000000 4
493 1.000000 3
497 1.000000 4
500 1.000000 3
504 1.000000 4
508 0.000000 4
511 -1.000000 3
515 0.000000 4
519 0.000000 4
522 -1.000000 3
526 1.000000 4
529 -1.000000 3
532 -1.000000 3
534 1.000000 2
538 1.000000 4
541 1.000000 3
544 -1.000000 3
548 1.000000 4
550 -1.000000 2
553 1.000000 3
557 0.000000 4
560 1.000000 3
563 1.000000 3
566 1.000000 3
570 0.000000 4
573 1.000000 3
576 1.000000 3
578 1.000000 2
581 -1.000000 3
585 1.000000 4
588 1.000000 3
591 -1.000000 3
595 0.000000 4
597 -1.000000 2
600 -1.000000 3
604 0.000000 4
608 1.000000 4
611 -1.000000 3
613 -1.000000 2
616 1.000000 3
620 1.000000 4
624 1.000000 4
627 1.000000 3
630 -1.000000 3
633 1.000000 3
635 -1.000000 2
638 1.000000 3
641 1.000000 3
645 1.000000 4
648 1.000000 3
650 -1.000000 2
654 1.000000 4
656 1.000000 2
659 -1.000000 3
662 1.000000 3
664 1.000000 2
667 1.000000 3
671 1.000000 4
674 -1.000000 3
678 1.000000 4
682 1.000000 4
685 1.000000 3
688 -1.000000 3
691 -1.000000 3
694 1.000000 3
698 1.000000 4
701 -1.000000 3
703 1.000000 2
707 1.000000 4
709 -1.000000 2
711 1.000000 2
714 -1.000000 3
717 -1.000000 3
720 1.000000 3
723 -1.000000 3
727 0.000000 4
730 -1.000000 3
734 1.000000 4
738 0.000000 4
742 1.000000 4
746 1.000000 4
749 -1.000000 3
751 -1.000000 2
754 1.000000 3
756 -1.000000 2
760 1.000000 4
762 1.000000 2
764 -1.000000 2
768 1.000000 4
771 1.000000 3
773 -1.000000 2
776 -1.000000 3
779 1.000000 3
782 1.000000 3
786 1.000000 4
789 1.000000 3
793 0.000000 4
796 1.000000 3
798 -1.000000 2
800 1.000000 2
803 1.000000 3
807 1.000000 4
811 1.000000 4
815 1.000000 4
819 0.000000 4
823 1.000000 4
826 1.000000 3
830 0.000000 4
834 1.000000 4
837 -1.000000 3
840 -1.000000 3
842 -1.000000 2
844 1.000000 2
847 1.000000 3
850 -1.000000 3
852 -1.000000 2
855 -1.000000 3
859 1.000000 4
863 1.000000 4
866 1.000000 3
869 1.000000 3
871 1.000000 2
874 -1.000000 3
876 -1.000000 2
878 1.000000 2
882 1.000000 4
886 1.000000 4
889 -1.000000 3
891 1.000000 2
895 0.000000 4
898 1.000000 3
901 1.000000 3
904 1.000000 3
908 1.000000 4
912 0.000000 4
914 1.000000 2
917 1.000000 3
919 1.000000 2
922 1.000000 3
924 1.000000 2
926 1.000000 2
930 1.000000 4
933 -1.000000 3
936 1.000000 3
940 0.000000 4
943 -1.000000 3
946 -1.000000 3
950 0.000000 4
953 1.000000 3
956 1.000000 3
959 -1.000000 3
961 -1.000000 2
965 1.000000 4
969 0.000000 4
972 -1.000000 3
975 1.000000 3
979 1.000000 4
981 1.000000 2
983 1.000000 2
987 1.000000 4
989 1.000000 2
993 1.000000 4
997 1.000000 4
1000 1.000000 3
1003 1.000000 3
1005 1.000000 2
1008 1.000000 3
1010 -1.000000 2
1014 1.000000 4
1017 -1.000000 3
1020 1.000000 3
1024 0.000000 4
1028 1.000000 4
1031 1.000000 3
1033 -1.000000 2
1036 1.000000 3
1039 -1.000000 3
1042 -1.000000 3
1045 -1.000000 3
1048 -1.000000 3
1051 1.000000 3
1053 -1.000000 2
1056 1.000000 3
1059 1.000000 3
1063 1.000000 4
1067 1.000000 4
1069 1.000000 2
1073 1.000000 4
1075 1.000000 2
1079 0.000000 4
1082 1.000000 3
1086 1.000000 4
1089 -1.000000 3
1092 -1.000000 3
1094 -1.000000 2
1097 -1.000000 3
1099 -1.000000 2
1102 1.000000 3
1105 -1.000000 3
1107 1.000000 2
1109 -1.000000 2
1112 -1.000000 3
1115 -1.000000 3
1119 1.000000 4
1122 -1.000000 3
1125 -1.000000 3
1128 1.000000 3
1131 1.000000 3
1135 1.000000 4
1138 1.000000 3
1141 1.000000 3
1145 1.000000 4
1149 1.000000 4
1152 1.000000 3
1156 0.000000 4
1159 1.000000 3
1163 1.000000 4
1166 -1.000000 3
1170 1.000000 4
1172 1.000000 2
1175 1.000000 3
1178 1.000000 3
1181 1.000000 3
1184 1.000000 3
1187 1.000000 3
1190 1.000000 3
1194 0.000000 4
1196 1.000000 2
1200 1.000000 4
1204 1.000000 4
1206 -1.000000 2
1209 -1.000000 3
1213 0.000000 4
1217 1.000000 4
1221 1.000000 4
1225 0.000000 4
1228 1.000000 3
1231 -1.000000 3
1234 1.000000 3
1238 1.000000 4
1241 1.000000 3
1245 1.000000 4
1248 1.000000 3
1251 1.000000 3
1254 -1.000000 3
1257 1.000000 3
1261 1.000000 4
1264 -1.000000 3
1267 -1.000000 3
1271 1.000000 4
1275 1.000000 4
1279 0.000000 4
1282 1.000000 3
1285 -1.000000 3
1288 1.000000 3
1291 -1.000000 3
1295 1.000000 4
1298 1.000000 3
1302 0.000000 4
1306 1.000000 4
1309 -1.000000 3
1312 1.000000 3
1316 0.000000 4
1320 1.000000 4
1323 -1.000000 3
1327 0.000000 4
1331 1.000000 4
1335 1.000000 4
1338 1.000000 3
1342 1.000000 4
1345 1.000000 3
1348 -1.000000 3
1351 1.000000 3
1355 1.000000 4
1358 -1.000000 3
1362 1.000000 4
1365 1.000000 3
1368 1.000000 3
1372 0.000000 4
1376 1.000000 4
1378 1.000000 2
1381 1.000000 3
1383 -1.000000 2
1385 -1.000000 2
1388 -1.000000 3
1391 -1.000000 3
1393 -1.000000 2
1396 -1.000000 3
1400 1.000000 4
1404 0.000000 4
1408 1.000000 4
1412 1.000000 4
1416 1.000000 4
1419 1.000000 3
1423 1.000000 4
1426 -1.000000 3
1429 1.000000 3
1432 -1.000000 3
1435 1.000000 3
1439 0.000000 4
1443 0.000000 4
1446 1.000000 3
1450 0.000000 4
1453 1.000000 3
1456 -1.000000 3
1459 -1.000000 3
1461 -1.000000 2
1464 -1.000000 3
1467 -1.000000 3
1471 1.000000 4
1474 1.000000 3
1478 1.000000 4
1481 -1.000000 3
1484 -1.000000 3
1488 0.000000 4
1490 -1.000000 2
1493 1.000000 3
1496 -1.000000 3
1498 1.000000 2
1502 0.000000 4
1506 0.000000 4
1510 1.000000 4
1514 0.000000 4
1516 -1.000000 2
1520 1.000000 4
1524 1.000000 4
1527 1.000000 3
1531 1.000000 4
1535 0.000000 4
1538 -1.000000 3
1541 -1.000000 3
1543 1.000000 2
1547 1.000000 4
1550 1.000000 3
1553 1.000000 3
1555 -1.000000 2
1559 1.000000 4
1562 -1.000000 3
1565 -1.000000 3
1567 1.000000 2
1571 0.000000 4
1575 0.000000 4
1577 1.000000 2
1579 -1.000000 2
1582 -1.000000 3
1586 1.000000 4
1590 1.000000 4
1594 0.000000 4
1597 1.000000 3
1601 1.000000 4
1605 1.000000 4
1609 1.000000 4
1612 -1.000000 3
1615 1.000000 3
1618 1.000000 3
1621 -1.000000 3
1624 1.000000 3
1626 1.000000 2
1629 1.000000 3
1632 1.000000 3
1635 1.000000 3
1639 0.000000 4
1643 1.000000 4
1646 -1.000000 3
1650 1.000000 4
1653 1.000000 3
1656 1.000000 3
1659 1.000000 3
1663 0.000000 4
1666 -1.000000 3
1670 0.000000 4
1673 1.000000 3
1676 1.000000 3
1679 -1.000000 3
1683 0.000000 4
1687 1.000000 4
1690 1.000000 3
1694 1.000000 4
1697 -1.000000 3
1701 0.000000 4
1703 1.000000 2
1706 -1.000000 3
1710 1.000000 4
1714 1.000000 4
1718 1.000000 4
1721 1.000000 3
1725 0.000000 4
1728 1.000000 3
1731 1.000000 3
1734 -1.000000 3
1736 -1.000000 2
1740 1.000000 4
1744 1.000000 4
1748 1.000000 4
1752 0.000000 4
1756 1.000000 4
1758 -1.000000 2
1761 -1.000000 3
1764 1.000000 3
1766 -1.000000 2
1768 1.000000 2
1772 0.000000 4
1775 -1.000000 3
1779 1.000000 4
1782 -1.000000 3
1786 1.000000 4
1790 1.000000 4
1792 -1.000000 2
1795 1.000000 3
1798 1.000000 3
1801 -1.000000 3
1803 -1.000000 2
1806 -1.000000 3
1808 1.000000 2
1810 1.000000 2
1814 1.000000 4
1817 1.000000 3
1820 -1.000000 3
1823 -1.000000 3
1827 0.000000 4
1829 -1.000000 2
1831 -1.000000 2
1835 1.000000 4
1839 0.000000 4
1842 1.000000 3
1846 0.000000 4
1849 1.000000 3
1852 -1.000000 3
1855 -1.000000 3
1859 0.000000 4
1863 1.000000 4
1865 1.000000 2
1868 1.000000 3
1872 1.000000 4
1875 1.000000 3
1879 0.000000 4
1882 1.000000 3
1886 1.000000 4
1889 1.000000 3
1892 1.000000 3
1895 1.000000 3
1899 0.000000 4
1903 0.000000 4
1906 1.000000 3
1910 1.000000 4
1914 0.000000 4
1917 -1.000000 3
1921 1.000000 4
1924 1.000000 3
1928 1.000000 4
1931 1.000000 3
1933 1.000000 2
1935 1.000000 2
1939 0.000000 4
1943 0.000000 4
1947 0.000000 4
1950 -1.000000 3
1954 1.000000 4
1956 -1.000000 2
1960 1.000000 4
1962 -1.000000 2
1965 -1.000000 3
1968 -1.000000 3
1971 -1.000000 3
1974 1.000000 3
1977 -1.000000 3
1981 1.000000 4
1985 1.000000 4
1989 1.000000 4
1992 1.000000 3
1996 1.000000 4
1999 -1.000000 3
2002 1.000000 3
2004 1.000000 2
2008 1.000000 4
2010 -1.000000 2
2014 1.000000 4
2017 1.000000 3
2020 1.000000 3
2022 1.000000 2
2025 1.000000 3
2028 1.000000 3
2031 -1.000000 3
2033 1.000000 2
2035 1.000000 2
2037 -1.000000 2
2041 1.000000 4
2044 -1.000000 3
2048 1.000000 4
2051 1.000000 3
2053 1.000000 2
2057 1.000000 4
2060 -1.000000 3
2064 0.000000 4
2067 1.000000 3
2071 0.000000 4
2073 -1.000000 2
2076 1.000000 3
2080 1.000000 4
2083 1.000000 3
2086 1.000000 3
2089 -1.000000 3
2092 -1.000000 3
2095 1.000000 3
2098 1.000000 3
2101 -1.000000 3
2105 0.000000 4
2107 -1.000000 2
2111 1.000000 4
2114 1.000000 3
2118 0.000000 4
2121 1.000000 3
2123 1.000000 2
2126 1.000000 3
2128 -1.000000 2
2131 1.000000 3
2134 1.000000 3
2138 1.000000 4
2141 1.000000 3
2143 -1.000000 2
2146 -1.000000 3
2149 1.000000 3
2153 1.000000 4
2155 1.000000 2
2157 -1.000000 2
2160 1.000000 3
2164 1.000000 4
2167 -1.000000 3
2169 -1.000000 2
2171 1.000000 2
2174 -1.000000 3
2177 -1.000000 3
2179 -1.000000 2
2182 1.000000 3
2184 -1.000000 2
2187 1.000000 3
2189 -1.000000 2
2193 0.000000 4
2196 1.000000 3
2199 1.000000 3
2202 1.000000 3
2206 1.000000 4
2209 -1.000000 3
2213 0.000000 4
2217 1.000000 4
2219 1.000000 2
2222 1.000000 3
2226 1.000000 4
2230 1.000000 4
2232 1.000000 2
2235 1.000000 3
2239 1.000000 4
2243 1.000000 4
2246 1.000000 3
2250 1.000000 4
2253 1.000000 3
2255 1.000000 2
2258 1.000000 3
2260 -1.000000 2
2262 1.000000 2
2266 1.000000 4
2270 1.000000 4
2273 1.000000 3
2276 1.000000 3
2279 1.000000 3
2282 1.000000 3
2286 0.000000 4
2289 1.000000 3
2292 1.000000 3
2295 1.000000 3
2298 -1.000000 3
2300 -1.000000 2
2303 -1.000000 3
2307 0.000000 4
2309 1.000000 2
2313 1.000000 4
2317 1.000000 4
2321 1.000000 4
2325 1.000000 4
2329 1.000000 4
2332 -1.000000 3
2336 1.000000 4
2340 1.000000 4
2343 1.000000 3
2347 1.000000 4
2351 1.000000 4
2354 1.000000 3
2357 -1.000000 3
2360 1.000000 3
2363 -1.000000 3
2367 1.000000 4
2371 0.000000 4
2375 1.000000 4
2378 -1.000000 3
2380 -1.000000 2
2383 1.000000 3
2387 0.000000 4
2390 -1.000000 3
2394 1.000000 4
2397 1.000000 3
2401 1.000000 4
2405 1.000000 4
2409 1.000000 4
2412 1.000000 3
2416 1.000000 4
2420 0.000000 4
2424 0.000000 4
2427 -1.000000 3
2431 1.000000 4
2435 0.000000 4
2438 -1.000000 3
2440 1.000000 2
2444 1.000000 4
2447 1.000000 3
2451 1.000000 4
2455 0.000000 4
2458 -1.000000 3
2462 1.000000 4
2466 1.000000 4
2468 -1.000000 2
2472 1.000000 4
2476 1.000000 4
2478 1.000000 2
2481 -1.000000 3
2484 1.000000 3
2488 0.000000 4
2491 1.000000 3
2495 1.000000 4
2498 1.000000 3
2500 1.000000 2
2504 0.000000 4
2508 1.000000 4
2511 1.000000 3
2514 1.000000 3
2517 1.000000 3
2520 -1.000000 3
2523 1.000000 3
2525 -1.000000 2
2528 -1.000000 3
2531 -1.000000 3
2534 1.000000 3
2538 0.000000 4
2540 -1.000000 2
2543 1.000000 3
2546 -1.000000 3
2548 1.000000 2
2551 1.000000 3
2553 -1.000000 2
2556 1.000000 3
2559 -1.000000 3
2561 -1.000000 2
2565 1.000000 4
2568 -1.000000 3
2570 1.000000 2
2573 -1.000000 3
2577 0.000000 4
2580 1.000000 3
2583 -1.000000 3
2587 0.000000 4
2591 0.000000 4
2594 -1.000000 3
2597 1.000000 3
2600 1.000000 3
2603 -1.000000 3
2607 1.000000 4
2609 -1.000000 2
2612 1.000000 3
2616 1.000000 4
2619 1.000000 3
2622 -1.000000 3
2625 1.000000 3
2629 1.000000 4
2632 -1.000000 3
2636 1.000000 4
2639 -1.000000 3
2641 -1.000000 2
2643 -1.000000 2
2647 0.000000 4
2651 1.000000 4
2654 1.000000 3
2657 1.000000 3
2660 1.000000 3
2663 -1.000000 3
2667 1.000000 4
2671 0.000000 4
2674 1.000000 3
2678 0.000000 4
2682 1.000000 4
2686 1.000000 4
2690 1.000000 4
2693 1.000000 3
2697 1.000000 4
2699 1.000000 2
2703 0.000000 4
2707 1.000000 4
2710 1.000000 3
2714 1.000000 4
2716 -1.000000 2
2720 1.000000 4
2724 1.000000 4
2726 1.000000 2
2730 0.000000 4
2733 1.000000 3
2736 1.000000 3
2740 1.000000 4
2743 -1.000000 3
2746 1.000000 3
2750 0.000000 4
2753 -1.000000 3
2757 1.000000 4
2761 0.000000 4
2763 1.000000 2
2766 1.000000 3
2770 0.000000 4
2772 -1.000000 2
2774 1.000000 2
2776 -1.000000 2
2780 1.000000 4
2783 1.000000 3
2787 1.000000 4
2789 1.000000 2
2793 1.000000 4
2796 1.000000 3
2800 1.000000 4
2803 1.000000 3
2807 0.000000 4
2810 1.000000 3
2814 0.000000 4
2817 -1.000000 3
2821 0.000000 4
2823 -1.000000 2
2827 1.000000 4
2831 0.000000 4
2834 1.000000 3
2837 -1.000000 3
2841 1.000000 4
2843 -1.000000 2
2846 -1.000000 3
2849 -1.000000 3
2853 1.000000 4
2857 0.000000 4
2860 -1.000000 3
2863 -1.000000 3
2867 1.000000 4
2870 1.000000 3
2873 -1.000000 3
2877 1.000000 4
2880 1.000000 3
2883 1.000000 3
2887 1.000000 4
2890 1.000000 3
2893 1.000000 3
2895 1.000000 2
2899 1.000000 4
2903 1.000000 4
2907 0.000000 4
2910 1.000000 3
2913 -1.000000 3
2917 1.000000 4
2920 1.000000 3
2924 0.000000 4
2927 -1.000000 3
2930 1.000000 3
2933 1.000000 3
2936 1.000000 3
2940 0.000000 4
2943 -1.000000 3
2947 1.000000 4
2950 1.000000 3
2953 -1.000000 3
2956 1.000000 3
2959 1.000000 3
2963 0.000000 4
2967 1.000000 4
2970 1.000000 3
2974 0.000000 4
2978 0.000000 4
2981 -1.000000 3
2984 1.000000 3
2988 1.000000 4
2992 0.000000 4
2994 -1.000000 2
2997 -1.000000 3
3001 1.000000 4
3004 -1.000000 3
3007 -1.000000 3
3009 -1.000000 2
3013 1.000000 4
3017 1.000000 4
3020 1.000000 3
3024 1.000000 4
3026 -1.000000 2
3030 1.000000 4
3033 -1.000000 3
3037 1.000000 4
3039 1.000000 2
3043 1.000000 4
3047 0.000000 4
3050 -1.000000 3
3053 1.000000 3
3057 0.000000 4
3060 -1.000000 3
3062 1.000000 2
3065 -1.000000 3
3067 -1.000000 2
3070 1.000000 3
3073 1.000000 3
3075 -1.000000 2
3078 1.000000 3
3082 0.000000 4
3084 -1.000000 2
3087 -1.000000 3
3090 1.000000 3
3093 1.000000 3
3096 -1.000000 3
3100 1.000000 4
3103 1.000000 3
3107 0.000000 4
3111 1.000000 4
3115 0.000000 4
3118 -1.000000 3
3121 -1.000000 3
3124 -1.000000 3
3128 1.000000 4
3132 1.000000 4
3134 1.000000 2
3137 1.000000 3
3141 1.000000 4
3145 0.000000 4
3149 1.000000 4
3151 1.000000 2
3155 0.000000 4
3159 1.000000 4
3163 0.000000 4
3166 1.000000 3
3170 1.000000 4
3173 -1.000000 3
3175 1.000000 2
3178 1.000000 3
3181 -1.000000 3
3185 1.000000 4
3188 1.000000 3
3192 1.000000 4
3195 -1.000000 3
3199 0.000000 4
3201 -1.000000 2
3204 1.000000 3
3207 1.000000 3
3210 -1.000000 3
3213 1.000000 3
3217 1.000000 4
3219 1.000000 2
3223 0.000000 4
3227 1.000000 4
3231 1.000000 4
3234 -1.000000 3
3237 1.000000 3
3240 -1.000000 3
3244 0.000000 4
3248 1.000000 4
3251 -1.000000 3
3254 1.000000 3
3258 1.000000 4
3262 0.000000 4
3266 0.000000 4
3269 -1.000000 3
3273 1.000000 4
3276 -1.000000 3
3280 1.000000 4
3283 -1.000000 3
3287 1.000000 4
3290 -1.000000 3
3294 1.000000 4
3296 -1.000000 2
3300 0.000000 4
3304 1.000000 4
3306 -1.000000 2
3309 -1.000000 3
3312 1.000000 3
3314 1.000000 2
3318 0.000000 4
3322 0.000000 4
3324 1.000000 2
3326 -1.000000 2
3329 -1.000000 3
3331 -1.000000 2
3333 1.000000 2
3335 -1.000000 2
3339 1.000000 4
3342 1.000000 3
3346 1.000000 4
3349 1.000000 3
3353 0.000000 4
3356 -1.000000 3
3359 -1.000000 3
3361 1.000000 2
3364 1.000000 3
3366 -1.000000 2
3370 1.000000 4
3373 -1.000000 3
3376 1.000000 3
3380 1.000000 4
3384 1.000000 4
3387 -1.000000 3
3390 -1.000000 3
3393 1.000000 3
3396 -1.000000 3
3399 1.000000 3
3402 -1.000000 3
3406 0.000000 4
3409 1.000000 3
3412 -1.000000 3
3414 1.000000 2
3417 -1.000000 3
3420 1.000000 3
3423 -1.000000 3
3426 -1.000000 3
3428 1.000000 2
3432 1.000000 4
3434 -1.000000 2
3437 1.000000 3
3439 1.000000 2
3442 1.000000 3
3445 -1.000000 3
3449 1.000000 4
3452 -1.000000 3
3454 1.000000 2
3458 1.000000 4
3460 1.000000 2
3463 -1.000000 3
3465 1.000000 2
3469 1.000000 4
3473 0.000000 4
3477 0.000000 4
3481 0.000000 4
3484 1.000000 3
3488 1.000000 4
3492 1.000000 4
3495 1.000000 3
3498 1.000000 3
3500 1.000000 2
3502 -1.000000 2
3505 1.000000 3
3507 -1.000000 2
3511 0.000000 4
3514 1.000000 3
3516 -1.000000 2
3518 -1.000000 2
3522 1.000000 4
3524 -1.000000 2
3528 1.000000 4
3532 1.000000 4
3535 1.000000 3
3538 -1.000000 3
3542 1.000000 4
3546 1.000000 4
3549 -1.000000 3
3551 -1.000000 2
3555 0.000000 4
3559 0.000000 4
3563 0.000000 4
3565 1.000000 2
3568 1.000000 3
3572 1.000000 4
3574 -1.000000 2
3577 -1.000000 3
3581 0.000000 4
3585 0.000000 4
3589 0.000000 4
3593 0.000000 4
3597 1.000000 4
3599 1.000000 2
3602 -1.000000 3
3604 1.000000 2
3608 0.000000 4
3610 -1.000000 2
3613 1.000000 3
3616 1.000000 3
3618 -1.000000 2
3622 0.000000 4
3626 0.000000 4
3628 -1.000000 2
3631 -1.000000 3
3635 0.000000 4
3638 -1.000000 3
3642 1.000000 4
3644 1.000000 2
3648 1.000000 4
3652 0.000000 4
3655 -1.000000 3
3659 1.000000 4
3662 -1.000000 3
3665 -1.000000 3
3669 1.000000 4
3672 1.000000 3
3675 1.000000 3
3678 1.000000 3
3681 -1.000000 3
3685 1.000000 4
3688 1.000000 3
3691 -1.000000 3
3694 -1.000000 3
3696 -1.000000 2
3699 1.000000 3
3703 1.000000 4
3706 1.000000 3
3709 -1.000000 3
3713 1.000000 4
3717 0.000000 4
3720 -1.000000 3
3724 1.000000 4
3727 -1.000000 3
3730 -1.000000 3
3733 1.000000 3
3736 1.000000 3
3739 1.000000 3
3742 -1.000000 3
3745 1.000000 3
3748 1.000000 3
3752 1.000000 4
3756 1.000000 4
3760 1.000000 4
3762 -1.000000 2
3765 1.000000 3
3769 1.000000 4
3771 1.000000 2
3775 1.000000 4
3778 1.000000 3
3781 -1.000000 3
3783 -1.000000 2
3787 0.000000 4
3790 1.000000 3
3793 1.000000 3
3796 1.000000 3
3800 0.000000 4
3803 -1.000000 3
3807 0.000000 4
3811 1.000000 4
3814 -1.000000 3
3818 1.000000 4
3821 -1.000000 3
3825 0.000000 4
3829 1.000000 4
3833 0.000000 4
3836 1.000000 3
3840 1.000000 4
3844 0.000000 4
3846 1.000000 2
3849 1.000000 3
3851 -1.000000 2
3853 1.000000 2
3855 1.000000 2
3858 1.000000 3
3861 -1.000000 3
3865 0.000000 4
3869 1.000000 4
3872 -1.000000 3
3875 -1.000000 3
3877 -1.000000 2
3881 0.000000 4
3884 -1.000000 3
3888 0.000000 4
3891 -1.000000 3
3894 -1.000000 3
3897 1.000000 3
3900 1.000000 3
3902 1.000000 2
3905 -1.000000 3
3908 -1.000000 3
3911 1.000000 3
3914 1.000000 3
3917 -1.000000 3
3919 -1.000000 2
3922 -1.000000 3
3926 1.000000 4
3929 1.000000 3
3933 1.000000 4
3935 1.000000 2
3938 1.000000 3
3940 -1.000000 2
3944 1.000000 4
3946 -1.000000 2
3950 1.000000 4
3953 -1.000000 3
3955 1.000000 2
3958 1.000000 3
3962 1.000000 4
3966 1.000000 4
3970 1.000000 4
3973 -1.000000 3
3975 -1.000000 2
3979 1.000000 4
3983 1.000000 4
3986 1.000000 3
3990 0.000000 4
3992 1.000000 2
3996 1.000000 4
4000 1.000000 4
4002 -1.000000 2
4006 1.000000 4
4009 1.000000 3
4012 1.000000 3
4015 1.000000 3
4018 1.000000 3
4021 1.000000 3
4025 1.000000 4
4028 1.000000 3
4032 1.000000 4
4035 1.000000 3
4038 -1.000000 3
4041 1.000000 3
4045 1.000000 4
4047 1.000000 2
4050 -1.000000 3
4053 1.000000 3
4057 0.000000 4
4060 -1.000000 3
4063 1.000000 3
4066 1.000000 3
4068 -1.000000 2
4072 0.000000 4
4076 1.000000 4
4079 -1.000000 3
4081 1.000000 2
4083 -1.000000 2
4085 1.000000 2
4088 1.000000 3
4092 1.000000 4
4096 1.000000 4
4099 -1.000000 3
4103 1.000000 4
4107 1.000000 4
4111 1.000000 4
4114 -1.000000 3
4118 0.000000 4
4121 -1.000000 3
4125 1.000000 4
4128 1.000000 3
4131 1.000000 3
4133 1.000000 2
4136 1.000000 3
4138 1.000000 2
4142 1.000000 4
4144 1.000000 2
4146 1.000000 2
4149 1.000000 3
4152 1.000000 3
4156 0.000000 4
4158 1.000000 2
4161 -1.000000 3
4165 1.000000 4
4168 -1.000000 3
4171 1.000000 3
4173 -1.000000 2
4175 -1.000000 2
4177 -1.000000 2
4180 -1.000000 3
4183 1.000000 3
4186 1.000000 3
4188 -1.000000 2
4192 1.000000 4
4196 0.000000 4
4199 1.000000 3
4201 -1.000000 2
4203 1.000000 2
4207 0.000000 4
4210 -1.000000 3
4213 -1.000000 3
4217 0.000000 4
4220 1.000000 3
4223 -1.000000 3
4227 1.000000 4
4231 1.000000 4
4235 1.000000 4
4238 1.000000 3
4242 1.000000 4
4246 0.000000 4
4249 -1.000000 3
4251 1.000000 2
4254 1.000000 3
4258 1.000000 4
4261 1.000000 3
4263 -1.000000 2
4267 0.000000 4
4271 1.000000 4
4275 1.000000 4
4278 1.000000 3
4282 1.000000 4
4285 1.000000 3
4287 1.000000 2
4291 1.000000 4
4294 -1.000000 3
4298 1.000000 4
4302 1.000000 4
4305 1.000000 3
4308 1.000000 3
4311 1.000000 3
4313 1.000000 2
4316 -1.000000 3
4319 -1.000000 3
4322 1.000000 3
4324 -1.000000 2
4326 1.000000 2
4329 1.000000 3
4332 1.000000 3
4336 0.000000 4
4338 -1.000000 2
4341 1.000000 3
4345 1.000000 4
4349 0.000000 4
4352 1.000000 3
4356 1.000000 4
4360 1.000000 4
4362 1.000000 2
4364 1.000000 2
4368 1.000000 4
4371 1.000000 3
4374 -1.000000 3
4377 -1.000000 3
4380 1.000000 3
4383 -1.000000 3
4385 1.000000 2
4388 1.000000 3
4391 1.000000 3
4394 1.000000 3
4397 -1.000000 3
4400 1.000000 3
4404 1.000000 4
4407 -1.000000 3
4410 1.000000 3
4414 1.000000 4
4417 -1.000000 3
4420 1.000000 3
4422 -1.000000 2
4425 1.000000 3
4429 1.000000 4
4433 1.000000 4
4435 -1.000000 2
4438 1.000000 3
4441 1.000000 3
4444 1.000000 3
4447 1.000000 3
4449 -1.000000 2
4452 1.000000 3
4456 1.000000 4
4458 1.000000 2
4460 1.000000 2
4464 0.000000 4
4468 0.000000 4
4471 1.000000 3
4475 1.000000 4
4479 1.000000 4
4482 -1.000000 3
4485 1.000000 3
4488 1.000000 3
4491 1.000000 3
4494 -1.000000 3
4498 1.000000 4
4502 1.000000 4
4506 1.000000 4
4508 1.000000 2
4511 1.000000 3
4515 0.000000 4
4518 1.000000 3
4520 -1.000000 2
4523 -1.000000 3
4526 -1.000000 3
4529 1.000000 3
4532 1.000000 3
4536 1.000000 4
4539 1.000000 3
4542 -1.000000 3
4546 1.000000 4
4549 1.000000 3
4553 1.000000 4
4557 1.000000 4
4560 1.000000 3
4562 -1.000000 2
4565 1.000000 3
4569 0.000000 4
4571 -1.000000 2
4575 0.000000 4
4579 1.000000 4
4583 1.000000 4
4587 0.000000 4
4589 1.000000 2
4592 -1.000000 3
4596 1.000000 4
4600 1.000000 4
4603 1.000000 3
4606 -1.000000 3
4609 -1.000000 3
4611 -1.000000 2
4614 -1.000000 3
4617 1.000000 3
4619 1.000000 2
4623 0.000000 4
4626 1.000000 3
4630 0.000000 4
4632 1.000000 2
4635 -1.000000 3
4639 0.000000 4
4642 -1.000000 3
4644 -1.000000 2
4646 -1.000000 2
4649 -1.000000 3
4652 -1.000000 3
4654 -1.000000 2
4658 1.000000 4
4662 0.000000 4
4664 1.000000 2
4667 -1.000000 3
4670 1.000000 3
4672 1.000000 2
4676 1.000000 4
4678 1.000000 2
4681 1.000000 3
4684 -1.000000 3
4686 -1.000000 2
4690 0.000000 4
4694 1.000000 4
4697 1.000000 3
4700 1.000000 3
4703 1.000000 3
4706 -1.000000 3
4710 1.000000 4
4714 0.000000 4
4717 1.000000 3
4719 -1.000000 2
4722 1.000000 3
4726 0.000000 4
4729 1.000000 3
4732 -1.000000 3
4735 1.000000 3
4739 1.000000 4
4743 0.000000 4
4747 1.000000 4
4750 1.000000 3
4753 1.000000 3
4755 1.000000 2
4757 1.000000 2
4761 1.000000 4
4763 1.000000 2
4767 1.000000 4
4770 -1.000000 3
4772 1.000000 2
4776 1.000000 4
4779 1.000000 3
4782 1.000000 3
4786 1.000000 4
4788 1.000000 2
4791 -1.000000 3
4795 0.000000 4
4799 1.000000 4
4801 1.000000 2
4804 -1.000000 3
4807 -1.000000 3
4810 -1.000000 3
4812 1.000000 2
4815 1.000000 3
4819 0.000000 4
4822 -1.000000 3
4825 -1.000000 3
4828 1.000000 3
4831 -1.000000 3
4834 -1.000000 3
4836 -1.000000 2
4839 1.000000 3
4843 0.000000 4
4847 1.000000 4
4850 -1.000000 3
4854 1.000000 4
4858 1.000000 4
4862 0.000000 4
4865 -1.000000 3
4867 1.000000 2
4871 0.000000 4
4875 0.000000 4
4878 1.000000 3
4882 1.000000 4
4886 1.000000 4
4890 1.000000 4
4893 -1.000000 3
4896 1.000000 3
4899 1.000000 3
4902 -1.000000 3
4906 0.000000 4
4910 1.000000 4
4913 -1.000000 3
4916 1.000000 3
4920 1.000000 4
4922 1.000000 2
4926 0.000000 4
4930 1.000000 4
4933 -1.000000 3
4936 1.000000 3
4940 1.000000 4
4943 -1.000000 3
4947 1.000000 4
4951 0.000000 4
4953 -1.000000 2
4956 1.000000 3
4960 1.000000 4
4962 1.000000 2
4965 -1.000000 3
4968 1.000000 3
4972 0.000000 4
4975 1.000000 3
4978 1.000000 3
4982 0.000000 4
4986 1.000000 4
4989 -1.000000 3
4991 -1.000000 2
4993 1.000000 2
4995 1.000000 2
4999 1.000000 4
5002 1.000000 3
5006 1.000000 4
5010 1.000000 4
5014 0.000000 4
5016 -1.000000 2
5019 1.000000 3
5023 0.000000 4
5026 1.000000 3
5029 1.000000 3
5032 -1.000000 3
5036 1.000000 4
5039 1.000000 3
5042 -1.000000 3
5045 1.000000 3
5049 1.000000 4
5052 1.000000 3
5056 0.000000 4
5060 1.000000 4
5063 1.000000 3
5066 -1.000000 3
5068 -1.000000 2
5070 -1.000000 2
5074 1.000000 4
5078 0.000000 4
5081 -1.000000 3
5084 1.000000 3
5087 1.000000 3
5090 -1.000000 3
5093 -1.000000 3
5095 -1.000000 2
5098 -1.000000 3
5101 1.000000 3
5105 1.000000 4
5107 -1.000000 2
5111 0.000000 4
5114 1.000000 3
5117 1.000000 3
5121 1.000000 4
5125 0.000000 4
5129 0.000000 4
5133 1.000000 4
5137 1.000000 4
5140 1.000000 3
5143 1.000000 3
5147 1.000000 4
5150 1.000000 3
5154 0.000000 4
5157 -1.000000 3
5160 1.000000 3
5163 -1.000000 3
5167 0.000000 4
5170 -1.000000 3
5172 1.000000 2
5174 1.000000 2
5178 1.000000 4
5180 -1.000000 2
5183 1.000000 3
5186 -1.000000 3
5190 0.000000 4
5193 1.000000 3
5196 1.000000 3
5199 1.000000 3
5202 -1.000000 3
5206 1.000000 4
5209 1.000000 3
5212 1.000000 3
5216 0.000000 4
5220 0.000000 4
5223 -1.000000 3
5226 -1.000000 3
5229 1.000000 3
5232 -1.000000 3
5235 -1.000000 3
5238 -1.000000 3
5242 1.000000 4
5246 1.000000 4
5249 -1.000000 3
5251 1.000000 2
5254 -1.000000 3
5258 0.000000 4
5260 1.000000 2
5263 -1.000000 3
5267 0.000000 4
5270 1.000000 3
5274 0.000000 4
5276 1.000000 2
5278 -1.000000 2
5282 1.000000 4
5286 1.000000 4
5290 1.000000 4
5293 1.000000 3
5296 1.000000 3
5299 1.000000 3
5302 1.000000 3
5306 1.000000 4
5309 1.000000 3
5311 1.000000 2
5314 1.000000 3
5317 1.000000 3
5320 1.000000 3
5323 1.000000 3
5326 1.000000 3
5328 -1.000000 2
5331 1.000000 3
5335 1.000000 4
5338 1.000000 3
5342 1.000000 4
5345 1.000000 3
5348 -1.000000 3
5351 -1.000000 3
5355 1.000000 4
5358 1.000000 3
5360 1.000000 2
5364 0.000000 4
5366 1.000000 2
5368 1.000000 2
5370 1.000000 2
5373 1.000000 3
5377 1.000000 4
5381 1.000000 4
5384 1.000000 3
5387 -1.000000 3
5389 -1.000000 2
5392 1.000000 3
5396 0.000000 4
5399 1.000000 3
5402 -1.000000 3
5405 1.000000 3
5408 1.000000 3
5412 0.000000 4
5415 1.000000 3
5419 1.000000 4
5422 1.000000 3
5426 0.000000 4
5429 -1.000000 3
5433 0.000000 4
5435 -1.000000 2
5438 -1.000000 3
5441 1.000000 3
5444 -1.000000 3
5446 -1.000000 2
5450 0.000000 4
5454 1.000000 4
5458 1.000000 4
5462 1.000000 4
5464 1.000000 2
5467 1.000000 3
5470 -1.000000 3
5473 1.000000 3
5477 0.000000 4
5479 1.000000 2
5481 1.000000 2
5484 1.000000 3
5486 1.000000 2
5490 0.000000 4
5493 -1.000000 3
5497 1.000000 4
5500 -1.000000 3
5504 1.000000 4
5507 -1.000000 3
5511 1.000000 4
5514 -1.000000 3
5517 1.000000 3
5519 1.000000 2
5522 1.000000 3
5525 -1.000000 3
5528 1.000000 3
5531 1.000000 3
5534 1.000000 3
5538 1.000000 4
5540 -1.000000 2
5543 1.000000 3
5546 1.000000 3
5549 1.000000 3
5553 1.000000 4
5556 -1.000000 3
5560 1.000000 4
5563 1.000000 3
5566 1.000000 3
5569 -1.000000 3
5571 -1.000000 2
5573 1.000000 2
5576 -1.000000 3
5580 1.000000 4
5583 1.000000 3
5587 0.000000 4
5589 -1.000000 2
5593 0.000000 4
5596 1.000000 3
5600 0.000000 4
5603 -1.000000 3
5607 1.000000 4
5611 0.000000 4
5613 -1.000000 2
5616 -1.000000 3
5620 1.000000 4
5624 1.000000 4
5627 1.000000 3
5630 -1.000000 3
5634 0.000000 4
5638 1.000000 4
5641 -1.000000 3
5643 -1.000000 2
5646 -1.000000 3
5648 -1.000000 2
5651 -1.000000 3
5655 0.000000 4
5658 1.000000 3
5661 -1.000000 3
5664 1.000000 3
5668 0.000000 4
5671 -1.000000 3
5674 1.000000 3
5678 1.000000 4
5681 -1.000000 3
5685 0.000000 4
5688 -1.000000 3
5692 1.000000 4
5695 -1.000000 3
5698 -1.000000 3
5702 1.000000 4
5704 -1.000000 2
5707 -1.000000 3
5711 1.000000 4
5714 1.000000 3
5717 -1.000000 3
5721 1.000000 4
5725 1.000000 4
5728 1.000000 3
5731 1.000000 3
5733 1.000000 2
5736 1.000000 3
5740 1.000000 4
5744 1.000000 4
5748 0.000000 4
5752 1.000000 4
5755 1.000000 3
5757 1.000000 2
5760 1.000000 3
5762 1.000000 2
5765 1.000000 3
5768 -1.000000 3
5772 0.000000 4
5774 -1.000000 2
5777 1.000000 3
5780 1.000000 3
5782 1.000000 2
5784 -1.000000 2
5787 1.000000 3
5790 1.000000 3
5793 -1.000000 3
5796 1.000000 3
5800 1.000000 4
5803 1.000000 3
5807 1.000000 4
5810 1.000000 3
5814 1.000000 4
5817 -1.000000 3
5821 0.000000 4
5824 -1.000000 3
5827 1.000000 3
5831 1.000000 4
5833 -1.000000 2
5836 1.000000 3
5838 -1.000000 2
5842 1.000000 4
5844 -1.000000 2
5847 1.000000 3
5850 1.000000 3
5853 1.000000 3
5857 0.000000 4
5860 -1.000000 3
5864 1.000000 4
5867 1.000000 3
5871 0.000000 4
5873 -1.000000 2
5876 1.000000 3
5879 -1.000000 3
5882 -1.000000 3
5886 0.000000 4
5889 -1.000000 3
5893 1.000000 4
5895 -1.000000 2
5899 1.000000 4
5901 1.000000 2
5903 1.000000 2
5907 1.000000 4
5911 1.000000 4
5915 1.000000 4
5919 1.000000 4
5922 1.000000 3
5925 1.000000 3
5929 0.000000 4
5932 -1.000000 3
5935 1.000000 3
5938 1.000000 3
5940 1.000000 2
5942 -1.000000 2
5945 1.000000 3
5948 1.000000 3
5950 -1.000000 2
5954 0.000000 4
5958 1.000000 4
5962 1.000000 4
5966 1.000000 4
5969 -1.000000 3
5973 1.000000 4
5976 -1.000000 3
5978 1.000000 2
5982 1.000000 4
5984 -1.000000 2
5988 1.000000 4
5990 -1.000000 2
5992 -1.000000 2
5995 1.000000 3
5999 1.000000 4
6002 -1.000000 3
6006 1.000000 4
6009 -1.000000 3
6011 1.000000 2
6015 1.000000 4
6017 1.000000 2
6020 -1.000000 3
6024 0.000000 4
6027 1.000000 3
6030 -1.000000 3
6034 1.000000 4
6036 1.000000 2
6039 -1.000000 3
6043 1.000000 4
6045 -1.000000 2
6049 0.000000 4
6051 1.000000 2
6054 1.000000 3
6058 1.000000 4
6060 1.000000 2
6063 1.000000 3
6066 1.000000 3
6068 -1.000000 2
6071 1.000000 3
6075 1.000000 4
6078 -1.000000 3
6081 -1.000000 3
6084 -1.000000 3
6087 -1.000000 3
6091 1.000000 4
6094 -1.000000 3
6097 -1.000000 3
6099 1.000000 2
6102 1.000000 3
6105 1.000000 3
6107 1.000000 2
6110 -1.000000 3
6112 -1.000000 2
6115 1.000000 3
6119 1.000000 4
6121 1.000000 2
6124 1.000000 3
6127 -1.000000 3
6130 1.000000 3
6134 0.000000 4
6138 1.000000 4
6142 1.000000 4
6146 0.000000 4
6148 -1.000000 2
6151 1.000000 3
6154 -1.000000 3
6157 1.000000 3
6161 1.000000 4
6163 1.000000 2
6167 1.000000 4
6169 -1.000000 2
6172 1.000000 3
6175 1.000000 3
6179 1.000000 4
6183 0.000000 4
6186 1.000000 3
6188 1.000000 2
6190 -1.000000 2
6194 1.000000 4
6198 1.000000 4
6200 -1.000000 2
6204 0.000000 4
6207 1.000000 3
6209 1.000000 2
6211 1.000000 2
6215 1.000000 4
6218 1.000000 3
6221 -1.000000 3
6224 -1.000000 3
6227 1.000000 3
6231 1.000000 4
6234 1.000000 3
6237 1.000000 3
6241 1.000000 4
6245 1.000000 4
6248 1.000000 3
6252 1.000000 4
6256 1.000000 4
6259 1.000000 3
6263 1.000000 4
6266 1.000000 3
6270 1.000000 4
6274 0.000000 4
6277 -1.000000 3
6280 1.000000 3
6284 1.000000 4
6288 0.000000 4
6291 -1.000000 3
6294 1.000000 3
6297 -1.000000 3
6300 1.000000 3
6302 -1.000000 2
6305 -1.000000 3
6308 -1.000000 3
6311 1.000000 3
6313 1.000000 2
6316 1.000000 3
6319 1.000000 3
6323 1.000000 4
6326 1.000000 3
6329 1.000000 3
6332 1.000000 3
6334 1.000000 2
6338 1.000000 4
6341 -1.000000 3
6344 1.000000 3
6347 1.000000 3
6351 1.000000 4
6355 0.000000 4
6358 -1.000000 3
6361 1.000000 3
6364 1.000000 3
6368 0.000000 4
6372 0.000000 4
6375 1.000000 3
6377 -1.000000 2
6379 1.000000 2
6382 1.000000 3
6385 1.000000 3
6389 0.000000 4
6393 0.000000 4
6396 -1.000000 3
6399 1.000000 3
6402 -1.000000 3
6405 1.000000 3
6409 1.000000 4
6412 -1.000000 3
6415 -1.000000 3
6418 1.000000 3
6422 0.000000 4
6426 1.000000 4
6430 0.000000 4
6433 -1.000000 3
6435 1.000000 2
6437 1.000000 2
6439 1.000000 2
6442 1.000000 3
6446 1.000000 4
6449 -1.000000 3
6452 1.000000 3
6455 1.000000 3
6458 -1.000000 3
6461 1.000000 3
6465 1.000000 4
6469 0.000000 4
6472 -1.000000 3
6475 1.000000 3
6477 1.000000 2
6480 1.000000 3
6482 1.000000 2
6486 1.000000 4
6489 1.000000 3
6492 -1.000000 3
6495 1.000000 3
6498 -1.000000 3
6501 1.000000 3
6505 1.000000 4
6508 -1.000000 3
6512 0.000000 4
6515 -1.000000 3
6518 1.000000 3
6522 1.000000 4
6526 1.000000 4
6530 1.000000 4
6533 1.000000 3
6535 -1.000000 2
6538 1.000000 3
6542 1.000000 4
6545 1.000000 3
6548 -1.000000 3
6552 0.000000 4
6555 1.000000 3
6559 1.000000 4
6562 -1.000000 3
6565 1.000000 3
6568 -1.000000 3
6571 -1.000000 3
6573 1.000000 2
6575 -1.000000 2
6579 1.000000 4
6581 -1.000000 2
6585 1.000000 4
6587 1.000000 2
6591 1.000000 4
6594 1.000000 3
6597 -1.000000 3
6600 -1.000000 3
6603 1.000000 3
6606 1.000000 3
6609 -1.000000 3
6613 1.000000 4
6617 1.000000 4
6621 1.000000 4
6624 -1.000000 3
6628 1.000000 4
6630 -1.000000 2
6633 1.000000 3
6636 1.000000 3
6638 -1.000000 2
6641 1.000000 3
6644 1.000000 3
6646 1.000000 2
6649 -1.000000 3
6653 1.000000 4
6656 -1.000000 3
6660 1.000000 4
6663 1.000000 3
6665 1.000000 2
6668 1.000000 3
6672 0.000000 4
6675 1.000000 3
6679 1.000000 4
6683 1.000000 4
6685 -1.000000 2
6688 1.000000 3
6692 1.000000 4
6695 1.000000 3
6698 -1.000000 3
6702 1.000000 4
6705 -1.000000 3
6708 1.000000 3
6712 0.000000 4
6715 1.000000 3
6719 0.000000 4
6721 1.000000 2
6725 1.000000 4
6728 1.000000 3
6731 1.000000 3
6734 -1.000000 3
6738 1.000000 4
6741 -1.000000 3
6745 1.000000 4
6749 0.000000 4
6752 -1.000000 3
6756 1.000000 4
6759 1.000000 3
6763 1.000000 4
6766 -1.000000 3
6769 1.000000 3
6773 1.000000 4
6777 1.000000 4
6780 -1.000000 3
6783 1.000000 3
6787 1.000000 4
6789 1.000000 2
6791 -1.000000 2
6794 -1.000000 3
6797 -1.000000 3
6801 1.000000 4
6805 1.000000 4
6807 -1.000000 2
6811 1.000000 4
6814 1.000000 3
6817 1.000000 3
6820 1.000000 3
6824 1.000000 4
6826 -1.000000 2
6829 -1.000000 3
6833 0.000000 4
6835 -1.000000 2
6838 1.000000 3
6842 1.000000 4
6845 1.000000 3
6848 -1.000000 3
6852 0.000000 4
6855 -1.000000 3
6859 1.000000 4
6862 -1.000000 3
6865 -1.000000 3
6867 1.000000 2
6871 1.000000 4
6873 -1.000000 2
6877 1.000000 4
6880 1.000000 3
6882 -1.000000 2
6886 1.000000 4
6889 -1.000000 3
6893 1.000000 4
6895 -1.000000 2
6898 -1.000000 3
6901 -1.000000 3
6905 1.000000 4
6908 1.000000 3
6910 1.000000 2
6913 -1.000000 3
6915 -1.000000 2
6919 0.000000 4
6923 1.000000 4
6926 1.000000 3
6930 0.000000 4
6932 1.000000 2
6935 1.000000 3
6938 1.000000 3
6942 0.000000 4
6945 1.000000 3
6949 1.000000 4
6952 -1.000000 3
6956 0.000000 4
6960 1.000000 4
6964 0.000000 4
6967 1.000000 3
6970 1.000000 3
6973 -1.000000 3
6976 1.000000 3
6979 -1.000000 3
6982 1.000000 3
6985 -1.000000 3
6987 1.000000 2
6989 -1.000000 2
6992 1.000000 3
6995 -1.000000 3
6999 1.000000 4
7002 1.000000 3
7006 0.000000 4
7009 -1.000000 3
7012 1.000000 3
7015 -1.000000 3
7018 1.000000 3
7021 1.000000 3
7024 -1.000000 3
7027 1.000000 3
7030 1.000000 3
7034 1.000000 4
7038 1.000000 4
7042 1.000000 4
7044 1.000000 2
7047 -1.000000 3
7050 -1.000000 3
7053 1.000000 3
7056 1.000000 3
7058 1.000000 2
7061 -1.000000 3
7065 0.000000 4
7068 1.000000 3
7071 -1.000000 3
7074 -1.000000 3
7077 -1.000000 3
7081 0.000000 4
7085 1.000000 4
7088 1.000000 3
7092 0.000000 4
7095 -1.000000 3
7098 -1.000000 3
7101 -1.000000 3
7105 0.000000 4
7108 -1.000000 3
7111 -1.000000 3
7115 0.000000 4
7118 -1.000000 3
7121 1.000000 3
7124 -1.000000 3
7126 1.000000 2
7129 1.000000 3
7132 1.000000 3
7134 1.000000 2
7138 0.000000 4
7140 -1.000000 2
7144 1.000000 4
7147 1.000000 3
7150 1.000000 3
7153 -1.000000 3
7157 1.000000 4
7160 1.000000 3
7162 -1.000000 2
7165 1.000000 3
7167 1.000000 2
7171 1.000000 4
7174 1.000000 3
7177 -1.000000 3
7179 1.000000 2
7182 1.000000 3
7184 1.000000 2
7187 -1.000000 3
7191 0.000000 4
7195 0.000000 4
7197 -1.000000 2
7200 -1.000000 3
7204 1.000000 4
7207 1.000000 3
7209 1.000000 2
7211 1.000000 2
7213 -1.000000 2
7217 1.000000 4
7221 1.000000 4
7225 0.000000 4
7228 -1.000000 3
7232 0.000000 4
7236 1.000000 4
7239 -1.000000 3
7241 1.000000 2
7244 -1.000000 3
7247 -1.000000 3
7251 1.000000 4
7255 0.000000 4
7259 1.000000 4
7262 1.000000 3
7265 -1.000000 3
7268 -1.000000 3
7271 1.000000 3
7275 1.000000 4
7278 -1.000000 3
7281 -1.000000 3
7285 1.000000 4
7287 -1.000000 2
7291 1.000000 4
7293 1.000000 2
7297 1.000000 4
7301 1.000000 4
7304 -1.000000 3
7308 1.000000 4
7311 1.000000 3
7315 0.000000 4
7319 1.000000 4
7323 1.000000 4
7326 -1.000000 3
7329 -1.000000 3
7333 1.000000 4
7336 1.000000 3
7339 -1.000000 3
7342 1.000000 3
7345 -1.000000 3
7348 1.000000 3
7352 0.000000 4
7355 1.000000 3
7358 1.000000 3
7360 -1.000000 2
7363 1.000000 3
7366 -1.000000 3
7370 0.000000 4
7373 1.000000 3
7377 0.000000 4
7380 1.000000 3
7383 1.000000 3
7385 -1.000000 2
7388 -1.000000 3
7391 -1.000000 3
7394 1.000000 3
7398 1.000000 4
7400 -1.000000 2
7404 1.000000 4
7406 -1.000000 2
7410 1.000000 4
7414 1.000000 4
7416 -1.000000 2
7419 -1.000000 3
7422 -1.000000 3
7426 0.000000 4
7430 1.000000 4
7433 -1.000000 3
7436 -1.000000 3
7439 1.000000 3
7443 1.000000 4
7446 -1.000000 3
7450 1.000000 4
7453 -1.000000 3
7457 1.000000 4
7459 1.000000 2
7462 1.000000 3
7464 -1.000000 2
7467 -1.000000 3
7470 1.000000 3
7472 -1.000000 2
7476 0.000000 4
7480 0.000000 4
7483 1.000000 3
7486 -1.000000 3
7489 -1.000000 3
7492 -1.000000 3
7495 -1.000000 3
7499 1.000000 4
7502 1.000000 3
7505 1.000000 3
7508 1.000000 3
7510 -1.000000 2
7514 1.000000 4
7516 1.000000 2
7520 1.000000 4
7523 1.000000 3
7526 1.000000 3
7530 0.000000 4
7532 1.000000 2
7536 0.000000 4
7539 1.000000 3
7542 1.000000 3
7544 1.000000 2
7548 1.000000 4
7550 -1.000000 2
7552 1.000000 2
7556 1.000000 4
7558 1.000000 2
7562 0.000000 4
7564 -1.000000 2
7567 1.000000 3
7570 1.000000 3
7573 -1.000000 3
7576 1.000000 3
7580 1.000000 4
7583 1.000000 3
7586 1.000000 3
7590 0.000000 4
7593 1.000000 3
7596 -1.000000 3
7599 1.000000 3
7603 0.000000 4
7607 1.000000 4
7609 -1.000000 2
7612 1.000000 3
7615 1.000000 3
7617 1.000000 2
7620 -1.000000 3
7624 0.000000 4
7627 -1.000000 3
7630 -1.000000 3
7633 1.000000 3
7637 1.000000 4
7639 1.000000 2
7643 1.000000 4
7646 -1.000000 3
7649 1.000000 3
7652 -1.000000 3
7654 -1.000000 2
7658 0.000000 4
7661 -1.000000 3
7664 -1.000000 3
7666 -1.000000 2
7669 -1.000000 3
7673 1.000000 4
7676 1.000000 3
7679 1.000000 3
7683 1.000000 4
7686 -1.000000 3
7689 1.000000 3
7693 1.000000 4
7697 0.000000 4
7699 1.000000 2
7701 1.000000 2
7704 1.000000 3
7708 1.000000 4
7710 1.000000 2
7714 1.000000 4
7718 0.000000 4
7722 0.000000 4
7724 1.000000 2
7727 1.000000 3
7731 1.000000 4
7735 1.000000 4
7738 1.000000 3
7741 -1.000000 3
7744 1.000000 3
7748 0.000000 4
7750 -1.000000 2
7754 1.000000 4
7758 1.000000 4
7761 -1.000000 3
7765 1.000000 4
7769 1.000000 4
7772 1.000000 3
7775 -1.000000 3
7778 -1.000000 3
7781 1.000000 3
7785 1.000000 4
7789 1.000000 4
7792 1.000000 3
7795 -1.000000 3
7799 1.000000 4
7802 1.000000 3
7805 1.000000 3
7808 -1.000000 3
7811 -1.000000 3
7815 0.000000 4
7817 1.000000 2
7819 1.000000 2
7821 1.000000 2
7824 -1.000000 3
7827 1.000000 3
7830 -1.000000 3
7834 1.000000 4
7838 1.000000 4
7841 1.000000 3
7843 1.000000 2
7845 -1.000000 2
7848 1.000000 3
7851 1.000000 3
7853 1.000000 2
7856 1.000000 3
7860 1.000000 4
7864 1.000000 4
7867 1.000000 3
7870 1.000000 3
7873 1.000000 3
7876 -1.000000 3
7880 1.000000 4
7884 1.000000 4
7888 1.000000 4
7892 0.000000 4
7895 1.000000 3
7898 -1.000000 3
7902 1.000000 4
7904 -1.000000 2
7908 1.000000 4
7911 -1.000000 3
7915 0.000000 4
7917 1.000000 2
7921 1.000000 4
7924 1.000000 3
7927 1.000000 3
7931 0.000000 4
7935 0.000000 4
7939 1.000000 4
7942 -1.000000 3
7945 -1.000000 3
7948 1.000000 3
7952 1.000000 4
7954 1.000000 2
7958 1.000000 4
7961 -1.000000 3
7964 1.000000 3
7967 -1.000000 3
7969 -1.000000 2
7973 1.000000 4
7976 1.000000 3
7980 1.000000 4
7982 -1.000000 2
7985 1.000000 3
7988 1.000000 3
7991 -1.000000 3
7994 1.000000 3
7998 1.000000 4
8001 1.000000 3
8005 1.000000 4
8009 0.000000 4
8012 1.000000 3
8014 1.000000 2
8018 1.000000 4
8021 -1.000000 3
8025 0.000000 4
8029 1.000000 4
8033 1.000000 4
8037 1.000000 4
8040 1.000000 3
8044 0.000000 4
8047 -1.000000 3
8050 1.000000 3
8054 0.000000 4
8057 -1.000000 3
8061 1.000000 4
8065 0.000000 4
8068 1.000000 3
8072 0.000000 4
8075 -1.000000 3
8077 -1.000000 2
8080 1.000000 3
8082 1.000000 2
8085 1.000000 3
8088 1.000000 3
8091 -1.000000 3
8095 1.000000 4
8097 -1.000000 2
8100 1.000000 3
8103 -1.000000 3
8105 -1.000000 2
8108 1.000000 3
8112 0.000000 4
8115 1.000000 3
8118 -1.000000 3
8120 1.000000 2
8123 1.000000 3
8125 1.000000 2
8129 1.000000 4
8131 1.000000 2
8134 1.000000 3
8137 -1.000000 3
8141 1.000000 4
8144 -1.000000 3
8147 1.000000 3
8149 -1.000000 2
8151 1.000000 2
8155 1.000000 4
8158 -1.000000 3
8162 0.000000 4
8165 1.000000 3
8168 1.000000 3
8171 -1.000000 3
8175 0.000000 4
8177 1.000000 2
8180 1.000000 3
8184 1.000000 4
8188 0.000000 4
8191 1.000000 3
8195 1.000000 4
8198 -1.000000 3
8200 1.000000 2
8203 1.000000 3
8206 1.000000 3
8208 -1.000000 2
8211 1.000000 3
8214 -1.000000 3
8216 -1.000000 2
8219 -1.000000 3
8221 1.000000 2
8224 1.000000 3
8227 1.000000 3
8230 -1.000000 3
8233 -1.000000 3
8237 0.000000 4
8240 1.000000 3
8244 1.000000 4
8247 -1.000000 3
8251 1.000000 4
8253 -1.000000 2
8255 -1.000000 2
8259 1.000000 4
8262 -1.000000 3
8265 -1.000000 3
8268 1.000000 3
8271 -1.000000 3
8275 1.000000 4
8279 1.000000 4
8283 1.000000 4
8286 1.000000 3
8288 -1.000000 2
8291 -1.000000 3
8294 -1.000000 3
8297 1.000000 3
8300 1.000000 3
8304 0.000000 4
8307 -1.000000 3
8311 1.000000 4
8314 1.000000 3
8317 1.000000 3
8319 -1.000000 2
8322 1.000000 3
8326 1.000000 4
8329 1.000000 3
8333 1.000000 4
8336 -1.000000 3
8339 -1.000000 3
8342 -1.000000 3
8345 1.000000 3
8348 1.000000 3
8352 1.000000 4
8356 1.000000 4
8359 -1.000000 3
8363 1.000000 4
8366 1.000000 3
8370 1.000000 4
8372 -1.000000 2
8376 1.000000 4
8380 0.000000 4
8383 1.000000 3
8386 1.000000 3
8389 1.000000 3
8392 1.000000 3
8395 -1.000000 3
8398 -1.000000 3
8401 -1.000000 3
8405 1.000000 4
8408 1.000000 3
8412 1.000000 4
8415 1.000000 3
8418 1.000000 3
8420 1.000000 2
8423 1.000000 3
8427 0.000000 4
8431 1.000000 4
8433 1.000000 2
8435 -1.000000 2
8437 1.000000 2
8441 1.000000 4
8443 1.000000 2
8446 1.000000 3
8450 1.000000 4
8452 1.000000 2
8455 -1.000000 3
8458 1.000000 3
8461 1.000000 3
8464 1.000000 3
8468 0.000000 4
8472 0.000000 4
8475 1.000000 3
8478 1.000000 3
8481 -1.000000 3
8484 1.000000 3
8488 1.000000 4
8491 1.000000 3
8494 1.000000 3
8497 -1.000000 3
8499 1.000000 2
8502 1.000000 3
8504 1.000000 2
8508 0.000000 4
8511 1.000000 3
8513 -1.000000 2
8515 1.000000 2
8519 1.000000 4
8522 1.000000 3
8526 0.000000 4
8530 0.000000 4
8534 1.000000 4
8536 1.000000 2
8540 1.000000 4
8543 1.000000 3
8545 -1.000000 2
8549 0.000000 4
8552 -1.000000 3
8556 1.000000 4
8559 -1.000000 3
8563 1.000000 4
8566 -1.000000 3
8570 1.000000 4
8573 -1.000000 3
8576 -1.000000 3
8579 1.000000 3
8581 -1.000000 2
8584 -1.000000 3
8587 -1.000000 3
8591 0.000000 4
8595 1.000000 4
8599 1.000000 4
8603 1.000000 4
8607 0.000000 4
8610 -1.000000 3
8613 1.000000 3
8617 1.000000 4
8621 0.000000 4
8623 1.000000 2
8626 1.000000 3
8628 1.000000 2
8631 1.000000 3
8635 0.000000 4
8638 1.000000 3
8641 1.000000 3
8644 1.000000 3
8647 -1.000000 3
8649 1.000000 2
8652 -1.000000 3
8656 1.000000 4
8660 1.000000 4
8663 1.000000 3
8665 -1.000000 2
8667 -1.000000 2
8670 1.000000 3
8672 -1.000000 2
8675 1.000000 3
8677 -1.000000 2
8681 1.000000 4
8684 1.000000 3
8687 1.000000 3
8691 1.000000 4
8695 0.000000 4
8699 1.000000 4
8702 -1.000000 3
8706 0.000000 4
8708 1.000000 2
8711 1.000000 3
8714 -1.000000 3
8717 -1.000000 3
8721 0.000000 4
8724 1.000000 3
8727 1.000000 3
8729 1.000000 2
8732 1.000000 3
8735 -1.000000 3
8738 1.000000 3
8742 1.000000 4
8745 1.000000 3
8749 1.000000 4
8752 1.000000 3
8754 -1.000000 2
8758 1.000000 4
8762 0.000000 4
8766 0.000000 4
8770 1.000000 4
8774 0.000000 4
8776 1.000000 2
8779 1.000000 3
8782 -1.000000 3
8785 -1.000000 3
8788 1.000000 3
8791 1.000000 3
8794 1.000000 3
8797 1.000000 3
8801 1.000000 4
8805 1.000000 4
8808 -1.000000 3
8811 -1.000000 3
8814 1.000000 3
8817 1.000000 3
8821 1.000000 4
8823 1.000000 2
8827 1.000000 4
8831 1.000000 4
8834 -1.000000 3
8838 1.000000 4
8841 1.000000 3
8845 0.000000 4
8848 1.000000 3
8851 1.000000 3
8853 -1.000000 2
8857 0.000000 4
8860 1.000000 3
8863 1.000000 3
8867 0.000000 4
8869 -1.000000 2
8872 -1.000000 3
8874 1.000000 2
8878 0.000000 4
8882 0.000000 4
8885 -1.000000 3
8889 1.000000 4
8892 -1.000000 3
8896 1.000000 4
8900 0.000000 4
8902 1.000000 2
8905 1.000000 3
8908 1.000000 3
8911 1.000000 3
8915 1.000000 4
8917 1.000000 2
8919 1.000000 2
8922 1.000000 3
8926 1.000000 4
8929 -1.000000 3
8932 -1.000000 3
8936 1.000000 4
8940 0.000000 4
8944 1.000000 4
8948 1.000000 4
8952 0.000000 4
8955 -1.000000 3
8958 1.000000 3
8962 1.000000 4
8965 -1.000000 3
8969 0.000000 4
8972 1.000000 3
8976 0.000000 4
8979 -1.000000 3
8982 -1.000000 3
8986 1.000000 4
8989 1.000000 3
8992 1.000000 3
8995 1.000000 3
8998 1.000000 3
9002 1.000000 4
9005 -1.000000 3
9008 1.000000 3
9012 0.000000 4
9015 1.000000 3
9018 1.000000 3
9022 1.000000 4
9026 0.000000 4
9028 1.000000 2
9030 -1.000000 2
9032 -1.000000 2
9034 -1.000000 2
9037 1.000000 3
9040 -1.000000 3
9043 -1.000000 3
9047 0.000000 4
9049 -1.000000 2
9052 1.000000 3
9055 -1.000000 3
9058 -1.000000 3
9062 0.000000 4
9066 1.000000 4
9069 1.000000 3
9072 -1.000000 3
9076 1.000000 4
9079 1.000000 3
9081 -1.000000 2
9084 -1.000000 3
9087 -1.000000 3
9090 1.000000 3
9094 0.000000 4
9097 1.000000 3
9100 1.000000 3
9102 -1.000000 2
9104 1.000000 2
9106 -1.000000 2
9110 0.000000 4
9114 0.000000 4
9118 1.000000 4
9121 -1.000000 3
9123 -1.000000 2
9127 1.000000 4
9130 -1.000000 3
9133 -1.000000 3
9135 -1.000000 2
9138 1.000000 3
9140 -1.000000 2
9143 1.000000 3
9146 -1.000000 3
9150 0.000000 4
9152 1.000000 2
9154 -1.000000 2
9157 -1.000000 3
9160 1.000000 3
9164 0.000000 4
9168 1.000000 4
9171 -1.000000 3
9174 1.000000 3
9178 1.000000 4
9182 1.000000 4
9186 1.000000 4
9188 1.000000 2
9191 1.000000 3
9194 1.000000 3
9197 1.000000 3
9200 -1.000000 3
9203 -1.000000 3
9206 -1.000000 3
9209 1.000000 3
9212 1.000000 3
9214 1.000000 2
9218 1.000000 4
9222 1.000000 4
9225 -1.000000 3
9229 1.000000 4
9232 -1.000000 3
9234 1.000000 2
9237 -1.000000 3
9239 -1.000000 2
9242 -1.000000 3
9245 1.000000 3
9249 1.000000 4
9252 -1.000000 3
9256 1.000000 4
9258 -1.000000 2
9261 -1.000000 3
9264 -1.000000 3
9268 0.000000 4
9272 0.000000 4
9276 1.000000 4
9278 1.000000 2
9281 1.000000 3
9285 0.000000 4
9289 1.000000 4
9291 1.000000 2
9294 -1.000000 3
9297 1.000000 3
9299 1.000000 2
9302 1.000000 3
9305 1.000000 3
9308 1.000000 3
9310 1.000000 2
9313 -1.000000 3
9315 1.000000 2
9318 1.000000 3
9321 1.000000 3
9323 -1.000000 2
9325 1.000000 2
9328 -1.000000 3
9331 -1.000000 3
9334 -1.000000 3
9338 0.000000 4
9341 1.000000 3
9345 1.000000 4
9348 -1.000000 3
9352 1.000000 4
9355 1.000000 3
9357 -1.000000 2
9361 1.000000 4
9364 1.000000 3
9366 -1.000000 2
9370 1.000000 4
9373 1.000000 3
9376 -1.000000 3
9379 1.000000 3
9382 1.000000 3
9386 0.000000 4
9389 -1.000000 3
9393 0.000000 4
9397 1.000000 4
9400 1.000000 3
9404 1.000000 4
9406 1.000000 2
9410 1.000000 4
9414 1.000000 4
9417 -1.000000 3
9420 -1.000000 3
9423 -1.000000 3
9426 -1.000000 3
9429 1.000000 3
9431 1.000000 2
9433 1.000000 2
9437 1.000000 4
9441 0.000000 4
9445 1.000000 4
9448 1.000000 3
9452 1.000000 4
9455 -1.000000 3
9458 -1.000000 3
9461 -1.000000 3
9464 1.000000 3
9468 1.000000 4
9471 1.000000 3
9475 1.000000 4
9478 -1.000000 3
9481 1.000000 3
9485 1.000000 4
9488 -1.000000 3
9491 1.000000 3
9494 -1.000000 3
9498 0.000000 4
9501 -1.000000 3
9505 0.000000 4
9507 1.000000 2
9510 -1.000000 3
9512 -1.000000 2
9516 1.000000 4
9519 1.000000 3
9523 0.000000 4
9526 1.000000 3
9528 1.000000 2
9531 1.000000 3
9535 1.000000 4
9538 -1.000000 3
9540 -1.000000 2
9542 -1.000000 2
9546 1.000000 4
9550 0.000000 4
9553 1.000000 3
9556 1.000000 3
9559 1.000000 3
9563 0.000000 4
9567 0.000000 4
9570 -1.000000 3
9573 -1.000000 3
9577 0.000000 4
9581 1.000000 4
9585 1.000000 4
9588 1.000000 3
9591 -1.000000 3
9595 0.000000 4
9598 -1.000000 3
9600 1.000000 2
9603 -1.000000 3
9606 -1.000000 3
9609 1.000000 3
9612 1.000000 3
9616 1.000000 4
9619 -1.000000 3
9622 1.000000 3
9625 1.000000 3
9627 -1.000000 2
9629 -1.000000 2
9631 1.000000 2
9633 1.000000 2
9636 1.000000 3
9640 1.000000 4
9642 -1.000000 2
9644 1.000000 2
9646 -1.000000 2
9650 0.000000 4
9653 -1.000000 3
9657 1.000000 4
9661 0.000000 4
9664 1.000000 3
9666 1.000000 2
9670 0.000000 4
9673 -1.000000 3
9676 -1.000000 3
9678 -1.000000 2
9682 1.000000 4
9685 -1.000000 3
9688 -1.000000 3
9692 1.000000 4
9696 1.000000 4
9700 0.000000 4
9703 -1.000000 3
9706 -1.000000 3
9709 -1.000000 3
9711 -1.000000 2
9714 1.000000 3
9717 1.000000 3
9719 -1.000000 2
9722 1.000000 3
9724 -1.000000 2
9726 1.000000 2
9728 1.000000 2
9732 1.000000 4
9735 1.000000 3
9738 1.000000 3
9742 0.000000 4
9745 1.000000 3
9748 -1.000000 3
9751 1.000000 3
9754 1.000000 3
9757 -1.000000 3
9759 -1.000000 2
9763 1.000000 4
9766 -1.000000 3
9769 1.000000 3
9772 1.000000 3
9776 0.000000 4
9780 0.000000 4
9782 -1.000000 2
9786 1.000000 4
9789 1.000000 3
9793 0.000000 4
9796 1.000000 3
9800 0.000000 4
9804 1.000000 4
9806 -1.000000 2
9810 0.000000 4
9813 1.000000 3
9817 1.000000 4
9821 1.000000 4
9825 1.000000 4
9828 1.000000 3
9831 1.000000 3
9834 1.000000 3
9837 -1.000000 3
9841 1.000000 4
9845 1.000000 4
9849 1.000000 4
9852 -1.000000 3
9854 -1.000000 2
9857 1.000000 3
9860 1.000000 3
9864 1.000000 4
9866 -1.000000 2
9868 1.000000 2
9871 -1.000000 3
9874 -1.000000 3
9877 1.000000 3
9880 1.000000 3
9883 -1.000000 3
9886 -1.000000 3
9889 1.000000 3
9893 0.000000 4
9895 -1.000000 2
9899 1.000000 4
9902 -1.000000 3
9905 -1.000000 3
9909 1.000000 4
9913 0.000000 4
9915 -1.000000 2
9918 1.000000 3
9921 -1.000000 3
9925 1.000000 4
9928 -1.000000 3
9932 1.000000 4
9934 1.000000 2
9936 1.000000 2
9939 1.000000 3
9943 1.000000 4
9946 1.000000 3
9950 1.000000 4
9953 -1.000000 3
9956 -1.000000 3
9959 -1.000000 3
9963 1.000000 4
9966 1.000000 3
9968 1.000000 2
9971 1.000000 3
9974 1.000000 3
9976 -1.000000 2
9978 1.000000 2
9982 1.000000 4
9985 -1.000000 3
9988 1.000000 3
9992 1.000000 4
9994 1.000000 2
9996 1.000000 2
9999 -1.000000 3
10003 1.000000 4
10008 0.000000 5
10013 0.000000 5
10017 -1.000000 4
10022 0.000000 5
10026 -1.000000 4
10030 -1.000000 4
10034 -1.000000 4
10038 1.000000 4
10043 1.000000 5
10047 -1.000000 4
10052 0.000000 5
10057 1.000000 5
10060 -1.000000 3
10065 1.000000 5
10069 -1.000000 4
10073 -1.000000 4
10078 1.000000 5
10082 -1.000000 4
10086 -1.000000 4
10091 1.000000 5
10096 1.000000 5
10100 -1.000000 4
10103 -1.000000 3
10107 -1.000000 4
10110 -1.000000 3
10113 -1.000000 3
10117 -1.000000 4
10121 -1.000000 4
10124 1.000000 3
10128 -1.000000 4
10133 0.000000 5
10136 -1.000000 3
10139 1.000000 3
10142 1.000000 3
10147 0.000000 5
10151 -1.000000 4
10155 -1.000000 4
10158 -1.000000 3
10161 -1.000000 3
10165 -1.000000 4
10168 -1.000000 3
10172 -1.000000 4
10176 1.000000 4
10180 1.000000 4
10184 -1.000000 4
10188 -1.000000 4
10191 -1.000000 3
10195 -1.000000 4
10200 1.000000 5
10205 1.000000 5
10210 0.000000 5
10214 -1.000000 4
10219 1.000000 5
10223 1.000000 4
10226 1.000000 3
10230 -1.000000 4
10234 1.000000 4
10238 -1.000000 4
10242 -1.000000 4
10247 1.000000 5
10250 -1.000000 3
10255 0.000000 5
10259 -1.000000 4
10263 -1.000000 4
10267 1.000000 4
10272 1.000000 5
10276 -1.000000 4
10279 1.000000 3
10284 0.000000 5
10287 -1.000000 3
10291 -1.000000 4
10295 -1.000000 4
10299 -1.000000 4
10303 -1.000000 4
10306 -1.000000 3
10309 -1.000000 3
10313 -1.000000 4
10317 -1.000000 4
10321 -1.000000 4
10325 1.000000 4
10329 -1.000000 4
10334 0.000000 5
10338 -1.000000 4
10342 -1.000000 4
10346 -1.000000 4
10350 -1.000000 4
10354 -1.000000 4
10359 1.000000 5
10363 -1.000000 4
10367 -1.000000 4
10372 1.000000 5
10376 -1.000000 4
10380 -1.000000 4
10384 -1.000000 4
10389 1.000000 5
10393 1.000000 4
10397 -1.000000 4
10402 0.000000 5
10405 -1.000000 3
10409 -1.000000 4
10412 -1.000000 3
10415 -1.000000 3
10419 -1.000000 4
10423 -1.000000 4
10427 -1.000000 4
10430 -1.000000 3
10435 0.000000 5
10439 -1.000000 4
10443 -1.000000 4
10446 -1.000000 3
10450 -1.000000 4
10455 1.000000 5
10458 -1.000000 3
10462 -1.000000 4
10465 -1.000000 3
10469 -1.000000 4
10473 1.000000 4
10476 -1.000000 3
10480 1.000000 4
10484 -1.000000 4
10489 1.000000 5
10494 1.000000 5
10498 -1.000000 4
10502 -1.000000 4
10506 -1.000000 4
10510 -1.000000 4
10514 1.000000 4
10518 -1.000000 4
10523 0.000000 5
10527 -1.000000 4
10531 1.000000 4
10535 -1.000000 4
10539 -1.000000 4
10544 0.000000 5
10547 -1.000000 3
10551 -1.000000 4
10555 -1.000000 4
10558 1.000000 3
10563 0.000000 5
10567 -1.000000 4
10570 -1.000000 3
10573 1.000000 3
10577 1.000000 4
10581 -1.000000 4
10584 1.000000 3
10587 -1.000000 3
10592 0.000000 5
10597 0.000000 5
10602 1.000000 5
10606 -1.000000 4
10609 -1.000000 3
10612 -1.000000 3
10615 -1.000000 3
10619 -1.000000 4
10624 0.000000 5
10629 0.000000 5
10634 0.000000 5
10637 -1.000000 3
10640 -1.000000 3
10645 0.000000 5
10648 1.000000 3
10651 -1.000000 3
10655 -1.000000 4
10660 1.000000 5
10665 0.000000 5
10669 -1.000000 4
10673 1.000000 4
10676 -1.000000 3
10681 1.000000 5
10685 -1.000000 4
10689 1.000000 4
10693 -1.000000 4
10698 0.000000 5
10701 -1.000000 3
10706 0.000000 5
10710 -1.000000 4
10714 -1.000000 4
10717 -1.000000 3
10720 -1.000000 3
10724 -1.000000 4
10728 -1.000000 4
10732 1.000000 4
10737 0.000000 5
10740 1.000000 3
10744 -1.000000 4
10748 -1.000000 4
10752 -1.000000 4
10755 -1.000000 3
10760 0.000000 5
10763 -1.000000 3
10767 -1.000000 4
10772 1.000000 5
10776 1.000000 4
10780 1.000000 4
10784 -1.000000 4
10788 1.000000 4
10792 -1.000000 4
10795 -1.000000 3
10799 1.000000 4
10804 1.000000 5
10808 1.000000 4
10812 -1.000000 4
10816 1.000000 4
10819 1.000000 3
10824 0.000000 5
10827 -1.000000 3
10831 -1.000000 4
10834 -1.000000 3
10838 -1.000000 4
10842 -1.000000 4
10846 -1.000000 4
10849 -1.000000 3
10853 1.000000 4
10858 0.000000 5
10862 -1.000000 4
10866 -1.000000 4
10869 -1.000000 3
10872 1.000000 3
10875 -1.000000 3
10879 -1.000000 4
10883 -1.000000 4
10886 -1.000000 3
10891 0.000000 5
10895 -1.000000 4
10899 -1.000000 4
10902 -1.000000 3
10905 1.000000 3
10908 -1.000000 3
10911 -1.000000 3
10915 -1.000000 4
10918 -1.000000 3
10922 -1.000000 4
10926 -1.000000 4
10929 -1.000000 3
10934 0.000000 5
10939 1.000000 5
10944 1.000000 5
10948 1.000000 4
10952 -1.000000 4
10956 1.000000 4
10961 1.000000 5
10966 1.000000 5
10969 -1.000000 3
10972 -1.000000 3
10976 1.000000 4
10980 -1.000000 4
10983 1.000000 3
10987 -1.000000 4
10992 0.000000 5
10996 1.000000 4
11000 -1.000000 4
11004 1.000000 4
11006 1.000000 2
11008 1.000000 2
11010 1.000000 2
11012 1.000000 2
11014 1.000000 2
11017 1.000000 3
11019 1.000000 2
11021 1.000000 2
11023 1.000000 2
11025 1.000000 2
11027 1.000000 2
11029 1.000000 2
11032 1.000000 3
11034 1.000000 2
11036 1.000000 2
11038 -1.000000 2
11040 1.000000 2
11042 1.000000 2
11044 -1.000000 2
11046 1.000000 2
11048 1.000000 2
11050 1.000000 2
11052 1.000000 2
11054 1.000000 2
11056 1.000000 2
11058 1.000000 2
11060 1.000000 2
11063 1.000000 3
11065 1.000000 2
11067 -1.000000 2
11069 1.000000 2
11071 1.000000 2
11073 1.000000 2
11075 1.000000 2
11077 1.000000 2
11079 1.000000 2
11081 1.000000 2
11083 1.000000 2
11086 1.000000 3
11088 1.000000 2
11090 1.000000 2
11092 1.000000 2
11094 -1.000000 2
11096 -1.000000 2
11098 1.000000 2
11100 1.000000 2
11102 1.000000 2
11104 1.000000 2
11106 1.000000 2
11108 1.000000 2
11110 1.000000 2
11112 1.000000 2
11114 1.000000 2
11116 1.000000 2
11118 1.000000 2
11120 1.000000 2
11122 1.000000 2
11124 1.000000 2
11126 1.000000 2
11128 1.000000 2
11130 1.000000 2
11132 1.000000 2
11134 1.000000 2
11136 1.000000 2
11138 -1.000000 2
11140 1.000000 2
11142 1.000000 2
11144 1.000000 2
11146 -1.000000 2
11148 1.000000 2
11150 1.000000 2
11153 -1.000000 3
11155 1.000000 2
11157 1.000000 2
11159 1.000000 2
11162 1.000000 3
11164 1.000000 2
11166 1.000000 2
11168 1.000000 2
11170 1.000000 2
11172 1.000000 2
11174 1.000000 2
11176 1.000000 2
11178 -1.000000 2
11180 1.000000 2
11182 1.000000 2
11184 1.000000 2
11186 1.000000 2
11188 1.000000 2
11190 1.000000 2
11192 1.000000 2
11194 1.000000 2
11196 1.000000 2
11198 -1.000000 2
11200 1.000000 2
11202 1.000000 2
11204 1.000000 2
11206 1.000000 2
11208 1.000000 2
11210 1.000000 2
11212 1.000000 2
11214 1.000000 2
11217 1.000000 3
11220 1.000000 3
11222 1.000000 2
11224 1.000000 2
11226 1.000000 2
11228 1.000000 2
11230 1.000000 2
11232 1.000000 2
11235 1.000000 3
11237 1.000000 2
11239 1.000000 2
11241 1.000000 2
11243 1.000000 2
11245 1.000000 2
11247 1.000000 2
11251 0.000000 4
11254 1.000000 3
11256 1.000000 2
11258 1.000000 2
11260 1.000000 2
11262 1.000000 2
11264 1.000000 2
11266 1.000000 2
11268 1.000000 2
11271 1.000000 3
11273 1.000000 2
11275 1.000000 2
11277 1.000000 2
11279 1.000000 2
11281 1.000000 2
11283 1.000000 2
11285 1.000000 2
11287 1.000000 2
11289 1.000000 2
11291 1.000000 2
11293 1.000000 2
11295 1.000000 2
11297 1.000000 2
11299 1.000000 2
11301 -1.000000 2
11303 1.000000 2
11305 1.000000 2
11307 1.000000 2
11309 1.000000 2
11311 1.000000 2
11313 1.000000 2
11315 1.000000 2
11317 1.000000 2
11319 1.000000 2
11321 1.000000 2
11323 1.000000 2
11326 1.000000 3
11328 1.000000 2
11330 1.000000 2
11332 1.000000 2
11335 -1.000000 3
11337 1.000000 2
11339 1.000000 2
11341 1.000000 2
11343 1.000000 2
11345 -1.000000 2
11347 1.000000 2
11349 1.000000 2
11352 1.000000 3
11354 1.000000 2
11356 1.000000 2
11358 1.000000 2
11360 1.000000 2
11362 1.000000 2
11364 1.000000 2
11367 1.000000 3
11369 1.000000 2
11371 1.000000 2
11373 1.000000 2
11375 1.000000 2
11378 1.000000 3
11380 1.000000 2
11382 1.000000 2
11384 1.000000 2
11386 1.000000 2
11388 1.000000 2
11390 1.000000 2
11392 1.000000 2
11394 1.000000 2
11396 1.000000 2
11398 1.000000 2
11400 1.000000 2
11402 1.000000 2
11404 1.000000 2
11407 1.000000 3
11409 1.000000 2
11411 1.000000 2
11413 1.000000 2
11415 1.000000 2
11417 1.000000 2
11419 1.000000 2
11421 1.000000 2
11423 1.000000 2
11425 1.000000 2
11427 1.000000 2
11429 1.000000 2
11431 1.000000 2
11433 1.000000 2
11435 1.000000 2
11437 1.000000 2
11439 1.000000 2
11441 1.000000 2
11443 1.000000 2
11445 1.000000 2
11447 1.000000 2
11449 1.000000 2
11451 1.000000 2
11453 1.000000 2
11456 1.000000 3
11458 1.000000 2
11460 1.000000 2
11462 1.000000 2
11464 1.000000 2
11466 1.000000 2
11468 1.000000 2
11471 1.000000 3
11473 1.000000 2
11475 1.000000 2
11477 1.000000 2
11480 1.000000 3
11482 1.000000 2
11484 1.000000 2
11486 1.000000 2
11488 1.000000 2
11490 1.000000 2
11492 -1.000000 2
11494 -1.000000 2
11496 1.000000 2
11498 1.000000 2
11500 1.000000 2
11502 1.000000 2
11504 1.000000 2
11506 1.000000 2
11508 1.000000 2
11510 1.000000 2
11512 1.000000 2
11514 1.000000 2
11516 1.000000 2
11518 1.000000 2
11520 1.000000 2
11522 1.000000 2
11524 1.000000 2
11526 1.000000 2
11528 1.000000 2
11532 0.000000 4
11534 1.000000 2
11536 1.000000 2
11538 1.000000 2
11540 1.000000 2
11542 1.000000 2
11544 1.000000 2
11546 1.000000 2
11548 1.000000 2
11550 1.000000 2
11552 1.000000 2
11554 1.000000 2
11556 1.000000 2
11558 1.000000 2
11560 1.000000 2
11562 1.000000 2
11564 1.000000 2
11566 1.000000 2
11568 1.000000 2
11570 1.000000 2
11572 1.000000 2
11574 1.000000 2
11576 1.000000 2
11578 1.000000 2
11580 1.000000 2
11582 1.000000 2
11584 1.000000 2
11586 1.000000 2
11588 1.000000 2
11590 1.000000 2
11592 1.000000 2
11595 -1.000000 3
11597 1.000000 2
11600 1.000000 3
11602 1.000000 2
11604 1.000000 2
11606 1.000000 2
11608 1.000000 2
11610 1.000000 2
11612 1.000000 2
11614 1.000000 2
11616 1.000000 2
11618 1.000000 2
11620 1.000000 2
11622 1.000000 2
11625 1.000000 3
11627 1.000000 2
11629 1.000000 2
11631 1.000000 2
11633 1.000000 2
11635 -1.000000 2
11637 1.000000 2
11639 1.000000 2
11641 1.000000 2
11643 1.000000 2
11645 1.000000 2
11647 1.000000 2
11649 1.000000 2
11651 1.000000 2
11654 1.000000 3
11657 1.000000 3
11659 1.000000 2
11661 1.000000 2
11663 1.000000 2
11667 0.000000 4
11669 1.000000 2
11671 1.000000 2
11673 1.000000 2
11675 1.000000 2
11678 1.000000 3
11680 1.000000 2
11682 1.000000 2
11684 1.000000 2
11687 1.000000 3
11690 1.000000 3
11692 1.000000 2
11694 1.000000 2
11696 1.000000 2
11698 1.000000 2
11700 1.000000 2
11702 1.000000 2
11704 1.000000 2
11706 1.000000 2
11708 1.000000 2
11710 1.000000 2
11712 1.000000 2
11714 1.000000 2
11716 1.000000 2
11718 1.000000 2
11720 1.000000 2
11722 1.000000 2
11724 1.000000 2
11726 1.000000 2
11728 1.000000 2
11730 1.000000 2
11732 1.000000 2
11734 1.000000 2
11736 1.000000 2
11738 1.000000 2
11740 1.000000 2
11742 1.000000 2
11746 0.000000 4
11748 1.000000 2
11750 1.000000 2
11752 -1.000000 2
11754 1.000000 2
11756 1.000000 2
11759 1.000000 3
11761 1.000000 2
11763 1.000000 2
11765 1.000000 2
11767 1.000000 2
11769 1.000000 2
11772 -1.000000 3
11774 1.000000 2
11776 1.000000 2
11778 1.000000 2
11781 1.000000 3
11783 1.000000 2
11785 1.000000 2
11787 1.000000 2
11789 1.000000 2
11791 1.000000 2
11795 0.000000 4
11797 1.000000 2
11799 1.000000 2
11801 1.000000 2
11803 1.000000 2
11805 1.000000 2
11807 1.000000 2
11809 1.000000 2
11812 1.000000 3
11814 1.000000 2
11816 1.000000 2
11818 1.000000 2
11820 1.000000 2
11822 1.000000 2
11824 1.000000 2
11826 1.000000 2
11828 1.000000 2
11830 1.000000 2
11832 1.000000 2
11836 0.000000 4
11839 1.000000 3
11841 1.000000 2
11843 1.000000 2
11845 1.000000 2
11848 1.000000 3
11850 1.000000 2
11852 1.000000 2
11854 1.000000 2
11856 1.000000 2
11858 1.000000 2
11860 1.000000 2
11862 1.000000 2
11865 1.000000 3
11867 1.000000 2
11869 1.000000 2
11871 1.000000 2
11873 1.000000 2
11876 1.000000 3
11878 1.000000 2
11880 1.000000 2
11882 1.000000 2
11885 1.000000 3
11888 1.000000 3
11890 1.000000 2
11892 1.000000 2
11894 1.000000 2
11896 1.000000 2
11898 1.000000 2
11900 1.000000 2
11902 1.000000 2
11904 1.000000 2
11906 1.000000 2
11908 1.000000 2
11912 0.000000 4
11914 1.000000 2
11916 1.000000 2
11918 1.000000 2
11920 -1.000000 2
11924 0.000000 4
11926 1.000000 2
11928 1.000000 2
11930 1.000000 2
11932 1.000000 2
11934 1.000000 2
11936 1.000000 2
11938 1.000000 2
11940 1.000000 2
11943 1.000000 3
11945 1.000000 2
11947 1.000000 2
11949 1.000000 2
11951 1.000000 2
11953 1.000000 2
11955 1.000000 2
11957 1.000000 2
11959 1.000000 2
11961 1.000000 2
11963 1.000000 2
11965 1.000000 2
11967 1.000000 2
11969 1.000000 2
11971 1.000000 2
11973 1.000000 2
11975 1.000000 2
11977 1.000000 2
11979 1.000000 2
11981 1.000000 2
11983 1.000000 2
11986 1.000000 3
11988 1.000000 2
11990 1.000000 2
11992 1.000000 2
11996 0.000000 4
11998 1.000000 2
12000 1.000000 2
12002 1.000000 2
12004 1.000000 2
