5 1.000000 5
9 -1.000000 4
14 1.000000 5
17 1.000000 3
20 1.000000 3
24 1.000000 4
27 1.000000 3
32 0.000000 5
37 0.000000 5
41 -1.000000 4
44 -1.000000 3
49 1.000000 5
53 -1.000000 4
56 1.000000 3
60 1.000000 4
64 1.000000 4
68 1.000000 4
72 1.000000 4
76 1.000000 4
80 1.000000 4
85 1.000000 5
89 1.000000 4
93 -1.000000 4
97 1.000000 4
102 1.000000 5
105 -1.000000 3
109 -1.000000 4
114 1.000000 5
119 1.000000 5
124 1.000000 5
128 1.000000 4
131 -1.000000 3
136 0.000000 5
141 1.000000 5
145 1.000000 4
150 0.000000 5
155 0.000000 5
158 1.000000 3
162 1.000000 4
165 -1.000000 3
169 1.000000 4
173 1.000000 4
178 1.000000 5
182 1.000000 4
187 0.000000 5
192 0.000000 5
195 -1.000000 3
199 -1.000000 4
204 0.000000 5
207 -1.000000 3
212 0.000000 5
216 1.000000 4
221 0.000000 5
224 -1.000000 3
228 -1.000000 4
231 1.000000 3
235 1.000000 4
240 0.000000 5
244 1.000000 4
248 1.000000 4
253 1.000000 5
257 1.000000 4
261 1.000000 4
266 1.000000 5
270 1.000000 4
274 -1.000000 4
279 1.000000 5
284 1.000000 5
288 1.000000 4
292 1.000000 4
296 1.000000 4
299 1.000000 3
304 1.000000 5
308 -1.000000 4
311 -1.000000 3
316 1.000000 5
320 1.000000 4
324 1.000000 4
327 1.000000 3
331 -1.000000 4
336 0.000000 5
340 1.000000 4
345 1.000000 5
350 1.000000 5
353 1.000000 3
356 -1.000000 3
361 0.000000 5
366 1.000000 5
369 1.000000 3
374 0.000000 5
378 1.000000 4
382 1.000000 4
386 -1.000000 4
389 1.000000 3
394 0.000000 5
398 -1.000000 4
401 -1.000000 3
406 0.000000 5
411 0.000000 5
416 1.000000 5
419 1.000000 3
424 0.000000 5
428 1.000000 4
431 1.000000 3
434 -1.000000 3
437 -1.000000 3
440 1.000000 3
444 1.000000 4
449 1.000000 5
453 -1.000000 4
458 0.000000 5
461 -1.000000 3
466 1.000000 5
471 0.000000 5
474 1.000000 3
477 1.000000 3
481 -1.000000 4
486 1.000000 5
490 1.000000 4
495 0.000000 5
499 -1.000000 4
503 1.000000 4
506 -1.000000 3
510 1.000000 4
515 1.000000 5
518 1.000000 3
523 0.000000 5
528 0.000000 5
533 1.000000 5
537 1.000000 4
540 -1.000000 3
545 0.000000 5
550 1.000000 5
553 -1.000000 3
558 0.000000 5
563 0.000000 5
566 1.000000 3
570 1.000000 4
575 1.000000 5
579 1.000000 4
583 1.000000 4
587 1.000000 4
590 1.000000 3
594 1.000000 4
598 1.000000 4
602 1.000000 4
607 1.000000 5
612 0.000000 5
617 0.000000 5
622 0.000000 5
627 0.000000 5
631 1.000000 4
636 1.000000 5
640 1.000000 4
645 0.000000 5
649 1.000000 4
653 1.000000 4
657 1.000000 4
661 -1.000000 4
666 0.000000 5
671 0.000000 5
675 1.000000 4
678 1.000000 3
681 -1.000000 3
685 1.000000 4
689 1.000000 4
693 -1.000000 4
698 1.000000 5
702 1.000000 4
706 1.000000 4
711 0.000000 5
715 1.000000 4
719 1.000000 4
724 1.000000 5
727 1.000000 3
731 1.000000 4
734 1.000000 3
738 -1.000000 4
742 -1.000000 4
746 1.000000 4
751 0.000000 5
755 1.000000 4
760 1.000000 5
765 1.000000 5
769 -1.000000 4
774 0.000000 5
778 1.000000 4
782 1.000000 4
787 1.000000 5
790 -1.000000 3
795 1.000000 5
798 -1.000000 3
803 0.000000 5
808 1.000000 5
812 1.000000 4
816 1.000000 4
821 1.000000 5
826 1.000000 5
830 1.000000 4
834 1.000000 4
837 -1.000000 3
842 1.000000 5
847 0.000000 5
851 -1.000000 4
856 0.000000 5
859 -1.000000 3
862 1.000000 3
867 1.000000 5
871 -1.000000 4
875 1.000000 4
880 0.000000 5
883 -1.000000 3
888 1.000000 5
893 1.000000 5
897 -1.000000 4
901 -1.000000 4
905 1.000000 4
910 0.000000 5
914 1.000000 4
919 1.000000 5
924 0.000000 5
929 1.000000 5
932 1.000000 3
936 -1.000000 4
941 1.000000 5
944 -1.000000 3
948 -1.000000 4
952 1.000000 4
957 0.000000 5
961 1.000000 4
965 -1.000000 4
970 1.000000 5
974 1.000000 4
977 1.000000 3
982 1.000000 5
986 1.000000 4
991 1.000000 5
995 -1.000000 4
1000 0.000000 5
1004 -1.000000 4
1007 1.000000 3
1011 1.000000 4
1016 0.000000 5
1019 1.000000 3
1024 0.000000 5
1029 0.000000 5
1032 1.000000 3
1037 1.000000 5
1041 1.000000 4
1045 -1.000000 4
1050 1.000000 5
1055 0.000000 5
1059 1.000000 4
1062 1.000000 3
1067 0.000000 5
1070 1.000000 3
1074 1.000000 4
1077 -1.000000 3
1081 1.000000 4
1086 1.000000 5
1090 -1.000000 4
1094 1.000000 4
1097 -1.000000 3
1101 -1.000000 4
1105 1.000000 4
1109 1.000000 4
1113 1.000000 4
1116 1.000000 3
1121 0.000000 5
1126 0.000000 5
1131 1.000000 5
1135 1.000000 4
1138 1.000000 3
1142 -1.000000 4
1146 -1.000000 4
1150 -1.000000 4
1153 1.000000 3
1158 1.000000 5
1163 0.000000 5
1167 -1.000000 4
1171 1.000000 4
1176 1.000000 5
1180 1.000000 4
1184 -1.000000 4
1188 1.000000 4
1192 1.000000 4
1197 1.000000 5
1200 1.000000 3
1203 1.000000 3
1207 1.000000 4
1210 1.000000 3
1215 1.000000 5
1219 -1.000000 4
1224 1.000000 5
1228 1.000000 4
1231 -1.000000 3
1236 0.000000 5
1240 1.000000 4
1244 -1.000000 4
1249 0.000000 5
1254 1.000000 5
1257 1.000000 3
1262 1.000000 5
1265 1.000000 3
1268 -1.000000 3
1272 1.000000 4
1277 0.000000 5
1282 1.000000 5
1287 0.000000 5
1292 1.000000 5
1297 0.000000 5
1301 -1.000000 4
1305 -1.000000 4
1309 1.000000 4
1313 1.000000 4
1316 -1.000000 3
1320 -1.000000 4
1325 1.000000 5
1329 -1.000000 4
1333 -1.000000 4
1337 1.000000 4
1342 0.000000 5
1346 1.000000 4
1351 1.000000 5
1354 1.000000 3
1359 1.000000 5
1363 -1.000000 4
1367 -1.000000 4
1372 1.000000 5
1376 1.000000 4
1381 0.000000 5
1384 1.000000 3
1388 -1.000000 4
1392 -1.000000 4
1396 -1.000000 4
1401 1.000000 5
1405 -1.000000 4
1409 -1.000000 4
1413 1.000000 4
1416 -1.000000 3
1419 1.000000 3
1424 0.000000 5
1428 1.000000 4
1433 1.000000 5
1437 1.000000 4
1441 1.000000 4
1445 -1.000000 4
1449 1.000000 4
1453 -1.000000 4
1456 1.000000 3
1461 1.000000 5
1465 1.000000 4
1470 0.000000 5
1474 1.000000 4
1478 -1.000000 4
1481 1.000000 3
1485 -1.000000 4
1490 0.000000 5
1495 1.000000 5
1500 0.000000 5
1504 -1.000000 4
1508 -1.000000 4
1512 1.000000 4
1517 1.000000 5
1521 1.000000 4
1525 -1.000000 4
1529 1.000000 4
1533 -1.000000 4
1537 -1.000000 4
1541 1.000000 4
1545 -1.000000 4
1548 1.000000 3
1553 1.000000 5
1557 1.000000 4
1561 1.000000 4
1564 -1.000000 3
1567 1.000000 3
1571 1.000000 4
1575 1.000000 4
1578 -1.000000 3
1583 1.000000 5
1586 1.000000 3
1590 1.000000 4
1595 0.000000 5
1598 1.000000 3
1602 -1.000000 4
1606 1.000000 4
1610 1.000000 4
1613 1.000000 3
1617 -1.000000 4
1621 -1.000000 4
1625 1.000000 4
1628 1.000000 3
1632 1.000000 4
1637 1.000000 5
1641 -1.000000 4
1645 1.000000 4
1649 -1.000000 4
1653 -1.000000 4
1657 -1.000000 4
1661 -1.000000 4
1665 1.000000 4
1668 1.000000 3
1673 0.000000 5
1678 1.000000 5
1683 0.000000 5
1686 -1.000000 3
1689 -1.000000 3
1693 1.000000 4
1697 -1.000000 4
1701 1.000000 4
1706 1.000000 5
1710 1.000000 4
1714 -1.000000 4
1717 -1.000000 3
1720 1.000000 3
1725 1.000000 5
1729 1.000000 4
1734 0.000000 5
1739 1.000000 5
1743 1.000000 4
1747 -1.000000 4
1752 1.000000 5
1756 1.000000 4
1761 0.000000 5
1766 1.000000 5
1769 1.000000 3
1773 1.000000 4
1776 -1.000000 3
1780 1.000000 4
1785 1.000000 5
1789 1.000000 4
1792 1.000000 3
1796 -1.000000 4
1799 1.000000 3
1803 1.000000 4
1807 1.000000 4
1810 -1.000000 3
1814 1.000000 4
1819 1.000000 5
1823 -1.000000 4
1827 -1.000000 4
1832 1.000000 5
1836 1.000000 4
1840 1.000000 4
1843 -1.000000 3
1848 1.000000 5
1851 1.000000 3
1856 1.000000 5
1860 1.000000 4
1863 -1.000000 3
1867 -1.000000 4
1871 1.000000 4
1874 -1.000000 3
1877 -1.000000 3
1882 1.000000 5
1887 1.000000 5
1892 1.000000 5
1896 -1.000000 4
1900 1.000000 4
1905 1.000000 5
1910 1.000000 5
1913 1.000000 3
1917 1.000000 4
1920 -1.000000 3
1924 -1.000000 4
1929 1.000000 5
1932 1.000000 3
1936 1.000000 4
1941 1.000000 5
1945 1.000000 4
1949 1.000000 4
1953 -1.000000 4
1958 0.000000 5
1963 0.000000 5
1968 1.000000 5
1972 -1.000000 4
1977 0.000000 5
1981 1.000000 4
1986 1.000000 5
1989 1.000000 3
1993 -1.000000 4
1996 -1.000000 3
1999 1.000000 3
2004 1.000000 5
2008 -1.000000 4
2012 1.000000 4
2016 -1.000000 4
2021 1.000000 5
2025 1.000000 4
2030 0.000000 5
2035 0.000000 5
2040 0.000000 5
2045 0.000000 5
2050 1.000000 5
2054 1.000000 4
2059 1.000000 5
2063 -1.000000 4
2067 -1.000000 4
2071 1.000000 4
2076 1.000000 5
2079 -1.000000 3
2084 1.000000 5
2089 0.000000 5
2093 1.000000 4
2098 0.000000 5
2102 -1.000000 4
2107 0.000000 5
2110 -1.000000 3
2114 1.000000 4
2118 -1.000000 4
2122 -1.000000 4
2127 1.000000 5
2131 1.000000 4
2134 1.000000 3
2138 -1.000000 4
2143 0.000000 5
2148 1.000000 5
2152 -1.000000 4
2156 1.000000 4
2161 0.000000 5
2166 1.000000 5
2171 0.000000 5
2176 1.000000 5
2180 1.000000 4
2184 -1.000000 4
2189 1.000000 5
2193 1.000000 4
2197 1.000000 4
2200 1.000000 3
2204 -1.000000 4
2207 -1.000000 3
2211 -1.000000 4
2214 1.000000 3
2219 1.000000 5
2223 1.000000 4
2227 -1.000000 4
2231 1.000000 4
2234 -1.000000 3
2237 -1.000000 3
2241 1.000000 4
2245 -1.000000 4
2248 1.000000 3
2253 0.000000 5
2256 -1.000000 3
2260 -1.000000 4
2263 1.000000 3
2268 1.000000 5
2271 1.000000 3
2275 1.000000 4
2279 1.000000 4
2283 1.000000 4
2287 1.000000 4
2291 1.000000 4
2296 1.000000 5
2300 1.000000 4
2303 1.000000 3
2308 0.000000 5
2313 1.000000 5
2316 -1.000000 3
2321 1.000000 5
2325 1.000000 4
2330 1.000000 5
2334 1.000000 4
2337 1.000000 3
2342 1.000000 5
2347 1.000000 5
2351 1.000000 4
2354 1.000000 3
2359 1.000000 5
2363 1.000000 4
2368 0.000000 5
2372 -1.000000 4
2377 1.000000 5
2381 -1.000000 4
2386 1.000000 5
2391 0.000000 5
2396 1.000000 5
2401 0.000000 5
2406 1.000000 5
2410 -1.000000 4
2414 1.000000 4
2419 1.000000 5
2422 1.000000 3
2427 1.000000 5
2432 1.000000 5
2437 0.000000 5
2442 1.000000 5
2446 1.000000 4
2449 1.000000 3
2454 1.000000 5
2457 1.000000 3
2461 1.000000 4
2466 1.000000 5
2470 -1.000000 4
2473 1.000000 3
2477 1.000000 4
2481 1.000000 4
2486 1.000000 5
2491 1.000000 5
2496 1.000000 5
2500 -1.000000 4
2505 1.000000 5
2509 -1.000000 4
2514 0.000000 5
2518 -1.000000 4
2521 -1.000000 3
2525 1.000000 4
2529 1.000000 4
2533 -1.000000 4
2537 -1.000000 4
2540 1.000000 3
2545 1.000000 5
2549 -1.000000 4
2554 0.000000 5
2557 1.000000 3
2561 1.000000 4
2566 0.000000 5
2570 1.000000 4
2575 0.000000 5
2580 1.000000 5
2585 0.000000 5
2589 1.000000 4
2593 1.000000 4
2596 -1.000000 3
2600 1.000000 4
2605 0.000000 5
2608 -1.000000 3
2612 1.000000 4
2617 1.000000 5
2621 1.000000 4
2624 1.000000 3
2629 0.000000 5
2633 1.000000 4
2637 1.000000 4
2641 1.000000 4
2645 1.000000 4
2650 1.000000 5
2654 -1.000000 4
2659 0.000000 5
2663 -1.000000 4
2668 1.000000 5
2672 -1.000000 4
2677 0.000000 5
2681 -1.000000 4
2686 1.000000 5
2690 1.000000 4
2694 -1.000000 4
2698 1.000000 4
2702 1.000000 4
2706 1.000000 4
2710 1.000000 4
2714 1.000000 4
2718 -1.000000 4
2723 1.000000 5
2727 1.000000 4
2732 1.000000 5
2735 1.000000 3
2740 0.000000 5
2745 0.000000 5
2749 1.000000 4
2754 0.000000 5
2758 -1.000000 4
2763 1.000000 5
2768 1.000000 5
2771 -1.000000 3
2775 -1.000000 4
2780 0.000000 5
2783 1.000000 3
2786 1.000000 3
2790 1.000000 4
2794 1.000000 4
2798 1.000000 4
2803 1.000000 5
2808 0.000000 5
2811 1.000000 3
2816 0.000000 5
2821 0.000000 5
2825 1.000000 4
2829 -1.000000 4
2834 0.000000 5
2838 1.000000 4
2843 1.000000 5
2847 -1.000000 4
2852 1.000000 5
2856 -1.000000 4
2859 -1.000000 3
2863 -1.000000 4
2867 1.000000 4
2871 1.000000 4
2876 1.000000 5
2880 1.000000 4
2883 -1.000000 3
2887 1.000000 4
2892 0.000000 5
2896 -1.000000 4
2901 0.000000 5
2905 1.000000 4
2909 1.000000 4
2914 0.000000 5
2918 -1.000000 4
2922 1.000000 4
2926 -1.000000 4
2930 1.000000 4
2933 -1.000000 3
2937 1.000000 4
2941 1.000000 4
2944 1.000000 3
2947 1.000000 3
2950 -1.000000 3
2953 1.000000 3
2958 1.000000 5
2962 1.000000 4
2966 -1.000000 4
2971 1.000000 5
2975 1.000000 4
2979 1.000000 4
2984 1.000000 5
2989 0.000000 5
2992 1.000000 3
2995 -1.000000 3
2999 -1.000000 4
3003 1.000000 4
3008 1.000000 5
3012 1.000000 4
3016 -1.000000 4
3019 1.000000 3
3024 1.000000 5
3029 0.000000 5
3032 1.000000 3
3037 1.000000 5
3040 1.000000 3
3045 1.000000 5
3049 -1.000000 4
3053 -1.000000 4
3057 -1.000000 4
3061 1.000000 4
3065 1.000000 4
3070 0.000000 5
3073 -1.000000 3
3076 1.000000 3
3080 1.000000 4
3085 1.000000 5
3090 0.000000 5
3093 1.000000 3
3097 1.000000 4
3102 1.000000 5
3106 1.000000 4
3109 -1.000000 3
3114 1.000000 5
3118 1.000000 4
3122 -1.000000 4
3127 0.000000 5
3131 1.000000 4
3135 -1.000000 4
3140 1.000000 5
3145 0.000000 5
3150 1.000000 5
3154 1.000000 4
3158 1.000000 4
3162 1.000000 4
3166 -1.000000 4
3170 -1.000000 4
3175 1.000000 5
3179 -1.000000 4
3183 1.000000 4
3186 -1.000000 3
3190 -1.000000 4
3193 -1.000000 3
3197 1.000000 4
3202 0.000000 5
3206 1.000000 4
3211 0.000000 5
3215 -1.000000 4
3218 1.000000 3
3221 1.000000 3
3224 1.000000 3
3229 1.000000 5
3233 -1.000000 4
3236 -1.000000 3
3240 1.000000 4
3245 0.000000 5
3248 -1.000000 3
3253 0.000000 5
3256 -1.000000 3
3261 1.000000 5
3266 1.000000 5
3270 -1.000000 4
3273 -1.000000 3
3278 1.000000 5
3282 1.000000 4
3286 1.000000 4
3291 0.000000 5
3295 -1.000000 4
3299 -1.000000 4
3304 1.000000 5
3308 1.000000 4
3312 1.000000 4
3316 -1.000000 4
3320 -1.000000 4
3325 1.000000 5
3330 1.000000 5
3333 1.000000 3
3338 1.000000 5
3342 1.000000 4
3345 1.000000 3
3349 1.000000 4
3352 -1.000000 3
3356 1.000000 4
3361 1.000000 5
3364 -1.000000 3
3368 1.000000 4
3373 1.000000 5
3378 1.000000 5
3381 1.000000 3
3385 -1.000000 4
3390 0.000000 5
3393 1.000000 3
3398 1.000000 5
3401 -1.000000 3
3405 -1.000000 4
3409 1.000000 4
3413 1.000000 4
3417 -1.000000 4
3421 1.000000 4
3425 -1.000000 4
3428 1.000000 3
3431 1.000000 3
3436 1.000000 5
3440 1.000000 4
3444 1.000000 4
3448 1.000000 4
3451 1.000000 3
3456 0.000000 5
3459 -1.000000 3
3464 1.000000 5
3468 -1.000000 4
3472 1.000000 4
3477 1.000000 5
3481 -1.000000 4
3486 0.000000 5
3491 1.000000 5
3495 1.000000 4
3499 1.000000 4
3504 0.000000 5
3507 1.000000 3
3512 1.000000 5
3517 0.000000 5
3520 -1.000000 3
3525 0.000000 5
3529 1.000000 4
3533 -1.000000 4
3537 -1.000000 4
3540 -1.000000 3
3543 -1.000000 3
3547 1.000000 4
3552 0.000000 5
3556 -1.000000 4
3559 1.000000 3
3563 1.000000 4
3566 -1.000000 3
3571 1.000000 5
3575 1.000000 4
3580 1.000000 5
3585 1.000000 5
3589 1.000000 4
3593 1.000000 4
3597 -1.000000 4
3602 0.000000 5
3606 1.000000 4
3611 1.000000 5
3615 1.000000 4
3620 1.000000 5
3624 -1.000000 4
3628 -1.000000 4
3633 1.000000 5
3638 0.000000 5
3641 1.000000 3
3644 1.000000 3
3648 1.000000 4
3652 -1.000000 4
3656 -1.000000 4
3660 1.000000 4
3664 1.000000 4
3668 1.000000 4
3673 1.000000 5
3677 1.000000 4
3681 1.000000 4
3686 1.000000 5
3690 1.000000 4
3694 1.000000 4
3699 0.000000 5
3702 -1.000000 3
3707 1.000000 5
3711 1.000000 4
3715 1.000000 4
3718 1.000000 3
3721 -1.000000 3
3726 1.000000 5
3731 1.000000 5
3736 1.000000 5
3741 0.000000 5
3746 0.000000 5
3749 1.000000 3
3753 -1.000000 4
3757 1.000000 4
3761 1.000000 4
3764 1.000000 3
3769 0.000000 5
3773 1.000000 4
3777 1.000000 4
3782 1.000000 5
3785 1.000000 3
3788 -1.000000 3
3793 1.000000 5
3797 1.000000 4
3801 -1.000000 4
3805 1.000000 4
3810 1.000000 5
3814 1.000000 4
3819 0.000000 5
3824 0.000000 5
3828 1.000000 4
3832 -1.000000 4
3836 -1.000000 4
3841 1.000000 5
3846 0.000000 5
3849 -1.000000 3
3854 0.000000 5
3857 -1.000000 3
3861 -1.000000 4
3866 0.000000 5
3870 -1.000000 4
3873 -1.000000 3
3878 0.000000 5
3882 -1.000000 4
3886 -1.000000 4
3889 -1.000000 3
3893 1.000000 4
3896 1.000000 3
3901 0.000000 5
3905 1.000000 4
3909 1.000000 4
3913 -1.000000 4
3918 0.000000 5
3922 1.000000 4
3925 1.000000 3
3930 1.000000 5
3935 0.000000 5
3940 1.000000 5
3944 1.000000 4
3949 0.000000 5
3952 -1.000000 3
3957 0.000000 5
3960 -1.000000 3
3965 1.000000 5
3970 1.000000 5
3973 -1.000000 3
3976 1.000000 3
3981 1.000000 5
3986 1.000000 5
3990 1.000000 4
3995 1.000000 5
3998 1.000000 3
4003 0.000000 5
4007 -1.000000 4
4010 -1.000000 3
4015 0.000000 5
4019 1.000000 4
4023 1.000000 4
4027 1.000000 4
4032 1.000000 5
4037 1.000000 5
4042 1.000000 5
4047 1.000000 5
4052 0.000000 5
4055 1.000000 3
4060 0.000000 5
4064 1.000000 4
4069 1.000000 5
4073 1.000000 4
4078 0.000000 5
4082 -1.000000 4
4087 1.000000 5
4090 -1.000000 3
4094 1.000000 4
4099 1.000000 5
4104 1.000000 5
4107 1.000000 3
4111 1.000000 4
4115 -1.000000 4
4119 -1.000000 4
4124 1.000000 5
4127 1.000000 3
4132 0.000000 5
4137 1.000000 5
4141 1.000000 4
4144 -1.000000 3
4149 0.000000 5
4153 1.000000 4
4158 1.000000 5
4162 1.000000 4
4165 1.000000 3
4168 -1.000000 3
4173 0.000000 5
4178 0.000000 5
4183 0.000000 5
4187 1.000000 4
4191 1.000000 4
4194 1.000000 3
4198 1.000000 4
4203 1.000000 5
4208 1.000000 5
4212 -1.000000 4
4217 0.000000 5
4222 0.000000 5
4226 1.000000 4
4231 1.000000 5
4235 -1.000000 4
4240 1.000000 5
4245 0.000000 5
4248 1.000000 3
4251 1.000000 3
4254 -1.000000 3
4259 1.000000 5
4263 1.000000 4
4266 1.000000 3
4271 0.000000 5
4275 1.000000 4
4280 0.000000 5
4285 0.000000 5
4288 1.000000 3
4293 0.000000 5
4298 1.000000 5
4302 -1.000000 4
4307 1.000000 5
4311 1.000000 4
4315 -1.000000 4
4319 1.000000 4
4323 1.000000 4
4327 1.000000 4
4331 -1.000000 4
4335 1.000000 4
4338 1.000000 3
4342 1.000000 4
4347 1.000000 5
4352 0.000000 5
4356 1.000000 4
4360 -1.000000 4
4364 -1.000000 4
4369 0.000000 5
4374 1.000000 5
4377 1.000000 3
4380 1.000000 3
4385 0.000000 5
4388 1.000000 3
4393 1.000000 5
4397 1.000000 4
4400 -1.000000 3
4403 1.000000 3
4407 -1.000000 4
4411 1.000000 4
4415 1.000000 4
4420 0.000000 5
4425 1.000000 5
4428 -1.000000 3
4432 -1.000000 4
4436 1.000000 4
4440 -1.000000 4
4444 -1.000000 4
4448 1.000000 4
4452 1.000000 4
4456 1.000000 4
4461 0.000000 5
4465 1.000000 4
4468 1.000000 3
4472 -1.000000 4
4477 0.000000 5
4480 -1.000000 3
4483 -1.000000 3
4487 -1.000000 4
4491 1.000000 4
4495 -1.000000 4
4500 1.000000 5
4504 1.000000 4
4508 -1.000000 4
4512 -1.000000 4
4516 -1.000000 4
4519 1.000000 3
4523 -1.000000 4
4527 1.000000 4
4530 -1.000000 3
4535 1.000000 5
4540 1.000000 5
4545 1.000000 5
4549 1.000000 4
4554 1.000000 5
4559 1.000000 5
4563 -1.000000 4
4568 1.000000 5
4573 1.000000 5
4578 0.000000 5
4582 -1.000000 4
4586 1.000000 4
4590 -1.000000 4
4593 1.000000 3
4596 -1.000000 3
4599 1.000000 3
4604 1.000000 5
4609 1.000000 5
4613 1.000000 4
4617 -1.000000 4
4620 1.000000 3
4625 1.000000 5
4628 -1.000000 3
4632 1.000000 4
4637 1.000000 5
4641 1.000000 4
4644 -1.000000 3
4648 1.000000 4
4652 1.000000 4
4657 1.000000 5
4662 0.000000 5
4666 -1.000000 4
4670 -1.000000 4
4674 -1.000000 4
4678 1.000000 4
4682 1.000000 4
4687 1.000000 5
4691 1.000000 4
4696 1.000000 5
4701 0.000000 5
4704 1.000000 3
4709 1.000000 5
4714 1.000000 5
4718 -1.000000 4
4722 1.000000 4
4726 -1.000000 4
4729 -1.000000 3
4734 1.000000 5
4738 -1.000000 4
4742 1.000000 4
4746 1.000000 4
4749 1.000000 3
4753 -1.000000 4
4757 1.000000 4
4762 1.000000 5
4767 1.000000 5
4771 -1.000000 4
4775 1.000000 4
4780 1.000000 5
4784 1.000000 4
4789 1.000000 5
4794 0.000000 5
4797 1.000000 3
4801 1.000000 4
4806 0.000000 5
4811 0.000000 5
4816 1.000000 5
4819 1.000000 3
4822 1.000000 3
4826 1.000000 4
4830 1.000000 4
4833 -1.000000 3
4837 -1.000000 4
4841 -1.000000 4
4846 1.000000 5
4850 -1.000000 4
4855 0.000000 5
4858 -1.000000 3
4862 1.000000 4
4866 1.000000 4
4870 1.000000 4
4874 -1.000000 4
4877 -1.000000 3
4881 -1.000000 4
4885 1.000000 4
4888 1.000000 3
4892 1.000000 4
4896 -1.000000 4
4899 -1.000000 3
4903 1.000000 4
4907 1.000000 4
4911 -1.000000 4
4916 1.000000 5
4921 0.000000 5
4925 -1.000000 4
4930 1.000000 5
4934 -1.000000 4
4938 1.000000 4
4941 1.000000 3
4944 1.000000 3
4948 1.000000 4
4952 -1.000000 4
4957 1.000000 5
4961 1.000000 4
4966 1.000000 5
4969 1.000000 3
4973 1.000000 4
4977 -1.000000 4
4981 -1.000000 4
4986 1.000000 5
4991 0.000000 5
4994 -1.000000 3
4999 0.000000 5
5004 1.000000 5
5008 -1.000000 4
5012 1.000000 4
5016 1.000000 4
5020 -1.000000 4
5024 -1.000000 4
5028 1.000000 4
5032 -1.000000 4
5036 1.000000 4
5041 1.000000 5
5044 1.000000 3
5049 1.000000 5
5054 0.000000 5
5058 1.000000 4
5062 1.000000 4
5066 1.000000 4
5070 1.000000 4
5075 0.000000 5
5080 1.000000 5
5084 1.000000 4
5087 1.000000 3
5092 1.000000 5
5096 1.000000 4
5100 -1.000000 4
5104 1.000000 4
5109 1.000000 5
5114 1.000000 5
5117 1.000000 3
5121 1.000000 4
5125 1.000000 4
5128 -1.000000 3
5132 -1.000000 4
5137 1.000000 5
5142 0.000000 5
5147 1.000000 5
5151 -1.000000 4
5156 1.000000 5
5160 -1.000000 4
5164 -1.000000 4
5169 0.000000 5
5174 0.000000 5
5178 1.000000 4
5183 1.000000 5
5187 1.000000 4
5192 1.000000 5
5197 1.000000 5
5201 1.000000 4
5205 1.000000 4
5208 1.000000 3
5212 -1.000000 4
5217 0.000000 5
5220 1.000000 3
5224 1.000000 4
5228 1.000000 4
5231 -1.000000 3
5236 1.000000 5
5240 1.000000 4
5244 1.000000 4
5248 1.000000 4
5253 1.000000 5
5258 1.000000 5
5262 -1.000000 4
5266 -1.000000 4
5270 1.000000 4
5274 1.000000 4
5278 -1.000000 4
5282 1.000000 4
5286 1.000000 4
5290 -1.000000 4
5293 1.000000 3
5298 0.000000 5
5302 1.000000 4
5307 0.000000 5
5311 1.000000 4
5315 1.000000 4
5319 -1.000000 4
5324 1.000000 5
5327 -1.000000 3
5332 1.000000 5
5337 0.000000 5
5342 1.000000 5
5346 1.000000 4
5349 1.000000 3
5354 0.000000 5
5358 -1.000000 4
5362 -1.000000 4
5367 0.000000 5
5371 1.000000 4
5376 0.000000 5
5380 -1.000000 4
5384 1.000000 4
5387 -1.000000 3
5391 1.000000 4
5396 0.000000 5
5399 -1.000000 3
5403 -1.000000 4
5407 -1.000000 4
5411 -1.000000 4
5415 -1.000000 4
5419 -1.000000 4
5423 1.000000 4
5427 1.000000 4
5431 -1.000000 4
5435 -1.000000 4
5439 1.000000 4
5444 0.000000 5
5447 -1.000000 3
5451 -1.000000 4
5455 -1.000000 4
5458 -1.000000 3
5462 1.000000 4
5467 1.000000 5
5471 1.000000 4
5474 1.000000 3
5478 1.000000 4
5482 1.000000 4
5487 1.000000 5
5492 1.000000 5
5497 1.000000 5
5502 1.000000 5
5506 -1.000000 4
5510 -1.000000 4
5514 1.000000 4
5519 0.000000 5
5523 1.000000 4
5527 1.000000 4
5530 -1.000000 3
5534 1.000000 4
5539 0.000000 5
5543 1.000000 4
5547 1.000000 4
5551 -1.000000 4
5555 1.000000 4
5559 -1.000000 4
5564 1.000000 5
5567 -1.000000 3
5571 -1.000000 4
5575 -1.000000 4
5578 1.000000 3
5581 -1.000000 3
5585 -1.000000 4
5589 -1.000000 4
5593 1.000000 4
5598 1.000000 5
5603 1.000000 5
5608 1.000000 5
5612 1.000000 4
5617 0.000000 5
5620 -1.000000 3
5623 1.000000 3
5627 1.000000 4
5631 1.000000 4
5635 1.000000 4
5638 1.000000 3
5642 1.000000 4
5647 0.000000 5
5650 1.000000 3
5655 1.000000 5
5660 1.000000 5
5665 1.000000 5
5668 -1.000000 3
5672 -1.000000 4
5677 1.000000 5
5681 1.000000 4
5684 -1.000000 3
5688 1.000000 4
5693 1.000000 5
5696 1.000000 3
5701 1.000000 5
5705 1.000000 4
5710 1.000000 5
5713 1.000000 3
5717 1.000000 4
5721 1.000000 4
5725 1.000000 4
5729 -1.000000 4
5733 1.000000 4
5737 -1.000000 4
5742 1.000000 5
5745 -1.000000 3
5749 -1.000000 4
5752 -1.000000 3
5756 1.000000 4
5760 -1.000000 4
5765 1.000000 5
5769 1.000000 4
5773 -1.000000 4
5778 0.000000 5
5783 1.000000 5
5787 -1.000000 4
5792 1.000000 5
5797 0.000000 5
5802 0.000000 5
5805 -1.000000 3
5810 1.000000 5
5814 1.000000 4
5819 0.000000 5
5822 1.000000 3
5826 1.000000 4
5831 1.000000 5
5835 -1.000000 4
5839 1.000000 4
5843 -1.000000 4
5848 1.000000 5
5852 1.000000 4
5855 1.000000 3
5860 1.000000 5
5865 1.000000 5
5870 0.000000 5
5873 1.000000 3
5876 -1.000000 3
5880 -1.000000 4
5885 0.000000 5
5888 -1.000000 3
5892 -1.000000 4
5896 -1.000000 4
5900 1.000000 4
5905 0.000000 5
5909 -1.000000 4
5912 -1.000000 3
5917 1.000000 5
5921 1.000000 4
5925 1.000000 4
5929 1.000000 4
5933 1.000000 4
5936 -1.000000 3
5940 1.000000 4
5944 1.000000 4
5949 0.000000 5
5954 1.000000 5
5958 1.000000 4
5963 1.000000 5
5968 0.000000 5
5972 1.000000 4
5975 -1.000000 3
5980 1.000000 5
5983 -1.000000 3
5988 0.000000 5
5993 1.000000 5
5996 -1.000000 3
6001 1.000000 5
6005 1.000000 4
6009 1.000000 4
6013 1.000000 4
6018 0.000000 5
6022 1.000000 4
6027 1.000000 5
6031 1.000000 4
6035 1.000000 4
6040 0.000000 5
6043 1.000000 3
6047 1.000000 4
6052 1.000000 5
6055 1.000000 3
6060 1.000000 5
6065 0.000000 5
6070 1.000000 5
6074 -1.000000 4
6077 -1.000000 3
6082 1.000000 5
6087 1.000000 5
6092 0.000000 5
6097 1.000000 5
6102 1.000000 5
6106 1.000000 4
6111 0.000000 5
6115 1.000000 4
6120 0.000000 5
6124 -1.000000 4
6128 1.000000 4
6132 1.000000 4
6136 1.000000 4
6140 -1.000000 4
6144 1.000000 4
6148 1.000000 4
6152 1.000000 4
6156 1.000000 4
6160 1.000000 4
6164 1.000000 4
6168 1.000000 4
6173 1.000000 5
6177 -1.000000 4
6182 0.000000 5
6186 -1.000000 4
6189 -1.000000 3
6193 1.000000 4
6198 1.000000 5
6203 0.000000 5
6207 -1.000000 4
6210 -1.000000 3
6213 -1.000000 3
6218 1.000000 5
6222 1.000000 4
6227 0.000000 5
6231 -1.000000 4
6235 1.000000 4
6239 -1.000000 4
6244 1.000000 5
6248 1.000000 4
6251 -1.000000 3
6255 1.000000 4
6260 1.000000 5
6264 -1.000000 4
6268 1.000000 4
6271 1.000000 3
6275 1.000000 4
6280 1.000000 5
6283 -1.000000 3
6288 1.000000 5
6291 -1.000000 3
6295 -1.000000 4
6299 -1.000000 4
6302 -1.000000 3
6305 1.000000 3
6309 -1.000000 4
6312 -1.000000 3
6317 1.000000 5
6321 1.000000 4
6326 0.000000 5
6330 -1.000000 4
6333 1.000000 3
6336 1.000000 3
6341 1.000000 5
6346 1.000000 5
6350 1.000000 4
6355 1.000000 5
6359 1.000000 4
6363 -1.000000 4
6367 1.000000 4
6372 1.000000 5
6376 -1.000000 4
6381 1.000000 5
6385 1.000000 4
6390 1.000000 5
6394 -1.000000 4
6398 1.000000 4
6402 -1.000000 4
6406 1.000000 4
6410 1.000000 4
6414 1.000000 4
6418 1.000000 4
6423 0.000000 5
6427 1.000000 4
6431 1.000000 4
6435 -1.000000 4
6440 0.000000 5
6444 -1.000000 4
6448 1.000000 4
6453 1.000000 5
6457 -1.000000 4
6461 -1.000000 4
6466 0.000000 5
6470 1.000000 4
6475 0.000000 5
6478 -1.000000 3
6482 -1.000000 4
6485 -1.000000 3
6490 1.000000 5
6494 1.000000 4
6497 1.000000 3
6501 1.000000 4
6506 0.000000 5
6509 -1.000000 3
6512 -1.000000 3
6516 1.000000 4
6520 -1.000000 4
6525 1.000000 5
6530 1.000000 5
6533 1.000000 3
6537 1.000000 4
6541 1.000000 4
6545 1.000000 4
6549 1.000000 4
6553 1.000000 4
6558 1.000000 5
6563 1.000000 5
6567 1.000000 4
6571 1.000000 4
6576 1.000000 5
6580 -1.000000 4
6585 1.000000 5
6589 -1.000000 4
6593 1.000000 4
6596 1.000000 3
6600 -1.000000 4
6604 -1.000000 4
6609 1.000000 5
6612 1.000000 3
6616 1.000000 4
6619 1.000000 3
6624 1.000000 5
6628 1.000000 4
6632 1.000000 4
6637 1.000000 5
6641 -1.000000 4
6645 -1.000000 4
6649 1.000000 4
6653 -1.000000 4
6658 1.000000 5
6662 -1.000000 4
6665 1.000000 3
6670 1.000000 5
6674 1.000000 4
6679 0.000000 5
6684 0.000000 5
6688 1.000000 4
6692 1.000000 4
6697 1.000000 5
6702 1.000000 5
6706 1.000000 4
6710 1.000000 4
6714 -1.000000 4
6718 -1.000000 4
6723 1.000000 5
6727 -1.000000 4
6732 1.000000 5
6737 1.000000 5
6742 0.000000 5
6746 -1.000000 4
6750 -1.000000 4
6754 -1.000000 4
6758 -1.000000 4
6761 -1.000000 3
6766 1.000000 5
6770 -1.000000 4
6773 1.000000 3
6777 -1.000000 4
6782 0.000000 5
6786 1.000000 4
6790 -1.000000 4
6795 1.000000 5
6799 1.000000 4
6803 1.000000 4
6807 1.000000 4
6810 1.000000 3
6814 1.000000 4
6819 0.000000 5
6823 -1.000000 4
6826 -1.000000 3
6830 1.000000 4
6835 1.000000 5
6839 -1.000000 4
6844 1.000000 5
6849 1.000000 5
6854 0.000000 5
6858 1.000000 4
6861 -1.000000 3
6865 -1.000000 4
6870 1.000000 5
6874 1.000000 4
6879 0.000000 5
6883 1.000000 4
6887 1.000000 4
6892 1.000000 5
6896 1.000000 4
6900 1.000000 4
6904 1.000000 4
6908 -1.000000 4
6911 1.000000 3
6915 1.000000 4
6919 1.000000 4
6923 -1.000000 4
6927 1.000000 4
6932 1.000000 5
6937 0.000000 5
6941 -1.000000 4
6945 1.000000 4
6949 1.000000 4
6953 1.000000 4
6956 1.000000 3
6961 0.000000 5
6965 1.000000 4
6969 1.000000 4
6973 1.000000 4
6977 1.000000 4
6982 0.000000 5
6987 0.000000 5
6992 1.000000 5
6995 -1.000000 3
6999 -1.000000 4
7003 1.000000 4
7007 1.000000 4
7012 1.000000 5
7015 1.000000 3
7019 1.000000 4
7023 -1.000000 4
7028 1.000000 5
7032 -1.000000 4
7036 1.000000 4
7040 1.000000 4
7043 -1.000000 3
7047 1.000000 4
7052 1.000000 5
7056 -1.000000 4
7061 1.000000 5
7064 1.000000 3
7069 1.000000 5
7072 1.000000 3
7075 -1.000000 3
7080 1.000000 5
7084 1.000000 4
7088 1.000000 4
7091 -1.000000 3
7096 1.000000 5
7099 -1.000000 3
7103 -1.000000 4
7106 1.000000 3
7110 -1.000000 4
7114 1.000000 4
7117 -1.000000 3
7121 1.000000 4
7125 1.000000 4
7128 -1.000000 3
7131 1.000000 3
7135 1.000000 4
7140 1.000000 5
7144 1.000000 4
7148 1.000000 4
7151 -1.000000 3
7154 1.000000 3
7158 1.000000 4
7161 -1.000000 3
7164 -1.000000 3
7168 -1.000000 4
7173 0.000000 5
7178 1.000000 5
7182 1.000000 4
7186 1.000000 4
7189 -1.000000 3
7192 1.000000 3
7196 1.000000 4
7201 1.000000 5
7205 1.000000 4
7209 -1.000000 4
7213 -1.000000 4
7218 1.000000 5
7221 -1.000000 3
7225 -1.000000 4
7229 -1.000000 4
7234 0.000000 5
7237 -1.000000 3
7241 1.000000 4
7245 1.000000 4
7249 1.000000 4
7254 0.000000 5
7258 -1.000000 4
7263 1.000000 5
7267 -1.000000 4
7271 1.000000 4
7275 -1.000000 4
7280 1.000000 5
7285 1.000000 5
7289 1.000000 4
7294 1.000000 5
7298 1.000000 4
7303 1.000000 5
7308 0.000000 5
7312 1.000000 4
7315 -1.000000 3
7320 0.000000 5
7325 1.000000 5
7329 1.000000 4
7334 1.000000 5
7337 -1.000000 3
7341 1.000000 4
7346 1.000000 5
7350 1.000000 4
7354 1.000000 4
7358 1.000000 4
7363 1.000000 5
7368 0.000000 5
7372 -1.000000 4
7376 -1.000000 4
7380 1.000000 4
7385 0.000000 5
7389 -1.000000 4
7394 0.000000 5
7399 1.000000 5
7403 1.000000 4
7407 -1.000000 4
7411 1.000000 4
7416 0.000000 5
7419 1.000000 3
7423 -1.000000 4
7427 1.000000 4
7432 1.000000 5
7437 0.000000 5
7441 1.000000 4
7446 0.000000 5
7451 0.000000 5
7456 1.000000 5
7460 -1.000000 4
7464 1.000000 4
7468 1.000000 4
7472 -1.000000 4
7477 1.000000 5
7481 -1.000000 4
7484 -1.000000 3
7488 -1.000000 4
7492 -1.000000 4
7497 0.000000 5
7502 1.000000 5
7507 1.000000 5
7510 1.000000 3
7514 -1.000000 4
7519 1.000000 5
7523 -1.000000 4
7527 1.000000 4
7531 -1.000000 4
7536 1.000000 5
7540 1.000000 4
7545 0.000000 5
7549 1.000000 4
7554 0.000000 5
7558 1.000000 4
7563 1.000000 5
7568 1.000000 5
7572 1.000000 4
7575 -1.000000 3
7580 1.000000 5
7584 -1.000000 4
7589 0.000000 5
7592 -1.000000 3
7596 -1.000000 4
7600 -1.000000 4
7605 0.000000 5
7610 1.000000 5
7614 -1.000000 4
7619 1.000000 5
7623 -1.000000 4
7627 -1.000000 4
7631 1.000000 4
7635 1.000000 4
7638 1.000000 3
7642 1.000000 4
7645 1.000000 3
7648 1.000000 3
7652 1.000000 4
7657 1.000000 5
7660 1.000000 3
7665 1.000000 5
7669 1.000000 4
7673 1.000000 4
7678 1.000000 5
7681 1.000000 3
7685 1.000000 4
7689 -1.000000 4
7694 0.000000 5
7697 1.000000 3
7700 1.000000 3
7704 1.000000 4
7708 -1.000000 4
7712 -1.000000 4
7716 -1.000000 4
7719 1.000000 3
7724 0.000000 5
7729 1.000000 5
7733 -1.000000 4
7736 1.000000 3
7740 1.000000 4
7743 1.000000 3
7746 -1.000000 3
7750 1.000000 4
7754 1.000000 4
7757 -1.000000 3
7761 1.000000 4
7765 -1.000000 4
7769 -1.000000 4
7773 -1.000000 4
7777 1.000000 4
7780 1.000000 3
7785 1.000000 5
7789 1.000000 4
7792 -1.000000 3
7796 1.000000 4
7800 1.000000 4
7804 1.000000 4
7808 1.000000 4
7812 1.000000 4
7817 1.000000 5
7820 1.000000 3
7824 1.000000 4
7828 -1.000000 4
7833 1.000000 5
7837 1.000000 4
7841 -1.000000 4
7846 0.000000 5
7851 0.000000 5
7854 1.000000 3
7859 0.000000 5
7863 1.000000 4
7867 -1.000000 4
7872 1.000000 5
7877 1.000000 5
7880 1.000000 3
7885 0.000000 5
7889 1.000000 4
7893 -1.000000 4
7898 1.000000 5
7902 1.000000 4
7906 -1.000000 4
7909 1.000000 3
7914 0.000000 5
7918 -1.000000 4
7922 1.000000 4
7926 1.000000 4
7930 -1.000000 4
7935 0.000000 5
7939 1.000000 4
7944 1.000000 5
7948 1.000000 4
7952 1.000000 4
7957 0.000000 5
7962 0.000000 5
7966 1.000000 4
7970 -1.000000 4
7974 -1.000000 4
7978 -1.000000 4
7983 1.000000 5
7987 1.000000 4
7990 1.000000 3
7995 0.000000 5
7998 -1.000000 3
8002 1.000000 4
8006 1.000000 4
8011 0.000000 5
8016 1.000000 5
8020 1.000000 4
8024 -1.000000 4
8029 1.000000 5
8033 1.000000 4
8037 -1.000000 4
8042 1.000000 5
8046 1.000000 4
8050 1.000000 4
8054 1.000000 4
8059 1.000000 5
8063 1.000000 4
8067 1.000000 4
8072 1.000000 5
8077 1.000000 5
8081 1.000000 4
8084 1.000000 3
8088 -1.000000 4
8092 1.000000 4
8096 1.000000 4
8100 1.000000 4
8104 1.000000 4
8108 -1.000000 4
8111 1.000000 3
8114 -1.000000 3
8119 1.000000 5
8124 0.000000 5
8127 -1.000000 3
8132 0.000000 5
8135 1.000000 3
8139 1.000000 4
8143 -1.000000 4
8146 -1.000000 3
8150 -1.000000 4
8155 1.000000 5
8160 1.000000 5
8164 1.000000 4
8169 1.000000 5
8173 -1.000000 4
8177 -1.000000 4
8181 -1.000000 4
8184 -1.000000 3
8188 1.000000 4
8192 -1.000000 4
8195 1.000000 3
8200 1.000000 5
8203 1.000000 3
8207 -1.000000 4
8211 1.000000 4
8215 1.000000 4
8218 1.000000 3
8221 1.000000 3
8225 -1.000000 4
8230 1.000000 5
8233 1.000000 3
8236 -1.000000 3
8239 -1.000000 3
8242 -1.000000 3
8246 1.000000 4
8249 -1.000000 3
8253 -1.000000 4
8258 0.000000 5
8261 1.000000 3
8264 -1.000000 3
8268 1.000000 4
8273 0.000000 5
8277 1.000000 4
8281 -1.000000 4
8284 1.000000 3
8288 -1.000000 4
8291 1.000000 3
8295 1.000000 4
8299 1.000000 4
8304 0.000000 5
8309 1.000000 5
8314 1.000000 5
8318 1.000000 4
8322 -1.000000 4
8326 1.000000 4
8329 1.000000 3
8332 1.000000 3
8337 1.000000 5
8341 1.000000 4
8345 1.000000 4
8349 -1.000000 4
8354 0.000000 5
8359 0.000000 5
8362 1.000000 3
8365 -1.000000 3
8370 0.000000 5
8374 1.000000 4
8379 0.000000 5
8383 1.000000 4
8388 1.000000 5
8393 1.000000 5
8397 -1.000000 4
8401 1.000000 4
8405 1.000000 4
8409 1.000000 4
8414 0.000000 5
8418 1.000000 4
8423 0.000000 5
8428 0.000000 5
8433 1.000000 5
8436 -1.000000 3
8440 1.000000 4
8444 -1.000000 4
8449 0.000000 5
8454 0.000000 5
8458 1.000000 4
8463 0.000000 5
8466 -1.000000 3
8471 0.000000 5
8476 1.000000 5
8480 1.000000 4
8485 1.000000 5
8490 0.000000 5
8494 1.000000 4
8498 1.000000 4
8503 1.000000 5
8507 -1.000000 4
8511 -1.000000 4
8516 1.000000 5
8520 1.000000 4
8525 1.000000 5
8530 1.000000 5
8535 1.000000 5
8539 1.000000 4
8543 1.000000 4
8548 1.000000 5
8552 1.000000 4
8557 1.000000 5
8561 -1.000000 4
8565 1.000000 4
8570 1.000000 5
8575 1.000000 5
8580 0.000000 5
8583 1.000000 3
8586 -1.000000 3
8591 1.000000 5
8595 -1.000000 4
8599 1.000000 4
8604 0.000000 5
8608 1.000000 4
8613 1.000000 5
8618 1.000000 5
8623 1.000000 5
8628 0.000000 5
8632 -1.000000 4
8636 1.000000 4
8640 -1.000000 4
8645 1.000000 5
8649 1.000000 4
8652 1.000000 3
8657 1.000000 5
8662 0.000000 5
8667 1.000000 5
8672 1.000000 5
8676 1.000000 4
8679 1.000000 3
8683 -1.000000 4
8687 -1.000000 4
8692 0.000000 5
8697 1.000000 5
8701 -1.000000 4
8706 1.000000 5
8711 0.000000 5
8715 -1.000000 4
8720 0.000000 5
8724 -1.000000 4
8728 1.000000 4
8733 0.000000 5
8737 1.000000 4
8741 1.000000 4
8745 1.000000 4
8749 1.000000 4
8754 1.000000 5
8758 1.000000 4
8762 1.000000 4
8767 1.000000 5
8771 -1.000000 4
8776 1.000000 5
8780 1.000000 4
8784 1.000000 4
8789 0.000000 5
8793 -1.000000 4
8798 0.000000 5
8803 0.000000 5
8807 1.000000 4
8811 1.000000 4
8815 -1.000000 4
8820 1.000000 5
8824 1.000000 4
8829 1.000000 5
8834 1.000000 5
8839 1.000000 5
8842 -1.000000 3
8845 1.000000 3
8849 1.000000 4
8854 0.000000 5
8858 1.000000 4
8861 1.000000 3
8865 -1.000000 4
8869 1.000000 4
8874 0.000000 5
8878 1.000000 4
8882 1.000000 4
8886 1.000000 4
8890 1.000000 4
8894 -1.000000 4
8898 1.000000 4
8903 0.000000 5
8908 0.000000 5
8912 -1.000000 4
8916 1.000000 4
8919 -1.000000 3
8924 0.000000 5
8928 1.000000 4
8933 1.000000 5
8937 -1.000000 4
8941 1.000000 4
8945 1.000000 4
8949 1.000000 4
8954 1.000000 5
8958 1.000000 4
8963 1.000000 5
8966 1.000000 3
8969 1.000000 3
8972 -1.000000 3
8975 -1.000000 3
8980 0.000000 5
8984 1.000000 4
8988 1.000000 4
8992 1.000000 4
8996 1.000000 4
9001 0.000000 5
9004 1.000000 3
9007 1.000000 3
9011 1.000000 4
9014 1.000000 3
9019 1.000000 5
9022 -1.000000 3
9025 1.000000 3
9028 1.000000 3
9032 -1.000000 4
9036 1.000000 4
9040 1.000000 4
9045 1.000000 5
9049 1.000000 4
9053 1.000000 4
9058 1.000000 5
9061 -1.000000 3
9064 -1.000000 3
9068 1.000000 4
9073 1.000000 5
9078 0.000000 5
9082 1.000000 4
9087 1.000000 5
9091 1.000000 4
9096 1.000000 5
9099 1.000000 3
9102 -1.000000 3
9107 1.000000 5
9112 0.000000 5
9117 1.000000 5
9122 0.000000 5
9125 -1.000000 3
9128 -1.000000 3
9132 -1.000000 4
9136 1.000000 4
9140 1.000000 4
9145 1.000000 5
9150 1.000000 5
9154 1.000000 4
9159 1.000000 5
9163 1.000000 4
9167 -1.000000 4
9171 1.000000 4
9176 0.000000 5
9180 1.000000 4
9185 1.000000 5
9190 0.000000 5
9195 0.000000 5
9198 -1.000000 3
9202 1.000000 4
9207 1.000000 5
9212 0.000000 5
9216 1.000000 4
9219 1.000000 3
9224 1.000000 5
9228 -1.000000 4
9232 1.000000 4
9237 1.000000 5
9241 1.000000 4
9245 -1.000000 4
9249 -1.000000 4
9254 1.000000 5
9258 1.000000 4
9262 -1.000000 4
9267 1.000000 5
9270 -1.000000 3
9274 1.000000 4
9279 1.000000 5
9283 1.000000 4
9288 1.000000 5
9291 1.000000 3
9294 -1.000000 3
9298 1.000000 4
9302 -1.000000 4
9307 1.000000 5
9311 1.000000 4
9315 -1.000000 4
9319 1.000000 4
9324 0.000000 5
9329 1.000000 5
9334 1.000000 5
9339 1.000000 5
9344 1.000000 5
9348 -1.000000 4
9352 1.000000 4
9357 1.000000 5
9361 1.000000 4
9366 1.000000 5
9371 0.000000 5
9375 1.000000 4
9379 1.000000 4
9382 -1.000000 3
9386 1.000000 4
9391 0.000000 5
9396 1.000000 5
9401 1.000000 5
9406 1.000000 5
9410 1.000000 4
9415 1.000000 5
9419 -1.000000 4
9423 1.000000 4
9427 1.000000 4
9431 1.000000 4
9434 1.000000 3
9438 1.000000 4
9443 1.000000 5
9447 -1.000000 4
9451 1.000000 4
9456 1.000000 5
9459 1.000000 3
9463 -1.000000 4
9467 1.000000 4
9471 1.000000 4
9475 1.000000 4
9479 -1.000000 4
9483 1.000000 4
9487 1.000000 4
9491 1.000000 4
9495 -1.000000 4
9498 1.000000 3
9503 1.000000 5
9506 1.000000 3
9511 1.000000 5
9515 -1.000000 4
9518 1.000000 3
9521 1.000000 3
9525 1.000000 4
9529 1.000000 4
9533 1.000000 4
9538 1.000000 5
9543 1.000000 5
9546 1.000000 3
9550 1.000000 4
9554 -1.000000 4
9557 1.000000 3
9561 1.000000 4
9564 1.000000 3
9568 -1.000000 4
9573 1.000000 5
9577 1.000000 4
9581 1.000000 4
9586 0.000000 5
9591 0.000000 5
9595 1.000000 4
9600 1.000000 5
9604 1.000000 4
9609 0.000000 5
9614 1.000000 5
9619 0.000000 5
9623 1.000000 4
9628 1.000000 5
9632 -1.000000 4
9636 -1.000000 4
9640 -1.000000 4
9645 1.000000 5
9649 1.000000 4
9652 1.000000 3
9656 1.000000 4
9661 0.000000 5
9665 1.000000 4
9668 1.000000 3
9672 1.000000 4
9677 1.000000 5
9681 -1.000000 4
9685 1.000000 4
9689 -1.000000 4
9693 1.000000 4
9697 1.000000 4
9702 0.000000 5
9706 -1.000000 4
9710 1.000000 4
9713 -1.000000 3
9718 0.000000 5
9722 1.000000 4
9726 -1.000000 4
9729 -1.000000 3
9733 -1.000000 4
9736 1.000000 3
9741 1.000000 5
9746 0.000000 5
9750 1.000000 4
9755 1.000000 5
9758 1.000000 3
9762 1.000000 4
9766 1.000000 4
9770 1.000000 4
9774 -1.000000 4
9779 1.000000 5
9783 1.000000 4
9787 1.000000 4
9792 0.000000 5
9796 1.000000 4
9801 1.000000 5
9806 1.000000 5
9810 -1.000000 4
9815 0.000000 5
9819 -1.000000 4
9823 -1.000000 4
9827 -1.000000 4
9831 1.000000 4
9836 1.000000 5
9839 1.000000 3
9843 -1.000000 4
9847 -1.000000 4
9852 1.000000 5
9857 0.000000 5
9862 1.000000 5
9866 1.000000 4
9870 1.000000 4
9874 -1.000000 4
9878 1.000000 4
9882 1.000000 4
9885 -1.000000 3
9889 1.000000 4
9894 1.000000 5
9899 1.000000 5
9902 -1.000000 3
9907 1.000000 5
9911 -1.000000 4
9916 0.000000 5
9921 0.000000 5
9926 0.000000 5
9930 1.000000 4
9935 1.000000 5
9939 1.000000 4
9944 1.000000 5
9948 -1.000000 4
9952 1.000000 4
9956 1.000000 4
9961 1.000000 5
9965 1.000000 4
9970 1.000000 5
9974 -1.000000 4
9978 -1.000000 4
9982 1.000000 4
9986 1.000000 4
9989 1.000000 3
9992 1.000000 3
9997 1.000000 5
10002 1.000000 5
10005 -1.000000 3
10008 -1.000000 3
10011 -1.000000 3
10014 -1.000000 3
10017 -1.000000 3
10020 -1.000000 3
10023 -1.000000 3
10026 -1.000000 3
10029 -1.000000 3
10032 -1.000000 3
10035 -1.000000 3
10038 -1.000000 3
10041 -1.000000 3
10044 -1.000000 3
10047 -1.000000 3
10050 -1.000000 3
10053 -1.000000 3
10056 -1.000000 3
10059 -1.000000 3
10062 -1.000000 3
10065 -1.000000 3
10068 -1.000000 3
10071 -1.000000 3
10074 -1.000000 3
10077 -1.000000 3
10080 -1.000000 3
10083 -1.000000 3
10086 -1.000000 3
10089 -1.000000 3
10092 -1.000000 3
10095 -1.000000 3
10098 -1.000000 3
10101 -1.000000 3
10104 -1.000000 3
10107 -1.000000 3
10110 -1.000000 3
10113 -1.000000 3
10116 -1.000000 3
10119 -1.000000 3
10122 -1.000000 3
10125 -1.000000 3
10128 -1.000000 3
10131 -1.000000 3
10134 -1.000000 3
10137 -1.000000 3
10140 -1.000000 3
10143 -1.000000 3
10146 -1.000000 3
10149 -1.000000 3
10152 -1.000000 3
10155 -1.000000 3
10158 -1.000000 3
10161 -1.000000 3
10164 -1.000000 3
10167 -1.000000 3
10170 -1.000000 3
10173 -1.000000 3
10176 -1.000000 3
10179 -1.000000 3
10182 -1.000000 3
10185 -1.000000 3
10188 -1.000000 3
10191 -1.000000 3
10194 -1.000000 3
10197 -1.000000 3
10200 -1.000000 3
10203 -1.000000 3
10206 -1.000000 3
10209 -1.000000 3
10212 -1.000000 3
10215 -1.000000 3
10218 -1.000000 3
10221 -1.000000 3
10224 -1.000000 3
10227 -1.000000 3
10230 -1.000000 3
10233 -1.000000 3
10236 -1.000000 3
10239 -1.000000 3
10242 -1.000000 3
10245 -1.000000 3
10248 -1.000000 3
10251 -1.000000 3
10254 -1.000000 3
10257 -1.000000 3
10260 -1.000000 3
10263 -1.000000 3
10266 -1.000000 3
10269 -1.000000 3
10272 -1.000000 3
10275 -1.000000 3
10278 -1.000000 3
10281 -1.000000 3
10284 -1.000000 3
10287 -1.000000 3
10290 -1.000000 3
10293 -1.000000 3
10296 -1.000000 3
10299 -1.000000 3
10302 -1.000000 3
10305 -1.000000 3
10308 -1.000000 3
10311 -1.000000 3
10314 -1.000000 3
10317 -1.000000 3
10320 -1.000000 3
10323 -1.000000 3
10326 -1.000000 3
10329 -1.000000 3
10332 -1.000000 3
10335 -1.000000 3
10338 -1.000000 3
10341 -1.000000 3
10344 -1.000000 3
10347 -1.000000 3
10350 -1.000000 3
10353 -1.000000 3
10356 -1.000000 3
10359 -1.000000 3
10362 -1.000000 3
10365 -1.000000 3
10368 -1.000000 3
10371 -1.000000 3
10374 -1.000000 3
10377 -1.000000 3
10380 -1.000000 3
10383 -1.000000 3
10386 -1.000000 3
10389 -1.000000 3
10392 -1.000000 3
10395 -1.000000 3
10398 -1.000000 3
10401 -1.000000 3
10404 -1.000000 3
10407 -1.000000 3
10410 -1.000000 3
10413 -1.000000 3
10416 -1.000000 3
10419 -1.000000 3
10422 -1.000000 3
10425 -1.000000 3
10428 -1.000000 3
10431 -1.000000 3
10434 -1.000000 3
10437 -1.000000 3
10440 -1.000000 3
10443 -1.000000 3
10446 -1.000000 3
10449 -1.000000 3
10452 -1.000000 3
10455 -1.000000 3
10458 -1.000000 3
10461 -1.000000 3
10464 -1.000000 3
10467 -1.000000 3
10470 -1.000000 3
10473 -1.000000 3
10476 -1.000000 3
10479 -1.000000 3
10482 -1.000000 3
10485 -1.000000 3
10488 -1.000000 3
10491 -1.000000 3
10494 -1.000000 3
10497 -1.000000 3
10500 -1.000000 3
10503 -1.000000 3
10506 -1.000000 3
10509 -1.000000 3
10512 -1.000000 3
10515 -1.000000 3
10518 -1.000000 3
10521 -1.000000 3
10524 -1.000000 3
10527 -1.000000 3
10530 -1.000000 3
10533 -1.000000 3
10536 -1.000000 3
10539 -1.000000 3
10542 -1.000000 3
10545 -1.000000 3
10548 -1.000000 3
10551 -1.000000 3
10554 -1.000000 3
10557 -1.000000 3
10560 -1.000000 3
10563 -1.000000 3
10566 -1.000000 3
10569 -1.000000 3
10572 -1.000000 3
10575 -1.000000 3
10578 -1.000000 3
10581 -1.000000 3
10584 -1.000000 3
10587 -1.000000 3
10590 -1.000000 3
10593 -1.000000 3
10596 -1.000000 3
10599 -1.000000 3
10602 -1.000000 3
10605 -1.000000 3
10608 -1.000000 3
10611 -1.000000 3
10614 -1.000000 3
10617 -1.000000 3
10620 -1.000000 3
10623 -1.000000 3
10626 -1.000000 3
10629 -1.000000 3
10632 -1.000000 3
10635 -1.000000 3
10638 -1.000000 3
10641 -1.000000 3
10644 -1.000000 3
10647 -1.000000 3
10650 -1.000000 3
10653 -1.000000 3
10656 -1.000000 3
10659 -1.000000 3
10662 -1.000000 3
10665 -1.000000 3
10668 -1.000000 3
10671 -1.000000 3
10674 -1.000000 3
10677 -1.000000 3
10680 -1.000000 3
10683 -1.000000 3
10686 -1.000000 3
10689 -1.000000 3
10692 -1.000000 3
10695 -1.000000 3
10698 -1.000000 3
10701 -1.000000 3
10704 -1.000000 3
10707 -1.000000 3
10710 -1.000000 3
10713 -1.000000 3
10716 -1.000000 3
10719 -1.000000 3
10722 -1.000000 3
10725 -1.000000 3
10728 -1.000000 3
10731 -1.000000 3
10734 -1.000000 3
10737 -1.000000 3
10740 -1.000000 3
10743 -1.000000 3
10746 -1.000000 3
10749 -1.000000 3
10752 -1.000000 3
10755 -1.000000 3
10758 -1.000000 3
10761 -1.000000 3
10764 -1.000000 3
10767 -1.000000 3
10770 -1.000000 3
10773 -1.000000 3
10776 -1.000000 3
10779 -1.000000 3
10782 -1.000000 3
10785 -1.000000 3
10788 -1.000000 3
10791 -1.000000 3
10794 -1.000000 3
10797 -1.000000 3
10800 -1.000000 3
10803 -1.000000 3
10806 -1.000000 3
10809 -1.000000 3
10812 -1.000000 3
10815 -1.000000 3
10818 -1.000000 3
10821 -1.000000 3
10824 -1.000000 3
10827 -1.000000 3
10830 -1.000000 3
10833 -1.000000 3
10836 -1.000000 3
10839 -1.000000 3
10842 -1.000000 3
10845 -1.000000 3
10848 -1.000000 3
10851 -1.000000 3
10854 -1.000000 3
10857 -1.000000 3
10860 -1.000000 3
10863 -1.000000 3
10866 -1.000000 3
10869 -1.000000 3
10872 -1.000000 3
10875 -1.000000 3
10878 -1.000000 3
10881 -1.000000 3
10884 -1.000000 3
10887 -1.000000 3
10890 -1.000000 3
10893 -1.000000 3
10896 -1.000000 3
10899 -1.000000 3
10902 -1.000000 3
10905 -1.000000 3
10908 -1.000000 3
10911 -1.000000 3
10914 -1.000000 3
10917 -1.000000 3
10920 -1.000000 3
10923 -1.000000 3
10926 -1.000000 3
10929 -1.000000 3
10932 -1.000000 3
10935 -1.000000 3
10938 -1.000000 3
10941 -1.000000 3
10944 -1.000000 3
10947 -1.000000 3
10950 -1.000000 3
10953 -1.000000 3
10956 -1.000000 3
10959 -1.000000 3
10962 -1.000000 3
10965 -1.000000 3
10968 -1.000000 3
10971 -1.000000 3
10974 -1.000000 3
10977 -1.000000 3
10980 -1.000000 3
10983 -1.000000 3
10986 -1.000000 3
10989 -1.000000 3
10992 -1.000000 3
10995 -1.000000 3
10998 -1.000000 3
11001 -1.000000 3
11004 -1.000000 3
11008 1.000000 4
11012 1.000000 4
11016 1.000000 4
11020 -1.000000 4
11024 1.000000 4
11027 1.000000 3
11030 1.000000 3
11034 1.000000 4
11038 1.000000 4
11042 1.000000 4
11045 1.000000 3
11049 1.000000 4
11052 1.000000 3
11055 1.000000 3
11059 1.000000 4
11063 1.000000 4
11066 1.000000 3
11070 1.000000 4
11073 1.000000 3
11076 1.000000 3
11079 1.000000 3
11082 1.000000 3
11086 1.000000 4
11090 1.000000 4
11093 1.000000 3
11097 -1.000000 4
11101 1.000000 4
11104 1.000000 3
11107 1.000000 3
11111 1.000000 4
11115 1.000000 4
11119 1.000000 4
11122 1.000000 3
11126 1.000000 4
11130 1.000000 4
11134 1.000000 4
11137 -1.000000 3
11140 1.000000 3
11143 1.000000 3
11148 0.000000 5
11151 1.000000 3
11155 1.000000 4
11159 1.000000 4
11163 1.000000 4
11167 1.000000 4
11170 1.000000 3
11174 -1.000000 4
11178 1.000000 4
11181 1.000000 3
11185 1.000000 4
11189 1.000000 4
11193 1.000000 4
11196 -1.000000 3
11199 -1.000000 3
11203 1.000000 4
11206 1.000000 3
11209 1.000000 3
11214 0.000000 5
11218 1.000000 4
11222 1.000000 4
11226 1.000000 4
11230 1.000000 4
11234 1.000000 4
11238 1.000000 4
11241 1.000000 3
11245 1.000000 4
11249 1.000000 4
11253 1.000000 4
11257 1.000000 4
11261 1.000000 4
11265 1.000000 4
11269 1.000000 4
11272 1.000000 3
11275 1.000000 3
11278 1.000000 3
11281 1.000000 3
11285 1.000000 4
11289 1.000000 4
11293 1.000000 4
11296 1.000000 3
11299 1.000000 3
11303 1.000000 4
11307 1.000000 4
11310 1.000000 3
11314 1.000000 4
11317 1.000000 3
11320 -1.000000 3
11324 1.000000 4
11327 1.000000 3
11331 1.000000 4
11334 1.000000 3
11337 1.000000 3
11340 1.000000 3
11344 1.000000 4
11348 1.000000 4
11352 1.000000 4
11356 1.000000 4
11359 1.000000 3
11362 1.000000 3
11366 1.000000 4
11369 -1.000000 3
11373 1.000000 4
11377 1.000000 4
11380 1.000000 3
11384 1.000000 4
11387 1.000000 3
11391 1.000000 4
11396 0.000000 5
11399 -1.000000 3
11402 -1.000000 3
11405 1.000000 3
11409 1.000000 4
11412 1.000000 3
11416 1.000000 4
11419 1.000000 3
11423 1.000000 4
11427 1.000000 4
11430 1.000000 3
11433 1.000000 3
11437 1.000000 4
11440 1.000000 3
11444 1.000000 4
11447 1.000000 3
11451 1.000000 4
11454 1.000000 3
11458 1.000000 4
11462 1.000000 4
11466 1.000000 4
11470 -1.000000 4
11474 1.000000 4
11477 1.000000 3
11481 -1.000000 4
11485 1.000000 4
11489 1.000000 4
11494 0.000000 5
11498 1.000000 4
11501 1.000000 3
11505 1.000000 4
11509 1.000000 4
11513 -1.000000 4
11518 0.000000 5
11522 1.000000 4
11525 1.000000 3
11528 1.000000 3
11532 1.000000 4
11536 1.000000 4
11539 1.000000 3
11543 1.000000 4
11547 1.000000 4
11550 1.000000 3
11554 1.000000 4
11557 -1.000000 3
11561 1.000000 4
11565 1.000000 4
11568 -1.000000 3
11571 1.000000 3
11575 1.000000 4
11579 1.000000 4
11583 1.000000 4
11587 1.000000 4
11590 1.000000 3
11593 1.000000 3
11597 1.000000 4
11601 1.000000 4
11605 1.000000 4
11609 1.000000 4
11613 1.000000 4
11617 1.000000 4
11621 1.000000 4
11624 1.000000 3
11628 1.000000 4
11632 1.000000 4
11636 1.000000 4
11640 1.000000 4
11644 1.000000 4
11647 1.000000 3
11651 1.000000 4
11654 1.000000 3
11658 1.000000 4
11662 1.000000 4
11666 1.000000 4
11670 1.000000 4
11674 1.000000 4
11678 1.000000 4
11682 1.000000 4
11685 1.000000 3
11689 1.000000 4
11692 1.000000 3
11695 1.000000 3
11698 1.000000 3
11702 1.000000 4
11706 1.000000 4
11710 1.000000 4
11713 1.000000 3
11716 1.000000 3
11719 1.000000 3
11722 1.000000 3
11725 1.000000 3
11729 1.000000 4
11732 -1.000000 3
11736 1.000000 4
11740 1.000000 4
11743 1.000000 3
11747 1.000000 4
11750 1.000000 3
11753 -1.000000 3
11757 1.000000 4
11761 1.000000 4
11765 1.000000 4
11770 0.000000 5
11774 1.000000 4
11778 1.000000 4
11781 1.000000 3
11785 1.000000 4
11789 1.000000 4
11793 1.000000 4
11796 1.000000 3
11800 1.000000 4
11803 1.000000 3
11807 -1.000000 4
11810 1.000000 3
11813 1.000000 3
11816 1.000000 3
11820 1.000000 4
11824 1.000000 4
11828 1.000000 4
11831 1.000000 3
11835 1.000000 4
11839 1.000000 4
11843 -1.000000 4
11847 1.000000 4
11850 1.000000 3
11854 1.000000 4
11857 1.000000 3
11861 1.000000 4
11864 1.000000 3
11868 1.000000 4
11872 1.000000 4
11876 1.000000 4
11879 1.000000 3
11883 1.000000 4
11886 1.000000 3
11890 1.000000 4
11894 1.000000 4
11898 1.000000 4
11901 1.000000 3
11904 1.000000 3
11908 1.000000 4
11911 1.000000 3
11915 1.000000 4
11919 1.000000 4
11922 1.000000 3
11927 1.000000 5
11931 1.000000 4
11935 1.000000 4
11938 1.000000 3
11941 1.000000 3
11945 1.000000 4
11949 1.000000 4
11952 1.000000 3
11955 1.000000 3
11959 1.000000 4
11963 1.000000 4
11966 1.000000 3
11970 1.000000 4
11974 1.000000 4
11977 1.000000 3
11981 1.000000 4
11985 1.000000 4
11988 1.000000 3
11992 1.000000 4
11996 1.000000 4
12000 1.000000 4
12003 1.000000 3
12006 1.000000 3
12010 1.000000 4
12014 1.000000 4
12018 1.000000 4
12022 1.000000 4
12025 -1.000000 3
12028 1.000000 3
12032 1.000000 4
12036 1.000000 4
12040 1.000000 4
12045 0.000000 5
12050 0.000000 5
12054 1.000000 4
12058 1.000000 4
12061 1.000000 3
12065 1.000000 4
12069 1.000000 4
12073 1.000000 4
12077 1.000000 4
12081 1.000000 4
12084 1.000000 3
12088 -1.000000 4
12092 1.000000 4
12096 1.000000 4
12099 1.000000 3
12103 1.000000 4
12107 1.000000 4
12110 1.000000 3
12114 1.000000 4
12118 1.000000 4
12122 1.000000 4
12125 1.000000 3
12129 1.000000 4
12134 0.000000 5
12137 1.000000 3
12141 1.000000 4
12144 1.000000 3
12147 1.000000 3
12151 1.000000 4
12156 0.000000 5
12159 1.000000 3
12162 1.000000 3
12166 1.000000 4
12169 1.000000 3
12173 1.000000 4
12176 1.000000 3
12179 1.000000 3
12183 1.000000 4
12187 1.000000 4
12190 1.000000 3
12194 1.000000 4
12198 1.000000 4
12201 1.000000 3
12205 1.000000 4
12208 1.000000 3
12212 1.000000 4
12215 1.000000 3
12220 0.000000 5
12223 1.000000 3
12226 1.000000 3
12230 1.000000 4
12234 1.000000 4
12237 1.000000 3
12241 1.000000 4
12244 1.000000 3
12248 1.000000 4
12251 -1.000000 3
12256 0.000000 5
12259 1.000000 3
12263 1.000000 4
12268 0.000000 5
12271 1.000000 3
12275 1.000000 4
12279 1.000000 4
12283 1.000000 4
12287 1.000000 4
12291 1.000000 4
12294 1.000000 3
12297 1.000000 3
12301 1.000000 4
12305 1.000000 4
12308 1.000000 3
12312 1.000000 4
12315 1.000000 3
12318 1.000000 3
12322 1.000000 4
12325 1.000000 3
12330 0.000000 5
12334 1.000000 4
12338 1.000000 4
12341 1.000000 3
12345 1.000000 4
12350 0.000000 5
12354 1.000000 4
12358 1.000000 4
12362 -1.000000 4
12366 1.000000 4
12369 1.000000 3
12373 1.000000 4
12378 1.000000 5
12382 1.000000 4
12386 1.000000 4
12390 1.000000 4
12394 1.000000 4
12397 1.000000 3
12400 1.000000 3
12403 1.000000 3
12406 1.000000 3
12409 1.000000 3
12413 1.000000 4
12417 1.000000 4
12421 1.000000 4
12424 1.000000 3
12428 1.000000 4
12432 1.000000 4
12436 1.000000 4
12440 1.000000 4
12444 1.000000 4
12447 1.000000 3
12451 1.000000 4
12456 0.000000 5
12459 1.000000 3
12462 1.000000 3
12466 1.000000 4
12469 1.000000 3
12472 1.000000 3
12475 1.000000 3
12479 1.000000 4
12483 1.000000 4
12487 -1.000000 4
12491 1.000000 4
12494 -1.000000 3
12497 1.000000 3
12501 1.000000 4
12506 0.000000 5
12510 1.000000 4
12513 -1.000000 3
12517 1.000000 4
12521 1.000000 4
12525 1.000000 4
12529 1.000000 4
12533 1.000000 4
12537 1.000000 4
12541 1.000000 4
12545 1.000000 4
12549 1.000000 4
12553 1.000000 4
12556 1.000000 3
12560 1.000000 4
12563 -1.000000 3
12568 0.000000 5
12571 1.000000 3
12575 1.000000 4
12579 1.000000 4
12582 1.000000 3
12586 1.000000 4
12590 1.000000 4
12593 1.000000 3
12597 1.000000 4
12600 1.000000 3
12604 -1.000000 4
12608 1.000000 4
12612 1.000000 4
12615 1.000000 3
12619 1.000000 4
12623 1.000000 4
12627 1.000000 4
12631 1.000000 4
12634 1.000000 3
12638 1.000000 4
12642 1.000000 4
12646 1.000000 4
12650 1.000000 4
12654 1.000000 4
12658 1.000000 4
12662 1.000000 4
12665 1.000000 3
12669 1.000000 4
12672 1.000000 3
12675 1.000000 3
12679 1.000000 4
12684 1.000000 5
12688 1.000000 4
12692 1.000000 4
12696 1.000000 4
12700 1.000000 4
12704 1.000000 4
12708 1.000000 4
12712 1.000000 4
12717 0.000000 5
12721 1.000000 4
12725 1.000000 4
12729 1.000000 4
12733 1.000000 4
12737 1.000000 4
12741 1.000000 4
12744 1.000000 3
12748 -1.000000 4
12751 1.000000 3
12755 1.000000 4
12759 1.000000 4
12763 1.000000 4
12766 1.000000 3
12769 1.000000 3
12772 -1.000000 3
12775 1.000000 3
12778 1.000000 3
12782 1.000000 4
12787 0.000000 5
12791 1.000000 4
12795 1.000000 4
12798 1.000000 3
12802 1.000000 4
12806 1.000000 4
12811 0.000000 5
12816 1.000000 5
12820 1.000000 4
12825 0.000000 5
12829 1.000000 4
12833 1.000000 4
12837 1.000000 4
12841 1.000000 4
12845 1.000000 4
12848 1.000000 3
12852 1.000000 4
12856 1.000000 4
12859 1.000000 3
12863 1.000000 4
12867 1.000000 4
12871 1.000000 4
12875 1.000000 4
12879 1.000000 4
12884 0.000000 5
12888 1.000000 4
12892 1.000000 4
12895 1.000000 3
12899 1.000000 4
12902 1.000000 3
12905 -1.000000 3
12908 1.000000 3
12912 1.000000 4
12916 1.000000 4
12919 1.000000 3
12923 1.000000 4
12926 1.000000 3
12929 -1.000000 3
12933 1.000000 4
12936 1.000000 3
12940 1.000000 4
12944 1.000000 4
12948 1.000000 4
12951 1.000000 3
12956 0.000000 5
12959 -1.000000 3
12963 1.000000 4
12967 1.000000 4
12971 1.000000 4
12974 1.000000 3
12977 1.000000 3
12981 1.000000 4
12984 1.000000 3
12988 1.000000 4
12991 1.000000 3
12995 1.000000 4
12998 1.000000 3
13001 1.000000 3
13005 1.000000 4
13009 1.000000 4
