5 1.000000 5
8 1.000000 3
13 0.000000 5
17 -1.000000 4
20 -1.000000 3
25 0.000000 5
29 -1.000000 4
34 1.000000 5
37 1.000000 3
42 0.000000 5
46 -1.000000 4
50 -1.000000 4
55 1.000000 5
58 1.000000 3
63 0.000000 5
68 1.000000 5
72 1.000000 4
76 -1.000000 4
79 -1.000000 3
84 0.000000 5
89 0.000000 5
92 1.000000 3
96 1.000000 4
100 1.000000 4
103 1.000000 3
106 -1.000000 3
110 1.000000 4
115 1.000000 5
120 1.000000 5
124 1.000000 4
127 -1.000000 3
132 1.000000 5
136 1.000000 4
141 1.000000 5
145 -1.000000 4
149 -1.000000 4
153 1.000000 4
157 1.000000 4
162 1.000000 5
166 1.000000 4
170 1.000000 4
173 -1.000000 3
176 -1.000000 3
180 1.000000 4
185 0.000000 5
189 1.000000 4
192 1.000000 3
197 0.000000 5
201 1.000000 4
204 -1.000000 3
209 0.000000 5
213 -1.000000 4
217 1.000000 4
221 1.000000 4
225 1.000000 4
229 -1.000000 4
234 1.000000 5
237 -1.000000 3
241 1.000000 4
245 1.000000 4
250 1.000000 5
253 -1.000000 3
258 0.000000 5
261 -1.000000 3
265 1.000000 4
269 1.000000 4
274 1.000000 5
277 1.000000 3
280 -1.000000 3
285 1.000000 5
289 1.000000 4
292 1.000000 3
296 1.000000 4
301 0.000000 5
306 1.000000 5
310 -1.000000 4
314 1.000000 4
317 -1.000000 3
322 0.000000 5
327 0.000000 5
331 -1.000000 4
335 -1.000000 4
340 1.000000 5
344 1.000000 4
348 1.000000 4
352 1.000000 4
357 1.000000 5
362 1.000000 5
366 1.000000 4
371 1.000000 5
375 1.000000 4
380 1.000000 5
384 -1.000000 4
388 1.000000 4
392 -1.000000 4
396 1.000000 4
400 1.000000 4
403 -1.000000 3
406 1.000000 3
410 1.000000 4
414 1.000000 4
419 1.000000 5
424 1.000000 5
429 1.000000 5
432 -1.000000 3
437 0.000000 5
442 1.000000 5
447 1.000000 5
451 -1.000000 4
455 -1.000000 4
459 1.000000 4
463 1.000000 4
467 -1.000000 4
472 0.000000 5
477 1.000000 5
481 1.000000 4
484 -1.000000 3
488 1.000000 4
493 0.000000 5
497 1.000000 4
501 -1.000000 4
506 0.000000 5
510 1.000000 4
514 -1.000000 4
519 0.000000 5
523 1.000000 4
526 1.000000 3
530 1.000000 4
535 0.000000 5
538 -1.000000 3
542 1.000000 4
546 1.000000 4
549 -1.000000 3
553 1.000000 4
558 0.000000 5
563 1.000000 5
568 0.000000 5
573 1.000000 5
577 -1.000000 4
581 -1.000000 4
585 1.000000 4
589 1.000000 4
594 1.000000 5
597 -1.000000 3
600 1.000000 3
605 1.000000 5
610 1.000000 5
614 1.000000 4
618 1.000000 4
621 1.000000 3
626 1.000000 5
630 -1.000000 4
634 -1.000000 4
638 -1.000000 4
642 1.000000 4
646 1.000000 4
650 1.000000 4
654 -1.000000 4
658 -1.000000 4
663 1.000000 5
667 1.000000 4
671 1.000000 4
675 1.000000 4
678 -1.000000 3
681 1.000000 3
686 1.000000 5
690 -1.000000 4
695 0.000000 5
699 1.000000 4
704 0.000000 5
709 1.000000 5
712 1.000000 3
717 0.000000 5
720 -1.000000 3
725 1.000000 5
730 1.000000 5
733 -1.000000 3
736 -1.000000 3
740 -1.000000 4
744 1.000000 4
747 -1.000000 3
752 1.000000 5
756 1.000000 4
760 1.000000 4
763 -1.000000 3
767 1.000000 4
772 0.000000 5
777 0.000000 5
782 1.000000 5
787 1.000000 5
791 -1.000000 4
795 1.000000 4
800 1.000000 5
805 1.000000 5
809 1.000000 4
813 1.000000 4
817 -1.000000 4
820 1.000000 3
825 1.000000 5
829 1.000000 4
834 1.000000 5
838 -1.000000 4
842 1.000000 4
845 1.000000 3
849 1.000000 4
854 0.000000 5
859 1.000000 5
863 -1.000000 4
866 1.000000 3
870 -1.000000 4
874 1.000000 4
879 1.000000 5
882 -1.000000 3
886 1.000000 4
890 -1.000000 4
894 1.000000 4
898 1.000000 4
903 0.000000 5
907 -1.000000 4
912 1.000000 5
915 1.000000 3
918 1.000000 3
921 -1.000000 3
926 1.000000 5
931 1.000000 5
935 1.000000 4
940 1.000000 5
945 1.000000 5
950 1.000000 5
954 -1.000000 4
958 1.000000 4
961 1.000000 3
965 1.000000 4
970 0.000000 5
975 1.000000 5
978 -1.000000 3
983 1.000000 5
987 -1.000000 4
990 1.000000 3
994 -1.000000 4
998 1.000000 4
1002 1.000000 4
1007 0.000000 5
1011 1.000000 4
1015 -1.000000 4
1019 1.000000 4
1023 1.000000 4
1027 1.000000 4
1032 1.000000 5
1037 0.000000 5
1041 1.000000 4
1046 1.000000 5
1051 0.000000 5
1055 1.000000 4
1059 1.000000 4
1064 1.000000 5
1069 1.000000 5
1074 0.000000 5
1079 0.000000 5
1083 -1.000000 4
1086 1.000000 3
1089 1.000000 3
1094 1.000000 5
1097 -1.000000 3
1102 1.000000 5
1107 0.000000 5
1112 0.000000 5
1116 1.000000 4
1120 1.000000 4
1125 1.000000 5
1129 1.000000 4
1132 1.000000 3
1136 1.000000 4
1141 1.000000 5
1144 1.000000 3
1148 1.000000 4
1151 1.000000 3
1156 0.000000 5
1160 1.000000 4
1165 0.000000 5
1169 1.000000 4
1173 -1.000000 4
1177 -1.000000 4
1182 1.000000 5
1187 0.000000 5
1191 1.000000 4
1195 1.000000 4
1199 1.000000 4
1204 1.000000 5
1208 1.000000 4
1212 1.000000 4
1215 1.000000 3
1218 -1.000000 3
1223 0.000000 5
1228 1.000000 5
1231 1.000000 3
1236 1.000000 5
1239 -1.000000 3
1243 -1.000000 4
1247 1.000000 4
1250 -1.000000 3
1255 0.000000 5
1259 -1.000000 4
1264 1.000000 5
1269 0.000000 5
1274 1.000000 5
1279 0.000000 5
1284 1.000000 5
1287 -1.000000 3
1292 0.000000 5
1296 1.000000 4
1299 -1.000000 3
1303 -1.000000 4
1307 -1.000000 4
1311 1.000000 4
1316 0.000000 5
1319 1.000000 3
1322 1.000000 3
1326 1.000000 4
1331 1.000000 5
1335 1.000000 4
1339 1.000000 4
1344 0.000000 5
1348 1.000000 4
1352 1.000000 4
1357 1.000000 5
1361 1.000000 4
1366 0.000000 5
1369 1.000000 3
1373 -1.000000 4
1378 1.000000 5
1381 1.000000 3
1384 1.000000 3
1388 -1.000000 4
1392 -1.000000 4
1396 -1.000000 4
1399 -1.000000 3
1403 -1.000000 4
1407 1.000000 4
1410 1.000000 3
1413 1.000000 3
1417 1.000000 4
1421 1.000000 4
1425 1.000000 4
1430 1.000000 5
1434 1.000000 4
1438 1.000000 4
1442 1.000000 4
1446 -1.000000 4
1451 1.000000 5
1455 1.000000 4
1458 1.000000 3
1463 1.000000 5
1467 1.000000 4
1470 -1.000000 3
1473 1.000000 3
1477 1.000000 4
1482 1.000000 5
1486 1.000000 4
1491 1.000000 5
1496 0.000000 5
1500 1.000000 4
1504 1.000000 4
1508 1.000000 4
1512 -1.000000 4
1516 1.000000 4
1520 1.000000 4
1523 -1.000000 3
1528 1.000000 5
1531 -1.000000 3
1535 1.000000 4
1539 1.000000 4
1543 1.000000 4
1547 -1.000000 4
1551 1.000000 4
1556 1.000000 5
1561 0.000000 5
1564 1.000000 3
1569 1.000000 5
1574 1.000000 5
1579 1.000000 5
1583 1.000000 4
1587 1.000000 4
1591 -1.000000 4
1596 1.000000 5
1601 1.000000 5
1605 -1.000000 4
1609 1.000000 4
1614 0.000000 5
1618 -1.000000 4
1622 -1.000000 4
1626 -1.000000 4
1631 0.000000 5
1636 1.000000 5
1639 -1.000000 3
1643 -1.000000 4
1647 1.000000 4
1651 1.000000 4
1656 1.000000 5
1661 0.000000 5
1666 1.000000 5
1671 1.000000 5
1674 -1.000000 3
1678 1.000000 4
1683 1.000000 5
1686 -1.000000 3
1690 -1.000000 4
1694 -1.000000 4
1698 -1.000000 4
1703 0.000000 5
1707 1.000000 4
1712 1.000000 5
1717 1.000000 5
1721 -1.000000 4
1725 1.000000 4
1729 1.000000 4
1734 0.000000 5
1739 0.000000 5
1743 1.000000 4
1748 1.000000 5
1752 1.000000 4
1757 1.000000 5
1761 1.000000 4
1766 1.000000 5
1771 1.000000 5
1776 1.000000 5
1781 1.000000 5
1785 -1.000000 4
1789 -1.000000 4
1794 1.000000 5
1799 0.000000 5
1802 -1.000000 3
1806 1.000000 4
1810 1.000000 4
1815 0.000000 5
1818 1.000000 3
1822 1.000000 4
1825 1.000000 3
1829 -1.000000 4
1833 1.000000 4
1837 -1.000000 4
1842 1.000000 5
1846 1.000000 4
1850 -1.000000 4
1853 1.000000 3
1856 -1.000000 3
1860 -1.000000 4
1863 -1.000000 3
1868 1.000000 5
1873 1.000000 5
1877 1.000000 4
1880 -1.000000 3
1884 1.000000 4
1889 1.000000 5
1894 1.000000 5
1899 1.000000 5
1903 1.000000 4
1907 1.000000 4
1911 1.000000 4
1914 1.000000 3
1917 -1.000000 3
1920 1.000000 3
1924 1.000000 4
1928 1.000000 4
1933 1.000000 5
1938 1.000000 5
1942 1.000000 4
1947 0.000000 5
1952 0.000000 5
1955 1.000000 3
1960 1.000000 5
1963 -1.000000 3
1967 1.000000 4
1972 0.000000 5
1975 -1.000000 3
1978 1.000000 3
1983 0.000000 5
1988 1.000000 5
1992 1.000000 4
1997 0.000000 5
2000 -1.000000 3
2005 1.000000 5
2010 1.000000 5
2014 1.000000 4
2018 1.000000 4
2021 -1.000000 3
2026 0.000000 5
2030 -1.000000 4
2034 -1.000000 4
2039 0.000000 5
2044 1.000000 5
2047 1.000000 3
2050 1.000000 3
2053 -1.000000 3
2057 -1.000000 4
2061 1.000000 4
2066 0.000000 5
2069 -1.000000 3
2073 -1.000000 4
2076 1.000000 3
2081 0.000000 5
2085 -1.000000 4
2089 1.000000 4
2094 1.000000 5
2098 1.000000 4
2102 -1.000000 4
2106 -1.000000 4
2111 1.000000 5
2116 1.000000 5
2121 1.000000 5
2124 1.000000 3
2128 -1.000000 4
2133 1.000000 5
2137 -1.000000 4
2140 1.000000 3
2145 1.000000 5
2150 0.000000 5
2155 1.000000 5
2159 -1.000000 4
2163 1.000000 4
2168 0.000000 5
2171 1.000000 3
2175 1.000000 4
2179 1.000000 4
2184 0.000000 5
2189 0.000000 5
2193 -1.000000 4
2197 1.000000 4
2201 1.000000 4
2205 1.000000 4
2209 1.000000 4
2212 -1.000000 3
2216 1.000000 4
2219 1.000000 3
2224 1.000000 5
2228 1.000000 4
2233 0.000000 5
2238 1.000000 5
2242 -1.000000 4
2247 1.000000 5
2251 1.000000 4
2254 1.000000 3
2258 1.000000 4
2263 0.000000 5
2267 1.000000 4
2271 1.000000 4
2275 1.000000 4
2279 1.000000 4
2282 -1.000000 3
2286 -1.000000 4
2290 1.000000 4
2294 -1.000000 4
2298 1.000000 4
2302 1.000000 4
2307 0.000000 5
2312 1.000000 5
2317 0.000000 5
2321 -1.000000 4
2326 1.000000 5
2330 1.000000 4
2334 -1.000000 4
2339 0.000000 5
2342 1.000000 3
2346 -1.000000 4
2350 1.000000 4
2354 -1.000000 4
2359 1.000000 5
2363 1.000000 4
2368 1.000000 5
2373 1.000000 5
2378 1.000000 5
2382 -1.000000 4
2386 -1.000000 4
2390 1.000000 4
2394 1.000000 4
2398 -1.000000 4
2403 0.000000 5
2407 1.000000 4
2411 1.000000 4
2415 1.000000 4
2419 1.000000 4
2424 0.000000 5
2428 -1.000000 4
2431 -1.000000 3
2436 1.000000 5
2440 -1.000000 4
2443 -1.000000 3
2446 1.000000 3
2449 1.000000 3
2454 1.000000 5
2458 1.000000 4
2461 1.000000 3
2466 0.000000 5
2471 1.000000 5
2476 1.000000 5
2480 1.000000 4
2483 -1.000000 3
2487 -1.000000 4
2490 1.000000 3
2495 0.000000 5
2499 -1.000000 4
2504 1.000000 5
2508 1.000000 4
2511 1.000000 3
2514 -1.000000 3
2518 1.000000 4
2523 0.000000 5
2528 0.000000 5
2533 0.000000 5
2537 1.000000 4
2541 -1.000000 4
2545 1.000000 4
2549 -1.000000 4
2553 -1.000000 4
2556 1.000000 3
2560 1.000000 4
2564 -1.000000 4
2568 1.000000 4
2573 1.000000 5
2577 1.000000 4
2582 0.000000 5
2585 1.000000 3
2589 1.000000 4
2594 1.000000 5
2599 1.000000 5
2603 -1.000000 4
2607 1.000000 4
2611 1.000000 4
2615 -1.000000 4
2619 -1.000000 4
2624 1.000000 5
2628 -1.000000 4
2633 1.000000 5
2637 -1.000000 4
2641 1.000000 4
2645 1.000000 4
2650 1.000000 5
2654 1.000000 4
2659 0.000000 5
2662 1.000000 3
2667 0.000000 5
2672 1.000000 5
2677 0.000000 5
2682 1.000000 5
2686 1.000000 4
2690 1.000000 4
2694 -1.000000 4
2698 1.000000 4
2702 1.000000 4
2707 1.000000 5
2712 1.000000 5
2716 1.000000 4
2719 -1.000000 3
2724 1.000000 5
2729 1.000000 5
2733 1.000000 4
2737 1.000000 4
2742 0.000000 5
2746 1.000000 4
2749 -1.000000 3
2754 1.000000 5
2758 1.000000 4
2762 -1.000000 4
2767 1.000000 5
2770 1.000000 3
2775 1.000000 5
2778 1.000000 3
2781 1.000000 3
2785 -1.000000 4
2789 1.000000 4
2794 0.000000 5
2798 -1.000000 4
2802 1.000000 4
2806 1.000000 4
2811 1.000000 5
2816 1.000000 5
2820 1.000000 4
2823 -1.000000 3
2828 0.000000 5
2832 1.000000 4
2836 1.000000 4
2840 -1.000000 4
2844 1.000000 4
2847 -1.000000 3
2852 0.000000 5
2855 -1.000000 3
2860 0.000000 5
2865 1.000000 5
2869 -1.000000 4
2873 1.000000 4
2877 1.000000 4
2881 -1.000000 4
2885 1.000000 4
2889 -1.000000 4
2892 -1.000000 3
2896 1.000000 4
2900 1.000000 4
2904 -1.000000 4
2907 -1.000000 3
2911 -1.000000 4
2915 1.000000 4
2920 1.000000 5
2925 0.000000 5
2930 1.000000 5
2933 -1.000000 3
2936 1.000000 3
2940 -1.000000 4
2944 1.000000 4
2948 -1.000000 4
2953 0.000000 5
2958 1.000000 5
2963 0.000000 5
2968 0.000000 5
2972 1.000000 4
2976 -1.000000 4
2980 1.000000 4
2985 1.000000 5
2989 -1.000000 4
2993 -1.000000 4
2996 -1.000000 3
2999 -1.000000 3
3004 0.000000 5
3007 1.000000 3
3011 1.000000 4
3015 1.000000 4
3020 0.000000 5
3025 1.000000 5
3029 1.000000 4
3033 1.000000 4
3036 -1.000000 3
3040 1.000000 4
3045 0.000000 5
3049 1.000000 4
3053 1.000000 4
3056 1.000000 3
3061 0.000000 5
3066 1.000000 5
3069 -1.000000 3
3072 1.000000 3
3076 1.000000 4
3080 1.000000 4
3084 1.000000 4
3088 1.000000 4
3093 0.000000 5
3096 1.000000 3
3101 1.000000 5
3105 1.000000 4
3109 -1.000000 4
3112 1.000000 3
3115 -1.000000 3
3120 1.000000 5
3124 -1.000000 4
3127 -1.000000 3
3131 1.000000 4
3136 1.000000 5
3140 -1.000000 4
3144 -1.000000 4
3148 -1.000000 4
3151 -1.000000 3
3156 1.000000 5
3161 1.000000 5
3164 1.000000 3
3169 0.000000 5
3174 1.000000 5
3178 1.000000 4
3181 1.000000 3
3185 1.000000 4
3190 1.000000 5
3194 1.000000 4
3199 1.000000 5
3204 0.000000 5
3208 -1.000000 4
3212 -1.000000 4
3217 1.000000 5
3221 -1.000000 4
3225 1.000000 4
3229 1.000000 4
3234 1.000000 5
3238 1.000000 4
3242 1.000000 4
3247 1.000000 5
3251 1.000000 4
3256 1.000000 5
3261 1.000000 5
3266 1.000000 5
3270 1.000000 4
3274 1.000000 4
3278 -1.000000 4
3282 -1.000000 4
3285 -1.000000 3
3289 1.000000 4
3293 1.000000 4
3298 1.000000 5
3301 1.000000 3
3306 0.000000 5
3309 -1.000000 3
3313 1.000000 4
3317 -1.000000 4
3321 1.000000 4
3325 1.000000 4
3328 1.000000 3
3332 1.000000 4
3337 1.000000 5
3342 1.000000 5
3347 1.000000 5
3351 1.000000 4
3355 1.000000 4
3359 1.000000 4
3363 1.000000 4
3366 1.000000 3
3371 0.000000 5
3375 -1.000000 4
3380 1.000000 5
3385 1.000000 5
3390 0.000000 5
3393 -1.000000 3
3398 0.000000 5
3401 -1.000000 3
3404 1.000000 3
3409 1.000000 5
3413 -1.000000 4
3417 1.000000 4
3422 0.000000 5
3426 1.000000 4
3430 1.000000 4
3435 0.000000 5
3438 -1.000000 3
3443 1.000000 5
3447 -1.000000 4
3450 1.000000 3
3455 1.000000 5
3459 1.000000 4
3463 -1.000000 4
3467 -1.000000 4
3470 1.000000 3
3474 1.000000 4
3478 1.000000 4
3483 1.000000 5
3486 1.000000 3
3490 -1.000000 4
3494 -1.000000 4
3499 1.000000 5
3504 1.000000 5
3507 1.000000 3
3512 1.000000 5
3515 1.000000 3
3519 1.000000 4
3524 1.000000 5
3529 1.000000 5
3534 1.000000 5
3538 -1.000000 4
3542 1.000000 4
3546 -1.000000 4
3550 1.000000 4
3554 -1.000000 4
3558 -1.000000 4
3562 -1.000000 4
3566 1.000000 4
3571 0.000000 5
3574 -1.000000 3
3578 1.000000 4
3583 1.000000 5
3586 1.000000 3
3591 0.000000 5
3594 1.000000 3
3599 1.000000 5
3604 0.000000 5
3607 1.000000 3
3612 1.000000 5
3616 -1.000000 4
3620 1.000000 4
3624 -1.000000 4
3627 -1.000000 3
3631 1.000000 4
3636 0.000000 5
3640 1.000000 4
3644 -1.000000 4
3647 -1.000000 3
3651 1.000000 4
3655 1.000000 4
3659 1.000000 4
3663 -1.000000 4
3667 1.000000 4
3672 0.000000 5
3676 1.000000 4
3680 -1.000000 4
3684 -1.000000 4
3688 1.000000 4
3692 -1.000000 4
3697 1.000000 5
3701 1.000000 4
3706 1.000000 5
3710 -1.000000 4
3714 1.000000 4
3719 1.000000 5
3723 -1.000000 4
3728 0.000000 5
3732 -1.000000 4
3737 0.000000 5
3741 -1.000000 4
3746 1.000000 5
3749 -1.000000 3
3752 1.000000 3
3757 1.000000 5
3760 1.000000 3
3764 1.000000 4
3768 -1.000000 4
3772 -1.000000 4
3776 1.000000 4
3780 1.000000 4
3784 -1.000000 4
3788 -1.000000 4
3792 1.000000 4
3797 1.000000 5
3801 -1.000000 4
3804 -1.000000 3
3808 -1.000000 4
3812 -1.000000 4
3817 1.000000 5
3821 1.000000 4
3825 1.000000 4
3829 1.000000 4
3833 -1.000000 4
3837 1.000000 4
3840 1.000000 3
3844 1.000000 4
3848 -1.000000 4
3852 1.000000 4
3857 0.000000 5
3861 1.000000 4
3864 1.000000 3
3868 -1.000000 4
3873 1.000000 5
3877 -1.000000 4
3880 1.000000 3
3883 -1.000000 3
3888 0.000000 5
3891 -1.000000 3
3896 0.000000 5
3899 -1.000000 3
3902 -1.000000 3
3906 1.000000 4
3909 1.000000 3
3913 1.000000 4
3917 1.000000 4
3922 1.000000 5
3927 1.000000 5
3930 1.000000 3
3935 1.000000 5
3940 1.000000 5
3944 -1.000000 4
3948 1.000000 4
3953 1.000000 5
3957 1.000000 4
3960 1.000000 3
3965 1.000000 5
3969 1.000000 4
3973 -1.000000 4
3977 -1.000000 4
3982 1.000000 5
3987 1.000000 5
3992 1.000000 5
3997 1.000000 5
4000 1.000000 3
4005 0.000000 5
4009 1.000000 4
4013 -1.000000 4
4018 1.000000 5
4022 1.000000 4
4027 1.000000 5
4030 1.000000 3
4035 1.000000 5
4040 1.000000 5
4045 1.000000 5
4049 1.000000 4
4054 0.000000 5
4057 1.000000 3
4061 1.000000 4
4065 -1.000000 4
4069 -1.000000 4
4073 -1.000000 4
4077 1.000000 4
4081 1.000000 4
4084 -1.000000 3
4089 1.000000 5
4094 0.000000 5
4098 1.000000 4
4102 1.000000 4
4106 -1.000000 4
4110 -1.000000 4
4113 1.000000 3
4117 1.000000 4
4120 -1.000000 3
4124 -1.000000 4
4128 1.000000 4
4133 1.000000 5
4136 -1.000000 3
4140 1.000000 4
4145 1.000000 5
4148 1.000000 3
4153 1.000000 5
4158 0.000000 5
4161 1.000000 3
4166 0.000000 5
4170 1.000000 4
4174 1.000000 4
4178 1.000000 4
4183 1.000000 5
4187 1.000000 4
4192 1.000000 5
4196 -1.000000 4
4200 1.000000 4
4204 1.000000 4
4209 1.000000 5
4213 1.000000 4
4217 1.000000 4
4220 1.000000 3
4224 1.000000 4
4229 0.000000 5
4233 1.000000 4
4238 0.000000 5
4242 1.000000 4
4247 1.000000 5
4252 1.000000 5
4256 -1.000000 4
4261 1.000000 5
4266 0.000000 5
4270 1.000000 4
4274 1.000000 4
4277 -1.000000 3
4282 1.000000 5
4287 0.000000 5
4292 0.000000 5
4296 -1.000000 4
4301 1.000000 5
4304 1.000000 3
4309 1.000000 5
4313 1.000000 4
4317 1.000000 4
4320 1.000000 3
4324 1.000000 4
4327 1.000000 3
4332 1.000000 5
4336 -1.000000 4
4341 1.000000 5
4346 0.000000 5
4350 -1.000000 4
4354 1.000000 4
4359 1.000000 5
4364 1.000000 5
4369 1.000000 5
4374 1.000000 5
4378 1.000000 4
4383 1.000000 5
4387 1.000000 4
4392 0.000000 5
4397 0.000000 5
4401 -1.000000 4
4405 1.000000 4
4410 1.000000 5
4415 1.000000 5
4420 1.000000 5
4425 0.000000 5
4428 -1.000000 3
4432 -1.000000 4
4437 1.000000 5
4441 1.000000 4
4445 -1.000000 4
4450 1.000000 5
4454 -1.000000 4
4458 1.000000 4
4461 1.000000 3
4465 1.000000 4
4470 1.000000 5
4473 -1.000000 3
4477 -1.000000 4
4480 1.000000 3
4484 -1.000000 4
4488 1.000000 4
4493 1.000000 5
4497 -1.000000 4
4501 -1.000000 4
4505 -1.000000 4
4508 1.000000 3
4512 1.000000 4
4516 -1.000000 4
4520 1.000000 4
4524 -1.000000 4
4529 1.000000 5
4533 1.000000 4
4536 -1.000000 3
4541 1.000000 5
4545 1.000000 4
4549 -1.000000 4
4554 1.000000 5
4559 1.000000 5
4563 -1.000000 4
4568 1.000000 5
4572 1.000000 4
4577 1.000000 5
4580 -1.000000 3
4585 1.000000 5
4590 0.000000 5
4594 -1.000000 4
4599 1.000000 5
4603 -1.000000 4
4606 -1.000000 3
4609 1.000000 3
4614 0.000000 5
4617 1.000000 3
4621 1.000000 4
4625 -1.000000 4
4630 1.000000 5
4634 1.000000 4
4639 1.000000 5
4643 1.000000 4
4647 1.000000 4
4651 -1.000000 4
4655 -1.000000 4
4658 1.000000 3
4662 1.000000 4
4667 0.000000 5
4672 0.000000 5
4676 -1.000000 4
4681 0.000000 5
4686 0.000000 5
4691 1.000000 5
4695 -1.000000 4
4700 1.000000 5
4704 1.000000 4
4708 1.000000 4
4712 1.000000 4
4715 1.000000 3
4720 1.000000 5
4724 -1.000000 4
4727 1.000000 3
4731 1.000000 4
4734 -1.000000 3
4738 -1.000000 4
4742 -1.000000 4
4745 -1.000000 3
4749 -1.000000 4
4754 1.000000 5
4758 -1.000000 4
4762 1.000000 4
4765 -1.000000 3
4769 -1.000000 4
4774 1.000000 5
4778 -1.000000 4
4783 1.000000 5
4786 -1.000000 3
4791 1.000000 5
4796 0.000000 5
4800 1.000000 4
4805 0.000000 5
4809 -1.000000 4
4813 1.000000 4
4817 1.000000 4
4820 1.000000 3
4824 1.000000 4
4827 -1.000000 3
4832 1.000000 5
4837 0.000000 5
4842 0.000000 5
4846 -1.000000 4
4851 1.000000 5
4855 -1.000000 4
4858 -1.000000 3
4862 1.000000 4
4867 1.000000 5
4871 -1.000000 4
4874 1.000000 3
4879 0.000000 5
4883 1.000000 4
4887 1.000000 4
4891 1.000000 4
4896 1.000000 5
4901 1.000000 5
4905 1.000000 4
4910 1.000000 5
4913 1.000000 3
4918 1.000000 5
4923 0.000000 5
4927 1.000000 4
4931 -1.000000 4
4936 0.000000 5
4940 -1.000000 4
4944 -1.000000 4
4947 1.000000 3
4951 1.000000 4
4956 0.000000 5
4961 1.000000 5
4965 1.000000 4
4968 1.000000 3
4972 -1.000000 4
4976 1.000000 4
4980 1.000000 4
4984 1.000000 4
4988 1.000000 4
4992 1.000000 4
4996 -1.000000 4
4999 1.000000 3
5003 -1.000000 4
5006 1.000000 3
5010 1.000000 4
5014 -1.000000 4
5019 1.000000 5
5023 -1.000000 4
5028 1.000000 5
5032 1.000000 4
5036 -1.000000 4
5041 1.000000 5
5045 1.000000 4
5048 1.000000 3
5053 1.000000 5
5057 -1.000000 4
5060 1.000000 3
5064 1.000000 4
5068 1.000000 4
5073 0.000000 5
5077 1.000000 4
5081 1.000000 4
5085 1.000000 4
5090 0.000000 5
5095 1.000000 5
5099 1.000000 4
5102 1.000000 3
5107 1.000000 5
5112 1.000000 5
5116 1.000000 4
5120 1.000000 4
5124 1.000000 4
5127 -1.000000 3
5132 1.000000 5
5137 1.000000 5
5141 -1.000000 4
5144 1.000000 3
5149 1.000000 5
5152 1.000000 3
5157 0.000000 5
5161 1.000000 4
5166 1.000000 5
5169 1.000000 3
5173 1.000000 4
5177 -1.000000 4
5181 1.000000 4
5185 1.000000 4
5190 1.000000 5
5193 1.000000 3
5197 -1.000000 4
5202 1.000000 5
5205 -1.000000 3
5210 1.000000 5
5215 1.000000 5
5219 1.000000 4
5223 1.000000 4
5228 1.000000 5
5231 1.000000 3
5234 1.000000 3
5239 1.000000 5
5243 1.000000 4
5247 -1.000000 4
5250 1.000000 3
5255 1.000000 5
5259 -1.000000 4
5263 1.000000 4
5267 1.000000 4
5271 1.000000 4
5275 1.000000 4
5279 1.000000 4
5283 1.000000 4
5288 1.000000 5
5293 1.000000 5
5298 0.000000 5
5302 -1.000000 4
5306 -1.000000 4
5309 -1.000000 3
5313 -1.000000 4
5317 -1.000000 4
5321 1.000000 4
5324 1.000000 3
5329 0.000000 5
5333 1.000000 4
5337 1.000000 4
5341 1.000000 4
5346 1.000000 5
5350 1.000000 4
5354 1.000000 4
5359 1.000000 5
5363 1.000000 4
5367 -1.000000 4
5371 1.000000 4
5375 1.000000 4
5378 1.000000 3
5383 0.000000 5
5388 1.000000 5
5392 1.000000 4
5397 1.000000 5
5401 -1.000000 4
5406 0.000000 5
5411 1.000000 5
5414 1.000000 3
5418 -1.000000 4
5422 1.000000 4
5426 -1.000000 4
5431 0.000000 5
5435 1.000000 4
5439 1.000000 4
5444 0.000000 5
5449 1.000000 5
5454 1.000000 5
5458 1.000000 4
5462 1.000000 4
5466 1.000000 4
5471 0.000000 5
5476 1.000000 5
5479 -1.000000 3
5483 1.000000 4
5488 1.000000 5
5493 1.000000 5
5497 1.000000 4
5502 1.000000 5
5506 1.000000 4
5510 1.000000 4
5513 -1.000000 3
5517 1.000000 4
5522 1.000000 5
5526 -1.000000 4
5529 1.000000 3
5534 0.000000 5
5538 1.000000 4
5543 0.000000 5
5547 1.000000 4
5552 1.000000 5
5556 1.000000 4
5560 -1.000000 4
5563 1.000000 3
5568 1.000000 5
5572 -1.000000 4
5576 1.000000 4
5579 -1.000000 3
5583 -1.000000 4
5586 -1.000000 3
5589 1.000000 3
5593 1.000000 4
5597 1.000000 4
5602 0.000000 5
5605 1.000000 3
5609 1.000000 4
5613 -1.000000 4
5617 1.000000 4
5622 1.000000 5
5627 1.000000 5
5632 0.000000 5
5635 1.000000 3
5639 1.000000 4
5643 -1.000000 4
5648 0.000000 5
5652 1.000000 4
5656 -1.000000 4
5660 1.000000 4
5663 1.000000 3
5667 -1.000000 4
5672 1.000000 5
5677 1.000000 5
5680 1.000000 3
5684 1.000000 4
5687 1.000000 3
5692 1.000000 5
5695 -1.000000 3
5700 1.000000 5
5705 1.000000 5
5709 -1.000000 4
5714 1.000000 5
5719 1.000000 5
5723 1.000000 4
5726 1.000000 3
5730 -1.000000 4
5733 -1.000000 3
5736 -1.000000 3
5741 1.000000 5
5745 1.000000 4
5749 1.000000 4
5753 1.000000 4
5757 -1.000000 4
5762 1.000000 5
5766 1.000000 4
5771 0.000000 5
5774 -1.000000 3
5779 1.000000 5
5782 1.000000 3
5786 1.000000 4
5790 1.000000 4
5794 1.000000 4
5798 1.000000 4
5802 1.000000 4
5807 1.000000 5
5812 1.000000 5
5817 1.000000 5
5820 1.000000 3
5824 1.000000 4
5828 1.000000 4
5832 1.000000 4
5837 1.000000 5
5841 -1.000000 4
5846 1.000000 5
5849 -1.000000 3
5854 1.000000 5
5859 0.000000 5
5863 1.000000 4
5867 1.000000 4
5870 1.000000 3
5873 1.000000 3
5877 1.000000 4
5881 1.000000 4
5885 1.000000 4
5890 1.000000 5
5893 -1.000000 3
5897 -1.000000 4
5901 -1.000000 4
5904 1.000000 3
5907 -1.000000 3
5910 1.000000 3
5913 1.000000 3
5917 -1.000000 4
5922 0.000000 5
5926 1.000000 4
5931 0.000000 5
5935 1.000000 4
5940 1.000000 5
5944 1.000000 4
5948 1.000000 4
5951 -1.000000 3
5955 1.000000 4
5959 1.000000 4
5962 -1.000000 3
5966 -1.000000 4
5971 1.000000 5
5976 0.000000 5
5980 -1.000000 4
5984 -1.000000 4
5989 0.000000 5
5993 1.000000 4
5998 1.000000 5
6001 1.000000 3
6006 1.000000 5
6009 1.000000 3
6013 -1.000000 4
6016 -1.000000 3
6021 1.000000 5
6026 1.000000 5
6031 1.000000 5
6035 -1.000000 4
6039 1.000000 4
6043 1.000000 4
6048 0.000000 5
6052 -1.000000 4
6056 1.000000 4
6061 0.000000 5
6065 -1.000000 4
6069 1.000000 4
6073 1.000000 4
6076 1.000000 3
6080 -1.000000 4
6084 1.000000 4
6087 -1.000000 3
6091 -1.000000 4
6096 1.000000 5
6101 0.000000 5
6104 -1.000000 3
6107 1.000000 3
6112 0.000000 5
6116 -1.000000 4
6121 0.000000 5
6125 1.000000 4
6130 1.000000 5
6133 1.000000 3
6136 -1.000000 3
6141 1.000000 5
6145 1.000000 4
6149 -1.000000 4
6153 -1.000000 4
6157 1.000000 4
6160 1.000000 3
6164 1.000000 4
6167 -1.000000 3
6170 1.000000 3
6175 0.000000 5
6178 1.000000 3
6182 1.000000 4
6185 1.000000 3
6190 1.000000 5
6194 -1.000000 4
6198 -1.000000 4
6202 1.000000 4
6206 1.000000 4
6210 1.000000 4
6214 -1.000000 4
6218 -1.000000 4
6222 1.000000 4
6227 0.000000 5
6231 1.000000 4
6236 0.000000 5
6240 1.000000 4
6244 1.000000 4
6249 0.000000 5
6252 1.000000 3
6257 1.000000 5
6262 1.000000 5
6266 1.000000 4
6271 0.000000 5
6276 0.000000 5
6281 0.000000 5
6286 1.000000 5
6291 0.000000 5
6295 1.000000 4
6300 1.000000 5
6305 1.000000 5
6309 1.000000 4
6314 1.000000 5
6319 1.000000 5
6324 1.000000 5
6329 0.000000 5
6333 1.000000 4
6338 1.000000 5
6341 1.000000 3
6345 1.000000 4
6348 -1.000000 3
6353 1.000000 5
6357 1.000000 4
6362 0.000000 5
6367 1.000000 5
6372 0.000000 5
6375 -1.000000 3
6379 1.000000 4
6383 -1.000000 4
6388 1.000000 5
6392 1.000000 4
6396 -1.000000 4
6401 1.000000 5
6404 1.000000 3
6408 -1.000000 4
6411 -1.000000 3
6415 1.000000 4
6420 1.000000 5
6424 1.000000 4
6428 -1.000000 4
6432 -1.000000 4
6436 -1.000000 4
6440 1.000000 4
6444 -1.000000 4
6448 -1.000000 4
6452 1.000000 4
6457 0.000000 5
6462 0.000000 5
6466 -1.000000 4
6470 -1.000000 4
6475 0.000000 5
6478 1.000000 3
6483 1.000000 5
6487 -1.000000 4
6490 1.000000 3
6494 -1.000000 4
6499 0.000000 5
6504 0.000000 5
6509 0.000000 5
6514 0.000000 5
6518 1.000000 4
6522 -1.000000 4
6527 0.000000 5
6531 -1.000000 4
6534 1.000000 3
6538 1.000000 4
6542 1.000000 4
6546 1.000000 4
6550 1.000000 4
6553 -1.000000 3
6557 -1.000000 4
6562 0.000000 5
6567 0.000000 5
6572 1.000000 5
6577 0.000000 5
6581 1.000000 4
6586 0.000000 5
6589 1.000000 3
6592 1.000000 3
6597 1.000000 5
6602 1.000000 5
6607 1.000000 5
6612 0.000000 5
6616 1.000000 4
6621 1.000000 5
6626 1.000000 5
6630 1.000000 4
6634 1.000000 4
6637 1.000000 3
6641 -1.000000 4
6646 1.000000 5
6650 -1.000000 4
6654 -1.000000 4
6658 1.000000 4
6662 -1.000000 4
6666 -1.000000 4
6671 0.000000 5
6675 1.000000 4
6679 1.000000 4
6684 1.000000 5
6688 1.000000 4
6691 -1.000000 3
6694 -1.000000 3
6697 -1.000000 3
6702 0.000000 5
6705 1.000000 3
6708 -1.000000 3
6712 1.000000 4
6717 0.000000 5
6720 1.000000 3
6724 1.000000 4
6728 1.000000 4
6732 1.000000 4
6736 -1.000000 4
6741 0.000000 5
6746 0.000000 5
6750 -1.000000 4
6753 -1.000000 3
6756 1.000000 3
6760 1.000000 4
6764 1.000000 4
6769 1.000000 5
6772 1.000000 3
6776 -1.000000 4
6779 1.000000 3
6782 -1.000000 3
6785 1.000000 3
6789 -1.000000 4
6794 0.000000 5
6799 1.000000 5
6803 1.000000 4
6808 1.000000 5
6812 1.000000 4
6817 1.000000 5
6821 1.000000 4
6826 0.000000 5
6831 1.000000 5
6834 -1.000000 3
6837 1.000000 3
6840 -1.000000 3
6844 1.000000 4
6847 1.000000 3
6851 1.000000 4
6854 -1.000000 3
6859 1.000000 5
6863 1.000000 4
6867 -1.000000 4
6871 -1.000000 4
6874 1.000000 3
6877 -1.000000 3
6881 1.000000 4
6886 1.000000 5
6890 1.000000 4
6893 -1.000000 3
6896 -1.000000 3
6900 1.000000 4
6904 1.000000 4
6909 0.000000 5
6913 1.000000 4
6917 -1.000000 4
6921 1.000000 4
6926 1.000000 5
6930 -1.000000 4
6934 1.000000 4
6937 1.000000 3
6942 0.000000 5
6947 0.000000 5
6952 0.000000 5
6957 1.000000 5
6961 -1.000000 4
6965 1.000000 4
6968 1.000000 3
6972 1.000000 4
6976 1.000000 4
6980 1.000000 4
6984 -1.000000 4
6989 1.000000 5
6994 0.000000 5
6998 1.000000 4
7001 -1.000000 3
7005 1.000000 4
7009 1.000000 4
7013 1.000000 4
7017 -1.000000 4
7020 1.000000 3
7025 0.000000 5
7029 -1.000000 4
7033 1.000000 4
7037 1.000000 4
7040 1.000000 3
7045 0.000000 5
7049 1.000000 4
7053 1.000000 4
7058 1.000000 5
7062 1.000000 4
7066 1.000000 4
7070 -1.000000 4
7075 1.000000 5
7078 1.000000 3
7083 1.000000 5
7088 0.000000 5
7092 -1.000000 4
7097 1.000000 5
7102 1.000000 5
7106 -1.000000 4
7109 1.000000 3
7114 1.000000 5
7118 -1.000000 4
7122 1.000000 4
7126 1.000000 4
7129 1.000000 3
7133 1.000000 4
7138 0.000000 5
7141 1.000000 3
7144 -1.000000 3
7148 1.000000 4
7153 1.000000 5
7157 -1.000000 4
7162 0.000000 5
7167 1.000000 5
7170 1.000000 3
7173 1.000000 3
7177 1.000000 4
7182 0.000000 5
7186 -1.000000 4
7189 1.000000 3
7193 -1.000000 4
7197 1.000000 4
7202 1.000000 5
7205 -1.000000 3
7209 1.000000 4
7214 1.000000 5
7217 -1.000000 3
7222 0.000000 5
7226 -1.000000 4
7231 0.000000 5
7235 1.000000 4
7238 -1.000000 3
7242 1.000000 4
7246 1.000000 4
7251 0.000000 5
7256 1.000000 5
7260 1.000000 4
7264 -1.000000 4
7268 1.000000 4
7272 -1.000000 4
7277 0.000000 5
7281 1.000000 4
7286 0.000000 5
7291 0.000000 5
7294 1.000000 3
7299 0.000000 5
7302 1.000000 3
7305 1.000000 3
7308 1.000000 3
7312 1.000000 4
7317 1.000000 5
7321 1.000000 4
7326 0.000000 5
7331 1.000000 5
7335 1.000000 4
7340 0.000000 5
7344 -1.000000 4
7347 1.000000 3
7350 -1.000000 3
7354 1.000000 4
7358 1.000000 4
7363 0.000000 5
7367 -1.000000 4
7370 1.000000 3
7373 1.000000 3
7377 1.000000 4
7381 1.000000 4
7384 -1.000000 3
7387 1.000000 3
7390 1.000000 3
7394 1.000000 4
7399 1.000000 5
7404 1.000000 5
7407 1.000000 3
7411 1.000000 4
7416 1.000000 5
7420 1.000000 4
7425 1.000000 5
7429 -1.000000 4
7434 0.000000 5
7439 1.000000 5
7444 1.000000 5
7448 -1.000000 4
7452 -1.000000 4
7456 1.000000 4
7460 1.000000 4
7465 1.000000 5
7469 -1.000000 4
7473 1.000000 4
7477 -1.000000 4
7481 1.000000 4
7485 1.000000 4
7488 1.000000 3
7493 1.000000 5
7496 1.000000 3
7501 0.000000 5
7505 -1.000000 4
7508 -1.000000 3
7513 0.000000 5
7517 -1.000000 4
7520 1.000000 3
7524 1.000000 4
7528 1.000000 4
7531 1.000000 3
7535 -1.000000 4
7540 1.000000 5
7543 -1.000000 3
7546 -1.000000 3
7551 1.000000 5
7556 0.000000 5
7560 -1.000000 4
7565 1.000000 5
7569 1.000000 4
7574 0.000000 5
7579 1.000000 5
7582 1.000000 3
7587 0.000000 5
7591 -1.000000 4
7595 1.000000 4
7600 1.000000 5
7603 1.000000 3
7608 1.000000 5
7613 0.000000 5
7618 0.000000 5
7623 0.000000 5
7628 0.000000 5
7632 -1.000000 4
7635 -1.000000 3
7640 1.000000 5
7644 1.000000 4
7648 1.000000 4
7652 -1.000000 4
7657 1.000000 5
7660 -1.000000 3
7665 0.000000 5
7670 1.000000 5
7675 0.000000 5
7678 1.000000 3
7682 1.000000 4
7686 -1.000000 4
7691 0.000000 5
7696 1.000000 5
7700 1.000000 4
7703 1.000000 3
7707 -1.000000 4
7712 0.000000 5
7716 1.000000 4
7720 1.000000 4
7725 0.000000 5
7728 -1.000000 3
7732 1.000000 4
7736 -1.000000 4
7741 0.000000 5
7745 -1.000000 4
7748 -1.000000 3
7753 1.000000 5
7756 1.000000 3
7760 1.000000 4
7764 -1.000000 4
7768 1.000000 4
7773 1.000000 5
7778 1.000000 5
7783 1.000000 5
7787 -1.000000 4
7791 1.000000 4
7795 1.000000 4
7799 1.000000 4
7802 1.000000 3
7806 1.000000 4
7811 1.000000 5
7815 1.000000 4
7819 -1.000000 4
7823 1.000000 4
7827 1.000000 4
7831 1.000000 4
7834 1.000000 3
7838 1.000000 4
7842 -1.000000 4
7847 0.000000 5
7851 1.000000 4
7855 -1.000000 4
7859 -1.000000 4
7863 1.000000 4
7866 -1.000000 3
7871 0.000000 5
7876 1.000000 5
7880 1.000000 4
7885 1.000000 5
7889 1.000000 4
7894 1.000000 5
7899 0.000000 5
7902 1.000000 3
7906 -1.000000 4
7911 0.000000 5
7916 1.000000 5
7919 1.000000 3
7924 0.000000 5
7927 1.000000 3
7931 -1.000000 4
7935 -1.000000 4
7940 1.000000 5
7945 0.000000 5
7950 1.000000 5
7955 0.000000 5
7958 -1.000000 3
7963 1.000000 5
7967 -1.000000 4
7970 -1.000000 3
7974 -1.000000 4
7978 -1.000000 4
7982 -1.000000 4
7986 -1.000000 4
7990 1.000000 4
7994 1.000000 4
7998 -1.000000 4
8002 1.000000 4
8005 -1.000000 3
8009 1.000000 4
8012 -1.000000 3
8017 1.000000 5
8021 1.000000 4
8025 1.000000 4
8029 1.000000 4
8034 1.000000 5
8038 1.000000 4
8042 1.000000 4
8046 1.000000 4
8049 1.000000 3
8052 -1.000000 3
8055 -1.000000 3
8060 1.000000 5
8064 1.000000 4
8068 -1.000000 4
8072 1.000000 4
8076 -1.000000 4
8081 1.000000 5
8085 1.000000 4
8089 1.000000 4
8094 1.000000 5
8099 0.000000 5
8103 1.000000 4
8107 -1.000000 4
8111 -1.000000 4
8115 1.000000 4
8120 0.000000 5
8124 -1.000000 4
8127 -1.000000 3
8132 0.000000 5
8135 -1.000000 3
8139 1.000000 4
8143 1.000000 4
8147 1.000000 4
8151 -1.000000 4
8155 1.000000 4
8160 1.000000 5
8163 1.000000 3
8167 1.000000 4
8171 1.000000 4
8176 0.000000 5
8180 -1.000000 4
8184 -1.000000 4
8187 1.000000 3
8191 1.000000 4
8196 0.000000 5
8201 1.000000 5
8205 1.000000 4
8209 1.000000 4
8213 -1.000000 4
8218 0.000000 5
8221 1.000000 3
8225 -1.000000 4
8229 1.000000 4
8234 0.000000 5
8239 1.000000 5
8243 -1.000000 4
8247 -1.000000 4
8251 1.000000 4
8255 1.000000 4
8260 0.000000 5
8265 1.000000 5
8269 1.000000 4
8274 0.000000 5
8279 1.000000 5
8282 1.000000 3
8286 -1.000000 4
8290 1.000000 4
8295 1.000000 5
8299 1.000000 4
8302 -1.000000 3
8305 1.000000 3
8310 1.000000 5
8314 1.000000 4
8317 -1.000000 3
8321 -1.000000 4
8325 -1.000000 4
8328 1.000000 3
8332 -1.000000 4
8337 0.000000 5
8340 1.000000 3
8344 -1.000000 4
8348 1.000000 4
8352 1.000000 4
8357 1.000000 5
8361 1.000000 4
8364 1.000000 3
8369 1.000000 5
8373 -1.000000 4
8377 1.000000 4
8381 1.000000 4
8386 1.000000 5
8390 -1.000000 4
8394 1.000000 4
8397 1.000000 3
8400 -1.000000 3
8404 1.000000 4
8408 1.000000 4
8412 1.000000 4
8417 0.000000 5
8420 1.000000 3
8425 0.000000 5
8428 1.000000 3
8432 -1.000000 4
8437 1.000000 5
8440 -1.000000 3
8443 1.000000 3
8447 -1.000000 4
8451 -1.000000 4
8456 0.000000 5
8460 1.000000 4
8463 -1.000000 3
8468 1.000000 5
8472 1.000000 4
8476 -1.000000 4
8480 -1.000000 4
8483 -1.000000 3
8488 0.000000 5
8492 -1.000000 4
8496 -1.000000 4
8499 1.000000 3
8503 -1.000000 4
8508 1.000000 5
8513 0.000000 5
8517 1.000000 4
8522 0.000000 5
8526 -1.000000 4
8531 0.000000 5
8536 0.000000 5
8541 0.000000 5
8546 1.000000 5
8550 -1.000000 4
8554 -1.000000 4
8557 1.000000 3
8560 -1.000000 3
8563 1.000000 3
8568 1.000000 5
8571 1.000000 3
8576 0.000000 5
8581 0.000000 5
8585 1.000000 4
8589 1.000000 4
8593 1.000000 4
8596 -1.000000 3
8600 1.000000 4
8604 -1.000000 4
8607 1.000000 3
8612 1.000000 5
8615 1.000000 3
8619 1.000000 4
8622 -1.000000 3
8626 1.000000 4
8630 1.000000 4
8634 1.000000 4
8638 -1.000000 4
8642 1.000000 4
8646 1.000000 4
8651 1.000000 5
8654 1.000000 3
8657 -1.000000 3
8662 0.000000 5
8667 1.000000 5
8672 0.000000 5
8676 1.000000 4
8681 1.000000 5
8685 1.000000 4
8690 0.000000 5
8694 1.000000 4
8699 1.000000 5
8704 1.000000 5
8709 1.000000 5
8713 1.000000 4
8717 -1.000000 4
8722 1.000000 5
8726 1.000000 4
8730 1.000000 4
8735 0.000000 5
8740 1.000000 5
8745 0.000000 5
8749 1.000000 4
8754 0.000000 5
8758 -1.000000 4
8761 -1.000000 3
8764 -1.000000 3
8769 0.000000 5
8773 -1.000000 4
8776 1.000000 3
8780 -1.000000 4
8784 -1.000000 4
8788 1.000000 4
8792 -1.000000 4
8796 1.000000 4
8801 1.000000 5
8805 1.000000 4
8809 -1.000000 4
8813 1.000000 4
8818 1.000000 5
8823 0.000000 5
8827 -1.000000 4
8832 0.000000 5
8836 1.000000 4
8840 1.000000 4
8844 1.000000 4
8849 0.000000 5
8854 0.000000 5
8857 1.000000 3
8861 -1.000000 4
8865 1.000000 4
8870 1.000000 5
8874 1.000000 4
8879 1.000000 5
8883 1.000000 4
8887 -1.000000 4
8891 1.000000 4
8894 -1.000000 3
8899 1.000000 5
8904 0.000000 5
8907 1.000000 3
8910 -1.000000 3
8913 -1.000000 3
8917 1.000000 4
8922 0.000000 5
8926 1.000000 4
8931 1.000000 5
8935 -1.000000 4
8938 1.000000 3
8941 1.000000 3
8945 1.000000 4
8949 1.000000 4
8953 1.000000 4
8957 -1.000000 4
8961 -1.000000 4
8965 -1.000000 4
8969 -1.000000 4
8972 1.000000 3
8975 -1.000000 3
8979 1.000000 4
8982 -1.000000 3
8987 1.000000 5
8991 -1.000000 4
8995 1.000000 4
9000 0.000000 5
9004 1.000000 4
9009 1.000000 5
9013 1.000000 4
9017 1.000000 4
9022 0.000000 5
9027 0.000000 5
9032 1.000000 5
9036 -1.000000 4
9041 1.000000 5
9044 1.000000 3
9048 1.000000 4
9053 1.000000 5
9057 -1.000000 4
9062 1.000000 5
9066 -1.000000 4
9071 0.000000 5
9076 1.000000 5
9081 0.000000 5
9085 -1.000000 4
9088 1.000000 3
9092 1.000000 4
9096 1.000000 4
9101 0.000000 5
9105 1.000000 4
9108 1.000000 3
9113 0.000000 5
9117 -1.000000 4
9121 1.000000 4
9126 1.000000 5
9130 1.000000 4
9133 -1.000000 3
9137 1.000000 4
9141 -1.000000 4
9144 1.000000 3
9148 1.000000 4
9152 -1.000000 4
9157 0.000000 5
9162 1.000000 5
9167 1.000000 5
9171 1.000000 4
9174 1.000000 3
9178 1.000000 4
9181 1.000000 3
9185 1.000000 4
9190 1.000000 5
9194 -1.000000 4
9199 1.000000 5
9202 -1.000000 3
9206 1.000000 4
9210 -1.000000 4
9215 0.000000 5
9219 1.000000 4
9224 0.000000 5
9229 1.000000 5
9234 1.000000 5
9239 1.000000 5
9244 0.000000 5
9248 -1.000000 4
9251 -1.000000 3
9256 1.000000 5
9260 -1.000000 4
9264 1.000000 4
9268 -1.000000 4
9272 -1.000000 4
9276 1.000000 4
9279 -1.000000 3
9283 -1.000000 4
9288 0.000000 5
9293 1.000000 5
9296 -1.000000 3
9299 1.000000 3
9303 1.000000 4
9307 -1.000000 4
9312 0.000000 5
9317 0.000000 5
9322 1.000000 5
9327 0.000000 5
9332 1.000000 5
9337 0.000000 5
9342 1.000000 5
9345 -1.000000 3
9348 1.000000 3
9352 -1.000000 4
9357 1.000000 5
9360 1.000000 3
9365 0.000000 5
9369 1.000000 4
9373 1.000000 4
9376 1.000000 3
9381 0.000000 5
9384 1.000000 3
9388 -1.000000 4
9393 1.000000 5
9397 1.000000 4
9402 1.000000 5
9406 1.000000 4
9409 -1.000000 3
9413 -1.000000 4
9417 1.000000 4
9421 -1.000000 4
9425 -1.000000 4
9430 1.000000 5
9434 1.000000 4
9438 -1.000000 4
9443 1.000000 5
9446 -1.000000 3
9450 -1.000000 4
9453 -1.000000 3
9456 -1.000000 3
9460 -1.000000 4
9465 0.000000 5
9468 1.000000 3
9472 1.000000 4
9476 -1.000000 4
9481 1.000000 5
9486 1.000000 5
9490 -1.000000 4
9494 1.000000 4
9498 1.000000 4
9502 1.000000 4
9507 1.000000 5
9510 -1.000000 3
9514 1.000000 4
9519 0.000000 5
9523 1.000000 4
9527 -1.000000 4
9531 1.000000 4
9535 -1.000000 4
9539 -1.000000 4
9543 1.000000 4
9547 1.000000 4
9552 1.000000 5
9556 1.000000 4
9561 0.000000 5
9564 1.000000 3
9568 1.000000 4
9573 1.000000 5
9577 1.000000 4
9580 -1.000000 3
9583 -1.000000 3
9587 -1.000000 4
9592 1.000000 5
9596 -1.000000 4
9599 -1.000000 3
9604 1.000000 5
9607 1.000000 3
9610 1.000000 3
9615 0.000000 5
9619 -1.000000 4
9623 1.000000 4
9628 1.000000 5
9632 1.000000 4
9635 -1.000000 3
9639 -1.000000 4
9643 1.000000 4
9647 1.000000 4
9650 -1.000000 3
9653 1.000000 3
9656 1.000000 3
9660 -1.000000 4
9663 1.000000 3
9666 1.000000 3
9670 -1.000000 4
9675 0.000000 5
9679 1.000000 4
9684 0.000000 5
9688 -1.000000 4
9691 -1.000000 3
9696 1.000000 5
9699 -1.000000 3
9702 -1.000000 3
9707 0.000000 5
9711 -1.000000 4
9714 -1.000000 3
9718 -1.000000 4
9723 0.000000 5
9727 -1.000000 4
9732 1.000000 5
9736 1.000000 4
9740 -1.000000 4
9744 1.000000 4
9749 1.000000 5
9753 1.000000 4
9758 1.000000 5
9763 0.000000 5
9766 1.000000 3
9771 0.000000 5
9775 1.000000 4
9780 0.000000 5
9784 -1.000000 4
9789 0.000000 5
9794 1.000000 5
9798 -1.000000 4
9802 1.000000 4
9807 1.000000 5
9811 1.000000 4
9814 1.000000 3
9819 0.000000 5
9824 1.000000 5
9828 1.000000 4
9833 1.000000 5
9837 1.000000 4
9841 -1.000000 4
9845 1.000000 4
9849 1.000000 4
9854 1.000000 5
9857 1.000000 3
9862 1.000000 5
9867 0.000000 5
9871 -1.000000 4
9876 1.000000 5
9880 -1.000000 4
9883 1.000000 3
9887 1.000000 4
9891 -1.000000 4
9896 0.000000 5
9901 1.000000 5
9906 1.000000 5
9910 1.000000 4
9915 1.000000 5
9920 1.000000 5
9925 1.000000 5
9930 0.000000 5
9934 -1.000000 4
9938 1.000000 4
9941 1.000000 3
9946 1.000000 5
9950 1.000000 4
9953 1.000000 3
9958 0.000000 5
9961 -1.000000 3
9966 1.000000 5
9969 1.000000 3
9973 1.000000 4
9978 0.000000 5
9981 1.000000 3
9985 -1.000000 4
9990 0.000000 5
9994 -1.000000 4
9999 1.000000 5
10002 -1.000000 3
10005 -1.000000 3
10008 -1.000000 3
10011 -1.000000 3
10014 -1.000000 3
10017 -1.000000 3
10020 -1.000000 3
10023 -1.000000 3
10026 -1.000000 3
10029 -1.000000 3
10032 -1.000000 3
10035 -1.000000 3
10038 -1.000000 3
10041 -1.000000 3
10044 -1.000000 3
10047 -1.000000 3
10050 -1.000000 3
10053 -1.000000 3
10056 -1.000000 3
10059 -1.000000 3
10062 -1.000000 3
10065 -1.000000 3
10068 -1.000000 3
10071 -1.000000 3
10074 -1.000000 3
10077 -1.000000 3
10080 -1.000000 3
10083 -1.000000 3
10086 -1.000000 3
10089 -1.000000 3
10092 -1.000000 3
10095 -1.000000 3
10098 -1.000000 3
10101 -1.000000 3
10104 -1.000000 3
10107 -1.000000 3
10110 -1.000000 3
10113 -1.000000 3
10116 -1.000000 3
10119 -1.000000 3
10122 -1.000000 3
10125 -1.000000 3
10128 -1.000000 3
10131 -1.000000 3
10134 -1.000000 3
10137 -1.000000 3
10140 -1.000000 3
10143 -1.000000 3
10146 -1.000000 3
10149 -1.000000 3
10152 -1.000000 3
10155 -1.000000 3
10158 -1.000000 3
10161 -1.000000 3
10164 -1.000000 3
10167 -1.000000 3
10170 -1.000000 3
10173 -1.000000 3
10176 -1.000000 3
10179 -1.000000 3
10182 -1.000000 3
10185 -1.000000 3
10188 -1.000000 3
10191 -1.000000 3
10194 -1.000000 3
10197 -1.000000 3
10200 -1.000000 3
10203 -1.000000 3
10206 -1.000000 3
10209 -1.000000 3
10212 -1.000000 3
10215 -1.000000 3
10218 -1.000000 3
10221 -1.000000 3
10224 -1.000000 3
10227 -1.000000 3
10230 -1.000000 3
10233 -1.000000 3
10236 -1.000000 3
10239 -1.000000 3
10242 -1.000000 3
10245 -1.000000 3
10248 -1.000000 3
10251 -1.000000 3
10254 -1.000000 3
10257 -1.000000 3
10260 -1.000000 3
10263 -1.000000 3
10266 -1.000000 3
10269 -1.000000 3
10272 -1.000000 3
10275 -1.000000 3
10278 -1.000000 3
10281 -1.000000 3
10284 -1.000000 3
10287 -1.000000 3
10290 -1.000000 3
10293 -1.000000 3
10296 -1.000000 3
10299 -1.000000 3
10302 -1.000000 3
10305 -1.000000 3
10308 -1.000000 3
10311 -1.000000 3
10314 -1.000000 3
10317 -1.000000 3
10320 -1.000000 3
10323 -1.000000 3
10326 -1.000000 3
10329 -1.000000 3
10332 -1.000000 3
10335 -1.000000 3
10338 -1.000000 3
10341 -1.000000 3
10344 -1.000000 3
10347 -1.000000 3
10350 -1.000000 3
10353 -1.000000 3
10356 -1.000000 3
10359 -1.000000 3
10362 -1.000000 3
10365 -1.000000 3
10368 -1.000000 3
10371 -1.000000 3
10374 -1.000000 3
10377 -1.000000 3
10380 -1.000000 3
10383 -1.000000 3
10386 -1.000000 3
10389 -1.000000 3
10392 -1.000000 3
10395 -1.000000 3
10398 -1.000000 3
10401 -1.000000 3
10404 -1.000000 3
10407 -1.000000 3
10410 -1.000000 3
10413 -1.000000 3
10416 -1.000000 3
10419 -1.000000 3
10422 -1.000000 3
10425 -1.000000 3
10428 -1.000000 3
10431 -1.000000 3
10434 -1.000000 3
10437 -1.000000 3
10440 -1.000000 3
10443 -1.000000 3
10446 -1.000000 3
10449 -1.000000 3
10452 -1.000000 3
10455 -1.000000 3
10458 -1.000000 3
10461 -1.000000 3
10464 -1.000000 3
10467 -1.000000 3
10470 -1.000000 3
10473 -1.000000 3
10476 -1.000000 3
10479 -1.000000 3
10482 -1.000000 3
10485 -1.000000 3
10488 -1.000000 3
10491 -1.000000 3
10494 -1.000000 3
10497 -1.000000 3
10500 -1.000000 3
10503 -1.000000 3
10506 -1.000000 3
10509 -1.000000 3
10512 -1.000000 3
10515 -1.000000 3
10518 -1.000000 3
10521 -1.000000 3
10524 -1.000000 3
10527 -1.000000 3
10530 -1.000000 3
10533 -1.000000 3
10536 -1.000000 3
10539 -1.000000 3
10542 -1.000000 3
10545 -1.000000 3
10548 -1.000000 3
10551 -1.000000 3
10554 -1.000000 3
10557 -1.000000 3
10560 -1.000000 3
10563 -1.000000 3
10566 -1.000000 3
10569 -1.000000 3
10572 -1.000000 3
10575 -1.000000 3
10578 -1.000000 3
10581 -1.000000 3
10584 -1.000000 3
10587 -1.000000 3
10590 -1.000000 3
10593 -1.000000 3
10596 -1.000000 3
10599 -1.000000 3
10602 -1.000000 3
10605 -1.000000 3
10608 -1.000000 3
10611 -1.000000 3
10614 -1.000000 3
10617 -1.000000 3
10620 -1.000000 3
10623 -1.000000 3
10626 -1.000000 3
10629 -1.000000 3
10632 -1.000000 3
10635 -1.000000 3
10638 -1.000000 3
10641 -1.000000 3
10644 -1.000000 3
10647 -1.000000 3
10650 -1.000000 3
10653 -1.000000 3
10656 -1.000000 3
10659 -1.000000 3
10662 -1.000000 3
10665 -1.000000 3
10669 -1.000000 4
10672 -1.000000 3
10675 -1.000000 3
10678 -1.000000 3
10681 -1.000000 3
10684 -1.000000 3
10687 -1.000000 3
10690 -1.000000 3
10693 -1.000000 3
10696 -1.000000 3
10699 -1.000000 3
10702 -1.000000 3
10705 -1.000000 3
10708 -1.000000 3
10711 -1.000000 3
10714 -1.000000 3
10717 -1.000000 3
10720 -1.000000 3
10723 -1.000000 3
10726 -1.000000 3
10729 -1.000000 3
10732 -1.000000 3
10735 -1.000000 3
10738 -1.000000 3
10741 -1.000000 3
10744 -1.000000 3
10747 -1.000000 3
10750 -1.000000 3
10753 -1.000000 3
10756 -1.000000 3
10759 -1.000000 3
10762 -1.000000 3
10765 -1.000000 3
10768 -1.000000 3
10771 -1.000000 3
10774 -1.000000 3
10777 -1.000000 3
10780 -1.000000 3
10783 -1.000000 3
10786 -1.000000 3
10789 -1.000000 3
10792 -1.000000 3
10795 -1.000000 3
10798 -1.000000 3
10801 -1.000000 3
10804 -1.000000 3
10807 -1.000000 3
10810 -1.000000 3
10813 -1.000000 3
10816 -1.000000 3
10819 -1.000000 3
10822 -1.000000 3
10825 -1.000000 3
10828 -1.000000 3
10831 -1.000000 3
10834 -1.000000 3
10837 -1.000000 3
10840 -1.000000 3
10843 -1.000000 3
10846 -1.000000 3
10849 -1.000000 3
10852 -1.000000 3
10855 -1.000000 3
10858 -1.000000 3
10861 -1.000000 3
10864 -1.000000 3
10867 -1.000000 3
10870 -1.000000 3
10873 -1.000000 3
10876 -1.000000 3
10879 -1.000000 3
10882 -1.000000 3
10885 -1.000000 3
10888 -1.000000 3
10891 -1.000000 3
10894 -1.000000 3
10897 -1.000000 3
10900 -1.000000 3
10903 -1.000000 3
10906 -1.000000 3
10909 -1.000000 3
10912 -1.000000 3
10915 -1.000000 3
10918 -1.000000 3
10921 -1.000000 3
10924 -1.000000 3
10927 -1.000000 3
10930 -1.000000 3
10933 -1.000000 3
10936 -1.000000 3
10939 -1.000000 3
10942 -1.000000 3
10945 -1.000000 3
10948 -1.000000 3
10951 -1.000000 3
10954 -1.000000 3
10957 -1.000000 3
10960 -1.000000 3
10963 -1.000000 3
10966 -1.000000 3
10969 -1.000000 3
10972 -1.000000 3
10975 -1.000000 3
10978 -1.000000 3
10981 -1.000000 3
10984 -1.000000 3
10987 -1.000000 3
10990 -1.000000 3
10993 -1.000000 3
10996 -1.000000 3
10999 -1.000000 3
11002 -1.000000 3
11006 1.000000 4
11011 0.000000 5
11014 1.000000 3
11018 -1.000000 4
11022 1.000000 4
11026 1.000000 4
11031 0.000000 5
11035 1.000000 4
11038 1.000000 3
11042 1.000000 4
11046 1.000000 4
11050 1.000000 4
11054 1.000000 4
11058 1.000000 4
11062 1.000000 4
11066 1.000000 4
11070 1.000000 4
11074 1.000000 4
11078 1.000000 4
11082 1.000000 4
11086 1.000000 4
11090 1.000000 4
11094 1.000000 4
11098 1.000000 4
11102 1.000000 4
11105 1.000000 3
11109 1.000000 4
11113 1.000000 4
11116 -1.000000 3
11120 1.000000 4
11124 1.000000 4
11127 1.000000 3
11130 -1.000000 3
11134 1.000000 4
11137 1.000000 3
11141 1.000000 4
11144 1.000000 3
11148 1.000000 4
11152 1.000000 4
11157 0.000000 5
11161 1.000000 4
11165 1.000000 4
11169 1.000000 4
11173 1.000000 4
11176 -1.000000 3
11180 1.000000 4
11183 -1.000000 3
11187 1.000000 4
11190 1.000000 3
11194 1.000000 4
11198 1.000000 4
11202 1.000000 4
11206 -1.000000 4
11210 1.000000 4
11214 1.000000 4
11219 0.000000 5
11223 1.000000 4
11227 -1.000000 4
11231 1.000000 4
11235 1.000000 4
11239 1.000000 4
11243 1.000000 4
11247 1.000000 4
11251 1.000000 4
11255 1.000000 4
11258 1.000000 3
11263 0.000000 5
11268 0.000000 5
11271 -1.000000 3
11275 1.000000 4
11279 1.000000 4
11283 -1.000000 4
11287 1.000000 4
11291 -1.000000 4
11296 0.000000 5
11300 1.000000 4
11305 0.000000 5
11309 1.000000 4
11313 1.000000 4
11317 1.000000 4
11321 1.000000 4
11325 -1.000000 4
11329 1.000000 4
11333 1.000000 4
11338 0.000000 5
11342 1.000000 4
11346 1.000000 4
11350 1.000000 4
11355 0.000000 5
11359 1.000000 4
11363 1.000000 4
11367 1.000000 4
11371 1.000000 4
11375 -1.000000 4
11379 1.000000 4
11384 1.000000 5
11387 1.000000 3
11391 1.000000 4
11394 -1.000000 3
11398 1.000000 4
11402 1.000000 4
11406 1.000000 4
11410 1.000000 4
11414 1.000000 4
11418 1.000000 4
11423 0.000000 5
11427 1.000000 4
11430 1.000000 3
11433 1.000000 3
11438 0.000000 5
11443 0.000000 5
11446 1.000000 3
11451 0.000000 5
11454 1.000000 3
11458 1.000000 4
11462 1.000000 4
11467 0.000000 5
11472 1.000000 5
11476 1.000000 4
11481 1.000000 5
11485 -1.000000 4
11490 0.000000 5
11494 1.000000 4
11498 1.000000 4
11502 1.000000 4
11506 1.000000 4
11511 1.000000 5
11515 1.000000 4
11520 0.000000 5
11523 1.000000 3
11527 -1.000000 4
11530 1.000000 3
11534 1.000000 4
11538 1.000000 4
11542 -1.000000 4
11546 1.000000 4
11550 1.000000 4
11553 -1.000000 3
11557 1.000000 4
11561 1.000000 4
11564 1.000000 3
11569 1.000000 5
11573 1.000000 4
11576 1.000000 3
11581 0.000000 5
11585 1.000000 4
11589 1.000000 4
11593 -1.000000 4
11597 1.000000 4
11600 1.000000 3
11604 1.000000 4
11608 1.000000 4
11612 1.000000 4
11616 1.000000 4
11619 1.000000 3
11623 1.000000 4
11627 1.000000 4
11630 1.000000 3
11634 1.000000 4
11638 1.000000 4
11642 1.000000 4
11646 1.000000 4
11650 1.000000 4
11654 1.000000 4
11658 1.000000 4
11661 1.000000 3
11665 1.000000 4
11669 1.000000 4
11673 1.000000 4
11677 1.000000 4
11681 1.000000 4
11685 1.000000 4
11689 1.000000 4
11692 -1.000000 3
11696 1.000000 4
11701 1.000000 5
11704 -1.000000 3
11708 1.000000 4
11712 1.000000 4
11716 1.000000 4
11721 1.000000 5
11725 1.000000 4
11730 0.000000 5
11733 1.000000 3
11737 -1.000000 4
11740 1.000000 3
11745 0.000000 5
11749 1.000000 4
11752 1.000000 3
11757 0.000000 5
11761 1.000000 4
11765 1.000000 4
11770 0.000000 5
11774 1.000000 4
11778 1.000000 4
11782 1.000000 4
11786 1.000000 4
11790 1.000000 4
11793 1.000000 3
11797 1.000000 4
11801 1.000000 4
11805 1.000000 4
11808 -1.000000 3
11811 1.000000 3
11815 1.000000 4
11819 1.000000 4
11823 1.000000 4
11826 1.000000 3
11831 0.000000 5
11835 -1.000000 4
11838 1.000000 3
11841 1.000000 3
11845 1.000000 4
11850 0.000000 5
11854 1.000000 4
11858 1.000000 4
11862 1.000000 4
11867 1.000000 5
11871 1.000000 4
11875 1.000000 4
11879 1.000000 4
11883 1.000000 4
11888 0.000000 5
11891 1.000000 3
11894 -1.000000 3
11898 1.000000 4
11902 1.000000 4
11906 1.000000 4
11910 1.000000 4
11914 1.000000 4
11918 -1.000000 4
11922 1.000000 4
11926 1.000000 4
11930 1.000000 4
11934 1.000000 4
11937 1.000000 3
11941 1.000000 4
11944 1.000000 3
11948 1.000000 4
11953 0.000000 5
11957 1.000000 4
11961 1.000000 4
11965 1.000000 4
11969 1.000000 4
11973 1.000000 4
11978 0.000000 5
11982 1.000000 4
11986 1.000000 4
11990 1.000000 4
11995 1.000000 5
11999 1.000000 4
12003 1.000000 4
12007 1.000000 4
12010 1.000000 3
12014 1.000000 4
12017 1.000000 3
12021 1.000000 4
12025 1.000000 4
12029 1.000000 4
12034 0.000000 5
12038 1.000000 4
12041 -1.000000 3
12044 -1.000000 3
12048 1.000000 4
12052 1.000000 4
12056 1.000000 4
12060 1.000000 4
12064 1.000000 4
12068 1.000000 4
12072 1.000000 4
12075 1.000000 3
12079 1.000000 4
12082 1.000000 3
12086 -1.000000 4
12090 1.000000 4
12093 -1.000000 3
12097 1.000000 4
12101 1.000000 4
12105 1.000000 4
12109 1.000000 4
12113 1.000000 4
12117 1.000000 4
12121 1.000000 4
12125 1.000000 4
12129 1.000000 4
12134 0.000000 5
12137 1.000000 3
12141 1.000000 4
12145 1.000000 4
12149 1.000000 4
12153 1.000000 4
12157 1.000000 4
12160 1.000000 3
12164 1.000000 4
12168 1.000000 4
12172 1.000000 4
12176 1.000000 4
12181 0.000000 5
12185 1.000000 4
12189 1.000000 4
12193 1.000000 4
12196 1.000000 3
12200 1.000000 4
12204 1.000000 4
12208 1.000000 4
12212 1.000000 4
12217 0.000000 5
12221 1.000000 4
12224 1.000000 3
12228 1.000000 4
12231 1.000000 3
12234 1.000000 3
12237 1.000000 3
12240 1.000000 3
12244 1.000000 4
12249 0.000000 5
12252 1.000000 3
12256 1.000000 4
12260 1.000000 4
12264 1.000000 4
12268 1.000000 4
12271 1.000000 3
12275 1.000000 4
12279 1.000000 4
12283 1.000000 4
12287 1.000000 4
12291 1.000000 4
12295 1.000000 4
12299 1.000000 4
12303 1.000000 4
12308 1.000000 5
12312 1.000000 4
12316 1.000000 4
12320 1.000000 4
12325 1.000000 5
12329 1.000000 4
12333 1.000000 4
12337 1.000000 4
12341 1.000000 4
12345 1.000000 4
12349 1.000000 4
12352 1.000000 3
12355 1.000000 3
12358 -1.000000 3
12363 0.000000 5
12367 1.000000 4
12371 1.000000 4
12375 1.000000 4
12378 1.000000 3
12382 1.000000 4
12386 1.000000 4
12390 1.000000 4
12394 1.000000 4
12398 1.000000 4
12402 1.000000 4
12406 1.000000 4
12410 1.000000 4
12414 1.000000 4
12418 1.000000 4
12422 1.000000 4
12427 0.000000 5
12431 -1.000000 4
12435 1.000000 4
12439 1.000000 4
12443 1.000000 4
12447 -1.000000 4
12451 1.000000 4
12455 1.000000 4
12459 1.000000 4
12464 0.000000 5
12469 0.000000 5
12474 0.000000 5
12478 1.000000 4
12482 1.000000 4
12486 1.000000 4
12490 1.000000 4
12494 1.000000 4
12498 1.000000 4
12502 1.000000 4
12506 -1.000000 4
12511 1.000000 5
12515 1.000000 4
12518 1.000000 3
12521 1.000000 3
12525 1.000000 4
12529 -1.000000 4
12533 1.000000 4
12537 1.000000 4
12541 1.000000 4
12544 1.000000 3
12548 1.000000 4
12553 0.000000 5
12558 1.000000 5
12562 1.000000 4
12565 1.000000 3
12568 1.000000 3
12572 1.000000 4
12576 1.000000 4
12580 1.000000 4
12584 1.000000 4
12588 1.000000 4
12593 0.000000 5
12596 1.000000 3
12601 0.000000 5
12605 1.000000 4
12609 -1.000000 4
12613 1.000000 4
12617 1.000000 4
12621 1.000000 4
12625 1.000000 4
12629 1.000000 4
12634 0.000000 5
12638 1.000000 4
12642 1.000000 4
12647 0.000000 5
12651 1.000000 4
12655 1.000000 4
12658 1.000000 3
12661 -1.000000 3
12665 1.000000 4
12669 1.000000 4
12672 -1.000000 3
12676 1.000000 4
12680 1.000000 4
12683 1.000000 3
12688 0.000000 5
12692 1.000000 4
12696 1.000000 4
12701 1.000000 5
12704 1.000000 3
12708 1.000000 4
12712 1.000000 4
12717 0.000000 5
12720 1.000000 3
12723 -1.000000 3
12727 1.000000 4
12731 1.000000 4
12735 1.000000 4
12739 1.000000 4
12743 1.000000 4
12747 1.000000 4
12751 1.000000 4
12754 1.000000 3
12758 1.000000 4
12762 1.000000 4
12765 1.000000 3
12768 -1.000000 3
12772 1.000000 4
12776 1.000000 4
12780 1.000000 4
12783 1.000000 3
12787 1.000000 4
12791 1.000000 4
12795 1.000000 4
12800 0.000000 5
12805 0.000000 5
12808 1.000000 3
12812 -1.000000 4
12816 1.000000 4
12820 1.000000 4
12825 0.000000 5
12829 1.000000 4
12834 1.000000 5
12838 1.000000 4
12842 1.000000 4
12846 1.000000 4
12850 1.000000 4
12854 1.000000 4
12859 0.000000 5
12863 1.000000 4
12866 1.000000 3
12870 1.000000 4
12874 1.000000 4
12878 1.000000 4
12882 1.000000 4
12886 1.000000 4
12890 1.000000 4
12895 0.000000 5
12900 0.000000 5
12903 1.000000 3
12907 1.000000 4
12911 1.000000 4
12915 1.000000 4
12919 1.000000 4
12923 1.000000 4
12928 0.000000 5
12932 1.000000 4
12936 1.000000 4
12940 1.000000 4
12945 0.000000 5
12948 1.000000 3
12952 1.000000 4
12955 -1.000000 3
12959 1.000000 4
12963 1.000000 4
12967 1.000000 4
12971 1.000000 4
12975 1.000000 4
12979 1.000000 4
12983 1.000000 4
12986 1.000000 3
12991 0.000000 5
12995 1.000000 4
12998 1.000000 3
13001 1.000000 3
13005 1.000000 4
