5 1.000000 5
10 1.000000 5
15 1.000000 5
20 1.000000 5
26 1.000000 6
31 -1.000000 5
35 -1.000000 4
39 -1.000000 4
45 -1.000000 6
49 -1.000000 4
53 -1.000000 4
58 -1.000000 5
62 1.000000 4
66 1.000000 4
70 -1.000000 4
74 1.000000 4
78 1.000000 4
83 1.000000 5
86 1.000000 3
92 0.000000 6
96 -1.000000 4
100 -1.000000 4
106 0.000000 6
109 1.000000 3
115 0.000000 6
120 1.000000 5
125 -1.000000 5
132 -1.000000 7
135 1.000000 3
140 1.000000 5
146 1.000000 6
150 -1.000000 4
154 -1.000000 4
159 -1.000000 5
163 1.000000 4
169 0.000000 6
172 1.000000 3
178 1.000000 6
184 1.000000 6
188 1.000000 4
191 1.000000 3
196 -1.000000 5
201 1.000000 5
207 -1.000000 6
212 -1.000000 5
217 -1.000000 5
222 -1.000000 5
227 -1.000000 5
230 -1.000000 3
235 -1.000000 5
239 -1.000000 4
244 -1.000000 5
249 0.000000 5
253 -1.000000 4
259 -1.000000 6
264 1.000000 5
268 -1.000000 4
273 -1.000000 5
279 1.000000 6
283 -1.000000 4
288 1.000000 5
292 1.000000 4
295 -1.000000 3
298 1.000000 3
302 1.000000 4
307 -1.000000 5
312 0.000000 5
317 -1.000000 5
322 1.000000 5
326 1.000000 4
330 -1.000000 4
335 1.000000 5
340 -1.000000 5
343 -1.000000 3
347 -1.000000 4
352 1.000000 5
358 1.000000 6
364 0.000000 6
368 1.000000 4
372 -1.000000 4
377 -1.000000 5
380 -1.000000 3
384 1.000000 4
388 1.000000 4
391 -1.000000 3
396 -1.000000 5
400 1.000000 4
406 1.000000 6
410 1.000000 4
415 -1.000000 5
420 1.000000 5
424 -1.000000 4
428 1.000000 4
431 1.000000 3
436 1.000000 5
440 -1.000000 4
446 1.000000 6
450 1.000000 4
453 -1.000000 3
457 -1.000000 4
462 -1.000000 5
466 -1.000000 4
472 1.000000 6
477 1.000000 5
482 0.000000 5
487 0.000000 5
491 -1.000000 4
496 1.000000 5
501 0.000000 5
504 1.000000 3
509 -1.000000 5
512 1.000000 3
517 1.000000 5
521 1.000000 4
526 1.000000 5
529 1.000000 3
535 1.000000 6
539 1.000000 4
545 1.000000 6
550 -1.000000 5
555 -1.000000 5
558 -1.000000 3
566 1.000000 8
570 -1.000000 4
576 -1.000000 6
579 1.000000 3
583 1.000000 4
589 1.000000 6
594 1.000000 5
599 1.000000 5
604 0.000000 5
608 -1.000000 4
611 -1.000000 3
614 -1.000000 3
618 1.000000 4
621 1.000000 3
627 0.000000 6
631 1.000000 4
636 1.000000 5
640 -1.000000 4
645 0.000000 5
651 -1.000000 6
655 -1.000000 4
658 -1.000000 3
664 1.000000 6
668 1.000000 4
671 -1.000000 3
675 -1.000000 4
681 0.000000 6
685 1.000000 4
691 1.000000 6
696 1.000000 5
700 -1.000000 4
705 1.000000 5
710 1.000000 5
716 1.000000 6
720 1.000000 4
725 0.000000 5
729 1.000000 4
734 1.000000 5
738 -1.000000 4
741 -1.000000 3
745 -1.000000 4
752 1.000000 7
756 -1.000000 4
760 -1.000000 4
765 1.000000 5
770 -1.000000 5
776 1.000000 6
782 1.000000 6
786 1.000000 4
789 1.000000 3
794 -1.000000 5
800 -1.000000 6
806 -1.000000 6
813 -1.000000 7
817 -1.000000 4
822 0.000000 5
827 1.000000 5
832 1.000000 5
836 -1.000000 4
841 1.000000 5
845 -1.000000 4
851 -1.000000 6
854 -1.000000 3
860 -1.000000 6
865 1.000000 5
870 1.000000 5
875 -1.000000 5
880 -1.000000 5
885 -1.000000 5
888 1.000000 3
893 -1.000000 5
897 1.000000 4
900 -1.000000 3
903 1.000000 3
908 -1.000000 5
911 1.000000 3
917 -1.000000 6
922 -1.000000 5
925 -1.000000 3
930 1.000000 5
935 1.000000 5
940 -1.000000 5
945 1.000000 5
952 1.000000 7
956 1.000000 4
961 1.000000 5
966 1.000000 5
970 1.000000 4
974 1.000000 4
978 1.000000 4
981 1.000000 3
984 -1.000000 3
989 1.000000 5
995 0.000000 6
998 -1.000000 3
1002 -1.000000 4
1007 -1.000000 5
1011 -1.000000 4
1017 1.000000 6
1022 -1.000000 5
1027 1.000000 5
1031 1.000000 4
1035 -1.000000 4
1039 1.000000 4
1043 -1.000000 4
1048 1.000000 5
1051 1.000000 3
1055 1.000000 4
1060 -1.000000 5
1065 1.000000 5
1068 1.000000 3
1073 -1.000000 5
1078 -1.000000 5
1085 -1.000000 7
1090 1.000000 5
1093 -1.000000 3
1096 -1.000000 3
1101 -1.000000 5
1105 -1.000000 4
1111 -1.000000 6
1116 1.000000 5
1121 -1.000000 5
1124 -1.000000 3
1129 -1.000000 5
1135 -1.000000 6
1139 -1.000000 4
1144 -1.000000 5
1149 1.000000 5
1153 1.000000 4
1156 1.000000 3
1161 -1.000000 5
1164 -1.000000 3
1168 1.000000 4
1173 -1.000000 5
1179 1.000000 6
1184 1.000000 5
1188 -1.000000 4
1193 1.000000 5
1197 -1.000000 4
1201 1.000000 4
1205 -1.000000 4
1209 -1.000000 4
1215 1.000000 6
1220 1.000000 5
1223 1.000000 3
1228 -1.000000 5
1232 1.000000 4
1236 1.000000 4
1243 -1.000000 7
1248 1.000000 5
1252 -1.000000 4
1255 1.000000 3
1260 1.000000 5
1265 1.000000 5
1269 1.000000 4
1275 -1.000000 6
1281 0.000000 6
1285 1.000000 4
1288 -1.000000 3
1293 1.000000 5
1298 1.000000 5
1303 -1.000000 5
1306 1.000000 3
1311 1.000000 5
1317 1.000000 6
1321 1.000000 4
1325 -1.000000 4
1329 -1.000000 4
