4 1.000000 4
9 0.000000 5
13 -1.000000 4
17 1.000000 4
22 0.000000 5
25 -1.000000 3
28 1.000000 3
33 0.000000 5
37 1.000000 4
40 1.000000 3
45 1.000000 5
50 0.000000 5
55 0.000000 5
58 1.000000 3
62 1.000000 4
66 -1.000000 4
70 1.000000 4
75 1.000000 5
80 0.000000 5
85 1.000000 5
89 -1.000000 4
94 0.000000 5
99 0.000000 5
103 1.000000 4
107 -1.000000 4
112 0.000000 5
115 -1.000000 3
120 1.000000 5
124 1.000000 4
128 -1.000000 4
131 1.000000 3
135 1.000000 4
140 1.000000 5
145 1.000000 5
149 1.000000 4
153 1.000000 4
157 1.000000 4
160 1.000000 3
163 1.000000 3
167 -1.000000 4
172 1.000000 5
177 0.000000 5
181 -1.000000 4
185 1.000000 4
189 -1.000000 4
193 1.000000 4
198 0.000000 5
203 1.000000 5
208 0.000000 5
213 1.000000 5
217 1.000000 4
222 0.000000 5
226 1.000000 4
230 -1.000000 4
234 1.000000 4
238 1.000000 4
242 1.000000 4
245 1.000000 3
249 1.000000 4
253 1.000000 4
258 0.000000 5
261 -1.000000 3
266 0.000000 5
270 1.000000 4
273 1.000000 3
277 -1.000000 4
281 -1.000000 4
285 -1.000000 4
289 1.000000 4
293 1.000000 4
298 1.000000 5
302 -1.000000 4
306 1.000000 4
309 -1.000000 3
314 1.000000 5
318 1.000000 4
321 -1.000000 3
326 0.000000 5
330 1.000000 4
335 1.000000 5
338 1.000000 3
343 0.000000 5
348 0.000000 5
353 0.000000 5
357 1.000000 4
362 1.000000 5
367 1.000000 5
371 1.000000 4
375 1.000000 4
380 1.000000 5
384 1.000000 4
388 -1.000000 4
392 1.000000 4
396 -1.000000 4
401 1.000000 5
405 1.000000 4
409 1.000000 4
413 -1.000000 4
417 1.000000 4
422 1.000000 5
427 1.000000 5
431 -1.000000 4
435 1.000000 4
440 1.000000 5
445 1.000000 5
449 1.000000 4
453 1.000000 4
457 -1.000000 4
461 1.000000 4
464 -1.000000 3
468 -1.000000 4
472 -1.000000 4
477 1.000000 5
482 1.000000 5
486 1.000000 4
490 1.000000 4
493 -1.000000 3
496 1.000000 3
500 1.000000 4
504 -1.000000 4
509 1.000000 5
513 -1.000000 4
517 1.000000 4
520 1.000000 3
523 -1.000000 3
527 1.000000 4
531 -1.000000 4
535 1.000000 4
539 1.000000 4
544 1.000000 5
548 -1.000000 4
551 1.000000 3
555 1.000000 4
558 1.000000 3
561 -1.000000 3
566 0.000000 5
570 -1.000000 4
574 -1.000000 4
578 1.000000 4
581 1.000000 3
585 1.000000 4
590 0.000000 5
593 1.000000 3
597 1.000000 4
601 -1.000000 4
605 -1.000000 4
610 0.000000 5
614 -1.000000 4
617 1.000000 3
621 1.000000 4
626 1.000000 5
631 0.000000 5
635 1.000000 4
640 1.000000 5
644 1.000000 4
649 0.000000 5
653 1.000000 4
657 -1.000000 4
662 1.000000 5
665 1.000000 3
669 1.000000 4
673 1.000000 4
677 1.000000 4
681 -1.000000 4
686 1.000000 5
690 1.000000 4
694 1.000000 4
699 1.000000 5
703 1.000000 4
708 1.000000 5
711 1.000000 3
715 -1.000000 4
718 1.000000 3
722 1.000000 4
726 1.000000 4
731 1.000000 5
736 0.000000 5
740 1.000000 4
745 1.000000 5
749 1.000000 4
752 1.000000 3
757 0.000000 5
761 1.000000 4
765 1.000000 4
769 1.000000 4
773 -1.000000 4
778 1.000000 5
782 1.000000 4
787 1.000000 5
791 1.000000 4
796 1.000000 5
799 1.000000 3
804 0.000000 5
809 1.000000 5
812 1.000000 3
815 -1.000000 3
819 1.000000 4
824 1.000000 5
827 1.000000 3
831 1.000000 4
835 -1.000000 4
840 1.000000 5
844 1.000000 4
849 1.000000 5
853 1.000000 4
857 -1.000000 4
861 1.000000 4
866 0.000000 5
870 1.000000 4
875 1.000000 5
878 1.000000 3
883 1.000000 5
888 1.000000 5
892 -1.000000 4
897 0.000000 5
900 -1.000000 3
904 -1.000000 4
908 -1.000000 4
912 -1.000000 4
915 1.000000 3
920 1.000000 5
924 1.000000 4
928 1.000000 4
932 1.000000 4
937 1.000000 5
942 1.000000 5
945 -1.000000 3
948 1.000000 3
953 1.000000 5
957 -1.000000 4
962 1.000000 5
967 0.000000 5
971 -1.000000 4
975 -1.000000 4
980 1.000000 5
983 -1.000000 3
987 1.000000 4
992 0.000000 5
996 1.000000 4
1000 1.000000 4
1005 1.000000 5
1010 0.000000 5
1014 1.000000 4
1019 1.000000 5
1024 0.000000 5
1028 1.000000 4
1032 1.000000 4
1037 1.000000 5
1041 1.000000 4
1045 1.000000 4
1050 0.000000 5
1055 1.000000 5
1060 1.000000 5
1064 -1.000000 4
1069 1.000000 5
1074 1.000000 5
1078 1.000000 4
1082 1.000000 4
1086 1.000000 4
1091 0.000000 5
1095 -1.000000 4
1098 1.000000 3
1101 1.000000 3
1105 1.000000 4
1109 1.000000 4
1112 -1.000000 3
1117 1.000000 5
1121 -1.000000 4
1125 1.000000 4
1130 1.000000 5
1134 1.000000 4
1139 1.000000 5
1144 1.000000 5
1148 1.000000 4
1152 1.000000 4
1157 0.000000 5
1161 1.000000 4
1165 -1.000000 4
1170 1.000000 5
1173 -1.000000 3
1177 1.000000 4
1181 -1.000000 4
1184 1.000000 3
1187 1.000000 3
1191 1.000000 4
1195 1.000000 4
1200 0.000000 5
1203 1.000000 3
1206 1.000000 3
1211 1.000000 5
1215 -1.000000 4
1218 -1.000000 3
1223 0.000000 5
1227 1.000000 4
1231 1.000000 4
1236 0.000000 5
1240 1.000000 4
1244 1.000000 4
1248 1.000000 4
1251 -1.000000 3
1254 1.000000 3
1258 1.000000 4
1263 1.000000 5
1268 0.000000 5
1271 1.000000 3
1276 0.000000 5
1280 1.000000 4
1285 0.000000 5
1288 1.000000 3
1293 1.000000 5
1298 1.000000 5
1302 -1.000000 4
1307 0.000000 5
1311 -1.000000 4
1314 1.000000 3
1318 1.000000 4
1321 1.000000 3
1325 1.000000 4
1330 0.000000 5
1334 1.000000 4
1339 0.000000 5
1343 1.000000 4
1348 1.000000 5
1351 1.000000 3
1355 -1.000000 4
1359 1.000000 4
1364 0.000000 5
1367 -1.000000 3
1372 1.000000 5
1375 1.000000 3
1379 1.000000 4
1384 1.000000 5
1389 1.000000 5
1393 1.000000 4
1396 1.000000 3
1401 1.000000 5
1405 1.000000 4
1408 -1.000000 3
1413 0.000000 5
1417 -1.000000 4
1422 0.000000 5
1427 0.000000 5
1432 1.000000 5
1436 1.000000 4
1440 1.000000 4
1445 0.000000 5
1449 -1.000000 4
1454 1.000000 5
1458 1.000000 4
1461 1.000000 3
1466 0.000000 5
1470 -1.000000 4
1473 1.000000 3
1477 -1.000000 4
1480 -1.000000 3
1484 1.000000 4
1488 1.000000 4
1493 1.000000 5
1498 1.000000 5
1502 1.000000 4
1507 1.000000 5
1511 1.000000 4
1515 1.000000 4
1519 -1.000000 4
1523 1.000000 4
1528 0.000000 5
1533 1.000000 5
1537 1.000000 4
1542 1.000000 5
1546 1.000000 4
1550 1.000000 4
1553 1.000000 3
1558 0.000000 5
1563 1.000000 5
1567 1.000000 4
1572 0.000000 5
1577 1.000000 5
1581 -1.000000 4
1586 1.000000 5
1590 -1.000000 4
1594 1.000000 4
1597 1.000000 3
1600 1.000000 3
1604 1.000000 4
1609 1.000000 5
1612 -1.000000 3
1615 -1.000000 3
1619 -1.000000 4
1622 -1.000000 3
1627 1.000000 5
1631 1.000000 4
1635 1.000000 4
1640 0.000000 5
1644 -1.000000 4
1648 1.000000 4
1653 1.000000 5
1657 -1.000000 4
1660 1.000000 3
1664 -1.000000 4
1667 -1.000000 3
1671 1.000000 4
1675 -1.000000 4
1678 -1.000000 3
1682 1.000000 4
1687 0.000000 5
1691 1.000000 4
1694 -1.000000 3
1699 0.000000 5
1704 1.000000 5
1707 1.000000 3
1711 -1.000000 4
1715 -1.000000 4
1718 -1.000000 3
1721 1.000000 3
1724 1.000000 3
1727 -1.000000 3
1731 1.000000 4
1736 1.000000 5
1740 1.000000 4
1744 -1.000000 4
1748 -1.000000 4
1752 1.000000 4
1757 1.000000 5
1761 1.000000 4
1766 0.000000 5
1770 1.000000 4
1775 1.000000 5
1778 -1.000000 3
1783 1.000000 5
1786 -1.000000 3
1789 -1.000000 3
1793 1.000000 4
1797 -1.000000 4
1801 1.000000 4
1806 1.000000 5
1810 1.000000 4
1814 1.000000 4
1819 1.000000 5
1822 -1.000000 3
1825 1.000000 3
1829 -1.000000 4
1834 1.000000 5
1838 1.000000 4
1842 -1.000000 4
1847 1.000000 5
1851 -1.000000 4
1855 1.000000 4
1860 1.000000 5
1863 1.000000 3
1867 1.000000 4
1871 1.000000 4
1875 -1.000000 4
1880 0.000000 5
1884 -1.000000 4
1888 -1.000000 4
1891 -1.000000 3
1895 1.000000 4
1898 1.000000 3
1901 1.000000 3
1904 1.000000 3
1908 -1.000000 4
1912 -1.000000 4
1917 0.000000 5
1921 1.000000 4
1925 1.000000 4
1929 1.000000 4
1932 -1.000000 3
1936 1.000000 4
1940 1.000000 4
1943 -1.000000 3
1948 1.000000 5
1952 -1.000000 4
1956 1.000000 4
1959 -1.000000 3
1963 1.000000 4
1967 1.000000 4
1971 1.000000 4
1976 1.000000 5
1980 1.000000 4
1984 1.000000 4
1989 0.000000 5
1993 1.000000 4
1998 0.000000 5
2002 -1.000000 4
2006 1.000000 4
2010 1.000000 4
2015 1.000000 5
2018 -1.000000 3
2022 -1.000000 4
2027 1.000000 5
2031 -1.000000 4
2035 -1.000000 4
2039 1.000000 4
2044 1.000000 5
2047 1.000000 3
2052 1.000000 5
2057 0.000000 5
2061 1.000000 4
2065 1.000000 4
2069 1.000000 4
2074 1.000000 5
2078 1.000000 4
2082 -1.000000 4
2087 1.000000 5
2091 1.000000 4
2094 1.000000 3
2098 1.000000 4
2102 -1.000000 4
2107 1.000000 5
2112 0.000000 5
2116 -1.000000 4
2120 -1.000000 4
2124 1.000000 4
2127 -1.000000 3
2131 1.000000 4
2134 1.000000 3
2137 1.000000 3
2140 -1.000000 3
2144 1.000000 4
2148 1.000000 4
2153 0.000000 5
2158 1.000000 5
2161 1.000000 3
2165 -1.000000 4
2169 -1.000000 4
2174 1.000000 5
2178 1.000000 4
2183 0.000000 5
2187 1.000000 4
2191 -1.000000 4
2196 0.000000 5
2200 1.000000 4
2205 1.000000 5
2209 1.000000 4
2214 0.000000 5
2218 1.000000 4
2222 1.000000 4
2226 -1.000000 4
2231 1.000000 5
2236 0.000000 5
2241 1.000000 5
2244 -1.000000 3
2248 1.000000 4
2252 -1.000000 4
2256 1.000000 4
2259 -1.000000 3
2263 1.000000 4
2267 1.000000 4
2271 1.000000 4
2276 1.000000 5
2280 -1.000000 4
2283 1.000000 3
2286 1.000000 3
2291 1.000000 5
2295 -1.000000 4
2299 -1.000000 4
2303 1.000000 4
2308 0.000000 5
2313 0.000000 5
2317 1.000000 4
2322 1.000000 5
2325 1.000000 3
2330 1.000000 5
2333 1.000000 3
2338 1.000000 5
2341 -1.000000 3
2346 0.000000 5
2351 0.000000 5
2354 1.000000 3
2358 -1.000000 4
2363 1.000000 5
2367 1.000000 4
2371 1.000000 4
2376 0.000000 5
2380 -1.000000 4
2384 -1.000000 4
2387 -1.000000 3
2391 1.000000 4
2394 -1.000000 3
2398 1.000000 4
2401 1.000000 3
2405 1.000000 4
2410 1.000000 5
2414 -1.000000 4
2418 1.000000 4
2422 -1.000000 4
2426 1.000000 4
2429 1.000000 3
2434 0.000000 5
2439 1.000000 5
2444 1.000000 5
2448 1.000000 4
2453 1.000000 5
2457 1.000000 4
2460 1.000000 3
2464 1.000000 4
2468 1.000000 4
2472 1.000000 4
2476 1.000000 4
2480 -1.000000 4
2484 1.000000 4
2488 1.000000 4
2492 1.000000 4
2495 1.000000 3
2499 -1.000000 4
2503 1.000000 4
2507 1.000000 4
2510 1.000000 3
2514 1.000000 4
2518 1.000000 4
2522 -1.000000 4
2527 0.000000 5
2531 1.000000 4
2535 1.000000 4
2540 1.000000 5
2545 1.000000 5
2550 0.000000 5
2555 1.000000 5
2560 0.000000 5
2565 1.000000 5
2569 1.000000 4
2573 1.000000 4
2578 1.000000 5
2582 1.000000 4
2586 1.000000 4
2591 1.000000 5
2595 -1.000000 4
2599 1.000000 4
2604 1.000000 5
2608 1.000000 4
2611 1.000000 3
2615 1.000000 4
2619 -1.000000 4
2623 1.000000 4
2627 -1.000000 4
2630 1.000000 3
2633 -1.000000 3
2638 0.000000 5
2641 1.000000 3
2645 -1.000000 4
2650 1.000000 5
2654 -1.000000 4
2659 1.000000 5
2663 1.000000 4
2668 1.000000 5
2673 1.000000 5
2677 1.000000 4
2682 0.000000 5
2686 1.000000 4
2690 -1.000000 4
2694 1.000000 4
2699 1.000000 5
2703 1.000000 4
2707 1.000000 4
2712 1.000000 5
2716 1.000000 4
2720 1.000000 4
2725 1.000000 5
2729 1.000000 4
2734 1.000000 5
2739 0.000000 5
2743 -1.000000 4
2747 1.000000 4
2751 -1.000000 4
2755 1.000000 4
2760 1.000000 5
2764 1.000000 4
2767 1.000000 3
2771 1.000000 4
2775 -1.000000 4
2779 -1.000000 4
2783 1.000000 4
2787 1.000000 4
2791 1.000000 4
2795 1.000000 4
2799 1.000000 4
2803 1.000000 4
2806 -1.000000 3
2811 1.000000 5
2815 1.000000 4
2820 1.000000 5
2823 1.000000 3
2828 0.000000 5
2832 1.000000 4
2837 0.000000 5
2841 -1.000000 4
2845 -1.000000 4
2849 1.000000 4
2853 -1.000000 4
2858 1.000000 5
2862 1.000000 4
2865 1.000000 3
2869 1.000000 4
2873 1.000000 4
2878 1.000000 5
2883 1.000000 5
2887 1.000000 4
2892 1.000000 5
2897 1.000000 5
2902 0.000000 5
2907 0.000000 5
2911 1.000000 4
2915 -1.000000 4
2919 1.000000 4
2924 1.000000 5
2929 0.000000 5
2934 1.000000 5
2937 -1.000000 3
2942 1.000000 5
2947 1.000000 5
2951 1.000000 4
2954 -1.000000 3
2958 -1.000000 4
2961 1.000000 3
2965 1.000000 4
2970 0.000000 5
2974 1.000000 4
2979 1.000000 5
2983 1.000000 4
2988 0.000000 5
2993 1.000000 5
2998 1.000000 5
3002 1.000000 4
3007 0.000000 5
3012 1.000000 5
3017 0.000000 5
3021 -1.000000 4
3025 1.000000 4
3028 1.000000 3
3032 1.000000 4
3037 1.000000 5
3042 1.000000 5
3046 1.000000 4
3050 1.000000 4
3053 1.000000 3
3058 0.000000 5
3062 1.000000 4
3067 1.000000 5
3071 1.000000 4
3074 -1.000000 3
3079 1.000000 5
3083 -1.000000 4
3087 1.000000 4
3092 1.000000 5
3096 1.000000 4
3101 0.000000 5
3104 1.000000 3
3108 1.000000 4
3113 0.000000 5
3118 0.000000 5
3123 0.000000 5
3127 -1.000000 4
3131 1.000000 4
3135 -1.000000 4
3140 1.000000 5
3145 1.000000 5
3150 1.000000 5
3153 1.000000 3
3157 1.000000 4
3160 1.000000 3
3164 1.000000 4
3167 1.000000 3
3170 -1.000000 3
3174 1.000000 4
3178 -1.000000 4
3183 1.000000 5
3188 0.000000 5
3191 1.000000 3
3195 1.000000 4
3199 1.000000 4
3204 0.000000 5
3209 0.000000 5
3212 1.000000 3
3216 1.000000 4
3220 1.000000 4
3224 1.000000 4
3229 1.000000 5
3234 0.000000 5
3238 -1.000000 4
3243 0.000000 5
3246 1.000000 3
3250 -1.000000 4
3254 1.000000 4
3258 1.000000 4
3261 1.000000 3
3265 1.000000 4
3269 -1.000000 4
3272 -1.000000 3
3276 -1.000000 4
3280 1.000000 4
3283 -1.000000 3
3288 1.000000 5
3292 -1.000000 4
3295 1.000000 3
3299 1.000000 4
3303 -1.000000 4
3306 1.000000 3
3310 -1.000000 4
3315 0.000000 5
3318 1.000000 3
3321 1.000000 3
3325 -1.000000 4
3330 1.000000 5
3333 1.000000 3
3338 1.000000 5
3341 -1.000000 3
3344 1.000000 3
3349 0.000000 5
3354 1.000000 5
3358 -1.000000 4
3362 1.000000 4
3366 1.000000 4
3370 1.000000 4
3374 1.000000 4
3378 1.000000 4
3382 1.000000 4
3386 -1.000000 4
3389 -1.000000 3
3393 -1.000000 4
3397 1.000000 4
3402 0.000000 5
3406 1.000000 4
3410 1.000000 4
3414 1.000000 4
3417 1.000000 3
3422 0.000000 5
3427 1.000000 5
3431 -1.000000 4
3435 -1.000000 4
3440 1.000000 5
3444 1.000000 4
3447 -1.000000 3
3452 1.000000 5
3457 0.000000 5
3460 1.000000 3
3464 1.000000 4
3467 1.000000 3
3471 1.000000 4
3475 -1.000000 4
3479 -1.000000 4
3484 1.000000 5
3489 1.000000 5
3493 1.000000 4
3497 -1.000000 4
3500 1.000000 3
3504 1.000000 4
3508 1.000000 4
3512 -1.000000 4
3516 1.000000 4
3519 -1.000000 3
3523 -1.000000 4
3527 1.000000 4
3531 1.000000 4
3534 1.000000 3
3539 1.000000 5
3542 1.000000 3
3546 1.000000 4
3551 1.000000 5
3556 0.000000 5
3561 0.000000 5
3566 0.000000 5
3570 1.000000 4
3575 1.000000 5
3579 -1.000000 4
3583 -1.000000 4
3587 1.000000 4
3591 -1.000000 4
3595 1.000000 4
3600 0.000000 5
3604 1.000000 4
3608 -1.000000 4
3613 1.000000 5
3617 -1.000000 4
3621 1.000000 4
3625 1.000000 4
3630 1.000000 5
3635 1.000000 5
3640 0.000000 5
3644 1.000000 4
3647 1.000000 3
3652 1.000000 5
3655 -1.000000 3
3659 1.000000 4
3663 -1.000000 4
3666 1.000000 3
3670 1.000000 4
3674 -1.000000 4
3678 -1.000000 4
3682 1.000000 4
3687 0.000000 5
3692 0.000000 5
3696 1.000000 4
3700 -1.000000 4
3703 1.000000 3
3707 1.000000 4
3711 1.000000 4
3716 0.000000 5
3720 1.000000 4
3724 -1.000000 4
3728 1.000000 4
3733 0.000000 5
3738 0.000000 5
3743 1.000000 5
3747 1.000000 4
3751 -1.000000 4
3754 1.000000 3
3758 -1.000000 4
3763 0.000000 5
3766 -1.000000 3
3770 1.000000 4
3775 1.000000 5
3778 1.000000 3
3781 1.000000 3
3784 1.000000 3
3788 1.000000 4
3791 1.000000 3
3795 -1.000000 4
3798 -1.000000 3
3803 1.000000 5
3806 -1.000000 3
3809 1.000000 3
3814 0.000000 5
3817 -1.000000 3
3822 0.000000 5
3827 1.000000 5
3831 1.000000 4
3835 1.000000 4
3838 -1.000000 3
3843 1.000000 5
3848 1.000000 5
3852 1.000000 4
3855 1.000000 3
3858 1.000000 3
3862 1.000000 4
3866 1.000000 4
3871 0.000000 5
3875 1.000000 4
3879 1.000000 4
3884 1.000000 5
3888 1.000000 4
3892 -1.000000 4
3897 0.000000 5
3902 0.000000 5
3907 1.000000 5
3911 1.000000 4
3915 -1.000000 4
3919 1.000000 4
3923 1.000000 4
3927 -1.000000 4
3931 -1.000000 4
3936 0.000000 5
3941 1.000000 5
3946 0.000000 5
3950 1.000000 4
3955 0.000000 5
3959 1.000000 4
3962 -1.000000 3
3966 1.000000 4
3971 1.000000 5
3975 -1.000000 4
3979 -1.000000 4
3983 -1.000000 4
3988 0.000000 5
3993 0.000000 5
3997 1.000000 4
4001 1.000000 4
4006 1.000000 5
4009 1.000000 3
4012 1.000000 3
4016 -1.000000 4
4021 1.000000 5
4025 -1.000000 4
4029 1.000000 4
4032 -1.000000 3
4036 -1.000000 4
4041 0.000000 5
4046 1.000000 5
4051 1.000000 5
4055 -1.000000 4
4060 0.000000 5
4063 1.000000 3
4068 1.000000 5
4072 -1.000000 4
4076 1.000000 4
4080 -1.000000 4
4084 1.000000 4
4089 1.000000 5
4094 1.000000 5
4098 1.000000 4
4103 1.000000 5
4106 1.000000 3
4109 1.000000 3
4112 1.000000 3
4117 0.000000 5
4121 -1.000000 4
4126 0.000000 5
4131 0.000000 5
4134 1.000000 3
4139 1.000000 5
4142 1.000000 3
4146 -1.000000 4
4149 -1.000000 3
4153 1.000000 4
4158 0.000000 5
4163 1.000000 5
4167 -1.000000 4
4172 1.000000 5
4177 1.000000 5
4180 -1.000000 3
4185 0.000000 5
4189 -1.000000 4
4193 -1.000000 4
4197 1.000000 4
4200 1.000000 3
4204 1.000000 4
4209 0.000000 5
4212 -1.000000 3
4216 1.000000 4
4221 0.000000 5
4225 -1.000000 4
4229 1.000000 4
4234 1.000000 5
4237 -1.000000 3
4242 0.000000 5
4246 -1.000000 4
4250 1.000000 4
4253 1.000000 3
4257 -1.000000 4
4260 -1.000000 3
4265 0.000000 5
4268 1.000000 3
4273 1.000000 5
4278 0.000000 5
4281 -1.000000 3
4285 -1.000000 4
4289 1.000000 4
4293 1.000000 4
4296 1.000000 3
4299 1.000000 3
4304 0.000000 5
4309 1.000000 5
4313 -1.000000 4
4317 1.000000 4
4321 -1.000000 4
4325 -1.000000 4
4329 -1.000000 4
4334 1.000000 5
4339 1.000000 5
4342 1.000000 3
4346 -1.000000 4
4350 -1.000000 4
4354 1.000000 4
4357 -1.000000 3
4361 1.000000 4
4364 1.000000 3
4369 0.000000 5
4374 0.000000 5
4378 1.000000 4
4382 1.000000 4
4386 1.000000 4
4390 1.000000 4
4394 1.000000 4
4398 -1.000000 4
4401 1.000000 3
4404 1.000000 3
4408 -1.000000 4
4413 1.000000 5
4417 1.000000 4
4421 1.000000 4
4425 1.000000 4
4429 1.000000 4
4433 -1.000000 4
4437 -1.000000 4
4440 -1.000000 3
4445 0.000000 5
4449 1.000000 4
4454 0.000000 5
4458 -1.000000 4
4462 1.000000 4
4466 -1.000000 4
4469 1.000000 3
4473 1.000000 4
4477 1.000000 4
4480 1.000000 3
4484 1.000000 4
4489 1.000000 5
4493 1.000000 4
4498 1.000000 5
4502 -1.000000 4
4505 -1.000000 3
4509 1.000000 4
4513 1.000000 4
4517 1.000000 4
4521 1.000000 4
4526 1.000000 5
4529 1.000000 3
4533 -1.000000 4
4536 -1.000000 3
4541 1.000000 5
4546 1.000000 5
4550 1.000000 4
4554 -1.000000 4
4558 1.000000 4
4561 1.000000 3
4565 1.000000 4
4570 1.000000 5
4575 0.000000 5
4579 1.000000 4
4583 1.000000 4
4586 1.000000 3
4590 -1.000000 4
4594 1.000000 4
4599 0.000000 5
4603 -1.000000 4
4607 1.000000 4
4611 -1.000000 4
4616 0.000000 5
4620 1.000000 4
4624 1.000000 4
4627 -1.000000 3
4631 -1.000000 4
4635 -1.000000 4
4638 1.000000 3
4642 -1.000000 4
4647 1.000000 5
4651 -1.000000 4
4655 1.000000 4
4659 -1.000000 4
4663 1.000000 4
4668 0.000000 5
4672 1.000000 4
4677 1.000000 5
4682 1.000000 5
4686 -1.000000 4
4691 0.000000 5
4694 1.000000 3
4698 1.000000 4
4703 1.000000 5
4706 1.000000 3
4710 -1.000000 4
4714 1.000000 4
4717 -1.000000 3
4721 1.000000 4
4726 1.000000 5
4731 1.000000 5
4734 -1.000000 3
4738 -1.000000 4
4741 1.000000 3
4745 -1.000000 4
4749 1.000000 4
4753 -1.000000 4
4757 -1.000000 4
4760 1.000000 3
4765 1.000000 5
4769 -1.000000 4
4773 -1.000000 4
4776 1.000000 3
4779 -1.000000 3
4784 1.000000 5
4789 1.000000 5
4794 1.000000 5
4798 -1.000000 4
4803 1.000000 5
4807 -1.000000 4
4811 -1.000000 4
4816 0.000000 5
4820 -1.000000 4
4824 1.000000 4
4828 -1.000000 4
4831 1.000000 3
4836 0.000000 5
4841 0.000000 5
4846 0.000000 5
4850 1.000000 4
4854 -1.000000 4
4859 1.000000 5
4863 1.000000 4
4867 1.000000 4
4871 -1.000000 4
4875 -1.000000 4
4880 1.000000 5
4885 0.000000 5
4888 -1.000000 3
4893 1.000000 5
4898 0.000000 5
4902 -1.000000 4
4907 1.000000 5
4911 1.000000 4
4916 0.000000 5
4920 1.000000 4
4924 1.000000 4
4928 1.000000 4
4932 1.000000 4
4937 0.000000 5
4941 1.000000 4
4946 1.000000 5
4950 -1.000000 4
4954 1.000000 4
4959 0.000000 5
4963 1.000000 4
4966 1.000000 3
4970 1.000000 4
4974 1.000000 4
4978 1.000000 4
4981 1.000000 3
4986 0.000000 5
4990 1.000000 4
4995 0.000000 5
4998 1.000000 3
5003 1.000000 5
5007 -1.000000 4
5011 1.000000 4
5016 1.000000 5
5021 1.000000 5
5026 1.000000 5
5029 -1.000000 3
5033 1.000000 4
5037 1.000000 4
5041 1.000000 4
5045 1.000000 4
5049 -1.000000 4
5054 0.000000 5
5057 -1.000000 3
5062 0.000000 5
5066 1.000000 4
5071 0.000000 5
5076 1.000000 5
5080 -1.000000 4
5084 1.000000 4
5088 1.000000 4
5093 1.000000 5
5097 -1.000000 4
5101 -1.000000 4
5106 1.000000 5
5111 0.000000 5
5114 -1.000000 3
5119 1.000000 5
5124 0.000000 5
5127 -1.000000 3
5132 1.000000 5
5137 1.000000 5
5142 1.000000 5
5145 1.000000 3
5148 1.000000 3
5152 -1.000000 4
5156 1.000000 4
5159 -1.000000 3
5162 1.000000 3
5167 1.000000 5
5170 -1.000000 3
5175 1.000000 5
5178 1.000000 3
5182 1.000000 4
5187 1.000000 5
5190 -1.000000 3
5194 1.000000 4
5198 1.000000 4
5202 1.000000 4
5206 -1.000000 4
5210 -1.000000 4
5214 1.000000 4
5219 0.000000 5
5224 1.000000 5
5228 -1.000000 4
5232 -1.000000 4
5236 -1.000000 4
5240 1.000000 4
5243 -1.000000 3
5247 -1.000000 4
5251 1.000000 4
5256 0.000000 5
5260 -1.000000 4
5264 1.000000 4
5267 1.000000 3
5271 -1.000000 4
5275 1.000000 4
5278 -1.000000 3
5283 0.000000 5
5288 0.000000 5
5291 -1.000000 3
5295 -1.000000 4
5299 -1.000000 4
5302 1.000000 3
5306 1.000000 4
5310 1.000000 4
5313 1.000000 3
5317 1.000000 4
5321 1.000000 4
5324 1.000000 3
5328 1.000000 4
5332 -1.000000 4
5335 1.000000 3
5338 -1.000000 3
5342 -1.000000 4
5346 1.000000 4
5349 1.000000 3
5353 1.000000 4
5356 -1.000000 3
5359 1.000000 3
5363 1.000000 4
5368 1.000000 5
5372 -1.000000 4
5375 1.000000 3
5378 1.000000 3
5382 -1.000000 4
5385 -1.000000 3
5389 1.000000 4
5392 1.000000 3
5396 1.000000 4
5400 -1.000000 4
5403 -1.000000 3
5408 1.000000 5
5413 0.000000 5
5418 1.000000 5
5422 -1.000000 4
5426 -1.000000 4
5430 -1.000000 4
5434 -1.000000 4
5439 0.000000 5
5442 1.000000 3
5447 1.000000 5
5450 1.000000 3
5453 1.000000 3
5458 1.000000 5
5462 1.000000 4
5465 -1.000000 3
5470 1.000000 5
5473 1.000000 3
5477 1.000000 4
5480 1.000000 3
5483 -1.000000 3
5487 -1.000000 4
5491 -1.000000 4
5495 1.000000 4
5499 1.000000 4
5503 1.000000 4
5506 1.000000 3
5511 1.000000 5
5516 1.000000 5
5520 1.000000 4
5524 1.000000 4
5528 1.000000 4
5532 -1.000000 4
5535 1.000000 3
5538 -1.000000 3
5541 1.000000 3
5545 1.000000 4
5548 1.000000 3
5553 1.000000 5
5556 1.000000 3
5560 1.000000 4
5563 1.000000 3
5566 1.000000 3
5571 1.000000 5
5575 1.000000 4
5580 1.000000 5
5585 0.000000 5
5590 1.000000 5
5594 1.000000 4
5598 1.000000 4
5602 1.000000 4
5606 -1.000000 4
5611 1.000000 5
5615 -1.000000 4
5620 1.000000 5
5624 1.000000 4
5628 1.000000 4
5632 1.000000 4
5635 -1.000000 3
5640 1.000000 5
5644 1.000000 4
5649 1.000000 5
5654 1.000000 5
5657 1.000000 3
5661 1.000000 4
5664 -1.000000 3
5668 1.000000 4
5673 0.000000 5
5677 1.000000 4
5680 -1.000000 3
5685 1.000000 5
5688 1.000000 3
5691 -1.000000 3
5695 -1.000000 4
5699 1.000000 4
5702 1.000000 3
5707 0.000000 5
5711 1.000000 4
5715 1.000000 4
5719 -1.000000 4
5724 1.000000 5
5728 1.000000 4
5732 -1.000000 4
5737 0.000000 5
5741 -1.000000 4
5746 0.000000 5
5751 1.000000 5
5755 1.000000 4
5760 1.000000 5
5764 -1.000000 4
5769 1.000000 5
5773 1.000000 4
5778 0.000000 5
5782 1.000000 4
5787 1.000000 5
5791 -1.000000 4
5796 1.000000 5
5800 -1.000000 4
5803 1.000000 3
5808 1.000000 5
5812 -1.000000 4
5817 0.000000 5
5820 1.000000 3
5825 1.000000 5
5830 1.000000 5
5833 1.000000 3
5837 -1.000000 4
5842 0.000000 5
5846 1.000000 4
5849 -1.000000 3
5854 1.000000 5
5858 1.000000 4
5862 -1.000000 4
5865 -1.000000 3
5870 0.000000 5
5874 1.000000 4
5879 0.000000 5
5883 1.000000 4
5888 0.000000 5
5892 -1.000000 4
5895 -1.000000 3
5899 -1.000000 4
5903 1.000000 4
5908 1.000000 5
5912 -1.000000 4
5916 -1.000000 4
5919 -1.000000 3
5923 -1.000000 4
5927 1.000000 4
5931 1.000000 4
5936 1.000000 5
5940 1.000000 4
5945 0.000000 5
5948 -1.000000 3
5953 1.000000 5
5956 -1.000000 3
5959 1.000000 3
5963 1.000000 4
5967 1.000000 4
5972 0.000000 5
5975 1.000000 3
5980 1.000000 5
5985 1.000000 5
5989 -1.000000 4
5992 -1.000000 3
5997 1.000000 5
6000 1.000000 3
6004 1.000000 4
6008 -1.000000 4
6011 -1.000000 3
6015 1.000000 4
6019 1.000000 4
6024 0.000000 5
6029 1.000000 5
6033 1.000000 4
6038 1.000000 5
6042 1.000000 4
6046 1.000000 4
6051 1.000000 5
6056 0.000000 5
6061 1.000000 5
6065 1.000000 4
6068 1.000000 3
6071 -1.000000 3
6076 1.000000 5
6081 0.000000 5
6086 1.000000 5
6091 1.000000 5
6096 1.000000 5
6099 -1.000000 3
6103 1.000000 4
6108 0.000000 5
6113 1.000000 5
6118 0.000000 5
6123 0.000000 5
6128 1.000000 5
6132 1.000000 4
6136 1.000000 4
6140 1.000000 4
6145 1.000000 5
6148 -1.000000 3
6152 -1.000000 4
6155 1.000000 3
6160 1.000000 5
6164 1.000000 4
6168 1.000000 4
6171 -1.000000 3
6175 -1.000000 4
6178 1.000000 3
6182 1.000000 4
6185 -1.000000 3
6190 1.000000 5
6195 0.000000 5
6198 1.000000 3
6203 1.000000 5
6208 1.000000 5
6212 -1.000000 4
6216 1.000000 4
6220 1.000000 4
6224 1.000000 4
6228 1.000000 4
6233 1.000000 5
6237 -1.000000 4
6242 1.000000 5
6247 1.000000 5
6251 1.000000 4
6256 1.000000 5
6261 1.000000 5
6265 1.000000 4
6268 1.000000 3
6271 1.000000 3
6275 -1.000000 4
6279 1.000000 4
6283 1.000000 4
6287 1.000000 4
6290 1.000000 3
6293 -1.000000 3
6296 1.000000 3
6300 1.000000 4
6304 1.000000 4
6308 1.000000 4
6312 1.000000 4
6315 -1.000000 3
6318 1.000000 3
6322 1.000000 4
6326 1.000000 4
6330 1.000000 4
6334 -1.000000 4
6338 -1.000000 4
6341 -1.000000 3
6345 1.000000 4
6349 -1.000000 4
6354 0.000000 5
6359 1.000000 5
6362 -1.000000 3
6365 1.000000 3
6369 1.000000 4
6373 -1.000000 4
6377 1.000000 4
6382 1.000000 5
6387 1.000000 5
6391 1.000000 4
6395 -1.000000 4
6400 0.000000 5
6404 1.000000 4
6407 -1.000000 3
6412 0.000000 5
6415 1.000000 3
6418 -1.000000 3
6423 1.000000 5
6428 1.000000 5
6431 -1.000000 3
6434 -1.000000 3
6438 1.000000 4
6441 1.000000 3
6445 -1.000000 4
6449 -1.000000 4
6454 1.000000 5
6458 -1.000000 4
6463 1.000000 5
6467 1.000000 4
6472 1.000000 5
6476 -1.000000 4
6481 1.000000 5
6486 0.000000 5
6491 1.000000 5
6494 1.000000 3
6498 1.000000 4
6503 1.000000 5
6508 1.000000 5
6512 1.000000 4
6516 -1.000000 4
6521 0.000000 5
6526 1.000000 5
6529 -1.000000 3
6534 0.000000 5
6538 -1.000000 4
6541 -1.000000 3
6544 1.000000 3
6548 1.000000 4
6552 -1.000000 4
6555 -1.000000 3
6559 1.000000 4
6562 -1.000000 3
6566 1.000000 4
6570 1.000000 4
6575 0.000000 5
6579 -1.000000 4
6582 1.000000 3
6586 1.000000 4
6590 1.000000 4
6593 -1.000000 3
6597 -1.000000 4
6602 1.000000 5
6607 0.000000 5
6611 1.000000 4
6614 1.000000 3
6618 -1.000000 4
6623 1.000000 5
6626 1.000000 3
6630 -1.000000 4
6635 1.000000 5
6639 1.000000 4
6644 1.000000 5
6649 1.000000 5
6652 -1.000000 3
6656 1.000000 4
6660 1.000000 4
6664 1.000000 4
6668 1.000000 4
6672 -1.000000 4
6677 1.000000 5
6681 -1.000000 4
6685 1.000000 4
6689 1.000000 4
6692 1.000000 3
6695 -1.000000 3
6699 -1.000000 4
6704 1.000000 5
6709 1.000000 5
6713 1.000000 4
6718 1.000000 5
6722 1.000000 4
6726 -1.000000 4
6731 1.000000 5
6734 1.000000 3
6737 1.000000 3
6741 -1.000000 4
6745 1.000000 4
6749 1.000000 4
6753 -1.000000 4
6758 1.000000 5
6761 1.000000 3
6765 -1.000000 4
6770 0.000000 5
6773 -1.000000 3
6778 1.000000 5
6783 1.000000 5
6787 1.000000 4
6791 1.000000 4
6796 1.000000 5
6799 1.000000 3
6803 1.000000 4
6808 0.000000 5
6813 1.000000 5
6818 0.000000 5
6822 1.000000 4
6827 0.000000 5
6831 1.000000 4
6835 -1.000000 4
6839 -1.000000 4
6843 1.000000 4
6847 -1.000000 4
6850 -1.000000 3
6855 0.000000 5
6859 -1.000000 4
6863 1.000000 4
6867 -1.000000 4
6872 1.000000 5
6876 -1.000000 4
6881 1.000000 5
6886 0.000000 5
6890 1.000000 4
6893 1.000000 3
6898 1.000000 5
6902 -1.000000 4
6905 1.000000 3
6909 -1.000000 4
6913 -1.000000 4
6917 1.000000 4
6921 1.000000 4
6925 -1.000000 4
6929 -1.000000 4
6933 -1.000000 4
6938 0.000000 5
6942 1.000000 4
6946 -1.000000 4
6950 1.000000 4
6954 -1.000000 4
6958 1.000000 4
6962 1.000000 4
6966 1.000000 4
6971 1.000000 5
6976 1.000000 5
6980 1.000000 4
6984 1.000000 4
6988 -1.000000 4
6992 1.000000 4
6997 0.000000 5
7000 -1.000000 3
7003 1.000000 3
7008 1.000000 5
7011 1.000000 3
7015 1.000000 4
7020 1.000000 5
7025 0.000000 5
7030 0.000000 5
7034 1.000000 4
7039 1.000000 5
7044 1.000000 5
7048 1.000000 4
7053 0.000000 5
7057 1.000000 4
7060 1.000000 3
7064 1.000000 4
7069 1.000000 5
7073 1.000000 4
7077 1.000000 4
7081 -1.000000 4
7085 1.000000 4
7089 1.000000 4
7094 1.000000 5
7099 0.000000 5
7103 -1.000000 4
7108 1.000000 5
7112 1.000000 4
7117 0.000000 5
7121 1.000000 4
7124 1.000000 3
7129 1.000000 5
7133 -1.000000 4
7137 1.000000 4
7141 1.000000 4
7146 0.000000 5
7151 1.000000 5
7155 1.000000 4
7159 -1.000000 4
7164 1.000000 5
7169 1.000000 5
7174 1.000000 5
7177 1.000000 3
7181 -1.000000 4
7185 1.000000 4
7188 1.000000 3
7192 -1.000000 4
7197 1.000000 5
7202 0.000000 5
7206 -1.000000 4
7211 0.000000 5
7215 1.000000 4
7220 1.000000 5
7225 0.000000 5
7229 1.000000 4
7234 1.000000 5
7239 0.000000 5
7243 -1.000000 4
7247 -1.000000 4
7251 -1.000000 4
7255 1.000000 4
7259 -1.000000 4
7262 1.000000 3
7265 -1.000000 3
7269 1.000000 4
7273 -1.000000 4
7276 1.000000 3
7281 0.000000 5
7286 0.000000 5
7289 1.000000 3
7294 1.000000 5
7298 1.000000 4
7301 1.000000 3
7305 1.000000 4
7309 1.000000 4
7314 1.000000 5
7319 1.000000 5
7323 1.000000 4
7327 1.000000 4
7332 1.000000 5
7336 1.000000 4
7341 0.000000 5
7345 1.000000 4
7349 -1.000000 4
7354 1.000000 5
7357 -1.000000 3
7361 -1.000000 4
7366 0.000000 5
7370 -1.000000 4
7374 -1.000000 4
7378 1.000000 4
7382 1.000000 4
7386 1.000000 4
7389 -1.000000 3
7394 0.000000 5
7397 -1.000000 3
7401 1.000000 4
7404 1.000000 3
7408 -1.000000 4
7412 -1.000000 4
7416 1.000000 4
7420 1.000000 4
7424 1.000000 4
7427 -1.000000 3
7431 -1.000000 4
7436 0.000000 5
7440 -1.000000 4
7444 1.000000 4
7448 1.000000 4
7451 1.000000 3
7456 1.000000 5
7461 0.000000 5
7465 1.000000 4
7468 -1.000000 3
7472 -1.000000 4
7476 -1.000000 4
7480 -1.000000 4
7485 0.000000 5
7489 1.000000 4
7494 1.000000 5
7499 0.000000 5
7504 0.000000 5
7508 1.000000 4
7512 1.000000 4
7515 -1.000000 3
7518 1.000000 3
7522 -1.000000 4
7527 0.000000 5
7531 1.000000 4
7535 1.000000 4
7539 1.000000 4
7543 1.000000 4
7547 1.000000 4
7552 1.000000 5
7556 1.000000 4
7560 1.000000 4
7565 1.000000 5
7568 -1.000000 3
7572 1.000000 4
7575 1.000000 3
7579 1.000000 4
7583 -1.000000 4
7587 -1.000000 4
7591 -1.000000 4
7595 1.000000 4
7599 1.000000 4
7603 1.000000 4
7608 1.000000 5
7612 1.000000 4
7615 1.000000 3
7618 1.000000 3
7623 1.000000 5
7628 1.000000 5
7632 -1.000000 4
7636 1.000000 4
7640 -1.000000 4
7644 -1.000000 4
7648 1.000000 4
7652 1.000000 4
7656 1.000000 4
7660 -1.000000 4
7665 1.000000 5
7669 1.000000 4
7673 1.000000 4
7677 -1.000000 4
7680 1.000000 3
7685 1.000000 5
7690 1.000000 5
7695 0.000000 5
7699 -1.000000 4
7704 1.000000 5
7708 1.000000 4
7711 -1.000000 3
7716 1.000000 5
7721 0.000000 5
7724 1.000000 3
7728 -1.000000 4
7731 -1.000000 3
7736 1.000000 5
7739 1.000000 3
7743 -1.000000 4
7747 -1.000000 4
7751 1.000000 4
7755 -1.000000 4
7759 1.000000 4
7763 1.000000 4
7766 1.000000 3
7769 -1.000000 3
7772 -1.000000 3
7775 -1.000000 3
7780 0.000000 5
7784 1.000000 4
7788 1.000000 4
7791 -1.000000 3
7794 1.000000 3
7799 1.000000 5
7803 -1.000000 4
7807 1.000000 4
7811 1.000000 4
7815 1.000000 4
7820 0.000000 5
7824 -1.000000 4
7828 1.000000 4
7833 1.000000 5
7837 -1.000000 4
7842 0.000000 5
7845 -1.000000 3
7849 1.000000 4
7853 -1.000000 4
7857 1.000000 4
7861 -1.000000 4
7865 -1.000000 4
7868 -1.000000 3
7871 1.000000 3
7875 1.000000 4
7880 1.000000 5
7883 1.000000 3
7888 1.000000 5
7893 1.000000 5
7896 1.000000 3
7899 1.000000 3
7903 1.000000 4
7907 1.000000 4
7910 1.000000 3
7914 -1.000000 4
7918 1.000000 4
7922 1.000000 4
7926 1.000000 4
7929 -1.000000 3
7934 0.000000 5
7938 -1.000000 4
7942 1.000000 4
7947 1.000000 5
7951 1.000000 4
7956 0.000000 5
7961 0.000000 5
7965 1.000000 4
7970 1.000000 5
7975 0.000000 5
7980 0.000000 5
7983 -1.000000 3
7987 -1.000000 4
7991 1.000000 4
7994 1.000000 3
7999 1.000000 5
8003 1.000000 4
8007 -1.000000 4
8012 1.000000 5
8016 -1.000000 4
8019 1.000000 3
8024 1.000000 5
8029 1.000000 5
8034 1.000000 5
8037 -1.000000 3
8041 -1.000000 4
8045 1.000000 4
8050 0.000000 5
8055 0.000000 5
8059 -1.000000 4
8064 1.000000 5
8068 -1.000000 4
8073 0.000000 5
8078 1.000000 5
8083 1.000000 5
8087 1.000000 4
8092 0.000000 5
8096 1.000000 4
8099 1.000000 3
8103 1.000000 4
8106 1.000000 3
8111 1.000000 5
8115 1.000000 4
8119 1.000000 4
8122 -1.000000 3
8126 -1.000000 4
8130 1.000000 4
8134 -1.000000 4
8139 1.000000 5
8142 1.000000 3
8146 1.000000 4
8150 -1.000000 4
8154 -1.000000 4
8158 1.000000 4
8163 1.000000 5
8168 0.000000 5
8173 0.000000 5
8178 1.000000 5
8181 -1.000000 3
8185 1.000000 4
8190 1.000000 5
8195 0.000000 5
8199 -1.000000 4
8202 1.000000 3
8207 1.000000 5
8210 -1.000000 3
8214 -1.000000 4
8219 1.000000 5
8222 1.000000 3
8226 -1.000000 4
8229 1.000000 3
8234 1.000000 5
8239 1.000000 5
8244 0.000000 5
8248 1.000000 4
8252 -1.000000 4
8257 1.000000 5
8261 -1.000000 4
8265 -1.000000 4
8270 0.000000 5
8275 1.000000 5
8279 1.000000 4
8284 1.000000 5
8289 1.000000 5
8294 1.000000 5
8297 1.000000 3
8301 -1.000000 4
8305 1.000000 4
8310 1.000000 5
8314 1.000000 4
8319 1.000000 5
8322 1.000000 3
8325 -1.000000 3
8329 1.000000 4
8333 1.000000 4
8337 1.000000 4
8342 1.000000 5
8347 1.000000 5
8351 1.000000 4
8355 -1.000000 4
8358 1.000000 3
8362 -1.000000 4
8366 1.000000 4
8371 1.000000 5
8376 1.000000 5
8379 1.000000 3
8383 1.000000 4
8387 -1.000000 4
8391 1.000000 4
8394 -1.000000 3
8399 1.000000 5
8404 0.000000 5
8409 1.000000 5
8414 0.000000 5
8417 1.000000 3
8422 1.000000 5
8425 -1.000000 3
8430 0.000000 5
8435 0.000000 5
8440 1.000000 5
8444 1.000000 4
8448 -1.000000 4
8453 0.000000 5
8457 -1.000000 4
8460 1.000000 3
8463 1.000000 3
8467 -1.000000 4
8470 1.000000 3
8474 1.000000 4
8477 1.000000 3
8480 -1.000000 3
8485 1.000000 5
8489 -1.000000 4
8494 0.000000 5
8498 1.000000 4
8503 0.000000 5
8508 0.000000 5
8511 1.000000 3
8515 1.000000 4
8520 1.000000 5
8523 -1.000000 3
8527 -1.000000 4
8532 1.000000 5
8535 -1.000000 3
8539 1.000000 4
8543 1.000000 4
8548 0.000000 5
8551 -1.000000 3
8555 -1.000000 4
8559 1.000000 4
8564 1.000000 5
8567 1.000000 3
8571 1.000000 4
8575 1.000000 4
8580 0.000000 5
8584 -1.000000 4
8588 -1.000000 4
8592 1.000000 4
8597 1.000000 5
8601 1.000000 4
8605 1.000000 4
8609 -1.000000 4
8613 1.000000 4
8617 1.000000 4
8620 -1.000000 3
8624 -1.000000 4
8627 -1.000000 3
8630 1.000000 3
8634 -1.000000 4
8639 0.000000 5
8643 -1.000000 4
8646 1.000000 3
8651 1.000000 5
8656 0.000000 5
8660 -1.000000 4
8665 1.000000 5
8670 1.000000 5
8674 1.000000 4
8677 -1.000000 3
8682 1.000000 5
8687 0.000000 5
8692 1.000000 5
8695 -1.000000 3
8699 1.000000 4
8702 1.000000 3
8706 -1.000000 4
8710 1.000000 4
8713 1.000000 3
8717 1.000000 4
8721 -1.000000 4
8725 -1.000000 4
8729 1.000000 4
8732 1.000000 3
8736 -1.000000 4
8741 1.000000 5
8744 -1.000000 3
8747 1.000000 3
8751 1.000000 4
8755 -1.000000 4
8760 1.000000 5
8764 1.000000 4
8768 1.000000 4
8773 0.000000 5
8776 1.000000 3
8780 -1.000000 4
8784 -1.000000 4
8788 1.000000 4
8792 1.000000 4
8796 -1.000000 4
8799 -1.000000 3
8804 0.000000 5
8809 1.000000 5
8813 1.000000 4
8818 1.000000 5
8822 -1.000000 4
8826 -1.000000 4
8831 0.000000 5
8834 -1.000000 3
8839 1.000000 5
8842 1.000000 3
8846 -1.000000 4
8851 1.000000 5
8856 1.000000 5
8861 0.000000 5
8866 0.000000 5
8869 1.000000 3
8874 1.000000 5
8879 1.000000 5
8884 0.000000 5
8888 1.000000 4
8892 1.000000 4
8897 1.000000 5
8901 1.000000 4
8904 -1.000000 3
8908 -1.000000 4
8912 1.000000 4
8917 0.000000 5
8921 -1.000000 4
8925 1.000000 4
8928 -1.000000 3
8932 -1.000000 4
8935 -1.000000 3
8940 1.000000 5
8944 -1.000000 4
8947 1.000000 3
8951 -1.000000 4
8955 1.000000 4
8959 -1.000000 4
8964 0.000000 5
8968 1.000000 4
8972 -1.000000 4
8977 1.000000 5
8980 1.000000 3
8985 1.000000 5
8988 -1.000000 3
8991 1.000000 3
8994 1.000000 3
8999 0.000000 5
9003 1.000000 4
9008 1.000000 5
9013 0.000000 5
9018 1.000000 5
9021 -1.000000 3
9025 1.000000 4
9029 1.000000 4
9034 0.000000 5
9039 1.000000 5
9042 1.000000 3
9046 1.000000 4
9050 -1.000000 4
9055 0.000000 5
9058 1.000000 3
9062 1.000000 4
9067 0.000000 5
9070 -1.000000 3
9073 1.000000 3
9078 0.000000 5
9081 1.000000 3
9085 1.000000 4
9089 1.000000 4
9093 1.000000 4
9096 1.000000 3
9100 1.000000 4
9105 1.000000 5
9108 1.000000 3
9111 -1.000000 3
9114 1.000000 3
9119 1.000000 5
9122 1.000000 3
9126 -1.000000 4
9129 -1.000000 3
9133 -1.000000 4
9136 -1.000000 3
9140 1.000000 4
9144 1.000000 4
9148 1.000000 4
9151 -1.000000 3
9156 0.000000 5
9160 1.000000 4
9163 -1.000000 3
9167 1.000000 4
9171 1.000000 4
9176 1.000000 5
9181 0.000000 5
9184 1.000000 3
9188 1.000000 4
9192 1.000000 4
9197 0.000000 5
9200 -1.000000 3
9204 1.000000 4
9209 1.000000 5
9213 1.000000 4
9216 1.000000 3
9220 1.000000 4
9224 -1.000000 4
9228 1.000000 4
9232 1.000000 4
9236 -1.000000 4
9241 1.000000 5
9244 -1.000000 3
9248 -1.000000 4
9251 1.000000 3
9255 -1.000000 4
9258 1.000000 3
9262 -1.000000 4
9267 1.000000 5
9271 1.000000 4
9276 0.000000 5
9280 1.000000 4
9283 -1.000000 3
9286 1.000000 3
9289 1.000000 3
9292 1.000000 3
9297 0.000000 5
9301 1.000000 4
9305 -1.000000 4
9308 1.000000 3
9311 1.000000 3
9314 1.000000 3
9319 1.000000 5
9323 -1.000000 4
9326 1.000000 3
9329 1.000000 3
9333 1.000000 4
9337 1.000000 4
9341 -1.000000 4
9345 -1.000000 4
9348 1.000000 3
9352 1.000000 4
9357 0.000000 5
9361 1.000000 4
9364 1.000000 3
9368 1.000000 4
9372 -1.000000 4
9377 1.000000 5
9382 0.000000 5
9387 0.000000 5
9391 -1.000000 4
9394 1.000000 3
9399 0.000000 5
9404 1.000000 5
9408 -1.000000 4
9413 0.000000 5
9417 1.000000 4
9421 -1.000000 4
9425 1.000000 4
9428 -1.000000 3
9431 1.000000 3
9435 -1.000000 4
9439 -1.000000 4
9443 -1.000000 4
9447 -1.000000 4
9451 -1.000000 4
9456 0.000000 5
9460 1.000000 4
9465 0.000000 5
9469 1.000000 4
9474 1.000000 5
9479 1.000000 5
9483 1.000000 4
9487 1.000000 4
9491 -1.000000 4
9496 1.000000 5
9501 1.000000 5
9505 -1.000000 4
9509 1.000000 4
9513 1.000000 4
9518 1.000000 5
9523 1.000000 5
9527 1.000000 4
9532 1.000000 5
9536 1.000000 4
9540 1.000000 4
9544 1.000000 4
9548 -1.000000 4
9552 1.000000 4
9555 -1.000000 3
9559 -1.000000 4
9563 1.000000 4
9567 1.000000 4
9572 1.000000 5
9576 -1.000000 4
9580 1.000000 4
9584 1.000000 4
9588 1.000000 4
9592 -1.000000 4
9596 1.000000 4
9601 1.000000 5
9606 0.000000 5
9611 1.000000 5
9616 1.000000 5
9620 1.000000 4
9624 -1.000000 4
9627 1.000000 3
9631 1.000000 4
9635 1.000000 4
9639 -1.000000 4
9643 1.000000 4
9647 -1.000000 4
9651 -1.000000 4
9656 1.000000 5
9660 -1.000000 4
9665 1.000000 5
9670 1.000000 5
9673 1.000000 3
9678 1.000000 5
9682 1.000000 4
9687 1.000000 5
9692 1.000000 5
9696 1.000000 4
9699 -1.000000 3
9703 1.000000 4
9706 -1.000000 3
9710 1.000000 4
9713 -1.000000 3
9716 1.000000 3
9720 -1.000000 4
9725 1.000000 5
9729 -1.000000 4
9733 -1.000000 4
9738 1.000000 5
9742 -1.000000 4
9745 1.000000 3
9749 1.000000 4
9753 1.000000 4
9758 0.000000 5
9763 0.000000 5
9767 -1.000000 4
9772 0.000000 5
9777 0.000000 5
9780 -1.000000 3
9783 -1.000000 3
9788 0.000000 5
9792 1.000000 4
9796 1.000000 4
9801 1.000000 5
9805 -1.000000 4
9809 1.000000 4
9813 -1.000000 4
9817 -1.000000 4
9820 1.000000 3
9824 1.000000 4
9828 -1.000000 4
9831 1.000000 3
9836 0.000000 5
9840 -1.000000 4
9845 1.000000 5
9849 1.000000 4
9853 1.000000 4
9857 -1.000000 4
9860 -1.000000 3
9863 -1.000000 3
9867 1.000000 4
9872 1.000000 5
9875 1.000000 3
9879 1.000000 4
9883 1.000000 4
9887 1.000000 4
9891 -1.000000 4
9894 -1.000000 3
9898 1.000000 4
9903 1.000000 5
9907 1.000000 4
9911 1.000000 4
9916 0.000000 5
9920 1.000000 4
9925 0.000000 5
9929 1.000000 4
9933 -1.000000 4
9937 -1.000000 4
9942 0.000000 5
9946 -1.000000 4
9950 1.000000 4
9955 0.000000 5
9958 1.000000 3
9962 1.000000 4
9967 0.000000 5
9972 1.000000 5
9975 1.000000 3
9980 1.000000 5
9984 1.000000 4
9989 1.000000 5
9992 -1.000000 3
9997 1.000000 5
10002 1.000000 5
10005 -1.000000 3
10008 -1.000000 3
10011 -1.000000 3
10014 -1.000000 3
10017 -1.000000 3
10020 -1.000000 3
10023 -1.000000 3
10026 -1.000000 3
10029 -1.000000 3
10032 -1.000000 3
10035 -1.000000 3
10038 -1.000000 3
10041 -1.000000 3
10044 -1.000000 3
10047 -1.000000 3
10050 -1.000000 3
10053 -1.000000 3
10056 -1.000000 3
10059 -1.000000 3
10062 -1.000000 3
10065 -1.000000 3
10068 -1.000000 3
10071 -1.000000 3
10074 -1.000000 3
10077 -1.000000 3
10080 -1.000000 3
10083 -1.000000 3
10086 -1.000000 3
10089 -1.000000 3
10092 -1.000000 3
10095 -1.000000 3
10098 -1.000000 3
10101 -1.000000 3
10104 -1.000000 3
10107 -1.000000 3
10110 -1.000000 3
10113 -1.000000 3
10116 -1.000000 3
10119 -1.000000 3
10122 -1.000000 3
10125 -1.000000 3
10128 -1.000000 3
10131 -1.000000 3
10134 -1.000000 3
10137 -1.000000 3
10140 -1.000000 3
10143 -1.000000 3
10146 -1.000000 3
10149 -1.000000 3
10152 -1.000000 3
10155 -1.000000 3
10158 -1.000000 3
10161 -1.000000 3
10164 -1.000000 3
10167 -1.000000 3
10170 -1.000000 3
10173 -1.000000 3
10176 -1.000000 3
10179 -1.000000 3
10182 -1.000000 3
10185 -1.000000 3
10188 -1.000000 3
10191 -1.000000 3
10194 -1.000000 3
10197 -1.000000 3
10200 -1.000000 3
10203 -1.000000 3
10206 -1.000000 3
10209 -1.000000 3
10212 -1.000000 3
10215 -1.000000 3
10218 -1.000000 3
10221 -1.000000 3
10224 -1.000000 3
10227 -1.000000 3
10230 -1.000000 3
10233 -1.000000 3
10236 -1.000000 3
10239 -1.000000 3
10242 -1.000000 3
10245 -1.000000 3
10248 -1.000000 3
10251 -1.000000 3
10254 -1.000000 3
10257 -1.000000 3
10260 -1.000000 3
10263 -1.000000 3
10266 -1.000000 3
10269 -1.000000 3
10272 -1.000000 3
10275 -1.000000 3
10278 -1.000000 3
10281 -1.000000 3
10284 -1.000000 3
10287 -1.000000 3
10290 -1.000000 3
10293 -1.000000 3
10296 -1.000000 3
10299 -1.000000 3
10302 -1.000000 3
10305 -1.000000 3
10308 -1.000000 3
10311 -1.000000 3
10314 -1.000000 3
10317 -1.000000 3
10320 -1.000000 3
10323 -1.000000 3
10326 -1.000000 3
10329 -1.000000 3
10332 -1.000000 3
10335 -1.000000 3
10338 -1.000000 3
10341 -1.000000 3
10344 -1.000000 3
10347 -1.000000 3
10350 -1.000000 3
10353 -1.000000 3
10356 -1.000000 3
10359 -1.000000 3
10362 -1.000000 3
10365 -1.000000 3
10368 -1.000000 3
10371 -1.000000 3
10374 -1.000000 3
10377 -1.000000 3
10380 -1.000000 3
10383 -1.000000 3
10386 -1.000000 3
10389 -1.000000 3
10392 -1.000000 3
10395 -1.000000 3
10398 -1.000000 3
10401 -1.000000 3
10404 -1.000000 3
10407 -1.000000 3
10410 -1.000000 3
10413 -1.000000 3
10416 -1.000000 3
10419 -1.000000 3
10422 -1.000000 3
10425 -1.000000 3
10428 -1.000000 3
10431 -1.000000 3
10434 -1.000000 3
10437 -1.000000 3
10440 -1.000000 3
10443 -1.000000 3
10446 -1.000000 3
10449 -1.000000 3
10452 -1.000000 3
10455 -1.000000 3
10458 -1.000000 3
10461 -1.000000 3
10464 -1.000000 3
10467 -1.000000 3
10470 -1.000000 3
10473 -1.000000 3
10476 -1.000000 3
10479 -1.000000 3
10482 -1.000000 3
10485 -1.000000 3
10488 -1.000000 3
10491 -1.000000 3
10494 -1.000000 3
10497 -1.000000 3
10500 -1.000000 3
10503 -1.000000 3
10506 -1.000000 3
10509 -1.000000 3
10512 -1.000000 3
10515 -1.000000 3
10518 -1.000000 3
10521 -1.000000 3
10524 -1.000000 3
10527 -1.000000 3
10530 -1.000000 3
10533 -1.000000 3
10536 -1.000000 3
10539 -1.000000 3
10542 -1.000000 3
10545 -1.000000 3
10548 -1.000000 3
10551 -1.000000 3
10554 -1.000000 3
10557 -1.000000 3
10560 -1.000000 3
10563 -1.000000 3
10566 -1.000000 3
10569 -1.000000 3
10572 -1.000000 3
10575 -1.000000 3
10578 -1.000000 3
10581 -1.000000 3
10584 -1.000000 3
10587 -1.000000 3
10590 -1.000000 3
10593 -1.000000 3
10596 -1.000000 3
10599 -1.000000 3
10602 -1.000000 3
10605 -1.000000 3
10608 -1.000000 3
10611 -1.000000 3
10614 -1.000000 3
10617 -1.000000 3
10620 -1.000000 3
10623 -1.000000 3
10626 -1.000000 3
10629 -1.000000 3
10632 -1.000000 3
10635 -1.000000 3
10638 -1.000000 3
10641 -1.000000 3
10644 -1.000000 3
10647 -1.000000 3
10650 -1.000000 3
10653 -1.000000 3
10656 -1.000000 3
10659 -1.000000 3
10662 -1.000000 3
10665 -1.000000 3
10668 -1.000000 3
10671 -1.000000 3
10674 -1.000000 3
10677 -1.000000 3
10680 -1.000000 3
10683 -1.000000 3
10686 -1.000000 3
10689 -1.000000 3
10692 -1.000000 3
10695 -1.000000 3
10698 -1.000000 3
10701 -1.000000 3
10704 -1.000000 3
10707 -1.000000 3
10710 -1.000000 3
10713 -1.000000 3
10716 -1.000000 3
10719 -1.000000 3
10722 -1.000000 3
10725 -1.000000 3
10728 -1.000000 3
10731 -1.000000 3
10734 -1.000000 3
10737 -1.000000 3
10740 -1.000000 3
10743 -1.000000 3
10746 -1.000000 3
10749 -1.000000 3
10752 -1.000000 3
10755 -1.000000 3
10758 -1.000000 3
10761 -1.000000 3
10764 -1.000000 3
10767 -1.000000 3
10770 -1.000000 3
10773 -1.000000 3
10776 -1.000000 3
10779 -1.000000 3
10782 -1.000000 3
10785 -1.000000 3
10788 -1.000000 3
10791 -1.000000 3
10794 -1.000000 3
10797 -1.000000 3
10800 -1.000000 3
10803 -1.000000 3
10806 -1.000000 3
10809 -1.000000 3
10812 -1.000000 3
10815 -1.000000 3
10818 -1.000000 3
10821 -1.000000 3
10824 -1.000000 3
10827 -1.000000 3
10830 -1.000000 3
10833 -1.000000 3
10836 -1.000000 3
10839 -1.000000 3
10842 -1.000000 3
10845 -1.000000 3
10848 -1.000000 3
10851 -1.000000 3
10854 -1.000000 3
10857 -1.000000 3
10860 -1.000000 3
10863 -1.000000 3
10866 -1.000000 3
10869 -1.000000 3
10872 -1.000000 3
10875 -1.000000 3
10878 -1.000000 3
10881 -1.000000 3
10884 -1.000000 3
10887 -1.000000 3
10890 -1.000000 3
10893 -1.000000 3
10896 -1.000000 3
10899 -1.000000 3
10902 -1.000000 3
10905 -1.000000 3
10908 -1.000000 3
10911 -1.000000 3
10914 -1.000000 3
10917 -1.000000 3
10920 -1.000000 3
10923 -1.000000 3
10926 -1.000000 3
10929 -1.000000 3
10932 -1.000000 3
10935 -1.000000 3
10938 -1.000000 3
10941 -1.000000 3
10944 -1.000000 3
10947 -1.000000 3
10950 -1.000000 3
10953 -1.000000 3
10956 -1.000000 3
10959 -1.000000 3
10962 -1.000000 3
10965 -1.000000 3
10968 -1.000000 3
10971 -1.000000 3
10974 -1.000000 3
10977 -1.000000 3
10980 -1.000000 3
10983 -1.000000 3
10986 -1.000000 3
10989 -1.000000 3
10992 -1.000000 3
10995 -1.000000 3
10998 -1.000000 3
11001 -1.000000 3
11004 -1.000000 3
11008 1.000000 4
11011 -1.000000 3
11014 1.000000 3
11018 1.000000 4
11022 1.000000 4
11026 1.000000 4
11030 1.000000 4
11034 1.000000 4
11037 1.000000 3
11041 1.000000 4
11044 1.000000 3
11047 1.000000 3
11052 1.000000 5
11056 1.000000 4
11060 1.000000 4
11064 1.000000 4
11067 -1.000000 3
11071 1.000000 4
11075 1.000000 4
11079 1.000000 4
11083 1.000000 4
11087 1.000000 4
11091 1.000000 4
11095 1.000000 4
11098 1.000000 3
11101 1.000000 3
11105 1.000000 4
11109 1.000000 4
11112 -1.000000 3
11116 1.000000 4
11119 -1.000000 3
11123 1.000000 4
11127 1.000000 4
11131 1.000000 4
11135 1.000000 4
11139 1.000000 4
11143 1.000000 4
11147 1.000000 4
11151 1.000000 4
11155 1.000000 4
11159 1.000000 4
11164 1.000000 5
11168 1.000000 4
11171 -1.000000 3
11175 1.000000 4
11179 1.000000 4
11183 1.000000 4
11187 1.000000 4
11191 1.000000 4
11196 0.000000 5
11201 1.000000 5
11204 -1.000000 3
11209 0.000000 5
11213 1.000000 4
11216 1.000000 3
11220 1.000000 4
11224 1.000000 4
11228 1.000000 4
11232 1.000000 4
11236 1.000000 4
11239 -1.000000 3
11243 1.000000 4
11247 1.000000 4
11250 1.000000 3
11253 1.000000 3
11256 1.000000 3
11260 1.000000 4
11264 1.000000 4
11268 1.000000 4
11273 0.000000 5
11277 1.000000 4
11282 1.000000 5
11286 1.000000 4
11290 1.000000 4
11294 1.000000 4
11298 1.000000 4
11303 0.000000 5
11307 1.000000 4
11311 1.000000 4
11315 1.000000 4
11319 1.000000 4
11323 1.000000 4
11326 1.000000 3
11330 1.000000 4
11334 1.000000 4
11338 1.000000 4
11342 1.000000 4
11346 1.000000 4
11350 1.000000 4
11355 1.000000 5
11359 1.000000 4
11363 1.000000 4
11366 1.000000 3
11369 1.000000 3
11373 1.000000 4
11376 1.000000 3
11380 1.000000 4
11383 1.000000 3
11387 1.000000 4
11391 1.000000 4
11395 1.000000 4
11400 0.000000 5
11404 1.000000 4
11409 1.000000 5
11413 1.000000 4
11417 1.000000 4
11420 1.000000 3
11424 1.000000 4
11428 1.000000 4
11431 -1.000000 3
11435 1.000000 4
11439 1.000000 4
11443 1.000000 4
11447 1.000000 4
11451 1.000000 4
11455 1.000000 4
11459 1.000000 4
11464 0.000000 5
11467 -1.000000 3
11471 1.000000 4
11475 -1.000000 4
11480 0.000000 5
11484 1.000000 4
11488 1.000000 4
11491 -1.000000 3
11495 -1.000000 4
11499 1.000000 4
11503 1.000000 4
11507 1.000000 4
11511 1.000000 4
11515 1.000000 4
11519 1.000000 4
11523 1.000000 4
11527 1.000000 4
11531 1.000000 4
11535 1.000000 4
11539 1.000000 4
11543 1.000000 4
11547 1.000000 4
11551 1.000000 4
11554 -1.000000 3
11558 1.000000 4
11562 1.000000 4
11566 1.000000 4
11570 1.000000 4
11574 1.000000 4
11578 1.000000 4
11583 0.000000 5
11587 1.000000 4
11591 1.000000 4
11595 1.000000 4
11600 1.000000 5
11604 1.000000 4
11609 0.000000 5
11613 1.000000 4
11616 -1.000000 3
11620 1.000000 4
11624 1.000000 4
11629 0.000000 5
11633 1.000000 4
11637 1.000000 4
11641 1.000000 4
11645 1.000000 4
11649 1.000000 4
11652 -1.000000 3
11656 1.000000 4
11660 1.000000 4
11664 1.000000 4
11668 1.000000 4
11671 1.000000 3
11675 1.000000 4
11679 1.000000 4
11683 1.000000 4
11687 1.000000 4
11691 1.000000 4
11694 1.000000 3
11698 1.000000 4
11702 1.000000 4
11706 -1.000000 4
11710 1.000000 4
11714 1.000000 4
11719 0.000000 5
11723 1.000000 4
11727 1.000000 4
11732 0.000000 5
11735 1.000000 3
11739 1.000000 4
11744 0.000000 5
11749 0.000000 5
11753 1.000000 4
11758 0.000000 5
11762 1.000000 4
11766 1.000000 4
11770 1.000000 4
11774 1.000000 4
11779 0.000000 5
11782 1.000000 3
11785 1.000000 3
11789 1.000000 4
11793 1.000000 4
11797 1.000000 4
11800 1.000000 3
11804 1.000000 4
11808 1.000000 4
11812 1.000000 4
11816 1.000000 4
11820 -1.000000 4
11824 -1.000000 4
11828 1.000000 4
11832 1.000000 4
11836 1.000000 4
11841 0.000000 5
11844 1.000000 3
11848 1.000000 4
11852 1.000000 4
11856 1.000000 4
11860 1.000000 4
11863 1.000000 3
11867 1.000000 4
11871 1.000000 4
11875 1.000000 4
11879 1.000000 4
11883 1.000000 4
11886 1.000000 3
11890 1.000000 4
11894 1.000000 4
11898 1.000000 4
11901 1.000000 3
11905 1.000000 4
11909 1.000000 4
11914 0.000000 5
11918 1.000000 4
11922 1.000000 4
11926 1.000000 4
11930 1.000000 4
11933 1.000000 3
11937 1.000000 4
11940 1.000000 3
11943 1.000000 3
11947 1.000000 4
11950 1.000000 3
11954 1.000000 4
11958 1.000000 4
11962 1.000000 4
11965 1.000000 3
11969 1.000000 4
11973 1.000000 4
11977 1.000000 4
11981 1.000000 4
11984 1.000000 3
11987 -1.000000 3
11991 1.000000 4
11996 0.000000 5
12000 1.000000 4
12004 1.000000 4
12008 -1.000000 4
12012 1.000000 4
12016 1.000000 4
12020 1.000000 4
12023 1.000000 3
12026 -1.000000 3
12030 1.000000 4
12034 1.000000 4
12038 1.000000 4
12041 1.000000 3
12045 1.000000 4
12049 1.000000 4
12053 1.000000 4
12057 1.000000 4
12061 1.000000 4
12066 0.000000 5
12070 1.000000 4
12074 1.000000 4
12078 1.000000 4
12082 1.000000 4
12086 1.000000 4
12090 1.000000 4
12094 1.000000 4
12098 1.000000 4
12101 1.000000 3
12105 1.000000 4
12109 1.000000 4
12113 1.000000 4
12117 1.000000 4
12121 1.000000 4
12125 1.000000 4
12128 1.000000 3
12131 -1.000000 3
12136 1.000000 5
12140 1.000000 4
12144 1.000000 4
12148 1.000000 4
12152 1.000000 4
12155 1.000000 3
12158 1.000000 3
12162 1.000000 4
12166 1.000000 4
12171 0.000000 5
12175 1.000000 4
12178 1.000000 3
12182 1.000000 4
12185 -1.000000 3
12189 1.000000 4
12193 1.000000 4
12196 1.000000 3
12200 1.000000 4
12203 1.000000 3
12208 0.000000 5
12213 0.000000 5
12217 1.000000 4
12221 1.000000 4
12224 -1.000000 3
12228 1.000000 4
12232 1.000000 4
12236 1.000000 4
12240 1.000000 4
12244 1.000000 4
12247 1.000000 3
12251 1.000000 4
12254 1.000000 3
12258 1.000000 4
12262 -1.000000 4
12265 -1.000000 3
12268 1.000000 3
12272 1.000000 4
12276 1.000000 4
12280 1.000000 4
12285 0.000000 5
12288 1.000000 3
12291 1.000000 3
12295 1.000000 4
12299 1.000000 4
12303 1.000000 4
12308 1.000000 5
12312 1.000000 4
12316 1.000000 4
12320 1.000000 4
12324 1.000000 4
12327 1.000000 3
12330 1.000000 3
12334 1.000000 4
12339 0.000000 5
12343 1.000000 4
12347 1.000000 4
12351 1.000000 4
12355 1.000000 4
12359 1.000000 4
12362 1.000000 3
12366 1.000000 4
12370 1.000000 4
12374 1.000000 4
12377 1.000000 3
12381 1.000000 4
12384 1.000000 3
12388 1.000000 4
12392 1.000000 4
12396 1.000000 4
12400 1.000000 4
12403 -1.000000 3
12407 1.000000 4
12411 1.000000 4
12415 1.000000 4
12418 1.000000 3
12422 1.000000 4
12426 1.000000 4
12431 1.000000 5
12435 1.000000 4
12438 1.000000 3
12441 -1.000000 3
12445 1.000000 4
12448 -1.000000 3
12452 1.000000 4
12455 -1.000000 3
12460 0.000000 5
12464 1.000000 4
12468 1.000000 4
12471 1.000000 3
12475 1.000000 4
12479 1.000000 4
12483 1.000000 4
12487 1.000000 4
12491 1.000000 4
12495 1.000000 4
12499 1.000000 4
12502 1.000000 3
12506 1.000000 4
12510 1.000000 4
12514 1.000000 4
12518 1.000000 4
12522 1.000000 4
12526 1.000000 4
12529 1.000000 3
12533 1.000000 4
12537 1.000000 4
12542 0.000000 5
12546 1.000000 4
12549 1.000000 3
12553 1.000000 4
12556 1.000000 3
12560 1.000000 4
12565 1.000000 5
12569 1.000000 4
12573 1.000000 4
12577 1.000000 4
12581 1.000000 4
12585 1.000000 4
12589 1.000000 4
12593 1.000000 4
12597 1.000000 4
12601 1.000000 4
12605 1.000000 4
12609 1.000000 4
12612 1.000000 3
12616 1.000000 4
12620 1.000000 4
12624 1.000000 4
12628 1.000000 4
12631 1.000000 3
12635 1.000000 4
12639 1.000000 4
12643 -1.000000 4
12646 1.000000 3
12649 1.000000 3
12652 1.000000 3
12656 1.000000 4
12660 1.000000 4
12664 1.000000 4
12667 1.000000 3
12670 1.000000 3
12673 1.000000 3
12676 1.000000 3
12680 -1.000000 4
12684 1.000000 4
12687 -1.000000 3
12690 -1.000000 3
12693 1.000000 3
12696 1.000000 3
12700 1.000000 4
12703 1.000000 3
12707 1.000000 4
12710 -1.000000 3
12714 1.000000 4
12718 1.000000 4
12721 1.000000 3
12725 1.000000 4
12730 1.000000 5
12733 -1.000000 3
12737 1.000000 4
12742 0.000000 5
12746 1.000000 4
12750 1.000000 4
12754 1.000000 4
12758 1.000000 4
12762 1.000000 4
12767 0.000000 5
12771 1.000000 4
12775 1.000000 4
12779 1.000000 4
12783 1.000000 4
12786 -1.000000 3
12790 1.000000 4
12795 0.000000 5
12799 1.000000 4
12802 1.000000 3
12806 1.000000 4
12810 1.000000 4
12815 0.000000 5
12819 1.000000 4
12823 1.000000 4
12827 1.000000 4
12830 1.000000 3
12834 1.000000 4
12838 1.000000 4
12841 -1.000000 3
12844 1.000000 3
12847 -1.000000 3
12851 1.000000 4
12854 -1.000000 3
12857 1.000000 3
12860 1.000000 3
12864 1.000000 4
12868 1.000000 4
12871 -1.000000 3
12875 1.000000 4
12879 1.000000 4
12883 1.000000 4
12887 1.000000 4
12891 1.000000 4
12895 1.000000 4
12899 1.000000 4
12903 1.000000 4
12907 1.000000 4
12910 1.000000 3
12914 1.000000 4
12919 1.000000 5
12923 1.000000 4
12927 1.000000 4
12931 1.000000 4
12935 1.000000 4
12939 1.000000 4
12942 1.000000 3
12946 1.000000 4
12950 1.000000 4
12954 1.000000 4
12958 1.000000 4
12962 1.000000 4
12966 1.000000 4
12970 1.000000 4
12974 1.000000 4
12978 1.000000 4
12982 1.000000 4
12986 1.000000 4
12990 1.000000 4
12993 1.000000 3
12996 1.000000 3
13000 1.000000 4
13004 1.000000 4
