4 1.000000 4
9 0.000000 5
14 1.000000 5
18 1.000000 4
22 1.000000 4
26 -1.000000 4
30 1.000000 4
34 -1.000000 4
39 0.000000 5
44 1.000000 5
49 0.000000 5
53 -1.000000 4
57 -1.000000 4
62 1.000000 5
65 1.000000 3
68 -1.000000 3
72 -1.000000 4
76 -1.000000 4
80 -1.000000 4
85 0.000000 5
90 0.000000 5
94 1.000000 4
98 -1.000000 4
103 1.000000 5
107 1.000000 4
112 0.000000 5
117 1.000000 5
121 1.000000 4
124 -1.000000 3
127 1.000000 3
131 -1.000000 4
134 1.000000 3
139 1.000000 5
143 1.000000 4
147 1.000000 4
150 -1.000000 3
154 -1.000000 4
158 1.000000 4
162 1.000000 4
166 -1.000000 4
171 1.000000 5
175 1.000000 4
180 1.000000 5
184 1.000000 4
188 -1.000000 4
192 1.000000 4
197 1.000000 5
200 1.000000 3
205 1.000000 5
208 -1.000000 3
212 1.000000 4
215 -1.000000 3
218 1.000000 3
223 1.000000 5
228 0.000000 5
232 1.000000 4
236 1.000000 4
239 1.000000 3
242 1.000000 3
246 1.000000 4
250 -1.000000 4
254 -1.000000 4
257 1.000000 3
262 1.000000 5
267 0.000000 5
272 1.000000 5
276 1.000000 4
281 1.000000 5
286 1.000000 5
290 -1.000000 4
294 1.000000 4
299 1.000000 5
304 1.000000 5
309 1.000000 5
312 1.000000 3
316 1.000000 4
321 1.000000 5
326 0.000000 5
329 1.000000 3
334 1.000000 5
338 1.000000 4
341 -1.000000 3
346 1.000000 5
351 0.000000 5
354 -1.000000 3
359 1.000000 5
363 -1.000000 4
367 1.000000 4
370 1.000000 3
373 -1.000000 3
378 1.000000 5
381 -1.000000 3
386 1.000000 5
391 1.000000 5
396 1.000000 5
399 -1.000000 3
404 1.000000 5
407 1.000000 3
411 1.000000 4
414 -1.000000 3
419 1.000000 5
423 1.000000 4
428 1.000000 5
432 1.000000 4
436 -1.000000 4
441 1.000000 5
444 -1.000000 3
448 1.000000 4
453 1.000000 5
457 -1.000000 4
461 1.000000 4
465 1.000000 4
469 -1.000000 4
473 1.000000 4
477 1.000000 4
482 0.000000 5
486 -1.000000 4
491 1.000000 5
495 -1.000000 4
499 1.000000 4
503 -1.000000 4
507 -1.000000 4
512 1.000000 5
516 1.000000 4
521 1.000000 5
525 -1.000000 4
529 1.000000 4
534 1.000000 5
538 1.000000 4
542 1.000000 4
547 1.000000 5
551 1.000000 4
556 1.000000 5
560 -1.000000 4
564 1.000000 4
569 1.000000 5
573 -1.000000 4
577 1.000000 4
581 -1.000000 4
586 1.000000 5
590 1.000000 4
593 -1.000000 3
598 0.000000 5
602 1.000000 4
607 1.000000 5
611 -1.000000 4
615 -1.000000 4
620 1.000000 5
623 1.000000 3
627 -1.000000 4
631 1.000000 4
635 1.000000 4
639 -1.000000 4
643 -1.000000 4
648 1.000000 5
651 1.000000 3
655 1.000000 4
660 1.000000 5
664 -1.000000 4
669 0.000000 5
673 1.000000 4
678 1.000000 5
682 1.000000 4
687 0.000000 5
690 1.000000 3
694 1.000000 4
698 1.000000 4
702 1.000000 4
707 1.000000 5
711 -1.000000 4
715 -1.000000 4
720 0.000000 5
725 1.000000 5
728 -1.000000 3
732 -1.000000 4
736 -1.000000 4
740 1.000000 4
745 1.000000 5
749 1.000000 4
753 -1.000000 4
757 1.000000 4
762 1.000000 5
767 0.000000 5
772 1.000000 5
776 1.000000 4
780 -1.000000 4
785 1.000000 5
790 1.000000 5
795 1.000000 5
798 1.000000 3
802 1.000000 4
806 -1.000000 4
809 1.000000 3
813 1.000000 4
816 -1.000000 3
820 1.000000 4
824 1.000000 4
829 1.000000 5
833 -1.000000 4
836 1.000000 3
840 1.000000 4
845 1.000000 5
850 0.000000 5
854 1.000000 4
859 0.000000 5
863 1.000000 4
867 -1.000000 4
872 0.000000 5
875 1.000000 3
879 -1.000000 4
884 0.000000 5
887 1.000000 3
891 -1.000000 4
896 1.000000 5
901 0.000000 5
904 1.000000 3
909 1.000000 5
913 -1.000000 4
917 -1.000000 4
921 -1.000000 4
925 1.000000 4
929 1.000000 4
934 1.000000 5
938 1.000000 4
942 1.000000 4
946 -1.000000 4
951 0.000000 5
955 1.000000 4
959 -1.000000 4
964 0.000000 5
969 1.000000 5
974 0.000000 5
979 0.000000 5
982 -1.000000 3
986 1.000000 4
991 0.000000 5
995 1.000000 4
999 1.000000 4
1003 -1.000000 4
1008 1.000000 5
1011 1.000000 3
1015 1.000000 4
1019 1.000000 4
1023 -1.000000 4
1027 1.000000 4
1030 -1.000000 3
1035 1.000000 5
1039 1.000000 4
1042 1.000000 3
1045 1.000000 3
1050 0.000000 5
1054 1.000000 4
1058 1.000000 4
1062 1.000000 4
1066 1.000000 4
1070 1.000000 4
1074 1.000000 4
1078 1.000000 4
1081 -1.000000 3
1084 1.000000 3
1087 1.000000 3
1091 1.000000 4
1096 1.000000 5
1101 0.000000 5
1105 -1.000000 4
1108 -1.000000 3
1113 1.000000 5
1117 1.000000 4
1121 1.000000 4
1126 1.000000 5
1130 1.000000 4
1135 0.000000 5
1139 1.000000 4
1142 -1.000000 3
1147 1.000000 5
1151 -1.000000 4
1155 -1.000000 4
1160 1.000000 5
1163 -1.000000 3
1166 1.000000 3
1169 -1.000000 3
1174 1.000000 5
1178 -1.000000 4
1183 1.000000 5
1188 0.000000 5
1192 -1.000000 4
1196 1.000000 4
1200 1.000000 4
1205 0.000000 5
1210 0.000000 5
1215 1.000000 5
1219 1.000000 4
1222 1.000000 3
1226 1.000000 4
1230 -1.000000 4
1234 -1.000000 4
1239 0.000000 5
1244 1.000000 5
1249 1.000000 5
1253 1.000000 4
1257 -1.000000 4
1262 0.000000 5
1265 1.000000 3
1270 1.000000 5
1274 -1.000000 4
1279 1.000000 5
1283 1.000000 4
1288 1.000000 5
1291 1.000000 3
1295 1.000000 4
1299 1.000000 4
1303 1.000000 4
1308 1.000000 5
1312 1.000000 4
1317 0.000000 5
1320 -1.000000 3
1323 -1.000000 3
1327 -1.000000 4
1332 1.000000 5
1336 1.000000 4
1341 1.000000 5
1345 1.000000 4
1348 1.000000 3
1352 1.000000 4
1356 1.000000 4
1360 -1.000000 4
1364 1.000000 4
1368 -1.000000 4
1372 1.000000 4
1377 1.000000 5
1381 1.000000 4
1385 1.000000 4
1390 1.000000 5
1394 1.000000 4
1397 1.000000 3
1401 1.000000 4
1406 0.000000 5
1411 1.000000 5
1415 1.000000 4
1418 1.000000 3
1423 1.000000 5
1426 1.000000 3
1430 -1.000000 4
1435 0.000000 5
1439 -1.000000 4
1444 1.000000 5
1449 0.000000 5
1453 1.000000 4
1457 1.000000 4
1461 -1.000000 4
1464 -1.000000 3
1469 1.000000 5
1474 1.000000 5
1478 1.000000 4
1482 1.000000 4
1486 -1.000000 4
1490 1.000000 4
1495 0.000000 5
1500 0.000000 5
1505 0.000000 5
1510 1.000000 5
1514 -1.000000 4
1519 1.000000 5
1523 -1.000000 4
1528 1.000000 5
1531 -1.000000 3
1536 1.000000 5
1541 0.000000 5
1546 1.000000 5
1550 1.000000 4
1555 1.000000 5
1559 1.000000 4
1563 1.000000 4
1566 1.000000 3
1570 1.000000 4
1573 1.000000 3
1576 -1.000000 3
1581 1.000000 5
1585 1.000000 4
1589 1.000000 4
1592 1.000000 3
1596 -1.000000 4
1600 1.000000 4
1605 1.000000 5
1609 -1.000000 4
1612 -1.000000 3
1615 1.000000 3
1618 -1.000000 3
1621 1.000000 3
1625 -1.000000 4
1630 0.000000 5
1634 1.000000 4
1638 -1.000000 4
1643 1.000000 5
1648 1.000000 5
1651 -1.000000 3
1655 -1.000000 4
1660 1.000000 5
1664 1.000000 4
1669 0.000000 5
1673 1.000000 4
1677 1.000000 4
1682 1.000000 5
1686 1.000000 4
1691 1.000000 5
1695 1.000000 4
1699 1.000000 4
1703 -1.000000 4
1707 -1.000000 4
1711 -1.000000 4
1716 1.000000 5
1721 0.000000 5
1726 0.000000 5
1729 -1.000000 3
1733 1.000000 4
1738 0.000000 5
1743 0.000000 5
1748 1.000000 5
1752 1.000000 4
1756 -1.000000 4
1759 1.000000 3
1764 0.000000 5
1768 1.000000 4
1773 1.000000 5
1777 1.000000 4
1782 0.000000 5
1786 -1.000000 4
1789 -1.000000 3
1793 1.000000 4
1797 1.000000 4
1801 -1.000000 4
1805 1.000000 4
1808 -1.000000 3
1813 1.000000 5
1817 -1.000000 4
1820 -1.000000 3
1824 -1.000000 4
1829 1.000000 5
1834 0.000000 5
1838 -1.000000 4
1843 0.000000 5
1847 1.000000 4
1850 1.000000 3
1853 -1.000000 3
1857 1.000000 4
1861 -1.000000 4
1866 0.000000 5
1870 -1.000000 4
1874 1.000000 4
1878 -1.000000 4
1882 1.000000 4
1886 1.000000 4
1889 -1.000000 3
1894 0.000000 5
1898 1.000000 4
1903 1.000000 5
1908 1.000000 5
1913 1.000000 5
1916 1.000000 3
1920 1.000000 4
1925 0.000000 5
1928 1.000000 3
1932 -1.000000 4
1937 1.000000 5
1942 0.000000 5
1946 -1.000000 4
1951 0.000000 5
1956 1.000000 5
1960 -1.000000 4
1964 1.000000 4
1967 1.000000 3
1971 1.000000 4
1976 1.000000 5
1981 1.000000 5
1984 1.000000 3
1988 1.000000 4
1992 1.000000 4
1996 -1.000000 4
2001 0.000000 5
2004 -1.000000 3
2008 -1.000000 4
2012 1.000000 4
2016 -1.000000 4
2020 -1.000000 4
2025 1.000000 5
2030 1.000000 5
2034 -1.000000 4
2038 -1.000000 4
2043 1.000000 5
2048 1.000000 5
2051 -1.000000 3
2055 -1.000000 4
2060 1.000000 5
2064 -1.000000 4
2068 1.000000 4
2073 1.000000 5
2078 1.000000 5
2082 1.000000 4
2086 1.000000 4
2090 -1.000000 4
2094 1.000000 4
2097 1.000000 3
2102 1.000000 5
2106 1.000000 4
2111 1.000000 5
2115 1.000000 4
2119 -1.000000 4
2123 -1.000000 4
2128 0.000000 5
2132 -1.000000 4
2135 -1.000000 3
2139 1.000000 4
2144 1.000000 5
2148 1.000000 4
2153 1.000000 5
2156 1.000000 3
2161 0.000000 5
2165 -1.000000 4
2168 -1.000000 3
2171 1.000000 3
2175 1.000000 4
2179 -1.000000 4
2184 1.000000 5
2187 1.000000 3
2191 1.000000 4
2195 1.000000 4
2200 0.000000 5
2205 1.000000 5
2208 -1.000000 3
2211 1.000000 3
2216 0.000000 5
2219 1.000000 3
2222 1.000000 3
2226 1.000000 4
2230 -1.000000 4
2234 -1.000000 4
2239 1.000000 5
2242 1.000000 3
2246 -1.000000 4
2249 1.000000 3
2254 0.000000 5
2258 -1.000000 4
2262 1.000000 4
2266 1.000000 4
2271 0.000000 5
2276 0.000000 5
2280 -1.000000 4
2284 -1.000000 4
2288 -1.000000 4
2292 1.000000 4
2297 1.000000 5
2302 1.000000 5
2306 1.000000 4
2310 1.000000 4
2315 1.000000 5
2319 -1.000000 4
2322 1.000000 3
2326 1.000000 4
2331 0.000000 5
2336 1.000000 5
2339 1.000000 3
2344 1.000000 5
2348 1.000000 4
2353 1.000000 5
2358 1.000000 5
2361 1.000000 3
2365 1.000000 4
2368 1.000000 3
2372 1.000000 4
2376 -1.000000 4
2380 1.000000 4
2383 1.000000 3
2388 1.000000 5
2391 -1.000000 3
2395 1.000000 4
2399 -1.000000 4
2403 1.000000 4
2407 -1.000000 4
2410 1.000000 3
2415 1.000000 5
2418 -1.000000 3
2422 -1.000000 4
2425 1.000000 3
2429 -1.000000 4
2434 1.000000 5
2438 -1.000000 4
2443 1.000000 5
2448 1.000000 5
2452 1.000000 4
2457 1.000000 5
2460 1.000000 3
2465 1.000000 5
2469 -1.000000 4
2473 -1.000000 4
2477 1.000000 4
2480 1.000000 3
2484 1.000000 4
2488 1.000000 4
2491 -1.000000 3
2495 1.000000 4
2499 -1.000000 4
2503 -1.000000 4
2507 1.000000 4
2511 -1.000000 4
2516 0.000000 5
2521 0.000000 5
2524 -1.000000 3
2528 -1.000000 4
2531 1.000000 3
2534 -1.000000 3
2537 1.000000 3
2542 0.000000 5
2547 0.000000 5
2551 -1.000000 4
2554 1.000000 3
2559 0.000000 5
2563 -1.000000 4
2568 0.000000 5
2573 0.000000 5
2578 1.000000 5
2582 1.000000 4
2585 1.000000 3
2589 -1.000000 4
2593 1.000000 4
2597 -1.000000 4
2601 -1.000000 4
2606 0.000000 5
2611 1.000000 5
2615 1.000000 4
2619 -1.000000 4
2624 1.000000 5
2629 1.000000 5
2632 -1.000000 3
2635 1.000000 3
2639 -1.000000 4
2643 1.000000 4
2647 1.000000 4
2652 0.000000 5
2657 1.000000 5
2661 1.000000 4
2666 1.000000 5
2670 -1.000000 4
2673 1.000000 3
2677 1.000000 4
2680 1.000000 3
2684 -1.000000 4
2689 0.000000 5
2693 -1.000000 4
2697 -1.000000 4
2701 1.000000 4
2706 1.000000 5
2711 1.000000 5
2716 0.000000 5
2720 1.000000 4
2724 1.000000 4
2729 0.000000 5
2733 1.000000 4
2738 1.000000 5
2742 -1.000000 4
2745 -1.000000 3
2749 1.000000 4
2752 1.000000 3
2756 1.000000 4
2761 1.000000 5
2765 -1.000000 4
2768 -1.000000 3
2772 -1.000000 4
2776 1.000000 4
2780 1.000000 4
2785 1.000000 5
2789 -1.000000 4
2793 1.000000 4
2798 1.000000 5
2802 -1.000000 4
2805 -1.000000 3
2809 1.000000 4
2813 1.000000 4
2818 1.000000 5
2822 1.000000 4
2827 0.000000 5
2830 -1.000000 3
2833 -1.000000 3
2837 -1.000000 4
2842 0.000000 5
2845 1.000000 3
2849 1.000000 4
2853 -1.000000 4
2857 -1.000000 4
2862 1.000000 5
2867 1.000000 5
2870 -1.000000 3
2875 1.000000 5
2878 -1.000000 3
2882 1.000000 4
2887 1.000000 5
2891 1.000000 4
2896 1.000000 5
2899 1.000000 3
2903 -1.000000 4
2907 1.000000 4
2911 -1.000000 4
2915 -1.000000 4
2919 -1.000000 4
2923 1.000000 4
2927 -1.000000 4
2930 1.000000 3
2934 -1.000000 4
2939 1.000000 5
2944 1.000000 5
2949 0.000000 5
2954 1.000000 5
2959 0.000000 5
2964 0.000000 5
2968 1.000000 4
2973 0.000000 5
2978 0.000000 5
2982 1.000000 4
2986 1.000000 4
2989 1.000000 3
2992 1.000000 3
2995 1.000000 3
3000 1.000000 5
3005 1.000000 5
3009 1.000000 4
3013 1.000000 4
3017 1.000000 4
3022 1.000000 5
3026 1.000000 4
3030 1.000000 4
3033 -1.000000 3
3037 1.000000 4
3042 1.000000 5
3047 1.000000 5
3052 0.000000 5
3055 1.000000 3
3058 1.000000 3
3063 1.000000 5
3067 1.000000 4
3072 0.000000 5
3076 1.000000 4
3080 1.000000 4
3084 1.000000 4
3088 1.000000 4
3093 1.000000 5
3096 -1.000000 3
3100 1.000000 4
3104 1.000000 4
3108 -1.000000 4
3112 1.000000 4
3116 -1.000000 4
3120 -1.000000 4
3125 0.000000 5
3128 -1.000000 3
3132 1.000000 4
3136 1.000000 4
3140 1.000000 4
3144 1.000000 4
3149 0.000000 5
3152 1.000000 3
3157 0.000000 5
3161 -1.000000 4
3166 0.000000 5
3170 1.000000 4
3174 1.000000 4
3179 0.000000 5
3183 1.000000 4
3187 -1.000000 4
3192 0.000000 5
3197 1.000000 5
3201 1.000000 4
3204 1.000000 3
3209 1.000000 5
3214 1.000000 5
3218 1.000000 4
3222 1.000000 4
3226 1.000000 4
3231 1.000000 5
3235 1.000000 4
3240 0.000000 5
3243 1.000000 3
3247 1.000000 4
3250 -1.000000 3
3254 -1.000000 4
3258 -1.000000 4
3263 0.000000 5
3267 1.000000 4
3272 0.000000 5
3275 1.000000 3
3279 1.000000 4
3283 1.000000 4
3286 -1.000000 3
3291 0.000000 5
3296 1.000000 5
3300 -1.000000 4
3305 0.000000 5
3310 1.000000 5
3313 1.000000 3
3317 -1.000000 4
3320 1.000000 3
3324 1.000000 4
3329 1.000000 5
3333 -1.000000 4
3338 0.000000 5
3342 -1.000000 4
3346 1.000000 4
3350 -1.000000 4
3355 0.000000 5
3359 1.000000 4
3364 1.000000 5
3368 1.000000 4
3372 1.000000 4
3375 1.000000 3
3380 1.000000 5
3384 1.000000 4
3389 0.000000 5
3392 -1.000000 3
3396 1.000000 4
3399 1.000000 3
3404 1.000000 5
3407 -1.000000 3
3411 -1.000000 4
3415 -1.000000 4
3420 1.000000 5
3424 1.000000 4
3427 -1.000000 3
3431 -1.000000 4
3434 1.000000 3
3438 -1.000000 4
3441 1.000000 3
3445 1.000000 4
3449 -1.000000 4
3452 -1.000000 3
3456 1.000000 4
3459 -1.000000 3
3463 -1.000000 4
3467 1.000000 4
3472 0.000000 5
3477 1.000000 5
3482 1.000000 5
3487 1.000000 5
3491 -1.000000 4
3495 1.000000 4
3499 1.000000 4
3504 0.000000 5
3509 0.000000 5
3513 -1.000000 4
3516 1.000000 3
3519 1.000000 3
3524 1.000000 5
3528 1.000000 4
3532 -1.000000 4
3536 -1.000000 4
3541 0.000000 5
3545 1.000000 4
3548 1.000000 3
3553 1.000000 5
3557 -1.000000 4
3561 -1.000000 4
3565 -1.000000 4
3569 1.000000 4
3573 1.000000 4
3577 1.000000 4
3582 0.000000 5
3585 1.000000 3
3589 1.000000 4
3592 1.000000 3
3596 1.000000 4
3599 -1.000000 3
3603 -1.000000 4
3607 -1.000000 4
3612 1.000000 5
3616 1.000000 4
3620 -1.000000 4
3623 -1.000000 3
3628 1.000000 5
3632 1.000000 4
3637 0.000000 5
3642 1.000000 5
3645 -1.000000 3
3648 -1.000000 3
3653 0.000000 5
3658 1.000000 5
