5 1.000000 5
8 -1.000000 3
13 1.000000 5
18 1.000000 5
22 -1.000000 4
26 1.000000 4
29 1.000000 3
33 1.000000 4
38 1.000000 5
43 1.000000 5
48 1.000000 5
53 1.000000 5
57 -1.000000 4
61 1.000000 4
65 -1.000000 4
68 -1.000000 3
73 0.000000 5
78 1.000000 5
83 1.000000 5
88 0.000000 5
92 -1.000000 4
97 1.000000 5
102 1.000000 5
105 -1.000000 3
110 0.000000 5
114 -1.000000 4
118 -1.000000 4
123 0.000000 5
126 1.000000 3
130 1.000000 4
134 -1.000000 4
139 0.000000 5
143 -1.000000 4
148 0.000000 5
152 -1.000000 4
156 -1.000000 4
161 0.000000 5
166 1.000000 5
171 1.000000 5
175 1.000000 4
178 1.000000 3
183 1.000000 5
187 1.000000 4
191 -1.000000 4
195 1.000000 4
199 1.000000 4
204 0.000000 5
209 0.000000 5
214 1.000000 5
219 1.000000 5
223 1.000000 4
226 -1.000000 3
229 -1.000000 3
233 1.000000 4
237 -1.000000 4
241 1.000000 4
246 1.000000 5
250 -1.000000 4
254 -1.000000 4
259 1.000000 5
263 1.000000 4
268 1.000000 5
272 -1.000000 4
276 1.000000 4
279 -1.000000 3
283 1.000000 4
287 -1.000000 4
291 1.000000 4
296 0.000000 5
301 0.000000 5
306 0.000000 5
310 -1.000000 4
314 -1.000000 4
318 1.000000 4
322 1.000000 4
326 -1.000000 4
330 -1.000000 4
335 0.000000 5
340 1.000000 5
344 -1.000000 4
347 1.000000 3
352 1.000000 5
357 1.000000 5
360 -1.000000 3
363 1.000000 3
368 0.000000 5
372 -1.000000 4
376 -1.000000 4
381 1.000000 5
384 -1.000000 3
388 1.000000 4
392 -1.000000 4
397 1.000000 5
402 1.000000 5
407 1.000000 5
412 1.000000 5
416 -1.000000 4
421 0.000000 5
425 -1.000000 4
430 1.000000 5
433 1.000000 3
437 1.000000 4
441 1.000000 4
445 1.000000 4
449 1.000000 4
453 1.000000 4
457 1.000000 4
461 -1.000000 4
465 -1.000000 4
469 1.000000 4
473 1.000000 4
476 1.000000 3
480 1.000000 4
484 1.000000 4
489 1.000000 5
493 1.000000 4
497 1.000000 4
500 -1.000000 3
503 1.000000 3
506 1.000000 3
511 0.000000 5
516 0.000000 5
520 1.000000 4
523 1.000000 3
527 -1.000000 4
532 1.000000 5
536 1.000000 4
540 -1.000000 4
543 1.000000 3
548 1.000000 5
552 1.000000 4
556 -1.000000 4
561 0.000000 5
566 0.000000 5
570 -1.000000 4
575 1.000000 5
580 1.000000 5
583 -1.000000 3
588 1.000000 5
592 1.000000 4
596 1.000000 4
601 1.000000 5
605 1.000000 4
609 1.000000 4
614 1.000000 5
617 -1.000000 3
620 -1.000000 3
625 0.000000 5
630 1.000000 5
635 1.000000 5
639 -1.000000 4
644 1.000000 5
649 1.000000 5
653 -1.000000 4
656 1.000000 3
659 -1.000000 3
662 -1.000000 3
666 -1.000000 4
670 -1.000000 4
674 1.000000 4
677 1.000000 3
680 -1.000000 3
683 1.000000 3
687 1.000000 4
691 1.000000 4
694 -1.000000 3
698 -1.000000 4
701 -1.000000 3
706 1.000000 5
711 1.000000 5
715 -1.000000 4
719 1.000000 4
722 -1.000000 3
725 -1.000000 3
729 -1.000000 4
733 1.000000 4
737 -1.000000 4
740 -1.000000 3
745 1.000000 5
749 -1.000000 4
753 -1.000000 4
758 0.000000 5
763 1.000000 5
768 0.000000 5
772 1.000000 4
776 -1.000000 4
779 1.000000 3
784 1.000000 5
789 0.000000 5
793 -1.000000 4
798 0.000000 5
803 1.000000 5
807 -1.000000 4
812 1.000000 5
816 1.000000 4
821 1.000000 5
825 -1.000000 4
830 1.000000 5
833 -1.000000 3
837 -1.000000 4
840 1.000000 3
844 -1.000000 4
848 -1.000000 4
851 -1.000000 3
856 1.000000 5
859 1.000000 3
864 1.000000 5
869 1.000000 5
873 1.000000 4
878 0.000000 5
881 1.000000 3
886 1.000000 5
891 1.000000 5
895 1.000000 4
899 1.000000 4
903 1.000000 4
907 1.000000 4
912 1.000000 5
916 1.000000 4
919 -1.000000 3
922 1.000000 3
926 1.000000 4
931 0.000000 5
936 1.000000 5
941 0.000000 5
945 1.000000 4
950 1.000000 5
954 1.000000 4
958 1.000000 4
962 1.000000 4
967 1.000000 5
972 1.000000 5
976 -1.000000 4
981 0.000000 5
985 1.000000 4
988 1.000000 3
993 1.000000 5
998 0.000000 5
1003 0.000000 5
1008 0.000000 5
1013 1.000000 5
1017 1.000000 4
1022 1.000000 5
1027 0.000000 5
1032 1.000000 5
1037 0.000000 5
1041 1.000000 4
1044 1.000000 3
1048 1.000000 4
1052 -1.000000 4
1057 1.000000 5
1061 1.000000 4
1064 1.000000 3
1069 0.000000 5
1072 -1.000000 3
1077 0.000000 5
1081 1.000000 4
1085 -1.000000 4
1089 -1.000000 4
1093 -1.000000 4
1097 1.000000 4
1102 0.000000 5
1106 1.000000 4
1110 -1.000000 4
1115 0.000000 5
1119 1.000000 4
1123 1.000000 4
1127 1.000000 4
1131 1.000000 4
1136 0.000000 5
1141 0.000000 5
1146 0.000000 5
1149 1.000000 3
1154 0.000000 5
1157 1.000000 3
1162 1.000000 5
1166 1.000000 4
1169 -1.000000 3
1172 1.000000 3
1176 1.000000 4
1181 0.000000 5
1186 0.000000 5
1190 -1.000000 4
1194 1.000000 4
1198 1.000000 4
1203 1.000000 5
1207 1.000000 4
1212 1.000000 5
1217 1.000000 5
1221 1.000000 4
1225 1.000000 4
1228 1.000000 3
1232 -1.000000 4
1236 1.000000 4
1241 1.000000 5
1245 1.000000 4
1249 -1.000000 4
1253 1.000000 4
1258 0.000000 5
1263 1.000000 5
1266 1.000000 3
1269 -1.000000 3
1274 0.000000 5
1278 -1.000000 4
1282 -1.000000 4
1286 1.000000 4
1290 -1.000000 4
1294 -1.000000 4
1299 0.000000 5
1303 1.000000 4
1308 1.000000 5
1313 1.000000 5
1318 1.000000 5
1322 1.000000 4
1327 1.000000 5
1332 1.000000 5
1336 1.000000 4
1339 1.000000 3
1343 -1.000000 4
1347 1.000000 4
1352 0.000000 5
1355 1.000000 3
1360 0.000000 5
1364 1.000000 4
1368 1.000000 4
1372 1.000000 4
1376 1.000000 4
1381 1.000000 5
1386 1.000000 5
1389 1.000000 3
1392 -1.000000 3
1396 1.000000 4
1401 0.000000 5
1405 1.000000 4
1410 0.000000 5
1414 1.000000 4
1419 1.000000 5
1423 -1.000000 4
1428 0.000000 5
1431 1.000000 3
1436 1.000000 5
1439 1.000000 3
1444 1.000000 5
1448 1.000000 4
1452 -1.000000 4
1456 1.000000 4
1460 1.000000 4
1463 -1.000000 3
1467 -1.000000 4
1472 1.000000 5
1477 1.000000 5
1481 1.000000 4
1485 1.000000 4
1489 -1.000000 4
1494 1.000000 5
1498 -1.000000 4
1501 -1.000000 3
1504 1.000000 3
1507 1.000000 3
1512 0.000000 5
1517 0.000000 5
1521 -1.000000 4
1524 1.000000 3
1529 1.000000 5
1533 -1.000000 4
1536 -1.000000 3
1540 -1.000000 4
1545 1.000000 5
1550 1.000000 5
1554 -1.000000 4
1559 1.000000 5
1563 -1.000000 4
1568 1.000000 5
1572 1.000000 4
1577 1.000000 5
1582 1.000000 5
1586 1.000000 4
1591 1.000000 5
1595 -1.000000 4
1600 1.000000 5
1604 1.000000 4
1608 1.000000 4
1613 0.000000 5
1618 1.000000 5
1622 1.000000 4
1625 1.000000 3
1628 1.000000 3
1631 1.000000 3
1636 1.000000 5
1641 1.000000 5
1645 1.000000 4
1649 -1.000000 4
1654 0.000000 5
1658 1.000000 4
1661 -1.000000 3
1665 1.000000 4
1669 1.000000 4
1674 0.000000 5
1679 1.000000 5
1684 1.000000 5
1688 1.000000 4
1692 1.000000 4
1697 1.000000 5
1702 1.000000 5
1706 1.000000 4
1710 1.000000 4
1713 -1.000000 3
1717 1.000000 4
1720 -1.000000 3
1725 1.000000 5
1729 1.000000 4
1733 1.000000 4
1737 1.000000 4
1742 0.000000 5
1746 1.000000 4
1751 0.000000 5
1755 -1.000000 4
1759 1.000000 4
1764 1.000000 5
1768 1.000000 4
1772 1.000000 4
1775 1.000000 3
1780 0.000000 5
1783 1.000000 3
1787 -1.000000 4
1790 1.000000 3
1794 1.000000 4
1799 1.000000 5
1802 1.000000 3
1807 1.000000 5
1810 -1.000000 3
1815 0.000000 5
1819 1.000000 4
1822 1.000000 3
1827 1.000000 5
1832 1.000000 5
1837 0.000000 5
1841 -1.000000 4
1845 -1.000000 4
1849 -1.000000 4
1853 1.000000 4
1858 0.000000 5
1862 -1.000000 4
1867 1.000000 5
1872 0.000000 5
1877 0.000000 5
1881 -1.000000 4
1885 1.000000 4
1890 1.000000 5
1895 0.000000 5
1899 1.000000 4
1903 1.000000 4
1908 0.000000 5
1913 1.000000 5
1917 1.000000 4
1921 1.000000 4
1925 -1.000000 4
1928 -1.000000 3
1933 0.000000 5
1937 1.000000 4
1941 1.000000 4
1944 1.000000 3
1948 1.000000 4
1952 -1.000000 4
1956 1.000000 4
1960 -1.000000 4
1964 1.000000 4
1968 1.000000 4
1973 1.000000 5
1977 -1.000000 4
1982 1.000000 5
1987 1.000000 5
1992 1.000000 5
1997 0.000000 5
2001 -1.000000 4
2005 1.000000 4
2009 -1.000000 4
2014 0.000000 5
2019 0.000000 5
2023 -1.000000 4
2028 1.000000 5
2032 1.000000 4
2036 1.000000 4
2039 -1.000000 3
2043 -1.000000 4
2047 1.000000 4
2052 0.000000 5
2056 1.000000 4
2060 -1.000000 4
2064 -1.000000 4
2068 -1.000000 4
2073 1.000000 5
2076 1.000000 3
2080 1.000000 4
2083 1.000000 3
2088 1.000000 5
2092 -1.000000 4
2097 0.000000 5
2102 1.000000 5
2105 -1.000000 3
2110 1.000000 5
2113 1.000000 3
2117 -1.000000 4
2121 1.000000 4
2126 1.000000 5
2131 1.000000 5
2135 1.000000 4
2139 1.000000 4
2143 1.000000 4
2148 0.000000 5
2153 1.000000 5
2157 1.000000 4
2161 -1.000000 4
2166 1.000000 5
2169 1.000000 3
2172 -1.000000 3
2176 1.000000 4
2180 -1.000000 4
2184 -1.000000 4
2188 1.000000 4
2192 -1.000000 4
2196 -1.000000 4
2200 -1.000000 4
2205 1.000000 5
2210 1.000000 5
2214 -1.000000 4
2218 1.000000 4
2221 1.000000 3
2226 1.000000 5
2230 1.000000 4
2234 1.000000 4
2239 1.000000 5
2243 1.000000 4
2247 1.000000 4
2251 1.000000 4
2256 0.000000 5
2261 1.000000 5
2266 1.000000 5
2270 1.000000 4
2274 1.000000 4
2279 1.000000 5
2283 1.000000 4
2288 1.000000 5
2292 1.000000 4
2296 -1.000000 4
2301 0.000000 5
2305 1.000000 4
2310 0.000000 5
2315 1.000000 5
2318 1.000000 3
2322 1.000000 4
2326 -1.000000 4
2330 -1.000000 4
2333 -1.000000 3
2336 1.000000 3
2340 -1.000000 4
2345 1.000000 5
2349 -1.000000 4
2354 1.000000 5
2359 1.000000 5
2363 1.000000 4
2366 -1.000000 3
2370 1.000000 4
2374 1.000000 4
2378 -1.000000 4
2382 1.000000 4
2386 -1.000000 4
2390 -1.000000 4
2394 1.000000 4
2397 1.000000 3
2401 -1.000000 4
2405 1.000000 4
2409 1.000000 4
2412 1.000000 3
2416 1.000000 4
2421 0.000000 5
2426 0.000000 5
2430 -1.000000 4
2434 -1.000000 4
2438 1.000000 4
2442 -1.000000 4
2447 1.000000 5
2452 1.000000 5
2456 1.000000 4
2459 1.000000 3
2464 0.000000 5
2469 0.000000 5
2473 1.000000 4
2477 1.000000 4
2480 -1.000000 3
2484 -1.000000 4
2489 1.000000 5
2494 1.000000 5
2497 -1.000000 3
2500 -1.000000 3
2505 1.000000 5
2510 0.000000 5
2514 -1.000000 4
2518 1.000000 4
2522 1.000000 4
2525 1.000000 3
2529 1.000000 4
2532 1.000000 3
2536 -1.000000 4
2540 -1.000000 4
2545 0.000000 5
