4 -1.000000 4
7 1.000000 3
12 0.000000 5
17 1.000000 5
21 1.000000 4
25 -1.000000 4
30 0.000000 5
34 -1.000000 4
38 1.000000 4
41 1.000000 3
45 1.000000 4
50 1.000000 5
54 1.000000 4
59 1.000000 5
63 1.000000 4
68 1.000000 5
72 1.000000 4
76 -1.000000 4
79 -1.000000 3
83 1.000000 4
87 1.000000 4
91 -1.000000 4
96 0.000000 5
101 0.000000 5
105 -1.000000 4
110 0.000000 5
115 1.000000 5
120 0.000000 5
124 1.000000 4
127 1.000000 3
132 0.000000 5
136 1.000000 4
141 0.000000 5
146 1.000000 5
150 1.000000 4
154 1.000000 4
159 1.000000 5
162 1.000000 3
167 1.000000 5
170 -1.000000 3
174 1.000000 4
178 -1.000000 4
181 1.000000 3
186 0.000000 5
189 -1.000000 3
193 -1.000000 4
196 1.000000 3
200 1.000000 4
204 -1.000000 4
208 1.000000 4
212 1.000000 4
217 1.000000 5
221 -1.000000 4
225 -1.000000 4
230 1.000000 5
234 1.000000 4
238 -1.000000 4
243 0.000000 5
247 1.000000 4
252 1.000000 5
257 1.000000 5
261 1.000000 4
265 1.000000 4
270 1.000000 5
274 1.000000 4
278 1.000000 4
281 -1.000000 3
285 -1.000000 4
288 1.000000 3
292 1.000000 4
296 1.000000 4
300 1.000000 4
304 1.000000 4
309 1.000000 5
314 0.000000 5
318 1.000000 4
322 1.000000 4
325 1.000000 3
329 -1.000000 4
334 1.000000 5
339 0.000000 5
344 1.000000 5
349 1.000000 5
354 1.000000 5
359 1.000000 5
364 1.000000 5
368 1.000000 4
373 0.000000 5
377 1.000000 4
381 -1.000000 4
386 0.000000 5
391 1.000000 5
396 1.000000 5
400 1.000000 4
404 -1.000000 4
407 1.000000 3
411 1.000000 4
415 1.000000 4
420 1.000000 5
423 -1.000000 3
428 0.000000 5
433 1.000000 5
437 -1.000000 4
440 -1.000000 3
444 -1.000000 4
447 1.000000 3
452 0.000000 5
457 1.000000 5
460 -1.000000 3
464 -1.000000 4
469 0.000000 5
473 -1.000000 4
478 0.000000 5
483 1.000000 5
487 -1.000000 4
491 -1.000000 4
495 -1.000000 4
499 1.000000 4
504 1.000000 5
509 1.000000 5
514 1.000000 5
519 1.000000 5
524 1.000000 5
528 -1.000000 4
533 0.000000 5
538 1.000000 5
543 0.000000 5
547 1.000000 4
551 -1.000000 4
555 1.000000 4
559 -1.000000 4
564 1.000000 5
568 1.000000 4
572 1.000000 4
577 0.000000 5
581 -1.000000 4
585 1.000000 4
590 1.000000 5
593 -1.000000 3
597 -1.000000 4
602 1.000000 5
606 1.000000 4
609 -1.000000 3
614 0.000000 5
618 1.000000 4
623 1.000000 5
626 -1.000000 3
630 1.000000 4
634 1.000000 4
638 -1.000000 4
643 1.000000 5
647 -1.000000 4
651 1.000000 4
655 1.000000 4
658 -1.000000 3
663 1.000000 5
667 1.000000 4
671 1.000000 4
675 1.000000 4
679 1.000000 4
684 0.000000 5
687 -1.000000 3
692 1.000000 5
696 -1.000000 4
700 1.000000 4
704 1.000000 4
708 1.000000 4
713 1.000000 5
718 1.000000 5
723 1.000000 5
727 1.000000 4
732 1.000000 5
736 -1.000000 4
741 0.000000 5
746 0.000000 5
751 0.000000 5
755 1.000000 4
759 -1.000000 4
764 1.000000 5
769 1.000000 5
774 1.000000 5
778 1.000000 4
782 1.000000 4
786 1.000000 4
791 0.000000 5
795 -1.000000 4
798 1.000000 3
802 1.000000 4
806 1.000000 4
810 1.000000 4
813 -1.000000 3
818 1.000000 5
822 1.000000 4
825 -1.000000 3
828 1.000000 3
833 1.000000 5
837 1.000000 4
840 1.000000 3
844 1.000000 4
847 -1.000000 3
852 1.000000 5
855 1.000000 3
860 0.000000 5
864 1.000000 4
868 1.000000 4
871 1.000000 3
875 -1.000000 4
878 1.000000 3
882 1.000000 4
886 1.000000 4
891 0.000000 5
895 1.000000 4
899 1.000000 4
903 1.000000 4
907 1.000000 4
911 -1.000000 4
916 0.000000 5
921 1.000000 5
924 -1.000000 3
929 0.000000 5
934 1.000000 5
939 1.000000 5
944 1.000000 5
949 1.000000 5
953 -1.000000 4
956 1.000000 3
961 1.000000 5
965 1.000000 4
969 -1.000000 4
973 1.000000 4
977 1.000000 4
980 1.000000 3
983 -1.000000 3
986 1.000000 3
990 1.000000 4
994 1.000000 4
999 1.000000 5
1004 0.000000 5
1008 1.000000 4
1011 -1.000000 3
1015 -1.000000 4
1018 1.000000 3
1023 1.000000 5
1028 1.000000 5
1033 1.000000 5
1038 1.000000 5
1043 1.000000 5
1048 1.000000 5
1052 1.000000 4
1057 1.000000 5
1062 1.000000 5
1065 -1.000000 3
1069 1.000000 4
1072 1.000000 3
1077 1.000000 5
1081 1.000000 4
1085 1.000000 4
1090 1.000000 5
1095 1.000000 5
1099 1.000000 4
1103 -1.000000 4
1107 1.000000 4
1112 1.000000 5
1117 1.000000 5
1120 -1.000000 3
1125 1.000000 5
1128 1.000000 3
1133 1.000000 5
1137 -1.000000 4
1142 0.000000 5
1147 1.000000 5
1151 1.000000 4
1156 0.000000 5
1160 -1.000000 4
1165 1.000000 5
1170 1.000000 5
1174 1.000000 4
1179 0.000000 5
1184 1.000000 5
1188 1.000000 4
1191 1.000000 3
1195 -1.000000 4
1199 1.000000 4
1203 -1.000000 4
1207 1.000000 4
1211 -1.000000 4
1214 1.000000 3
1218 1.000000 4
1223 1.000000 5
1227 1.000000 4
1231 1.000000 4
1236 1.000000 5
1240 -1.000000 4
1245 0.000000 5
1250 0.000000 5
1255 1.000000 5
1258 1.000000 3
1261 1.000000 3
1266 1.000000 5
1271 0.000000 5
1276 0.000000 5
1280 -1.000000 4
1284 -1.000000 4
1289 1.000000 5
1293 -1.000000 4
1297 -1.000000 4
1301 -1.000000 4
1305 1.000000 4
1309 1.000000 4
1312 -1.000000 3
1316 -1.000000 4
1320 1.000000 4
1325 1.000000 5
1329 -1.000000 4
1333 1.000000 4
1336 1.000000 3
1339 1.000000 3
1343 1.000000 4
1347 -1.000000 4
1350 -1.000000 3
1355 0.000000 5
