3 -1.000000 3
8 0.000000 5
12 1.000000 4
17 1.000000 5
22 1.000000 5
25 1.000000 3
29 -1.000000 4
34 1.000000 5
38 1.000000 4
42 -1.000000 4
46 -1.000000 4
50 1.000000 4
54 1.000000 4
58 1.000000 4
61 1.000000 3
66 0.000000 5
71 1.000000 5
74 1.000000 3
78 1.000000 4
81 -1.000000 3
85 1.000000 4
90 1.000000 5
95 0.000000 5
100 0.000000 5
104 1.000000 4
108 -1.000000 4
113 1.000000 5
118 1.000000 5
121 1.000000 3
125 -1.000000 4
130 1.000000 5
134 1.000000 4
139 0.000000 5
143 -1.000000 4
147 1.000000 4
151 1.000000 4
155 -1.000000 4
158 -1.000000 3
161 -1.000000 3
164 1.000000 3
168 1.000000 4
173 0.000000 5
177 1.000000 4
181 1.000000 4
184 1.000000 3
188 1.000000 4
191 -1.000000 3
195 -1.000000 4
200 1.000000 5
204 1.000000 4
209 1.000000 5
214 0.000000 5
218 1.000000 4
223 1.000000 5
227 -1.000000 4
232 1.000000 5
236 1.000000 4
241 0.000000 5
246 1.000000 5
250 1.000000 4
253 -1.000000 3
257 1.000000 4
261 1.000000 4
265 -1.000000 4
270 1.000000 5
273 1.000000 3
278 1.000000 5
283 0.000000 5
287 1.000000 4
290 -1.000000 3
294 1.000000 4
298 1.000000 4
302 -1.000000 4
306 -1.000000 4
311 1.000000 5
314 -1.000000 3
317 1.000000 3
321 -1.000000 4
326 0.000000 5
329 1.000000 3
333 1.000000 4
337 -1.000000 4
342 1.000000 5
347 1.000000 5
351 -1.000000 4
354 1.000000 3
359 1.000000 5
364 1.000000 5
368 -1.000000 4
372 1.000000 4
376 -1.000000 4
379 1.000000 3
382 1.000000 3
387 0.000000 5
390 1.000000 3
393 -1.000000 3
398 0.000000 5
403 1.000000 5
407 -1.000000 4
412 1.000000 5
415 -1.000000 3
418 -1.000000 3
423 1.000000 5
428 1.000000 5
432 1.000000 4
436 1.000000 4
441 0.000000 5
446 1.000000 5
450 1.000000 4
454 1.000000 4
458 -1.000000 4
462 1.000000 4
467 0.000000 5
472 0.000000 5
477 1.000000 5
481 1.000000 4
484 -1.000000 3
489 1.000000 5
492 1.000000 3
496 1.000000 4
500 1.000000 4
504 1.000000 4
507 -1.000000 3
511 1.000000 4
516 1.000000 5
520 1.000000 4
525 1.000000 5
529 -1.000000 4
533 -1.000000 4
537 1.000000 4
541 -1.000000 4
545 1.000000 4
548 1.000000 3
551 -1.000000 3
555 -1.000000 4
559 -1.000000 4
563 1.000000 4
568 1.000000 5
571 1.000000 3
576 1.000000 5
580 -1.000000 4
584 1.000000 4
589 1.000000 5
593 1.000000 4
598 0.000000 5
602 1.000000 4
606 1.000000 4
609 -1.000000 3
612 1.000000 3
617 0.000000 5
622 1.000000 5
625 1.000000 3
629 1.000000 4
633 1.000000 4
638 1.000000 5
642 -1.000000 4
646 1.000000 4
651 1.000000 5
655 -1.000000 4
660 1.000000 5
664 1.000000 4
668 1.000000 4
672 -1.000000 4
676 1.000000 4
680 1.000000 4
685 1.000000 5
689 1.000000 4
694 0.000000 5
698 1.000000 4
702 -1.000000 4
705 -1.000000 3
709 -1.000000 4
713 -1.000000 4
718 0.000000 5
723 1.000000 5
727 1.000000 4
731 -1.000000 4
735 1.000000 4
739 -1.000000 4
744 1.000000 5
748 1.000000 4
751 1.000000 3
755 -1.000000 4
758 -1.000000 3
761 1.000000 3
766 0.000000 5
771 1.000000 5
775 1.000000 4
778 1.000000 3
781 1.000000 3
786 0.000000 5
789 -1.000000 3
793 -1.000000 4
797 1.000000 4
800 1.000000 3
803 1.000000 3
807 1.000000 4
812 1.000000 5
816 -1.000000 4
821 0.000000 5
824 -1.000000 3
828 1.000000 4
833 1.000000 5
838 1.000000 5
843 1.000000 5
848 1.000000 5
852 1.000000 4
856 1.000000 4
860 -1.000000 4
864 1.000000 4
868 1.000000 4
871 -1.000000 3
875 1.000000 4
880 1.000000 5
884 1.000000 4
888 1.000000 4
892 -1.000000 4
895 1.000000 3
900 1.000000 5
905 0.000000 5
909 -1.000000 4
913 1.000000 4
918 0.000000 5
922 1.000000 4
927 0.000000 5
932 0.000000 5
936 1.000000 4
941 1.000000 5
944 1.000000 3
948 -1.000000 4
952 1.000000 4
956 -1.000000 4
961 1.000000 5
966 1.000000 5
970 1.000000 4
974 -1.000000 4
979 1.000000 5
984 0.000000 5
989 1.000000 5
994 1.000000 5
999 1.000000 5
1004 0.000000 5
1007 -1.000000 3
1012 1.000000 5
1015 -1.000000 3
1019 -1.000000 4
1022 -1.000000 3
1027 1.000000 5
1030 -1.000000 3
1034 1.000000 4
1038 1.000000 4
1042 1.000000 4
1047 1.000000 5
1052 0.000000 5
1056 1.000000 4
1060 1.000000 4
1064 -1.000000 4
1069 1.000000 5
1074 1.000000 5
1078 -1.000000 4
1081 -1.000000 3
1084 -1.000000 3
1089 1.000000 5
1093 1.000000 4
1096 -1.000000 3
1100 1.000000 4
1104 1.000000 4
1108 -1.000000 4
1112 1.000000 4
1116 1.000000 4
1120 -1.000000 4
1124 -1.000000 4
1127 -1.000000 3
1132 1.000000 5
1137 1.000000 5
1141 1.000000 4
1144 1.000000 3
1148 1.000000 4
1152 -1.000000 4
1156 -1.000000 4
1159 1.000000 3
1163 1.000000 4
1166 1.000000 3
1170 1.000000 4
1175 1.000000 5
1180 1.000000 5
1185 1.000000 5
1189 1.000000 4
1194 1.000000 5
1197 1.000000 3
1200 -1.000000 3
1204 1.000000 4
1208 -1.000000 4
1212 1.000000 4
1217 1.000000 5
1222 0.000000 5
1227 1.000000 5
1230 1.000000 3
1234 1.000000 4
1237 -1.000000 3
1241 -1.000000 4
1246 1.000000 5
1249 -1.000000 3
1253 -1.000000 4
1258 0.000000 5
1263 0.000000 5
1266 -1.000000 3
1270 -1.000000 4
1275 1.000000 5
1280 1.000000 5
1285 1.000000 5
1288 -1.000000 3
1291 1.000000 3
1294 -1.000000 3
1299 0.000000 5
1304 1.000000 5
1309 0.000000 5
1314 1.000000 5
1317 1.000000 3
1321 -1.000000 4
1325 1.000000 4
1329 1.000000 4
1334 0.000000 5
1338 -1.000000 4
1341 -1.000000 3
1345 -1.000000 4
1350 1.000000 5
1354 -1.000000 4
1359 1.000000 5
1364 1.000000 5
1369 1.000000 5
1372 -1.000000 3
1376 1.000000 4
1380 1.000000 4
1384 -1.000000 4
1388 1.000000 4
1393 0.000000 5
1396 1.000000 3
1400 1.000000 4
1405 1.000000 5
1409 1.000000 4
1413 1.000000 4
1418 0.000000 5
1421 1.000000 3
1425 1.000000 4
1429 -1.000000 4
1433 -1.000000 4
1438 1.000000 5
1443 0.000000 5
1446 -1.000000 3
1450 -1.000000 4
1455 1.000000 5
1460 1.000000 5
1464 1.000000 4
1468 1.000000 4
1473 1.000000 5
1477 -1.000000 4
1482 1.000000 5
1487 0.000000 5
1490 1.000000 3
1494 -1.000000 4
1498 -1.000000 4
1501 1.000000 3
1505 -1.000000 4
1510 1.000000 5
1514 1.000000 4
1519 1.000000 5
1523 1.000000 4
1528 1.000000 5
1531 1.000000 3
1535 1.000000 4
1538 1.000000 3
1543 1.000000 5
1548 1.000000 5
1553 1.000000 5
1557 1.000000 4
1562 1.000000 5
1566 -1.000000 4
1571 0.000000 5
1575 1.000000 4
1580 1.000000 5
1584 1.000000 4
1589 1.000000 5
1593 1.000000 4
1597 1.000000 4
1602 0.000000 5
1606 1.000000 4
1610 1.000000 4
1614 1.000000 4
1619 1.000000 5
1623 1.000000 4
1627 1.000000 4
1631 -1.000000 4
1635 -1.000000 4
1639 1.000000 4
1642 -1.000000 3
1646 -1.000000 4
1649 1.000000 3
1652 -1.000000 3
1656 1.000000 4
1660 1.000000 4
1665 0.000000 5
1668 1.000000 3
1672 1.000000 4
1677 0.000000 5
1680 -1.000000 3
1684 1.000000 4
1689 1.000000 5
1694 0.000000 5
1698 -1.000000 4
1703 0.000000 5
1707 1.000000 4
1712 1.000000 5
1715 1.000000 3
1719 1.000000 4
1723 -1.000000 4
1727 1.000000 4
1730 1.000000 3
1735 0.000000 5
1740 1.000000 5
1743 1.000000 3
1748 1.000000 5
1753 0.000000 5
1757 -1.000000 4
1761 1.000000 4
1766 0.000000 5
1769 1.000000 3
1773 1.000000 4
1776 1.000000 3
1780 -1.000000 4
1785 1.000000 5
1789 1.000000 4
1794 0.000000 5
1798 1.000000 4
1803 1.000000 5
1808 1.000000 5
1813 1.000000 5
1817 -1.000000 4
1822 0.000000 5
1826 1.000000 4
1831 1.000000 5
1835 -1.000000 4
1839 1.000000 4
1844 1.000000 5
1849 1.000000 5
1853 -1.000000 4
1858 1.000000 5
1862 -1.000000 4
1867 0.000000 5
1872 0.000000 5
1875 1.000000 3
1879 1.000000 4
1883 1.000000 4
1887 1.000000 4
1892 1.000000 5
1896 -1.000000 4
1900 1.000000 4
1904 1.000000 4
1907 1.000000 3
1912 1.000000 5
1917 1.000000 5
1922 1.000000 5
1925 1.000000 3
1929 1.000000 4
1933 -1.000000 4
1936 1.000000 3
1940 1.000000 4
1944 -1.000000 4
1948 1.000000 4
1952 1.000000 4
1955 -1.000000 3
1959 -1.000000 4
1962 1.000000 3
1967 0.000000 5
1972 1.000000 5
1977 0.000000 5
1981 1.000000 4
1985 1.000000 4
1989 1.000000 4
1993 -1.000000 4
1998 0.000000 5
2003 1.000000 5
2007 1.000000 4
2012 1.000000 5
2016 1.000000 4
2020 -1.000000 4
2025 1.000000 5
2028 -1.000000 3
2032 -1.000000 4
2035 1.000000 3
2039 -1.000000 4
2044 1.000000 5
2047 -1.000000 3
2051 1.000000 4
2054 -1.000000 3
2057 1.000000 3
2061 1.000000 4
2065 1.000000 4
2068 -1.000000 3
2072 1.000000 4
2075 -1.000000 3
2079 -1.000000 4
2084 1.000000 5
2089 1.000000 5
2092 1.000000 3
2097 1.000000 5
2102 0.000000 5
2107 1.000000 5
2110 -1.000000 3
2114 -1.000000 4
2118 1.000000 4
2122 -1.000000 4
2126 -1.000000 4
2131 1.000000 5
2136 1.000000 5
2140 1.000000 4
2143 -1.000000 3
2148 1.000000 5
2152 -1.000000 4
2157 0.000000 5
2161 1.000000 4
2166 0.000000 5
2170 -1.000000 4
2174 1.000000 4
2178 1.000000 4
2183 1.000000 5
2187 1.000000 4
2192 0.000000 5
2197 0.000000 5
2202 0.000000 5
2207 0.000000 5
2212 0.000000 5
2217 0.000000 5
2221 1.000000 4
2224 1.000000 3
2228 1.000000 4
2232 1.000000 4
2236 1.000000 4
2239 -1.000000 3
2244 1.000000 5
2248 1.000000 4
2252 -1.000000 4
2255 1.000000 3
2259 -1.000000 4
2263 -1.000000 4
2266 1.000000 3
2270 1.000000 4
2275 0.000000 5
2278 1.000000 3
2283 1.000000 5
2287 1.000000 4
2291 -1.000000 4
2296 1.000000 5
2301 1.000000 5
2305 1.000000 4
2310 0.000000 5
2314 -1.000000 4
2317 -1.000000 3
2322 0.000000 5
2325 -1.000000 3
2328 1.000000 3
2331 -1.000000 3
2336 1.000000 5
2340 -1.000000 4
2344 1.000000 4
2348 -1.000000 4
2352 1.000000 4
2356 -1.000000 4
2360 -1.000000 4
2364 -1.000000 4
2369 1.000000 5
2373 -1.000000 4
2378 1.000000 5
2382 -1.000000 4
2387 0.000000 5
2391 -1.000000 4
2396 1.000000 5
2401 1.000000 5
2405 -1.000000 4
2409 1.000000 4
2413 -1.000000 4
2416 -1.000000 3
2420 -1.000000 4
2425 1.000000 5
2429 1.000000 4
2434 1.000000 5
2437 1.000000 3
2442 1.000000 5
2446 1.000000 4
2450 -1.000000 4
2454 -1.000000 4
2459 0.000000 5
2463 -1.000000 4
2468 0.000000 5
2472 -1.000000 4
2476 -1.000000 4
2480 1.000000 4
2484 -1.000000 4
2487 -1.000000 3
2491 -1.000000 4
2494 1.000000 3
2497 1.000000 3
2502 0.000000 5
2507 1.000000 5
2511 -1.000000 4
2514 1.000000 3
2517 -1.000000 3
2522 1.000000 5
2526 -1.000000 4
2530 -1.000000 4
2534 1.000000 4
2539 1.000000 5
2542 -1.000000 3
2547 0.000000 5
2551 1.000000 4
2555 -1.000000 4
2560 0.000000 5
2564 1.000000 4
2568 -1.000000 4
2572 1.000000 4
2576 -1.000000 4
2581 0.000000 5
2585 -1.000000 4
2588 -1.000000 3
2592 1.000000 4
2597 0.000000 5
2601 1.000000 4
2605 1.000000 4
2608 1.000000 3
2613 0.000000 5
2618 1.000000 5
2622 -1.000000 4
2626 1.000000 4
2630 1.000000 4
2634 1.000000 4
2638 1.000000 4
2642 -1.000000 4
2646 1.000000 4
2651 1.000000 5
2656 1.000000 5
2660 -1.000000 4
2664 -1.000000 4
2668 1.000000 4
2673 1.000000 5
2677 1.000000 4
2681 -1.000000 4
2686 1.000000 5
2691 1.000000 5
2695 -1.000000 4
2699 1.000000 4
2704 1.000000 5
2707 -1.000000 3
2712 1.000000 5
2716 1.000000 4
2719 1.000000 3
2724 1.000000 5
2729 1.000000 5
2732 -1.000000 3
2736 1.000000 4
2740 1.000000 4
2743 1.000000 3
2747 -1.000000 4
2752 0.000000 5
2757 1.000000 5
2760 -1.000000 3
2764 1.000000 4
2769 0.000000 5
2773 -1.000000 4
2776 1.000000 3
2779 -1.000000 3
2784 1.000000 5
2788 1.000000 4
2792 -1.000000 4
2796 1.000000 4
2801 1.000000 5
2805 1.000000 4
2810 0.000000 5
2814 1.000000 4
2818 -1.000000 4
2823 0.000000 5
2828 0.000000 5
2833 1.000000 5
2838 1.000000 5
2843 0.000000 5
2846 1.000000 3
2851 0.000000 5
2855 -1.000000 4
2860 1.000000 5
2863 1.000000 3
2868 1.000000 5
2873 1.000000 5
2876 -1.000000 3
2881 0.000000 5
2886 1.000000 5
2891 1.000000 5
2895 -1.000000 4
2899 -1.000000 4
2903 -1.000000 4
2908 0.000000 5
2912 1.000000 4
2916 -1.000000 4
2919 -1.000000 3
2924 1.000000 5
2929 1.000000 5
2932 -1.000000 3
2936 1.000000 4
2940 1.000000 4
2945 0.000000 5
2949 -1.000000 4
2952 -1.000000 3
2957 1.000000 5
2961 -1.000000 4
2964 -1.000000 3
2967 1.000000 3
2971 1.000000 4
2976 1.000000 5
2980 -1.000000 4
2984 1.000000 4
2988 -1.000000 4
2992 1.000000 4
2996 1.000000 4
3000 1.000000 4
3004 1.000000 4
3007 1.000000 3
3011 1.000000 4
3014 1.000000 3
3018 -1.000000 4
3021 -1.000000 3
3025 -1.000000 4
3030 0.000000 5
3034 1.000000 4
3039 0.000000 5
3043 -1.000000 4
3046 1.000000 3
3050 1.000000 4
3055 0.000000 5
3059 -1.000000 4
3064 1.000000 5
3069 0.000000 5
3072 -1.000000 3
3076 1.000000 4
3080 1.000000 4
3084 -1.000000 4
3088 1.000000 4
3093 1.000000 5
3097 1.000000 4
3101 1.000000 4
3106 0.000000 5
3110 -1.000000 4
3114 -1.000000 4
3119 1.000000 5
3122 -1.000000 3
3125 -1.000000 3
3129 1.000000 4
3133 1.000000 4
3136 1.000000 3
3141 1.000000 5
3146 1.000000 5
3151 1.000000 5
3156 0.000000 5
3160 1.000000 4
3165 0.000000 5
3169 1.000000 4
3173 1.000000 4
3176 -1.000000 3
3180 1.000000 4
3184 1.000000 4
3188 1.000000 4
3192 -1.000000 4
3195 1.000000 3
3198 -1.000000 3
3201 1.000000 3
3204 1.000000 3
3208 1.000000 4
3213 0.000000 5
3216 -1.000000 3
3219 -1.000000 3
3223 -1.000000 4
3226 -1.000000 3
3230 1.000000 4
3234 -1.000000 4
3238 -1.000000 4
3242 1.000000 4
3246 1.000000 4
3249 1.000000 3
3254 0.000000 5
3257 1.000000 3
3262 1.000000 5
3266 1.000000 4
3271 1.000000 5
3275 -1.000000 4
3279 1.000000 4
3284 0.000000 5
3288 -1.000000 4
3291 -1.000000 3
3296 0.000000 5
3301 1.000000 5
3305 -1.000000 4
3309 -1.000000 4
3314 1.000000 5
3318 1.000000 4
3323 0.000000 5
3326 1.000000 3
3330 -1.000000 4
3333 1.000000 3
3338 1.000000 5
3342 -1.000000 4
3346 1.000000 4
3350 1.000000 4
3355 0.000000 5
3358 1.000000 3
3362 1.000000 4
3367 1.000000 5
3370 1.000000 3
3375 1.000000 5
3380 1.000000 5
3385 0.000000 5
3388 1.000000 3
3392 -1.000000 4
3395 -1.000000 3
3399 -1.000000 4
3403 1.000000 4
3407 1.000000 4
3412 1.000000 5
3417 1.000000 5
3422 0.000000 5
3425 1.000000 3
3430 1.000000 5
3434 1.000000 4
3438 1.000000 4
3443 1.000000 5
3447 1.000000 4
3452 1.000000 5
3455 1.000000 3
3459 -1.000000 4
3464 0.000000 5
3469 1.000000 5
3473 1.000000 4
3478 1.000000 5
3482 1.000000 4
3485 1.000000 3
3490 1.000000 5
3494 1.000000 4
3497 1.000000 3
3501 1.000000 4
3505 1.000000 4
3510 0.000000 5
3514 1.000000 4
3519 1.000000 5
3523 -1.000000 4
3528 0.000000 5
3533 1.000000 5
3537 -1.000000 4
3541 -1.000000 4
3546 0.000000 5
3551 1.000000 5
3556 0.000000 5
3561 0.000000 5
3564 -1.000000 3
3569 1.000000 5
3574 1.000000 5
3579 1.000000 5
3584 1.000000 5
3587 1.000000 3
3590 -1.000000 3
3595 1.000000 5
3600 1.000000 5
3605 0.000000 5
3609 1.000000 4
3612 1.000000 3
3616 -1.000000 4
3620 -1.000000 4
3625 1.000000 5
3628 -1.000000 3
3633 1.000000 5
3637 -1.000000 4
3641 -1.000000 4
3645 -1.000000 4
3650 1.000000 5
3653 1.000000 3
3657 1.000000 4
3661 -1.000000 4
3664 1.000000 3
3669 0.000000 5
3672 -1.000000 3
3677 0.000000 5
3681 1.000000 4
3686 0.000000 5
3690 -1.000000 4
3694 -1.000000 4
3699 0.000000 5
3703 1.000000 4
3708 1.000000 5
3712 1.000000 4
3715 -1.000000 3
3719 -1.000000 4
3724 1.000000 5
3727 -1.000000 3
3731 -1.000000 4
3734 -1.000000 3
3737 -1.000000 3
3741 1.000000 4
3745 1.000000 4
3749 1.000000 4
3754 1.000000 5
3759 0.000000 5
3763 1.000000 4
3767 1.000000 4
3771 1.000000 4
3775 1.000000 4
3779 1.000000 4
3782 1.000000 3
3786 1.000000 4
3790 1.000000 4
3794 -1.000000 4
3798 -1.000000 4
3802 -1.000000 4
3807 1.000000 5
3811 -1.000000 4
3816 1.000000 5
3821 1.000000 5
3826 0.000000 5
3829 -1.000000 3
3833 -1.000000 4
3837 -1.000000 4
3841 -1.000000 4
3844 1.000000 3
3849 1.000000 5
3853 1.000000 4
3857 1.000000 4
3861 1.000000 4
3866 1.000000 5
3870 -1.000000 4
3875 1.000000 5
3879 1.000000 4
3882 1.000000 3
3887 1.000000 5
3891 1.000000 4
3895 -1.000000 4
3899 1.000000 4
3903 1.000000 4
3907 1.000000 4
3910 -1.000000 3
3914 -1.000000 4
3918 1.000000 4
3922 1.000000 4
3926 -1.000000 4
3931 0.000000 5
3934 -1.000000 3
3938 -1.000000 4
3941 1.000000 3
3944 1.000000 3
3948 1.000000 4
3952 -1.000000 4
3957 1.000000 5
3960 -1.000000 3
3963 1.000000 3
3966 1.000000 3
3971 0.000000 5
3976 0.000000 5
3979 -1.000000 3
3983 -1.000000 4
3986 1.000000 3
3991 0.000000 5
3995 1.000000 4
3998 -1.000000 3
4003 0.000000 5
4007 1.000000 4
4012 1.000000 5
4017 1.000000 5
4021 -1.000000 4
4024 1.000000 3
4028 1.000000 4
4032 -1.000000 4
4035 1.000000 3
4039 1.000000 4
4043 1.000000 4
4047 1.000000 4
4051 -1.000000 4
4055 -1.000000 4
4060 1.000000 5
4065 0.000000 5
4069 1.000000 4
4073 1.000000 4
4078 0.000000 5
4082 1.000000 4
4087 0.000000 5
4090 -1.000000 3
4093 -1.000000 3
4098 1.000000 5
4103 0.000000 5
4108 1.000000 5
4112 1.000000 4
4115 -1.000000 3
4118 1.000000 3
4122 -1.000000 4
4127 1.000000 5
4132 1.000000 5
4137 1.000000 5
4141 -1.000000 4
4146 0.000000 5
4151 1.000000 5
4155 -1.000000 4
4160 1.000000 5
4163 -1.000000 3
4166 1.000000 3
4171 1.000000 5
4176 0.000000 5
4180 1.000000 4
4185 0.000000 5
4188 -1.000000 3
4193 0.000000 5
4197 1.000000 4
4202 1.000000 5
4206 1.000000 4
4209 1.000000 3
4214 0.000000 5
4219 0.000000 5
4224 1.000000 5
4228 -1.000000 4
4232 -1.000000 4
4237 0.000000 5
4242 0.000000 5
4246 -1.000000 4
4250 1.000000 4
4254 -1.000000 4
4257 1.000000 3
4261 -1.000000 4
4266 1.000000 5
4269 -1.000000 3
4272 1.000000 3
4277 0.000000 5
4281 -1.000000 4
4286 1.000000 5
4290 1.000000 4
4293 -1.000000 3
4297 -1.000000 4
4301 -1.000000 4
4305 1.000000 4
4310 1.000000 5
4315 1.000000 5
4320 0.000000 5
4323 1.000000 3
4326 1.000000 3
4331 1.000000 5
4335 -1.000000 4
4339 1.000000 4
4343 -1.000000 4
4347 1.000000 4
4351 1.000000 4
4356 1.000000 5
4361 0.000000 5
4365 -1.000000 4
4370 1.000000 5
4373 1.000000 3
4376 1.000000 3
4381 1.000000 5
4386 1.000000 5
4390 1.000000 4
4394 -1.000000 4
4399 0.000000 5
4403 -1.000000 4
4408 1.000000 5
4412 1.000000 4
4416 -1.000000 4
4421 1.000000 5
4424 1.000000 3
4428 1.000000 4
4431 1.000000 3
4436 0.000000 5
4440 -1.000000 4
4444 1.000000 4
4447 -1.000000 3
4451 -1.000000 4
4456 0.000000 5
4460 -1.000000 4
4464 1.000000 4
4468 1.000000 4
4472 -1.000000 4
4476 1.000000 4
4480 1.000000 4
4484 1.000000 4
4489 1.000000 5
4494 1.000000 5
4498 1.000000 4
4502 1.000000 4
4505 1.000000 3
4510 1.000000 5
4514 -1.000000 4
4517 -1.000000 3
4521 -1.000000 4
4525 1.000000 4
4528 1.000000 3
4532 1.000000 4
4537 1.000000 5
4541 1.000000 4
4545 -1.000000 4
4550 1.000000 5
4554 -1.000000 4
4559 1.000000 5
4563 1.000000 4
4567 -1.000000 4
4571 1.000000 4
4576 0.000000 5
4579 1.000000 3
4584 1.000000 5
4588 -1.000000 4
4592 1.000000 4
4596 1.000000 4
4601 1.000000 5
4604 1.000000 3
4609 0.000000 5
4613 -1.000000 4
4618 1.000000 5
4622 -1.000000 4
4626 1.000000 4
4629 -1.000000 3
4634 0.000000 5
4639 0.000000 5
4643 1.000000 4
4648 1.000000 5
4651 1.000000 3
4655 -1.000000 4
4658 1.000000 3
4662 -1.000000 4
4666 -1.000000 4
4670 1.000000 4
4673 1.000000 3
4676 1.000000 3
4679 -1.000000 3
4684 1.000000 5
4689 1.000000 5
4693 1.000000 4
4696 1.000000 3
4700 -1.000000 4
4704 -1.000000 4
4707 -1.000000 3
4712 1.000000 5
4716 -1.000000 4
4720 -1.000000 4
4723 1.000000 3
4728 1.000000 5
4732 1.000000 4
4736 1.000000 4
4740 1.000000 4
4744 1.000000 4
4749 0.000000 5
4753 -1.000000 4
4758 1.000000 5
4763 1.000000 5
4768 1.000000 5
4772 1.000000 4
4777 1.000000 5
4781 1.000000 4
4786 1.000000 5
4791 1.000000 5
4794 1.000000 3
4799 1.000000 5
4803 1.000000 4
4807 1.000000 4
4812 1.000000 5
4815 1.000000 3
4818 1.000000 3
4821 -1.000000 3
4825 -1.000000 4
4829 1.000000 4
4833 1.000000 4
4837 -1.000000 4
4842 1.000000 5
4845 1.000000 3
4849 -1.000000 4
4853 1.000000 4
4858 1.000000 5
4863 0.000000 5
4867 1.000000 4
4871 -1.000000 4
4875 1.000000 4
4879 1.000000 4
4883 -1.000000 4
4887 -1.000000 4
4891 1.000000 4
4896 1.000000 5
4899 1.000000 3
4903 1.000000 4
4907 -1.000000 4
4911 1.000000 4
4914 1.000000 3
4918 -1.000000 4
4921 -1.000000 3
4924 1.000000 3
4927 -1.000000 3
4931 1.000000 4
4935 1.000000 4
4940 1.000000 5
4944 -1.000000 4
4949 0.000000 5
4953 1.000000 4
4958 1.000000 5
4961 1.000000 3
4966 1.000000 5
4971 1.000000 5
4974 -1.000000 3
4978 -1.000000 4
4981 -1.000000 3
4984 1.000000 3
4989 1.000000 5
4993 1.000000 4
4998 1.000000 5
5003 1.000000 5
5008 1.000000 5
5012 1.000000 4
5017 1.000000 5
5021 1.000000 4
5025 -1.000000 4
5030 1.000000 5
5034 1.000000 4
5038 1.000000 4
5043 0.000000 5
5048 0.000000 5
5053 0.000000 5
5057 -1.000000 4
5062 1.000000 5
5065 1.000000 3
5070 1.000000 5
5074 -1.000000 4
5077 -1.000000 3
5082 1.000000 5
5087 0.000000 5
5091 -1.000000 4
5095 -1.000000 4
5099 -1.000000 4
5103 -1.000000 4
5108 0.000000 5
5111 -1.000000 3
5116 0.000000 5
5120 1.000000 4
5124 1.000000 4
5129 0.000000 5
5134 0.000000 5
5137 1.000000 3
5140 -1.000000 3
5143 1.000000 3
5147 -1.000000 4
5152 1.000000 5
5156 1.000000 4
5160 1.000000 4
5164 1.000000 4
5169 0.000000 5
5174 0.000000 5
5179 0.000000 5
5184 0.000000 5
5188 -1.000000 4
5192 -1.000000 4
5196 1.000000 4
5200 1.000000 4
5204 1.000000 4
5208 -1.000000 4
5212 1.000000 4
5216 1.000000 4
5221 1.000000 5
5225 1.000000 4
5229 1.000000 4
5234 1.000000 5
5238 1.000000 4
5241 -1.000000 3
5244 1.000000 3
5249 0.000000 5
5252 -1.000000 3
5257 1.000000 5
5260 -1.000000 3
5264 -1.000000 4
5268 -1.000000 4
5272 1.000000 4
5276 -1.000000 4
5281 0.000000 5
5285 -1.000000 4
5290 0.000000 5
5294 -1.000000 4
5298 1.000000 4
5302 1.000000 4
5306 -1.000000 4
5310 1.000000 4
5313 1.000000 3
5318 1.000000 5
5322 1.000000 4
5326 -1.000000 4
5331 1.000000 5
5335 -1.000000 4
5339 -1.000000 4
5343 -1.000000 4
5348 0.000000 5
5353 0.000000 5
5358 1.000000 5
5361 1.000000 3
5364 -1.000000 3
5368 1.000000 4
5372 -1.000000 4
5376 -1.000000 4
5380 1.000000 4
5385 0.000000 5
5390 0.000000 5
5394 1.000000 4
5399 1.000000 5
5404 1.000000 5
5409 1.000000 5
5414 0.000000 5
5418 -1.000000 4
5422 1.000000 4
5426 1.000000 4
5431 1.000000 5
5434 1.000000 3
5438 -1.000000 4
5442 -1.000000 4
5445 1.000000 3
5449 -1.000000 4
5453 1.000000 4
5456 1.000000 3
5461 1.000000 5
5465 1.000000 4
5469 -1.000000 4
5474 0.000000 5
5478 1.000000 4
5482 -1.000000 4
5486 -1.000000 4
5490 1.000000 4
5494 1.000000 4
5499 0.000000 5
5504 1.000000 5
5507 1.000000 3
5510 1.000000 3
5515 0.000000 5
5519 -1.000000 4
5522 1.000000 3
5526 -1.000000 4
5531 1.000000 5
5535 1.000000 4
5539 1.000000 4
5544 0.000000 5
5548 -1.000000 4
5552 1.000000 4
5555 -1.000000 3
5559 1.000000 4
5563 1.000000 4
5566 1.000000 3
5569 1.000000 3
5574 1.000000 5
5579 1.000000 5
5583 1.000000 4
5587 1.000000 4
5591 -1.000000 4
5595 1.000000 4
5598 1.000000 3
5601 -1.000000 3
5604 1.000000 3
5608 1.000000 4
5613 0.000000 5
5617 -1.000000 4
5621 -1.000000 4
5626 1.000000 5
5630 1.000000 4
5635 1.000000 5
5640 0.000000 5
5645 0.000000 5
5650 1.000000 5
5655 1.000000 5
5660 1.000000 5
5665 0.000000 5
5670 1.000000 5
5673 -1.000000 3
5677 1.000000 4
5680 -1.000000 3
5683 -1.000000 3
5688 0.000000 5
5693 1.000000 5
5696 1.000000 3
5700 1.000000 4
5704 -1.000000 4
5709 1.000000 5
5713 -1.000000 4
5718 1.000000 5
5723 1.000000 5
5727 -1.000000 4
5732 0.000000 5
5737 1.000000 5
5741 1.000000 4
5746 0.000000 5
5750 1.000000 4
5754 1.000000 4
5757 1.000000 3
5761 1.000000 4
5765 1.000000 4
5769 1.000000 4
5772 -1.000000 3
5777 0.000000 5
5780 -1.000000 3
5784 -1.000000 4
5788 -1.000000 4
5792 1.000000 4
5797 1.000000 5
5801 -1.000000 4
5804 -1.000000 3
5808 -1.000000 4
5812 -1.000000 4
5816 1.000000 4
5820 1.000000 4
5823 -1.000000 3
5828 0.000000 5
5831 -1.000000 3
5835 1.000000 4
5840 1.000000 5
5844 1.000000 4
5848 1.000000 4
5853 1.000000 5
5857 -1.000000 4
5862 1.000000 5
5866 1.000000 4
5870 -1.000000 4
5875 1.000000 5
5879 1.000000 4
5883 -1.000000 4
5888 1.000000 5
5892 1.000000 4
5897 0.000000 5
5901 1.000000 4
5904 -1.000000 3
5907 -1.000000 3
5912 1.000000 5
5917 0.000000 5
5922 0.000000 5
5926 -1.000000 4
5929 1.000000 3
5932 1.000000 3
5937 1.000000 5
5941 -1.000000 4
5945 1.000000 4
5950 0.000000 5
5953 1.000000 3
5958 1.000000 5
5962 1.000000 4
5966 -1.000000 4
5970 1.000000 4
5974 -1.000000 4
5977 -1.000000 3
5980 -1.000000 3
5984 -1.000000 4
5989 0.000000 5
5993 1.000000 4
5998 1.000000 5
6003 1.000000 5
6006 1.000000 3
6010 1.000000 4
6014 1.000000 4
6018 -1.000000 4
6022 1.000000 4
6027 1.000000 5
6030 -1.000000 3
6034 -1.000000 4
6037 -1.000000 3
6040 1.000000 3
6044 -1.000000 4
6047 -1.000000 3
6052 1.000000 5
6056 1.000000 4
6061 1.000000 5
6065 1.000000 4
6070 0.000000 5
6074 1.000000 4
6078 -1.000000 4
6082 -1.000000 4
6085 -1.000000 3
6089 1.000000 4
6093 1.000000 4
6097 -1.000000 4
6102 0.000000 5
6107 1.000000 5
6111 1.000000 4
6116 0.000000 5
6119 1.000000 3
6124 0.000000 5
6128 -1.000000 4
6132 1.000000 4
6137 0.000000 5
6140 -1.000000 3
6143 -1.000000 3
6148 1.000000 5
6153 1.000000 5
6157 1.000000 4
6160 -1.000000 3
6164 1.000000 4
6168 -1.000000 4
6172 -1.000000 4
6176 1.000000 4
6179 1.000000 3
6183 -1.000000 4
6187 -1.000000 4
6192 1.000000 5
6195 1.000000 3
6199 -1.000000 4
6203 -1.000000 4
6206 -1.000000 3
6209 -1.000000 3
6213 -1.000000 4
6217 -1.000000 4
6221 -1.000000 4
6225 -1.000000 4
6229 -1.000000 4
6234 0.000000 5
6238 1.000000 4
6242 1.000000 4
6245 -1.000000 3
6249 1.000000 4
6253 1.000000 4
6257 -1.000000 4
6261 -1.000000 4
6265 1.000000 4
6269 1.000000 4
6273 1.000000 4
6277 -1.000000 4
6280 1.000000 3
6283 -1.000000 3
6287 1.000000 4
6291 1.000000 4
6295 1.000000 4
6300 1.000000 5
6304 -1.000000 4
6308 -1.000000 4
6313 0.000000 5
6317 -1.000000 4
6321 1.000000 4
6326 0.000000 5
6330 1.000000 4
6334 -1.000000 4
6339 0.000000 5
6344 1.000000 5
6349 1.000000 5
6354 0.000000 5
6358 1.000000 4
6363 0.000000 5
6368 1.000000 5
6373 0.000000 5
6376 1.000000 3
6381 0.000000 5
6386 1.000000 5
6390 1.000000 4
6395 1.000000 5
6399 -1.000000 4
6402 -1.000000 3
6406 -1.000000 4
6409 1.000000 3
6413 1.000000 4
6417 -1.000000 4
6420 -1.000000 3
6424 -1.000000 4
6427 -1.000000 3
6432 1.000000 5
6437 0.000000 5
6440 -1.000000 3
6445 0.000000 5
6450 1.000000 5
6453 -1.000000 3
6458 0.000000 5
6462 -1.000000 4
6466 1.000000 4
6470 -1.000000 4
6473 -1.000000 3
6477 1.000000 4
6482 1.000000 5
6486 -1.000000 4
6489 1.000000 3
6492 -1.000000 3
6497 0.000000 5
6501 1.000000 4
6505 -1.000000 4
6508 1.000000 3
6513 1.000000 5
6517 1.000000 4
6521 1.000000 4
6525 1.000000 4
6529 1.000000 4
6534 1.000000 5
6539 0.000000 5
6544 0.000000 5
6547 1.000000 3
6552 1.000000 5
6556 1.000000 4
6561 1.000000 5
6565 -1.000000 4
6570 0.000000 5
6574 1.000000 4
6578 -1.000000 4
6583 0.000000 5
6587 1.000000 4
6591 1.000000 4
6595 1.000000 4
6599 1.000000 4
6603 -1.000000 4
6608 1.000000 5
6611 -1.000000 3
6615 -1.000000 4
6619 1.000000 4
6623 -1.000000 4
6627 1.000000 4
6632 1.000000 5
6636 -1.000000 4
6641 1.000000 5
6646 1.000000 5
6650 1.000000 4
6654 -1.000000 4
6658 1.000000 4
6661 1.000000 3
6665 -1.000000 4
6669 1.000000 4
6673 1.000000 4
6678 0.000000 5
6683 0.000000 5
6687 -1.000000 4
6691 -1.000000 4
6696 1.000000 5
6701 1.000000 5
6705 -1.000000 4
6709 1.000000 4
6713 -1.000000 4
6717 -1.000000 4
6721 1.000000 4
6725 -1.000000 4
6728 -1.000000 3
6732 1.000000 4
6736 -1.000000 4
6741 1.000000 5
6744 1.000000 3
6749 0.000000 5
6754 0.000000 5
6759 1.000000 5
6763 -1.000000 4
6767 1.000000 4
6771 1.000000 4
6775 1.000000 4
6780 1.000000 5
6785 0.000000 5
6790 1.000000 5
6794 -1.000000 4
6797 -1.000000 3
6802 1.000000 5
6807 1.000000 5
6811 1.000000 4
6816 1.000000 5
6821 0.000000 5
6824 1.000000 3
6829 1.000000 5
6833 1.000000 4
6837 1.000000 4
6841 1.000000 4
6845 -1.000000 4
6850 1.000000 5
6855 0.000000 5
6859 1.000000 4
6863 1.000000 4
6867 -1.000000 4
6870 -1.000000 3
6874 -1.000000 4
6877 1.000000 3
6881 -1.000000 4
6885 1.000000 4
6890 1.000000 5
6894 -1.000000 4
6899 1.000000 5
6903 1.000000 4
6907 1.000000 4
6912 0.000000 5
6916 -1.000000 4
6921 1.000000 5
6925 -1.000000 4
6929 -1.000000 4
6933 1.000000 4
6937 1.000000 4
6941 -1.000000 4
6944 -1.000000 3
6949 0.000000 5
6952 -1.000000 3
6956 1.000000 4
6960 1.000000 4
6965 1.000000 5
6969 -1.000000 4
6974 0.000000 5
6977 1.000000 3
6981 1.000000 4
6985 1.000000 4
6988 -1.000000 3
6992 1.000000 4
6996 1.000000 4
7001 0.000000 5
7005 1.000000 4
7010 1.000000 5
7014 1.000000 4
7019 0.000000 5
7024 1.000000 5
7029 1.000000 5
7032 1.000000 3
7036 1.000000 4
7040 -1.000000 4
7043 1.000000 3
7046 1.000000 3
7051 1.000000 5
7055 -1.000000 4
7059 1.000000 4
7063 -1.000000 4
7067 1.000000 4
7070 1.000000 3
7074 1.000000 4
7079 1.000000 5
7083 -1.000000 4
7088 0.000000 5
7092 1.000000 4
7097 1.000000 5
7101 -1.000000 4
7105 1.000000 4
7110 1.000000 5
7113 1.000000 3
7118 0.000000 5
7123 0.000000 5
7128 1.000000 5
7133 1.000000 5
7138 1.000000 5
7141 1.000000 3
7145 1.000000 4
7148 1.000000 3
7151 1.000000 3
7154 -1.000000 3
7159 0.000000 5
7163 -1.000000 4
7167 -1.000000 4
7172 1.000000 5
7177 1.000000 5
7180 1.000000 3
7183 1.000000 3
7188 0.000000 5
7193 1.000000 5
7198 0.000000 5
7203 1.000000 5
7208 0.000000 5
7212 1.000000 4
7215 -1.000000 3
7220 0.000000 5
7223 -1.000000 3
7227 1.000000 4
7231 -1.000000 4
7236 1.000000 5
7241 0.000000 5
7246 1.000000 5
7250 1.000000 4
7255 0.000000 5
7260 0.000000 5
7263 1.000000 3
7267 1.000000 4
7271 1.000000 4
7275 -1.000000 4
7279 -1.000000 4
7284 1.000000 5
7287 -1.000000 3
7292 1.000000 5
7296 1.000000 4
7300 1.000000 4
7303 -1.000000 3
7308 1.000000 5
7312 -1.000000 4
7316 1.000000 4
7321 0.000000 5
7325 1.000000 4
7329 -1.000000 4
7334 1.000000 5
7338 1.000000 4
7341 -1.000000 3
7346 0.000000 5
7349 1.000000 3
7353 -1.000000 4
7358 0.000000 5
7362 1.000000 4
7367 1.000000 5
7371 1.000000 4
7376 0.000000 5
7380 1.000000 4
7385 1.000000 5
7390 1.000000 5
7394 1.000000 4
7399 1.000000 5
7404 0.000000 5
7409 1.000000 5
7413 1.000000 4
7417 1.000000 4
7422 1.000000 5
7426 -1.000000 4
7431 0.000000 5
7434 1.000000 3
7438 -1.000000 4
7441 1.000000 3
7444 1.000000 3
7449 1.000000 5
7453 1.000000 4
7458 1.000000 5
7461 -1.000000 3
7465 1.000000 4
7469 1.000000 4
7473 1.000000 4
7477 1.000000 4
7480 1.000000 3
7484 -1.000000 4
7489 1.000000 5
7493 -1.000000 4
7498 1.000000 5
7502 -1.000000 4
7505 1.000000 3
7509 1.000000 4
7512 -1.000000 3
7516 1.000000 4
7520 -1.000000 4
7525 0.000000 5
7530 1.000000 5
7533 1.000000 3
7537 -1.000000 4
7541 -1.000000 4
7546 0.000000 5
7550 1.000000 4
7554 -1.000000 4
7558 1.000000 4
7561 1.000000 3
7565 -1.000000 4
7569 1.000000 4
7574 1.000000 5
7577 -1.000000 3
7580 1.000000 3
7584 1.000000 4
7589 1.000000 5
7593 -1.000000 4
7597 1.000000 4
7602 0.000000 5
7606 1.000000 4
7611 0.000000 5
7616 1.000000 5
7619 -1.000000 3
7623 1.000000 4
7626 1.000000 3
7631 1.000000 5
7636 0.000000 5
7640 -1.000000 4
7645 1.000000 5
7648 -1.000000 3
7652 1.000000 4
7656 1.000000 4
7661 0.000000 5
7666 1.000000 5
7671 1.000000 5
7674 -1.000000 3
7679 1.000000 5
7684 0.000000 5
7688 1.000000 4
7692 1.000000 4
7696 -1.000000 4
7700 -1.000000 4
7704 1.000000 4
7708 1.000000 4
7712 -1.000000 4
7716 1.000000 4
7720 -1.000000 4
7724 1.000000 4
7729 1.000000 5
7734 1.000000 5
7739 1.000000 5
7743 1.000000 4
7747 -1.000000 4
7751 -1.000000 4
7755 1.000000 4
7760 0.000000 5
7763 -1.000000 3
7767 1.000000 4
7770 -1.000000 3
7774 -1.000000 4
7779 1.000000 5
7784 0.000000 5
7789 1.000000 5
7793 1.000000 4
7798 0.000000 5
7802 -1.000000 4
7805 -1.000000 3
7810 0.000000 5
7814 1.000000 4
7817 1.000000 3
7822 0.000000 5
7827 0.000000 5
7831 1.000000 4
7835 -1.000000 4
7840 0.000000 5
7844 -1.000000 4
7847 1.000000 3
7851 -1.000000 4
7854 -1.000000 3
7858 1.000000 4
7862 1.000000 4
7866 1.000000 4
7870 -1.000000 4
7875 1.000000 5
7879 -1.000000 4
7883 -1.000000 4
7888 0.000000 5
7893 1.000000 5
7898 1.000000 5
7902 1.000000 4
7907 1.000000 5
7911 -1.000000 4
7915 1.000000 4
7919 -1.000000 4
7922 1.000000 3
7925 1.000000 3
7929 1.000000 4
7933 1.000000 4
7937 1.000000 4
7941 1.000000 4
7945 1.000000 4
7949 1.000000 4
7954 1.000000 5
7958 1.000000 4
7962 1.000000 4
7966 1.000000 4
7970 1.000000 4
7974 -1.000000 4
7978 -1.000000 4
7982 -1.000000 4
7986 1.000000 4
7990 -1.000000 4
7994 -1.000000 4
7999 1.000000 5
8003 -1.000000 4
8006 -1.000000 3
8009 -1.000000 3
8013 -1.000000 4
8018 0.000000 5
8022 1.000000 4
8025 1.000000 3
8029 -1.000000 4
8034 0.000000 5
8038 1.000000 4
8043 0.000000 5
8047 1.000000 4
8052 1.000000 5
8055 1.000000 3
8059 -1.000000 4
8062 -1.000000 3
8065 1.000000 3
8069 1.000000 4
8074 1.000000 5
8077 1.000000 3
8081 1.000000 4
8086 1.000000 5
8090 -1.000000 4
8093 1.000000 3
8098 1.000000 5
8101 -1.000000 3
8104 1.000000 3
8108 1.000000 4
8112 1.000000 4
8116 -1.000000 4
8121 0.000000 5
8125 -1.000000 4
8128 1.000000 3
8133 1.000000 5
8138 0.000000 5
8142 1.000000 4
8146 1.000000 4
8149 -1.000000 3
8153 -1.000000 4
8157 1.000000 4
8160 1.000000 3
8165 1.000000 5
8169 -1.000000 4
8173 1.000000 4
8178 1.000000 5
8182 1.000000 4
8187 1.000000 5
8190 1.000000 3
8193 -1.000000 3
8198 1.000000 5
8203 1.000000 5
8207 1.000000 4
8210 -1.000000 3
8213 -1.000000 3
8217 1.000000 4
8221 1.000000 4
8225 -1.000000 4
8229 1.000000 4
8233 -1.000000 4
8237 -1.000000 4
8241 1.000000 4
8246 1.000000 5
8250 -1.000000 4
8254 1.000000 4
8257 1.000000 3
8260 -1.000000 3
8265 1.000000 5
8269 1.000000 4
8273 -1.000000 4
8278 1.000000 5
8282 1.000000 4
8287 1.000000 5
8291 1.000000 4
8294 1.000000 3
8298 -1.000000 4
8301 -1.000000 3
8306 1.000000 5
8311 0.000000 5
8316 0.000000 5
8321 0.000000 5
8324 -1.000000 3
8329 0.000000 5
8333 1.000000 4
8337 1.000000 4
8342 1.000000 5
8347 1.000000 5
8352 1.000000 5
8356 1.000000 4
8359 -1.000000 3
8362 -1.000000 3
8367 1.000000 5
8371 1.000000 4
8374 1.000000 3
8379 0.000000 5
8382 -1.000000 3
8385 1.000000 3
8390 1.000000 5
8393 -1.000000 3
8398 1.000000 5
8402 1.000000 4
8406 1.000000 4
8411 1.000000 5
8415 1.000000 4
8419 1.000000 4
8423 1.000000 4
8426 -1.000000 3
8430 1.000000 4
8434 -1.000000 4
8438 -1.000000 4
8442 1.000000 4
8445 -1.000000 3
8449 1.000000 4
8452 1.000000 3
8457 0.000000 5
8462 0.000000 5
8467 0.000000 5
8471 1.000000 4
8476 1.000000 5
8481 0.000000 5
8484 1.000000 3
8489 0.000000 5
8493 1.000000 4
8498 1.000000 5
8503 0.000000 5
8508 1.000000 5
8512 1.000000 4
8517 1.000000 5
8521 1.000000 4
8526 0.000000 5
8530 1.000000 4
8533 1.000000 3
8537 1.000000 4
8541 -1.000000 4
8545 1.000000 4
8550 1.000000 5
8555 1.000000 5
8560 0.000000 5
8563 1.000000 3
8567 1.000000 4
8571 1.000000 4
8576 1.000000 5
8581 1.000000 5
8586 1.000000 5
8590 -1.000000 4
8594 -1.000000 4
8599 1.000000 5
8603 1.000000 4
8607 1.000000 4
8611 1.000000 4
8615 1.000000 4
8620 0.000000 5
8625 0.000000 5
8630 1.000000 5
8634 -1.000000 4
8638 1.000000 4
8643 1.000000 5
8647 1.000000 4
8651 -1.000000 4
8654 -1.000000 3
8659 1.000000 5
8663 1.000000 4
8667 1.000000 4
8671 1.000000 4
8675 -1.000000 4
8679 1.000000 4
8682 -1.000000 3
8686 -1.000000 4
8689 -1.000000 3
8694 0.000000 5
8699 1.000000 5
8703 -1.000000 4
8708 1.000000 5
8712 -1.000000 4
8717 1.000000 5
8721 1.000000 4
8724 -1.000000 3
8729 1.000000 5
8734 0.000000 5
8739 1.000000 5
8743 -1.000000 4
8748 1.000000 5
8751 1.000000 3
8756 1.000000 5
8760 1.000000 4
8765 1.000000 5
8770 1.000000 5
8774 1.000000 4
8779 1.000000 5
8783 -1.000000 4
8787 -1.000000 4
8792 1.000000 5
8797 1.000000 5
8800 1.000000 3
8805 0.000000 5
8809 -1.000000 4
8813 -1.000000 4
8817 -1.000000 4
8821 1.000000 4
8825 1.000000 4
8828 1.000000 3
8832 1.000000 4
8836 1.000000 4
8840 1.000000 4
8845 1.000000 5
8849 1.000000 4
8854 1.000000 5
8859 1.000000 5
8863 -1.000000 4
8866 -1.000000 3
8869 -1.000000 3
8873 1.000000 4
8876 -1.000000 3
8880 1.000000 4
8883 1.000000 3
8888 1.000000 5
8891 -1.000000 3
8896 0.000000 5
8900 1.000000 4
8904 -1.000000 4
8909 1.000000 5
8913 1.000000 4
8916 1.000000 3
8920 -1.000000 4
8924 1.000000 4
8928 1.000000 4
8932 1.000000 4
8936 1.000000 4
8941 1.000000 5
8945 1.000000 4
8948 -1.000000 3
8951 1.000000 3
8955 1.000000 4
8959 -1.000000 4
8963 -1.000000 4
8967 -1.000000 4
8971 -1.000000 4
8975 -1.000000 4
8978 1.000000 3
8982 -1.000000 4
8986 1.000000 4
8990 1.000000 4
8993 1.000000 3
8997 -1.000000 4
9001 1.000000 4
9005 1.000000 4
9010 1.000000 5
9015 0.000000 5
9019 1.000000 4
9022 -1.000000 3
9025 1.000000 3
9030 0.000000 5
9034 -1.000000 4
9039 0.000000 5
9044 1.000000 5
9048 1.000000 4
9052 -1.000000 4
9056 -1.000000 4
9060 -1.000000 4
9065 1.000000 5
9069 1.000000 4
9074 0.000000 5
9078 1.000000 4
9082 -1.000000 4
9086 -1.000000 4
9091 1.000000 5
9095 -1.000000 4
9100 1.000000 5
9105 1.000000 5
9110 0.000000 5
9115 1.000000 5
9120 1.000000 5
9125 0.000000 5
9129 1.000000 4
9133 -1.000000 4
9138 0.000000 5
9141 -1.000000 3
9144 -1.000000 3
9148 -1.000000 4
9153 1.000000 5
9157 1.000000 4
9160 1.000000 3
9165 0.000000 5
9169 1.000000 4
9173 -1.000000 4
9178 1.000000 5
9183 0.000000 5
9187 1.000000 4
9190 -1.000000 3
9194 1.000000 4
9197 -1.000000 3
9201 1.000000 4
9205 -1.000000 4
9209 1.000000 4
9213 1.000000 4
9217 1.000000 4
9220 1.000000 3
9225 0.000000 5
9230 1.000000 5
9235 1.000000 5
9239 1.000000 4
9244 0.000000 5
9248 1.000000 4
9252 -1.000000 4
9257 0.000000 5
9261 -1.000000 4
9265 1.000000 4
9269 1.000000 4
9274 1.000000 5
9278 -1.000000 4
9282 1.000000 4
9285 1.000000 3
9288 1.000000 3
9293 0.000000 5
9296 -1.000000 3
9299 1.000000 3
9303 -1.000000 4
9307 1.000000 4
9312 0.000000 5
9315 -1.000000 3
9319 -1.000000 4
9324 1.000000 5
9327 -1.000000 3
9332 1.000000 5
9337 1.000000 5
9342 0.000000 5
9347 0.000000 5
9351 1.000000 4
9355 -1.000000 4
9359 1.000000 4
9364 1.000000 5
9368 1.000000 4
9373 1.000000 5
9376 1.000000 3
9379 1.000000 3
9382 -1.000000 3
9386 -1.000000 4
9390 1.000000 4
9395 1.000000 5
9399 1.000000 4
9402 1.000000 3
9407 1.000000 5
9412 0.000000 5
9417 0.000000 5
9420 -1.000000 3
9423 -1.000000 3
9427 -1.000000 4
9430 1.000000 3
9433 1.000000 3
9436 1.000000 3
9440 -1.000000 4
9444 -1.000000 4
9449 1.000000 5
9453 1.000000 4
9458 0.000000 5
9462 1.000000 4
9467 1.000000 5
9472 1.000000 5
9475 -1.000000 3
9478 1.000000 3
9482 -1.000000 4
9487 0.000000 5
9492 0.000000 5
9496 -1.000000 4
9501 0.000000 5
9505 1.000000 4
9510 0.000000 5
9514 1.000000 4
9518 1.000000 4
9522 1.000000 4
9527 1.000000 5
9532 1.000000 5
9536 1.000000 4
9541 0.000000 5
9545 1.000000 4
9549 1.000000 4
9554 0.000000 5
9558 -1.000000 4
9561 1.000000 3
9566 1.000000 5
9570 1.000000 4
9574 1.000000 4
9578 1.000000 4
9582 1.000000 4
9587 1.000000 5
9592 0.000000 5
9596 -1.000000 4
9601 0.000000 5
9605 1.000000 4
9609 1.000000 4
9614 1.000000 5
9619 0.000000 5
9623 1.000000 4
9626 1.000000 3
9631 1.000000 5
9635 1.000000 4
9638 -1.000000 3
9642 1.000000 4
9647 1.000000 5
9650 -1.000000 3
9654 -1.000000 4
9659 0.000000 5
9662 1.000000 3
9667 1.000000 5
9671 1.000000 4
9675 -1.000000 4
9680 1.000000 5
9683 1.000000 3
9687 1.000000 4
9692 1.000000 5
9696 -1.000000 4
9701 1.000000 5
9705 1.000000 4
9709 1.000000 4
9713 1.000000 4
9717 1.000000 4
9720 1.000000 3
9725 1.000000 5
9729 -1.000000 4
9733 1.000000 4
9738 0.000000 5
9743 1.000000 5
9747 1.000000 4
9751 -1.000000 4
9756 1.000000 5
9761 1.000000 5
9765 1.000000 4
9769 1.000000 4
9773 -1.000000 4
9777 1.000000 4
9781 -1.000000 4
9785 1.000000 4
9788 -1.000000 3
9792 1.000000 4
9797 0.000000 5
9802 0.000000 5
9807 0.000000 5
9810 1.000000 3
9814 1.000000 4
9818 1.000000 4
9822 -1.000000 4
9827 1.000000 5
9831 1.000000 4
9835 1.000000 4
9839 1.000000 4
9843 1.000000 4
9846 -1.000000 3
9850 1.000000 4
9853 -1.000000 3
9858 0.000000 5
9862 -1.000000 4
9867 1.000000 5
9871 1.000000 4
9875 -1.000000 4
9879 1.000000 4
9884 1.000000 5
9888 -1.000000 4
9893 1.000000 5
9896 1.000000 3
9901 0.000000 5
9905 1.000000 4
9910 0.000000 5
9914 1.000000 4
9918 -1.000000 4
9922 1.000000 4
9926 1.000000 4
9929 -1.000000 3
9934 0.000000 5
9939 0.000000 5
9943 -1.000000 4
9946 -1.000000 3
9951 0.000000 5
9956 1.000000 5
9961 1.000000 5
9965 1.000000 4
9970 1.000000 5
9975 1.000000 5
9979 1.000000 4
9983 -1.000000 4
9988 0.000000 5
9991 1.000000 3
9996 0.000000 5
10001 1.000000 5
10004 -1.000000 3
10007 -1.000000 3
10010 -1.000000 3
10013 -1.000000 3
10016 -1.000000 3
10019 -1.000000 3
10022 -1.000000 3
10025 -1.000000 3
10028 -1.000000 3
10031 -1.000000 3
10034 -1.000000 3
10037 -1.000000 3
10040 -1.000000 3
10043 -1.000000 3
10046 -1.000000 3
10049 -1.000000 3
10052 -1.000000 3
10055 -1.000000 3
10058 -1.000000 3
10061 -1.000000 3
10064 -1.000000 3
10067 -1.000000 3
10070 -1.000000 3
10073 -1.000000 3
10076 -1.000000 3
10079 -1.000000 3
10082 -1.000000 3
10085 -1.000000 3
10088 -1.000000 3
10091 -1.000000 3
10094 -1.000000 3
10097 -1.000000 3
10100 -1.000000 3
10103 -1.000000 3
10106 -1.000000 3
10109 -1.000000 3
10112 -1.000000 3
10115 -1.000000 3
10118 -1.000000 3
10121 -1.000000 3
10124 -1.000000 3
10127 -1.000000 3
10130 -1.000000 3
10133 -1.000000 3
10136 -1.000000 3
10139 -1.000000 3
10142 -1.000000 3
10145 -1.000000 3
10148 -1.000000 3
10151 -1.000000 3
10154 -1.000000 3
10157 -1.000000 3
10160 -1.000000 3
10163 -1.000000 3
10166 -1.000000 3
10169 -1.000000 3
10172 -1.000000 3
10175 -1.000000 3
10178 -1.000000 3
10181 -1.000000 3
10184 -1.000000 3
10187 -1.000000 3
10190 -1.000000 3
10193 -1.000000 3
10196 -1.000000 3
10199 -1.000000 3
10202 -1.000000 3
10205 -1.000000 3
10208 -1.000000 3
10211 -1.000000 3
10214 -1.000000 3
10217 -1.000000 3
10220 -1.000000 3
10223 -1.000000 3
10226 -1.000000 3
10229 -1.000000 3
10232 -1.000000 3
10235 -1.000000 3
10238 -1.000000 3
10241 -1.000000 3
10244 -1.000000 3
10247 -1.000000 3
10250 -1.000000 3
10253 -1.000000 3
10256 -1.000000 3
10259 -1.000000 3
10262 -1.000000 3
10265 -1.000000 3
10268 -1.000000 3
10271 -1.000000 3
10274 -1.000000 3
10277 -1.000000 3
10280 -1.000000 3
10283 -1.000000 3
10286 -1.000000 3
10289 -1.000000 3
10292 -1.000000 3
10295 -1.000000 3
10298 -1.000000 3
10301 -1.000000 3
10304 -1.000000 3
10307 -1.000000 3
10310 -1.000000 3
10313 -1.000000 3
10316 -1.000000 3
10319 -1.000000 3
10322 -1.000000 3
10325 -1.000000 3
10328 -1.000000 3
10331 -1.000000 3
10334 -1.000000 3
10337 -1.000000 3
10340 -1.000000 3
10343 -1.000000 3
10346 -1.000000 3
10349 -1.000000 3
10352 -1.000000 3
10355 -1.000000 3
10358 -1.000000 3
10361 -1.000000 3
10364 -1.000000 3
10367 -1.000000 3
10370 -1.000000 3
10373 -1.000000 3
10376 -1.000000 3
10379 -1.000000 3
10382 -1.000000 3
10385 -1.000000 3
10388 -1.000000 3
10391 -1.000000 3
10394 -1.000000 3
10397 -1.000000 3
10400 -1.000000 3
10403 -1.000000 3
10406 -1.000000 3
10409 -1.000000 3
10412 -1.000000 3
10415 -1.000000 3
10418 -1.000000 3
10421 -1.000000 3
10424 -1.000000 3
10427 -1.000000 3
10430 -1.000000 3
10433 -1.000000 3
10436 -1.000000 3
10439 -1.000000 3
10442 -1.000000 3
10445 -1.000000 3
10448 -1.000000 3
10451 -1.000000 3
10454 -1.000000 3
10457 -1.000000 3
10460 -1.000000 3
10463 -1.000000 3
10466 -1.000000 3
10469 -1.000000 3
10472 -1.000000 3
10475 -1.000000 3
10478 -1.000000 3
10481 -1.000000 3
10484 -1.000000 3
10487 -1.000000 3
10490 -1.000000 3
10493 -1.000000 3
10496 -1.000000 3
10499 -1.000000 3
10502 -1.000000 3
10505 -1.000000 3
10508 -1.000000 3
10511 -1.000000 3
10514 -1.000000 3
10517 -1.000000 3
10520 -1.000000 3
10523 -1.000000 3
10526 -1.000000 3
10529 -1.000000 3
10532 -1.000000 3
10535 -1.000000 3
10538 -1.000000 3
10541 -1.000000 3
10544 -1.000000 3
10547 -1.000000 3
10550 -1.000000 3
10553 -1.000000 3
10556 -1.000000 3
10559 -1.000000 3
10562 -1.000000 3
10565 -1.000000 3
10568 -1.000000 3
10571 -1.000000 3
10574 -1.000000 3
10577 -1.000000 3
10580 -1.000000 3
10583 -1.000000 3
10586 -1.000000 3
10589 -1.000000 3
10592 -1.000000 3
10595 -1.000000 3
10598 -1.000000 3
10601 -1.000000 3
10604 -1.000000 3
10607 -1.000000 3
10610 -1.000000 3
10613 -1.000000 3
10616 -1.000000 3
10619 -1.000000 3
10622 -1.000000 3
10625 -1.000000 3
10628 -1.000000 3
10631 -1.000000 3
10634 -1.000000 3
10637 -1.000000 3
10640 -1.000000 3
10643 -1.000000 3
10646 -1.000000 3
10649 -1.000000 3
10652 -1.000000 3
10655 -1.000000 3
10658 -1.000000 3
10661 -1.000000 3
10664 -1.000000 3
10667 -1.000000 3
10670 -1.000000 3
10673 -1.000000 3
10676 -1.000000 3
10679 -1.000000 3
10682 -1.000000 3
10685 -1.000000 3
10688 -1.000000 3
10691 -1.000000 3
10694 -1.000000 3
10697 -1.000000 3
10700 -1.000000 3
10703 -1.000000 3
10706 -1.000000 3
10709 -1.000000 3
10712 -1.000000 3
10715 -1.000000 3
10718 -1.000000 3
10721 -1.000000 3
10724 -1.000000 3
10727 -1.000000 3
10730 -1.000000 3
10733 -1.000000 3
10736 -1.000000 3
10739 -1.000000 3
10742 -1.000000 3
10745 -1.000000 3
10748 -1.000000 3
10751 -1.000000 3
10754 -1.000000 3
10757 -1.000000 3
10760 -1.000000 3
10763 -1.000000 3
10766 -1.000000 3
10769 -1.000000 3
10772 -1.000000 3
10775 -1.000000 3
10778 -1.000000 3
10781 -1.000000 3
10784 -1.000000 3
10787 -1.000000 3
10790 -1.000000 3
10793 -1.000000 3
10796 -1.000000 3
10799 -1.000000 3
10802 -1.000000 3
10805 -1.000000 3
10808 -1.000000 3
10811 -1.000000 3
10814 -1.000000 3
10817 -1.000000 3
10820 -1.000000 3
10823 -1.000000 3
10826 -1.000000 3
10829 -1.000000 3
10832 -1.000000 3
10835 -1.000000 3
10838 -1.000000 3
10841 -1.000000 3
10844 -1.000000 3
10847 -1.000000 3
10850 -1.000000 3
10853 -1.000000 3
10856 -1.000000 3
10859 -1.000000 3
10862 -1.000000 3
10865 -1.000000 3
10868 -1.000000 3
10871 -1.000000 3
10874 -1.000000 3
10877 -1.000000 3
10880 -1.000000 3
10883 -1.000000 3
10886 -1.000000 3
10889 -1.000000 3
10892 -1.000000 3
10895 -1.000000 3
10898 -1.000000 3
10901 -1.000000 3
10904 -1.000000 3
10907 -1.000000 3
10910 -1.000000 3
10913 -1.000000 3
10916 -1.000000 3
10919 -1.000000 3
10922 -1.000000 3
10925 -1.000000 3
10928 -1.000000 3
10931 -1.000000 3
10934 -1.000000 3
10937 -1.000000 3
10940 -1.000000 3
10943 -1.000000 3
10946 -1.000000 3
10949 -1.000000 3
10952 -1.000000 3
10955 -1.000000 3
10958 -1.000000 3
10961 -1.000000 3
10964 -1.000000 3
10967 -1.000000 3
10970 -1.000000 3
10973 -1.000000 3
10976 -1.000000 3
10979 -1.000000 3
10982 -1.000000 3
10985 -1.000000 3
10988 -1.000000 3
10991 -1.000000 3
10994 -1.000000 3
10997 -1.000000 3
11000 -1.000000 3
11003 -1.000000 3
11007 1.000000 4
11011 1.000000 4
11014 1.000000 3
11018 1.000000 4
11022 -1.000000 4
11026 1.000000 4
11030 1.000000 4
11033 1.000000 3
11037 1.000000 4
11040 1.000000 3
11044 1.000000 4
11048 1.000000 4
11051 1.000000 3
11054 1.000000 3
11058 1.000000 4
11061 1.000000 3
11064 1.000000 3
11068 1.000000 4
11072 1.000000 4
11076 1.000000 4
11080 1.000000 4
11084 1.000000 4
11089 0.000000 5
11093 1.000000 4
11097 1.000000 4
11101 1.000000 4
11104 1.000000 3
11109 0.000000 5
11112 1.000000 3
11117 0.000000 5
11120 -1.000000 3
11124 1.000000 4
11128 1.000000 4
11132 1.000000 4
11136 1.000000 4
11140 1.000000 4
11144 1.000000 4
11147 1.000000 3
11151 1.000000 4
11155 1.000000 4
11159 1.000000 4
11162 -1.000000 3
11165 -1.000000 3
11168 -1.000000 3
11172 1.000000 4
11176 1.000000 4
11180 1.000000 4
11184 1.000000 4
11188 1.000000 4
11192 1.000000 4
11196 1.000000 4
11200 1.000000 4
11205 0.000000 5
11208 1.000000 3
11212 1.000000 4
11216 1.000000 4
11220 1.000000 4
11224 1.000000 4
11228 1.000000 4
11232 1.000000 4
11236 1.000000 4
11240 1.000000 4
11243 1.000000 3
11246 1.000000 3
11250 1.000000 4
11254 1.000000 4
11257 -1.000000 3
11260 1.000000 3
11264 1.000000 4
11267 1.000000 3
11271 1.000000 4
11275 1.000000 4
11278 -1.000000 3
11281 -1.000000 3
11285 1.000000 4
11289 1.000000 4
11292 -1.000000 3
11296 -1.000000 4
11300 1.000000 4
11303 1.000000 3
11307 1.000000 4
11311 1.000000 4
11315 1.000000 4
11319 1.000000 4
11323 -1.000000 4
11327 1.000000 4
11331 -1.000000 4
11335 1.000000 4
11338 -1.000000 3
11343 0.000000 5
11347 1.000000 4
11351 1.000000 4
11355 1.000000 4
11359 1.000000 4
11363 1.000000 4
11366 1.000000 3
11369 -1.000000 3
11373 1.000000 4
11377 1.000000 4
11382 0.000000 5
11386 1.000000 4
11390 1.000000 4
11394 1.000000 4
11398 1.000000 4
11402 1.000000 4
11406 1.000000 4
11410 1.000000 4
11414 1.000000 4
11417 1.000000 3
11421 1.000000 4
11424 1.000000 3
11428 1.000000 4
11432 1.000000 4
11436 1.000000 4
11440 1.000000 4
11443 1.000000 3
11447 1.000000 4
11451 1.000000 4
11454 -1.000000 3
11457 -1.000000 3
11461 1.000000 4
11464 -1.000000 3
11468 1.000000 4
11472 1.000000 4
11476 1.000000 4
11480 1.000000 4
11484 1.000000 4
11488 1.000000 4
11491 -1.000000 3
11495 1.000000 4
11499 1.000000 4
11503 -1.000000 4
11506 1.000000 3
11509 1.000000 3
11513 1.000000 4
11517 1.000000 4
11520 1.000000 3
11524 1.000000 4
11528 1.000000 4
11532 -1.000000 4
11536 1.000000 4
11540 1.000000 4
11544 -1.000000 4
11548 1.000000 4
11552 1.000000 4
11556 1.000000 4
11560 -1.000000 4
11564 1.000000 4
11568 1.000000 4
11572 1.000000 4
11576 1.000000 4
11580 1.000000 4
11584 1.000000 4
11587 1.000000 3
11592 0.000000 5
11595 1.000000 3
11599 1.000000 4
11603 1.000000 4
11607 1.000000 4
11610 1.000000 3
11613 1.000000 3
11616 1.000000 3
11620 1.000000 4
11624 1.000000 4
11628 1.000000 4
11632 1.000000 4
11636 1.000000 4
11640 1.000000 4
11644 1.000000 4
11648 1.000000 4
11652 1.000000 4
11655 1.000000 3
11659 1.000000 4
11663 1.000000 4
11667 1.000000 4
11671 1.000000 4
11674 1.000000 3
11677 1.000000 3
11681 1.000000 4
11685 1.000000 4
11689 1.000000 4
11692 1.000000 3
11696 1.000000 4
11700 1.000000 4
11703 1.000000 3
11707 1.000000 4
11711 1.000000 4
11715 1.000000 4
11718 1.000000 3
11722 1.000000 4
11726 1.000000 4
11730 1.000000 4
11734 1.000000 4
11738 1.000000 4
11741 1.000000 3
11745 1.000000 4
11748 1.000000 3
11752 1.000000 4
11756 1.000000 4
11759 1.000000 3
11763 1.000000 4
11766 1.000000 3
11769 1.000000 3
11773 1.000000 4
11777 1.000000 4
11780 -1.000000 3
11784 1.000000 4
11788 -1.000000 4
11792 1.000000 4
11796 1.000000 4
11800 1.000000 4
11803 1.000000 3
11806 1.000000 3
11810 1.000000 4
11814 1.000000 4
11818 1.000000 4
11822 -1.000000 4
11825 1.000000 3
11829 1.000000 4
11833 1.000000 4
11837 1.000000 4
11841 1.000000 4
11845 1.000000 4
11848 -1.000000 3
11852 1.000000 4
11856 1.000000 4
11860 1.000000 4
11864 1.000000 4
11868 1.000000 4
11872 1.000000 4
11877 0.000000 5
11881 1.000000 4
11885 1.000000 4
11889 1.000000 4
11893 1.000000 4
11897 1.000000 4
11901 1.000000 4
11904 1.000000 3
11908 1.000000 4
11913 0.000000 5
11917 1.000000 4
11922 0.000000 5
11926 1.000000 4
11930 1.000000 4
11934 -1.000000 4
11937 1.000000 3
11940 1.000000 3
11944 1.000000 4
11948 1.000000 4
11952 1.000000 4
11956 1.000000 4
11960 1.000000 4
11964 1.000000 4
11968 1.000000 4
11972 1.000000 4
11976 1.000000 4
11980 1.000000 4
11984 1.000000 4
11988 1.000000 4
11992 1.000000 4
11996 1.000000 4
12000 1.000000 4
12004 1.000000 4
12007 1.000000 3
12010 -1.000000 3
12014 1.000000 4
12017 1.000000 3
12021 1.000000 4
12024 1.000000 3
12029 0.000000 5
12032 1.000000 3
12036 1.000000 4
12040 1.000000 4
12044 1.000000 4
12048 -1.000000 4
12052 1.000000 4
12056 1.000000 4
12060 1.000000 4
12064 1.000000 4
12068 1.000000 4
12072 1.000000 4
12076 1.000000 4
12080 1.000000 4
12084 1.000000 4
12088 1.000000 4
12092 1.000000 4
12096 1.000000 4
12100 1.000000 4
12104 1.000000 4
12108 1.000000 4
12111 1.000000 3
12115 1.000000 4
12119 1.000000 4
12123 1.000000 4
12127 1.000000 4
12131 1.000000 4
12135 1.000000 4
12139 1.000000 4
12143 1.000000 4
12147 1.000000 4
12151 1.000000 4
12155 1.000000 4
12159 1.000000 4
12163 1.000000 4
12166 1.000000 3
12170 1.000000 4
12173 -1.000000 3
12177 1.000000 4
12181 1.000000 4
12186 0.000000 5
12190 1.000000 4
12193 1.000000 3
12197 1.000000 4
12200 -1.000000 3
12203 1.000000 3
12207 1.000000 4
12211 1.000000 4
12214 1.000000 3
12218 1.000000 4
12222 1.000000 4
12225 -1.000000 3
12229 1.000000 4
12233 1.000000 4
12237 1.000000 4
12241 1.000000 4
12245 1.000000 4
12249 1.000000 4
12253 1.000000 4
12256 1.000000 3
12260 1.000000 4
12264 1.000000 4
12268 1.000000 4
12272 1.000000 4
12275 -1.000000 3
12278 1.000000 3
12281 -1.000000 3
12285 1.000000 4
12288 -1.000000 3
12292 1.000000 4
12296 1.000000 4
12299 1.000000 3
12302 1.000000 3
12306 1.000000 4
12310 -1.000000 4
12314 1.000000 4
12317 -1.000000 3
12321 1.000000 4
12325 1.000000 4
12329 1.000000 4
12333 1.000000 4
12336 1.000000 3
12339 -1.000000 3
12343 1.000000 4
12347 1.000000 4
12351 1.000000 4
12354 1.000000 3
12358 1.000000 4
12362 1.000000 4
12366 1.000000 4
12369 1.000000 3
12373 1.000000 4
12377 1.000000 4
12381 1.000000 4
12385 1.000000 4
12389 1.000000 4
12393 1.000000 4
12397 1.000000 4
12401 1.000000 4
12405 1.000000 4
12408 1.000000 3
12412 1.000000 4
12416 1.000000 4
12420 1.000000 4
12424 1.000000 4
12429 0.000000 5
12433 1.000000 4
12436 1.000000 3
12440 1.000000 4
12444 -1.000000 4
12447 1.000000 3
12452 0.000000 5
12456 1.000000 4
12460 1.000000 4
12463 1.000000 3
12466 1.000000 3
12469 1.000000 3
12473 1.000000 4
12477 1.000000 4
12481 1.000000 4
12485 1.000000 4
12489 1.000000 4
12493 1.000000 4
12497 1.000000 4
12501 1.000000 4
12504 1.000000 3
12508 1.000000 4
12512 1.000000 4
12516 1.000000 4
12519 1.000000 3
12522 1.000000 3
12526 -1.000000 4
12529 1.000000 3
12533 1.000000 4
12537 1.000000 4
12541 1.000000 4
12544 1.000000 3
12548 1.000000 4
12552 1.000000 4
12556 1.000000 4
12560 1.000000 4
12564 1.000000 4
12568 1.000000 4
12571 -1.000000 3
12575 1.000000 4
12578 1.000000 3
12581 1.000000 3
12585 -1.000000 4
12588 1.000000 3
12592 1.000000 4
12596 1.000000 4
12600 1.000000 4
12603 1.000000 3
12607 1.000000 4
12611 1.000000 4
12615 1.000000 4
12619 1.000000 4
12623 1.000000 4
12627 1.000000 4
12631 1.000000 4
12636 1.000000 5
12640 1.000000 4
12644 1.000000 4
12648 1.000000 4
12653 0.000000 5
12657 1.000000 4
12661 1.000000 4
12665 1.000000 4
12668 -1.000000 3
12672 1.000000 4
12676 1.000000 4
12679 -1.000000 3
12683 1.000000 4
12687 1.000000 4
12691 1.000000 4
12695 1.000000 4
12699 1.000000 4
12703 1.000000 4
12706 -1.000000 3
12710 1.000000 4
12714 1.000000 4
12718 1.000000 4
12722 1.000000 4
12725 1.000000 3
12729 1.000000 4
12733 1.000000 4
12737 1.000000 4
12741 1.000000 4
12745 1.000000 4
12749 1.000000 4
12753 1.000000 4
12757 1.000000 4
12761 1.000000 4
12766 0.000000 5
12770 1.000000 4
12774 1.000000 4
12778 1.000000 4
12782 1.000000 4
12786 1.000000 4
12789 -1.000000 3
12793 1.000000 4
12796 1.000000 3
12799 -1.000000 3
12803 1.000000 4
12807 1.000000 4
12811 1.000000 4
12815 1.000000 4
12819 1.000000 4
12823 1.000000 4
12827 1.000000 4
12831 1.000000 4
12834 1.000000 3
12839 0.000000 5
12842 1.000000 3
12846 1.000000 4
12850 1.000000 4
12854 1.000000 4
12859 1.000000 5
12863 1.000000 4
12867 1.000000 4
12871 1.000000 4
12874 1.000000 3
12878 1.000000 4
12881 1.000000 3
12885 1.000000 4
12889 1.000000 4
12892 1.000000 3
12896 1.000000 4
12901 0.000000 5
12905 1.000000 4
12908 1.000000 3
12911 -1.000000 3
12915 1.000000 4
12918 1.000000 3
12922 1.000000 4
12925 1.000000 3
12929 1.000000 4
12933 -1.000000 4
12937 -1.000000 4
12940 1.000000 3
12943 1.000000 3
12947 1.000000 4
12951 1.000000 4
12954 1.000000 3
12958 1.000000 4
12962 1.000000 4
12965 1.000000 3
12968 1.000000 3
12972 1.000000 4
12976 1.000000 4
12980 1.000000 4
12983 1.000000 3
12987 1.000000 4
12991 1.000000 4
12994 1.000000 3
12998 1.000000 4
13003 0.000000 5
13007 1.000000 4
13011 1.000000 4
13014 1.000000 3
13017 1.000000 3
13021 1.000000 4
13025 1.000000 4
13029 -1.000000 4
13032 -1.000000 3
13036 1.000000 4
13039 -1.000000 3
13043 1.000000 4
13047 1.000000 4
13051 1.000000 4
13055 1.000000 4
13059 1.000000 4
13063 1.000000 4
13067 1.000000 4
13071 1.000000 4
13075 1.000000 4
13079 1.000000 4
13082 -1.000000 3
13086 1.000000 4
13089 -1.000000 3
13093 1.000000 4
13097 1.000000 4
13100 1.000000 3
13104 1.000000 4
13108 1.000000 4
13112 1.000000 4
13116 1.000000 4
13120 1.000000 4
13124 1.000000 4
13128 1.000000 4
13132 -1.000000 4
13135 1.000000 3
13139 1.000000 4
13144 0.000000 5
13148 1.000000 4
13152 1.000000 4
13155 1.000000 3
13159 1.000000 4
13163 1.000000 4
13166 1.000000 3
13170 1.000000 4
13174 1.000000 4
13178 1.000000 4
13181 1.000000 3
13185 1.000000 4
13190 0.000000 5
13193 -1.000000 3
13197 1.000000 4
13200 -1.000000 3
13204 1.000000 4
13208 1.000000 4
13212 1.000000 4
13216 1.000000 4
13220 1.000000 4
13224 -1.000000 4
13228 1.000000 4
13231 1.000000 3
13235 1.000000 4
13239 1.000000 4
13243 1.000000 4
13247 1.000000 4
13250 -1.000000 3
13254 1.000000 4
13258 1.000000 4
13262 1.000000 4
13266 1.000000 4
13270 1.000000 4
13274 1.000000 4
13278 1.000000 4
13283 0.000000 5
13287 1.000000 4
13291 1.000000 4
13295 1.000000 4
13299 1.000000 4
13303 1.000000 4
13307 1.000000 4
13310 1.000000 3
13314 1.000000 4
13318 1.000000 4
13322 1.000000 4
13327 0.000000 5
13331 1.000000 4
13335 -1.000000 4
13339 1.000000 4
13343 1.000000 4
13347 1.000000 4
13351 1.000000 4
13355 1.000000 4
13359 -1.000000 4
13363 1.000000 4
13367 1.000000 4
13371 1.000000 4
13374 1.000000 3
13377 1.000000 3
13380 1.000000 3
13383 1.000000 3
13387 1.000000 4
13391 1.000000 4
13395 1.000000 4
13398 -1.000000 3
13402 1.000000 4
13406 1.000000 4
13411 0.000000 5
13415 1.000000 4
13418 1.000000 3
13422 1.000000 4
13426 1.000000 4
13429 1.000000 3
13433 1.000000 4
13437 1.000000 4
13441 1.000000 4
13445 1.000000 4
13449 1.000000 4
13453 1.000000 4
13457 -1.000000 4
13461 1.000000 4
13465 -1.000000 4
13469 1.000000 4
13473 1.000000 4
13477 1.000000 4
13481 1.000000 4
13485 1.000000 4
13489 1.000000 4
13492 1.000000 3
13496 1.000000 4
13499 1.000000 3
13502 -1.000000 3
13506 -1.000000 4
13511 1.000000 5
13514 1.000000 3
13517 1.000000 3
13521 1.000000 4
13525 1.000000 4
13529 1.000000 4
13533 1.000000 4
13537 1.000000 4
13540 1.000000 3
13544 1.000000 4
13548 1.000000 4
13552 1.000000 4
13556 1.000000 4
13560 1.000000 4
13563 1.000000 3
13567 1.000000 4
13571 1.000000 4
13575 1.000000 4
13579 1.000000 4
13583 1.000000 4
13587 1.000000 4
13590 -1.000000 3
13593 -1.000000 3
13597 1.000000 4
13600 1.000000 3
13604 1.000000 4
13609 0.000000 5
13613 1.000000 4
13616 1.000000 3
13620 1.000000 4
13624 1.000000 4
13628 1.000000 4
13632 1.000000 4
13636 1.000000 4
13640 1.000000 4
13644 1.000000 4
13648 1.000000 4
13652 1.000000 4
13656 1.000000 4
13660 1.000000 4
13664 1.000000 4
13668 1.000000 4
13672 1.000000 4
13676 1.000000 4
13680 1.000000 4
13684 1.000000 4
13688 1.000000 4
13692 1.000000 4
13696 1.000000 4
13700 1.000000 4
13704 1.000000 4
13707 1.000000 3
13711 1.000000 4
13715 1.000000 4
13719 1.000000 4
13723 1.000000 4
13727 1.000000 4
13731 1.000000 4
13736 0.000000 5
13739 -1.000000 3
13743 1.000000 4
13747 1.000000 4
13751 1.000000 4
13754 1.000000 3
13758 1.000000 4
13762 1.000000 4
13766 1.000000 4
13770 1.000000 4
13774 1.000000 4
13778 1.000000 4
13782 1.000000 4
13786 1.000000 4
13790 1.000000 4
13794 1.000000 4
13798 1.000000 4
13802 1.000000 4
13806 -1.000000 4
13810 1.000000 4
13814 1.000000 4
13818 1.000000 4
13822 1.000000 4
13825 -1.000000 3
13829 1.000000 4
13833 1.000000 4
13837 1.000000 4
13840 1.000000 3
13844 1.000000 4
13848 1.000000 4
13851 -1.000000 3
13855 1.000000 4
13859 1.000000 4
13863 -1.000000 4
13866 1.000000 3
13871 0.000000 5
13875 1.000000 4
13879 -1.000000 4
13883 1.000000 4
13887 1.000000 4
13890 -1.000000 3
13894 1.000000 4
13897 1.000000 3
13901 1.000000 4
13904 1.000000 3
13908 1.000000 4
13912 1.000000 4
13915 1.000000 3
13918 1.000000 3
13922 1.000000 4
13926 1.000000 4
13929 1.000000 3
13932 1.000000 3
13936 1.000000 4
13939 1.000000 3
13943 1.000000 4
13947 1.000000 4
13951 1.000000 4
13955 1.000000 4
13959 1.000000 4
13963 1.000000 4
13967 1.000000 4
13971 1.000000 4
13975 1.000000 4
13978 -1.000000 3
13982 1.000000 4
13986 1.000000 4
13989 -1.000000 3
13993 1.000000 4
13997 1.000000 4
14001 1.000000 4
14005 1.000000 4
14009 1.000000 4
14012 1.000000 3
14016 1.000000 4
14020 1.000000 4
14023 1.000000 3
14027 1.000000 4
14031 1.000000 4
14034 1.000000 3
14038 1.000000 4
14042 1.000000 4
14046 1.000000 4
14050 1.000000 4
14054 1.000000 4
14057 1.000000 3
14061 1.000000 4
14065 1.000000 4
14069 -1.000000 4
14074 1.000000 5
14077 -1.000000 3
14081 1.000000 4
14085 1.000000 4
14089 1.000000 4
14093 1.000000 4
14097 1.000000 4
14101 1.000000 4
14105 1.000000 4
14110 0.000000 5
14114 1.000000 4
14118 1.000000 4
14122 1.000000 4
14126 1.000000 4
14130 1.000000 4
14134 1.000000 4
14138 1.000000 4
14142 -1.000000 4
14146 1.000000 4
14150 -1.000000 4
14155 0.000000 5
14159 1.000000 4
14163 1.000000 4
14168 0.000000 5
14171 1.000000 3
14174 1.000000 3
14178 1.000000 4
14181 1.000000 3
14184 1.000000 3
14188 1.000000 4
14192 1.000000 4
14196 1.000000 4
14200 1.000000 4
14204 1.000000 4
14208 1.000000 4
14212 1.000000 4
14215 1.000000 3
14219 1.000000 4
14223 1.000000 4
14227 1.000000 4
14232 1.000000 5
14236 1.000000 4
14240 1.000000 4
14244 1.000000 4
14248 1.000000 4
14252 1.000000 4
14255 -1.000000 3
14259 1.000000 4
14263 1.000000 4
14267 1.000000 4
14271 1.000000 4
14275 1.000000 4
14278 1.000000 3
14283 0.000000 5
14287 1.000000 4
14291 1.000000 4
14294 1.000000 3
14298 1.000000 4
14302 1.000000 4
14306 1.000000 4
14310 1.000000 4
14314 1.000000 4
14318 1.000000 4
14321 1.000000 3
14325 1.000000 4
14329 1.000000 4
14333 1.000000 4
14337 1.000000 4
14340 1.000000 3
14344 1.000000 4
14348 1.000000 4
14352 1.000000 4
14356 1.000000 4
14359 1.000000 3
14363 1.000000 4
14367 1.000000 4
14371 1.000000 4
14375 1.000000 4
14378 1.000000 3
14381 -1.000000 3
14386 0.000000 5
14390 1.000000 4
14393 -1.000000 3
14397 1.000000 4
14401 1.000000 4
14405 1.000000 4
14409 1.000000 4
14413 1.000000 4
14417 1.000000 4
14421 1.000000 4
14425 1.000000 4
14429 1.000000 4
14433 1.000000 4
14436 1.000000 3
14440 1.000000 4
14444 1.000000 4
14449 0.000000 5
14454 0.000000 5
14458 1.000000 4
14462 1.000000 4
14466 1.000000 4
14469 1.000000 3
14472 1.000000 3
14475 1.000000 3
14478 -1.000000 3
14482 1.000000 4
14485 -1.000000 3
14489 1.000000 4
14493 1.000000 4
14498 0.000000 5
14502 1.000000 4
14505 -1.000000 3
14509 1.000000 4
14513 1.000000 4
14517 1.000000 4
14520 1.000000 3
14524 1.000000 4
14528 1.000000 4
14532 1.000000 4
14537 0.000000 5
14541 1.000000 4
14545 1.000000 4
14549 1.000000 4
14553 1.000000 4
14557 1.000000 4
14560 1.000000 3
14564 1.000000 4
14568 1.000000 4
14572 1.000000 4
14576 1.000000 4
14580 1.000000 4
14583 -1.000000 3
14587 1.000000 4
14591 1.000000 4
14594 1.000000 3
14599 0.000000 5
14604 0.000000 5
14608 1.000000 4
14612 1.000000 4
14616 1.000000 4
14620 1.000000 4
14624 1.000000 4
14628 1.000000 4
14632 1.000000 4
14636 1.000000 4
14640 1.000000 4
14644 1.000000 4
14648 1.000000 4
14652 1.000000 4
14655 1.000000 3
14659 1.000000 4
14663 1.000000 4
14666 -1.000000 3
14670 1.000000 4
14674 1.000000 4
14678 1.000000 4
14682 1.000000 4
14686 1.000000 4
14690 1.000000 4
14694 1.000000 4
14698 1.000000 4
14702 1.000000 4
14706 1.000000 4
14710 1.000000 4
14714 1.000000 4
14719 0.000000 5
14723 1.000000 4
14727 1.000000 4
14731 1.000000 4
14735 1.000000 4
14738 1.000000 3
14742 1.000000 4
14746 1.000000 4
14749 1.000000 3
14753 1.000000 4
14756 -1.000000 3
14759 1.000000 3
14763 1.000000 4
14768 0.000000 5
14772 1.000000 4
14775 1.000000 3
14779 1.000000 4
14783 1.000000 4
14787 1.000000 4
14790 -1.000000 3
14794 1.000000 4
14798 1.000000 4
14802 1.000000 4
14805 1.000000 3
14808 1.000000 3
14811 1.000000 3
14815 1.000000 4
14819 1.000000 4
14823 1.000000 4
14827 1.000000 4
14831 1.000000 4
14835 1.000000 4
14839 1.000000 4
14843 1.000000 4
14847 1.000000 4
14851 1.000000 4
14855 1.000000 4
14859 1.000000 4
14863 1.000000 4
14867 1.000000 4
14871 1.000000 4
14875 1.000000 4
14878 1.000000 3
14882 1.000000 4
14886 1.000000 4
14890 1.000000 4
14894 1.000000 4
14898 1.000000 4
14902 1.000000 4
14906 1.000000 4
14909 1.000000 3
14913 1.000000 4
14916 1.000000 3
14919 1.000000 3
14922 1.000000 3
14926 1.000000 4
14930 1.000000 4
14934 1.000000 4
14938 1.000000 4
14942 1.000000 4
14946 1.000000 4
14949 -1.000000 3
14953 -1.000000 4
14957 1.000000 4
14960 1.000000 3
14964 1.000000 4
14968 1.000000 4
14972 1.000000 4
14976 1.000000 4
14979 1.000000 3
14982 1.000000 3
14986 1.000000 4
14990 1.000000 4
14994 1.000000 4
14997 1.000000 3
15001 -1.000000 4
15005 1.000000 4
15008 1.000000 3
15012 1.000000 4
