3 -1.000000 3
8 0.000000 5
12 -1.000000 4
16 1.000000 4
21 1.000000 5
26 1.000000 5
29 -1.000000 3
32 1.000000 3
36 1.000000 4
40 -1.000000 4
43 -1.000000 3
48 1.000000 5
53 1.000000 5
57 1.000000 4
62 1.000000 5
67 0.000000 5
71 1.000000 4
74 -1.000000 3
78 1.000000 4
82 -1.000000 4
86 1.000000 4
91 1.000000 5
95 1.000000 4
99 -1.000000 4
104 0.000000 5
108 -1.000000 4
113 1.000000 5
118 1.000000 5
123 1.000000 5
126 -1.000000 3
131 0.000000 5
135 1.000000 4
140 1.000000 5
143 -1.000000 3
147 -1.000000 4
151 1.000000 4
156 0.000000 5
160 1.000000 4
163 1.000000 3
168 1.000000 5
172 1.000000 4
177 1.000000 5
180 -1.000000 3
184 1.000000 4
189 0.000000 5
192 1.000000 3
197 1.000000 5
202 1.000000 5
205 1.000000 3
209 -1.000000 4
213 1.000000 4
216 -1.000000 3
220 1.000000 4
225 1.000000 5
230 1.000000 5
234 -1.000000 4
238 1.000000 4
243 1.000000 5
247 -1.000000 4
250 1.000000 3
253 1.000000 3
257 1.000000 4
261 1.000000 4
265 -1.000000 4
269 1.000000 4
274 0.000000 5
278 -1.000000 4
281 -1.000000 3
285 1.000000 4
289 -1.000000 4
293 -1.000000 4
298 0.000000 5
302 1.000000 4
307 1.000000 5
311 -1.000000 4
315 1.000000 4
320 1.000000 5
323 1.000000 3
328 1.000000 5
332 1.000000 4
336 1.000000 4
339 1.000000 3
343 -1.000000 4
348 1.000000 5
353 1.000000 5
358 1.000000 5
362 -1.000000 4
366 1.000000 4
369 -1.000000 3
374 1.000000 5
378 -1.000000 4
382 -1.000000 4
386 1.000000 4
391 0.000000 5
395 1.000000 4
398 -1.000000 3
401 -1.000000 3
406 0.000000 5
410 1.000000 4
415 1.000000 5
420 1.000000 5
424 -1.000000 4
429 0.000000 5
433 -1.000000 4
437 -1.000000 4
442 1.000000 5
447 1.000000 5
452 1.000000 5
456 -1.000000 4
461 0.000000 5
465 1.000000 4
468 1.000000 3
471 1.000000 3
475 1.000000 4
479 -1.000000 4
484 1.000000 5
488 1.000000 4
493 1.000000 5
496 -1.000000 3
501 1.000000 5
505 1.000000 4
509 -1.000000 4
514 1.000000 5
519 1.000000 5
523 1.000000 4
528 0.000000 5
533 1.000000 5
536 -1.000000 3
540 1.000000 4
544 -1.000000 4
549 1.000000 5
553 1.000000 4
557 -1.000000 4
561 -1.000000 4
565 1.000000 4
569 1.000000 4
573 1.000000 4
577 1.000000 4
582 0.000000 5
587 1.000000 5
590 1.000000 3
594 -1.000000 4
598 1.000000 4
603 1.000000 5
606 1.000000 3
611 1.000000 5
615 1.000000 4
620 1.000000 5
624 1.000000 4
628 1.000000 4
633 0.000000 5
638 1.000000 5
643 0.000000 5
647 1.000000 4
650 -1.000000 3
655 1.000000 5
660 1.000000 5
663 1.000000 3
667 1.000000 4
670 1.000000 3
674 -1.000000 4
677 1.000000 3
682 1.000000 5
687 1.000000 5
692 1.000000 5
696 1.000000 4
699 1.000000 3
702 -1.000000 3
705 -1.000000 3
709 -1.000000 4
713 1.000000 4
717 1.000000 4
721 -1.000000 4
725 1.000000 4
729 -1.000000 4
733 -1.000000 4
738 1.000000 5
742 1.000000 4
747 0.000000 5
752 1.000000 5
757 0.000000 5
762 1.000000 5
767 0.000000 5
770 1.000000 3
773 -1.000000 3
778 0.000000 5
782 -1.000000 4
786 1.000000 4
790 1.000000 4
795 0.000000 5
800 1.000000 5
805 1.000000 5
809 1.000000 4
814 1.000000 5
819 0.000000 5
824 0.000000 5
829 1.000000 5
832 1.000000 3
835 -1.000000 3
838 1.000000 3
841 -1.000000 3
845 1.000000 4
850 0.000000 5
854 -1.000000 4
857 1.000000 3
861 -1.000000 4
866 1.000000 5
869 1.000000 3
874 0.000000 5
879 0.000000 5
884 0.000000 5
889 0.000000 5
892 1.000000 3
897 1.000000 5
902 0.000000 5
906 -1.000000 4
911 1.000000 5
914 1.000000 3
918 -1.000000 4
921 1.000000 3
924 1.000000 3
928 1.000000 4
932 1.000000 4
935 -1.000000 3
939 1.000000 4
944 1.000000 5
948 -1.000000 4
952 -1.000000 4
955 1.000000 3
960 0.000000 5
964 -1.000000 4
968 -1.000000 4
972 1.000000 4
976 -1.000000 4
980 1.000000 4
983 -1.000000 3
986 1.000000 3
991 1.000000 5
995 -1.000000 4
998 1.000000 3
1001 -1.000000 3
1006 1.000000 5
1010 1.000000 4
1014 -1.000000 4
1019 0.000000 5
1023 1.000000 4
1027 1.000000 4
1031 -1.000000 4
1035 1.000000 4
1040 1.000000 5
1044 -1.000000 4
1048 -1.000000 4
1052 1.000000 4
1057 1.000000 5
1062 0.000000 5
1066 1.000000 4
1070 1.000000 4
1075 1.000000 5
1079 -1.000000 4
1083 1.000000 4
1087 -1.000000 4
1091 1.000000 4
1095 1.000000 4
1099 -1.000000 4
1102 -1.000000 3
1107 0.000000 5
1111 -1.000000 4
1115 -1.000000 4
1120 1.000000 5
1124 1.000000 4
1127 -1.000000 3
1131 1.000000 4
1135 1.000000 4
1140 1.000000 5
1144 1.000000 4
1148 1.000000 4
1152 -1.000000 4
1157 0.000000 5
1162 1.000000 5
1167 0.000000 5
1171 -1.000000 4
1176 1.000000 5
1180 1.000000 4
1183 -1.000000 3
1187 1.000000 4
1191 1.000000 4
1196 1.000000 5
1200 -1.000000 4
1205 1.000000 5
1208 -1.000000 3
1212 1.000000 4
1216 -1.000000 4
1221 0.000000 5
1225 1.000000 4
1229 1.000000 4
1233 -1.000000 4
1236 -1.000000 3
1240 1.000000 4
1244 1.000000 4
1248 1.000000 4
1252 1.000000 4
1256 1.000000 4
1260 1.000000 4
1265 1.000000 5
1269 1.000000 4
1274 1.000000 5
1278 1.000000 4
1282 1.000000 4
1286 1.000000 4
1291 1.000000 5
1296 1.000000 5
1300 -1.000000 4
1304 1.000000 4
1309 0.000000 5
1313 1.000000 4
1318 0.000000 5
1322 1.000000 4
1326 -1.000000 4
1331 1.000000 5
1335 1.000000 4
1339 -1.000000 4
1343 1.000000 4
1347 -1.000000 4
1351 1.000000 4
1355 1.000000 4
1359 -1.000000 4
1363 1.000000 4
1367 1.000000 4
1371 1.000000 4
1375 -1.000000 4
1379 1.000000 4
1383 -1.000000 4
1387 -1.000000 4
1391 -1.000000 4
1394 -1.000000 3
1399 0.000000 5
1403 1.000000 4
1407 -1.000000 4
1411 1.000000 4
1415 1.000000 4
1418 -1.000000 3
1423 1.000000 5
1427 -1.000000 4
1431 -1.000000 4
1435 1.000000 4
1439 1.000000 4
1443 1.000000 4
1447 1.000000 4
1452 0.000000 5
1456 -1.000000 4
1459 1.000000 3
1463 -1.000000 4
1467 1.000000 4
1471 1.000000 4
1474 1.000000 3
1477 1.000000 3
1481 1.000000 4
1485 1.000000 4
1488 -1.000000 3
1491 -1.000000 3
1494 1.000000 3
1498 -1.000000 4
1503 0.000000 5
1507 1.000000 4
1511 -1.000000 4
1515 1.000000 4
1519 1.000000 4
1523 -1.000000 4
1527 1.000000 4
1531 1.000000 4
1535 1.000000 4
1539 1.000000 4
1543 -1.000000 4
1547 -1.000000 4
1552 0.000000 5
1556 1.000000 4
1560 1.000000 4
1564 1.000000 4
1568 1.000000 4
1572 1.000000 4
1576 1.000000 4
1580 1.000000 4
1584 1.000000 4
1588 1.000000 4
1592 -1.000000 4
1596 -1.000000 4
1599 1.000000 3
1602 1.000000 3
1606 1.000000 4
1610 -1.000000 4
1615 0.000000 5
1619 -1.000000 4
1622 -1.000000 3
1627 0.000000 5
1631 -1.000000 4
1634 1.000000 3
1638 1.000000 4
1642 -1.000000 4
1645 -1.000000 3
1649 1.000000 4
1653 1.000000 4
1657 -1.000000 4
1660 1.000000 3
1663 1.000000 3
1666 1.000000 3
1670 1.000000 4
1674 1.000000 4
1678 1.000000 4
1682 1.000000 4
1685 -1.000000 3
1688 1.000000 3
1692 -1.000000 4
1695 -1.000000 3
1699 1.000000 4
1703 1.000000 4
1708 0.000000 5
1712 1.000000 4
1716 1.000000 4
1720 1.000000 4
1724 -1.000000 4
1728 1.000000 4
1732 -1.000000 4
1736 1.000000 4
1739 1.000000 3
1743 1.000000 4
1747 -1.000000 4
1751 1.000000 4
1754 1.000000 3
1758 -1.000000 4
1762 1.000000 4
1765 -1.000000 3
1769 1.000000 4
1773 1.000000 4
1777 1.000000 4
1781 1.000000 4
1785 1.000000 4
1789 1.000000 4
1793 -1.000000 4
1797 1.000000 4
1800 1.000000 3
1804 1.000000 4
1808 1.000000 4
1812 1.000000 4
1816 -1.000000 4
1820 1.000000 4
1824 1.000000 4
1827 -1.000000 3
1831 1.000000 4
1836 0.000000 5
1840 1.000000 4
1843 1.000000 3
1847 1.000000 4
1851 1.000000 4
1854 1.000000 3
1858 1.000000 4
1861 -1.000000 3
1864 1.000000 3
1868 -1.000000 4
1872 1.000000 4
1876 1.000000 4
1880 1.000000 4
1885 0.000000 5
1890 0.000000 5
1894 1.000000 4
1898 -1.000000 4
1902 1.000000 4
1906 1.000000 4
1910 1.000000 4
1915 1.000000 5
1919 -1.000000 4
1923 -1.000000 4
1927 -1.000000 4
1931 1.000000 4
1935 -1.000000 4
1939 1.000000 4
1942 -1.000000 3
1946 1.000000 4
1950 1.000000 4
1954 1.000000 4
1958 -1.000000 4
1962 1.000000 4
1967 0.000000 5
1971 1.000000 4
1975 -1.000000 4
1979 -1.000000 4
1983 1.000000 4
1987 1.000000 4
1990 -1.000000 3
1993 -1.000000 3
1996 -1.000000 3
1999 -1.000000 3
2003 1.000000 4
2006 -1.000000 3
2009 -1.000000 3
2012 -1.000000 3
2015 -1.000000 3
2018 -1.000000 3
2021 -1.000000 3
2024 -1.000000 3
2027 -1.000000 3
2030 -1.000000 3
2033 -1.000000 3
2036 -1.000000 3
2039 -1.000000 3
2042 -1.000000 3
2045 -1.000000 3
2048 -1.000000 3
2051 -1.000000 3
2054 -1.000000 3
2057 -1.000000 3
2060 -1.000000 3
2063 -1.000000 3
2066 -1.000000 3
2069 -1.000000 3
2072 -1.000000 3
2075 -1.000000 3
2078 -1.000000 3
2081 -1.000000 3
2084 -1.000000 3
