684 1176.000000 684
1353 1335.000000 669
2091 2117.000000 738
2596 647.000000 505
3367 1233.000000 771
4337 3159.000000 970
5122 2521.000000 785
5639 715.000000 517
6268 2229.000000 629
6889 1623.000000 621
7467 2130.000000 578
8122 2432.000000 655
8799 2309.000000 677
9558 2557.000000 759
10266 3660.000000 708
11017 3430.000000 751
11543 1844.000000 526
12040 1044.000000 497
12870 2517.000000 830
13424 1561.000000 554
14108 4096.000000 684
14721 1397.000000 613
15505 5382.000000 784
16353 1874.000000 848
16814 608.000000 461
17629 1585.000000 815
