5 1.000000 5
9 -1.000000 4
14 1.000000 5
19 1.000000 5
23 1.000000 4
26 -1.000000 3
30 1.000000 4
35 1.000000 5
39 1.000000 4
42 1.000000 3
45 -1.000000 3
48 -1.000000 3
52 1.000000 4
56 1.000000 4
59 -1.000000 3
63 -1.000000 4
67 1.000000 4
72 1.000000 5
77 1.000000 5
82 0.000000 5
87 0.000000 5
90 1.000000 3
94 1.000000 4
99 1.000000 5
104 1.000000 5
108 -1.000000 4
112 1.000000 4
117 1.000000 5
121 1.000000 4
125 1.000000 4
129 1.000000 4
132 1.000000 3
136 1.000000 4
141 1.000000 5
145 -1.000000 4
150 0.000000 5
155 1.000000 5
159 1.000000 4
163 1.000000 4
167 1.000000 4
171 -1.000000 4
176 0.000000 5
181 1.000000 5
186 1.000000 5
190 1.000000 4
194 -1.000000 4
199 1.000000 5
203 -1.000000 4
207 1.000000 4
210 -1.000000 3
215 0.000000 5
220 1.000000 5
224 -1.000000 4
229 1.000000 5
232 1.000000 3
237 0.000000 5
241 -1.000000 4
246 1.000000 5
249 -1.000000 3
254 1.000000 5
259 1.000000 5
263 1.000000 4
268 1.000000 5
273 1.000000 5
278 1.000000 5
282 1.000000 4
287 0.000000 5
291 -1.000000 4
295 -1.000000 4
299 1.000000 4
303 -1.000000 4
307 1.000000 4
310 1.000000 3
314 1.000000 4
318 -1.000000 4
322 -1.000000 4
325 1.000000 3
329 -1.000000 4
334 1.000000 5
339 1.000000 5
342 1.000000 3
346 1.000000 4
349 1.000000 3
353 1.000000 4
357 -1.000000 4
360 -1.000000 3
363 1.000000 3
367 -1.000000 4
372 0.000000 5
376 1.000000 4
380 1.000000 4
385 1.000000 5
388 1.000000 3
392 1.000000 4
397 1.000000 5
400 1.000000 3
405 0.000000 5
409 1.000000 4
414 0.000000 5
417 1.000000 3
422 0.000000 5
426 -1.000000 4
430 1.000000 4
435 1.000000 5
440 1.000000 5
444 1.000000 4
449 1.000000 5
453 1.000000 4
458 1.000000 5
463 1.000000 5
467 -1.000000 4
472 0.000000 5
477 1.000000 5
480 -1.000000 3
484 -1.000000 4
487 -1.000000 3
491 1.000000 4
495 -1.000000 4
500 0.000000 5
504 1.000000 4
509 0.000000 5
514 1.000000 5
518 1.000000 4
523 1.000000 5
526 1.000000 3
529 1.000000 3
533 -1.000000 4
538 1.000000 5
542 -1.000000 4
546 -1.000000 4
549 -1.000000 3
554 0.000000 5
558 -1.000000 4
561 1.000000 3
564 -1.000000 3
568 1.000000 4
573 1.000000 5
577 1.000000 4
581 1.000000 4
585 -1.000000 4
589 1.000000 4
594 1.000000 5
598 -1.000000 4
603 1.000000 5
608 1.000000 5
611 1.000000 3
616 1.000000 5
621 1.000000 5
625 -1.000000 4
629 1.000000 4
633 -1.000000 4
637 1.000000 4
642 1.000000 5
645 1.000000 3
650 1.000000 5
654 1.000000 4
657 -1.000000 3
662 1.000000 5
665 -1.000000 3
668 -1.000000 3
671 1.000000 3
675 1.000000 4
680 1.000000 5
685 1.000000 5
690 1.000000 5
693 1.000000 3
698 1.000000 5
703 1.000000 5
707 1.000000 4
712 0.000000 5
717 0.000000 5
722 1.000000 5
726 1.000000 4
730 1.000000 4
735 0.000000 5
739 -1.000000 4
744 1.000000 5
747 -1.000000 3
752 1.000000 5
755 1.000000 3
760 1.000000 5
765 0.000000 5
770 0.000000 5
774 -1.000000 4
778 -1.000000 4
782 1.000000 4
787 1.000000 5
792 1.000000 5
797 1.000000 5
800 -1.000000 3
805 1.000000 5
809 1.000000 4
813 1.000000 4
818 1.000000 5
823 1.000000 5
826 1.000000 3
830 -1.000000 4
833 1.000000 3
836 1.000000 3
839 1.000000 3
842 1.000000 3
847 0.000000 5
850 -1.000000 3
853 -1.000000 3
856 1.000000 3
860 1.000000 4
864 1.000000 4
867 -1.000000 3
871 1.000000 4
875 1.000000 4
879 1.000000 4
883 -1.000000 4
886 -1.000000 3
889 1.000000 3
893 1.000000 4
898 0.000000 5
902 1.000000 4
905 -1.000000 3
910 1.000000 5
915 1.000000 5
919 -1.000000 4
922 -1.000000 3
926 1.000000 4
929 -1.000000 3
933 1.000000 4
936 1.000000 3
940 1.000000 4
944 1.000000 4
948 -1.000000 4
953 1.000000 5
958 0.000000 5
963 1.000000 5
966 1.000000 3
970 1.000000 4
974 -1.000000 4
979 1.000000 5
983 1.000000 4
988 1.000000 5
993 0.000000 5
997 1.000000 4
1002 1.000000 5
1006 -1.000000 4
1009 1.000000 3
1013 1.000000 4
1017 1.000000 4
1021 1.000000 4
1024 -1.000000 3
1028 1.000000 4
1032 -1.000000 4
1036 -1.000000 4
1040 1.000000 4
1045 1.000000 5
1049 -1.000000 4
1052 1.000000 3
1057 0.000000 5
1062 1.000000 5
1066 1.000000 4
1069 1.000000 3
1073 1.000000 4
1077 -1.000000 4
1081 1.000000 4
1085 -1.000000 4
1090 1.000000 5
1093 1.000000 3
1096 -1.000000 3
1100 -1.000000 4
1104 -1.000000 4
1107 1.000000 3
1111 1.000000 4
1116 0.000000 5
1121 0.000000 5
1126 0.000000 5
1130 1.000000 4
1135 0.000000 5
1140 1.000000 5
1145 1.000000 5
1148 -1.000000 3
1152 1.000000 4
1156 -1.000000 4
1160 -1.000000 4
1164 -1.000000 4
1169 0.000000 5
1172 -1.000000 3
1177 1.000000 5
1180 -1.000000 3
1184 1.000000 4
1189 1.000000 5
1192 -1.000000 3
1196 -1.000000 4
1200 -1.000000 4
1205 1.000000 5
1209 1.000000 4
1214 0.000000 5
1218 1.000000 4
1222 1.000000 4
1226 1.000000 4
1229 -1.000000 3
1234 0.000000 5
1239 0.000000 5
1244 1.000000 5
1248 -1.000000 4
1252 1.000000 4
1257 1.000000 5
1262 0.000000 5
1266 1.000000 4
1270 1.000000 4
1274 -1.000000 4
1278 1.000000 4
1282 -1.000000 4
1286 1.000000 4
1291 0.000000 5
1296 1.000000 5
1300 -1.000000 4
1304 -1.000000 4
1307 -1.000000 3
1311 1.000000 4
1316 1.000000 5
1320 -1.000000 4
1324 -1.000000 4
1329 1.000000 5
1333 1.000000 4
1337 1.000000 4
1341 1.000000 4
1346 1.000000 5
1350 -1.000000 4
1355 0.000000 5
1360 1.000000 5
1364 1.000000 4
1368 -1.000000 4
1372 -1.000000 4
1376 1.000000 4
1380 -1.000000 4
1385 0.000000 5
1389 1.000000 4
1393 1.000000 4
1396 -1.000000 3
1401 1.000000 5
1404 1.000000 3
1408 1.000000 4
1411 -1.000000 3
1415 -1.000000 4
1418 -1.000000 3
1423 0.000000 5
1426 1.000000 3
1430 -1.000000 4
1434 1.000000 4
1438 1.000000 4
1441 -1.000000 3
1446 0.000000 5
1450 1.000000 4
1455 1.000000 5
1459 1.000000 4
1463 1.000000 4
1468 1.000000 5
1472 1.000000 4
1477 1.000000 5
1481 1.000000 4
1486 0.000000 5
1490 -1.000000 4
1495 1.000000 5
1499 1.000000 4
1504 0.000000 5
1508 -1.000000 4
1511 -1.000000 3
1516 1.000000 5
1520 1.000000 4
1525 0.000000 5
1529 -1.000000 4
1533 1.000000 4
1537 1.000000 4
1541 -1.000000 4
1544 -1.000000 3
1548 1.000000 4
1552 1.000000 4
1556 -1.000000 4
1561 0.000000 5
1566 0.000000 5
1570 1.000000 4
1575 0.000000 5
1579 -1.000000 4
1582 1.000000 3
1587 0.000000 5
1591 -1.000000 4
1594 -1.000000 3
1598 -1.000000 4
1602 -1.000000 4
1606 1.000000 4
1609 1.000000 3
1612 1.000000 3
1616 1.000000 4
1621 0.000000 5
1624 1.000000 3
1629 0.000000 5
1632 1.000000 3
1636 -1.000000 4
1641 0.000000 5
1646 1.000000 5
1650 1.000000 4
1654 1.000000 4
1658 1.000000 4
1661 1.000000 3
1664 -1.000000 3
1668 -1.000000 4
1671 1.000000 3
1676 1.000000 5
1680 1.000000 4
1684 -1.000000 4
1688 -1.000000 4
1693 1.000000 5
1697 -1.000000 4
1701 1.000000 4
1706 1.000000 5
1710 1.000000 4
1714 -1.000000 4
1718 1.000000 4
1723 1.000000 5
1728 0.000000 5
1731 -1.000000 3
1734 1.000000 3
1739 0.000000 5
1742 1.000000 3
1746 -1.000000 4
1750 -1.000000 4
1755 1.000000 5
1758 -1.000000 3
1761 1.000000 3
1764 -1.000000 3
1769 0.000000 5
1773 -1.000000 4
1776 1.000000 3
1780 1.000000 4
1784 1.000000 4
1788 -1.000000 4
1791 1.000000 3
1795 -1.000000 4
1799 -1.000000 4
1802 -1.000000 3
1805 -1.000000 3
1809 1.000000 4
1814 1.000000 5
1819 1.000000 5
1824 1.000000 5
1828 1.000000 4
1833 1.000000 5
1837 -1.000000 4
1842 0.000000 5
1845 -1.000000 3
1848 -1.000000 3
1852 -1.000000 4
1856 -1.000000 4
1861 1.000000 5
1866 0.000000 5
1869 -1.000000 3
1873 1.000000 4
1877 -1.000000 4
1882 0.000000 5
1887 1.000000 5
1890 1.000000 3
1895 1.000000 5
1899 1.000000 4
1903 1.000000 4
1907 1.000000 4
1910 -1.000000 3
1914 1.000000 4
1918 1.000000 4
1922 1.000000 4
1927 0.000000 5
1931 1.000000 4
1934 -1.000000 3
1937 -1.000000 3
1941 1.000000 4
1946 1.000000 5
1949 -1.000000 3
1952 1.000000 3
1957 0.000000 5
1962 1.000000 5
1965 1.000000 3
1969 -1.000000 4
1974 1.000000 5
1978 1.000000 4
1981 -1.000000 3
1984 1.000000 3
1989 1.000000 5
1993 -1.000000 4
1998 0.000000 5
2002 -1.000000 4
2006 1.000000 4
2011 0.000000 5
2016 1.000000 5
2021 1.000000 5
2025 1.000000 4
2030 1.000000 5
2035 0.000000 5
2040 1.000000 5
2044 -1.000000 4
2048 1.000000 4
2052 -1.000000 4
2057 1.000000 5
2062 0.000000 5
2065 1.000000 3
2069 -1.000000 4
2073 -1.000000 4
2077 1.000000 4
2082 1.000000 5
2086 -1.000000 4
2089 -1.000000 3
2093 1.000000 4
2098 1.000000 5
2102 1.000000 4
2106 -1.000000 4
2110 -1.000000 4
2114 -1.000000 4
2118 1.000000 4
2122 -1.000000 4
2126 -1.000000 4
2130 -1.000000 4
2134 -1.000000 4
2139 1.000000 5
2144 1.000000 5
2149 1.000000 5
2153 1.000000 4
2157 -1.000000 4
2162 1.000000 5
2167 0.000000 5
2171 -1.000000 4
2176 1.000000 5
2180 -1.000000 4
2184 1.000000 4
2189 1.000000 5
2193 -1.000000 4
2198 0.000000 5
2203 1.000000 5
2208 1.000000 5
2212 1.000000 4
2217 0.000000 5
2222 1.000000 5
2227 0.000000 5
2231 1.000000 4
2235 1.000000 4
2239 1.000000 4
2243 1.000000 4
2248 1.000000 5
2252 1.000000 4
2257 1.000000 5
2260 1.000000 3
2264 1.000000 4
2269 1.000000 5
2273 1.000000 4
2278 0.000000 5
2283 0.000000 5
2288 1.000000 5
2292 -1.000000 4
2297 0.000000 5
2302 0.000000 5
2306 1.000000 4
2310 1.000000 4
2315 1.000000 5
2320 1.000000 5
2324 -1.000000 4
2329 1.000000 5
2334 1.000000 5
2337 -1.000000 3
2341 1.000000 4
2346 1.000000 5
2351 1.000000 5
2355 -1.000000 4
2359 -1.000000 4
2364 1.000000 5
2368 1.000000 4
2372 -1.000000 4
2375 1.000000 3
2379 1.000000 4
2383 -1.000000 4
2387 -1.000000 4
2392 1.000000 5
2396 1.000000 4
2401 0.000000 5
2406 1.000000 5
2409 1.000000 3
2413 -1.000000 4
2418 1.000000 5
2422 1.000000 4
2426 -1.000000 4
2431 1.000000 5
2435 1.000000 4
2440 0.000000 5
2444 1.000000 4
2448 -1.000000 4
2451 -1.000000 3
2454 1.000000 3
2457 -1.000000 3
2461 -1.000000 4
2465 -1.000000 4
2468 -1.000000 3
2471 1.000000 3
2475 -1.000000 4
2479 -1.000000 4
2482 1.000000 3
2486 -1.000000 4
2491 1.000000 5
2494 1.000000 3
2498 1.000000 4
2502 1.000000 4
2507 1.000000 5
2511 -1.000000 4
2514 1.000000 3
2519 0.000000 5
2524 0.000000 5
2529 1.000000 5
2533 1.000000 4
2536 -1.000000 3
2539 -1.000000 3
2544 1.000000 5
2548 1.000000 4
2552 -1.000000 4
2557 1.000000 5
2561 1.000000 4
2566 1.000000 5
2570 -1.000000 4
2574 1.000000 4
2579 1.000000 5
2583 1.000000 4
2588 0.000000 5
2593 0.000000 5
2598 1.000000 5
2602 -1.000000 4
2606 1.000000 4
2610 -1.000000 4
2615 1.000000 5
2619 1.000000 4
2624 1.000000 5
2628 -1.000000 4
2631 -1.000000 3
2636 0.000000 5
2640 1.000000 4
2645 1.000000 5
2649 1.000000 4
2653 1.000000 4
2657 1.000000 4
2662 0.000000 5
2666 -1.000000 4
2671 1.000000 5
2676 0.000000 5
2680 1.000000 4
2685 0.000000 5
2690 1.000000 5
2695 0.000000 5
2698 -1.000000 3
2702 -1.000000 4
2707 1.000000 5
2711 1.000000 4
2715 1.000000 4
2719 -1.000000 4
2724 1.000000 5
2729 0.000000 5
2734 0.000000 5
2738 1.000000 4
2742 1.000000 4
2746 1.000000 4
2751 1.000000 5
2755 1.000000 4
2759 1.000000 4
2763 1.000000 4
2766 -1.000000 3
2771 1.000000 5
2775 1.000000 4
2780 0.000000 5
2784 1.000000 4
2789 1.000000 5
2793 -1.000000 4
2796 -1.000000 3
2801 1.000000 5
2804 -1.000000 3
2807 -1.000000 3
2810 1.000000 3
2813 1.000000 3
2817 1.000000 4
2821 -1.000000 4
2825 1.000000 4
2829 1.000000 4
2832 -1.000000 3
2835 1.000000 3
2838 -1.000000 3
2842 1.000000 4
2847 0.000000 5
2851 -1.000000 4
2855 -1.000000 4
2858 1.000000 3
2863 1.000000 5
2868 0.000000 5
2872 1.000000 4
2876 -1.000000 4
2881 1.000000 5
2885 -1.000000 4
2889 1.000000 4
2893 1.000000 4
2898 0.000000 5
2901 1.000000 3
2906 0.000000 5
2909 -1.000000 3
2913 1.000000 4
2916 -1.000000 3
2920 -1.000000 4
2924 1.000000 4
2928 -1.000000 4
2933 1.000000 5
2936 -1.000000 3
2940 1.000000 4
2944 -1.000000 4
2949 1.000000 5
2954 0.000000 5
2957 1.000000 3
2961 1.000000 4
2964 1.000000 3
2968 -1.000000 4
2972 -1.000000 4
2976 1.000000 4
2980 1.000000 4
2985 1.000000 5
2990 1.000000 5
2994 1.000000 4
2998 1.000000 4
3002 1.000000 4
3006 -1.000000 4
3010 1.000000 4
3014 -1.000000 4
3018 1.000000 4
3023 0.000000 5
3026 1.000000 3
3031 1.000000 5
3036 1.000000 5
3040 -1.000000 4
3044 1.000000 4
3049 1.000000 5
3052 1.000000 3
3057 0.000000 5
3062 1.000000 5
3067 1.000000 5
3072 1.000000 5
3077 1.000000 5
3082 1.000000 5
3086 1.000000 4
3090 1.000000 4
3095 0.000000 5
3098 -1.000000 3
3102 -1.000000 4
3107 0.000000 5
3112 1.000000 5
3117 1.000000 5
3122 1.000000 5
3126 -1.000000 4
3130 1.000000 4
3134 1.000000 4
3138 1.000000 4
3142 -1.000000 4
3145 -1.000000 3
3149 1.000000 4
3153 -1.000000 4
3157 1.000000 4
3161 1.000000 4
3166 1.000000 5
3171 1.000000 5
3174 -1.000000 3
3179 0.000000 5
3183 1.000000 4
3188 0.000000 5
3193 1.000000 5
3197 1.000000 4
3201 1.000000 4
3204 -1.000000 3
3207 1.000000 3
3211 -1.000000 4
3214 1.000000 3
3218 -1.000000 4
3221 1.000000 3
3226 1.000000 5
3229 1.000000 3
3234 1.000000 5
3238 1.000000 4
3242 -1.000000 4
3247 1.000000 5
3252 1.000000 5
3257 1.000000 5
3261 1.000000 4
3265 -1.000000 4
3268 1.000000 3
3271 1.000000 3
3276 1.000000 5
3280 1.000000 4
3284 1.000000 4
3289 1.000000 5
3294 1.000000 5
3299 1.000000 5
3303 -1.000000 4
3306 -1.000000 3
3309 -1.000000 3
3313 1.000000 4
3318 0.000000 5
3321 1.000000 3
3326 0.000000 5
3330 1.000000 4
3335 1.000000 5
3339 -1.000000 4
3343 1.000000 4
3348 0.000000 5
3352 1.000000 4
3355 1.000000 3
3359 -1.000000 4
3362 -1.000000 3
3366 1.000000 4
3370 -1.000000 4
3374 -1.000000 4
3379 1.000000 5
3384 1.000000 5
3389 1.000000 5
3393 1.000000 4
3397 1.000000 4
3401 1.000000 4
3405 1.000000 4
3409 1.000000 4
3413 -1.000000 4
3418 0.000000 5
3422 -1.000000 4
3426 1.000000 4
3431 1.000000 5
3434 -1.000000 3
3439 0.000000 5
3444 1.000000 5
3448 1.000000 4
3452 1.000000 4
3455 1.000000 3
3460 1.000000 5
3464 1.000000 4
3468 1.000000 4
3471 1.000000 3
3476 1.000000 5
3479 -1.000000 3
3483 -1.000000 4
3487 1.000000 4
3492 1.000000 5
3497 1.000000 5
3501 1.000000 4
3506 1.000000 5
3509 1.000000 3
3514 1.000000 5
3517 1.000000 3
3522 1.000000 5
3527 1.000000 5
3532 1.000000 5
3535 -1.000000 3
3540 1.000000 5
3544 1.000000 4
3548 -1.000000 4
3553 0.000000 5
3557 1.000000 4
3561 1.000000 4
3565 1.000000 4
3570 1.000000 5
3575 0.000000 5
3580 1.000000 5
3584 -1.000000 4
3588 1.000000 4
3592 1.000000 4
3596 1.000000 4
3600 1.000000 4
3604 -1.000000 4
3609 0.000000 5
3613 -1.000000 4
3617 1.000000 4
3620 1.000000 3
3624 1.000000 4
3629 1.000000 5
3632 -1.000000 3
3635 -1.000000 3
3638 -1.000000 3
3642 -1.000000 4
3647 0.000000 5
3651 1.000000 4
3656 0.000000 5
3661 1.000000 5
3664 1.000000 3
3667 -1.000000 3
3671 -1.000000 4
3675 1.000000 4
3680 1.000000 5
3683 -1.000000 3
3686 1.000000 3
3689 1.000000 3
3694 1.000000 5
3699 0.000000 5
3703 1.000000 4
3707 1.000000 4
3712 1.000000 5
3717 1.000000 5
3720 -1.000000 3
3724 -1.000000 4
3727 1.000000 3
3731 -1.000000 4
3735 1.000000 4
3739 1.000000 4
3744 1.000000 5
3748 -1.000000 4
3752 1.000000 4
3756 1.000000 4
3760 1.000000 4
3765 0.000000 5
3770 1.000000 5
3773 1.000000 3
3777 -1.000000 4
3782 0.000000 5
3787 1.000000 5
3791 -1.000000 4
3795 -1.000000 4
3798 -1.000000 3
3803 0.000000 5
3808 1.000000 5
3813 0.000000 5
3817 1.000000 4
3822 1.000000 5
3827 1.000000 5
3832 1.000000 5
3836 1.000000 4
3840 -1.000000 4
3843 1.000000 3
3847 1.000000 4
3851 -1.000000 4
3854 1.000000 3
3859 0.000000 5
3863 1.000000 4
3866 -1.000000 3
3870 1.000000 4
3875 1.000000 5
3880 0.000000 5
3885 0.000000 5
3889 -1.000000 4
3894 1.000000 5
3899 1.000000 5
3904 1.000000 5
3907 -1.000000 3
3911 1.000000 4
3914 1.000000 3
3917 -1.000000 3
3921 1.000000 4
3925 -1.000000 4
3930 1.000000 5
3933 1.000000 3
3937 1.000000 4
3942 1.000000 5
3947 0.000000 5
3951 1.000000 4
3956 1.000000 5
3961 1.000000 5
3965 -1.000000 4
3970 1.000000 5
3974 -1.000000 4
3978 1.000000 4
3981 1.000000 3
3985 -1.000000 4
3990 0.000000 5
3994 1.000000 4
3998 -1.000000 4
4002 1.000000 4
4006 1.000000 4
4011 1.000000 5
4016 0.000000 5
4020 1.000000 4
4023 1.000000 3
4027 -1.000000 4
4032 1.000000 5
4036 1.000000 4
4041 1.000000 5
4046 1.000000 5
4050 1.000000 4
4055 1.000000 5
4059 1.000000 4
4063 1.000000 4
4067 -1.000000 4
4071 1.000000 4
4076 0.000000 5
4081 1.000000 5
4086 0.000000 5
4091 1.000000 5
4094 1.000000 3
4098 1.000000 4
4102 -1.000000 4
4105 1.000000 3
4108 1.000000 3
4112 -1.000000 4
4117 0.000000 5
4122 1.000000 5
4126 1.000000 4
4130 1.000000 4
4135 1.000000 5
4139 1.000000 4
4144 0.000000 5
4148 1.000000 4
4152 -1.000000 4
4156 -1.000000 4
4159 1.000000 3
4163 1.000000 4
4168 0.000000 5
4172 1.000000 4
4176 -1.000000 4
4179 1.000000 3
4183 -1.000000 4
4187 1.000000 4
4191 1.000000 4
4195 1.000000 4
4200 1.000000 5
4203 -1.000000 3
4208 1.000000 5
4212 1.000000 4
4217 0.000000 5
4221 -1.000000 4
4226 1.000000 5
4231 0.000000 5
4235 -1.000000 4
4240 0.000000 5
4243 -1.000000 3
4247 -1.000000 4
4251 -1.000000 4
4255 1.000000 4
4260 0.000000 5
4264 1.000000 4
4269 1.000000 5
4273 1.000000 4
4277 1.000000 4
4281 -1.000000 4
4284 -1.000000 3
4289 1.000000 5
4293 -1.000000 4
4297 -1.000000 4
4302 1.000000 5
4306 1.000000 4
4310 1.000000 4
4314 1.000000 4
4318 -1.000000 4
4322 -1.000000 4
4326 -1.000000 4
4331 1.000000 5
4334 -1.000000 3
4338 1.000000 4
4342 -1.000000 4
4347 0.000000 5
4352 1.000000 5
4357 1.000000 5
4361 -1.000000 4
4366 1.000000 5
4370 -1.000000 4
4375 1.000000 5
4380 1.000000 5
4385 1.000000 5
4390 0.000000 5
4395 0.000000 5
4399 -1.000000 4
4403 1.000000 4
4407 1.000000 4
4412 0.000000 5
4415 -1.000000 3
4418 1.000000 3
4422 1.000000 4
4427 0.000000 5
4432 1.000000 5
4436 -1.000000 4
4440 1.000000 4
4445 1.000000 5
4449 -1.000000 4
4453 1.000000 4
4457 1.000000 4
4462 1.000000 5
4466 -1.000000 4
4470 1.000000 4
4475 1.000000 5
4480 1.000000 5
4484 -1.000000 4
4488 -1.000000 4
4492 1.000000 4
4496 1.000000 4
4501 1.000000 5
4506 1.000000 5
4510 1.000000 4
4513 1.000000 3
4517 -1.000000 4
4520 1.000000 3
4524 -1.000000 4
4528 -1.000000 4
4532 -1.000000 4
4536 1.000000 4
4540 1.000000 4
4543 1.000000 3
4547 1.000000 4
4551 1.000000 4
4556 1.000000 5
4559 -1.000000 3
4563 -1.000000 4
4567 -1.000000 4
4572 1.000000 5
4575 -1.000000 3
4580 0.000000 5
4584 -1.000000 4
4588 1.000000 4
4591 -1.000000 3
4595 1.000000 4
4599 1.000000 4
4604 1.000000 5
4609 1.000000 5
4612 -1.000000 3
4616 1.000000 4
4621 1.000000 5
4625 -1.000000 4
4630 0.000000 5
4635 0.000000 5
4639 1.000000 4
4644 1.000000 5
4647 1.000000 3
4651 -1.000000 4
4654 1.000000 3
4658 1.000000 4
4663 0.000000 5
4666 -1.000000 3
4670 1.000000 4
4673 -1.000000 3
4677 1.000000 4
4681 -1.000000 4
4686 1.000000 5
4690 -1.000000 4
4695 0.000000 5
4698 1.000000 3
4701 1.000000 3
4706 1.000000 5
4711 1.000000 5
4714 1.000000 3
4718 1.000000 4
4722 1.000000 4
4726 -1.000000 4
4730 -1.000000 4
4734 -1.000000 4
4739 0.000000 5
4744 0.000000 5
4749 1.000000 5
4754 1.000000 5
4757 -1.000000 3
4762 1.000000 5
4766 1.000000 4
4771 1.000000 5
4774 -1.000000 3
4777 1.000000 3
4782 1.000000 5
4787 0.000000 5
4790 -1.000000 3
4793 -1.000000 3
4797 1.000000 4
4800 1.000000 3
4804 1.000000 4
4809 1.000000 5
4812 1.000000 3
4816 -1.000000 4
4820 1.000000 4
4823 1.000000 3
4827 -1.000000 4
4831 1.000000 4
4834 1.000000 3
4837 -1.000000 3
4841 1.000000 4
4845 1.000000 4
4850 1.000000 5
4853 1.000000 3
4857 -1.000000 4
4862 1.000000 5
4866 -1.000000 4
4871 0.000000 5
4876 1.000000 5
4881 0.000000 5
4884 1.000000 3
4888 1.000000 4
4892 -1.000000 4
4895 1.000000 3
4898 1.000000 3
4903 1.000000 5
4907 -1.000000 4
4911 -1.000000 4
4914 1.000000 3
4918 -1.000000 4
4923 1.000000 5
4928 0.000000 5
4932 1.000000 4
4936 -1.000000 4
4940 1.000000 4
4945 0.000000 5
4949 1.000000 4
4954 1.000000 5
4959 1.000000 5
4963 1.000000 4
4968 1.000000 5
4972 1.000000 4
4977 1.000000 5
4982 1.000000 5
4986 1.000000 4
4990 -1.000000 4
4994 1.000000 4
4999 1.000000 5
5003 -1.000000 4
5007 -1.000000 4
5012 1.000000 5
5017 0.000000 5
5020 1.000000 3
5024 1.000000 4
5029 1.000000 5
5033 -1.000000 4
5038 1.000000 5
5041 -1.000000 3
5045 -1.000000 4
5050 0.000000 5
5054 1.000000 4
5057 -1.000000 3
5061 -1.000000 4
5065 1.000000 4
5070 1.000000 5
5073 1.000000 3
5077 1.000000 4
5082 1.000000 5
5087 1.000000 5
5092 0.000000 5
5095 1.000000 3
5100 1.000000 5
5105 0.000000 5
5109 1.000000 4
5113 1.000000 4
5117 -1.000000 4
5121 -1.000000 4
5126 0.000000 5
5130 -1.000000 4
5134 -1.000000 4
5138 -1.000000 4
5141 -1.000000 3
5145 -1.000000 4
5148 1.000000 3
5152 -1.000000 4
5157 1.000000 5
5162 0.000000 5
5166 -1.000000 4
5171 1.000000 5
5174 1.000000 3
5179 1.000000 5
5182 -1.000000 3
5186 -1.000000 4
5191 1.000000 5
5195 1.000000 4
5198 -1.000000 3
5203 1.000000 5
5206 -1.000000 3
5209 1.000000 3
5212 1.000000 3
5216 1.000000 4
5220 1.000000 4
5224 -1.000000 4
5228 -1.000000 4
5232 1.000000 4
5235 -1.000000 3
5240 1.000000 5
5245 0.000000 5
5249 1.000000 4
5252 1.000000 3
5256 -1.000000 4
5260 -1.000000 4
5265 1.000000 5
5269 -1.000000 4
5274 1.000000 5
5279 1.000000 5
5284 1.000000 5
5288 -1.000000 4
5292 -1.000000 4
5296 1.000000 4
5300 1.000000 4
5304 1.000000 4
5307 -1.000000 3
5311 1.000000 4
5315 1.000000 4
5320 0.000000 5
5325 1.000000 5
5329 1.000000 4
5333 1.000000 4
5337 -1.000000 4
5342 1.000000 5
5346 1.000000 4
5350 1.000000 4
5354 1.000000 4
5357 -1.000000 3
5361 -1.000000 4
5365 -1.000000 4
5370 1.000000 5
5373 1.000000 3
5377 1.000000 4
5380 1.000000 3
5385 1.000000 5
5388 1.000000 3
5392 1.000000 4
5397 0.000000 5
5401 -1.000000 4
5404 1.000000 3
5409 1.000000 5
5413 1.000000 4
5416 -1.000000 3
5419 -1.000000 3
5423 1.000000 4
5427 -1.000000 4
5432 1.000000 5
5435 1.000000 3
5439 1.000000 4
5443 -1.000000 4
5448 1.000000 5
5452 1.000000 4
5456 1.000000 4
5460 1.000000 4
5465 1.000000 5
5469 1.000000 4
5473 1.000000 4
5477 1.000000 4
5482 0.000000 5
5485 1.000000 3
5488 1.000000 3
5493 0.000000 5
5498 1.000000 5
5503 0.000000 5
5508 0.000000 5
5512 -1.000000 4
5516 -1.000000 4
5520 1.000000 4
5524 1.000000 4
5529 0.000000 5
5533 1.000000 4
5536 -1.000000 3
5541 1.000000 5
5545 -1.000000 4
5550 0.000000 5
5554 1.000000 4
5558 1.000000 4
5563 1.000000 5
5566 -1.000000 3
5570 -1.000000 4
5574 -1.000000 4
5578 1.000000 4
5582 -1.000000 4
5587 0.000000 5
5592 0.000000 5
5597 0.000000 5
5602 1.000000 5
5606 1.000000 4
5609 1.000000 3
5614 1.000000 5
5617 -1.000000 3
5621 -1.000000 4
5625 -1.000000 4
5629 -1.000000 4
5634 1.000000 5
5638 1.000000 4
5643 0.000000 5
5647 1.000000 4
5652 1.000000 5
5656 -1.000000 4
5660 1.000000 4
5664 -1.000000 4
5669 1.000000 5
5673 1.000000 4
5677 1.000000 4
5682 1.000000 5
5687 0.000000 5
5692 1.000000 5
5697 1.000000 5
5702 1.000000 5
5707 1.000000 5
5710 -1.000000 3
5714 1.000000 4
5719 0.000000 5
5723 -1.000000 4
5728 1.000000 5
5731 -1.000000 3
5736 1.000000 5
5740 -1.000000 4
5745 0.000000 5
5748 1.000000 3
5752 -1.000000 4
5756 1.000000 4
5760 1.000000 4
5765 1.000000 5
5769 -1.000000 4
5773 1.000000 4
5776 1.000000 3
5781 1.000000 5
5785 1.000000 4
5788 1.000000 3
5792 1.000000 4
5795 1.000000 3
5799 -1.000000 4
5804 1.000000 5
5809 1.000000 5
5813 -1.000000 4
5816 1.000000 3
5820 1.000000 4
5825 0.000000 5
5830 1.000000 5
5834 1.000000 4
5839 1.000000 5
5844 1.000000 5
5849 0.000000 5
5854 1.000000 5
5857 -1.000000 3
5861 -1.000000 4
5865 1.000000 4
5869 -1.000000 4
5872 1.000000 3
5876 1.000000 4
5880 1.000000 4
5884 1.000000 4
5888 -1.000000 4
5892 -1.000000 4
5897 0.000000 5
5901 1.000000 4
5905 1.000000 4
5909 -1.000000 4
5913 -1.000000 4
5917 1.000000 4
5921 -1.000000 4
5924 -1.000000 3
5929 1.000000 5
5932 -1.000000 3
5937 0.000000 5
5942 1.000000 5
5946 1.000000 4
5950 1.000000 4
5954 1.000000 4
5959 1.000000 5
5964 1.000000 5
5968 -1.000000 4
5971 -1.000000 3
5975 1.000000 4
5979 -1.000000 4
5984 1.000000 5
5987 1.000000 3
5992 0.000000 5
5997 0.000000 5
6001 1.000000 4
6005 -1.000000 4
6009 1.000000 4
6014 0.000000 5
6019 0.000000 5
6024 1.000000 5
6029 1.000000 5
6034 1.000000 5
6038 -1.000000 4
6042 1.000000 4
6046 1.000000 4
6050 1.000000 4
6054 -1.000000 4
6059 1.000000 5
6064 1.000000 5
6068 -1.000000 4
6072 1.000000 4
6077 1.000000 5
6082 1.000000 5
6087 0.000000 5
6092 0.000000 5
6095 -1.000000 3
6098 -1.000000 3
6101 -1.000000 3
6106 1.000000 5
6110 1.000000 4
6115 1.000000 5
6119 1.000000 4
6123 -1.000000 4
6127 1.000000 4
6130 -1.000000 3
6135 0.000000 5
6140 1.000000 5
6144 -1.000000 4
6148 1.000000 4
6151 -1.000000 3
6156 0.000000 5
6161 1.000000 5
6166 0.000000 5
6171 1.000000 5
6175 1.000000 4
6180 0.000000 5
6184 -1.000000 4
6189 0.000000 5
6193 1.000000 4
6198 0.000000 5
6203 1.000000 5
6206 -1.000000 3
6210 1.000000 4
6215 1.000000 5
6219 1.000000 4
6223 -1.000000 4
6227 -1.000000 4
6232 1.000000 5
6235 -1.000000 3
6239 1.000000 4
6244 0.000000 5
6248 1.000000 4
6253 1.000000 5
6257 1.000000 4
6261 1.000000 4
6265 1.000000 4
6270 1.000000 5
6274 1.000000 4
6277 -1.000000 3
6281 -1.000000 4
6285 -1.000000 4
6289 1.000000 4
6294 0.000000 5
6299 1.000000 5
6302 1.000000 3
6306 1.000000 4
6309 -1.000000 3
6313 -1.000000 4
6317 -1.000000 4
6321 -1.000000 4
6325 -1.000000 4
6329 1.000000 4
6334 1.000000 5
6339 0.000000 5
6343 -1.000000 4
6347 1.000000 4
6351 -1.000000 4
6356 0.000000 5
6361 1.000000 5
6365 -1.000000 4
6370 1.000000 5
6375 0.000000 5
6378 -1.000000 3
6382 1.000000 4
6387 1.000000 5
6391 1.000000 4
6395 -1.000000 4
6399 1.000000 4
6403 1.000000 4
6407 -1.000000 4
6411 -1.000000 4
6416 1.000000 5
6419 -1.000000 3
6424 1.000000 5
6428 1.000000 4
6432 1.000000 4
6436 1.000000 4
6441 1.000000 5
6445 1.000000 4
6450 1.000000 5
6455 1.000000 5
6460 1.000000 5
6464 -1.000000 4
6467 -1.000000 3
6472 1.000000 5
6476 1.000000 4
6479 -1.000000 3
6484 1.000000 5
6489 1.000000 5
6494 0.000000 5
6498 1.000000 4
6503 1.000000 5
6508 1.000000 5
6512 -1.000000 4
6517 1.000000 5
6522 1.000000 5
6527 1.000000 5
6530 1.000000 3
6535 1.000000 5
6540 1.000000 5
6544 -1.000000 4
6548 1.000000 4
6552 -1.000000 4
6555 1.000000 3
6559 -1.000000 4
6563 1.000000 4
6567 1.000000 4
6572 1.000000 5
6576 -1.000000 4
6580 1.000000 4
6583 1.000000 3
6586 -1.000000 3
6590 -1.000000 4
6594 1.000000 4
6597 1.000000 3
6601 -1.000000 4
6604 -1.000000 3
6609 1.000000 5
6613 1.000000 4
6616 1.000000 3
6621 1.000000 5
6626 1.000000 5
6631 0.000000 5
6636 0.000000 5
6641 0.000000 5
6644 -1.000000 3
6648 -1.000000 4
6652 -1.000000 4
6656 1.000000 4
6661 1.000000 5
6665 -1.000000 4
6669 1.000000 4
6674 1.000000 5
6679 1.000000 5
6683 1.000000 4
6688 0.000000 5
6693 1.000000 5
6698 0.000000 5
6702 1.000000 4
6706 1.000000 4
6710 1.000000 4
6714 1.000000 4
6719 1.000000 5
6722 -1.000000 3
6725 1.000000 3
6729 -1.000000 4
6733 -1.000000 4
6737 -1.000000 4
6741 1.000000 4
6746 0.000000 5
6751 1.000000 5
6755 1.000000 4
6760 0.000000 5
6764 1.000000 4
6768 1.000000 4
6773 1.000000 5
6776 1.000000 3
6779 1.000000 3
6783 1.000000 4
6787 -1.000000 4
6791 1.000000 4
6795 1.000000 4
6799 1.000000 4
6803 1.000000 4
6807 -1.000000 4
6812 1.000000 5
6817 0.000000 5
6822 0.000000 5
6825 -1.000000 3
6828 1.000000 3
6833 1.000000 5
6838 0.000000 5
6843 0.000000 5
6847 1.000000 4
6852 0.000000 5
6857 0.000000 5
6862 0.000000 5
6866 -1.000000 4
6871 1.000000 5
6876 1.000000 5
6881 1.000000 5
6886 0.000000 5
6891 0.000000 5
6894 1.000000 3
6898 -1.000000 4
6903 1.000000 5
6906 -1.000000 3
6910 -1.000000 4
6915 0.000000 5
6919 -1.000000 4
6923 -1.000000 4
6927 1.000000 4
6932 1.000000 5
6936 1.000000 4
6939 1.000000 3
6943 -1.000000 4
6947 -1.000000 4
6952 1.000000 5
6955 -1.000000 3
6959 1.000000 4
6964 1.000000 5
6968 1.000000 4
6972 -1.000000 4
6975 -1.000000 3
6978 1.000000 3
6981 -1.000000 3
6985 -1.000000 4
6989 1.000000 4
6993 1.000000 4
6998 1.000000 5
7003 1.000000 5
7007 -1.000000 4
7011 1.000000 4
7016 0.000000 5
7020 -1.000000 4
7023 1.000000 3
7027 -1.000000 4
7032 1.000000 5
7036 1.000000 4
7040 -1.000000 4
7043 1.000000 3
7048 1.000000 5
7053 1.000000 5
7057 -1.000000 4
7060 1.000000 3
7065 0.000000 5
7070 0.000000 5
7074 1.000000 4
7079 0.000000 5
7083 -1.000000 4
7087 -1.000000 4
7092 0.000000 5
7097 0.000000 5
7102 1.000000 5
7107 1.000000 5
7112 0.000000 5
7116 1.000000 4
7120 -1.000000 4
7125 0.000000 5
7129 -1.000000 4
7133 -1.000000 4
7137 1.000000 4
7140 1.000000 3
7144 1.000000 4
7148 1.000000 4
7151 1.000000 3
7155 1.000000 4
7160 1.000000 5
7165 0.000000 5
7168 -1.000000 3
7171 1.000000 3
7176 0.000000 5
7181 1.000000 5
7186 1.000000 5
7190 1.000000 4
7195 1.000000 5
7200 0.000000 5
7203 -1.000000 3
7208 0.000000 5
7211 1.000000 3
7215 1.000000 4
7219 1.000000 4
7224 1.000000 5
7228 -1.000000 4
7233 1.000000 5
7238 0.000000 5
7242 -1.000000 4
7245 1.000000 3
7249 -1.000000 4
7254 1.000000 5
7258 1.000000 4
7263 1.000000 5
7266 -1.000000 3
7271 0.000000 5
7275 1.000000 4
7280 1.000000 5
7284 1.000000 4
7289 1.000000 5
7294 0.000000 5
7298 1.000000 4
7303 0.000000 5
7307 1.000000 4
7312 1.000000 5
7316 1.000000 4
7319 -1.000000 3
7322 1.000000 3
7326 -1.000000 4
7329 -1.000000 3
7334 1.000000 5
7339 1.000000 5
7343 1.000000 4
7348 0.000000 5
7353 1.000000 5
7357 1.000000 4
7361 1.000000 4
7364 1.000000 3
7369 1.000000 5
7374 0.000000 5
7379 0.000000 5
7382 -1.000000 3
7386 -1.000000 4
7389 1.000000 3
7392 1.000000 3
7395 1.000000 3
7399 1.000000 4
7403 -1.000000 4
7406 1.000000 3
7410 1.000000 4
7414 1.000000 4
7417 1.000000 3
7421 1.000000 4
7425 -1.000000 4
7429 1.000000 4
7433 1.000000 4
7436 1.000000 3
7441 1.000000 5
7445 -1.000000 4
7450 0.000000 5
7455 0.000000 5
7459 1.000000 4
7464 0.000000 5
7468 -1.000000 4
7473 0.000000 5
7478 1.000000 5
7483 0.000000 5
7488 0.000000 5
7492 -1.000000 4
7496 -1.000000 4
7501 0.000000 5
7505 1.000000 4
7509 1.000000 4
7513 1.000000 4
7516 -1.000000 3
7519 1.000000 3
7522 -1.000000 3
7526 -1.000000 4
7531 0.000000 5
7535 1.000000 4
7539 1.000000 4
7543 1.000000 4
7547 1.000000 4
7551 -1.000000 4
7554 1.000000 3
7559 1.000000 5
7563 1.000000 4
7566 1.000000 3
7570 1.000000 4
7574 1.000000 4
7579 0.000000 5
7584 1.000000 5
7589 1.000000 5
7594 0.000000 5
7597 1.000000 3
7600 1.000000 3
7604 -1.000000 4
7608 1.000000 4
7612 -1.000000 4
7615 -1.000000 3
7619 -1.000000 4
7623 1.000000 4
7628 1.000000 5
7631 1.000000 3
7636 0.000000 5
7641 1.000000 5
7645 -1.000000 4
7650 1.000000 5
7653 -1.000000 3
7657 1.000000 4
7662 1.000000 5
7667 0.000000 5
7670 1.000000 3
7673 -1.000000 3
7676 1.000000 3
7680 1.000000 4
7684 1.000000 4
7688 -1.000000 4
7692 1.000000 4
7696 -1.000000 4
7700 -1.000000 4
7704 -1.000000 4
7708 -1.000000 4
7712 -1.000000 4
7716 -1.000000 4
7720 1.000000 4
7725 1.000000 5
7730 1.000000 5
7735 1.000000 5
7740 1.000000 5
7744 -1.000000 4
7748 1.000000 4
7752 -1.000000 4
7757 0.000000 5
7760 -1.000000 3
7764 -1.000000 4
7768 1.000000 4
7772 -1.000000 4
7777 1.000000 5
7781 1.000000 4
7784 1.000000 3
7788 1.000000 4
7793 1.000000 5
7798 1.000000 5
7802 1.000000 4
7806 1.000000 4
7809 1.000000 3
7812 1.000000 3
7817 0.000000 5
7822 0.000000 5
7826 1.000000 4
7830 -1.000000 4
7834 1.000000 4
7837 1.000000 3
7841 1.000000 4
7845 -1.000000 4
7849 1.000000 4
7854 1.000000 5
7859 0.000000 5
7863 1.000000 4
7868 0.000000 5
7871 -1.000000 3
7876 0.000000 5
7880 -1.000000 4
7884 1.000000 4
7888 1.000000 4
7893 0.000000 5
7896 1.000000 3
7899 -1.000000 3
7904 1.000000 5
7908 -1.000000 4
7912 1.000000 4
7916 -1.000000 4
7921 1.000000 5
7926 1.000000 5
7931 0.000000 5
7936 0.000000 5
7939 -1.000000 3
7944 1.000000 5
7949 1.000000 5
7953 1.000000 4
7958 1.000000 5
7962 1.000000 4
7966 -1.000000 4
7969 -1.000000 3
7974 1.000000 5
7978 1.000000 4
7983 1.000000 5
7987 -1.000000 4
7990 1.000000 3
7994 1.000000 4
7999 1.000000 5
8002 1.000000 3
8006 1.000000 4
8010 -1.000000 4
8014 1.000000 4
8018 -1.000000 4
8021 1.000000 3
8025 1.000000 4
8028 -1.000000 3
8032 1.000000 4
8036 -1.000000 4
8039 1.000000 3
8043 -1.000000 4
8048 1.000000 5
8052 1.000000 4
8057 1.000000 5
8061 -1.000000 4
8065 -1.000000 4
8068 1.000000 3
8072 1.000000 4
8077 1.000000 5
8081 -1.000000 4
8085 -1.000000 4
8089 -1.000000 4
8093 1.000000 4
8096 1.000000 3
8101 1.000000 5
8106 0.000000 5
8111 1.000000 5
8114 -1.000000 3
8118 1.000000 4
8123 0.000000 5
8128 0.000000 5
8132 1.000000 4
8136 1.000000 4
8141 1.000000 5
8145 -1.000000 4
8149 1.000000 4
8152 -1.000000 3
8156 1.000000 4
8160 1.000000 4
8165 1.000000 5
8170 1.000000 5
8174 -1.000000 4
8177 -1.000000 3
8181 1.000000 4
8186 1.000000 5
8190 -1.000000 4
8195 1.000000 5
8200 1.000000 5
8205 1.000000 5
8209 1.000000 4
8212 1.000000 3
8217 1.000000 5
8222 1.000000 5
8226 -1.000000 4
8230 -1.000000 4
8235 0.000000 5
8240 0.000000 5
8244 1.000000 4
8249 1.000000 5
8253 1.000000 4
8257 -1.000000 4
8262 1.000000 5
8267 1.000000 5
8272 0.000000 5
8276 -1.000000 4
8279 1.000000 3
8283 -1.000000 4
8287 1.000000 4
8291 -1.000000 4
8295 1.000000 4
8299 -1.000000 4
8302 1.000000 3
8307 1.000000 5
8311 1.000000 4
8315 -1.000000 4
8320 0.000000 5
8325 0.000000 5
8328 1.000000 3
8332 -1.000000 4
8336 1.000000 4
8341 1.000000 5
8346 1.000000 5
8349 1.000000 3
8353 -1.000000 4
8357 -1.000000 4
8361 1.000000 4
8366 1.000000 5
8371 1.000000 5
8375 1.000000 4
8379 -1.000000 4
8383 1.000000 4
8388 1.000000 5
8392 -1.000000 4
8397 0.000000 5
8402 1.000000 5
8406 1.000000 4
8411 1.000000 5
8415 -1.000000 4
8420 1.000000 5
8423 1.000000 3
8427 -1.000000 4
8431 -1.000000 4
8435 -1.000000 4
8440 1.000000 5
8444 -1.000000 4
8448 1.000000 4
8453 1.000000 5
8456 1.000000 3
8460 -1.000000 4
8464 -1.000000 4
8469 1.000000 5
8473 -1.000000 4
8478 1.000000 5
8481 -1.000000 3
8486 0.000000 5
8491 0.000000 5
8495 1.000000 4
8499 1.000000 4
8503 1.000000 4
8507 1.000000 4
8512 0.000000 5
8516 -1.000000 4
8521 1.000000 5
8526 1.000000 5
8530 1.000000 4
8534 1.000000 4
8537 1.000000 3
8541 -1.000000 4
8545 -1.000000 4
8550 1.000000 5
8555 1.000000 5
8559 -1.000000 4
8563 1.000000 4
8566 -1.000000 3
8570 1.000000 4
8574 1.000000 4
8578 -1.000000 4
8582 -1.000000 4
8587 0.000000 5
8591 1.000000 4
8595 -1.000000 4
8600 1.000000 5
8603 1.000000 3
8608 1.000000 5
8612 -1.000000 4
8616 1.000000 4
8620 1.000000 4
8625 1.000000 5
8630 0.000000 5
8635 1.000000 5
8640 1.000000 5
8643 -1.000000 3
8646 1.000000 3
8649 -1.000000 3
8654 1.000000 5
8657 1.000000 3
8662 1.000000 5
8665 -1.000000 3
8670 1.000000 5
8675 0.000000 5
8679 -1.000000 4
8684 1.000000 5
8688 1.000000 4
8693 0.000000 5
8696 -1.000000 3
8700 -1.000000 4
8704 -1.000000 4
8708 1.000000 4
8713 0.000000 5
8717 1.000000 4
8721 1.000000 4
8725 1.000000 4
8729 1.000000 4
8734 0.000000 5
8739 1.000000 5
8742 1.000000 3
8746 1.000000 4
8750 -1.000000 4
8754 1.000000 4
8758 1.000000 4
8762 1.000000 4
8767 0.000000 5
8770 -1.000000 3
8774 1.000000 4
8778 1.000000 4
8782 -1.000000 4
8785 1.000000 3
8790 1.000000 5
8795 1.000000 5
8800 0.000000 5
8804 1.000000 4
8808 1.000000 4
8812 1.000000 4
8816 -1.000000 4
8819 -1.000000 3
8824 1.000000 5
8828 1.000000 4
8832 -1.000000 4
8837 0.000000 5
8842 1.000000 5
8846 1.000000 4
8849 -1.000000 3
8853 -1.000000 4
8856 1.000000 3
8859 -1.000000 3
8863 1.000000 4
8867 1.000000 4
8872 1.000000 5
8877 1.000000 5
8882 1.000000 5
8887 0.000000 5
8891 -1.000000 4
8894 -1.000000 3
8899 0.000000 5
8904 0.000000 5
8907 -1.000000 3
8911 -1.000000 4
8916 1.000000 5
8921 1.000000 5
8926 1.000000 5
8930 1.000000 4
8933 1.000000 3
8936 1.000000 3
8941 1.000000 5
8946 1.000000 5
8950 -1.000000 4
8953 -1.000000 3
8957 -1.000000 4
8960 1.000000 3
8963 -1.000000 3
8966 1.000000 3
8971 0.000000 5
8974 -1.000000 3
8978 1.000000 4
8982 -1.000000 4
8987 0.000000 5
8991 -1.000000 4
8994 1.000000 3
8998 -1.000000 4
9003 1.000000 5
9006 -1.000000 3
9010 -1.000000 4
9015 1.000000 5
9020 1.000000 5
9023 -1.000000 3
9027 -1.000000 4
9032 0.000000 5
9036 -1.000000 4
9039 1.000000 3
9042 -1.000000 3
9047 1.000000 5
9050 -1.000000 3
9054 1.000000 4
9059 1.000000 5
9064 1.000000 5
9068 1.000000 4
9072 1.000000 4
9076 1.000000 4
9081 1.000000 5
9085 -1.000000 4
9089 -1.000000 4
9093 1.000000 4
9097 -1.000000 4
9102 1.000000 5
9106 -1.000000 4
9110 1.000000 4
9115 1.000000 5
9119 -1.000000 4
9123 -1.000000 4
9127 1.000000 4
9132 1.000000 5
9136 1.000000 4
9141 1.000000 5
9144 -1.000000 3
9148 1.000000 4
9152 1.000000 4
9156 -1.000000 4
9161 0.000000 5
9166 1.000000 5
9169 -1.000000 3
9173 -1.000000 4
9176 1.000000 3
9179 -1.000000 3
9183 1.000000 4
9188 0.000000 5
9192 1.000000 4
9196 1.000000 4
9199 1.000000 3
9203 -1.000000 4
9207 -1.000000 4
9212 1.000000 5
9216 1.000000 4
9220 1.000000 4
9224 1.000000 4
9229 1.000000 5
9233 1.000000 4
9237 -1.000000 4
9241 -1.000000 4
9244 1.000000 3
9249 0.000000 5
9253 1.000000 4
9257 -1.000000 4
9261 -1.000000 4
9265 -1.000000 4
9269 -1.000000 4
9273 1.000000 4
9278 0.000000 5
9282 1.000000 4
9287 0.000000 5
9291 -1.000000 4
9295 -1.000000 4
9299 1.000000 4
9303 1.000000 4
9307 1.000000 4
9311 -1.000000 4
9314 -1.000000 3
9318 -1.000000 4
9322 -1.000000 4
9326 -1.000000 4
9331 1.000000 5
9335 -1.000000 4
9339 1.000000 4
9343 1.000000 4
9347 1.000000 4
9350 -1.000000 3
9355 1.000000 5
9360 0.000000 5
9364 -1.000000 4
9368 -1.000000 4
9372 1.000000 4
9377 1.000000 5
9381 -1.000000 4
9385 -1.000000 4
9389 -1.000000 4
9393 1.000000 4
9398 1.000000 5
9402 1.000000 4
9407 1.000000 5
9412 1.000000 5
9417 0.000000 5
9420 1.000000 3
9425 1.000000 5
9428 -1.000000 3
9433 1.000000 5
9437 1.000000 4
9442 0.000000 5
9447 1.000000 5
9452 1.000000 5
9457 1.000000 5
9461 1.000000 4
9466 0.000000 5
9471 1.000000 5
9474 -1.000000 3
9479 1.000000 5
9484 0.000000 5
9487 -1.000000 3
9491 1.000000 4
9496 1.000000 5
9500 -1.000000 4
9504 -1.000000 4
9508 -1.000000 4
9513 1.000000 5
9518 1.000000 5
9523 0.000000 5
9528 1.000000 5
9531 1.000000 3
9536 1.000000 5
9540 -1.000000 4
9545 1.000000 5
9549 -1.000000 4
9552 1.000000 3
9557 0.000000 5
9562 1.000000 5
9565 1.000000 3
9570 1.000000 5
9574 1.000000 4
9579 1.000000 5
9583 -1.000000 4
9587 1.000000 4
9591 -1.000000 4
9595 -1.000000 4
9600 0.000000 5
9603 -1.000000 3
9606 -1.000000 3
9611 1.000000 5
9616 0.000000 5
9620 -1.000000 4
9624 1.000000 4
9628 1.000000 4
9631 -1.000000 3
9635 -1.000000 4
9639 1.000000 4
9643 1.000000 4
9648 0.000000 5
9653 1.000000 5
9657 1.000000 4
9662 0.000000 5
9666 1.000000 4
9670 1.000000 4
9675 0.000000 5
9679 -1.000000 4
9684 1.000000 5
9688 1.000000 4
9692 1.000000 4
9696 -1.000000 4
9699 1.000000 3
9703 1.000000 4
9707 -1.000000 4
9712 0.000000 5
9715 1.000000 3
9718 -1.000000 3
9722 1.000000 4
9725 -1.000000 3
9729 -1.000000 4
9733 -1.000000 4
9737 1.000000 4
9741 -1.000000 4
9745 1.000000 4
9750 1.000000 5
9754 1.000000 4
9759 1.000000 5
9762 -1.000000 3
9766 -1.000000 4
9770 1.000000 4
9773 1.000000 3
9778 1.000000 5
9782 1.000000 4
9785 -1.000000 3
9790 1.000000 5
9794 -1.000000 4
9798 1.000000 4
9801 -1.000000 3
9805 1.000000 4
9809 1.000000 4
9813 1.000000 4
9818 0.000000 5
9822 1.000000 4
9826 -1.000000 4
9831 1.000000 5
9836 1.000000 5
9839 1.000000 3
9842 -1.000000 3
9846 -1.000000 4
9851 1.000000 5
9855 1.000000 4
9860 0.000000 5
9865 0.000000 5
9870 0.000000 5
9874 -1.000000 4
9877 1.000000 3
9881 -1.000000 4
9886 1.000000 5
9890 1.000000 4
9894 1.000000 4
9899 0.000000 5
9903 -1.000000 4
9907 1.000000 4
9911 1.000000 4
9915 1.000000 4
9918 -1.000000 3
9923 1.000000 5
9926 -1.000000 3
9930 -1.000000 4
9934 1.000000 4
9938 1.000000 4
9941 -1.000000 3
9945 1.000000 4
9949 1.000000 4
9954 1.000000 5
9959 0.000000 5
9964 0.000000 5
9968 -1.000000 4
9973 0.000000 5
9976 1.000000 3
9980 1.000000 4
9985 1.000000 5
9990 0.000000 5
9994 -1.000000 4
9999 1.000000 5
10004 0.000000 5
10007 -1.000000 3
10010 -1.000000 3
10013 -1.000000 3
10016 -1.000000 3
10019 -1.000000 3
10022 -1.000000 3
10025 -1.000000 3
10028 -1.000000 3
10031 -1.000000 3
10034 -1.000000 3
10037 -1.000000 3
10040 -1.000000 3
10043 -1.000000 3
10046 -1.000000 3
10049 -1.000000 3
10052 -1.000000 3
10055 -1.000000 3
10058 -1.000000 3
10061 -1.000000 3
10064 -1.000000 3
10067 -1.000000 3
10070 -1.000000 3
10073 -1.000000 3
10076 -1.000000 3
10079 -1.000000 3
10082 -1.000000 3
10085 -1.000000 3
10088 -1.000000 3
10091 -1.000000 3
10094 -1.000000 3
10097 -1.000000 3
10100 -1.000000 3
10103 -1.000000 3
10106 -1.000000 3
10109 -1.000000 3
10112 -1.000000 3
10115 -1.000000 3
10118 -1.000000 3
10121 -1.000000 3
10124 -1.000000 3
10127 -1.000000 3
10130 -1.000000 3
10133 -1.000000 3
10136 -1.000000 3
10139 -1.000000 3
10142 -1.000000 3
10145 -1.000000 3
10148 -1.000000 3
10151 -1.000000 3
10154 -1.000000 3
10157 -1.000000 3
10160 -1.000000 3
10163 -1.000000 3
10166 -1.000000 3
10169 -1.000000 3
10172 -1.000000 3
10175 -1.000000 3
10178 -1.000000 3
10181 -1.000000 3
10184 -1.000000 3
10187 -1.000000 3
10190 -1.000000 3
10193 -1.000000 3
10196 -1.000000 3
10199 -1.000000 3
10202 -1.000000 3
10205 -1.000000 3
10208 -1.000000 3
10211 -1.000000 3
10214 -1.000000 3
10217 -1.000000 3
10220 -1.000000 3
10223 -1.000000 3
10226 -1.000000 3
10229 -1.000000 3
10232 -1.000000 3
10235 -1.000000 3
10238 -1.000000 3
10241 -1.000000 3
10244 -1.000000 3
10247 -1.000000 3
10250 -1.000000 3
10253 -1.000000 3
10256 -1.000000 3
10259 -1.000000 3
10262 -1.000000 3
10265 -1.000000 3
10268 -1.000000 3
10271 -1.000000 3
10274 -1.000000 3
10277 -1.000000 3
10280 -1.000000 3
10283 -1.000000 3
10286 -1.000000 3
10289 -1.000000 3
10292 -1.000000 3
10295 -1.000000 3
10298 -1.000000 3
10301 -1.000000 3
10304 -1.000000 3
10307 -1.000000 3
10310 -1.000000 3
10313 -1.000000 3
10316 -1.000000 3
10319 -1.000000 3
10322 -1.000000 3
10325 -1.000000 3
10328 -1.000000 3
10331 -1.000000 3
10334 -1.000000 3
10337 -1.000000 3
10340 -1.000000 3
10343 -1.000000 3
10346 -1.000000 3
10349 -1.000000 3
10352 -1.000000 3
10355 -1.000000 3
10358 -1.000000 3
10361 -1.000000 3
10364 -1.000000 3
10367 -1.000000 3
10370 -1.000000 3
10373 -1.000000 3
10376 -1.000000 3
10379 -1.000000 3
10382 -1.000000 3
10385 -1.000000 3
10388 -1.000000 3
10391 -1.000000 3
10394 -1.000000 3
10397 -1.000000 3
10400 -1.000000 3
10403 -1.000000 3
10406 -1.000000 3
10409 -1.000000 3
10412 -1.000000 3
10415 -1.000000 3
10418 -1.000000 3
10421 -1.000000 3
10424 -1.000000 3
10427 -1.000000 3
10430 -1.000000 3
10433 -1.000000 3
10436 -1.000000 3
10439 -1.000000 3
10442 -1.000000 3
10445 -1.000000 3
10448 -1.000000 3
10451 -1.000000 3
10454 -1.000000 3
10457 -1.000000 3
10460 -1.000000 3
10463 -1.000000 3
10466 -1.000000 3
10469 -1.000000 3
10472 -1.000000 3
10475 -1.000000 3
10478 -1.000000 3
10481 -1.000000 3
10484 -1.000000 3
10487 -1.000000 3
10490 -1.000000 3
10493 -1.000000 3
10496 -1.000000 3
10499 -1.000000 3
10502 -1.000000 3
10505 -1.000000 3
10508 -1.000000 3
10511 -1.000000 3
10514 -1.000000 3
10517 -1.000000 3
10520 -1.000000 3
10523 -1.000000 3
10526 -1.000000 3
10529 -1.000000 3
10532 -1.000000 3
10535 -1.000000 3
10538 -1.000000 3
10541 -1.000000 3
10544 -1.000000 3
10547 -1.000000 3
10550 -1.000000 3
10553 -1.000000 3
10556 -1.000000 3
10559 -1.000000 3
10562 -1.000000 3
10565 -1.000000 3
10568 -1.000000 3
10571 -1.000000 3
10574 -1.000000 3
10577 -1.000000 3
10580 -1.000000 3
10583 -1.000000 3
10586 -1.000000 3
10589 -1.000000 3
10592 -1.000000 3
10595 -1.000000 3
10598 -1.000000 3
10601 -1.000000 3
10604 -1.000000 3
10607 -1.000000 3
10610 -1.000000 3
10613 -1.000000 3
10616 -1.000000 3
10619 -1.000000 3
10622 -1.000000 3
10625 -1.000000 3
10628 -1.000000 3
10631 -1.000000 3
10634 -1.000000 3
10637 -1.000000 3
10640 -1.000000 3
10643 -1.000000 3
10646 -1.000000 3
10649 -1.000000 3
10652 -1.000000 3
10655 -1.000000 3
10658 -1.000000 3
10661 -1.000000 3
10664 -1.000000 3
10667 -1.000000 3
10670 -1.000000 3
10673 -1.000000 3
10676 -1.000000 3
10679 -1.000000 3
10682 -1.000000 3
10685 -1.000000 3
10688 -1.000000 3
10691 -1.000000 3
10694 -1.000000 3
10697 -1.000000 3
10700 -1.000000 3
10703 -1.000000 3
10706 -1.000000 3
10709 -1.000000 3
10712 -1.000000 3
10715 -1.000000 3
10718 -1.000000 3
10721 -1.000000 3
10724 -1.000000 3
10727 -1.000000 3
10730 -1.000000 3
10733 -1.000000 3
10736 -1.000000 3
10739 -1.000000 3
10742 -1.000000 3
10745 -1.000000 3
10748 -1.000000 3
10751 -1.000000 3
10754 -1.000000 3
10757 -1.000000 3
10760 -1.000000 3
10763 -1.000000 3
10766 -1.000000 3
10769 -1.000000 3
10772 -1.000000 3
10775 -1.000000 3
10778 -1.000000 3
10781 -1.000000 3
10784 -1.000000 3
10787 -1.000000 3
10790 -1.000000 3
10793 -1.000000 3
10796 -1.000000 3
10799 -1.000000 3
10802 -1.000000 3
10805 -1.000000 3
10808 -1.000000 3
10811 -1.000000 3
10814 -1.000000 3
10817 -1.000000 3
10820 -1.000000 3
10823 -1.000000 3
10826 -1.000000 3
10829 -1.000000 3
10832 -1.000000 3
10835 -1.000000 3
10838 -1.000000 3
10841 -1.000000 3
10844 -1.000000 3
10847 -1.000000 3
10850 -1.000000 3
10853 -1.000000 3
10856 -1.000000 3
10859 -1.000000 3
10862 -1.000000 3
10865 -1.000000 3
10868 -1.000000 3
10871 -1.000000 3
10874 -1.000000 3
10877 -1.000000 3
10880 -1.000000 3
10883 -1.000000 3
10886 -1.000000 3
10889 -1.000000 3
10892 -1.000000 3
10895 -1.000000 3
10898 -1.000000 3
10901 -1.000000 3
10904 -1.000000 3
10907 -1.000000 3
10910 -1.000000 3
10913 -1.000000 3
10916 -1.000000 3
10919 -1.000000 3
10922 -1.000000 3
10925 -1.000000 3
10928 -1.000000 3
10931 -1.000000 3
10934 -1.000000 3
10937 -1.000000 3
10940 -1.000000 3
10943 -1.000000 3
10946 -1.000000 3
10949 -1.000000 3
10952 -1.000000 3
10955 -1.000000 3
10958 -1.000000 3
10961 -1.000000 3
10964 -1.000000 3
10967 -1.000000 3
10970 -1.000000 3
10973 -1.000000 3
10976 -1.000000 3
10979 -1.000000 3
10982 -1.000000 3
10985 -1.000000 3
10988 -1.000000 3
10991 -1.000000 3
10994 -1.000000 3
10997 -1.000000 3
11000 -1.000000 3
11003 -1.000000 3
11006 -1.000000 3
