1 1.000000 1
2 1.000000 1
3 1.000000 1
4 1.000000 1
5 1.000000 1
6 1.000000 1
7 1.000000 1
8 1.000000 1
9 1.000000 1
10 1.000000 1
11 1.000000 1
13 1.000000 2
14 1.000000 1
15 1.000000 1
16 1.000000 1
17 1.000000 1
18 1.000000 1
19 1.000000 1
20 1.000000 1
21 1.000000 1
22 1.000000 1
23 1.000000 1
24 1.000000 1
26 1.000000 2
27 1.000000 1
28 1.000000 1
29 1.000000 1
30 1.000000 1
31 1.000000 1
32 1.000000 1
33 1.000000 1
34 1.000000 1
35 1.000000 1
36 1.000000 1
37 1.000000 1
38 1.000000 1
39 1.000000 1
40 1.000000 1
41 1.000000 1
42 1.000000 1
43 1.000000 1
44 1.000000 1
45 1.000000 1
46 1.000000 1
47 1.000000 1
48 1.000000 1
49 1.000000 1
50 1.000000 1
51 1.000000 1
52 1.000000 1
53 1.000000 1
54 1.000000 1
55 1.000000 1
56 1.000000 1
57 1.000000 1
58 1.000000 1
59 1.000000 1
60 1.000000 1
61 1.000000 1
