3 -1.000000 3
5 -1.000000 2
9 0.000000 4
12 -1.000000 3
15 -1.000000 3
18 1.000000 3
21 -1.000000 3
24 1.000000 3
27 1.000000 3
30 1.000000 3
32 -1.000000 2
36 1.000000 4
40 1.000000 4
44 1.000000 4
47 1.000000 3
51 1.000000 4
55 1.000000 4
59 0.000000 4
62 1.000000 3
66 1.000000 4
69 1.000000 3
71 -1.000000 2
73 -1.000000 2
77 1.000000 4
81 1.000000 4
85 0.000000 4
88 1.000000 3
91 -1.000000 3
94 -1.000000 3
96 1.000000 2
99 1.000000 3
102 1.000000 3
104 -1.000000 2
107 1.000000 3
111 0.000000 4
114 1.000000 3
118 1.000000 4
122 0.000000 4
125 -1.000000 3
129 1.000000 4
132 1.000000 3
135 -1.000000 3
138 -1.000000 3
141 1.000000 3
144 1.000000 3
148 0.000000 4
151 -1.000000 3
154 -1.000000 3
158 1.000000 4
160 1.000000 2
164 1.000000 4
167 1.000000 3
169 1.000000 2
171 1.000000 2
175 1.000000 4
179 1.000000 4
182 1.000000 3
185 -1.000000 3
188 -1.000000 3
191 1.000000 3
193 1.000000 2
196 -1.000000 3
200 1.000000 4
202 1.000000 2
205 1.000000 3
208 -1.000000 3
210 1.000000 2
212 -1.000000 2
215 1.000000 3
217 1.000000 2
221 0.000000 4
224 1.000000 3
226 1.000000 2
229 1.000000 3
231 -1.000000 2
234 1.000000 3
236 -1.000000 2
240 1.000000 4
244 1.000000 4
248 0.000000 4
251 1.000000 3
253 -1.000000 2
256 1.000000 3
259 -1.000000 3
263 1.000000 4
266 -1.000000 3
270 0.000000 4
273 1.000000 3
276 1.000000 3
279 -1.000000 3
282 -1.000000 3
286 1.000000 4
289 1.000000 3
292 1.000000 3
296 0.000000 4
299 1.000000 3
302 1.000000 3
305 1.000000 3
308 1.000000 3
310 -1.000000 2
314 1.000000 4
317 1.000000 3
321 1.000000 4
325 0.000000 4
329 1.000000 4
332 1.000000 3
336 1.000000 4
339 1.000000 3
342 1.000000 3
345 1.000000 3
348 1.000000 3
351 -1.000000 3
353 1.000000 2
357 1.000000 4
360 1.000000 3
364 1.000000 4
367 1.000000 3
371 1.000000 4
375 0.000000 4
378 1.000000 3
380 1.000000 2
383 -1.000000 3
386 1.000000 3
390 1.000000 4
394 1.000000 4
397 -1.000000 3
400 -1.000000 3
404 0.000000 4
408 1.000000 4
411 1.000000 3
413 1.000000 2
416 1.000000 3
420 1.000000 4
422 1.000000 2
426 1.000000 4
429 1.000000 3
433 0.000000 4
437 1.000000 4
441 1.000000 4
445 0.000000 4
449 0.000000 4
452 -1.000000 3
455 1.000000 3
459 1.000000 4
462 -1.000000 3
465 1.000000 3
468 1.000000 3
472 1.000000 4
475 -1.000000 3
477 -1.000000 2
480 -1.000000 3
484 1.000000 4
487 1.000000 3
490 -1.000000 3
494 1.000000 4
497 1.000000 3
501 1.000000 4
505 1.000000 4
507 -1.000000 2
509 1.000000 2
512 1.000000 3
516 0.000000 4
520 1.000000 4
523 -1.000000 3
525 -1.000000 2
528 1.000000 3
530 1.000000 2
534 1.000000 4
538 1.000000 4
542 1.000000 4
546 0.000000 4
549 1.000000 3
552 -1.000000 3
555 1.000000 3
559 0.000000 4
561 1.000000 2
564 1.000000 3
567 -1.000000 3
570 -1.000000 3
574 1.000000 4
577 1.000000 3
581 1.000000 4
584 1.000000 3
587 -1.000000 3
590 -1.000000 3
594 0.000000 4
598 1.000000 4
601 1.000000 3
605 0.000000 4
609 1.000000 4
612 1.000000 3
616 1.000000 4
620 1.000000 4
624 1.000000 4
627 1.000000 3
631 0.000000 4
633 -1.000000 2
636 1.000000 3
639 -1.000000 3
642 -1.000000 3
646 0.000000 4
649 -1.000000 3
652 -1.000000 3
655 -1.000000 3
657 -1.000000 2
661 0.000000 4
664 1.000000 3
668 1.000000 4
671 1.000000 3
675 1.000000 4
679 0.000000 4
682 1.000000 3
686 1.000000 4
688 -1.000000 2
691 -1.000000 3
694 -1.000000 3
696 1.000000 2
699 -1.000000 3
703 0.000000 4
706 1.000000 3
709 1.000000 3
713 1.000000 4
717 0.000000 4
721 0.000000 4
724 1.000000 3
727 1.000000 3
729 -1.000000 2
733 1.000000 4
736 1.000000 3
739 1.000000 3
741 -1.000000 2
743 -1.000000 2
746 -1.000000 3
750 1.000000 4
753 1.000000 3
755 1.000000 2
759 0.000000 4
761 -1.000000 2
764 -1.000000 3
767 -1.000000 3
771 1.000000 4
773 -1.000000 2
776 1.000000 3
780 0.000000 4
782 1.000000 2
786 0.000000 4
789 -1.000000 3
793 0.000000 4
797 1.000000 4
800 1.000000 3
804 1.000000 4
807 1.000000 3
810 1.000000 3
812 -1.000000 2
815 1.000000 3
818 1.000000 3
821 -1.000000 3
823 -1.000000 2
826 1.000000 3
830 1.000000 4
833 -1.000000 3
837 1.000000 4
841 1.000000 4
844 1.000000 3
847 1.000000 3
850 -1.000000 3
854 1.000000 4
856 -1.000000 2
860 0.000000 4
864 1.000000 4
868 0.000000 4
871 1.000000 3
874 -1.000000 3
877 1.000000 3
880 1.000000 3
883 1.000000 3
886 1.000000 3
889 -1.000000 3
891 1.000000 2
893 1.000000 2
896 -1.000000 3
899 -1.000000 3
902 1.000000 3
905 1.000000 3
907 -1.000000 2
910 1.000000 3
914 0.000000 4
916 -1.000000 2
920 0.000000 4
922 1.000000 2
926 1.000000 4
930 1.000000 4
933 1.000000 3
936 -1.000000 3
939 1.000000 3
941 1.000000 2
943 1.000000 2
947 1.000000 4
950 -1.000000 3
954 1.000000 4
957 -1.000000 3
959 1.000000 2
962 1.000000 3
965 1.000000 3
967 1.000000 2
971 1.000000 4
974 1.000000 3
976 1.000000 2
979 1.000000 3
982 1.000000 3
986 0.000000 4
990 1.000000 4
993 1.000000 3
995 1.000000 2
998 1.000000 3
1000 -1.000000 2
1004 0.000000 4
1008 0.000000 4
1010 -1.000000 2
1012 1.000000 2
1016 0.000000 4
1018 1.000000 2
1021 1.000000 3
1024 -1.000000 3
1027 -1.000000 3
1031 1.000000 4
1033 1.000000 2
1035 -1.000000 2
1039 1.000000 4
1042 -1.000000 3
1046 0.000000 4
1049 -1.000000 3
1052 1.000000 3
1056 0.000000 4
1059 -1.000000 3
1062 1.000000 3
1066 1.000000 4
1069 1.000000 3
1072 -1.000000 3
1076 1.000000 4
1079 1.000000 3
1083 1.000000 4
1086 -1.000000 3
1089 -1.000000 3
1093 1.000000 4
1096 -1.000000 3
1099 1.000000 3
1101 -1.000000 2
1104 1.000000 3
1106 -1.000000 2
1109 1.000000 3
1112 -1.000000 3
1115 1.000000 3
1119 1.000000 4
1123 1.000000 4
1126 -1.000000 3
1130 1.000000 4
1133 1.000000 3
1136 1.000000 3
1140 1.000000 4
1144 1.000000 4
1148 1.000000 4
1151 -1.000000 3
1154 -1.000000 3
1157 -1.000000 3
1161 0.000000 4
1164 1.000000 3
1167 -1.000000 3
1170 -1.000000 3
1174 1.000000 4
1178 1.000000 4
1181 1.000000 3
1185 0.000000 4
1189 1.000000 4
1192 1.000000 3
1194 1.000000 2
1198 1.000000 4
1202 1.000000 4
1204 1.000000 2
1206 1.000000 2
1210 1.000000 4
1213 1.000000 3
1216 1.000000 3
1219 1.000000 3
1223 1.000000 4
1227 0.000000 4
1231 0.000000 4
1235 1.000000 4
1238 1.000000 3
1240 -1.000000 2
1244 1.000000 4
1247 1.000000 3
1250 -1.000000 3
1253 1.000000 3
1257 0.000000 4
1260 -1.000000 3
1262 1.000000 2
1266 0.000000 4
1269 -1.000000 3
1272 1.000000 3
1276 1.000000 4
1280 1.000000 4
1283 1.000000 3
1287 0.000000 4
1289 1.000000 2
1292 1.000000 3
1295 1.000000 3
1299 1.000000 4
1302 1.000000 3
1306 1.000000 4
1309 1.000000 3
1313 0.000000 4
1316 1.000000 3
1320 1.000000 4
1324 1.000000 4
1327 1.000000 3
1330 -1.000000 3
1333 -1.000000 3
1337 0.000000 4
1341 1.000000 4
1344 1.000000 3
1347 -1.000000 3
1350 1.000000 3
1353 -1.000000 3
1355 -1.000000 2
1359 1.000000 4
1362 -1.000000 3
1365 -1.000000 3
1367 -1.000000 2
1369 -1.000000 2
1372 -1.000000 3
1375 1.000000 3
1379 0.000000 4
1383 1.000000 4
1386 1.000000 3
1390 0.000000 4
1394 1.000000 4
1396 -1.000000 2
1399 1.000000 3
1401 1.000000 2
1404 -1.000000 3
1408 1.000000 4
1411 1.000000 3
1414 1.000000 3
1416 -1.000000 2
1419 1.000000 3
1422 1.000000 3
1425 -1.000000 3
1429 0.000000 4
1433 0.000000 4
1435 1.000000 2
1439 1.000000 4
1441 1.000000 2
1443 -1.000000 2
1447 1.000000 4
1450 1.000000 3
1452 -1.000000 2
1456 1.000000 4
1458 -1.000000 2
1462 1.000000 4
1465 1.000000 3
1468 1.000000 3
1471 1.000000 3
1475 0.000000 4
1479 0.000000 4
1483 1.000000 4
1485 -1.000000 2
1488 -1.000000 3
1491 1.000000 3
1494 -1.000000 3
1497 -1.000000 3
1501 0.000000 4
1505 1.000000 4
1508 -1.000000 3
1511 1.000000 3
1514 -1.000000 3
1517 1.000000 3
1520 -1.000000 3
1523 1.000000 3
1527 1.000000 4
1530 1.000000 3
1533 1.000000 3
1536 -1.000000 3
1538 1.000000 2
1542 1.000000 4
1545 -1.000000 3
1548 -1.000000 3
1550 -1.000000 2
1554 0.000000 4
1556 1.000000 2
1559 -1.000000 3
1562 -1.000000 3
1565 -1.000000 3
1569 1.000000 4
1573 1.000000 4
1575 -1.000000 2
1579 1.000000 4
1583 0.000000 4
1585 1.000000 2
1589 0.000000 4
1593 0.000000 4
1595 -1.000000 2
1598 -1.000000 3
1601 -1.000000 3
1604 -1.000000 3
1607 1.000000 3
1610 1.000000 3
1612 1.000000 2
1616 1.000000 4
1620 0.000000 4
1624 1.000000 4
1628 1.000000 4
1631 1.000000 3
1634 1.000000 3
1638 1.000000 4
1642 0.000000 4
1644 1.000000 2
1647 1.000000 3
1650 1.000000 3
1654 1.000000 4
1657 -1.000000 3
1660 1.000000 3
1663 1.000000 3
1666 -1.000000 3
1669 -1.000000 3
1672 -1.000000 3
1674 1.000000 2
1676 1.000000 2
1678 1.000000 2
1681 1.000000 3
1684 1.000000 3
1686 -1.000000 2
1689 1.000000 3
1691 1.000000 2
1695 1.000000 4
1699 0.000000 4
1702 -1.000000 3
1705 -1.000000 3
1708 -1.000000 3
1712 0.000000 4
1714 1.000000 2
1717 -1.000000 3
1720 1.000000 3
1723 -1.000000 3
1726 1.000000 3
1730 1.000000 4
1733 -1.000000 3
1736 1.000000 3
1739 1.000000 3
1743 1.000000 4
1746 1.000000 3
1749 -1.000000 3
1752 -1.000000 3
1755 1.000000 3
1759 1.000000 4
1762 1.000000 3
1765 -1.000000 3
1768 -1.000000 3
1770 -1.000000 2
1773 1.000000 3
1777 0.000000 4
1780 -1.000000 3
1784 1.000000 4
1787 -1.000000 3
1790 -1.000000 3
1792 1.000000 2
1795 1.000000 3
1797 1.000000 2
1800 1.000000 3
1804 1.000000 4
1806 1.000000 2
1810 1.000000 4
1813 -1.000000 3
1817 0.000000 4
1819 1.000000 2
1823 0.000000 4
1826 1.000000 3
1828 1.000000 2
1831 -1.000000 3
1834 1.000000 3
1838 1.000000 4
1842 1.000000 4
1846 1.000000 4
1850 0.000000 4
1854 1.000000 4
1858 0.000000 4
1862 1.000000 4
1866 1.000000 4
1869 -1.000000 3
1873 1.000000 4
1877 0.000000 4
1881 1.000000 4
1884 -1.000000 3
1887 1.000000 3
1891 1.000000 4
1893 -1.000000 2
1897 1.000000 4
1900 -1.000000 3
1903 -1.000000 3
1907 1.000000 4
1911 1.000000 4
1915 1.000000 4
1919 1.000000 4
1923 1.000000 4
1927 1.000000 4
1931 1.000000 4
1935 1.000000 4
1938 -1.000000 3
1941 1.000000 3
1945 1.000000 4
1949 0.000000 4
1953 1.000000 4
1957 1.000000 4
1961 0.000000 4
1965 1.000000 4
1967 1.000000 2
1969 -1.000000 2
1971 1.000000 2
1975 0.000000 4
1979 1.000000 4
1983 0.000000 4
1986 1.000000 3
1989 1.000000 3
1992 1.000000 3
1996 1.000000 4
1998 1.000000 2
2002 1.000000 4
2005 1.000000 3
2007 1.000000 2
2011 1.000000 4
2015 0.000000 4
2018 -1.000000 3
2021 1.000000 3
2024 1.000000 3
2027 1.000000 3
2030 -1.000000 3
2033 1.000000 3
2037 0.000000 4
2041 1.000000 4
2044 -1.000000 3
2048 1.000000 4
2050 -1.000000 2
2053 1.000000 3
2056 1.000000 3
2059 1.000000 3
2063 0.000000 4
2066 -1.000000 3
2068 1.000000 2
2070 1.000000 2
2074 0.000000 4
2078 1.000000 4
2081 -1.000000 3
2085 1.000000 4
2087 1.000000 2
2090 1.000000 3
2094 0.000000 4
2098 1.000000 4
2101 1.000000 3
2105 1.000000 4
2108 -1.000000 3
2111 1.000000 3
2114 1.000000 3
2117 1.000000 3
2120 1.000000 3
2123 -1.000000 3
2127 1.000000 4
2130 1.000000 3
2134 0.000000 4
2137 1.000000 3
2140 -1.000000 3
2143 -1.000000 3
2146 1.000000 3
2149 1.000000 3
2152 -1.000000 3
2155 1.000000 3
2159 1.000000 4
2163 0.000000 4
2167 1.000000 4
2170 1.000000 3
2174 1.000000 4
2177 -1.000000 3
2181 1.000000 4
2185 1.000000 4
2188 1.000000 3
2191 -1.000000 3
2194 1.000000 3
2197 1.000000 3
2200 -1.000000 3
2203 -1.000000 3
2206 1.000000 3
2210 1.000000 4
2213 -1.000000 3
2216 1.000000 3
2220 1.000000 4
2223 1.000000 3
2225 -1.000000 2
2228 -1.000000 3
2232 1.000000 4
2236 0.000000 4
2239 1.000000 3
2243 1.000000 4
2246 -1.000000 3
2250 1.000000 4
2254 0.000000 4
2257 -1.000000 3
2259 1.000000 2
2262 -1.000000 3
2265 1.000000 3
2267 -1.000000 2
2270 1.000000 3
2273 -1.000000 3
2277 0.000000 4
2280 -1.000000 3
2282 1.000000 2
2286 1.000000 4
2289 -1.000000 3
2293 1.000000 4
2296 1.000000 3
2299 1.000000 3
2303 0.000000 4
2306 1.000000 3
2308 1.000000 2
2311 -1.000000 3
2314 1.000000 3
2318 0.000000 4
2322 0.000000 4
2326 0.000000 4
2329 1.000000 3
2332 1.000000 3
2336 1.000000 4
2338 -1.000000 2
2342 0.000000 4
2345 -1.000000 3
2347 -1.000000 2
2350 -1.000000 3
2354 1.000000 4
2357 1.000000 3
2361 1.000000 4
2364 -1.000000 3
2368 1.000000 4
2372 1.000000 4
2375 -1.000000 3
2379 1.000000 4
2383 1.000000 4
2387 1.000000 4
2391 0.000000 4
2394 1.000000 3
2397 1.000000 3
2401 1.000000 4
2405 1.000000 4
2409 0.000000 4
2413 1.000000 4
2417 1.000000 4
2419 -1.000000 2
2423 0.000000 4
2426 1.000000 3
2430 1.000000 4
2432 -1.000000 2
2435 1.000000 3
2438 1.000000 3
2441 -1.000000 3
2444 -1.000000 3
2448 1.000000 4
2451 -1.000000 3
2454 1.000000 3
2458 0.000000 4
2461 1.000000 3
2464 1.000000 3
2467 1.000000 3
2470 -1.000000 3
2474 1.000000 4
2478 1.000000 4
2481 1.000000 3
2484 -1.000000 3
2488 1.000000 4
2491 -1.000000 3
2494 1.000000 3
2497 1.000000 3
2500 1.000000 3
2502 1.000000 2
2506 1.000000 4
2509 1.000000 3
2512 1.000000 3
2515 -1.000000 3
2518 1.000000 3
2520 -1.000000 2
2524 1.000000 4
2527 -1.000000 3
2529 1.000000 2
2531 -1.000000 2
2533 1.000000 2
2537 0.000000 4
2540 1.000000 3
2543 1.000000 3
2546 1.000000 3
2549 -1.000000 3
2553 1.000000 4
2556 1.000000 3
2560 0.000000 4
2563 1.000000 3
2566 1.000000 3
2570 0.000000 4
2574 1.000000 4
2577 1.000000 3
2580 1.000000 3
2584 0.000000 4
2587 -1.000000 3
2590 1.000000 3
2593 -1.000000 3
2595 1.000000 2
2598 1.000000 3
2602 0.000000 4
2606 0.000000 4
2610 1.000000 4
2613 1.000000 3
2616 1.000000 3
2619 1.000000 3
2622 1.000000 3
2626 0.000000 4
2629 -1.000000 3
2631 1.000000 2
2633 -1.000000 2
2636 1.000000 3
2640 1.000000 4
2643 1.000000 3
2646 -1.000000 3
2650 0.000000 4
2653 -1.000000 3
2657 1.000000 4
2659 1.000000 2
2662 -1.000000 3
2665 -1.000000 3
2669 0.000000 4
2672 -1.000000 3
2675 1.000000 3
2677 1.000000 2
2681 1.000000 4
2683 -1.000000 2
2685 1.000000 2
2689 1.000000 4
2693 1.000000 4
2697 1.000000 4
2700 1.000000 3
2703 -1.000000 3
2707 0.000000 4
2710 -1.000000 3
2713 1.000000 3
2715 -1.000000 2
2717 1.000000 2
2721 0.000000 4
2725 1.000000 4
2729 1.000000 4
2733 1.000000 4
2735 1.000000 2
2738 -1.000000 3
2741 -1.000000 3
2743 -1.000000 2
2747 1.000000 4
2750 -1.000000 3
2752 -1.000000 2
2755 1.000000 3
2758 1.000000 3
2761 -1.000000 3
2764 1.000000 3
2768 0.000000 4
2771 1.000000 3
2775 1.000000 4
2778 1.000000 3
2782 1.000000 4
2786 0.000000 4
2789 1.000000 3
2791 1.000000 2
2794 1.000000 3
2798 0.000000 4
2802 0.000000 4
2804 -1.000000 2
2808 1.000000 4
2811 1.000000 3
2814 1.000000 3
2817 1.000000 3
2820 1.000000 3
2822 1.000000 2
2826 1.000000 4
2830 1.000000 4
2833 -1.000000 3
2837 1.000000 4
2841 1.000000 4
2845 1.000000 4
2848 -1.000000 3
2850 1.000000 2
2853 1.000000 3
2856 1.000000 3
2858 1.000000 2
2860 1.000000 2
2863 1.000000 3
2866 1.000000 3
2869 1.000000 3
2872 1.000000 3
2876 0.000000 4
2879 -1.000000 3
2882 1.000000 3
2884 1.000000 2
2887 -1.000000 3
2890 -1.000000 3
2892 1.000000 2
2894 -1.000000 2
2898 0.000000 4
2902 1.000000 4
2905 -1.000000 3
2908 -1.000000 3
2911 1.000000 3
2914 1.000000 3
2918 0.000000 4
2921 1.000000 3
2924 -1.000000 3
2927 1.000000 3
2930 1.000000 3
2933 -1.000000 3
2937 0.000000 4
2940 1.000000 3
2944 0.000000 4
2947 1.000000 3
2950 1.000000 3
2953 -1.000000 3
2955 -1.000000 2
2958 1.000000 3
2961 -1.000000 3
2964 1.000000 3
2968 1.000000 4
2971 -1.000000 3
2974 1.000000 3
2978 1.000000 4
2980 1.000000 2
2982 1.000000 2
2986 1.000000 4
2989 -1.000000 3
2993 0.000000 4
2996 1.000000 3
3000 1.000000 4
3004 0.000000 4
3008 0.000000 4
3011 -1.000000 3
3014 -1.000000 3
3018 0.000000 4
3021 1.000000 3
3024 -1.000000 3
3026 1.000000 2
3029 1.000000 3
3033 1.000000 4
3037 1.000000 4
3040 1.000000 3
3044 0.000000 4
3048 0.000000 4
3051 -1.000000 3
3055 1.000000 4
3057 1.000000 2
3059 -1.000000 2
3063 0.000000 4
3065 -1.000000 2
3068 -1.000000 3
3072 1.000000 4
3074 1.000000 2
3076 1.000000 2
3080 1.000000 4
3083 -1.000000 3
3085 -1.000000 2
3088 1.000000 3
3092 1.000000 4
3094 -1.000000 2
3097 1.000000 3
3101 1.000000 4
3103 -1.000000 2
3106 1.000000 3
3110 0.000000 4
3112 1.000000 2
3114 1.000000 2
3118 0.000000 4
3121 -1.000000 3
3124 1.000000 3
3126 1.000000 2
3129 -1.000000 3
3132 -1.000000 3
3136 0.000000 4
3139 -1.000000 3
3143 1.000000 4
3147 1.000000 4
3150 -1.000000 3
3153 1.000000 3
3157 1.000000 4
3161 1.000000 4
3165 1.000000 4
3168 1.000000 3
3171 -1.000000 3
3174 1.000000 3
3176 1.000000 2
3179 1.000000 3
3182 -1.000000 3
3184 1.000000 2
3187 -1.000000 3
3191 0.000000 4
3193 -1.000000 2
3197 0.000000 4
3200 1.000000 3
3204 0.000000 4
3207 -1.000000 3
3210 -1.000000 3
3213 1.000000 3
3216 1.000000 3
3220 0.000000 4
3224 1.000000 4
3226 -1.000000 2
3230 1.000000 4
3234 1.000000 4
3237 1.000000 3
3240 -1.000000 3
3244 1.000000 4
3248 1.000000 4
3252 0.000000 4
3254 1.000000 2
3256 1.000000 2
3259 1.000000 3
3262 -1.000000 3
3265 1.000000 3
3269 1.000000 4
3273 0.000000 4
3277 1.000000 4
3280 1.000000 3
3284 1.000000 4
3288 1.000000 4
3292 0.000000 4
3295 1.000000 3
3299 1.000000 4
3301 -1.000000 2
3305 1.000000 4
3308 -1.000000 3
3310 -1.000000 2
3313 -1.000000 3
3316 1.000000 3
3320 0.000000 4
3324 1.000000 4
3327 -1.000000 3
3330 -1.000000 3
3334 0.000000 4
3337 -1.000000 3
3341 0.000000 4
3344 1.000000 3
3347 1.000000 3
3350 1.000000 3
3352 -1.000000 2
3356 1.000000 4
3360 0.000000 4
3364 0.000000 4
3368 1.000000 4
3370 -1.000000 2
3373 1.000000 3
3376 1.000000 3
3380 1.000000 4
3384 0.000000 4
3388 0.000000 4
3391 -1.000000 3
3394 1.000000 3
3397 1.000000 3
3399 1.000000 2
3402 1.000000 3
3406 1.000000 4
3410 0.000000 4
3414 0.000000 4
3417 -1.000000 3
3420 1.000000 3
3423 -1.000000 3
3426 1.000000 3
3429 1.000000 3
3433 0.000000 4
3437 1.000000 4
3440 1.000000 3
3444 1.000000 4
3447 1.000000 3
3449 -1.000000 2
3452 -1.000000 3
3455 1.000000 3
3459 1.000000 4
3461 1.000000 2
3465 0.000000 4
3469 1.000000 4
3472 1.000000 3
3474 1.000000 2
3478 1.000000 4
3482 0.000000 4
3485 1.000000 3
3488 -1.000000 3
3491 1.000000 3
3493 1.000000 2
3496 1.000000 3
3498 -1.000000 2
3502 1.000000 4
3505 1.000000 3
3508 1.000000 3
3510 1.000000 2
3514 1.000000 4
3517 1.000000 3
3521 1.000000 4
3525 1.000000 4
3527 1.000000 2
3530 -1.000000 3
3534 1.000000 4
3536 -1.000000 2
3539 -1.000000 3
3541 -1.000000 2
3544 1.000000 3
3547 -1.000000 3
3551 1.000000 4
3555 0.000000 4
3559 1.000000 4
3562 1.000000 3
3564 -1.000000 2
3567 -1.000000 3
3569 1.000000 2
3572 1.000000 3
3575 1.000000 3
3577 -1.000000 2
3579 1.000000 2
3583 1.000000 4
3587 1.000000 4
3591 0.000000 4
3595 0.000000 4
3598 1.000000 3
3601 1.000000 3
3604 1.000000 3
3608 1.000000 4
3612 1.000000 4
3615 -1.000000 3
3618 1.000000 3
3620 1.000000 2
3623 -1.000000 3
3627 0.000000 4
3631 1.000000 4
3634 1.000000 3
3638 1.000000 4
3641 -1.000000 3
3645 0.000000 4
3647 1.000000 2
3651 1.000000 4
3655 1.000000 4
3658 1.000000 3
3662 1.000000 4
3665 -1.000000 3
3668 1.000000 3
3671 1.000000 3
3674 1.000000 3
3676 -1.000000 2
3680 1.000000 4
3683 1.000000 3
3687 0.000000 4
3691 1.000000 4
3693 -1.000000 2
3697 0.000000 4
3699 -1.000000 2
3703 1.000000 4
3706 1.000000 3
3709 1.000000 3
3713 1.000000 4
3715 -1.000000 2
3719 0.000000 4
3722 1.000000 3
3725 -1.000000 3
3727 1.000000 2
3730 1.000000 3
3733 -1.000000 3
3735 1.000000 2
3738 1.000000 3
3740 -1.000000 2
3742 -1.000000 2
3744 -1.000000 2
3748 1.000000 4
3752 0.000000 4
3755 -1.000000 3
3758 1.000000 3
3761 -1.000000 3
3763 1.000000 2
3766 -1.000000 3
3770 1.000000 4
3773 -1.000000 3
3777 1.000000 4
3780 1.000000 3
3784 1.000000 4
3787 -1.000000 3
3791 0.000000 4
3793 -1.000000 2
3796 1.000000 3
3800 0.000000 4
3802 1.000000 2
3805 1.000000 3
3808 -1.000000 3
3811 -1.000000 3
3814 -1.000000 3
3817 1.000000 3
3821 0.000000 4
3824 1.000000 3
3827 1.000000 3
3830 1.000000 3
3832 1.000000 2
3835 1.000000 3
3839 0.000000 4
3841 1.000000 2
3845 1.000000 4
3848 -1.000000 3
3851 1.000000 3
3855 0.000000 4
3858 1.000000 3
3860 1.000000 2
3863 -1.000000 3
3866 1.000000 3
3868 -1.000000 2
3872 0.000000 4
3876 1.000000 4
3879 1.000000 3
3882 1.000000 3
3884 -1.000000 2
3888 1.000000 4
3891 1.000000 3
3894 -1.000000 3
3898 1.000000 4
3902 0.000000 4
3906 1.000000 4
3910 1.000000 4
3914 1.000000 4
3918 0.000000 4
3921 1.000000 3
3925 1.000000 4
3929 1.000000 4
3933 0.000000 4
3937 0.000000 4
3941 0.000000 4
3945 1.000000 4
3949 0.000000 4
3952 -1.000000 3
3955 -1.000000 3
3959 0.000000 4
3963 1.000000 4
3967 0.000000 4
3969 -1.000000 2
3973 1.000000 4
3977 1.000000 4
3980 1.000000 3
3983 1.000000 3
3987 1.000000 4
3990 1.000000 3
3994 1.000000 4
3997 -1.000000 3
4000 1.000000 3
4004 1.000000 4
4007 1.000000 3
4010 1.000000 3
4014 1.000000 4
4018 0.000000 4
4022 1.000000 4
4026 1.000000 4
4030 1.000000 4
4034 1.000000 4
4036 -1.000000 2
4040 0.000000 4
4044 0.000000 4
4048 0.000000 4
4051 1.000000 3
4055 0.000000 4
4059 0.000000 4
4062 1.000000 3
4064 -1.000000 2
4067 1.000000 3
4070 -1.000000 3
4073 -1.000000 3
4076 1.000000 3
4080 1.000000 4
4083 1.000000 3
4087 0.000000 4
4089 -1.000000 2
4093 1.000000 4
4096 -1.000000 3
4100 1.000000 4
4103 1.000000 3
4106 1.000000 3
4110 0.000000 4
4113 1.000000 3
4117 1.000000 4
4120 1.000000 3
4124 0.000000 4
4127 1.000000 3
4129 1.000000 2
4133 1.000000 4
4136 1.000000 3
4139 -1.000000 3
4142 -1.000000 3
4146 1.000000 4
4149 -1.000000 3
4151 -1.000000 2
4153 -1.000000 2
4155 1.000000 2
4158 1.000000 3
4160 1.000000 2
4163 -1.000000 3
4167 1.000000 4
4170 -1.000000 3
4173 1.000000 3
4176 -1.000000 3
4180 0.000000 4
4183 1.000000 3
4186 1.000000 3
4189 -1.000000 3
4193 1.000000 4
4196 1.000000 3
4199 1.000000 3
4202 1.000000 3
4205 1.000000 3
4208 1.000000 3
4211 -1.000000 3
4214 -1.000000 3
4218 1.000000 4
4221 -1.000000 3
4225 1.000000 4
4229 1.000000 4
4233 1.000000 4
4235 -1.000000 2
4238 1.000000 3
4241 -1.000000 3
4244 1.000000 3
4247 1.000000 3
4250 -1.000000 3
4253 1.000000 3
4256 -1.000000 3
4260 0.000000 4
4262 -1.000000 2
4265 1.000000 3
4268 1.000000 3
4272 1.000000 4
4275 -1.000000 3
4278 -1.000000 3
4280 -1.000000 2
4284 1.000000 4
4288 0.000000 4
4291 1.000000 3
4294 1.000000 3
4296 1.000000 2
4300 1.000000 4
4303 -1.000000 3
4306 -1.000000 3
4308 1.000000 2
4311 -1.000000 3
4315 1.000000 4
4317 -1.000000 2
4320 1.000000 3
4323 1.000000 3
4327 0.000000 4
4331 0.000000 4
4334 1.000000 3
4337 -1.000000 3
4340 1.000000 3
4344 1.000000 4
4347 1.000000 3
4350 1.000000 3
4353 1.000000 3
4356 -1.000000 3
4360 0.000000 4
4362 1.000000 2
4365 1.000000 3
4368 1.000000 3
4371 1.000000 3
4375 1.000000 4
4379 1.000000 4
4381 -1.000000 2
4385 0.000000 4
4387 1.000000 2
4390 1.000000 3
4394 0.000000 4
4398 1.000000 4
4401 1.000000 3
4404 -1.000000 3
4407 -1.000000 3
4411 0.000000 4
4415 1.000000 4
4418 1.000000 3
4422 1.000000 4
4424 1.000000 2
4427 -1.000000 3
4430 1.000000 3
4434 1.000000 4
4438 0.000000 4
4442 1.000000 4
4444 -1.000000 2
4447 -1.000000 3
4451 1.000000 4
4453 1.000000 2
4455 -1.000000 2
4457 1.000000 2
4461 0.000000 4
4464 -1.000000 3
4468 1.000000 4
4471 1.000000 3
4475 0.000000 4
4478 1.000000 3
4481 -1.000000 3
4484 1.000000 3
4486 1.000000 2
4489 -1.000000 3
4491 -1.000000 2
4494 1.000000 3
4498 0.000000 4
4501 1.000000 3
4504 -1.000000 3
4507 -1.000000 3
4511 0.000000 4
4514 -1.000000 3
4517 1.000000 3
4520 -1.000000 3
4524 0.000000 4
4526 1.000000 2
4529 1.000000 3
4533 1.000000 4
4536 -1.000000 3
4538 1.000000 2
4542 0.000000 4
4545 1.000000 3
4548 1.000000 3
4550 1.000000 2
4553 1.000000 3
4556 1.000000 3
4559 1.000000 3
4561 -1.000000 2
4565 1.000000 4
4568 -1.000000 3
4571 -1.000000 3
4574 -1.000000 3
4577 -1.000000 3
4580 -1.000000 3
4584 1.000000 4
4587 -1.000000 3
4590 -1.000000 3
4594 1.000000 4
4597 -1.000000 3
4601 1.000000 4
4604 -1.000000 3
4606 -1.000000 2
4608 1.000000 2
4610 1.000000 2
4613 -1.000000 3
4617 1.000000 4
4620 1.000000 3
4623 -1.000000 3
4625 1.000000 2
4628 1.000000 3
4631 1.000000 3
4635 0.000000 4
4638 -1.000000 3
4640 1.000000 2
4643 -1.000000 3
4647 1.000000 4
4651 0.000000 4
4654 -1.000000 3
4656 -1.000000 2
4659 -1.000000 3
4662 -1.000000 3
4665 -1.000000 3
4669 0.000000 4
4673 1.000000 4
4677 1.000000 4
4680 1.000000 3
4682 -1.000000 2
4684 1.000000 2
4688 1.000000 4
4692 0.000000 4
4695 -1.000000 3
4697 1.000000 2
4701 1.000000 4
4705 1.000000 4
4709 0.000000 4
4711 -1.000000 2
4714 -1.000000 3
4717 1.000000 3
4721 1.000000 4
4725 1.000000 4
4728 -1.000000 3
4732 1.000000 4
4735 -1.000000 3
4738 1.000000 3
4741 -1.000000 3
4745 1.000000 4
4747 1.000000 2
4750 -1.000000 3
4752 1.000000 2
4755 1.000000 3
4757 1.000000 2
4761 1.000000 4
4764 1.000000 3
4768 1.000000 4
4771 1.000000 3
4773 1.000000 2
4776 1.000000 3
4779 -1.000000 3
4781 -1.000000 2
4784 1.000000 3
4788 1.000000 4
4790 1.000000 2
4793 1.000000 3
4797 1.000000 4
4800 1.000000 3
4803 1.000000 3
4806 1.000000 3
4810 1.000000 4
4814 0.000000 4
4817 1.000000 3
4821 1.000000 4
4825 1.000000 4
4828 -1.000000 3
4832 0.000000 4
4836 1.000000 4
4840 0.000000 4
4843 -1.000000 3
4846 1.000000 3
4849 1.000000 3
4852 -1.000000 3
4855 1.000000 3
4858 1.000000 3
4861 1.000000 3
4865 1.000000 4
4868 1.000000 3
4871 1.000000 3
4875 1.000000 4
4877 -1.000000 2
4881 0.000000 4
4883 1.000000 2
4886 -1.000000 3
4890 1.000000 4
4894 1.000000 4
4897 -1.000000 3
4901 1.000000 4
4905 1.000000 4
4908 -1.000000 3
4911 1.000000 3
4915 1.000000 4
4917 1.000000 2
4920 1.000000 3
4924 1.000000 4
4926 1.000000 2
4930 0.000000 4
4934 1.000000 4
4937 1.000000 3
4939 -1.000000 2
4942 1.000000 3
4945 -1.000000 3
4949 1.000000 4
4953 1.000000 4
4957 0.000000 4
4960 -1.000000 3
4962 1.000000 2
4966 1.000000 4
4970 0.000000 4
4972 -1.000000 2
4975 -1.000000 3
4979 0.000000 4
4983 1.000000 4
4986 1.000000 3
4988 -1.000000 2
4990 -1.000000 2
4994 1.000000 4
4997 -1.000000 3
5000 -1.000000 3
5004 0.000000 4
5008 0.000000 4
5011 1.000000 3
5015 1.000000 4
5019 1.000000 4
5021 1.000000 2
5023 -1.000000 2
5026 1.000000 3
5030 1.000000 4
5034 1.000000 4
5037 1.000000 3
5040 1.000000 3
5044 0.000000 4
5046 1.000000 2
5049 -1.000000 3
5052 1.000000 3
5054 -1.000000 2
5057 1.000000 3
5059 1.000000 2
5063 0.000000 4
5066 -1.000000 3
5070 1.000000 4
5073 -1.000000 3
5076 -1.000000 3
5080 0.000000 4
5084 0.000000 4
5088 1.000000 4
5092 1.000000 4
5094 1.000000 2
5096 1.000000 2
5100 0.000000 4
5103 -1.000000 3
5106 1.000000 3
5110 1.000000 4
5112 -1.000000 2
5115 -1.000000 3
5118 1.000000 3
5122 1.000000 4
5125 -1.000000 3
5128 -1.000000 3
5131 -1.000000 3
5135 1.000000 4
5139 0.000000 4
5142 -1.000000 3
5145 -1.000000 3
5148 1.000000 3
5152 1.000000 4
5154 -1.000000 2
5156 1.000000 2
5160 0.000000 4
5163 1.000000 3
5166 1.000000 3
5169 1.000000 3
5171 -1.000000 2
5175 1.000000 4
5179 1.000000 4
5182 1.000000 3
5186 0.000000 4
5188 1.000000 2
5192 1.000000 4
5195 -1.000000 3
5198 -1.000000 3
5200 1.000000 2
5203 -1.000000 3
5206 1.000000 3
5209 1.000000 3
5212 -1.000000 3
5215 1.000000 3
5219 1.000000 4
5221 1.000000 2
5225 1.000000 4
5228 1.000000 3
5232 0.000000 4
5235 -1.000000 3
5237 -1.000000 2
5240 -1.000000 3
5244 1.000000 4
5247 1.000000 3
5251 1.000000 4
5253 -1.000000 2
5256 1.000000 3
5259 -1.000000 3
5262 1.000000 3
5264 1.000000 2
5267 1.000000 3
5271 0.000000 4
5274 1.000000 3
5276 1.000000 2
5280 0.000000 4
5283 1.000000 3
5286 1.000000 3
5289 -1.000000 3
5291 1.000000 2
5294 1.000000 3
5297 -1.000000 3
5301 0.000000 4
5304 1.000000 3
5308 1.000000 4
5311 1.000000 3
5315 1.000000 4
5318 1.000000 3
5322 1.000000 4
5325 1.000000 3
5328 1.000000 3
5330 -1.000000 2
5334 1.000000 4
5337 1.000000 3
5340 1.000000 3
5342 -1.000000 2
5344 1.000000 2
5346 -1.000000 2
5349 -1.000000 3
5352 -1.000000 3
5354 -1.000000 2
5358 0.000000 4
5360 -1.000000 2
5364 0.000000 4
5368 1.000000 4
5372 0.000000 4
5375 1.000000 3
5379 0.000000 4
5382 1.000000 3
5385 1.000000 3
5388 1.000000 3
5392 1.000000 4
5395 1.000000 3
5398 -1.000000 3
5401 1.000000 3
5404 1.000000 3
5407 -1.000000 3
5410 1.000000 3
5414 0.000000 4
5416 -1.000000 2
5419 -1.000000 3
5423 0.000000 4
5425 -1.000000 2
5428 -1.000000 3
5431 1.000000 3
5435 0.000000 4
5439 0.000000 4
5442 1.000000 3
5446 0.000000 4
5449 -1.000000 3
5453 1.000000 4
5456 -1.000000 3
5460 0.000000 4
5463 1.000000 3
5466 1.000000 3
5469 1.000000 3
5472 -1.000000 3
5475 1.000000 3
5478 -1.000000 3
5481 1.000000 3
5485 1.000000 4
5487 -1.000000 2
5490 1.000000 3
5493 1.000000 3
5497 1.000000 4
5500 1.000000 3
5503 -1.000000 3
5505 1.000000 2
5508 -1.000000 3
5511 1.000000 3
5514 1.000000 3
5517 -1.000000 3
5520 -1.000000 3
5522 1.000000 2
5525 1.000000 3
5528 -1.000000 3
5531 1.000000 3
5533 -1.000000 2
5536 -1.000000 3
5540 0.000000 4
5543 -1.000000 3
5545 -1.000000 2
5548 -1.000000 3
5552 1.000000 4
5555 1.000000 3
5559 1.000000 4
5562 -1.000000 3
5565 1.000000 3
5568 1.000000 3
5570 1.000000 2
5574 0.000000 4
5576 -1.000000 2
5580 1.000000 4
5582 -1.000000 2
5586 1.000000 4
5588 1.000000 2
5591 1.000000 3
5593 1.000000 2
5596 1.000000 3
5599 1.000000 3
5602 -1.000000 3
5606 0.000000 4
5610 1.000000 4
5614 0.000000 4
5617 1.000000 3
5621 0.000000 4
5624 -1.000000 3
5628 0.000000 4
5632 0.000000 4
5635 1.000000 3
5639 1.000000 4
5643 0.000000 4
5647 1.000000 4
5651 1.000000 4
5655 0.000000 4
5658 1.000000 3
5662 1.000000 4
5665 1.000000 3
5667 -1.000000 2
5671 1.000000 4
5675 1.000000 4
5679 1.000000 4
5683 0.000000 4
5687 1.000000 4
5689 -1.000000 2
5692 -1.000000 3
5694 1.000000 2
5698 0.000000 4
5702 1.000000 4
5705 1.000000 3
5709 0.000000 4
5711 1.000000 2
5715 1.000000 4
5718 -1.000000 3
5722 1.000000 4
5726 0.000000 4
5729 1.000000 3
5731 -1.000000 2
5734 -1.000000 3
5736 1.000000 2
5738 -1.000000 2
5741 -1.000000 3
5744 -1.000000 3
5747 1.000000 3
5749 -1.000000 2
5752 -1.000000 3
5755 -1.000000 3
5759 0.000000 4
5763 0.000000 4
5766 1.000000 3
5769 -1.000000 3
5773 1.000000 4
5776 1.000000 3
5778 1.000000 2
5781 -1.000000 3
5784 1.000000 3
5787 1.000000 3
5791 1.000000 4
5795 0.000000 4
5798 1.000000 3
5801 1.000000 3
5804 1.000000 3
5807 1.000000 3
5809 -1.000000 2
5812 1.000000 3
5816 1.000000 4
5818 1.000000 2
5821 1.000000 3
5824 1.000000 3
5828 1.000000 4
5831 -1.000000 3
5834 1.000000 3
5836 1.000000 2
5839 1.000000 3
5842 1.000000 3
5844 1.000000 2
5847 -1.000000 3
5850 -1.000000 3
5853 -1.000000 3
5857 1.000000 4
5860 1.000000 3
5864 1.000000 4
5868 1.000000 4
5870 1.000000 2
5874 1.000000 4
5877 1.000000 3
5881 1.000000 4
5885 0.000000 4
5887 1.000000 2
5891 0.000000 4
5895 0.000000 4
5899 1.000000 4
5903 1.000000 4
5905 1.000000 2
5909 0.000000 4
5913 0.000000 4
5915 1.000000 2
5918 -1.000000 3
5921 1.000000 3
5925 0.000000 4
5929 0.000000 4
5932 -1.000000 3
5935 -1.000000 3
5939 0.000000 4
5943 0.000000 4
5947 1.000000 4
5950 -1.000000 3
5952 -1.000000 2
5955 1.000000 3
5958 1.000000 3
5961 1.000000 3
5964 1.000000 3
5967 -1.000000 3
5971 0.000000 4
5973 1.000000 2
5975 -1.000000 2
5979 0.000000 4
5982 1.000000 3
5984 1.000000 2
5987 -1.000000 3
5991 0.000000 4
5993 1.000000 2
5996 1.000000 3
5999 1.000000 3
6002 1.000000 3
6006 0.000000 4
6009 -1.000000 3
6012 -1.000000 3
6015 1.000000 3
6019 1.000000 4
6023 0.000000 4
6027 0.000000 4
6030 1.000000 3
6034 1.000000 4
6036 -1.000000 2
6038 1.000000 2
6041 -1.000000 3
6044 -1.000000 3
6046 1.000000 2
6049 1.000000 3
6052 -1.000000 3
6055 1.000000 3
6058 1.000000 3
6060 1.000000 2
6064 1.000000 4
6066 -1.000000 2
6068 -1.000000 2
6070 -1.000000 2
6074 1.000000 4
6077 1.000000 3
6079 1.000000 2
6081 1.000000 2
6084 1.000000 3
6087 1.000000 3
6090 -1.000000 3
6093 1.000000 3
6096 1.000000 3
6098 -1.000000 2
6101 1.000000 3
6104 1.000000 3
6107 1.000000 3
6110 -1.000000 3
6114 1.000000 4
6116 1.000000 2
6118 -1.000000 2
6121 -1.000000 3
6123 -1.000000 2
6125 1.000000 2
6128 1.000000 3
6130 -1.000000 2
6132 1.000000 2
6136 1.000000 4
6140 0.000000 4
6143 -1.000000 3
6147 1.000000 4
6150 -1.000000 3
6153 -1.000000 3
6156 -1.000000 3
6160 1.000000 4
6162 1.000000 2
6165 -1.000000 3
6168 1.000000 3
6171 -1.000000 3
6175 1.000000 4
6178 1.000000 3
6181 1.000000 3
6184 1.000000 3
6188 1.000000 4
6192 0.000000 4
6196 0.000000 4
6200 0.000000 4
6203 -1.000000 3
6205 -1.000000 2
6209 1.000000 4
6212 1.000000 3
6216 1.000000 4
6220 1.000000 4
6222 1.000000 2
6225 -1.000000 3
6227 1.000000 2
6230 1.000000 3
6234 0.000000 4
6238 1.000000 4
6240 1.000000 2
6244 0.000000 4
6247 -1.000000 3
6250 1.000000 3
6254 0.000000 4
6257 1.000000 3
6261 1.000000 4
6265 1.000000 4
6268 -1.000000 3
6271 1.000000 3
6275 0.000000 4
6277 -1.000000 2
6281 1.000000 4
6284 1.000000 3
6286 -1.000000 2
6290 1.000000 4
6294 1.000000 4
6298 0.000000 4
6302 1.000000 4
6305 -1.000000 3
6308 1.000000 3
6311 1.000000 3
6313 -1.000000 2
6315 -1.000000 2
6318 1.000000 3
6321 -1.000000 3
6323 -1.000000 2
6327 0.000000 4
6331 0.000000 4
6334 -1.000000 3
6337 -1.000000 3
6340 -1.000000 3
6343 -1.000000 3
6347 0.000000 4
6351 1.000000 4
6355 1.000000 4
6357 -1.000000 2
6360 1.000000 3
6363 -1.000000 3
6366 -1.000000 3
6369 1.000000 3
6372 1.000000 3
6375 1.000000 3
6378 1.000000 3
6380 1.000000 2
6384 0.000000 4
6388 1.000000 4
6392 1.000000 4
6394 1.000000 2
6397 1.000000 3
6401 1.000000 4
6404 1.000000 3
6406 -1.000000 2
6410 1.000000 4
6414 1.000000 4
6417 1.000000 3
6419 1.000000 2
6422 1.000000 3
6426 1.000000 4
6430 1.000000 4
6433 -1.000000 3
6435 1.000000 2
6438 -1.000000 3
6441 1.000000 3
6444 -1.000000 3
6448 0.000000 4
6452 1.000000 4
6455 -1.000000 3
6458 1.000000 3
6462 0.000000 4
6466 1.000000 4
6468 1.000000 2
6471 -1.000000 3
6474 -1.000000 3
6478 0.000000 4
6481 1.000000 3
6484 -1.000000 3
6487 1.000000 3
6490 1.000000 3
6493 -1.000000 3
6497 0.000000 4
6499 1.000000 2
6502 1.000000 3
6504 1.000000 2
6508 1.000000 4
6512 1.000000 4
6516 1.000000 4
6520 1.000000 4
6523 1.000000 3
6527 0.000000 4
6530 -1.000000 3
6533 1.000000 3
6537 1.000000 4
6539 1.000000 2
6541 -1.000000 2
6545 1.000000 4
6548 1.000000 3
6552 0.000000 4
6555 -1.000000 3
6558 1.000000 3
6562 0.000000 4
6566 1.000000 4
6569 1.000000 3
6572 1.000000 3
6576 1.000000 4
6579 -1.000000 3
6583 1.000000 4
6585 1.000000 2
6588 1.000000 3
6592 1.000000 4
6595 1.000000 3
6598 1.000000 3
6602 1.000000 4
6605 -1.000000 3
6609 1.000000 4
6613 1.000000 4
6616 1.000000 3
6619 1.000000 3
6622 1.000000 3
6625 1.000000 3
6628 1.000000 3
6632 1.000000 4
6636 1.000000 4
6638 1.000000 2
6640 1.000000 2
6643 -1.000000 3
6645 1.000000 2
6647 -1.000000 2
6650 1.000000 3
6653 1.000000 3
6657 0.000000 4
6659 -1.000000 2
6663 1.000000 4
6667 0.000000 4
6670 -1.000000 3
6672 -1.000000 2
6676 1.000000 4
6679 -1.000000 3
6681 1.000000 2
6684 1.000000 3
6687 1.000000 3
6690 1.000000 3
6692 1.000000 2
6695 -1.000000 3
6698 1.000000 3
6701 -1.000000 3
6704 1.000000 3
6707 -1.000000 3
6711 1.000000 4
6714 1.000000 3
6718 1.000000 4
6722 1.000000 4
6726 1.000000 4
6729 -1.000000 3
6732 1.000000 3
6736 1.000000 4
6740 0.000000 4
6744 0.000000 4
6747 -1.000000 3
6750 1.000000 3
6753 1.000000 3
6756 1.000000 3
6759 -1.000000 3
6762 1.000000 3
6765 -1.000000 3
6768 1.000000 3
6770 1.000000 2
6774 1.000000 4
6778 0.000000 4
6782 1.000000 4
6785 -1.000000 3
6788 -1.000000 3
6792 1.000000 4
6796 1.000000 4
6799 -1.000000 3
6802 1.000000 3
6805 1.000000 3
6808 -1.000000 3
6811 1.000000 3
6814 -1.000000 3
6818 1.000000 4
6821 1.000000 3
6824 -1.000000 3
6827 1.000000 3
6830 -1.000000 3
6833 -1.000000 3
6837 1.000000 4
6840 -1.000000 3
6843 -1.000000 3
6846 1.000000 3
6849 1.000000 3
6852 1.000000 3
6855 1.000000 3
6858 -1.000000 3
6862 1.000000 4
6864 -1.000000 2
6867 1.000000 3
6870 1.000000 3
6873 -1.000000 3
6876 1.000000 3
6880 1.000000 4
6883 1.000000 3
6886 1.000000 3
6890 0.000000 4
6893 -1.000000 3
6896 -1.000000 3
6899 1.000000 3
6902 -1.000000 3
6906 0.000000 4
6908 -1.000000 2
6911 -1.000000 3
6914 1.000000 3
6917 -1.000000 3
6919 -1.000000 2
6922 -1.000000 3
6925 1.000000 3
6929 1.000000 4
6931 -1.000000 2
6933 1.000000 2
6937 1.000000 4
6939 1.000000 2
6941 -1.000000 2
6943 -1.000000 2
6945 -1.000000 2
6948 1.000000 3
6952 0.000000 4
6956 1.000000 4
6959 -1.000000 3
6961 1.000000 2
6965 1.000000 4
6968 -1.000000 3
6970 -1.000000 2
6974 1.000000 4
6977 -1.000000 3
6980 1.000000 3
6984 1.000000 4
6988 0.000000 4
6991 -1.000000 3
6995 0.000000 4
6999 1.000000 4
7001 1.000000 2
7003 -1.000000 2
7006 1.000000 3
7009 -1.000000 3
7011 1.000000 2
7015 1.000000 4
7019 1.000000 4
7022 1.000000 3
7026 1.000000 4
7030 1.000000 4
7033 -1.000000 3
7036 -1.000000 3
7039 -1.000000 3
7042 1.000000 3
7044 -1.000000 2
7046 -1.000000 2
7048 1.000000 2
7051 -1.000000 3
7054 -1.000000 3
7057 -1.000000 3
7061 0.000000 4
7064 1.000000 3
7068 1.000000 4
7072 0.000000 4
7075 -1.000000 3
7079 1.000000 4
7082 -1.000000 3
7084 -1.000000 2
7086 1.000000 2
7089 1.000000 3
7092 1.000000 3
7094 -1.000000 2
7097 -1.000000 3
7100 -1.000000 3
7104 0.000000 4
7107 -1.000000 3
7110 1.000000 3
7114 1.000000 4
7117 -1.000000 3
7121 1.000000 4
7123 1.000000 2
7127 1.000000 4
7130 1.000000 3
7133 1.000000 3
7137 1.000000 4
7141 0.000000 4
7145 1.000000 4
7149 1.000000 4
7153 1.000000 4
7157 0.000000 4
7161 1.000000 4
7164 1.000000 3
7167 1.000000 3
7170 1.000000 3
7173 -1.000000 3
7177 1.000000 4
7181 0.000000 4
7184 -1.000000 3
7187 1.000000 3
7189 -1.000000 2
7193 1.000000 4
7196 -1.000000 3
7199 1.000000 3
7201 1.000000 2
7204 1.000000 3
7208 1.000000 4
7212 1.000000 4
7216 1.000000 4
7220 0.000000 4
7223 -1.000000 3
7225 -1.000000 2
7229 0.000000 4
7233 0.000000 4
7236 1.000000 3
7240 0.000000 4
7243 1.000000 3
7247 0.000000 4
7251 0.000000 4
7255 0.000000 4
7257 1.000000 2
7260 1.000000 3
7264 0.000000 4
7267 -1.000000 3
7271 0.000000 4
7275 0.000000 4
7279 1.000000 4
7282 1.000000 3
7285 1.000000 3
7288 1.000000 3
7291 -1.000000 3
7294 1.000000 3
7297 1.000000 3
7301 0.000000 4
7305 1.000000 4
7307 -1.000000 2
7309 1.000000 2
7312 -1.000000 3
7315 -1.000000 3
7319 1.000000 4
7321 1.000000 2
7325 1.000000 4
7329 1.000000 4
7332 1.000000 3
7335 -1.000000 3
7337 1.000000 2
7339 -1.000000 2
7342 1.000000 3
7346 0.000000 4
7349 -1.000000 3
7352 -1.000000 3
7354 -1.000000 2
7357 1.000000 3
7359 1.000000 2
7363 1.000000 4
7366 1.000000 3
7369 1.000000 3
7372 -1.000000 3
7376 0.000000 4
7378 -1.000000 2
7380 -1.000000 2
7383 1.000000 3
7387 1.000000 4
7390 1.000000 3
7393 1.000000 3
7395 -1.000000 2
7399 0.000000 4
7403 1.000000 4
7405 -1.000000 2
7409 1.000000 4
7411 -1.000000 2
7414 1.000000 3
7416 -1.000000 2
7418 1.000000 2
7421 1.000000 3
7424 -1.000000 3
7428 0.000000 4
7432 0.000000 4
7436 0.000000 4
7440 1.000000 4
7443 1.000000 3
7446 1.000000 3
7449 -1.000000 3
7452 -1.000000 3
7455 1.000000 3
7459 0.000000 4
7463 1.000000 4
7467 1.000000 4
7470 -1.000000 3
7474 1.000000 4
7478 0.000000 4
7480 -1.000000 2
7482 1.000000 2
7486 0.000000 4
7489 -1.000000 3
7492 1.000000 3
7496 0.000000 4
7498 -1.000000 2
7501 1.000000 3
7504 -1.000000 3
7508 0.000000 4
7510 -1.000000 2
7513 -1.000000 3
7516 -1.000000 3
7520 0.000000 4
7524 1.000000 4
7527 -1.000000 3
7531 1.000000 4
7535 1.000000 4
7538 1.000000 3
7542 1.000000 4
7545 1.000000 3
7548 -1.000000 3
7550 -1.000000 2
7554 1.000000 4
7557 -1.000000 3
7561 1.000000 4
7565 0.000000 4
7568 1.000000 3
7572 0.000000 4
7574 -1.000000 2
7578 1.000000 4
7581 1.000000 3
7584 -1.000000 3
7588 1.000000 4
7591 -1.000000 3
7595 0.000000 4
7598 1.000000 3
7602 1.000000 4
7605 1.000000 3
7609 1.000000 4
7612 -1.000000 3
7615 1.000000 3
7619 1.000000 4
7622 -1.000000 3
7626 1.000000 4
7629 -1.000000 3
7632 1.000000 3
7636 1.000000 4
7638 -1.000000 2
7642 1.000000 4
7645 -1.000000 3
7648 -1.000000 3
7652 0.000000 4
7655 -1.000000 3
7659 0.000000 4
7662 1.000000 3
7665 1.000000 3
7669 0.000000 4
7673 0.000000 4
7675 1.000000 2
7679 1.000000 4
7681 -1.000000 2
7684 -1.000000 3
7687 1.000000 3
7689 -1.000000 2
7692 1.000000 3
7695 -1.000000 3
7698 1.000000 3
7701 -1.000000 3
7705 1.000000 4
7708 -1.000000 3
7711 1.000000 3
7715 1.000000 4
7718 1.000000 3
7722 1.000000 4
7725 1.000000 3
7729 1.000000 4
7731 -1.000000 2
7735 1.000000 4
7738 -1.000000 3
7742 1.000000 4
7746 1.000000 4
7749 -1.000000 3
7753 1.000000 4
7757 0.000000 4
7760 1.000000 3
7764 0.000000 4
7767 1.000000 3
7770 1.000000 3
7772 1.000000 2
7776 1.000000 4
7779 1.000000 3
7783 1.000000 4
7787 0.000000 4
7789 -1.000000 2
7791 1.000000 2
7794 -1.000000 3
7797 -1.000000 3
7799 1.000000 2
7803 1.000000 4
7807 1.000000 4
7811 0.000000 4
7814 1.000000 3
7816 1.000000 2
7820 0.000000 4
7823 1.000000 3
7825 1.000000 2
7829 0.000000 4
7831 -1.000000 2
7834 1.000000 3
7838 0.000000 4
7842 1.000000 4
7846 1.000000 4
7848 1.000000 2
7851 1.000000 3
7854 -1.000000 3
7858 0.000000 4
7861 -1.000000 3
7864 1.000000 3
7868 0.000000 4
7871 1.000000 3
7874 -1.000000 3
7877 1.000000 3
7880 1.000000 3
7884 1.000000 4
7886 1.000000 2
7890 1.000000 4
7894 0.000000 4
7898 1.000000 4
7901 1.000000 3
7903 1.000000 2
7906 1.000000 3
7910 0.000000 4
7913 -1.000000 3
7915 1.000000 2
7919 1.000000 4
7922 1.000000 3
7925 1.000000 3
7928 1.000000 3
7932 1.000000 4
7936 0.000000 4
7938 1.000000 2
7942 1.000000 4
7946 1.000000 4
7948 1.000000 2
7951 1.000000 3
7954 -1.000000 3
7958 1.000000 4
7961 1.000000 3
7963 1.000000 2
7966 1.000000 3
7969 -1.000000 3
7973 0.000000 4
7976 -1.000000 3
7980 1.000000 4
7982 1.000000 2
7986 1.000000 4
7989 1.000000 3
7993 1.000000 4
7997 1.000000 4
8000 1.000000 3
8003 -1.000000 3
8006 -1.000000 3
8010 1.000000 4
8012 -1.000000 2
8016 0.000000 4
8020 1.000000 4
8023 1.000000 3
8026 1.000000 3
8028 1.000000 2
8031 1.000000 3
8034 -1.000000 3
8037 1.000000 3
8041 0.000000 4
8044 -1.000000 3
8047 1.000000 3
8051 1.000000 4
8055 1.000000 4
8058 -1.000000 3
8061 1.000000 3
8064 1.000000 3
8068 0.000000 4
8071 1.000000 3
8074 1.000000 3
8077 -1.000000 3
8080 1.000000 3
8083 1.000000 3
8087 0.000000 4
8090 -1.000000 3
8093 1.000000 3
8097 1.000000 4
8099 1.000000 2
8103 0.000000 4
8106 1.000000 3
8109 1.000000 3
8113 1.000000 4
8117 1.000000 4
8120 1.000000 3
8124 0.000000 4
8127 -1.000000 3
8130 -1.000000 3
8133 -1.000000 3
8137 1.000000 4
8141 1.000000 4
8143 -1.000000 2
8147 0.000000 4
8150 -1.000000 3
8153 -1.000000 3
8156 -1.000000 3
8158 1.000000 2
8160 -1.000000 2
8163 1.000000 3
8167 0.000000 4
8171 1.000000 4
8175 0.000000 4
8178 1.000000 3
8181 -1.000000 3
8184 1.000000 3
8187 -1.000000 3
8190 1.000000 3
8192 -1.000000 2
8195 1.000000 3
8199 1.000000 4
8203 1.000000 4
8206 1.000000 3
8209 -1.000000 3
8211 1.000000 2
8213 1.000000 2
8217 1.000000 4
8220 1.000000 3
8224 1.000000 4
8228 1.000000 4
8232 1.000000 4
8235 -1.000000 3
8238 1.000000 3
8242 1.000000 4
8244 1.000000 2
8247 1.000000 3
8251 1.000000 4
8255 0.000000 4
8257 1.000000 2
8261 1.000000 4
8264 1.000000 3
8267 1.000000 3
8271 1.000000 4
8274 1.000000 3
8276 1.000000 2
8280 1.000000 4
8282 -1.000000 2
8286 0.000000 4
8290 1.000000 4
8294 1.000000 4
8298 0.000000 4
8300 1.000000 2
8303 1.000000 3
8306 -1.000000 3
8309 1.000000 3
8312 1.000000 3
8315 1.000000 3
8317 -1.000000 2
8320 -1.000000 3
8322 -1.000000 2
8324 -1.000000 2
8327 1.000000 3
8329 -1.000000 2
8333 1.000000 4
8336 -1.000000 3
8339 -1.000000 3
8342 1.000000 3
8345 1.000000 3
8349 0.000000 4
8352 1.000000 3
8354 -1.000000 2
8358 0.000000 4
8361 1.000000 3
8364 -1.000000 3
8367 -1.000000 3
8371 0.000000 4
8375 1.000000 4
8379 1.000000 4
8382 1.000000 3
8385 -1.000000 3
8388 1.000000 3
8392 1.000000 4
8394 1.000000 2
8397 1.000000 3
8401 1.000000 4
8403 1.000000 2
8407 1.000000 4
8411 1.000000 4
8414 -1.000000 3
8417 -1.000000 3
8421 0.000000 4
8424 1.000000 3
8428 1.000000 4
8430 -1.000000 2
8433 -1.000000 3
8436 -1.000000 3
8439 1.000000 3
8441 1.000000 2
8443 1.000000 2
8446 1.000000 3
8450 0.000000 4
8454 1.000000 4
8456 -1.000000 2
8460 1.000000 4
8463 1.000000 3
8465 -1.000000 2
8469 0.000000 4
8472 1.000000 3
8474 -1.000000 2
8477 -1.000000 3
8479 1.000000 2
8483 1.000000 4
8486 -1.000000 3
8489 1.000000 3
8492 -1.000000 3
8495 1.000000 3
8499 1.000000 4
8502 1.000000 3
8505 -1.000000 3
8508 -1.000000 3
8512 0.000000 4
8516 1.000000 4
8518 -1.000000 2
8521 1.000000 3
8525 0.000000 4
8528 -1.000000 3
8531 -1.000000 3
8535 1.000000 4
8539 1.000000 4
8541 -1.000000 2
8544 -1.000000 3
8548 0.000000 4
8551 -1.000000 3
8553 1.000000 2
8556 -1.000000 3
8559 -1.000000 3
8561 1.000000 2
8565 1.000000 4
8569 0.000000 4
8572 1.000000 3
8576 1.000000 4
8579 1.000000 3
8582 1.000000 3
8585 -1.000000 3
8587 1.000000 2
8591 1.000000 4
8593 1.000000 2
8596 1.000000 3
8599 1.000000 3
8601 1.000000 2
8605 0.000000 4
8608 1.000000 3
8611 1.000000 3
8614 1.000000 3
8616 1.000000 2
8618 1.000000 2
8622 0.000000 4
8625 1.000000 3
8628 -1.000000 3
8632 0.000000 4
8636 0.000000 4
8640 1.000000 4
8644 1.000000 4
8648 1.000000 4
8651 1.000000 3
8655 0.000000 4
8658 1.000000 3
8661 1.000000 3
8665 1.000000 4
8668 -1.000000 3
8670 -1.000000 2
8672 1.000000 2
8676 1.000000 4
8678 1.000000 2
8681 1.000000 3
8685 1.000000 4
8688 -1.000000 3
8692 1.000000 4
8695 1.000000 3
8699 1.000000 4
8701 1.000000 2
8703 -1.000000 2
8707 0.000000 4
8711 1.000000 4
8715 1.000000 4
8719 1.000000 4
8722 -1.000000 3
8726 1.000000 4
8729 1.000000 3
8731 1.000000 2
8734 1.000000 3
8737 1.000000 3
8741 1.000000 4
8743 1.000000 2
8747 0.000000 4
8751 1.000000 4
8755 0.000000 4
8757 -1.000000 2
8761 0.000000 4
8764 1.000000 3
8767 1.000000 3
8770 1.000000 3
8774 0.000000 4
8777 1.000000 3
8781 1.000000 4
8785 0.000000 4
8789 1.000000 4
8793 1.000000 4
8797 1.000000 4
8801 1.000000 4
8804 -1.000000 3
8807 1.000000 3
8811 1.000000 4
8815 1.000000 4
8817 -1.000000 2
8819 1.000000 2
8823 0.000000 4
8825 1.000000 2
8828 1.000000 3
8831 -1.000000 3
8835 1.000000 4
8838 1.000000 3
8842 0.000000 4
8845 -1.000000 3
8849 1.000000 4
8853 1.000000 4
8857 0.000000 4
8859 1.000000 2
8862 -1.000000 3
8866 0.000000 4
8870 0.000000 4
8873 1.000000 3
8875 1.000000 2
8878 1.000000 3
8882 1.000000 4
8886 1.000000 4
8889 1.000000 3
8892 -1.000000 3
8895 1.000000 3
8898 -1.000000 3
8901 -1.000000 3
8905 0.000000 4
8908 1.000000 3
8912 1.000000 4
8915 -1.000000 3
8919 1.000000 4
8923 0.000000 4
8926 -1.000000 3
8930 0.000000 4
8933 1.000000 3
8937 1.000000 4
8940 -1.000000 3
8943 -1.000000 3
8947 1.000000 4
8949 1.000000 2
8952 -1.000000 3
8955 1.000000 3
8957 1.000000 2
8959 -1.000000 2
8963 0.000000 4
8966 1.000000 3
8968 1.000000 2
8970 -1.000000 2
8972 1.000000 2
8975 1.000000 3
8979 0.000000 4
8981 1.000000 2
8984 -1.000000 3
8987 -1.000000 3
8991 1.000000 4
8995 1.000000 4
8998 1.000000 3
9001 1.000000 3
9004 -1.000000 3
9007 1.000000 3
9010 -1.000000 3
9012 -1.000000 2
9015 1.000000 3
9017 1.000000 2
9020 1.000000 3
9024 0.000000 4
9028 1.000000 4
9031 1.000000 3
9033 1.000000 2
9036 1.000000 3
9040 0.000000 4
9042 -1.000000 2
9046 1.000000 4
9050 1.000000 4
9053 1.000000 3
9057 0.000000 4
9060 -1.000000 3
9063 -1.000000 3
9065 -1.000000 2
9067 1.000000 2
9069 -1.000000 2
9072 1.000000 3
9075 -1.000000 3
9077 1.000000 2
9081 1.000000 4
9085 1.000000 4
9088 -1.000000 3
9090 1.000000 2
9093 1.000000 3
9096 -1.000000 3
9099 1.000000 3
9103 1.000000 4
9106 -1.000000 3
9109 -1.000000 3
9113 0.000000 4
9117 1.000000 4
9119 1.000000 2
9122 1.000000 3
9124 1.000000 2
9127 -1.000000 3
9130 -1.000000 3
9133 1.000000 3
9136 1.000000 3
9139 -1.000000 3
9142 1.000000 3
9144 -1.000000 2
9147 -1.000000 3
9151 0.000000 4
9155 0.000000 4
9159 1.000000 4
9162 1.000000 3
9164 -1.000000 2
9168 0.000000 4
9171 1.000000 3
9175 1.000000 4
9178 1.000000 3
9182 1.000000 4
9184 1.000000 2
9186 1.000000 2
9189 -1.000000 3
9192 1.000000 3
9196 1.000000 4
9200 0.000000 4
9203 1.000000 3
9207 1.000000 4
9209 -1.000000 2
9211 -1.000000 2
9215 1.000000 4
9219 1.000000 4
9221 -1.000000 2
9223 1.000000 2
9226 -1.000000 3
9229 1.000000 3
9232 -1.000000 3
9235 1.000000 3
9239 1.000000 4
9243 0.000000 4
9246 -1.000000 3
9249 1.000000 3
9252 1.000000 3
9255 -1.000000 3
9258 1.000000 3
9260 -1.000000 2
9264 1.000000 4
9267 -1.000000 3
9270 -1.000000 3
9273 1.000000 3
9276 1.000000 3
9278 1.000000 2
9282 0.000000 4
9285 1.000000 3
9287 1.000000 2
9289 -1.000000 2
9292 1.000000 3
9295 -1.000000 3
9297 1.000000 2
9300 -1.000000 3
9304 0.000000 4
9307 -1.000000 3
9309 1.000000 2
9311 1.000000 2
9315 1.000000 4
9318 -1.000000 3
9322 1.000000 4
9324 1.000000 2
9327 -1.000000 3
9330 -1.000000 3
9334 1.000000 4
9337 1.000000 3
9340 1.000000 3
9343 -1.000000 3
9346 -1.000000 3
9350 0.000000 4
9354 1.000000 4
9357 -1.000000 3
9360 -1.000000 3
9364 1.000000 4
9366 -1.000000 2
9370 0.000000 4
9373 -1.000000 3
9376 -1.000000 3
9379 -1.000000 3
9382 1.000000 3
9386 1.000000 4
9388 1.000000 2
9391 -1.000000 3
9394 -1.000000 3
9398 0.000000 4
9401 -1.000000 3
9404 1.000000 3
9407 -1.000000 3
9409 -1.000000 2
9413 1.000000 4
9415 -1.000000 2
9417 1.000000 2
9420 -1.000000 3
9424 0.000000 4
9428 1.000000 4
9431 1.000000 3
9435 0.000000 4
9437 1.000000 2
9439 -1.000000 2
9441 1.000000 2
9445 1.000000 4
9448 1.000000 3
9451 1.000000 3
9454 1.000000 3
9457 -1.000000 3
9461 1.000000 4
9465 1.000000 4
9467 1.000000 2
9470 -1.000000 3
9473 -1.000000 3
9477 1.000000 4
9480 -1.000000 3
9483 -1.000000 3
9485 1.000000 2
9488 1.000000 3
9491 -1.000000 3
9494 -1.000000 3
9496 1.000000 2
9499 -1.000000 3
9503 1.000000 4
9507 0.000000 4
9510 -1.000000 3
9514 1.000000 4
9517 1.000000 3
9521 0.000000 4
9524 -1.000000 3
9527 -1.000000 3
9531 0.000000 4
9535 1.000000 4
9537 1.000000 2
9540 -1.000000 3
9543 1.000000 3
9546 -1.000000 3
9548 -1.000000 2
9550 1.000000 2
9553 -1.000000 3
9556 -1.000000 3
9559 -1.000000 3
9561 1.000000 2
9564 1.000000 3
9566 -1.000000 2
9570 0.000000 4
9572 -1.000000 2
9575 -1.000000 3
9579 1.000000 4
9583 1.000000 4
9586 -1.000000 3
9589 1.000000 3
9591 1.000000 2
9594 -1.000000 3
9598 1.000000 4
9600 -1.000000 2
9604 1.000000 4
9607 1.000000 3
9610 1.000000 3
9612 -1.000000 2
9615 1.000000 3
9618 1.000000 3
9621 -1.000000 3
9625 1.000000 4
9628 -1.000000 3
9630 -1.000000 2
9632 -1.000000 2
9634 1.000000 2
9637 1.000000 3
9641 1.000000 4
9645 0.000000 4
9647 1.000000 2
9649 -1.000000 2
9653 1.000000 4
9655 -1.000000 2
9658 1.000000 3
9661 1.000000 3
9664 1.000000 3
9667 1.000000 3
9671 0.000000 4
9674 1.000000 3
9677 1.000000 3
9680 -1.000000 3
9683 1.000000 3
9686 1.000000 3
9689 1.000000 3
9692 -1.000000 3
9695 1.000000 3
9697 -1.000000 2
9700 -1.000000 3
9704 1.000000 4
9706 1.000000 2
9709 1.000000 3
9713 1.000000 4
9717 0.000000 4
9720 -1.000000 3
9724 1.000000 4
9726 -1.000000 2
9730 1.000000 4
9733 -1.000000 3
9736 -1.000000 3
9740 1.000000 4
9744 1.000000 4
9748 1.000000 4
9751 1.000000 3
9755 0.000000 4
9759 1.000000 4
9762 1.000000 3
9765 1.000000 3
9768 1.000000 3
9772 1.000000 4
9776 1.000000 4
9779 -1.000000 3
9782 -1.000000 3
9786 1.000000 4
9789 1.000000 3
9791 -1.000000 2
9794 1.000000 3
9796 -1.000000 2
9800 1.000000 4
9803 -1.000000 3
9806 1.000000 3
9809 1.000000 3
9812 1.000000 3
9815 1.000000 3
9818 1.000000 3
9821 -1.000000 3
9825 1.000000 4
9827 1.000000 2
9830 1.000000 3
9832 1.000000 2
9836 1.000000 4
9838 -1.000000 2
9841 -1.000000 3
9845 0.000000 4
9848 -1.000000 3
9850 1.000000 2
9854 1.000000 4
9857 1.000000 3
9859 1.000000 2
9862 -1.000000 3
9866 1.000000 4
9870 1.000000 4
9873 1.000000 3
9876 1.000000 3
9879 -1.000000 3
9881 1.000000 2
9885 1.000000 4
9889 0.000000 4
9892 1.000000 3
9896 0.000000 4
9899 -1.000000 3
9901 1.000000 2
9904 -1.000000 3
9907 1.000000 3
9911 1.000000 4
9915 1.000000 4
9917 -1.000000 2
9920 -1.000000 3
9924 1.000000 4
9927 1.000000 3
9930 1.000000 3
9932 -1.000000 2
9934 -1.000000 2
9937 -1.000000 3
9940 1.000000 3
9943 -1.000000 3
9947 0.000000 4
9949 -1.000000 2
9953 1.000000 4
9956 1.000000 3
9959 1.000000 3
9962 -1.000000 3
9966 0.000000 4
9969 1.000000 3
9972 -1.000000 3
9975 1.000000 3
9978 -1.000000 3
9982 0.000000 4
9984 1.000000 2
9988 0.000000 4
9990 1.000000 2
9992 1.000000 2
9996 1.000000 4
9999 1.000000 3
10001 -1.000000 2
