5 0.000000 5
10 1.000000 5
14 -1.000000 4
19 1.000000 5
23 1.000000 4
28 0.000000 5
33 0.000000 5
38 1.000000 5
42 1.000000 4
45 1.000000 3
50 0.000000 5
54 1.000000 4
58 1.000000 4
63 1.000000 5
68 1.000000 5
72 1.000000 4
75 -1.000000 3
79 -1.000000 4
84 1.000000 5
89 1.000000 5
93 1.000000 4
97 -1.000000 4
102 0.000000 5
105 1.000000 3
108 -1.000000 3
112 -1.000000 4
117 1.000000 5
122 1.000000 5
127 1.000000 5
131 -1.000000 4
134 1.000000 3
138 1.000000 4
142 -1.000000 4
145 1.000000 3
150 1.000000 5
155 0.000000 5
159 1.000000 4
163 -1.000000 4
167 -1.000000 4
170 -1.000000 3
175 1.000000 5
179 1.000000 4
183 1.000000 4
188 1.000000 5
192 1.000000 4
196 1.000000 4
201 1.000000 5
206 1.000000 5
211 1.000000 5
215 1.000000 4
218 1.000000 3
223 0.000000 5
227 -1.000000 4
231 1.000000 4
235 -1.000000 4
240 1.000000 5
244 1.000000 4
248 -1.000000 4
252 1.000000 4
257 0.000000 5
261 1.000000 4
266 1.000000 5
270 -1.000000 4
274 -1.000000 4
279 1.000000 5
284 0.000000 5
287 1.000000 3
292 1.000000 5
296 1.000000 4
300 -1.000000 4
303 1.000000 3
307 1.000000 4
312 1.000000 5
316 -1.000000 4
320 1.000000 4
325 0.000000 5
330 1.000000 5
335 0.000000 5
340 0.000000 5
343 1.000000 3
347 -1.000000 4
351 -1.000000 4
356 0.000000 5
361 1.000000 5
364 -1.000000 3
368 -1.000000 4
372 1.000000 4
375 1.000000 3
378 1.000000 3
381 1.000000 3
386 0.000000 5
390 1.000000 4
395 1.000000 5
400 1.000000 5
404 1.000000 4
409 0.000000 5
412 1.000000 3
416 1.000000 4
419 -1.000000 3
424 1.000000 5
427 -1.000000 3
431 1.000000 4
435 1.000000 4
439 1.000000 4
443 1.000000 4
447 1.000000 4
451 -1.000000 4
455 1.000000 4
459 1.000000 4
463 1.000000 4
466 1.000000 3
470 -1.000000 4
473 -1.000000 3
477 1.000000 4
481 -1.000000 4
484 -1.000000 3
488 1.000000 4
492 1.000000 4
497 1.000000 5
502 1.000000 5
506 -1.000000 4
510 -1.000000 4
515 0.000000 5
520 1.000000 5
524 1.000000 4
527 1.000000 3
532 1.000000 5
536 -1.000000 4
540 -1.000000 4
544 -1.000000 4
549 1.000000 5
552 -1.000000 3
556 -1.000000 4
560 1.000000 4
565 0.000000 5
568 1.000000 3
571 1.000000 3
574 1.000000 3
579 1.000000 5
582 1.000000 3
587 1.000000 5
592 0.000000 5
595 1.000000 3
599 -1.000000 4
604 1.000000 5
608 -1.000000 4
612 -1.000000 4
616 1.000000 4
620 -1.000000 4
623 1.000000 3
627 1.000000 4
632 1.000000 5
637 0.000000 5
641 1.000000 4
646 0.000000 5
651 1.000000 5
654 -1.000000 3
659 1.000000 5
664 0.000000 5
668 1.000000 4
672 -1.000000 4
677 1.000000 5
682 0.000000 5
685 1.000000 3
689 1.000000 4
693 1.000000 4
697 1.000000 4
700 1.000000 3
704 -1.000000 4
709 1.000000 5
713 -1.000000 4
716 -1.000000 3
720 1.000000 4
724 1.000000 4
729 1.000000 5
733 1.000000 4
738 1.000000 5
743 0.000000 5
748 1.000000 5
753 1.000000 5
757 1.000000 4
761 1.000000 4
765 -1.000000 4
769 1.000000 4
772 -1.000000 3
777 0.000000 5
781 -1.000000 4
786 1.000000 5
790 -1.000000 4
794 -1.000000 4
798 -1.000000 4
801 1.000000 3
804 1.000000 3
809 0.000000 5
813 1.000000 4
816 1.000000 3
819 1.000000 3
824 0.000000 5
828 -1.000000 4
832 1.000000 4
836 -1.000000 4
841 0.000000 5
845 -1.000000 4
849 1.000000 4
853 1.000000 4
858 1.000000 5
862 -1.000000 4
866 -1.000000 4
870 1.000000 4
873 -1.000000 3
878 1.000000 5
882 1.000000 4
887 0.000000 5
890 -1.000000 3
894 1.000000 4
897 1.000000 3
901 1.000000 4
904 1.000000 3
908 1.000000 4
912 1.000000 4
917 0.000000 5
921 1.000000 4
926 0.000000 5
930 1.000000 4
934 -1.000000 4
937 1.000000 3
940 1.000000 3
944 1.000000 4
947 -1.000000 3
952 1.000000 5
957 0.000000 5
961 1.000000 4
966 1.000000 5
971 0.000000 5
975 -1.000000 4
978 1.000000 3
983 1.000000 5
987 1.000000 4
991 1.000000 4
995 1.000000 4
999 1.000000 4
1003 -1.000000 4
1008 1.000000 5
1013 1.000000 5
1018 1.000000 5
1022 1.000000 4
1026 -1.000000 4
1029 1.000000 3
1033 1.000000 4
1038 1.000000 5
1041 -1.000000 3
1046 0.000000 5
1050 1.000000 4
1055 1.000000 5
1060 1.000000 5
1064 -1.000000 4
1068 1.000000 4
1071 -1.000000 3
1075 -1.000000 4
1079 1.000000 4
1083 1.000000 4
1088 0.000000 5
1093 0.000000 5
1096 -1.000000 3
1100 -1.000000 4
1104 1.000000 4
1107 -1.000000 3
1110 -1.000000 3
1114 1.000000 4
1119 1.000000 5
1124 1.000000 5
1128 -1.000000 4
1131 -1.000000 3
1134 -1.000000 3
1139 0.000000 5
1143 1.000000 4
1148 0.000000 5
1153 0.000000 5
1157 -1.000000 4
1160 1.000000 3
1164 1.000000 4
1167 1.000000 3
1171 1.000000 4
1175 1.000000 4
1178 1.000000 3
1182 -1.000000 4
1187 0.000000 5
1192 0.000000 5
1196 1.000000 4
1201 0.000000 5
1206 0.000000 5
1210 -1.000000 4
1214 -1.000000 4
1219 0.000000 5
1224 1.000000 5
1227 -1.000000 3
1232 1.000000 5
1235 1.000000 3
1239 1.000000 4
1243 1.000000 4
1248 1.000000 5
1253 1.000000 5
1258 0.000000 5
1262 1.000000 4
1267 0.000000 5
1271 -1.000000 4
1274 1.000000 3
1279 1.000000 5
1284 1.000000 5
1289 0.000000 5
1293 -1.000000 4
1296 -1.000000 3
1299 -1.000000 3
1303 1.000000 4
1306 -1.000000 3
1310 -1.000000 4
1315 1.000000 5
1319 1.000000 4
1323 1.000000 4
1328 0.000000 5
1332 -1.000000 4
1336 -1.000000 4
1341 0.000000 5
1345 -1.000000 4
1348 1.000000 3
1353 1.000000 5
1356 -1.000000 3
1361 1.000000 5
1365 -1.000000 4
1368 -1.000000 3
1372 1.000000 4
1376 1.000000 4
1380 1.000000 4
1384 1.000000 4
1388 1.000000 4
1392 -1.000000 4
1396 -1.000000 4
1399 -1.000000 3
1403 1.000000 4
1406 -1.000000 3
1409 1.000000 3
1412 1.000000 3
1416 1.000000 4
1421 1.000000 5
1426 1.000000 5
1431 1.000000 5
1435 -1.000000 4
1439 -1.000000 4
1443 1.000000 4
1448 1.000000 5
1453 0.000000 5
1458 0.000000 5
1461 -1.000000 3
1465 -1.000000 4
1469 -1.000000 4
1474 0.000000 5
1479 0.000000 5
1482 1.000000 3
1487 0.000000 5
1490 1.000000 3
1494 1.000000 4
1498 1.000000 4
1501 -1.000000 3
1505 1.000000 4
1510 1.000000 5
1514 -1.000000 4
1519 0.000000 5
1522 -1.000000 3
1526 1.000000 4
1529 -1.000000 3
1534 0.000000 5
1538 1.000000 4
1542 1.000000 4
1546 1.000000 4
1551 0.000000 5
1554 -1.000000 3
1559 0.000000 5
1562 1.000000 3
1567 0.000000 5
1571 1.000000 4
1575 1.000000 4
1578 1.000000 3
1581 1.000000 3
1586 0.000000 5
1590 1.000000 4
1594 1.000000 4
1598 1.000000 4
1602 1.000000 4
1606 -1.000000 4
1611 0.000000 5
1615 1.000000 4
1619 -1.000000 4
1623 1.000000 4
1627 -1.000000 4
1630 -1.000000 3
1635 1.000000 5
1638 1.000000 3
1642 1.000000 4
1646 -1.000000 4
1650 -1.000000 4
1654 1.000000 4
1659 0.000000 5
1662 -1.000000 3
1665 1.000000 3
1668 1.000000 3
1673 0.000000 5
1676 -1.000000 3
1681 0.000000 5
1685 1.000000 4
1688 -1.000000 3
1692 1.000000 4
1697 0.000000 5
1700 1.000000 3
1705 1.000000 5
1709 -1.000000 4
1714 1.000000 5
1719 0.000000 5
1722 1.000000 3
1726 -1.000000 4
1731 1.000000 5
1734 -1.000000 3
1739 1.000000 5
1743 -1.000000 4
1747 -1.000000 4
1752 1.000000 5
1755 -1.000000 3
1760 0.000000 5
1763 1.000000 3
1768 1.000000 5
1772 1.000000 4
1775 1.000000 3
1779 1.000000 4
1782 -1.000000 3
1787 0.000000 5
1791 1.000000 4
1795 1.000000 4
1798 1.000000 3
1802 -1.000000 4
1805 1.000000 3
1808 -1.000000 3
1811 1.000000 3
1815 -1.000000 4
1818 -1.000000 3
1822 -1.000000 4
1826 -1.000000 4
1831 1.000000 5
1836 1.000000 5
1839 1.000000 3
1843 -1.000000 4
1847 -1.000000 4
1851 -1.000000 4
1856 1.000000 5
1860 1.000000 4
1864 -1.000000 4
1868 1.000000 4
1873 1.000000 5
1877 -1.000000 4
1881 -1.000000 4
1884 -1.000000 3
1887 1.000000 3
1891 -1.000000 4
1895 1.000000 4
1899 -1.000000 4
1903 1.000000 4
1907 1.000000 4
1910 -1.000000 3
1913 1.000000 3
1917 -1.000000 4
1921 -1.000000 4
1924 -1.000000 3
1928 1.000000 4
1932 1.000000 4
1936 1.000000 4
1940 1.000000 4
1945 0.000000 5
1949 1.000000 4
1953 -1.000000 4
1956 1.000000 3
1961 1.000000 5
1965 1.000000 4
1969 -1.000000 4
1973 -1.000000 4
1978 0.000000 5
1982 1.000000 4
1987 1.000000 5
1992 1.000000 5
1996 1.000000 4
2000 -1.000000 4
2005 0.000000 5
2010 1.000000 5
2014 1.000000 4
2018 1.000000 4
2023 1.000000 5
2028 0.000000 5
2032 1.000000 4
2036 1.000000 4
2041 1.000000 5
2044 -1.000000 3
2047 -1.000000 3
2050 -1.000000 3
2054 1.000000 4
2059 0.000000 5
2063 -1.000000 4
2067 1.000000 4
2072 1.000000 5
2077 1.000000 5
2080 -1.000000 3
2085 1.000000 5
2089 -1.000000 4
2093 1.000000 4
2097 1.000000 4
2101 1.000000 4
2104 -1.000000 3
2109 1.000000 5
2114 0.000000 5
2119 0.000000 5
2124 1.000000 5
2128 -1.000000 4
2131 1.000000 3
2136 1.000000 5
2140 -1.000000 4
2145 1.000000 5
2150 0.000000 5
2155 1.000000 5
2159 1.000000 4
2162 -1.000000 3
2166 -1.000000 4
2171 1.000000 5
2175 -1.000000 4
2178 1.000000 3
2182 -1.000000 4
2186 1.000000 4
2190 1.000000 4
2194 1.000000 4
2198 -1.000000 4
2201 1.000000 3
2205 -1.000000 4
2210 0.000000 5
2214 1.000000 4
2219 0.000000 5
2223 1.000000 4
2228 1.000000 5
2231 -1.000000 3
2236 1.000000 5
2239 1.000000 3
2244 1.000000 5
2248 -1.000000 4
2253 0.000000 5
2256 -1.000000 3
2261 0.000000 5
2264 -1.000000 3
2267 1.000000 3
2270 1.000000 3
2274 -1.000000 4
2279 1.000000 5
2283 -1.000000 4
2287 1.000000 4
2291 1.000000 4
2294 1.000000 3
2299 1.000000 5
2302 1.000000 3
2306 -1.000000 4
2310 1.000000 4
2314 1.000000 4
2318 -1.000000 4
2322 -1.000000 4
2326 -1.000000 4
2330 1.000000 4
2334 1.000000 4
2338 1.000000 4
2343 0.000000 5
2347 1.000000 4
2352 0.000000 5
2356 -1.000000 4
2361 1.000000 5
2366 0.000000 5
2370 1.000000 4
2373 1.000000 3
2377 1.000000 4
2381 1.000000 4
2385 1.000000 4
2390 0.000000 5
2393 1.000000 3
2397 -1.000000 4
2402 0.000000 5
2406 -1.000000 4
2409 -1.000000 3
2413 -1.000000 4
2418 1.000000 5
2423 1.000000 5
2427 1.000000 4
2430 -1.000000 3
2434 -1.000000 4
2437 -1.000000 3
2440 1.000000 3
2445 1.000000 5
2449 -1.000000 4
2453 -1.000000 4
2458 1.000000 5
2461 1.000000 3
2464 -1.000000 3
2468 1.000000 4
2473 1.000000 5
2478 0.000000 5
2482 -1.000000 4
2486 1.000000 4
2490 1.000000 4
2495 1.000000 5
2498 1.000000 3
2502 -1.000000 4
2506 1.000000 4
2511 1.000000 5
2515 -1.000000 4
2519 1.000000 4
2524 0.000000 5
2528 -1.000000 4
2532 1.000000 4
2537 1.000000 5
2542 1.000000 5
2547 0.000000 5
2552 1.000000 5
2556 -1.000000 4
2560 -1.000000 4
2564 1.000000 4
2568 -1.000000 4
2572 -1.000000 4
2576 -1.000000 4
2580 1.000000 4
2584 1.000000 4
2588 1.000000 4
2593 0.000000 5
2597 1.000000 4
2602 1.000000 5
2606 -1.000000 4
2609 1.000000 3
2614 0.000000 5
2618 -1.000000 4
2622 1.000000 4
2627 1.000000 5
2631 1.000000 4
2635 1.000000 4
2639 1.000000 4
2644 1.000000 5
2648 -1.000000 4
2652 1.000000 4
2656 1.000000 4
2660 1.000000 4
2665 1.000000 5
2670 1.000000 5
2675 1.000000 5
2679 1.000000 4
2683 1.000000 4
2688 0.000000 5
2691 -1.000000 3
2695 -1.000000 4
2699 -1.000000 4
2704 1.000000 5
2708 1.000000 4
2713 0.000000 5
2717 -1.000000 4
2721 -1.000000 4
2724 -1.000000 3
2727 1.000000 3
2731 1.000000 4
2735 1.000000 4
2738 1.000000 3
2743 1.000000 5
2747 -1.000000 4
2750 -1.000000 3
2754 1.000000 4
2758 1.000000 4
2763 0.000000 5
2768 1.000000 5
2773 1.000000 5
2778 0.000000 5
2782 1.000000 4
2786 -1.000000 4
2791 1.000000 5
2794 -1.000000 3
2798 1.000000 4
2801 1.000000 3
2805 -1.000000 4
2810 0.000000 5
2814 1.000000 4
2817 -1.000000 3
2821 1.000000 4
2826 1.000000 5
2831 0.000000 5
2835 -1.000000 4
2839 -1.000000 4
2843 -1.000000 4
2848 1.000000 5
2852 1.000000 4
2856 1.000000 4
2861 1.000000 5
2865 1.000000 4
2869 1.000000 4
2873 1.000000 4
2877 1.000000 4
2881 -1.000000 4
2884 1.000000 3
2888 1.000000 4
2893 1.000000 5
2896 1.000000 3
2901 1.000000 5
2905 1.000000 4
2910 0.000000 5
2913 -1.000000 3
2916 -1.000000 3
2921 0.000000 5
2925 -1.000000 4
2930 1.000000 5
2933 -1.000000 3
2938 0.000000 5
2942 1.000000 4
2946 1.000000 4
2950 -1.000000 4
2953 1.000000 3
2956 1.000000 3
2960 1.000000 4
2965 1.000000 5
2968 1.000000 3
2973 0.000000 5
2976 1.000000 3
2981 1.000000 5
2985 1.000000 4
2988 1.000000 3
2992 1.000000 4
2996 -1.000000 4
3001 1.000000 5
3006 1.000000 5
3011 1.000000 5
3016 0.000000 5
3020 -1.000000 4
3024 1.000000 4
3028 1.000000 4
3032 -1.000000 4
3036 1.000000 4
3041 1.000000 5
3045 1.000000 4
3048 -1.000000 3
3052 -1.000000 4
3056 1.000000 4
3061 0.000000 5
3066 1.000000 5
3071 1.000000 5
3075 -1.000000 4
3078 -1.000000 3
3083 1.000000 5
3087 -1.000000 4
3092 0.000000 5
3096 -1.000000 4
3100 -1.000000 4
3103 -1.000000 3
3108 1.000000 5
3113 1.000000 5
3118 0.000000 5
3123 1.000000 5
3127 1.000000 4
3130 -1.000000 3
3135 1.000000 5
3140 0.000000 5
3145 1.000000 5
3149 1.000000 4
3154 1.000000 5
3159 1.000000 5
3164 0.000000 5
3168 -1.000000 4
3171 1.000000 3
3175 -1.000000 4
3179 1.000000 4
3184 0.000000 5
3188 -1.000000 4
3193 1.000000 5
3198 0.000000 5
3201 1.000000 3
3205 1.000000 4
3210 1.000000 5
3214 1.000000 4
3219 1.000000 5
3222 -1.000000 3
3226 1.000000 4
3229 1.000000 3
3234 1.000000 5
3238 1.000000 4
3242 -1.000000 4
3247 1.000000 5
3251 -1.000000 4
3254 1.000000 3
3258 1.000000 4
3262 1.000000 4
3267 1.000000 5
3271 1.000000 4
3275 1.000000 4
3278 1.000000 3
3281 1.000000 3
3286 0.000000 5
3291 1.000000 5
3296 1.000000 5
3301 1.000000 5
3306 1.000000 5
3311 1.000000 5
3315 -1.000000 4
3318 1.000000 3
3323 0.000000 5
3328 1.000000 5
3332 -1.000000 4
3337 0.000000 5
3342 0.000000 5
3346 -1.000000 4
3350 1.000000 4
3354 1.000000 4
3358 -1.000000 4
3362 -1.000000 4
3366 1.000000 4
3370 1.000000 4
3374 1.000000 4
3379 1.000000 5
3382 -1.000000 3
3387 1.000000 5
3390 -1.000000 3
3394 1.000000 4
3399 0.000000 5
3404 1.000000 5
3407 -1.000000 3
3412 1.000000 5
3417 0.000000 5
3420 1.000000 3
3424 -1.000000 4
3429 0.000000 5
3434 1.000000 5
3438 1.000000 4
3442 -1.000000 4
3446 1.000000 4
3451 1.000000 5
3455 -1.000000 4
3460 1.000000 5
3465 1.000000 5
3470 0.000000 5
3473 1.000000 3
3477 -1.000000 4
3480 -1.000000 3
3485 1.000000 5
3490 1.000000 5
3493 1.000000 3
3498 0.000000 5
3502 1.000000 4
3506 1.000000 4
3509 -1.000000 3
3512 -1.000000 3
3517 0.000000 5
3520 1.000000 3
3524 -1.000000 4
3528 1.000000 4
3533 0.000000 5
3536 1.000000 3
3541 1.000000 5
3545 -1.000000 4
3550 0.000000 5
3555 0.000000 5
3559 -1.000000 4
3563 1.000000 4
3566 -1.000000 3
3571 0.000000 5
3575 1.000000 4
3580 1.000000 5
3584 -1.000000 4
3587 1.000000 3
3591 1.000000 4
3596 1.000000 5
3601 0.000000 5
3605 1.000000 4
3609 1.000000 4
3613 -1.000000 4
3617 1.000000 4
3620 -1.000000 3
3623 1.000000 3
3627 1.000000 4
3632 1.000000 5
3637 1.000000 5
3642 1.000000 5
3646 -1.000000 4
3650 -1.000000 4
3654 1.000000 4
3658 -1.000000 4
3663 0.000000 5
3667 -1.000000 4
3672 1.000000 5
3676 -1.000000 4
3679 -1.000000 3
3683 -1.000000 4
3688 0.000000 5
3693 1.000000 5
3698 0.000000 5
3702 -1.000000 4
3706 -1.000000 4
3710 -1.000000 4
3715 1.000000 5
3718 -1.000000 3
3722 1.000000 4
3726 1.000000 4
3731 0.000000 5
3736 0.000000 5
3741 0.000000 5
3745 -1.000000 4
3749 -1.000000 4
3754 0.000000 5
3758 1.000000 4
3763 1.000000 5
3766 1.000000 3
3771 1.000000 5
3774 1.000000 3
3779 1.000000 5
3782 1.000000 3
3787 1.000000 5
3792 0.000000 5
3796 -1.000000 4
3799 1.000000 3
3803 -1.000000 4
3807 -1.000000 4
3810 -1.000000 3
3813 1.000000 3
3816 1.000000 3
3820 1.000000 4
3824 1.000000 4
3829 0.000000 5
3833 -1.000000 4
3838 0.000000 5
3842 -1.000000 4
3847 0.000000 5
3852 0.000000 5
3855 -1.000000 3
3858 -1.000000 3
3863 1.000000 5
3866 1.000000 3
3871 1.000000 5
3875 1.000000 4
3879 1.000000 4
3884 1.000000 5
3889 1.000000 5
3892 1.000000 3
3897 1.000000 5
3902 0.000000 5
3905 -1.000000 3
3908 1.000000 3
3913 0.000000 5
3918 1.000000 5
3921 -1.000000 3
3926 1.000000 5
3931 0.000000 5
3936 1.000000 5
3940 1.000000 4
3943 -1.000000 3
3947 1.000000 4
3950 1.000000 3
3953 -1.000000 3
3957 -1.000000 4
3962 0.000000 5
3967 1.000000 5
3971 -1.000000 4
3975 1.000000 4
3978 -1.000000 3
3983 1.000000 5
3987 1.000000 4
3991 -1.000000 4
3996 1.000000 5
4001 1.000000 5
4005 -1.000000 4
4009 -1.000000 4
4014 1.000000 5
4019 0.000000 5
4023 1.000000 4
4028 0.000000 5
4032 1.000000 4
4037 0.000000 5
4041 1.000000 4
4046 1.000000 5
4050 -1.000000 4
4055 0.000000 5
4058 1.000000 3
4062 -1.000000 4
4067 0.000000 5
4071 1.000000 4
4075 -1.000000 4
4080 1.000000 5
4085 1.000000 5
4090 1.000000 5
4095 1.000000 5
4098 1.000000 3
4102 -1.000000 4
4106 1.000000 4
4111 1.000000 5
4115 1.000000 4
4119 -1.000000 4
4123 -1.000000 4
4128 1.000000 5
4132 -1.000000 4
4135 -1.000000 3
4139 -1.000000 4
4144 1.000000 5
4148 1.000000 4
4153 0.000000 5
4157 1.000000 4
4161 1.000000 4
4165 1.000000 4
4170 0.000000 5
4175 1.000000 5
4180 1.000000 5
4185 0.000000 5
4190 1.000000 5
4193 -1.000000 3
4197 -1.000000 4
4200 -1.000000 3
4205 1.000000 5
4210 1.000000 5
4214 1.000000 4
4217 1.000000 3
4222 1.000000 5
4227 1.000000 5
4232 1.000000 5
4236 1.000000 4
4241 0.000000 5
4245 1.000000 4
4250 0.000000 5
4255 1.000000 5
4259 1.000000 4
4262 -1.000000 3
4267 0.000000 5
4271 1.000000 4
4276 1.000000 5
4279 -1.000000 3
4282 1.000000 3
4286 1.000000 4
4290 -1.000000 4
4293 1.000000 3
4298 0.000000 5
4302 1.000000 4
4305 -1.000000 3
4310 0.000000 5
4314 1.000000 4
4318 1.000000 4
4322 -1.000000 4
4327 0.000000 5
4331 1.000000 4
4335 1.000000 4
4339 1.000000 4
4344 0.000000 5
4349 1.000000 5
4354 0.000000 5
4358 -1.000000 4
4362 -1.000000 4
4365 1.000000 3
4370 0.000000 5
4375 1.000000 5
4379 1.000000 4
4384 1.000000 5
4389 1.000000 5
4393 1.000000 4
4396 -1.000000 3
4400 1.000000 4
4404 1.000000 4
4408 1.000000 4
4412 -1.000000 4
4416 1.000000 4
4421 1.000000 5
4425 1.000000 4
4428 -1.000000 3
4432 -1.000000 4
4436 1.000000 4
4441 0.000000 5
4446 0.000000 5
4450 1.000000 4
4455 1.000000 5
4458 -1.000000 3
4462 1.000000 4
4466 -1.000000 4
4471 1.000000 5
4476 1.000000 5
4480 1.000000 4
4483 -1.000000 3
4487 1.000000 4
4491 1.000000 4
4496 1.000000 5
4501 1.000000 5
4505 -1.000000 4
4509 -1.000000 4
4514 1.000000 5
4519 1.000000 5
4524 1.000000 5
4529 0.000000 5
4532 -1.000000 3
4537 1.000000 5
4542 1.000000 5
4546 -1.000000 4
4551 1.000000 5
4556 0.000000 5
4561 1.000000 5
4566 0.000000 5
4571 1.000000 5
4576 0.000000 5
4581 0.000000 5
4585 -1.000000 4
4589 1.000000 4
4593 -1.000000 4
4598 1.000000 5
4602 -1.000000 4
4606 1.000000 4
4610 -1.000000 4
4613 -1.000000 3
4616 -1.000000 3
4619 -1.000000 3
4624 1.000000 5
4627 1.000000 3
4630 1.000000 3
4634 -1.000000 4
4638 -1.000000 4
4641 1.000000 3
4646 1.000000 5
4649 -1.000000 3
4654 1.000000 5
4659 0.000000 5
4664 0.000000 5
4669 0.000000 5
4674 1.000000 5
4679 1.000000 5
4683 -1.000000 4
4687 -1.000000 4
4691 1.000000 4
4695 1.000000 4
4698 -1.000000 3
4702 -1.000000 4
4706 -1.000000 4
4710 -1.000000 4
4715 0.000000 5
4718 -1.000000 3
4722 -1.000000 4
4727 0.000000 5
4730 1.000000 3
4734 1.000000 4
4738 -1.000000 4
4742 -1.000000 4
4747 1.000000 5
4751 1.000000 4
4756 1.000000 5
4760 1.000000 4
4764 1.000000 4
4768 1.000000 4
4773 1.000000 5
4778 0.000000 5
4783 0.000000 5
4788 1.000000 5
4793 0.000000 5
4797 1.000000 4
4801 1.000000 4
4805 1.000000 4
4808 -1.000000 3
4813 1.000000 5
4818 0.000000 5
4822 -1.000000 4
4827 1.000000 5
4831 1.000000 4
4836 1.000000 5
4839 -1.000000 3
4842 1.000000 3
4847 1.000000 5
4851 1.000000 4
4855 1.000000 4
4859 1.000000 4
4863 -1.000000 4
4866 1.000000 3
4871 1.000000 5
4875 1.000000 4
4879 -1.000000 4
4882 1.000000 3
4886 -1.000000 4
4890 1.000000 4
4895 0.000000 5
4898 1.000000 3
4902 -1.000000 4
4906 1.000000 4
4911 1.000000 5
4915 1.000000 4
4920 1.000000 5
4924 1.000000 4
4929 0.000000 5
4932 -1.000000 3
4937 1.000000 5
4942 0.000000 5
4945 -1.000000 3
4949 1.000000 4
4953 1.000000 4
4957 -1.000000 4
4961 -1.000000 4
4966 1.000000 5
4971 0.000000 5
4975 -1.000000 4
4979 1.000000 4
4983 -1.000000 4
4987 -1.000000 4
4991 -1.000000 4
4996 0.000000 5
5000 -1.000000 4
5004 1.000000 4
5008 -1.000000 4
5012 1.000000 4
5017 0.000000 5
5021 1.000000 4
5025 -1.000000 4
5030 1.000000 5
5035 1.000000 5
5039 1.000000 4
5042 1.000000 3
5047 1.000000 5
5051 1.000000 4
5056 1.000000 5
5061 0.000000 5
5065 1.000000 4
5070 0.000000 5
5073 1.000000 3
5078 0.000000 5
5082 -1.000000 4
5086 1.000000 4
5090 -1.000000 4
5094 1.000000 4
5098 -1.000000 4
5102 -1.000000 4
5106 1.000000 4
5111 1.000000 5
5114 1.000000 3
5118 -1.000000 4
5121 -1.000000 3
5124 -1.000000 3
5127 -1.000000 3
5132 0.000000 5
5137 1.000000 5
5140 1.000000 3
5144 1.000000 4
5149 1.000000 5
5154 1.000000 5
5158 1.000000 4
5162 1.000000 4
5166 1.000000 4
5170 -1.000000 4
5175 0.000000 5
5178 1.000000 3
5181 1.000000 3
5185 -1.000000 4
5190 0.000000 5
5193 1.000000 3
5196 -1.000000 3
5199 -1.000000 3
5203 1.000000 4
5206 -1.000000 3
5211 1.000000 5
5215 1.000000 4
5218 -1.000000 3
5223 0.000000 5
5228 0.000000 5
5232 -1.000000 4
5236 1.000000 4
5240 1.000000 4
5244 -1.000000 4
5248 1.000000 4
5252 1.000000 4
5256 -1.000000 4
5261 0.000000 5
5266 0.000000 5
5271 0.000000 5
5275 1.000000 4
5280 1.000000 5
5284 1.000000 4
5288 -1.000000 4
5293 1.000000 5
5297 1.000000 4
5301 1.000000 4
5304 1.000000 3
5308 1.000000 4
5313 1.000000 5
5318 1.000000 5
5322 -1.000000 4
5326 1.000000 4
5331 0.000000 5
5336 0.000000 5
5341 1.000000 5
5345 1.000000 4
5350 1.000000 5
5354 1.000000 4
5358 1.000000 4
5363 0.000000 5
5367 -1.000000 4
5371 1.000000 4
5375 1.000000 4
5380 0.000000 5
5384 1.000000 4
5389 1.000000 5
5392 -1.000000 3
5396 -1.000000 4
5401 1.000000 5
5404 1.000000 3
5407 1.000000 3
5410 1.000000 3
5414 -1.000000 4
5418 -1.000000 4
5423 1.000000 5
5426 -1.000000 3
5429 1.000000 3
5432 1.000000 3
5435 1.000000 3
5439 1.000000 4
5443 -1.000000 4
5448 1.000000 5
5453 0.000000 5
5458 1.000000 5
5463 0.000000 5
5467 -1.000000 4
5471 -1.000000 4
5475 -1.000000 4
5479 1.000000 4
5483 1.000000 4
5487 -1.000000 4
5491 -1.000000 4
5496 0.000000 5
5501 1.000000 5
5506 1.000000 5
5509 1.000000 3
5512 1.000000 3
5517 0.000000 5
5522 1.000000 5
5526 -1.000000 4
5531 0.000000 5
5535 -1.000000 4
5539 -1.000000 4
5544 1.000000 5
5547 1.000000 3
5552 0.000000 5
5556 -1.000000 4
5560 -1.000000 4
5565 1.000000 5
5569 -1.000000 4
5574 0.000000 5
5578 -1.000000 4
5582 1.000000 4
5586 -1.000000 4
5590 1.000000 4
5594 -1.000000 4
5598 -1.000000 4
5603 1.000000 5
5607 1.000000 4
5611 -1.000000 4
5614 -1.000000 3
5619 1.000000 5
5624 0.000000 5
5627 1.000000 3
5632 0.000000 5
5636 -1.000000 4
5640 1.000000 4
5643 -1.000000 3
5648 1.000000 5
5651 -1.000000 3
5656 0.000000 5
5661 1.000000 5
5665 1.000000 4
5669 1.000000 4
5673 1.000000 4
5676 -1.000000 3
5681 1.000000 5
5684 1.000000 3
5688 -1.000000 4
5692 -1.000000 4
5696 -1.000000 4
5700 -1.000000 4
5704 1.000000 4
5708 -1.000000 4
5712 -1.000000 4
5717 0.000000 5
5722 1.000000 5
5726 -1.000000 4
5730 1.000000 4
5734 1.000000 4
5738 1.000000 4
5742 -1.000000 4
5746 1.000000 4
5751 1.000000 5
5754 1.000000 3
5759 1.000000 5
5763 -1.000000 4
5768 1.000000 5
5772 1.000000 4
5777 1.000000 5
5781 -1.000000 4
5786 1.000000 5
5789 -1.000000 3
5793 -1.000000 4
5797 1.000000 4
5802 0.000000 5
5806 1.000000 4
5811 0.000000 5
5815 1.000000 4
5820 1.000000 5
5824 -1.000000 4
5828 1.000000 4
5831 -1.000000 3
5836 0.000000 5
5840 -1.000000 4
5845 1.000000 5
5848 -1.000000 3
5852 1.000000 4
5856 -1.000000 4
5860 -1.000000 4
5863 1.000000 3
5867 1.000000 4
5872 1.000000 5
5877 1.000000 5
5880 -1.000000 3
5883 -1.000000 3
5887 1.000000 4
5891 -1.000000 4
5895 -1.000000 4
5900 1.000000 5
5904 1.000000 4
5909 1.000000 5
5913 -1.000000 4
5917 1.000000 4
5922 0.000000 5
5927 1.000000 5
5931 -1.000000 4
5935 1.000000 4
5938 1.000000 3
5943 0.000000 5
5948 1.000000 5
5953 0.000000 5
5958 0.000000 5
5962 -1.000000 4
5966 1.000000 4
5971 0.000000 5
5976 0.000000 5
5980 -1.000000 4
5983 -1.000000 3
5988 1.000000 5
5992 -1.000000 4
5996 1.000000 4
6001 0.000000 5
6005 1.000000 4
6008 -1.000000 3
6013 0.000000 5
6017 -1.000000 4
6021 1.000000 4
6026 1.000000 5
6030 1.000000 4
6034 1.000000 4
6039 1.000000 5
6044 0.000000 5
6047 -1.000000 3
6051 -1.000000 4
6055 -1.000000 4
6060 0.000000 5
6063 -1.000000 3
6067 1.000000 4
6072 1.000000 5
6076 1.000000 4
6081 1.000000 5
6086 1.000000 5
6089 1.000000 3
6092 -1.000000 3
6095 -1.000000 3
6099 -1.000000 4
6104 1.000000 5
6109 1.000000 5
6113 -1.000000 4
6117 1.000000 4
6122 1.000000 5
6126 1.000000 4
6130 1.000000 4
6133 -1.000000 3
6136 -1.000000 3
6139 -1.000000 3
6143 1.000000 4
6148 1.000000 5
6151 -1.000000 3
6155 1.000000 4
6158 -1.000000 3
6163 1.000000 5
6167 1.000000 4
6170 1.000000 3
6175 1.000000 5
6179 -1.000000 4
6184 1.000000 5
6188 1.000000 4
6192 1.000000 4
6195 1.000000 3
6199 1.000000 4
6204 1.000000 5
6208 -1.000000 4
6213 1.000000 5
6218 1.000000 5
6222 1.000000 4
6226 -1.000000 4
6230 1.000000 4
6235 1.000000 5
6240 1.000000 5
6245 1.000000 5
6250 1.000000 5
6254 -1.000000 4
6257 1.000000 3
6261 1.000000 4
6265 1.000000 4
6270 1.000000 5
6275 1.000000 5
6280 1.000000 5
6285 1.000000 5
6290 0.000000 5
6295 1.000000 5
6300 0.000000 5
6304 1.000000 4
6308 -1.000000 4
6312 -1.000000 4
6317 1.000000 5
6321 -1.000000 4
6325 1.000000 4
6328 1.000000 3
6333 1.000000 5
6337 1.000000 4
6340 1.000000 3
6345 1.000000 5
6350 1.000000 5
6355 0.000000 5
6359 -1.000000 4
6364 1.000000 5
6367 1.000000 3
6371 -1.000000 4
6375 -1.000000 4
6379 1.000000 4
6384 0.000000 5
6387 1.000000 3
6392 1.000000 5
6396 1.000000 4
6400 1.000000 4
6403 -1.000000 3
6407 -1.000000 4
6412 0.000000 5
6417 1.000000 5
6421 -1.000000 4
6425 1.000000 4
6429 1.000000 4
6433 1.000000 4
6436 -1.000000 3
6441 1.000000 5
6444 -1.000000 3
6448 -1.000000 4
6453 1.000000 5
6456 1.000000 3
6461 0.000000 5
6466 1.000000 5
6469 1.000000 3
6473 1.000000 4
6477 1.000000 4
6482 0.000000 5
6486 1.000000 4
6491 0.000000 5
6495 -1.000000 4
6500 1.000000 5
6505 0.000000 5
6510 1.000000 5
6514 1.000000 4
6518 -1.000000 4
6523 0.000000 5
6526 1.000000 3
6531 1.000000 5
6536 1.000000 5
6539 -1.000000 3
6543 -1.000000 4
6547 1.000000 4
6551 1.000000 4
6554 1.000000 3
6559 0.000000 5
6562 1.000000 3
6566 1.000000 4
6570 1.000000 4
6574 -1.000000 4
6577 1.000000 3
6582 0.000000 5
6585 1.000000 3
6590 0.000000 5
6594 -1.000000 4
6598 1.000000 4
6602 -1.000000 4
6606 1.000000 4
6610 1.000000 4
6614 1.000000 4
6618 1.000000 4
6621 1.000000 3
6626 1.000000 5
6630 1.000000 4
6633 -1.000000 3
6637 1.000000 4
6640 -1.000000 3
6644 1.000000 4
6647 -1.000000 3
6652 1.000000 5
6657 0.000000 5
6660 -1.000000 3
6664 1.000000 4
6669 0.000000 5
6674 1.000000 5
6679 0.000000 5
6682 1.000000 3
6685 -1.000000 3
6688 1.000000 3
6693 0.000000 5
6697 1.000000 4
6701 1.000000 4
6705 -1.000000 4
6708 -1.000000 3
6713 1.000000 5
6717 1.000000 4
6722 0.000000 5
6726 -1.000000 4
6729 1.000000 3
6734 0.000000 5
6738 -1.000000 4
6743 1.000000 5
6747 1.000000 4
6752 0.000000 5
6757 1.000000 5
6760 -1.000000 3
6764 1.000000 4
6769 0.000000 5
6773 1.000000 4
6778 1.000000 5
6782 1.000000 4
6786 -1.000000 4
6789 -1.000000 3
6793 -1.000000 4
6797 -1.000000 4
6802 1.000000 5
6806 1.000000 4
6810 -1.000000 4
6815 1.000000 5
6819 -1.000000 4
6822 1.000000 3
6826 -1.000000 4
6830 1.000000 4
6835 1.000000 5
6840 0.000000 5
6845 1.000000 5
6849 -1.000000 4
6854 1.000000 5
6857 1.000000 3
6862 0.000000 5
6866 1.000000 4
6871 0.000000 5
6875 1.000000 4
6880 1.000000 5
6885 0.000000 5
6889 1.000000 4
6894 1.000000 5
6899 0.000000 5
6902 1.000000 3
6906 1.000000 4
6909 1.000000 3
6914 0.000000 5
6919 0.000000 5
6923 -1.000000 4
6927 -1.000000 4
6930 -1.000000 3
6934 -1.000000 4
6938 1.000000 4
6942 -1.000000 4
6946 1.000000 4
6950 -1.000000 4
6954 1.000000 4
6957 -1.000000 3
6961 1.000000 4
6965 1.000000 4
6969 -1.000000 4
6973 -1.000000 4
6977 -1.000000 4
6980 1.000000 3
6984 1.000000 4
6989 1.000000 5
6992 1.000000 3
6996 1.000000 4
7000 -1.000000 4
7005 1.000000 5
7009 -1.000000 4
7012 1.000000 3
7016 1.000000 4
7021 1.000000 5
7025 -1.000000 4
7029 -1.000000 4
7033 1.000000 4
7038 1.000000 5
7043 1.000000 5
7047 -1.000000 4
7052 1.000000 5
7057 1.000000 5
7062 1.000000 5
7067 1.000000 5
7071 1.000000 4
7076 1.000000 5
7081 1.000000 5
7086 0.000000 5
7090 1.000000 4
7095 0.000000 5
7100 1.000000 5
7105 1.000000 5
7108 -1.000000 3
7112 1.000000 4
7116 1.000000 4
7119 1.000000 3
7124 0.000000 5
7129 0.000000 5
7133 -1.000000 4
7138 0.000000 5
7142 1.000000 4
7146 1.000000 4
7151 1.000000 5
7156 1.000000 5
7160 -1.000000 4
7165 1.000000 5
7169 -1.000000 4
7174 0.000000 5
7178 1.000000 4
7182 -1.000000 4
7186 -1.000000 4
7190 1.000000 4
7193 1.000000 3
7196 -1.000000 3
7201 0.000000 5
7206 0.000000 5
7211 1.000000 5
7215 -1.000000 4
7219 -1.000000 4
7223 1.000000 4
7228 1.000000 5
7232 -1.000000 4
7236 -1.000000 4
7241 1.000000 5
7244 1.000000 3
7248 -1.000000 4
7252 1.000000 4
7256 1.000000 4
7260 -1.000000 4
7265 0.000000 5
7268 1.000000 3
7272 1.000000 4
7276 1.000000 4
7280 -1.000000 4
7284 1.000000 4
7289 1.000000 5
7292 -1.000000 3
7297 1.000000 5
7301 -1.000000 4
7305 1.000000 4
7309 1.000000 4
7314 1.000000 5
7318 -1.000000 4
7321 -1.000000 3
7326 1.000000 5
7330 -1.000000 4
7333 1.000000 3
7338 0.000000 5
7343 1.000000 5
7348 1.000000 5
7352 1.000000 4
7355 1.000000 3
7358 1.000000 3
7362 -1.000000 4
7365 -1.000000 3
7370 0.000000 5
7375 1.000000 5
7380 1.000000 5
7384 1.000000 4
7389 0.000000 5
7392 -1.000000 3
7397 1.000000 5
7401 -1.000000 4
7405 1.000000 4
7409 -1.000000 4
7413 1.000000 4
7418 0.000000 5
7422 1.000000 4
7427 1.000000 5
7431 -1.000000 4
7436 0.000000 5
7439 1.000000 3
7443 1.000000 4
7447 1.000000 4
7451 -1.000000 4
7456 1.000000 5
7461 0.000000 5
7465 1.000000 4
7468 1.000000 3
7472 1.000000 4
7476 1.000000 4
7480 -1.000000 4
7485 1.000000 5
7489 -1.000000 4
7492 -1.000000 3
7497 0.000000 5
7501 1.000000 4
7506 0.000000 5
7511 0.000000 5
7514 1.000000 3
7517 1.000000 3
7521 -1.000000 4
7524 -1.000000 3
7528 1.000000 4
7533 0.000000 5
7537 -1.000000 4
7541 1.000000 4
7546 1.000000 5
7551 1.000000 5
7555 1.000000 4
7560 1.000000 5
7565 0.000000 5
7568 1.000000 3
7573 1.000000 5
7578 1.000000 5
7582 1.000000 4
7586 1.000000 4
7590 -1.000000 4
7595 0.000000 5
7598 -1.000000 3
7602 -1.000000 4
7607 1.000000 5
7612 1.000000 5
7616 -1.000000 4
7620 1.000000 4
7624 -1.000000 4
7627 -1.000000 3
7632 1.000000 5
7636 -1.000000 4
7641 1.000000 5
7645 1.000000 4
7650 1.000000 5
7653 1.000000 3
7657 1.000000 4
7660 1.000000 3
7663 1.000000 3
7667 -1.000000 4
7671 1.000000 4
7676 0.000000 5
7680 1.000000 4
7683 -1.000000 3
7687 -1.000000 4
7692 1.000000 5
7696 1.000000 4
7700 1.000000 4
7704 -1.000000 4
7708 -1.000000 4
7712 -1.000000 4
7716 -1.000000 4
7720 -1.000000 4
7725 0.000000 5
7729 1.000000 4
7734 1.000000 5
7739 1.000000 5
7744 1.000000 5
7749 1.000000 5
7753 1.000000 4
7757 -1.000000 4
7762 0.000000 5
7765 1.000000 3
7768 1.000000 3
7772 -1.000000 4
7777 1.000000 5
7780 -1.000000 3
7785 0.000000 5
7789 1.000000 4
7793 1.000000 4
7798 1.000000 5
7801 1.000000 3
7806 1.000000 5
7811 1.000000 5
7816 0.000000 5
7821 1.000000 5
7825 -1.000000 4
7830 1.000000 5
7833 -1.000000 3
7837 1.000000 4
7841 -1.000000 4
7845 1.000000 4
7850 1.000000 5
7853 1.000000 3
7858 1.000000 5
7862 1.000000 4
7866 1.000000 4
7870 -1.000000 4
7875 0.000000 5
7879 1.000000 4
7882 -1.000000 3
7887 1.000000 5
7892 1.000000 5
7895 -1.000000 3
7898 1.000000 3
7902 -1.000000 4
7907 0.000000 5
7911 1.000000 4
7915 -1.000000 4
7919 -1.000000 4
7924 1.000000 5
7928 -1.000000 4
7932 1.000000 4
7937 1.000000 5
7942 0.000000 5
7947 1.000000 5
7952 1.000000 5
7957 1.000000 5
7960 1.000000 3
7964 1.000000 4
7968 -1.000000 4
7973 1.000000 5
7978 1.000000 5
7983 1.000000 5
7988 0.000000 5
7993 0.000000 5
7998 0.000000 5
8002 1.000000 4
8006 1.000000 4
8011 1.000000 5
8014 1.000000 3
8019 1.000000 5
8023 -1.000000 4
8026 1.000000 3
8029 1.000000 3
8033 1.000000 4
8037 1.000000 4
8041 1.000000 4
8046 0.000000 5
8050 -1.000000 4
8053 -1.000000 3
8057 1.000000 4
8061 -1.000000 4
8065 1.000000 4
8069 -1.000000 4
8074 1.000000 5
8077 -1.000000 3
8082 1.000000 5
8087 1.000000 5
8091 1.000000 4
8096 0.000000 5
8100 1.000000 4
8105 1.000000 5
8110 1.000000 5
8115 1.000000 5
8120 1.000000 5
8125 1.000000 5
8129 -1.000000 4
8133 1.000000 4
8137 1.000000 4
8141 -1.000000 4
8146 0.000000 5
8150 -1.000000 4
8154 1.000000 4
8159 1.000000 5
8163 1.000000 4
8166 -1.000000 3
8170 1.000000 4
8175 1.000000 5
8180 1.000000 5
8185 1.000000 5
8189 1.000000 4
8193 -1.000000 4
8198 1.000000 5
8201 -1.000000 3
8206 0.000000 5
8209 1.000000 3
8214 1.000000 5
8218 1.000000 4
8223 0.000000 5
8228 0.000000 5
8232 1.000000 4
8237 1.000000 5
8242 1.000000 5
8246 1.000000 4
8251 1.000000 5
8256 0.000000 5
8259 -1.000000 3
8262 -1.000000 3
8267 1.000000 5
8270 1.000000 3
8273 -1.000000 3
8276 1.000000 3
8281 0.000000 5
8284 -1.000000 3
8289 0.000000 5
8294 1.000000 5
8299 0.000000 5
8304 1.000000 5
8309 1.000000 5
8312 -1.000000 3
8315 1.000000 3
8319 1.000000 4
8324 0.000000 5
8329 0.000000 5
8334 1.000000 5
8339 1.000000 5
8343 1.000000 4
8348 0.000000 5
8353 0.000000 5
8358 0.000000 5
8363 0.000000 5
8367 1.000000 4
8371 -1.000000 4
8374 -1.000000 3
8379 1.000000 5
8384 1.000000 5
8388 -1.000000 4
8392 -1.000000 4
8395 1.000000 3
8400 1.000000 5
8405 0.000000 5
8409 1.000000 4
8414 0.000000 5
8419 0.000000 5
8424 0.000000 5
8428 -1.000000 4
8432 1.000000 4
8436 -1.000000 4
8441 1.000000 5
8445 1.000000 4
8450 1.000000 5
8455 0.000000 5
8459 1.000000 4
8463 -1.000000 4
8467 1.000000 4
8470 -1.000000 3
8474 -1.000000 4
8479 0.000000 5
8484 0.000000 5
8489 1.000000 5
8494 0.000000 5
8498 1.000000 4
8503 0.000000 5
8508 1.000000 5
8512 1.000000 4
8516 1.000000 4
8519 1.000000 3
8524 0.000000 5
8528 1.000000 4
8533 0.000000 5
8537 -1.000000 4
8542 1.000000 5
8546 1.000000 4
8551 1.000000 5
8556 1.000000 5
8560 1.000000 4
8564 1.000000 4
8569 1.000000 5
8574 1.000000 5
8579 1.000000 5
8582 -1.000000 3
8587 0.000000 5
8591 -1.000000 4
8596 1.000000 5
8600 1.000000 4
8603 -1.000000 3
8607 -1.000000 4
8611 1.000000 4
8615 1.000000 4
8620 1.000000 5
8623 1.000000 3
8628 0.000000 5
8633 1.000000 5
8638 1.000000 5
8642 1.000000 4
8646 -1.000000 4
8650 -1.000000 4
8655 1.000000 5
8658 1.000000 3
8662 -1.000000 4
8665 -1.000000 3
8670 1.000000 5
8675 1.000000 5
8679 1.000000 4
8684 0.000000 5
8688 -1.000000 4
8693 0.000000 5
8698 1.000000 5
8702 1.000000 4
8707 0.000000 5
8712 1.000000 5
8715 1.000000 3
8720 1.000000 5
8725 1.000000 5
8729 -1.000000 4
8733 1.000000 4
8737 1.000000 4
8742 1.000000 5
8745 1.000000 3
8750 1.000000 5
8755 1.000000 5
8758 -1.000000 3
8761 1.000000 3
8765 -1.000000 4
8769 1.000000 4
8772 1.000000 3
8776 1.000000 4
8780 1.000000 4
8784 -1.000000 4
8789 1.000000 5
8793 -1.000000 4
8798 0.000000 5
8802 1.000000 4
8807 0.000000 5
8811 1.000000 4
8816 1.000000 5
8821 1.000000 5
8826 0.000000 5
8831 0.000000 5
8834 -1.000000 3
8839 1.000000 5
8843 -1.000000 4
8846 -1.000000 3
8849 1.000000 3
8852 -1.000000 3
8856 1.000000 4
8860 1.000000 4
8865 1.000000 5
8869 1.000000 4
8874 0.000000 5
8879 1.000000 5
8882 -1.000000 3
8887 0.000000 5
8890 1.000000 3
8895 1.000000 5
8900 0.000000 5
8904 1.000000 4
8908 -1.000000 4
8912 -1.000000 4
8917 0.000000 5
8921 1.000000 4
8926 1.000000 5
8930 -1.000000 4
8935 0.000000 5
8940 1.000000 5
8944 1.000000 4
8947 1.000000 3
8952 0.000000 5
8957 0.000000 5
8961 1.000000 4
8965 1.000000 4
8969 -1.000000 4
8973 -1.000000 4
8976 -1.000000 3
8979 1.000000 3
8983 1.000000 4
8988 0.000000 5
8992 -1.000000 4
8996 -1.000000 4
9000 -1.000000 4
9004 1.000000 4
9007 1.000000 3
9011 -1.000000 4
9014 -1.000000 3
9017 -1.000000 3
9022 1.000000 5
9025 -1.000000 3
9030 1.000000 5
9035 0.000000 5
9040 1.000000 5
9045 0.000000 5
9050 1.000000 5
9054 1.000000 4
9059 1.000000 5
9064 0.000000 5
9068 -1.000000 4
9073 1.000000 5
9077 -1.000000 4
9081 1.000000 4
9085 1.000000 4
9089 -1.000000 4
9093 -1.000000 4
9098 1.000000 5
9103 1.000000 5
9108 1.000000 5
9113 1.000000 5
9117 1.000000 4
9120 -1.000000 3
9124 -1.000000 4
9128 -1.000000 4
9132 -1.000000 4
9135 1.000000 3
9139 -1.000000 4
9143 1.000000 4
9148 1.000000 5
9151 1.000000 3
9155 1.000000 4
9159 -1.000000 4
9163 1.000000 4
9168 1.000000 5
9172 1.000000 4
9176 1.000000 4
9181 1.000000 5
9185 -1.000000 4
9189 -1.000000 4
9193 1.000000 4
9197 1.000000 4
9202 0.000000 5
9206 -1.000000 4
9210 -1.000000 4
9213 1.000000 3
9216 -1.000000 3
9219 1.000000 3
9223 1.000000 4
9227 1.000000 4
9230 1.000000 3
9234 1.000000 4
9239 0.000000 5
9244 1.000000 5
9248 -1.000000 4
9252 -1.000000 4
9256 -1.000000 4
9259 1.000000 3
9264 1.000000 5
9268 1.000000 4
9272 1.000000 4
9276 -1.000000 4
9280 1.000000 4
9285 1.000000 5
9288 1.000000 3
9292 1.000000 4
9295 -1.000000 3
9299 -1.000000 4
9304 0.000000 5
9308 1.000000 4
9312 -1.000000 4
9316 -1.000000 4
9321 0.000000 5
9325 1.000000 4
9329 1.000000 4
9333 1.000000 4
9337 -1.000000 4
9342 1.000000 5
9346 1.000000 4
9351 1.000000 5
9354 -1.000000 3
9359 0.000000 5
9363 -1.000000 4
9368 1.000000 5
9373 1.000000 5
9378 0.000000 5
9383 1.000000 5
9387 -1.000000 4
9390 -1.000000 3
9394 1.000000 4
9399 1.000000 5
9403 1.000000 4
9407 1.000000 4
9412 1.000000 5
9416 1.000000 4
9421 1.000000 5
9425 1.000000 4
9429 1.000000 4
9433 1.000000 4
9438 0.000000 5
9442 -1.000000 4
9445 -1.000000 3
9448 1.000000 3
9453 0.000000 5
9457 -1.000000 4
9461 1.000000 4
9465 1.000000 4
9469 -1.000000 4
9472 1.000000 3
9476 -1.000000 4
9480 1.000000 4
9483 1.000000 3
9488 0.000000 5
9492 -1.000000 4
9496 1.000000 4
9500 1.000000 4
9504 1.000000 4
9508 -1.000000 4
9512 -1.000000 4
9516 -1.000000 4
9521 0.000000 5
9525 1.000000 4
9528 1.000000 3
9533 1.000000 5
9536 -1.000000 3
9541 0.000000 5
9545 1.000000 4
9549 1.000000 4
9552 1.000000 3
9556 1.000000 4
9560 1.000000 4
9564 1.000000 4
9568 1.000000 4
9572 1.000000 4
9576 1.000000 4
9580 1.000000 4
9585 0.000000 5
9589 1.000000 4
9594 1.000000 5
9598 -1.000000 4
9601 1.000000 3
9605 -1.000000 4
9608 1.000000 3
9611 -1.000000 3
9615 1.000000 4
9620 1.000000 5
9623 1.000000 3
9627 1.000000 4
9632 1.000000 5
9637 1.000000 5
9642 1.000000 5
9647 1.000000 5
9652 1.000000 5
9656 -1.000000 4
9661 0.000000 5
9666 1.000000 5
9669 -1.000000 3
9673 1.000000 4
9678 1.000000 5
9682 -1.000000 4
9686 -1.000000 4
9690 1.000000 4
9694 1.000000 4
9698 1.000000 4
9702 1.000000 4
9707 0.000000 5
9711 1.000000 4
9715 -1.000000 4
9719 -1.000000 4
9723 1.000000 4
9727 1.000000 4
9731 1.000000 4
9736 1.000000 5
9741 1.000000 5
9744 1.000000 3
9748 1.000000 4
9753 1.000000 5
9758 0.000000 5
9762 -1.000000 4
9766 1.000000 4
9770 1.000000 4
9774 1.000000 4
9778 -1.000000 4
9782 1.000000 4
9785 1.000000 3
9789 1.000000 4
9794 1.000000 5
9797 1.000000 3
9801 1.000000 4
9805 1.000000 4
9809 1.000000 4
9812 -1.000000 3
9817 0.000000 5
9822 1.000000 5
9826 1.000000 4
9830 1.000000 4
9834 -1.000000 4
9838 1.000000 4
9841 -1.000000 3
9846 0.000000 5
9850 1.000000 4
9853 -1.000000 3
9856 1.000000 3
9861 0.000000 5
9866 0.000000 5
9871 0.000000 5
9875 -1.000000 4
9878 -1.000000 3
9882 1.000000 4
9885 -1.000000 3
9890 0.000000 5
9894 1.000000 4
9899 1.000000 5
9902 -1.000000 3
9907 1.000000 5
9911 -1.000000 4
9916 0.000000 5
9920 1.000000 4
9925 0.000000 5
9930 0.000000 5
9935 1.000000 5
9939 -1.000000 4
9944 0.000000 5
9947 1.000000 3
9950 1.000000 3
9954 -1.000000 4
9958 1.000000 4
9961 1.000000 3
9965 1.000000 4
9969 1.000000 4
9973 1.000000 4
9977 1.000000 4
9981 -1.000000 4
9984 1.000000 3
9987 1.000000 3
9991 1.000000 4
9995 -1.000000 4
9999 -1.000000 4
10003 1.000000 4
10006 -1.000000 3
10009 -1.000000 3
10012 -1.000000 3
10015 -1.000000 3
10018 -1.000000 3
10021 -1.000000 3
10024 -1.000000 3
10027 -1.000000 3
10030 -1.000000 3
10033 -1.000000 3
10036 -1.000000 3
10039 -1.000000 3
10042 -1.000000 3
10045 -1.000000 3
10048 -1.000000 3
10051 -1.000000 3
10054 -1.000000 3
10057 -1.000000 3
10060 -1.000000 3
10063 -1.000000 3
10066 -1.000000 3
10069 -1.000000 3
10072 -1.000000 3
10075 -1.000000 3
10078 -1.000000 3
10081 -1.000000 3
10084 -1.000000 3
10087 -1.000000 3
10090 -1.000000 3
10093 -1.000000 3
10096 -1.000000 3
10099 -1.000000 3
10102 -1.000000 3
10105 -1.000000 3
10108 -1.000000 3
10111 -1.000000 3
10114 -1.000000 3
10117 -1.000000 3
10120 -1.000000 3
10123 -1.000000 3
10126 -1.000000 3
10129 -1.000000 3
10132 -1.000000 3
10135 -1.000000 3
10138 -1.000000 3
10141 -1.000000 3
10144 -1.000000 3
10147 -1.000000 3
10150 -1.000000 3
10153 -1.000000 3
10156 -1.000000 3
10159 -1.000000 3
10162 -1.000000 3
10165 -1.000000 3
10168 -1.000000 3
10171 -1.000000 3
10174 -1.000000 3
10177 -1.000000 3
10180 -1.000000 3
10183 -1.000000 3
10186 -1.000000 3
10189 -1.000000 3
10192 -1.000000 3
10195 -1.000000 3
10198 -1.000000 3
10201 -1.000000 3
10204 -1.000000 3
10207 -1.000000 3
10210 -1.000000 3
10213 -1.000000 3
10216 -1.000000 3
10219 -1.000000 3
10222 -1.000000 3
10225 -1.000000 3
10228 -1.000000 3
10231 -1.000000 3
10234 -1.000000 3
10237 -1.000000 3
10240 -1.000000 3
10243 -1.000000 3
10246 -1.000000 3
10249 -1.000000 3
10252 -1.000000 3
10255 -1.000000 3
10258 -1.000000 3
10261 -1.000000 3
10264 -1.000000 3
10267 -1.000000 3
10270 -1.000000 3
10273 -1.000000 3
10276 -1.000000 3
10279 -1.000000 3
10282 -1.000000 3
10285 -1.000000 3
10288 -1.000000 3
10291 -1.000000 3
10294 -1.000000 3
10297 -1.000000 3
10300 -1.000000 3
10303 -1.000000 3
10306 -1.000000 3
10309 -1.000000 3
10312 -1.000000 3
10315 -1.000000 3
10318 -1.000000 3
10321 -1.000000 3
10324 -1.000000 3
10327 -1.000000 3
10330 -1.000000 3
10333 -1.000000 3
10336 -1.000000 3
10339 -1.000000 3
10342 -1.000000 3
10345 -1.000000 3
10348 -1.000000 3
10351 -1.000000 3
10354 -1.000000 3
10357 -1.000000 3
10360 -1.000000 3
10363 -1.000000 3
10366 -1.000000 3
10369 -1.000000 3
10372 -1.000000 3
10375 -1.000000 3
10378 -1.000000 3
10381 -1.000000 3
10384 -1.000000 3
10387 -1.000000 3
10390 -1.000000 3
10393 -1.000000 3
10396 -1.000000 3
10399 -1.000000 3
10402 -1.000000 3
10405 -1.000000 3
10408 -1.000000 3
10411 -1.000000 3
10414 -1.000000 3
10417 -1.000000 3
10420 -1.000000 3
10423 -1.000000 3
10426 -1.000000 3
10429 -1.000000 3
10432 -1.000000 3
10435 -1.000000 3
10438 -1.000000 3
10441 -1.000000 3
10444 -1.000000 3
10447 -1.000000 3
10450 -1.000000 3
10453 -1.000000 3
10456 -1.000000 3
10459 -1.000000 3
10462 -1.000000 3
10465 -1.000000 3
10468 -1.000000 3
10471 -1.000000 3
10474 -1.000000 3
10477 -1.000000 3
10480 -1.000000 3
10483 -1.000000 3
10486 -1.000000 3
10489 -1.000000 3
10492 -1.000000 3
10495 -1.000000 3
10498 -1.000000 3
10501 -1.000000 3
10504 -1.000000 3
10507 -1.000000 3
10510 -1.000000 3
10513 -1.000000 3
10516 -1.000000 3
10519 -1.000000 3
10522 -1.000000 3
10525 -1.000000 3
10528 -1.000000 3
10531 -1.000000 3
10534 -1.000000 3
10537 -1.000000 3
10540 -1.000000 3
10543 -1.000000 3
10546 -1.000000 3
10549 -1.000000 3
10552 -1.000000 3
10555 -1.000000 3
10558 -1.000000 3
10561 -1.000000 3
10564 -1.000000 3
10567 -1.000000 3
10570 -1.000000 3
10573 -1.000000 3
10576 -1.000000 3
10579 -1.000000 3
10582 -1.000000 3
10585 -1.000000 3
10588 -1.000000 3
10591 -1.000000 3
10594 -1.000000 3
10597 -1.000000 3
10600 -1.000000 3
10603 -1.000000 3
10606 -1.000000 3
10609 -1.000000 3
10612 -1.000000 3
10615 -1.000000 3
10618 -1.000000 3
10621 -1.000000 3
10624 -1.000000 3
10627 -1.000000 3
10630 -1.000000 3
10633 -1.000000 3
10636 -1.000000 3
10639 -1.000000 3
10642 -1.000000 3
10645 -1.000000 3
10648 -1.000000 3
10651 -1.000000 3
10654 -1.000000 3
10657 -1.000000 3
10660 -1.000000 3
10663 -1.000000 3
10666 -1.000000 3
10669 -1.000000 3
10672 -1.000000 3
10675 -1.000000 3
10678 -1.000000 3
10681 -1.000000 3
10684 -1.000000 3
10687 -1.000000 3
10690 -1.000000 3
10693 -1.000000 3
10696 -1.000000 3
10699 -1.000000 3
10702 -1.000000 3
10705 -1.000000 3
10708 -1.000000 3
10711 -1.000000 3
10714 -1.000000 3
10717 -1.000000 3
10720 -1.000000 3
10723 -1.000000 3
10726 -1.000000 3
10729 -1.000000 3
10732 -1.000000 3
10735 -1.000000 3
10738 -1.000000 3
10741 -1.000000 3
10744 -1.000000 3
10747 -1.000000 3
10750 -1.000000 3
10753 -1.000000 3
10756 -1.000000 3
10759 -1.000000 3
10762 -1.000000 3
10765 -1.000000 3
10768 -1.000000 3
10771 -1.000000 3
10774 -1.000000 3
10777 -1.000000 3
10780 -1.000000 3
10783 -1.000000 3
10786 -1.000000 3
10789 -1.000000 3
10792 -1.000000 3
10795 -1.000000 3
10798 -1.000000 3
10801 -1.000000 3
10804 -1.000000 3
10807 -1.000000 3
10810 -1.000000 3
10813 -1.000000 3
10816 -1.000000 3
10819 -1.000000 3
10822 -1.000000 3
10825 -1.000000 3
10828 -1.000000 3
10831 -1.000000 3
10834 -1.000000 3
10837 -1.000000 3
10840 -1.000000 3
10843 -1.000000 3
10846 -1.000000 3
10849 -1.000000 3
10852 -1.000000 3
10855 -1.000000 3
10858 -1.000000 3
10861 -1.000000 3
10864 -1.000000 3
10867 -1.000000 3
10870 -1.000000 3
10873 -1.000000 3
10876 -1.000000 3
10879 -1.000000 3
10882 -1.000000 3
10885 -1.000000 3
10888 -1.000000 3
10891 -1.000000 3
10894 -1.000000 3
10897 -1.000000 3
10900 -1.000000 3
10903 -1.000000 3
10906 -1.000000 3
10909 -1.000000 3
10912 -1.000000 3
10915 -1.000000 3
10918 -1.000000 3
10921 -1.000000 3
10924 -1.000000 3
10927 -1.000000 3
10930 -1.000000 3
10933 -1.000000 3
10936 -1.000000 3
10939 -1.000000 3
10942 -1.000000 3
10945 -1.000000 3
10948 -1.000000 3
10951 -1.000000 3
10954 -1.000000 3
10957 -1.000000 3
10960 -1.000000 3
10963 -1.000000 3
10966 -1.000000 3
10969 -1.000000 3
10972 -1.000000 3
10975 -1.000000 3
10978 -1.000000 3
10981 -1.000000 3
10984 -1.000000 3
10987 -1.000000 3
10990 -1.000000 3
10993 -1.000000 3
10996 -1.000000 3
10999 -1.000000 3
11002 -1.000000 3
11005 -1.000000 3
11009 1.000000 4
11012 1.000000 3
11015 1.000000 3
11018 -1.000000 3
11021 1.000000 3
11025 -1.000000 4
11028 -1.000000 3
11031 1.000000 3
11034 1.000000 3
11037 -1.000000 3
11041 1.000000 4
11044 1.000000 3
11047 1.000000 3
11050 1.000000 3
11053 1.000000 3
11056 1.000000 3
11059 1.000000 3
11063 1.000000 4
11066 1.000000 3
11070 1.000000 4
11073 1.000000 3
11076 1.000000 3
11079 1.000000 3
11082 1.000000 3
11085 1.000000 3
11088 1.000000 3
11093 0.000000 5
11097 1.000000 4
11102 0.000000 5
11106 1.000000 4
11109 1.000000 3
11113 1.000000 4
11118 0.000000 5
11121 1.000000 3
11124 1.000000 3
11127 1.000000 3
11130 1.000000 3
11134 1.000000 4
11138 1.000000 4
11143 0.000000 5
11147 1.000000 4
11151 1.000000 4
11155 1.000000 4
11159 -1.000000 4
11162 1.000000 3
11165 1.000000 3
11169 1.000000 4
11172 1.000000 3
11177 0.000000 5
11180 1.000000 3
11184 1.000000 4
11188 1.000000 4
11191 1.000000 3
11196 0.000000 5
11200 1.000000 4
11204 1.000000 4
11208 1.000000 4
11211 1.000000 3
11215 1.000000 4
11219 1.000000 4
11222 1.000000 3
11225 1.000000 3
11229 1.000000 4
11233 1.000000 4
11238 0.000000 5
11241 1.000000 3
11245 1.000000 4
11249 1.000000 4
11252 1.000000 3
11256 1.000000 4
11260 1.000000 4
11263 1.000000 3
11267 1.000000 4
11271 -1.000000 4
11274 -1.000000 3
11279 0.000000 5
11282 1.000000 3
11285 1.000000 3
11288 1.000000 3
11291 1.000000 3
11294 1.000000 3
11298 1.000000 4
11301 1.000000 3
11305 1.000000 4
11309 1.000000 4
11312 1.000000 3
11317 0.000000 5
11320 1.000000 3
11323 1.000000 3
11326 1.000000 3
11329 1.000000 3
11332 -1.000000 3
11335 1.000000 3
11338 1.000000 3
11341 -1.000000 3
11345 1.000000 4
11348 1.000000 3
11352 1.000000 4
11355 1.000000 3
11358 -1.000000 3
11362 1.000000 4
11365 1.000000 3
11369 1.000000 4
11373 1.000000 4
11376 1.000000 3
11380 1.000000 4
11383 1.000000 3
11386 1.000000 3
11390 1.000000 4
11395 0.000000 5
11398 1.000000 3
11402 1.000000 4
11405 1.000000 3
11408 1.000000 3
11412 -1.000000 4
11415 1.000000 3
11418 1.000000 3
11421 1.000000 3
11424 1.000000 3
11427 1.000000 3
11431 -1.000000 4
11435 1.000000 4
11438 1.000000 3
11441 1.000000 3
11444 1.000000 3
11447 1.000000 3
11451 1.000000 4
11455 -1.000000 4
11459 -1.000000 4
11462 -1.000000 3
11465 1.000000 3
11468 1.000000 3
11472 1.000000 4
11476 1.000000 4
11481 0.000000 5
11485 1.000000 4
11488 1.000000 3
11493 0.000000 5
11496 1.000000 3
11499 1.000000 3
11502 1.000000 3
11505 1.000000 3
11510 0.000000 5
11515 0.000000 5
11520 1.000000 5
11523 1.000000 3
11527 1.000000 4
11531 1.000000 4
11535 1.000000 4
11538 1.000000 3
11541 1.000000 3
11544 1.000000 3
11547 1.000000 3
11551 1.000000 4
11555 1.000000 4
11559 1.000000 4
11563 1.000000 4
11568 1.000000 5
11571 1.000000 3
11575 1.000000 4
11579 1.000000 4
11582 1.000000 3
11585 1.000000 3
11589 1.000000 4
11593 1.000000 4
11596 1.000000 3
11600 1.000000 4
11604 1.000000 4
11608 1.000000 4
11611 1.000000 3
11616 0.000000 5
11619 1.000000 3
11622 1.000000 3
11625 1.000000 3
11628 1.000000 3
11631 1.000000 3
11635 -1.000000 4
11640 1.000000 5
11643 1.000000 3
11646 1.000000 3
11649 1.000000 3
11653 1.000000 4
11656 1.000000 3
11659 1.000000 3
11662 1.000000 3
11665 1.000000 3
11668 1.000000 3
11671 1.000000 3
11675 1.000000 4
11678 1.000000 3
11681 1.000000 3
11684 1.000000 3
11687 1.000000 3
11692 0.000000 5
11695 1.000000 3
11699 1.000000 4
11702 1.000000 3
11706 1.000000 4
11710 1.000000 4
11713 1.000000 3
11716 1.000000 3
11721 0.000000 5
11725 1.000000 4
11729 1.000000 4
11732 1.000000 3
11735 1.000000 3
11738 1.000000 3
11741 1.000000 3
11744 1.000000 3
11747 1.000000 3
11750 1.000000 3
11753 1.000000 3
11756 1.000000 3
11761 1.000000 5
11764 1.000000 3
11767 1.000000 3
11770 -1.000000 3
11773 1.000000 3
11777 1.000000 4
11781 1.000000 4
11786 0.000000 5
11789 1.000000 3
11792 1.000000 3
11795 1.000000 3
11798 1.000000 3
11802 -1.000000 4
11805 1.000000 3
11809 1.000000 4
11813 1.000000 4
11817 1.000000 4
11820 1.000000 3
11823 1.000000 3
11826 1.000000 3
11829 1.000000 3
11832 1.000000 3
11835 1.000000 3
11838 1.000000 3
11842 -1.000000 4
11845 1.000000 3
11849 -1.000000 4
11852 1.000000 3
11856 1.000000 4
11860 1.000000 4
11864 1.000000 4
11867 -1.000000 3
11871 1.000000 4
11874 1.000000 3
11878 1.000000 4
11881 -1.000000 3
11884 1.000000 3
11888 1.000000 4
11891 1.000000 3
11895 1.000000 4
11900 1.000000 5
11903 1.000000 3
11906 1.000000 3
11909 1.000000 3
11913 1.000000 4
11916 1.000000 3
11919 1.000000 3
11923 1.000000 4
11927 -1.000000 4
11930 1.000000 3
11933 1.000000 3
11938 0.000000 5
11942 1.000000 4
11945 1.000000 3
11949 1.000000 4
11952 1.000000 3
11955 1.000000 3
11958 1.000000 3
11961 1.000000 3
11965 -1.000000 4
11969 1.000000 4
11973 1.000000 4
11978 0.000000 5
11982 1.000000 4
11985 1.000000 3
11989 1.000000 4
11993 1.000000 4
11997 1.000000 4
12000 1.000000 3
12003 1.000000 3
12007 1.000000 4
12011 -1.000000 4
12014 1.000000 3
12019 0.000000 5
12022 1.000000 3
12026 1.000000 4
12029 1.000000 3
12032 -1.000000 3
12036 1.000000 4
12040 1.000000 4
12044 1.000000 4
12047 1.000000 3
12050 1.000000 3
12054 1.000000 4
12057 1.000000 3
12062 0.000000 5
12066 1.000000 4
12070 1.000000 4
12074 1.000000 4
12079 0.000000 5
12082 1.000000 3
12086 1.000000 4
12090 -1.000000 4
12095 0.000000 5
12098 1.000000 3
12102 1.000000 4
12105 1.000000 3
12108 1.000000 3
12112 1.000000 4
12115 1.000000 3
12118 1.000000 3
12121 1.000000 3
12126 0.000000 5
12131 0.000000 5
12134 1.000000 3
12137 1.000000 3
12140 1.000000 3
12143 1.000000 3
12146 1.000000 3
12149 1.000000 3
12153 1.000000 4
12157 1.000000 4
12161 1.000000 4
12164 1.000000 3
12168 1.000000 4
12173 0.000000 5
12176 1.000000 3
12179 1.000000 3
12182 1.000000 3
12186 -1.000000 4
12190 1.000000 4
12194 1.000000 4
12197 1.000000 3
12201 1.000000 4
12205 1.000000 4
12208 1.000000 3
12212 1.000000 4
12215 1.000000 3
12218 1.000000 3
12222 1.000000 4
12225 1.000000 3
12228 1.000000 3
12231 1.000000 3
12235 1.000000 4
12238 1.000000 3
12243 0.000000 5
12246 1.000000 3
12249 1.000000 3
12252 1.000000 3
12255 1.000000 3
12258 1.000000 3
12262 1.000000 4
12265 1.000000 3
12268 1.000000 3
12271 1.000000 3
12275 1.000000 4
12280 0.000000 5
12283 1.000000 3
12288 1.000000 5
12291 1.000000 3
12294 1.000000 3
12297 1.000000 3
12301 1.000000 4
12304 1.000000 3
12308 1.000000 4
12312 1.000000 4
12315 1.000000 3
12318 1.000000 3
12323 0.000000 5
12326 1.000000 3
12329 1.000000 3
12333 1.000000 4
12336 -1.000000 3
12339 1.000000 3
12342 1.000000 3
12346 1.000000 4
12350 1.000000 4
12354 1.000000 4
12358 1.000000 4
12361 1.000000 3
12365 1.000000 4
12368 1.000000 3
12371 1.000000 3
12374 1.000000 3
12378 1.000000 4
12383 0.000000 5
12387 -1.000000 4
12390 1.000000 3
12394 -1.000000 4
12397 1.000000 3
12400 1.000000 3
12404 1.000000 4
12409 0.000000 5
12413 1.000000 4
12417 1.000000 4
12422 0.000000 5
12426 1.000000 4
12430 1.000000 4
12433 1.000000 3
12437 1.000000 4
12441 1.000000 4
12445 1.000000 4
12449 1.000000 4
12452 1.000000 3
12456 1.000000 4
12459 -1.000000 3
12462 1.000000 3
12465 1.000000 3
12468 1.000000 3
12472 -1.000000 4
12475 1.000000 3
12478 1.000000 3
12481 1.000000 3
12484 1.000000 3
12487 1.000000 3
12490 1.000000 3
12494 -1.000000 4
12497 1.000000 3
12500 1.000000 3
12504 1.000000 4
12508 1.000000 4
12513 0.000000 5
12516 1.000000 3
12519 1.000000 3
12522 1.000000 3
12525 1.000000 3
12528 1.000000 3
12533 0.000000 5
12536 1.000000 3
12540 -1.000000 4
12543 1.000000 3
12546 1.000000 3
12549 1.000000 3
12553 1.000000 4
12557 1.000000 4
12561 1.000000 4
12564 1.000000 3
12567 1.000000 3
12570 1.000000 3
12573 1.000000 3
12576 1.000000 3
12580 1.000000 4
12583 1.000000 3
12587 1.000000 4
12592 0.000000 5
12596 1.000000 4
12600 -1.000000 4
12603 1.000000 3
12607 1.000000 4
12610 1.000000 3
12614 1.000000 4
12617 1.000000 3
12620 1.000000 3
12623 1.000000 3
12628 1.000000 5
12631 -1.000000 3
12634 1.000000 3
12638 1.000000 4
12642 1.000000 4
12645 1.000000 3
12650 0.000000 5
12654 1.000000 4
12657 1.000000 3
12662 0.000000 5
12666 1.000000 4
12669 1.000000 3
12672 1.000000 3
12676 1.000000 4
12680 1.000000 4
12684 1.000000 4
12687 1.000000 3
12690 1.000000 3
12695 0.000000 5
12698 1.000000 3
12701 1.000000 3
12704 1.000000 3
12707 1.000000 3
12712 0.000000 5
12717 0.000000 5
12720 1.000000 3
12724 1.000000 4
12727 1.000000 3
12731 -1.000000 4
12735 -1.000000 4
12738 1.000000 3
12742 1.000000 4
12747 1.000000 5
12750 1.000000 3
12753 1.000000 3
12758 1.000000 5
12762 1.000000 4
12765 1.000000 3
12768 1.000000 3
12771 1.000000 3
12775 1.000000 4
12778 1.000000 3
12782 1.000000 4
12786 1.000000 4
12790 1.000000 4
12793 1.000000 3
12796 1.000000 3
12800 1.000000 4
12803 1.000000 3
12807 1.000000 4
12810 1.000000 3
12813 1.000000 3
12816 1.000000 3
12819 1.000000 3
12822 1.000000 3
12825 1.000000 3
12829 1.000000 4
12834 0.000000 5
12837 1.000000 3
12841 1.000000 4
12844 -1.000000 3
12848 1.000000 4
12851 1.000000 3
12854 1.000000 3
12858 1.000000 4
12863 0.000000 5
12867 -1.000000 4
12871 1.000000 4
12874 1.000000 3
12877 1.000000 3
12880 1.000000 3
12883 1.000000 3
12886 1.000000 3
12891 0.000000 5
12894 1.000000 3
12898 1.000000 4
12903 0.000000 5
12907 1.000000 4
12911 1.000000 4
12914 1.000000 3
12919 0.000000 5
12922 1.000000 3
12925 1.000000 3
12928 1.000000 3
12931 1.000000 3
12935 1.000000 4
12938 1.000000 3
12941 1.000000 3
12944 1.000000 3
12947 1.000000 3
12951 1.000000 4
12955 1.000000 4
12959 1.000000 4
12963 1.000000 4
12967 1.000000 4
12970 1.000000 3
12973 1.000000 3
12978 0.000000 5
12981 1.000000 3
12984 1.000000 3
12988 1.000000 4
12991 1.000000 3
12994 1.000000 3
12997 1.000000 3
13001 1.000000 4
13004 1.000000 3
13008 1.000000 4
