682 1307.000000 682
1539 1363.000000 857
2168 1667.000000 629
2768 1763.000000 600
3833 2966.000000 1065
4422 1120.000000 589
5257 3281.000000 835
5953 973.000000 696
6622 2092.000000 669
7460 2023.000000 838
8012 1941.000000 552
9308 4774.000000 1296
9845 1566.000000 537
10400 987.000000 555
11121 1889.000000 721
11631 1897.000000 510
12100 1366.000000 469
12752 1922.000000 652
13539 2699.000000 787
14141 2145.000000 602
14800 2789.000000 659
15419 719.000000 619
15903 796.000000 484
16567 839.000000 664
17378 2126.000000 811
18228 3941.000000 850
18942 1922.000000 714
19687 3813.000000 745
20438 1603.000000 751
21071 738.000000 633
21945 3987.000000 874
22659 1904.000000 714
23401 2016.000000 742
24703 4370.000000 1302
25464 4411.000000 761
26167 2955.000000 703
26929 2581.000000 762
27459 1955.000000 530
28347 2935.000000 888
29126 780.000000 779
29719 621.000000 593
30474 1371.000000 755
31151 3005.000000 677
31744 2760.000000 593
32246 1201.000000 502
33321 4304.000000 1075
34310 1970.000000 989
34808 447.000000 498
35484 1526.000000 676
36304 2317.000000 820
37278 3132.000000 974
37868 2505.000000 590
38860 4836.000000 992
39865 2387.000000 1005
40452 749.000000 587
41018 1418.000000 566
41600 844.000000 582
42186 1464.000000 586
42738 1152.000000 552
43260 1001.000000 522
44113 1686.000000 853
45017 3907.000000 904
45589 587.000000 572
46142 1329.000000 553
46817 3267.000000 675
47341 1601.000000 524
47857 2301.000000 516
48470 3161.000000 613
49183 963.000000 713
