610 1268.000000 610
1433 2975.000000 823
2241 2467.000000 808
2768 689.000000 527
3264 1312.000000 496
4400 3060.000000 1136
5051 2659.000000 651
5767 3479.000000 716
6384 1143.000000 617
7062 2106.000000 678
8088 4604.000000 1026
9116 4230.000000 1028
9582 348.000000 466
10260 1023.000000 678
10683 643.000000 423
11247 904.000000 564
11918 1127.000000 671
12477 1529.000000 559
13428 2171.000000 951
14038 1685.000000 610
14698 3008.000000 660
15066 238.000000 368
15750 1807.000000 684
16520 2367.000000 770
17148 1704.000000 628
18330 4519.000000 1182
19339 2545.000000 1009
20036 2596.000000 697
21035 2902.000000 999
21856 3552.000000 821
22416 946.000000 560
23381 3147.000000 965
23854 814.000000 473
24635 2243.000000 781
25248 1466.000000 613
26088 2634.000000 840
26878 2808.000000 790
27583 1426.000000 705
28165 1799.000000 582
28713 961.000000 548
29099 355.000000 386
29819 3151.000000 720
30477 2363.000000 658
31074 1895.000000 597
31552 992.000000 478
32079 1028.000000 527
33189 9229.000000 1110
33828 2827.000000 639
34456 2316.000000 628
35020 1518.000000 564
35775 1196.000000 755
36591 1519.000000 816
37320 784.000000 729
38067 2858.000000 747
38682 2411.000000 615
39358 2693.000000 676
40114 1807.000000 756
41066 2932.000000 952
41640 1738.000000 574
42624 2371.000000 984
43358 3409.000000 734
44048 1574.000000 690
44918 2406.000000 870
45508 1595.000000 590
46654 4089.000000 1146
47527 1802.000000 873
48085 1350.000000 558
48618 816.000000 533
49190 2189.000000 572
