4 -1.000000 4
8 -1.000000 4
12 -1.000000 4
16 -1.000000 4
20 -1.000000 4
24 -1.000000 4
28 -1.000000 4
32 -1.000000 4
36 -1.000000 4
40 -1.000000 4
44 -1.000000 4
48 -1.000000 4
52 -1.000000 4
56 -1.000000 4
60 -1.000000 4
64 -1.000000 4
68 -1.000000 4
72 -1.000000 4
76 -1.000000 4
80 -1.000000 4
84 -1.000000 4
89 0.000000 5
93 -1.000000 4
97 -1.000000 4
101 -1.000000 4
105 -1.000000 4
109 -1.000000 4
113 -1.000000 4
117 -1.000000 4
121 -1.000000 4
125 -1.000000 4
129 -1.000000 4
133 -1.000000 4
137 -1.000000 4
142 0.000000 5
146 -1.000000 4
150 -1.000000 4
154 -1.000000 4
158 -1.000000 4
162 -1.000000 4
166 -1.000000 4
170 -1.000000 4
174 -1.000000 4
178 -1.000000 4
182 -1.000000 4
186 -1.000000 4
190 -1.000000 4
194 -1.000000 4
198 -1.000000 4
202 -1.000000 4
207 0.000000 5
211 -1.000000 4
215 -1.000000 4
219 -1.000000 4
223 -1.000000 4
228 0.000000 5
232 -1.000000 4
236 -1.000000 4
240 -1.000000 4
244 -1.000000 4
248 -1.000000 4
252 -1.000000 4
256 -1.000000 4
260 -1.000000 4
264 -1.000000 4
268 -1.000000 4
272 -1.000000 4
276 -1.000000 4
280 -1.000000 4
284 -1.000000 4
288 -1.000000 4
292 -1.000000 4
296 -1.000000 4
300 -1.000000 4
304 -1.000000 4
308 -1.000000 4
312 -1.000000 4
316 -1.000000 4
320 -1.000000 4
324 -1.000000 4
328 -1.000000 4
332 -1.000000 4
336 -1.000000 4
340 -1.000000 4
344 -1.000000 4
348 -1.000000 4
352 -1.000000 4
356 -1.000000 4
360 -1.000000 4
364 -1.000000 4
368 -1.000000 4
372 -1.000000 4
376 -1.000000 4
380 -1.000000 4
384 -1.000000 4
388 -1.000000 4
392 -1.000000 4
396 -1.000000 4
400 -1.000000 4
404 -1.000000 4
408 -1.000000 4
412 -1.000000 4
416 -1.000000 4
420 -1.000000 4
424 -1.000000 4
428 -1.000000 4
432 -1.000000 4
436 -1.000000 4
440 -1.000000 4
444 -1.000000 4
448 -1.000000 4
452 -1.000000 4
456 -1.000000 4
460 -1.000000 4
464 -1.000000 4
468 -1.000000 4
472 -1.000000 4
476 -1.000000 4
480 -1.000000 4
484 -1.000000 4
488 -1.000000 4
493 0.000000 5
497 -1.000000 4
501 -1.000000 4
505 -1.000000 4
509 -1.000000 4
513 -1.000000 4
517 -1.000000 4
521 -1.000000 4
525 -1.000000 4
529 -1.000000 4
533 -1.000000 4
537 -1.000000 4
541 -1.000000 4
545 -1.000000 4
549 -1.000000 4
553 -1.000000 4
557 -1.000000 4
561 -1.000000 4
565 -1.000000 4
569 -1.000000 4
573 -1.000000 4
577 -1.000000 4
581 -1.000000 4
585 -1.000000 4
589 -1.000000 4
593 -1.000000 4
597 -1.000000 4
601 -1.000000 4
605 -1.000000 4
609 -1.000000 4
613 -1.000000 4
617 -1.000000 4
621 -1.000000 4
625 -1.000000 4
629 -1.000000 4
633 -1.000000 4
637 -1.000000 4
641 -1.000000 4
645 -1.000000 4
649 -1.000000 4
653 -1.000000 4
657 -1.000000 4
661 -1.000000 4
665 -1.000000 4
669 -1.000000 4
673 -1.000000 4
677 -1.000000 4
681 -1.000000 4
685 -1.000000 4
689 -1.000000 4
693 -1.000000 4
697 -1.000000 4
701 -1.000000 4
705 -1.000000 4
709 -1.000000 4
713 -1.000000 4
717 -1.000000 4
721 -1.000000 4
725 -1.000000 4
729 -1.000000 4
733 -1.000000 4
737 -1.000000 4
741 -1.000000 4
745 -1.000000 4
749 -1.000000 4
753 -1.000000 4
757 -1.000000 4
761 -1.000000 4
765 -1.000000 4
769 -1.000000 4
773 -1.000000 4
777 -1.000000 4
781 -1.000000 4
785 -1.000000 4
789 -1.000000 4
793 -1.000000 4
797 -1.000000 4
801 -1.000000 4
805 -1.000000 4
809 -1.000000 4
813 -1.000000 4
817 -1.000000 4
821 -1.000000 4
825 -1.000000 4
829 -1.000000 4
833 -1.000000 4
837 -1.000000 4
841 -1.000000 4
845 -1.000000 4
850 0.000000 5
854 -1.000000 4
858 -1.000000 4
862 -1.000000 4
866 -1.000000 4
870 -1.000000 4
874 -1.000000 4
878 -1.000000 4
882 -1.000000 4
886 -1.000000 4
890 -1.000000 4
894 -1.000000 4
898 -1.000000 4
902 -1.000000 4
906 -1.000000 4
910 -1.000000 4
914 -1.000000 4
918 -1.000000 4
922 -1.000000 4
926 -1.000000 4
930 -1.000000 4
934 -1.000000 4
938 -1.000000 4
943 0.000000 5
947 -1.000000 4
951 -1.000000 4
955 -1.000000 4
959 -1.000000 4
963 -1.000000 4
967 -1.000000 4
971 -1.000000 4
975 -1.000000 4
979 -1.000000 4
983 -1.000000 4
987 -1.000000 4
991 -1.000000 4
995 -1.000000 4
999 -1.000000 4
1003 -1.000000 4
1007 -1.000000 4
1011 -1.000000 4
1015 -1.000000 4
1019 -1.000000 4
1023 -1.000000 4
1027 -1.000000 4
1031 -1.000000 4
1035 -1.000000 4
1039 -1.000000 4
1043 -1.000000 4
1047 -1.000000 4
1051 -1.000000 4
1055 -1.000000 4
1059 -1.000000 4
1063 -1.000000 4
1067 -1.000000 4
1071 -1.000000 4
1075 -1.000000 4
1079 -1.000000 4
1083 -1.000000 4
1087 -1.000000 4
1091 -1.000000 4
1095 -1.000000 4
1099 -1.000000 4
1103 -1.000000 4
1107 -1.000000 4
1111 -1.000000 4
1115 -1.000000 4
1119 -1.000000 4
1123 -1.000000 4
1127 -1.000000 4
1131 -1.000000 4
1135 -1.000000 4
1139 -1.000000 4
1143 -1.000000 4
1147 -1.000000 4
1151 -1.000000 4
1155 -1.000000 4
1159 -1.000000 4
1163 -1.000000 4
1167 -1.000000 4
1171 -1.000000 4
1175 -1.000000 4
1179 -1.000000 4
1183 -1.000000 4
1187 -1.000000 4
1191 -1.000000 4
1195 -1.000000 4
1199 -1.000000 4
1203 -1.000000 4
1207 -1.000000 4
1211 -1.000000 4
1215 -1.000000 4
1219 -1.000000 4
1223 -1.000000 4
1227 -1.000000 4
1231 -1.000000 4
1235 -1.000000 4
1239 -1.000000 4
1243 -1.000000 4
1247 -1.000000 4
1251 -1.000000 4
1255 -1.000000 4
1259 -1.000000 4
1263 -1.000000 4
1267 -1.000000 4
1271 -1.000000 4
1275 -1.000000 4
1279 -1.000000 4
1283 -1.000000 4
1287 -1.000000 4
1291 -1.000000 4
1295 -1.000000 4
1299 -1.000000 4
1303 -1.000000 4
1307 -1.000000 4
1311 -1.000000 4
1315 -1.000000 4
1319 -1.000000 4
1323 -1.000000 4
1327 -1.000000 4
1331 -1.000000 4
1335 -1.000000 4
1339 -1.000000 4
1343 -1.000000 4
1347 -1.000000 4
1351 -1.000000 4
1355 -1.000000 4
1359 -1.000000 4
1363 -1.000000 4
1367 -1.000000 4
1371 -1.000000 4
1375 -1.000000 4
1379 -1.000000 4
1383 -1.000000 4
1387 -1.000000 4
1391 -1.000000 4
1395 -1.000000 4
1399 -1.000000 4
1403 -1.000000 4
1407 -1.000000 4
1411 -1.000000 4
1415 -1.000000 4
1419 -1.000000 4
1423 -1.000000 4
1427 -1.000000 4
1431 -1.000000 4
1435 -1.000000 4
1439 -1.000000 4
1443 -1.000000 4
1447 -1.000000 4
1451 -1.000000 4
1455 -1.000000 4
1459 -1.000000 4
1463 -1.000000 4
1467 -1.000000 4
1471 -1.000000 4
1475 -1.000000 4
1479 -1.000000 4
1483 -1.000000 4
1487 -1.000000 4
1491 -1.000000 4
1495 -1.000000 4
1499 -1.000000 4
1503 -1.000000 4
1507 -1.000000 4
1511 -1.000000 4
1515 -1.000000 4
1519 -1.000000 4
1523 -1.000000 4
1527 -1.000000 4
1531 -1.000000 4
1535 -1.000000 4
1539 -1.000000 4
1543 -1.000000 4
1547 -1.000000 4
1551 -1.000000 4
1555 -1.000000 4
1559 -1.000000 4
1563 -1.000000 4
1567 -1.000000 4
1571 -1.000000 4
1575 -1.000000 4
1579 -1.000000 4
1583 -1.000000 4
1587 -1.000000 4
1591 -1.000000 4
1595 -1.000000 4
1599 -1.000000 4
1603 -1.000000 4
1607 -1.000000 4
1611 -1.000000 4
1615 -1.000000 4
1619 -1.000000 4
1623 -1.000000 4
1627 -1.000000 4
1631 -1.000000 4
1635 -1.000000 4
1639 -1.000000 4
1643 -1.000000 4
1647 -1.000000 4
1651 -1.000000 4
1655 -1.000000 4
1659 -1.000000 4
1663 -1.000000 4
1667 -1.000000 4
1671 -1.000000 4
1675 -1.000000 4
1679 -1.000000 4
1683 -1.000000 4
1687 -1.000000 4
1691 -1.000000 4
1695 -1.000000 4
1699 -1.000000 4
1703 -1.000000 4
1707 -1.000000 4
1711 -1.000000 4
1715 -1.000000 4
1719 -1.000000 4
1723 -1.000000 4
1727 -1.000000 4
1731 -1.000000 4
1735 -1.000000 4
1739 -1.000000 4
1743 -1.000000 4
1747 -1.000000 4
1751 -1.000000 4
1755 -1.000000 4
1759 -1.000000 4
1763 -1.000000 4
1767 -1.000000 4
1771 -1.000000 4
1775 -1.000000 4
1779 -1.000000 4
1783 -1.000000 4
1787 -1.000000 4
1791 -1.000000 4
1795 -1.000000 4
1800 0.000000 5
1804 -1.000000 4
1808 -1.000000 4
1812 -1.000000 4
1816 -1.000000 4
1820 -1.000000 4
1824 -1.000000 4
1828 -1.000000 4
1832 -1.000000 4
1836 -1.000000 4
1840 -1.000000 4
1844 -1.000000 4
1848 -1.000000 4
1852 -1.000000 4
1856 -1.000000 4
1860 -1.000000 4
1864 -1.000000 4
1868 -1.000000 4
1872 -1.000000 4
1876 -1.000000 4
1880 -1.000000 4
1884 -1.000000 4
1888 -1.000000 4
1892 -1.000000 4
1896 -1.000000 4
1900 -1.000000 4
1904 -1.000000 4
1908 -1.000000 4
1912 -1.000000 4
1916 -1.000000 4
1920 -1.000000 4
1924 -1.000000 4
1928 -1.000000 4
1932 -1.000000 4
1936 -1.000000 4
1940 -1.000000 4
1944 -1.000000 4
1948 -1.000000 4
1952 -1.000000 4
1956 -1.000000 4
1960 -1.000000 4
1965 0.000000 5
1969 -1.000000 4
1973 -1.000000 4
1977 -1.000000 4
1981 -1.000000 4
1985 -1.000000 4
1989 -1.000000 4
1993 -1.000000 4
1997 -1.000000 4
2001 -1.000000 4
2005 -1.000000 4
2009 -1.000000 4
2013 -1.000000 4
2017 -1.000000 4
2021 -1.000000 4
2025 -1.000000 4
2029 -1.000000 4
2033 -1.000000 4
2037 -1.000000 4
2041 -1.000000 4
2045 -1.000000 4
2049 -1.000000 4
2053 -1.000000 4
2057 -1.000000 4
2061 -1.000000 4
2065 -1.000000 4
2069 -1.000000 4
2073 -1.000000 4
2077 -1.000000 4
2081 -1.000000 4
2085 -1.000000 4
2089 -1.000000 4
2093 -1.000000 4
2097 -1.000000 4
2101 -1.000000 4
2105 -1.000000 4
2109 -1.000000 4
2113 -1.000000 4
2117 -1.000000 4
2121 -1.000000 4
2125 -1.000000 4
2129 -1.000000 4
2133 -1.000000 4
2137 -1.000000 4
2141 -1.000000 4
2145 -1.000000 4
2149 -1.000000 4
2153 -1.000000 4
2157 -1.000000 4
2161 -1.000000 4
2165 -1.000000 4
2169 -1.000000 4
2173 -1.000000 4
2177 -1.000000 4
2181 -1.000000 4
2185 -1.000000 4
2189 -1.000000 4
2193 -1.000000 4
2198 0.000000 5
2202 -1.000000 4
2206 -1.000000 4
2210 -1.000000 4
2214 -1.000000 4
2218 -1.000000 4
2222 -1.000000 4
2226 -1.000000 4
2230 -1.000000 4
2234 -1.000000 4
2238 -1.000000 4
2242 -1.000000 4
2246 -1.000000 4
2250 -1.000000 4
2254 -1.000000 4
2258 -1.000000 4
2262 -1.000000 4
2266 -1.000000 4
2270 -1.000000 4
2274 -1.000000 4
2278 -1.000000 4
2282 -1.000000 4
2286 -1.000000 4
2290 -1.000000 4
2294 -1.000000 4
2298 -1.000000 4
2302 -1.000000 4
2306 -1.000000 4
2310 -1.000000 4
2314 -1.000000 4
2318 -1.000000 4
2322 -1.000000 4
2326 -1.000000 4
2330 -1.000000 4
2334 -1.000000 4
2338 -1.000000 4
2342 -1.000000 4
2346 -1.000000 4
2350 -1.000000 4
2355 0.000000 5
2359 -1.000000 4
2363 -1.000000 4
2367 -1.000000 4
2371 -1.000000 4
2375 -1.000000 4
2379 -1.000000 4
2383 -1.000000 4
2387 -1.000000 4
2391 -1.000000 4
2395 -1.000000 4
2399 -1.000000 4
2403 -1.000000 4
2407 -1.000000 4
2411 -1.000000 4
2415 -1.000000 4
2419 -1.000000 4
2423 -1.000000 4
2427 -1.000000 4
2431 -1.000000 4
2435 -1.000000 4
2439 -1.000000 4
2443 -1.000000 4
2447 -1.000000 4
2451 -1.000000 4
2455 -1.000000 4
2459 -1.000000 4
2463 -1.000000 4
2467 -1.000000 4
2471 -1.000000 4
2475 -1.000000 4
2479 -1.000000 4
2483 -1.000000 4
2487 -1.000000 4
2491 -1.000000 4
2495 -1.000000 4
2499 -1.000000 4
2503 -1.000000 4
2507 -1.000000 4
2511 -1.000000 4
2515 -1.000000 4
2519 -1.000000 4
2523 -1.000000 4
2527 -1.000000 4
2531 -1.000000 4
2535 -1.000000 4
2539 -1.000000 4
2543 -1.000000 4
2547 -1.000000 4
2551 -1.000000 4
2555 -1.000000 4
2559 -1.000000 4
2563 -1.000000 4
2567 -1.000000 4
2571 -1.000000 4
2575 -1.000000 4
2579 -1.000000 4
2583 -1.000000 4
2587 -1.000000 4
2591 -1.000000 4
2595 -1.000000 4
2599 -1.000000 4
2603 -1.000000 4
2607 -1.000000 4
2611 -1.000000 4
2615 -1.000000 4
2619 -1.000000 4
2623 -1.000000 4
2627 -1.000000 4
2631 -1.000000 4
2635 -1.000000 4
2639 -1.000000 4
2643 -1.000000 4
2647 -1.000000 4
2651 -1.000000 4
2655 -1.000000 4
2659 -1.000000 4
2663 -1.000000 4
2667 -1.000000 4
2672 0.000000 5
2676 -1.000000 4
2680 -1.000000 4
2684 -1.000000 4
2688 -1.000000 4
2692 -1.000000 4
2696 -1.000000 4
2700 -1.000000 4
2704 -1.000000 4
2708 -1.000000 4
2712 -1.000000 4
2716 -1.000000 4
2720 -1.000000 4
2724 -1.000000 4
2728 -1.000000 4
2732 -1.000000 4
2736 -1.000000 4
2740 -1.000000 4
2744 -1.000000 4
2748 -1.000000 4
2752 -1.000000 4
2756 -1.000000 4
2760 -1.000000 4
2764 -1.000000 4
2768 -1.000000 4
2772 -1.000000 4
2776 -1.000000 4
2780 -1.000000 4
2784 -1.000000 4
2789 0.000000 5
2793 -1.000000 4
2797 -1.000000 4
2801 -1.000000 4
2805 -1.000000 4
2809 -1.000000 4
2813 -1.000000 4
2817 -1.000000 4
2821 -1.000000 4
2825 -1.000000 4
2829 -1.000000 4
2833 -1.000000 4
2837 -1.000000 4
2841 -1.000000 4
2845 -1.000000 4
2849 -1.000000 4
2853 -1.000000 4
2857 -1.000000 4
2861 -1.000000 4
2865 -1.000000 4
2869 -1.000000 4
2873 -1.000000 4
2877 -1.000000 4
2881 -1.000000 4
2885 -1.000000 4
2889 -1.000000 4
2893 -1.000000 4
2897 -1.000000 4
2901 -1.000000 4
2905 -1.000000 4
2909 -1.000000 4
2913 -1.000000 4
2917 -1.000000 4
2921 -1.000000 4
2925 -1.000000 4
2929 -1.000000 4
2933 -1.000000 4
2937 -1.000000 4
2941 -1.000000 4
2945 -1.000000 4
2949 -1.000000 4
2953 -1.000000 4
2957 -1.000000 4
2961 -1.000000 4
2965 -1.000000 4
2969 -1.000000 4
2973 -1.000000 4
2977 -1.000000 4
2981 -1.000000 4
2985 -1.000000 4
2989 -1.000000 4
2993 -1.000000 4
2997 -1.000000 4
3001 -1.000000 4
3005 -1.000000 4
3009 -1.000000 4
3013 -1.000000 4
3017 -1.000000 4
3021 -1.000000 4
3025 -1.000000 4
3029 -1.000000 4
3033 -1.000000 4
3037 -1.000000 4
3041 -1.000000 4
3045 -1.000000 4
3049 -1.000000 4
3053 -1.000000 4
3057 -1.000000 4
3061 -1.000000 4
3065 -1.000000 4
3069 -1.000000 4
3073 -1.000000 4
3077 -1.000000 4
3081 -1.000000 4
3085 -1.000000 4
3089 -1.000000 4
3093 -1.000000 4
3097 -1.000000 4
3101 -1.000000 4
3105 -1.000000 4
3109 -1.000000 4
3113 -1.000000 4
3117 -1.000000 4
3121 -1.000000 4
3125 -1.000000 4
3129 -1.000000 4
3133 -1.000000 4
3137 -1.000000 4
3141 -1.000000 4
3145 -1.000000 4
3149 -1.000000 4
3153 -1.000000 4
3157 -1.000000 4
3161 -1.000000 4
3165 -1.000000 4
3169 -1.000000 4
3173 -1.000000 4
3177 -1.000000 4
3181 -1.000000 4
3185 -1.000000 4
3189 -1.000000 4
3193 -1.000000 4
3197 -1.000000 4
3201 -1.000000 4
3205 -1.000000 4
3209 -1.000000 4
3213 -1.000000 4
3217 -1.000000 4
3221 -1.000000 4
3225 -1.000000 4
3229 -1.000000 4
3233 -1.000000 4
3237 -1.000000 4
3241 -1.000000 4
3245 -1.000000 4
3249 -1.000000 4
3253 -1.000000 4
3257 -1.000000 4
3261 -1.000000 4
3265 -1.000000 4
3270 0.000000 5
3274 -1.000000 4
3278 -1.000000 4
3282 -1.000000 4
3286 -1.000000 4
3290 -1.000000 4
3294 -1.000000 4
3298 -1.000000 4
3302 -1.000000 4
3306 -1.000000 4
3310 -1.000000 4
3314 -1.000000 4
3318 -1.000000 4
3322 -1.000000 4
3326 -1.000000 4
3330 -1.000000 4
3334 -1.000000 4
3338 -1.000000 4
3342 -1.000000 4
3346 -1.000000 4
3350 -1.000000 4
3354 -1.000000 4
3358 -1.000000 4
3362 -1.000000 4
3366 -1.000000 4
3370 -1.000000 4
3374 -1.000000 4
3378 -1.000000 4
3382 -1.000000 4
3386 -1.000000 4
3390 -1.000000 4
3394 -1.000000 4
3398 -1.000000 4
3402 -1.000000 4
3406 -1.000000 4
3410 -1.000000 4
3414 -1.000000 4
3418 -1.000000 4
3422 -1.000000 4
3426 -1.000000 4
3430 -1.000000 4
3434 -1.000000 4
3438 -1.000000 4
3442 -1.000000 4
3446 -1.000000 4
3450 -1.000000 4
3454 -1.000000 4
3458 -1.000000 4
3462 -1.000000 4
3466 -1.000000 4
3470 -1.000000 4
3474 -1.000000 4
3478 -1.000000 4
3482 -1.000000 4
3486 -1.000000 4
3490 -1.000000 4
3494 -1.000000 4
3498 -1.000000 4
3502 -1.000000 4
3506 -1.000000 4
3510 -1.000000 4
3514 -1.000000 4
3518 -1.000000 4
3522 -1.000000 4
3526 -1.000000 4
3530 -1.000000 4
3534 -1.000000 4
3538 -1.000000 4
3542 -1.000000 4
3546 -1.000000 4
3550 -1.000000 4
3554 -1.000000 4
3558 -1.000000 4
3562 -1.000000 4
3566 -1.000000 4
3570 -1.000000 4
3574 -1.000000 4
3578 -1.000000 4
3582 -1.000000 4
3586 -1.000000 4
3590 -1.000000 4
3594 -1.000000 4
3598 -1.000000 4
3602 -1.000000 4
3606 -1.000000 4
3611 0.000000 5
3615 -1.000000 4
3619 -1.000000 4
3623 -1.000000 4
3627 -1.000000 4
3631 -1.000000 4
3635 -1.000000 4
3639 -1.000000 4
3643 -1.000000 4
3647 -1.000000 4
3651 -1.000000 4
3655 -1.000000 4
3659 -1.000000 4
3663 -1.000000 4
3667 -1.000000 4
3671 -1.000000 4
3675 -1.000000 4
3679 -1.000000 4
3683 -1.000000 4
3687 -1.000000 4
3691 -1.000000 4
3695 -1.000000 4
3699 -1.000000 4
3703 -1.000000 4
3707 -1.000000 4
3711 -1.000000 4
3716 0.000000 5
3720 -1.000000 4
3724 -1.000000 4
3728 -1.000000 4
3732 -1.000000 4
3736 -1.000000 4
3740 -1.000000 4
3744 -1.000000 4
3748 -1.000000 4
3752 -1.000000 4
3756 -1.000000 4
3760 -1.000000 4
3764 -1.000000 4
3768 -1.000000 4
3772 -1.000000 4
3776 -1.000000 4
3780 -1.000000 4
3784 -1.000000 4
3788 -1.000000 4
3792 -1.000000 4
3796 -1.000000 4
3800 -1.000000 4
3804 -1.000000 4
3808 -1.000000 4
3812 -1.000000 4
3816 -1.000000 4
3820 -1.000000 4
3824 -1.000000 4
3828 -1.000000 4
3832 -1.000000 4
3836 -1.000000 4
3840 -1.000000 4
3844 -1.000000 4
3848 -1.000000 4
3852 -1.000000 4
3856 -1.000000 4
3860 -1.000000 4
3864 -1.000000 4
3868 -1.000000 4
3872 -1.000000 4
3876 -1.000000 4
3880 -1.000000 4
3884 -1.000000 4
3888 -1.000000 4
3892 -1.000000 4
3896 -1.000000 4
3900 -1.000000 4
3905 0.000000 5
3909 -1.000000 4
3913 -1.000000 4
3917 -1.000000 4
3921 -1.000000 4
3925 -1.000000 4
3929 -1.000000 4
3933 -1.000000 4
3937 -1.000000 4
3941 -1.000000 4
3945 -1.000000 4
3949 -1.000000 4
3953 -1.000000 4
3957 -1.000000 4
3961 -1.000000 4
3965 -1.000000 4
3969 -1.000000 4
3973 -1.000000 4
3977 -1.000000 4
3981 -1.000000 4
3985 -1.000000 4
3989 -1.000000 4
3993 -1.000000 4
3997 -1.000000 4
4001 -1.000000 4
4005 -1.000000 4
4009 -1.000000 4
4013 -1.000000 4
4017 -1.000000 4
4021 -1.000000 4
4025 -1.000000 4
4029 -1.000000 4
4033 -1.000000 4
4037 -1.000000 4
4041 -1.000000 4
4045 -1.000000 4
4049 -1.000000 4
4053 -1.000000 4
4057 -1.000000 4
4061 -1.000000 4
4065 -1.000000 4
4069 -1.000000 4
4073 -1.000000 4
4077 -1.000000 4
4081 -1.000000 4
4085 -1.000000 4
4089 -1.000000 4
4093 -1.000000 4
4097 -1.000000 4
4101 -1.000000 4
4105 -1.000000 4
4109 -1.000000 4
4114 0.000000 5
4118 -1.000000 4
4122 -1.000000 4
4126 -1.000000 4
4130 -1.000000 4
4134 -1.000000 4
4138 -1.000000 4
4142 -1.000000 4
4146 -1.000000 4
4150 -1.000000 4
4154 -1.000000 4
4158 -1.000000 4
4162 -1.000000 4
4166 -1.000000 4
4170 -1.000000 4
4174 -1.000000 4
4178 -1.000000 4
4182 -1.000000 4
4186 -1.000000 4
4190 -1.000000 4
4194 -1.000000 4
4198 -1.000000 4
4202 -1.000000 4
4206 -1.000000 4
4210 -1.000000 4
4214 -1.000000 4
4218 -1.000000 4
4222 -1.000000 4
4226 -1.000000 4
4230 -1.000000 4
4234 -1.000000 4
4238 -1.000000 4
4242 -1.000000 4
4246 -1.000000 4
4250 -1.000000 4
4254 -1.000000 4
4258 -1.000000 4
4262 -1.000000 4
4266 -1.000000 4
4270 -1.000000 4
4274 -1.000000 4
4278 -1.000000 4
4282 -1.000000 4
4286 -1.000000 4
4290 -1.000000 4
4294 -1.000000 4
4298 -1.000000 4
4302 -1.000000 4
4306 -1.000000 4
4310 -1.000000 4
4314 -1.000000 4
4318 -1.000000 4
4322 -1.000000 4
4326 -1.000000 4
4330 -1.000000 4
4334 -1.000000 4
4338 -1.000000 4
4342 -1.000000 4
4346 -1.000000 4
4350 -1.000000 4
4354 -1.000000 4
4358 -1.000000 4
4362 -1.000000 4
4366 -1.000000 4
4370 -1.000000 4
4374 -1.000000 4
4378 -1.000000 4
4382 -1.000000 4
4386 -1.000000 4
4390 -1.000000 4
4394 -1.000000 4
4398 -1.000000 4
4402 -1.000000 4
4406 -1.000000 4
4410 -1.000000 4
4414 -1.000000 4
4418 -1.000000 4
4422 -1.000000 4
4426 -1.000000 4
4430 -1.000000 4
4434 -1.000000 4
4438 -1.000000 4
4442 -1.000000 4
4446 -1.000000 4
4450 -1.000000 4
4454 -1.000000 4
4458 -1.000000 4
4462 -1.000000 4
4466 -1.000000 4
4470 -1.000000 4
4474 -1.000000 4
4478 -1.000000 4
4482 -1.000000 4
4486 -1.000000 4
4490 -1.000000 4
4494 -1.000000 4
4498 -1.000000 4
4502 -1.000000 4
4506 -1.000000 4
4510 -1.000000 4
4514 -1.000000 4
4518 -1.000000 4
4522 -1.000000 4
4526 -1.000000 4
4530 -1.000000 4
4534 -1.000000 4
4538 -1.000000 4
4542 -1.000000 4
4546 -1.000000 4
4550 -1.000000 4
4554 -1.000000 4
4558 -1.000000 4
4562 -1.000000 4
4566 -1.000000 4
4570 -1.000000 4
4574 -1.000000 4
4578 -1.000000 4
4582 -1.000000 4
4586 -1.000000 4
4590 -1.000000 4
4594 -1.000000 4
4598 -1.000000 4
4602 -1.000000 4
4606 -1.000000 4
4610 -1.000000 4
4614 -1.000000 4
4618 -1.000000 4
4622 -1.000000 4
4626 -1.000000 4
4630 -1.000000 4
4634 -1.000000 4
4638 -1.000000 4
4642 -1.000000 4
4646 -1.000000 4
4650 -1.000000 4
4654 -1.000000 4
4658 -1.000000 4
4662 -1.000000 4
4666 -1.000000 4
4670 -1.000000 4
4674 -1.000000 4
4678 -1.000000 4
4682 -1.000000 4
4686 -1.000000 4
4690 -1.000000 4
4694 -1.000000 4
4698 -1.000000 4
4702 -1.000000 4
4706 -1.000000 4
4710 -1.000000 4
4714 -1.000000 4
4718 -1.000000 4
4722 -1.000000 4
4726 -1.000000 4
4730 -1.000000 4
4734 -1.000000 4
4738 -1.000000 4
4742 -1.000000 4
4746 -1.000000 4
4750 -1.000000 4
4754 -1.000000 4
4758 -1.000000 4
4762 -1.000000 4
4766 -1.000000 4
4770 -1.000000 4
4774 -1.000000 4
4778 -1.000000 4
4782 -1.000000 4
4786 -1.000000 4
4790 -1.000000 4
4794 -1.000000 4
4798 -1.000000 4
4802 -1.000000 4
4807 0.000000 5
4811 -1.000000 4
4815 -1.000000 4
4819 -1.000000 4
4823 -1.000000 4
4827 -1.000000 4
4831 -1.000000 4
4835 -1.000000 4
4839 -1.000000 4
4843 -1.000000 4
4847 -1.000000 4
4851 -1.000000 4
4855 -1.000000 4
4859 -1.000000 4
4863 -1.000000 4
4867 -1.000000 4
4871 -1.000000 4
4875 -1.000000 4
4879 -1.000000 4
4883 -1.000000 4
4887 -1.000000 4
4891 -1.000000 4
4895 -1.000000 4
4899 -1.000000 4
4903 -1.000000 4
4907 -1.000000 4
4911 -1.000000 4
4915 -1.000000 4
4919 -1.000000 4
4923 -1.000000 4
4928 0.000000 5
4932 -1.000000 4
4936 -1.000000 4
4940 -1.000000 4
4944 -1.000000 4
4948 -1.000000 4
4952 -1.000000 4
4956 -1.000000 4
4960 -1.000000 4
4964 -1.000000 4
4968 -1.000000 4
4972 -1.000000 4
4976 -1.000000 4
4980 -1.000000 4
4984 -1.000000 4
4988 -1.000000 4
4992 -1.000000 4
4996 -1.000000 4
5000 -1.000000 4
5004 -1.000000 4
5008 -1.000000 4
5012 -1.000000 4
5016 -1.000000 4
5020 -1.000000 4
5024 -1.000000 4
5028 -1.000000 4
5032 -1.000000 4
5036 -1.000000 4
5040 -1.000000 4
5044 -1.000000 4
5048 -1.000000 4
5052 -1.000000 4
5056 -1.000000 4
5060 -1.000000 4
5064 -1.000000 4
5068 -1.000000 4
5072 -1.000000 4
5076 -1.000000 4
5080 -1.000000 4
5084 -1.000000 4
5088 -1.000000 4
5092 -1.000000 4
5096 -1.000000 4
5100 -1.000000 4
5104 -1.000000 4
5108 -1.000000 4
5113 0.000000 5
5117 -1.000000 4
5121 -1.000000 4
5126 0.000000 5
5130 -1.000000 4
5134 -1.000000 4
5138 -1.000000 4
5142 -1.000000 4
5146 -1.000000 4
5150 -1.000000 4
5154 -1.000000 4
5158 -1.000000 4
5162 -1.000000 4
5166 -1.000000 4
5170 -1.000000 4
5174 -1.000000 4
5178 -1.000000 4
5182 -1.000000 4
5186 -1.000000 4
5190 -1.000000 4
5194 -1.000000 4
5198 -1.000000 4
5202 -1.000000 4
5206 -1.000000 4
5210 -1.000000 4
5214 -1.000000 4
5218 -1.000000 4
5222 -1.000000 4
5226 -1.000000 4
5230 -1.000000 4
5234 -1.000000 4
5238 -1.000000 4
5242 -1.000000 4
5246 -1.000000 4
5250 -1.000000 4
5254 -1.000000 4
5258 -1.000000 4
5262 -1.000000 4
5266 -1.000000 4
5270 -1.000000 4
5274 -1.000000 4
5278 -1.000000 4
5282 -1.000000 4
5286 -1.000000 4
5290 -1.000000 4
5294 -1.000000 4
5298 -1.000000 4
5302 -1.000000 4
5306 -1.000000 4
5310 -1.000000 4
5314 -1.000000 4
5318 -1.000000 4
5322 -1.000000 4
5326 -1.000000 4
5330 -1.000000 4
5334 -1.000000 4
5338 -1.000000 4
5342 -1.000000 4
5346 -1.000000 4
5350 -1.000000 4
5354 -1.000000 4
5358 -1.000000 4
5362 -1.000000 4
5366 -1.000000 4
5370 -1.000000 4
5374 -1.000000 4
5378 -1.000000 4
5382 -1.000000 4
5386 -1.000000 4
5390 -1.000000 4
5394 -1.000000 4
5398 -1.000000 4
5402 -1.000000 4
5406 -1.000000 4
5410 -1.000000 4
5414 -1.000000 4
5418 -1.000000 4
5422 -1.000000 4
5426 -1.000000 4
5430 -1.000000 4
5434 -1.000000 4
5438 -1.000000 4
5442 -1.000000 4
5446 -1.000000 4
5450 -1.000000 4
5454 -1.000000 4
5458 -1.000000 4
5462 -1.000000 4
5466 -1.000000 4
5470 -1.000000 4
5474 -1.000000 4
5478 -1.000000 4
5482 -1.000000 4
5486 -1.000000 4
5490 -1.000000 4
5494 -1.000000 4
5498 -1.000000 4
5502 -1.000000 4
5506 -1.000000 4
5510 -1.000000 4
5514 -1.000000 4
5518 -1.000000 4
5522 -1.000000 4
5526 -1.000000 4
5530 -1.000000 4
5534 -1.000000 4
5538 -1.000000 4
5542 -1.000000 4
5546 -1.000000 4
5550 -1.000000 4
5554 -1.000000 4
5558 -1.000000 4
5562 -1.000000 4
5566 -1.000000 4
5570 -1.000000 4
5574 -1.000000 4
5578 -1.000000 4
5582 -1.000000 4
5586 -1.000000 4
5590 -1.000000 4
5594 -1.000000 4
5598 -1.000000 4
5602 -1.000000 4
5606 -1.000000 4
5611 0.000000 5
5615 -1.000000 4
5619 -1.000000 4
5623 -1.000000 4
5627 -1.000000 4
5631 -1.000000 4
5635 -1.000000 4
5639 -1.000000 4
5643 -1.000000 4
5647 -1.000000 4
5651 -1.000000 4
5655 -1.000000 4
5659 -1.000000 4
5663 -1.000000 4
5667 -1.000000 4
5671 -1.000000 4
5675 -1.000000 4
5679 -1.000000 4
5683 -1.000000 4
5687 -1.000000 4
5691 -1.000000 4
5695 -1.000000 4
5699 -1.000000 4
5703 -1.000000 4
5707 -1.000000 4
5711 -1.000000 4
5715 -1.000000 4
5719 -1.000000 4
5723 -1.000000 4
5727 -1.000000 4
5731 -1.000000 4
5735 -1.000000 4
5739 -1.000000 4
5743 -1.000000 4
5747 -1.000000 4
5751 -1.000000 4
5755 -1.000000 4
5759 -1.000000 4
5763 -1.000000 4
5767 -1.000000 4
5771 -1.000000 4
5775 -1.000000 4
5779 -1.000000 4
5783 -1.000000 4
5787 -1.000000 4
5791 -1.000000 4
5795 -1.000000 4
5799 -1.000000 4
5803 -1.000000 4
5807 -1.000000 4
5811 -1.000000 4
5815 -1.000000 4
5819 -1.000000 4
5823 -1.000000 4
5827 -1.000000 4
5831 -1.000000 4
5835 -1.000000 4
5839 -1.000000 4
5843 -1.000000 4
5847 -1.000000 4
5851 -1.000000 4
5855 -1.000000 4
5859 -1.000000 4
5863 -1.000000 4
5867 -1.000000 4
5871 -1.000000 4
5875 -1.000000 4
5879 -1.000000 4
5883 -1.000000 4
5887 -1.000000 4
5891 -1.000000 4
5895 -1.000000 4
5899 -1.000000 4
5903 -1.000000 4
5907 -1.000000 4
5911 -1.000000 4
5915 -1.000000 4
5919 -1.000000 4
5923 -1.000000 4
5927 -1.000000 4
5931 -1.000000 4
5935 -1.000000 4
5939 -1.000000 4
5943 -1.000000 4
5947 -1.000000 4
5951 -1.000000 4
5955 -1.000000 4
5959 -1.000000 4
5963 -1.000000 4
5967 -1.000000 4
5971 -1.000000 4
5975 -1.000000 4
5979 -1.000000 4
5983 -1.000000 4
5987 -1.000000 4
5991 -1.000000 4
5995 -1.000000 4
5999 -1.000000 4
6003 -1.000000 4
6007 -1.000000 4
6011 -1.000000 4
6015 -1.000000 4
6019 -1.000000 4
6023 -1.000000 4
6027 -1.000000 4
6031 -1.000000 4
6035 -1.000000 4
6039 -1.000000 4
6043 -1.000000 4
6047 -1.000000 4
6051 -1.000000 4
6055 -1.000000 4
6059 -1.000000 4
6063 -1.000000 4
6067 -1.000000 4
6071 -1.000000 4
6075 -1.000000 4
6079 -1.000000 4
6083 -1.000000 4
6087 -1.000000 4
6091 -1.000000 4
6095 -1.000000 4
6099 -1.000000 4
6103 -1.000000 4
6107 -1.000000 4
6111 -1.000000 4
6115 -1.000000 4
6119 -1.000000 4
6123 -1.000000 4
6127 -1.000000 4
6131 -1.000000 4
6135 -1.000000 4
6139 -1.000000 4
6143 -1.000000 4
6147 -1.000000 4
6151 -1.000000 4
6155 -1.000000 4
6159 -1.000000 4
6163 -1.000000 4
6167 -1.000000 4
6171 -1.000000 4
6175 -1.000000 4
6179 -1.000000 4
6183 -1.000000 4
6187 -1.000000 4
6191 -1.000000 4
6195 -1.000000 4
6199 -1.000000 4
6203 -1.000000 4
6207 -1.000000 4
6211 -1.000000 4
6215 -1.000000 4
6219 -1.000000 4
6223 -1.000000 4
6227 -1.000000 4
6231 -1.000000 4
6235 -1.000000 4
6239 -1.000000 4
6243 -1.000000 4
6247 -1.000000 4
6251 -1.000000 4
6255 -1.000000 4
6259 -1.000000 4
6263 -1.000000 4
6267 -1.000000 4
6271 -1.000000 4
6275 -1.000000 4
6279 -1.000000 4
6283 -1.000000 4
6287 -1.000000 4
6291 -1.000000 4
6295 -1.000000 4
6299 -1.000000 4
6303 -1.000000 4
6307 -1.000000 4
6311 -1.000000 4
6315 -1.000000 4
6319 -1.000000 4
6323 -1.000000 4
6327 -1.000000 4
6331 -1.000000 4
6335 -1.000000 4
6339 -1.000000 4
6343 -1.000000 4
6347 -1.000000 4
6351 -1.000000 4
6355 -1.000000 4
6359 -1.000000 4
6363 -1.000000 4
6367 -1.000000 4
6371 -1.000000 4
6375 -1.000000 4
6379 -1.000000 4
6383 -1.000000 4
6387 -1.000000 4
6391 -1.000000 4
6395 -1.000000 4
6399 -1.000000 4
6403 -1.000000 4
6407 -1.000000 4
6411 -1.000000 4
6415 -1.000000 4
6419 -1.000000 4
6423 -1.000000 4
6427 -1.000000 4
6431 -1.000000 4
6435 -1.000000 4
6439 -1.000000 4
6443 -1.000000 4
6447 -1.000000 4
6451 -1.000000 4
6455 -1.000000 4
6459 -1.000000 4
6463 -1.000000 4
6467 -1.000000 4
6471 -1.000000 4
6475 -1.000000 4
6479 -1.000000 4
6483 -1.000000 4
6487 -1.000000 4
6491 -1.000000 4
6495 -1.000000 4
6499 -1.000000 4
6504 0.000000 5
6508 -1.000000 4
6512 -1.000000 4
6516 -1.000000 4
6520 -1.000000 4
6524 -1.000000 4
6528 -1.000000 4
6532 -1.000000 4
6536 -1.000000 4
6540 -1.000000 4
6544 -1.000000 4
6548 -1.000000 4
6552 -1.000000 4
6556 -1.000000 4
6560 -1.000000 4
6564 -1.000000 4
6568 -1.000000 4
6572 -1.000000 4
6576 -1.000000 4
6580 -1.000000 4
6584 -1.000000 4
6588 -1.000000 4
6592 -1.000000 4
6596 -1.000000 4
6600 -1.000000 4
6604 -1.000000 4
6608 -1.000000 4
6612 -1.000000 4
6616 -1.000000 4
6620 -1.000000 4
6624 -1.000000 4
6628 -1.000000 4
6632 -1.000000 4
6636 -1.000000 4
6640 -1.000000 4
6644 -1.000000 4
6648 -1.000000 4
6652 -1.000000 4
6656 -1.000000 4
6660 -1.000000 4
6664 -1.000000 4
6668 -1.000000 4
6672 -1.000000 4
6676 -1.000000 4
6680 -1.000000 4
6684 -1.000000 4
6688 -1.000000 4
6692 -1.000000 4
6696 -1.000000 4
6700 -1.000000 4
6704 -1.000000 4
6708 -1.000000 4
6712 -1.000000 4
6716 -1.000000 4
6720 -1.000000 4
6724 -1.000000 4
6728 -1.000000 4
6732 -1.000000 4
6736 -1.000000 4
6740 -1.000000 4
6744 -1.000000 4
6748 -1.000000 4
6752 -1.000000 4
6756 -1.000000 4
6760 -1.000000 4
6764 -1.000000 4
6768 -1.000000 4
6772 -1.000000 4
6776 -1.000000 4
6780 -1.000000 4
6784 -1.000000 4
6788 -1.000000 4
6792 -1.000000 4
6796 -1.000000 4
6800 -1.000000 4
6804 -1.000000 4
6808 -1.000000 4
6812 -1.000000 4
6816 -1.000000 4
6820 -1.000000 4
6824 -1.000000 4
6828 -1.000000 4
6832 -1.000000 4
6836 -1.000000 4
6840 -1.000000 4
6844 -1.000000 4
6848 -1.000000 4
6852 -1.000000 4
6856 -1.000000 4
6860 -1.000000 4
6864 -1.000000 4
6868 -1.000000 4
6872 -1.000000 4
6876 -1.000000 4
6880 -1.000000 4
6884 -1.000000 4
6888 -1.000000 4
6892 -1.000000 4
6896 -1.000000 4
6900 -1.000000 4
6904 -1.000000 4
6908 -1.000000 4
6912 -1.000000 4
6916 -1.000000 4
6920 -1.000000 4
6924 -1.000000 4
6928 -1.000000 4
6932 -1.000000 4
6936 -1.000000 4
6940 -1.000000 4
6944 -1.000000 4
6948 -1.000000 4
6952 -1.000000 4
6956 -1.000000 4
6960 -1.000000 4
6964 -1.000000 4
6969 0.000000 5
6973 -1.000000 4
6977 -1.000000 4
6981 -1.000000 4
6985 -1.000000 4
6989 -1.000000 4
6993 -1.000000 4
6997 -1.000000 4
7001 -1.000000 4
7005 -1.000000 4
7009 -1.000000 4
7013 -1.000000 4
7017 -1.000000 4
7021 -1.000000 4
7025 -1.000000 4
7029 -1.000000 4
7033 -1.000000 4
7037 -1.000000 4
7041 -1.000000 4
7045 -1.000000 4
7049 -1.000000 4
7053 -1.000000 4
7057 -1.000000 4
7061 -1.000000 4
7065 -1.000000 4
7069 -1.000000 4
7073 -1.000000 4
7077 -1.000000 4
7081 -1.000000 4
7085 -1.000000 4
7089 -1.000000 4
7093 -1.000000 4
7097 -1.000000 4
7101 -1.000000 4
7105 -1.000000 4
7109 -1.000000 4
7114 0.000000 5
7118 -1.000000 4
7122 -1.000000 4
7126 -1.000000 4
7130 -1.000000 4
7134 -1.000000 4
7138 -1.000000 4
7142 -1.000000 4
7146 -1.000000 4
7150 -1.000000 4
7154 -1.000000 4
7158 -1.000000 4
7162 -1.000000 4
7166 -1.000000 4
7170 -1.000000 4
7174 -1.000000 4
7178 -1.000000 4
7182 -1.000000 4
7186 -1.000000 4
7190 -1.000000 4
7194 -1.000000 4
7198 -1.000000 4
7202 -1.000000 4
7206 -1.000000 4
7210 -1.000000 4
7214 -1.000000 4
7218 -1.000000 4
7222 -1.000000 4
7226 -1.000000 4
7230 -1.000000 4
7234 -1.000000 4
7238 -1.000000 4
7242 -1.000000 4
7246 -1.000000 4
7250 -1.000000 4
7254 -1.000000 4
7258 -1.000000 4
7262 -1.000000 4
7266 -1.000000 4
7270 -1.000000 4
7274 -1.000000 4
7278 -1.000000 4
7282 -1.000000 4
7286 -1.000000 4
7290 -1.000000 4
7294 -1.000000 4
7298 -1.000000 4
7302 -1.000000 4
7306 -1.000000 4
7310 -1.000000 4
7314 -1.000000 4
7318 -1.000000 4
7322 -1.000000 4
7326 -1.000000 4
7330 -1.000000 4
7334 -1.000000 4
7338 -1.000000 4
7342 -1.000000 4
7346 -1.000000 4
7350 -1.000000 4
7354 -1.000000 4
7358 -1.000000 4
7363 0.000000 5
7367 -1.000000 4
7371 -1.000000 4
7375 -1.000000 4
7379 -1.000000 4
7383 -1.000000 4
7387 -1.000000 4
7391 -1.000000 4
7395 -1.000000 4
7399 -1.000000 4
7403 -1.000000 4
7407 -1.000000 4
7411 -1.000000 4
7415 -1.000000 4
7419 -1.000000 4
7423 -1.000000 4
7427 -1.000000 4
7431 -1.000000 4
7435 -1.000000 4
7439 -1.000000 4
7443 -1.000000 4
7447 -1.000000 4
7451 -1.000000 4
7455 -1.000000 4
7459 -1.000000 4
7463 -1.000000 4
7467 -1.000000 4
7471 -1.000000 4
7475 -1.000000 4
7479 -1.000000 4
7483 -1.000000 4
7487 -1.000000 4
7491 -1.000000 4
7495 -1.000000 4
7499 -1.000000 4
7503 -1.000000 4
7507 -1.000000 4
7511 -1.000000 4
7515 -1.000000 4
7519 -1.000000 4
7523 -1.000000 4
7527 -1.000000 4
7531 -1.000000 4
7535 -1.000000 4
7539 -1.000000 4
7543 -1.000000 4
7547 -1.000000 4
7551 -1.000000 4
7555 -1.000000 4
7559 -1.000000 4
7563 -1.000000 4
7567 -1.000000 4
7571 -1.000000 4
7575 -1.000000 4
7579 -1.000000 4
7583 -1.000000 4
7587 -1.000000 4
7591 -1.000000 4
7595 -1.000000 4
7599 -1.000000 4
7603 -1.000000 4
7607 -1.000000 4
7612 0.000000 5
7616 -1.000000 4
7620 -1.000000 4
7625 0.000000 5
7629 -1.000000 4
7633 -1.000000 4
7637 -1.000000 4
7641 -1.000000 4
7645 -1.000000 4
7649 -1.000000 4
7653 -1.000000 4
7657 -1.000000 4
7661 -1.000000 4
7665 -1.000000 4
7669 -1.000000 4
7673 -1.000000 4
7677 -1.000000 4
7681 -1.000000 4
7685 -1.000000 4
7689 -1.000000 4
7693 -1.000000 4
7697 -1.000000 4
7701 -1.000000 4
7705 -1.000000 4
7709 -1.000000 4
7713 -1.000000 4
7717 -1.000000 4
7721 -1.000000 4
7725 -1.000000 4
7729 -1.000000 4
7733 -1.000000 4
7737 -1.000000 4
7741 -1.000000 4
7745 -1.000000 4
7749 -1.000000 4
7753 -1.000000 4
7757 -1.000000 4
7761 -1.000000 4
7765 -1.000000 4
7769 -1.000000 4
7773 -1.000000 4
7777 -1.000000 4
7781 -1.000000 4
7785 -1.000000 4
7789 -1.000000 4
7793 -1.000000 4
7797 -1.000000 4
7801 -1.000000 4
7805 -1.000000 4
7809 -1.000000 4
7813 -1.000000 4
7817 -1.000000 4
7821 -1.000000 4
7825 -1.000000 4
7829 -1.000000 4
7833 -1.000000 4
7837 -1.000000 4
7841 -1.000000 4
7845 -1.000000 4
7849 -1.000000 4
7853 -1.000000 4
7857 -1.000000 4
7861 -1.000000 4
7865 -1.000000 4
7869 -1.000000 4
7873 -1.000000 4
7877 -1.000000 4
7881 -1.000000 4
7885 -1.000000 4
7889 -1.000000 4
7893 -1.000000 4
7897 -1.000000 4
7901 -1.000000 4
7905 -1.000000 4
7909 -1.000000 4
7913 -1.000000 4
7917 -1.000000 4
7921 -1.000000 4
7925 -1.000000 4
7929 -1.000000 4
7933 -1.000000 4
7937 -1.000000 4
7941 -1.000000 4
7945 -1.000000 4
7949 -1.000000 4
7953 -1.000000 4
7957 -1.000000 4
7961 -1.000000 4
7965 -1.000000 4
7969 -1.000000 4
7973 -1.000000 4
7977 -1.000000 4
7981 -1.000000 4
7985 -1.000000 4
7989 -1.000000 4
7993 -1.000000 4
7997 -1.000000 4
8001 -1.000000 4
8005 -1.000000 4
8009 -1.000000 4
8013 -1.000000 4
8017 -1.000000 4
8021 -1.000000 4
8025 -1.000000 4
8029 -1.000000 4
8033 -1.000000 4
8038 0.000000 5
8042 -1.000000 4
8046 -1.000000 4
8050 -1.000000 4
8054 -1.000000 4
8058 -1.000000 4
8062 -1.000000 4
8066 -1.000000 4
8070 -1.000000 4
8074 -1.000000 4
8078 -1.000000 4
8082 -1.000000 4
8086 -1.000000 4
8090 -1.000000 4
8094 -1.000000 4
8098 -1.000000 4
8102 -1.000000 4
8106 -1.000000 4
8110 -1.000000 4
8114 -1.000000 4
8118 -1.000000 4
8122 -1.000000 4
8126 -1.000000 4
8130 -1.000000 4
8134 -1.000000 4
8138 -1.000000 4
8142 -1.000000 4
8146 -1.000000 4
8150 -1.000000 4
8154 -1.000000 4
8158 -1.000000 4
8162 -1.000000 4
8166 -1.000000 4
8170 -1.000000 4
8174 -1.000000 4
8178 -1.000000 4
8182 -1.000000 4
8186 -1.000000 4
8190 -1.000000 4
8194 -1.000000 4
8198 -1.000000 4
8202 -1.000000 4
8206 -1.000000 4
8210 -1.000000 4
8214 -1.000000 4
8218 -1.000000 4
8222 -1.000000 4
8226 -1.000000 4
8230 -1.000000 4
8234 -1.000000 4
8238 -1.000000 4
8242 -1.000000 4
8246 -1.000000 4
8250 -1.000000 4
8254 -1.000000 4
8258 -1.000000 4
8262 -1.000000 4
8266 -1.000000 4
8270 -1.000000 4
8274 -1.000000 4
8278 -1.000000 4
8282 -1.000000 4
8286 -1.000000 4
8290 -1.000000 4
8294 -1.000000 4
8298 -1.000000 4
8302 -1.000000 4
8306 -1.000000 4
8310 -1.000000 4
8314 -1.000000 4
8318 -1.000000 4
8322 -1.000000 4
8326 -1.000000 4
8330 -1.000000 4
8334 -1.000000 4
8338 -1.000000 4
8342 -1.000000 4
8346 -1.000000 4
8350 -1.000000 4
8354 -1.000000 4
8358 -1.000000 4
8362 -1.000000 4
8366 -1.000000 4
8370 -1.000000 4
8374 -1.000000 4
8378 -1.000000 4
8382 -1.000000 4
8386 -1.000000 4
8390 -1.000000 4
8394 -1.000000 4
8398 -1.000000 4
8402 -1.000000 4
8406 -1.000000 4
8410 -1.000000 4
8414 -1.000000 4
8418 -1.000000 4
8422 -1.000000 4
8426 -1.000000 4
8430 -1.000000 4
8434 -1.000000 4
8438 -1.000000 4
8442 -1.000000 4
8446 -1.000000 4
8450 -1.000000 4
8454 -1.000000 4
8458 -1.000000 4
8462 -1.000000 4
8466 -1.000000 4
8470 -1.000000 4
8474 -1.000000 4
8478 -1.000000 4
8482 -1.000000 4
8486 -1.000000 4
8490 -1.000000 4
8494 -1.000000 4
8498 -1.000000 4
8502 -1.000000 4
8506 -1.000000 4
8510 -1.000000 4
8514 -1.000000 4
8518 -1.000000 4
8522 -1.000000 4
8526 -1.000000 4
8530 -1.000000 4
8534 -1.000000 4
8538 -1.000000 4
8542 -1.000000 4
8547 0.000000 5
8551 -1.000000 4
8555 -1.000000 4
8559 -1.000000 4
8563 -1.000000 4
8567 -1.000000 4
8571 -1.000000 4
8575 -1.000000 4
8579 -1.000000 4
8583 -1.000000 4
8587 -1.000000 4
8591 -1.000000 4
8595 -1.000000 4
8599 -1.000000 4
8603 -1.000000 4
8607 -1.000000 4
8611 -1.000000 4
8615 -1.000000 4
8619 -1.000000 4
8623 -1.000000 4
8627 -1.000000 4
8631 -1.000000 4
8635 -1.000000 4
8639 -1.000000 4
8643 -1.000000 4
8647 -1.000000 4
8651 -1.000000 4
8655 -1.000000 4
8659 -1.000000 4
8663 -1.000000 4
8667 -1.000000 4
8671 -1.000000 4
8675 -1.000000 4
8679 -1.000000 4
8683 -1.000000 4
8687 -1.000000 4
8691 -1.000000 4
8695 -1.000000 4
8699 -1.000000 4
8703 -1.000000 4
8707 -1.000000 4
8711 -1.000000 4
8715 -1.000000 4
8719 -1.000000 4
8723 -1.000000 4
8727 -1.000000 4
8731 -1.000000 4
8735 -1.000000 4
8739 -1.000000 4
8743 -1.000000 4
8747 -1.000000 4
8751 -1.000000 4
8755 -1.000000 4
8759 -1.000000 4
8763 -1.000000 4
8767 -1.000000 4
8771 -1.000000 4
8775 -1.000000 4
8779 -1.000000 4
8783 -1.000000 4
8787 -1.000000 4
8791 -1.000000 4
8795 -1.000000 4
8799 -1.000000 4
8803 -1.000000 4
8807 -1.000000 4
8811 -1.000000 4
8815 -1.000000 4
8819 -1.000000 4
8823 -1.000000 4
8827 -1.000000 4
8831 -1.000000 4
8835 -1.000000 4
8839 -1.000000 4
8843 -1.000000 4
8847 -1.000000 4
8851 -1.000000 4
8855 -1.000000 4
8859 -1.000000 4
8863 -1.000000 4
8867 -1.000000 4
8871 -1.000000 4
8875 -1.000000 4
8879 -1.000000 4
8883 -1.000000 4
8887 -1.000000 4
8891 -1.000000 4
8895 -1.000000 4
8899 -1.000000 4
8903 -1.000000 4
8907 -1.000000 4
8911 -1.000000 4
8916 0.000000 5
8920 -1.000000 4
8924 -1.000000 4
8928 -1.000000 4
8932 -1.000000 4
8936 -1.000000 4
8940 -1.000000 4
8944 -1.000000 4
8948 -1.000000 4
8952 -1.000000 4
8956 -1.000000 4
8960 -1.000000 4
8964 -1.000000 4
8968 -1.000000 4
8972 -1.000000 4
8976 -1.000000 4
8980 -1.000000 4
8984 -1.000000 4
8988 -1.000000 4
8992 -1.000000 4
8996 -1.000000 4
9000 -1.000000 4
9004 -1.000000 4
9008 -1.000000 4
9012 -1.000000 4
9016 -1.000000 4
9020 -1.000000 4
9024 -1.000000 4
9028 -1.000000 4
9032 -1.000000 4
9036 -1.000000 4
9040 -1.000000 4
9044 -1.000000 4
9048 -1.000000 4
9052 -1.000000 4
9057 0.000000 5
9061 -1.000000 4
9065 -1.000000 4
9069 -1.000000 4
9073 -1.000000 4
9077 -1.000000 4
9081 -1.000000 4
9085 -1.000000 4
9089 -1.000000 4
9093 -1.000000 4
9097 -1.000000 4
9101 -1.000000 4
9105 -1.000000 4
9109 -1.000000 4
9113 -1.000000 4
9117 -1.000000 4
9121 -1.000000 4
9125 -1.000000 4
9129 -1.000000 4
9133 -1.000000 4
9137 -1.000000 4
9141 -1.000000 4
9145 -1.000000 4
9149 -1.000000 4
9153 -1.000000 4
9157 -1.000000 4
9161 -1.000000 4
9165 -1.000000 4
9169 -1.000000 4
9173 -1.000000 4
9177 -1.000000 4
9181 -1.000000 4
9185 -1.000000 4
9189 -1.000000 4
9193 -1.000000 4
9197 -1.000000 4
9201 -1.000000 4
9205 -1.000000 4
9209 -1.000000 4
9213 -1.000000 4
9217 -1.000000 4
9221 -1.000000 4
9225 -1.000000 4
9229 -1.000000 4
9233 -1.000000 4
9237 -1.000000 4
9241 -1.000000 4
9245 -1.000000 4
9249 -1.000000 4
9253 -1.000000 4
9257 -1.000000 4
9261 -1.000000 4
9265 -1.000000 4
9269 -1.000000 4
9273 -1.000000 4
9277 -1.000000 4
9281 -1.000000 4
9285 -1.000000 4
9289 -1.000000 4
9293 -1.000000 4
9297 -1.000000 4
9301 -1.000000 4
9305 -1.000000 4
9309 -1.000000 4
9313 -1.000000 4
9317 -1.000000 4
9321 -1.000000 4
9325 -1.000000 4
9329 -1.000000 4
9333 -1.000000 4
9337 -1.000000 4
9341 -1.000000 4
9345 -1.000000 4
9349 -1.000000 4
9353 -1.000000 4
9357 -1.000000 4
9361 -1.000000 4
9365 -1.000000 4
9369 -1.000000 4
9373 -1.000000 4
9377 -1.000000 4
9381 -1.000000 4
9385 -1.000000 4
9389 -1.000000 4
9393 -1.000000 4
9398 0.000000 5
9402 -1.000000 4
9406 -1.000000 4
9410 -1.000000 4
9414 -1.000000 4
9418 -1.000000 4
9422 -1.000000 4
9426 -1.000000 4
9430 -1.000000 4
9434 -1.000000 4
9438 -1.000000 4
9442 -1.000000 4
9446 -1.000000 4
9450 -1.000000 4
9454 -1.000000 4
9458 -1.000000 4
9462 -1.000000 4
9466 -1.000000 4
9470 -1.000000 4
9474 -1.000000 4
9478 -1.000000 4
9482 -1.000000 4
9486 -1.000000 4
9490 -1.000000 4
9494 -1.000000 4
9498 -1.000000 4
9502 -1.000000 4
9506 -1.000000 4
9510 -1.000000 4
9514 -1.000000 4
9518 -1.000000 4
9522 -1.000000 4
9526 -1.000000 4
9530 -1.000000 4
9534 -1.000000 4
9538 -1.000000 4
9542 -1.000000 4
9546 -1.000000 4
9550 -1.000000 4
9554 -1.000000 4
9558 -1.000000 4
9562 -1.000000 4
9566 -1.000000 4
9570 -1.000000 4
9574 -1.000000 4
9578 -1.000000 4
9582 -1.000000 4
9586 -1.000000 4
9590 -1.000000 4
9594 -1.000000 4
9598 -1.000000 4
9602 -1.000000 4
9606 -1.000000 4
9610 -1.000000 4
9614 -1.000000 4
9619 0.000000 5
9623 -1.000000 4
9627 -1.000000 4
9631 -1.000000 4
9635 -1.000000 4
9639 -1.000000 4
9643 -1.000000 4
9647 -1.000000 4
9651 -1.000000 4
9655 -1.000000 4
9659 -1.000000 4
9663 -1.000000 4
9667 -1.000000 4
9671 -1.000000 4
9676 0.000000 5
9680 -1.000000 4
9684 -1.000000 4
9688 -1.000000 4
9692 -1.000000 4
9696 -1.000000 4
9700 -1.000000 4
9704 -1.000000 4
9708 -1.000000 4
9712 -1.000000 4
9716 -1.000000 4
9720 -1.000000 4
9724 -1.000000 4
9728 -1.000000 4
9732 -1.000000 4
9736 -1.000000 4
9740 -1.000000 4
9744 -1.000000 4
9748 -1.000000 4
9752 -1.000000 4
9756 -1.000000 4
9760 -1.000000 4
9764 -1.000000 4
9768 -1.000000 4
9772 -1.000000 4
9776 -1.000000 4
9780 -1.000000 4
9784 -1.000000 4
9788 -1.000000 4
9792 -1.000000 4
9796 -1.000000 4
9800 -1.000000 4
9804 -1.000000 4
9808 -1.000000 4
9812 -1.000000 4
9816 -1.000000 4
9820 -1.000000 4
9824 -1.000000 4
9828 -1.000000 4
9832 -1.000000 4
9836 -1.000000 4
9840 -1.000000 4
9844 -1.000000 4
9848 -1.000000 4
9852 -1.000000 4
9856 -1.000000 4
9860 -1.000000 4
9864 -1.000000 4
9868 -1.000000 4
9872 -1.000000 4
9876 -1.000000 4
9880 -1.000000 4
9884 -1.000000 4
9888 -1.000000 4
9892 -1.000000 4
9896 -1.000000 4
9900 -1.000000 4
9904 -1.000000 4
9908 -1.000000 4
9912 -1.000000 4
9916 -1.000000 4
9920 -1.000000 4
9924 -1.000000 4
9928 -1.000000 4
9932 -1.000000 4
9936 -1.000000 4
9940 -1.000000 4
9944 -1.000000 4
9948 -1.000000 4
9952 -1.000000 4
9956 -1.000000 4
9960 -1.000000 4
9964 -1.000000 4
9968 -1.000000 4
9972 -1.000000 4
9976 -1.000000 4
9980 -1.000000 4
9984 -1.000000 4
9988 -1.000000 4
9992 -1.000000 4
9996 -1.000000 4
10000 -1.000000 4
10004 -1.000000 4
10008 -1.000000 4
10012 -1.000000 4
10016 -1.000000 4
10020 -1.000000 4
10024 -1.000000 4
10028 -1.000000 4
10032 -1.000000 4
10036 -1.000000 4
10040 -1.000000 4
10044 -1.000000 4
10048 -1.000000 4
10052 -1.000000 4
10056 -1.000000 4
10060 -1.000000 4
10064 -1.000000 4
10068 -1.000000 4
10072 -1.000000 4
10076 -1.000000 4
10080 -1.000000 4
10084 -1.000000 4
10088 -1.000000 4
10092 -1.000000 4
10096 -1.000000 4
10100 -1.000000 4
10104 -1.000000 4
10108 -1.000000 4
10112 -1.000000 4
10116 -1.000000 4
10120 -1.000000 4
10124 -1.000000 4
10128 -1.000000 4
10132 -1.000000 4
10136 -1.000000 4
10140 -1.000000 4
10144 -1.000000 4
10148 -1.000000 4
10152 -1.000000 4
10156 -1.000000 4
10160 -1.000000 4
10164 -1.000000 4
10168 -1.000000 4
10172 -1.000000 4
10176 -1.000000 4
10180 -1.000000 4
10184 -1.000000 4
10188 -1.000000 4
10192 -1.000000 4
10196 -1.000000 4
10200 -1.000000 4
10204 -1.000000 4
10208 -1.000000 4
10212 -1.000000 4
10216 -1.000000 4
10220 -1.000000 4
10224 -1.000000 4
10228 -1.000000 4
10232 -1.000000 4
10236 -1.000000 4
10240 -1.000000 4
10244 -1.000000 4
10248 -1.000000 4
10252 -1.000000 4
10256 -1.000000 4
10260 -1.000000 4
10264 -1.000000 4
10268 -1.000000 4
10272 -1.000000 4
10276 -1.000000 4
10280 -1.000000 4
10284 -1.000000 4
10288 -1.000000 4
10292 -1.000000 4
10296 -1.000000 4
10300 -1.000000 4
10304 -1.000000 4
10308 -1.000000 4
10312 -1.000000 4
10316 -1.000000 4
10320 -1.000000 4
10324 -1.000000 4
10328 -1.000000 4
10332 -1.000000 4
10336 -1.000000 4
10340 -1.000000 4
10344 -1.000000 4
10348 -1.000000 4
10352 -1.000000 4
10356 -1.000000 4
10360 -1.000000 4
10364 -1.000000 4
10368 -1.000000 4
10372 -1.000000 4
10376 -1.000000 4
10380 -1.000000 4
10384 -1.000000 4
10388 -1.000000 4
10392 -1.000000 4
10396 -1.000000 4
10401 0.000000 5
10405 -1.000000 4
10409 -1.000000 4
10413 -1.000000 4
10417 -1.000000 4
10421 -1.000000 4
10425 -1.000000 4
10429 -1.000000 4
10433 -1.000000 4
10437 -1.000000 4
10441 -1.000000 4
10445 -1.000000 4
10449 -1.000000 4
10453 -1.000000 4
10457 -1.000000 4
10461 -1.000000 4
10465 -1.000000 4
10469 -1.000000 4
10473 -1.000000 4
10477 -1.000000 4
10481 -1.000000 4
10485 -1.000000 4
10489 -1.000000 4
10493 -1.000000 4
10497 -1.000000 4
10501 -1.000000 4
10505 -1.000000 4
10509 -1.000000 4
10513 -1.000000 4
10517 -1.000000 4
10521 -1.000000 4
10525 -1.000000 4
10529 -1.000000 4
10533 -1.000000 4
10537 -1.000000 4
10541 -1.000000 4
10545 -1.000000 4
10549 -1.000000 4
10553 -1.000000 4
10557 -1.000000 4
10561 -1.000000 4
10565 -1.000000 4
10569 -1.000000 4
10573 -1.000000 4
10577 -1.000000 4
10581 -1.000000 4
10585 -1.000000 4
10589 -1.000000 4
10593 -1.000000 4
10597 -1.000000 4
10601 -1.000000 4
10605 -1.000000 4
10609 -1.000000 4
10613 -1.000000 4
10617 -1.000000 4
10621 -1.000000 4
10625 -1.000000 4
10629 -1.000000 4
10634 0.000000 5
10638 -1.000000 4
10642 -1.000000 4
10646 -1.000000 4
10650 -1.000000 4
10654 -1.000000 4
10658 -1.000000 4
10662 -1.000000 4
10666 -1.000000 4
10670 -1.000000 4
10674 -1.000000 4
10678 -1.000000 4
10682 -1.000000 4
10686 -1.000000 4
10690 -1.000000 4
10694 -1.000000 4
10698 -1.000000 4
10702 -1.000000 4
10706 -1.000000 4
10710 -1.000000 4
10714 -1.000000 4
10718 -1.000000 4
10722 -1.000000 4
10726 -1.000000 4
10730 -1.000000 4
10734 -1.000000 4
10738 -1.000000 4
10742 -1.000000 4
10746 -1.000000 4
10750 -1.000000 4
10754 -1.000000 4
10758 -1.000000 4
10762 -1.000000 4
10766 -1.000000 4
10770 -1.000000 4
10774 -1.000000 4
10778 -1.000000 4
10782 -1.000000 4
10786 -1.000000 4
10790 -1.000000 4
10794 -1.000000 4
10798 -1.000000 4
10802 -1.000000 4
10806 -1.000000 4
10810 -1.000000 4
10814 -1.000000 4
10818 -1.000000 4
10822 -1.000000 4
10826 -1.000000 4
10830 -1.000000 4
10834 -1.000000 4
10838 -1.000000 4
10842 -1.000000 4
10846 -1.000000 4
10850 -1.000000 4
10854 -1.000000 4
10858 -1.000000 4
10862 -1.000000 4
10866 -1.000000 4
10870 -1.000000 4
10874 -1.000000 4
10878 -1.000000 4
10882 -1.000000 4
10886 -1.000000 4
10890 -1.000000 4
10894 -1.000000 4
10898 -1.000000 4
10902 -1.000000 4
10906 -1.000000 4
10910 -1.000000 4
10914 -1.000000 4
10918 -1.000000 4
10922 -1.000000 4
10926 -1.000000 4
10930 -1.000000 4
10934 -1.000000 4
10938 -1.000000 4
10942 -1.000000 4
10946 -1.000000 4
10950 -1.000000 4
10954 -1.000000 4
10958 -1.000000 4
10962 -1.000000 4
10966 -1.000000 4
10970 -1.000000 4
10974 -1.000000 4
10979 -1.000000 5
10983 -1.000000 4
10987 -1.000000 4
10991 -1.000000 4
10995 -1.000000 4
10999 -1.000000 4
11003 -1.000000 4
11007 -1.000000 4
11011 -1.000000 4
11015 -1.000000 4
11019 -1.000000 4
11023 -1.000000 4
11027 -1.000000 4
11031 -1.000000 4
11035 -1.000000 4
11039 -1.000000 4
11043 -1.000000 4
11047 -1.000000 4
11051 -1.000000 4
11055 -1.000000 4
11059 -1.000000 4
11063 -1.000000 4
11067 -1.000000 4
11071 -1.000000 4
11075 -1.000000 4
11079 -1.000000 4
11083 -1.000000 4
11087 -1.000000 4
11091 -1.000000 4
11095 -1.000000 4
11099 -1.000000 4
11103 -1.000000 4
11107 -1.000000 4
11111 -1.000000 4
11115 -1.000000 4
11119 -1.000000 4
11123 -1.000000 4
11127 -1.000000 4
11131 -1.000000 4
11135 -1.000000 4
11139 -1.000000 4
11143 -1.000000 4
11147 -1.000000 4
11151 -1.000000 4
11155 -1.000000 4
11159 -1.000000 4
11163 -1.000000 4
11167 -1.000000 4
11171 -1.000000 4
11175 -1.000000 4
11179 -1.000000 4
11183 -1.000000 4
11187 -1.000000 4
11191 -1.000000 4
11195 -1.000000 4
11199 -1.000000 4
11203 -1.000000 4
11207 -1.000000 4
11211 -1.000000 4
11215 -1.000000 4
11219 -1.000000 4
11223 -1.000000 4
11227 -1.000000 4
11231 -1.000000 4
11235 -1.000000 4
11239 -1.000000 4
11243 -1.000000 4
11247 -1.000000 4
11251 -1.000000 4
11255 -1.000000 4
11259 -1.000000 4
11263 -1.000000 4
11267 -1.000000 4
11271 -1.000000 4
11275 -1.000000 4
11279 -1.000000 4
11283 -1.000000 4
11287 -1.000000 4
11291 -1.000000 4
11295 -1.000000 4
11299 -1.000000 4
11303 -1.000000 4
11307 -1.000000 4
11311 -1.000000 4
11315 -1.000000 4
11319 -1.000000 4
11323 -1.000000 4
11327 -1.000000 4
11331 -1.000000 4
11335 -1.000000 4
11339 -1.000000 4
11343 -1.000000 4
11347 -1.000000 4
11351 -1.000000 4
11355 -1.000000 4
11359 -1.000000 4
11363 -1.000000 4
11367 -1.000000 4
11371 -1.000000 4
11375 -1.000000 4
11379 -1.000000 4
11383 -1.000000 4
11387 -1.000000 4
11391 -1.000000 4
11395 -1.000000 4
11399 -1.000000 4
11403 -1.000000 4
11407 -1.000000 4
11411 -1.000000 4
11415 -1.000000 4
11419 -1.000000 4
11423 -1.000000 4
11427 -1.000000 4
11431 -1.000000 4
11435 -1.000000 4
11439 -1.000000 4
11443 -1.000000 4
11447 -1.000000 4
11451 -1.000000 4
11455 -1.000000 4
11459 -1.000000 4
11463 -1.000000 4
11467 -1.000000 4
11471 -1.000000 4
11475 -1.000000 4
11479 -1.000000 4
11483 -1.000000 4
11487 -1.000000 4
11491 -1.000000 4
11495 -1.000000 4
11499 -1.000000 4
11503 -1.000000 4
11507 -1.000000 4
11511 -1.000000 4
11515 -1.000000 4
11519 -1.000000 4
11523 -1.000000 4
11527 -1.000000 4
11531 -1.000000 4
11535 -1.000000 4
11539 -1.000000 4
11543 -1.000000 4
11547 -1.000000 4
11551 -1.000000 4
11555 -1.000000 4
11559 -1.000000 4
11563 -1.000000 4
11567 -1.000000 4
11571 -1.000000 4
11575 -1.000000 4
11579 -1.000000 4
11583 -1.000000 4
11587 -1.000000 4
11591 -1.000000 4
11595 -1.000000 4
11599 -1.000000 4
11603 -1.000000 4
11607 -1.000000 4
11611 -1.000000 4
11615 -1.000000 4
11620 -1.000000 5
11624 -1.000000 4
11628 -1.000000 4
11632 -1.000000 4
11636 -1.000000 4
11640 -1.000000 4
11644 -1.000000 4
11648 -1.000000 4
11652 -1.000000 4
11656 -1.000000 4
11660 -1.000000 4
11664 -1.000000 4
11668 -1.000000 4
11672 -1.000000 4
11676 -1.000000 4
11680 -1.000000 4
11684 -1.000000 4
11688 -1.000000 4
11692 -1.000000 4
11697 0.000000 5
11701 -1.000000 4
11705 -1.000000 4
11709 -1.000000 4
11713 -1.000000 4
11717 -1.000000 4
11721 -1.000000 4
11725 -1.000000 4
11729 -1.000000 4
11733 -1.000000 4
11737 -1.000000 4
11742 0.000000 5
11746 -1.000000 4
11750 -1.000000 4
11754 -1.000000 4
11758 -1.000000 4
11762 -1.000000 4
11766 -1.000000 4
11770 -1.000000 4
11774 -1.000000 4
11778 -1.000000 4
11782 -1.000000 4
11786 -1.000000 4
11790 -1.000000 4
11794 -1.000000 4
11798 -1.000000 4
11802 -1.000000 4
11806 -1.000000 4
11810 -1.000000 4
11814 -1.000000 4
11818 -1.000000 4
11822 -1.000000 4
11826 -1.000000 4
11830 -1.000000 4
11834 -1.000000 4
11838 -1.000000 4
11842 -1.000000 4
11846 -1.000000 4
11850 -1.000000 4
11854 -1.000000 4
11858 -1.000000 4
11862 -1.000000 4
11866 -1.000000 4
11870 -1.000000 4
11874 -1.000000 4
11878 -1.000000 4
11882 -1.000000 4
11886 -1.000000 4
11890 -1.000000 4
11894 -1.000000 4
11898 -1.000000 4
11902 -1.000000 4
11906 -1.000000 4
11910 -1.000000 4
11914 -1.000000 4
11918 -1.000000 4
11922 -1.000000 4
11926 -1.000000 4
11930 -1.000000 4
11934 -1.000000 4
11938 -1.000000 4
11942 -1.000000 4
11946 -1.000000 4
11950 -1.000000 4
11954 -1.000000 4
11958 -1.000000 4
11962 -1.000000 4
11966 -1.000000 4
11970 -1.000000 4
11974 -1.000000 4
11978 -1.000000 4
11982 -1.000000 4
11986 -1.000000 4
11990 -1.000000 4
11994 -1.000000 4
11998 -1.000000 4
12002 -1.000000 4
12006 -1.000000 4
12010 -1.000000 4
12014 -1.000000 4
12018 -1.000000 4
12022 -1.000000 4
12026 -1.000000 4
12030 -1.000000 4
12034 -1.000000 4
12038 -1.000000 4
12042 -1.000000 4
12046 -1.000000 4
12050 -1.000000 4
12054 -1.000000 4
12058 -1.000000 4
12062 -1.000000 4
12066 -1.000000 4
12070 -1.000000 4
12074 -1.000000 4
12078 -1.000000 4
12082 -1.000000 4
12086 -1.000000 4
12090 -1.000000 4
12094 -1.000000 4
12098 -1.000000 4
12102 -1.000000 4
12106 -1.000000 4
12110 -1.000000 4
12114 -1.000000 4
12118 -1.000000 4
12122 -1.000000 4
12126 -1.000000 4
12130 -1.000000 4
12134 -1.000000 4
12138 -1.000000 4
12142 -1.000000 4
12146 -1.000000 4
12150 -1.000000 4
12154 -1.000000 4
12158 -1.000000 4
12162 -1.000000 4
12166 -1.000000 4
12170 -1.000000 4
12174 -1.000000 4
12178 -1.000000 4
12182 -1.000000 4
12186 -1.000000 4
12190 -1.000000 4
12194 -1.000000 4
12198 -1.000000 4
12202 -1.000000 4
12206 -1.000000 4
12210 -1.000000 4
12214 -1.000000 4
12218 -1.000000 4
12222 -1.000000 4
12226 -1.000000 4
12230 -1.000000 4
12234 -1.000000 4
12238 -1.000000 4
12242 -1.000000 4
12246 -1.000000 4
12250 -1.000000 4
12254 -1.000000 4
12258 -1.000000 4
12262 -1.000000 4
12266 -1.000000 4
12270 -1.000000 4
12274 -1.000000 4
12278 -1.000000 4
12282 -1.000000 4
12286 -1.000000 4
12290 -1.000000 4
12294 -1.000000 4
12298 -1.000000 4
12302 -1.000000 4
12306 -1.000000 4
12310 -1.000000 4
12314 -1.000000 4
12318 -1.000000 4
12322 -1.000000 4
12326 -1.000000 4
12330 -1.000000 4
12334 -1.000000 4
12338 -1.000000 4
12342 -1.000000 4
12346 -1.000000 4
12350 -1.000000 4
12354 -1.000000 4
12358 -1.000000 4
12362 -1.000000 4
12366 -1.000000 4
12370 -1.000000 4
12374 -1.000000 4
12378 -1.000000 4
12382 -1.000000 4
12386 -1.000000 4
12390 -1.000000 4
12394 -1.000000 4
12398 -1.000000 4
12402 -1.000000 4
12406 -1.000000 4
12410 -1.000000 4
12414 -1.000000 4
12418 -1.000000 4
12422 -1.000000 4
12426 -1.000000 4
12430 -1.000000 4
12434 -1.000000 4
12438 -1.000000 4
12442 -1.000000 4
12446 -1.000000 4
12450 -1.000000 4
12454 -1.000000 4
12458 -1.000000 4
12462 -1.000000 4
12466 -1.000000 4
12470 -1.000000 4
12474 -1.000000 4
12478 -1.000000 4
12482 -1.000000 4
12486 -1.000000 4
12490 -1.000000 4
12494 -1.000000 4
12498 -1.000000 4
12502 -1.000000 4
12506 -1.000000 4
12510 -1.000000 4
12514 -1.000000 4
12518 -1.000000 4
12522 -1.000000 4
12526 -1.000000 4
12530 -1.000000 4
12534 -1.000000 4
12538 -1.000000 4
12542 -1.000000 4
12546 -1.000000 4
12550 -1.000000 4
12554 -1.000000 4
12558 -1.000000 4
12562 -1.000000 4
12566 -1.000000 4
12570 -1.000000 4
12574 -1.000000 4
12578 -1.000000 4
12582 -1.000000 4
12586 -1.000000 4
12590 -1.000000 4
12594 -1.000000 4
12598 -1.000000 4
12602 -1.000000 4
12606 -1.000000 4
12610 -1.000000 4
12614 -1.000000 4
12618 -1.000000 4
12622 -1.000000 4
12626 -1.000000 4
12630 -1.000000 4
12634 -1.000000 4
12638 -1.000000 4
12642 -1.000000 4
12646 -1.000000 4
12650 -1.000000 4
12654 -1.000000 4
12658 -1.000000 4
12662 -1.000000 4
12666 -1.000000 4
12670 -1.000000 4
12674 -1.000000 4
12678 -1.000000 4
12682 -1.000000 4
12686 -1.000000 4
12690 -1.000000 4
12694 -1.000000 4
12698 -1.000000 4
12702 -1.000000 4
12706 -1.000000 4
12710 -1.000000 4
12714 -1.000000 4
12718 -1.000000 4
12722 -1.000000 4
12726 -1.000000 4
12730 -1.000000 4
12734 -1.000000 4
12738 -1.000000 4
12742 -1.000000 4
12746 -1.000000 4
12750 -1.000000 4
12754 -1.000000 4
12758 -1.000000 4
12762 -1.000000 4
12766 -1.000000 4
12770 -1.000000 4
12774 -1.000000 4
12778 -1.000000 4
12782 -1.000000 4
12786 -1.000000 4
12790 -1.000000 4
12794 -1.000000 4
12798 -1.000000 4
12802 -1.000000 4
12806 -1.000000 4
12810 -1.000000 4
12814 -1.000000 4
12818 -1.000000 4
12822 -1.000000 4
12826 -1.000000 4
12830 -1.000000 4
12834 -1.000000 4
12838 -1.000000 4
12842 -1.000000 4
12846 -1.000000 4
12850 -1.000000 4
12854 -1.000000 4
12858 -1.000000 4
12862 -1.000000 4
12866 -1.000000 4
12870 -1.000000 4
12874 -1.000000 4
12878 -1.000000 4
12882 -1.000000 4
12886 -1.000000 4
12890 -1.000000 4
12894 -1.000000 4
12898 -1.000000 4
12902 -1.000000 4
12906 -1.000000 4
12910 -1.000000 4
12914 -1.000000 4
12918 -1.000000 4
12922 -1.000000 4
12926 -1.000000 4
12930 -1.000000 4
12934 -1.000000 4
12938 -1.000000 4
12942 -1.000000 4
12946 -1.000000 4
12950 -1.000000 4
12954 -1.000000 4
12958 -1.000000 4
12962 -1.000000 4
12966 -1.000000 4
12970 -1.000000 4
12974 -1.000000 4
12978 -1.000000 4
12982 -1.000000 4
12986 -1.000000 4
12990 -1.000000 4
12994 -1.000000 4
12998 -1.000000 4
13002 -1.000000 4
13006 -1.000000 4
13010 -1.000000 4
13014 -1.000000 4
13018 -1.000000 4
13022 -1.000000 4
13026 -1.000000 4
13030 -1.000000 4
13034 -1.000000 4
13038 -1.000000 4
13042 -1.000000 4
13046 -1.000000 4
13050 -1.000000 4
13054 -1.000000 4
13058 -1.000000 4
13062 -1.000000 4
13066 -1.000000 4
13070 -1.000000 4
13074 -1.000000 4
13078 -1.000000 4
13082 -1.000000 4
13086 -1.000000 4
13090 -1.000000 4
13094 -1.000000 4
13098 -1.000000 4
13102 -1.000000 4
13106 -1.000000 4
13110 -1.000000 4
13114 -1.000000 4
13118 -1.000000 4
13122 -1.000000 4
13126 -1.000000 4
13130 -1.000000 4
13134 -1.000000 4
13138 -1.000000 4
13142 -1.000000 4
13146 -1.000000 4
13150 -1.000000 4
13154 -1.000000 4
13158 -1.000000 4
13162 -1.000000 4
13166 -1.000000 4
13170 -1.000000 4
13174 -1.000000 4
13178 -1.000000 4
13182 -1.000000 4
13186 -1.000000 4
13190 -1.000000 4
13194 -1.000000 4
13198 -1.000000 4
13202 -1.000000 4
13206 -1.000000 4
13210 -1.000000 4
13214 -1.000000 4
13218 -1.000000 4
13222 -1.000000 4
13226 -1.000000 4
13230 -1.000000 4
13234 -1.000000 4
13238 -1.000000 4
13242 -1.000000 4
13246 -1.000000 4
13250 -1.000000 4
13254 -1.000000 4
13258 -1.000000 4
13262 -1.000000 4
13266 -1.000000 4
13270 -1.000000 4
13274 -1.000000 4
13278 -1.000000 4
13282 -1.000000 4
13286 -1.000000 4
13290 -1.000000 4
13294 -1.000000 4
13298 -1.000000 4
13302 -1.000000 4
13306 -1.000000 4
13310 -1.000000 4
13314 -1.000000 4
13318 -1.000000 4
13322 -1.000000 4
13326 -1.000000 4
13330 -1.000000 4
13334 -1.000000 4
13338 -1.000000 4
13342 -1.000000 4
13346 -1.000000 4
13350 -1.000000 4
13354 -1.000000 4
13358 -1.000000 4
13362 -1.000000 4
13366 -1.000000 4
13370 -1.000000 4
13374 -1.000000 4
13378 -1.000000 4
13382 -1.000000 4
13386 -1.000000 4
13390 -1.000000 4
13394 -1.000000 4
13398 -1.000000 4
13402 -1.000000 4
13406 -1.000000 4
13410 -1.000000 4
13414 -1.000000 4
13418 -1.000000 4
13422 -1.000000 4
13426 -1.000000 4
13430 -1.000000 4
13434 -1.000000 4
13438 -1.000000 4
13442 -1.000000 4
13446 -1.000000 4
13450 -1.000000 4
13454 -1.000000 4
13458 -1.000000 4
13462 -1.000000 4
13466 -1.000000 4
13470 -1.000000 4
13474 -1.000000 4
13478 -1.000000 4
13482 -1.000000 4
13486 -1.000000 4
13491 0.000000 5
13495 -1.000000 4
13499 -1.000000 4
13503 -1.000000 4
13507 -1.000000 4
13511 -1.000000 4
13515 -1.000000 4
13519 -1.000000 4
13524 0.000000 5
13528 -1.000000 4
13532 -1.000000 4
13536 -1.000000 4
13540 -1.000000 4
13544 -1.000000 4
13548 -1.000000 4
13552 -1.000000 4
13556 -1.000000 4
13560 -1.000000 4
13564 -1.000000 4
13568 -1.000000 4
13572 -1.000000 4
13576 -1.000000 4
13580 -1.000000 4
13584 -1.000000 4
13588 -1.000000 4
13592 -1.000000 4
13596 -1.000000 4
13600 -1.000000 4
13604 -1.000000 4
13608 -1.000000 4
13612 -1.000000 4
13616 -1.000000 4
13620 -1.000000 4
13624 -1.000000 4
13629 0.000000 5
13633 -1.000000 4
13637 -1.000000 4
13641 -1.000000 4
13645 -1.000000 4
13649 -1.000000 4
13653 -1.000000 4
13657 -1.000000 4
13661 -1.000000 4
13665 -1.000000 4
13669 -1.000000 4
13673 -1.000000 4
13677 -1.000000 4
13681 -1.000000 4
13685 -1.000000 4
13689 -1.000000 4
13693 -1.000000 4
13697 -1.000000 4
13701 -1.000000 4
13705 -1.000000 4
13709 -1.000000 4
13713 -1.000000 4
13717 -1.000000 4
13721 -1.000000 4
13726 0.000000 5
13730 -1.000000 4
13734 -1.000000 4
13738 -1.000000 4
13742 -1.000000 4
13746 -1.000000 4
13750 -1.000000 4
13754 -1.000000 4
13758 -1.000000 4
13762 -1.000000 4
13766 -1.000000 4
13770 -1.000000 4
13774 -1.000000 4
13778 -1.000000 4
13782 -1.000000 4
13786 -1.000000 4
13790 -1.000000 4
13794 -1.000000 4
13798 -1.000000 4
13802 -1.000000 4
13806 -1.000000 4
13810 -1.000000 4
13814 -1.000000 4
13818 -1.000000 4
13822 -1.000000 4
13826 -1.000000 4
13830 -1.000000 4
13834 -1.000000 4
13838 -1.000000 4
13842 -1.000000 4
13846 -1.000000 4
13850 -1.000000 4
13854 -1.000000 4
13858 -1.000000 4
13862 -1.000000 4
13866 -1.000000 4
13870 -1.000000 4
13874 -1.000000 4
13878 -1.000000 4
13882 -1.000000 4
13886 -1.000000 4
13890 -1.000000 4
13894 -1.000000 4
13898 -1.000000 4
13902 -1.000000 4
13906 -1.000000 4
13910 -1.000000 4
13914 -1.000000 4
13918 -1.000000 4
13922 -1.000000 4
13926 -1.000000 4
13930 -1.000000 4
13934 -1.000000 4
13938 -1.000000 4
13942 -1.000000 4
13946 -1.000000 4
13950 -1.000000 4
13954 -1.000000 4
13958 -1.000000 4
13962 -1.000000 4
13966 -1.000000 4
13970 -1.000000 4
13974 -1.000000 4
13978 -1.000000 4
13982 -1.000000 4
13986 -1.000000 4
13990 -1.000000 4
13994 -1.000000 4
13998 -1.000000 4
14002 -1.000000 4
14006 -1.000000 4
14010 -1.000000 4
14014 -1.000000 4
14018 -1.000000 4
14022 -1.000000 4
14026 -1.000000 4
14030 -1.000000 4
14034 -1.000000 4
14038 -1.000000 4
14042 -1.000000 4
14046 -1.000000 4
14050 -1.000000 4
14054 -1.000000 4
14058 -1.000000 4
14062 -1.000000 4
14066 -1.000000 4
14070 -1.000000 4
14074 -1.000000 4
14078 -1.000000 4
14082 -1.000000 4
14086 -1.000000 4
14090 -1.000000 4
14094 -1.000000 4
14098 -1.000000 4
14102 -1.000000 4
14106 -1.000000 4
14110 -1.000000 4
14114 -1.000000 4
14118 -1.000000 4
14122 -1.000000 4
14126 -1.000000 4
14130 -1.000000 4
14134 -1.000000 4
14138 -1.000000 4
14142 -1.000000 4
14146 -1.000000 4
14150 -1.000000 4
14154 -1.000000 4
14158 -1.000000 4
14162 -1.000000 4
14166 -1.000000 4
14170 -1.000000 4
14174 -1.000000 4
14178 -1.000000 4
14182 -1.000000 4
14186 -1.000000 4
14190 -1.000000 4
14194 -1.000000 4
14198 -1.000000 4
14202 -1.000000 4
14206 -1.000000 4
14210 -1.000000 4
14214 -1.000000 4
14218 -1.000000 4
14222 -1.000000 4
14226 -1.000000 4
14230 -1.000000 4
14234 -1.000000 4
14238 -1.000000 4
14242 -1.000000 4
14246 -1.000000 4
14250 -1.000000 4
14254 -1.000000 4
14258 -1.000000 4
14262 -1.000000 4
14266 -1.000000 4
14270 -1.000000 4
14274 -1.000000 4
14278 -1.000000 4
14282 -1.000000 4
14286 -1.000000 4
14290 -1.000000 4
14294 -1.000000 4
14298 -1.000000 4
14302 -1.000000 4
14306 -1.000000 4
14310 -1.000000 4
14314 -1.000000 4
14318 -1.000000 4
14322 -1.000000 4
14326 -1.000000 4
14331 0.000000 5
14335 -1.000000 4
14339 -1.000000 4
14343 -1.000000 4
14347 -1.000000 4
14351 -1.000000 4
14355 -1.000000 4
14359 -1.000000 4
14363 -1.000000 4
14367 -1.000000 4
14371 -1.000000 4
14375 -1.000000 4
14379 -1.000000 4
14383 -1.000000 4
14387 -1.000000 4
14391 -1.000000 4
14395 -1.000000 4
14399 -1.000000 4
14403 -1.000000 4
14407 -1.000000 4
14411 -1.000000 4
14415 -1.000000 4
14419 -1.000000 4
14424 -1.000000 5
14428 -1.000000 4
14432 -1.000000 4
14436 -1.000000 4
14440 -1.000000 4
14444 -1.000000 4
14448 -1.000000 4
14452 -1.000000 4
14456 -1.000000 4
14460 -1.000000 4
14464 -1.000000 4
14468 -1.000000 4
14472 -1.000000 4
14476 -1.000000 4
14480 -1.000000 4
14484 -1.000000 4
14488 -1.000000 4
14492 -1.000000 4
14496 -1.000000 4
14500 -1.000000 4
14504 -1.000000 4
14508 -1.000000 4
14512 -1.000000 4
14517 -1.000000 5
14521 -1.000000 4
14525 -1.000000 4
14529 -1.000000 4
14533 -1.000000 4
14537 -1.000000 4
14541 -1.000000 4
14545 -1.000000 4
14549 -1.000000 4
14553 -1.000000 4
14557 -1.000000 4
14561 -1.000000 4
14565 -1.000000 4
14569 -1.000000 4
14573 -1.000000 4
14577 -1.000000 4
14581 -1.000000 4
14585 -1.000000 4
14589 -1.000000 4
14593 -1.000000 4
14597 -1.000000 4
14601 -1.000000 4
14605 -1.000000 4
14609 -1.000000 4
14613 -1.000000 4
14617 -1.000000 4
14621 -1.000000 4
14625 -1.000000 4
14629 -1.000000 4
14633 -1.000000 4
14637 -1.000000 4
14641 -1.000000 4
14645 -1.000000 4
14649 -1.000000 4
14653 -1.000000 4
14657 -1.000000 4
14661 -1.000000 4
14665 -1.000000 4
14669 -1.000000 4
14673 -1.000000 4
14677 -1.000000 4
14681 -1.000000 4
14685 -1.000000 4
14689 -1.000000 4
14693 -1.000000 4
14697 -1.000000 4
14701 -1.000000 4
14705 -1.000000 4
14709 -1.000000 4
14713 -1.000000 4
14717 -1.000000 4
14721 -1.000000 4
14725 -1.000000 4
14729 -1.000000 4
14733 -1.000000 4
14737 -1.000000 4
14741 -1.000000 4
14745 -1.000000 4
14749 -1.000000 4
14753 -1.000000 4
14757 -1.000000 4
14761 -1.000000 4
14765 -1.000000 4
14769 -1.000000 4
14773 -1.000000 4
14777 -1.000000 4
14781 -1.000000 4
