3 -1.000000 3
8 1.000000 5
12 1.000000 4
17 1.000000 5
21 1.000000 4
26 1.000000 5
30 -1.000000 4
34 -1.000000 4
38 1.000000 4
42 1.000000 4
45 1.000000 3
49 1.000000 4
54 0.000000 5
59 1.000000 5
64 1.000000 5
69 0.000000 5
74 1.000000 5
78 -1.000000 4
83 0.000000 5
87 1.000000 4
91 1.000000 4
95 -1.000000 4
100 1.000000 5
105 1.000000 5
110 1.000000 5
114 1.000000 4
119 0.000000 5
123 -1.000000 4
127 -1.000000 4
132 0.000000 5
137 1.000000 5
141 1.000000 4
145 -1.000000 4
150 1.000000 5
154 -1.000000 4
158 -1.000000 4
163 1.000000 5
167 1.000000 4
171 1.000000 4
175 -1.000000 4
179 1.000000 4
183 1.000000 4
186 1.000000 3
189 1.000000 3
193 1.000000 4
196 1.000000 3
200 -1.000000 4
204 1.000000 4
207 1.000000 3
211 1.000000 4
214 -1.000000 3
218 1.000000 4
221 1.000000 3
225 1.000000 4
229 1.000000 4
234 0.000000 5
239 1.000000 5
242 1.000000 3
246 1.000000 4
251 1.000000 5
255 1.000000 4
259 1.000000 4
264 1.000000 5
269 1.000000 5
272 1.000000 3
276 -1.000000 4
280 1.000000 4
284 1.000000 4
288 1.000000 4
293 1.000000 5
298 1.000000 5
303 0.000000 5
306 1.000000 3
310 1.000000 4
313 1.000000 3
317 -1.000000 4
321 1.000000 4
324 -1.000000 3
329 1.000000 5
333 -1.000000 4
337 1.000000 4
341 -1.000000 4
344 1.000000 3
348 -1.000000 4
352 1.000000 4
355 1.000000 3
360 1.000000 5
365 1.000000 5
369 1.000000 4
372 1.000000 3
376 -1.000000 4
379 1.000000 3
383 -1.000000 4
388 0.000000 5
392 -1.000000 4
395 1.000000 3
399 -1.000000 4
404 0.000000 5
409 1.000000 5
413 -1.000000 4
416 1.000000 3
420 1.000000 4
424 -1.000000 4
429 0.000000 5
433 1.000000 4
437 1.000000 4
440 1.000000 3
444 1.000000 4
449 1.000000 5
454 1.000000 5
457 1.000000 3
461 -1.000000 4
465 1.000000 4
470 1.000000 5
475 1.000000 5
479 1.000000 4
483 -1.000000 4
487 1.000000 4
491 1.000000 4
496 0.000000 5
501 0.000000 5
505 -1.000000 4
509 1.000000 4
514 1.000000 5
519 0.000000 5
523 1.000000 4
528 1.000000 5
532 -1.000000 4
536 1.000000 4
540 1.000000 4
545 0.000000 5
549 1.000000 4
553 1.000000 4
557 1.000000 4
561 1.000000 4
565 1.000000 4
570 1.000000 5
574 1.000000 4
578 -1.000000 4
582 1.000000 4
586 1.000000 4
590 -1.000000 4
595 1.000000 5
599 1.000000 4
603 -1.000000 4
607 1.000000 4
610 1.000000 3
615 1.000000 5
619 1.000000 4
623 -1.000000 4
627 -1.000000 4
630 1.000000 3
634 1.000000 4
639 1.000000 5
643 -1.000000 4
647 -1.000000 4
650 1.000000 3
655 0.000000 5
660 0.000000 5
665 1.000000 5
670 1.000000 5
674 1.000000 4
679 1.000000 5
684 1.000000 5
689 1.000000 5
693 1.000000 4
697 1.000000 4
701 -1.000000 4
705 -1.000000 4
709 1.000000 4
714 1.000000 5
717 1.000000 3
721 -1.000000 4
726 1.000000 5
730 -1.000000 4
734 1.000000 4
738 1.000000 4
742 1.000000 4
745 1.000000 3
749 -1.000000 4
753 -1.000000 4
757 1.000000 4
761 1.000000 4
765 -1.000000 4
769 1.000000 4
773 1.000000 4
778 1.000000 5
783 1.000000 5
787 1.000000 4
791 1.000000 4
795 1.000000 4
799 1.000000 4
803 -1.000000 4
807 1.000000 4
812 0.000000 5
816 -1.000000 4
821 1.000000 5
825 -1.000000 4
830 0.000000 5
834 1.000000 4
838 1.000000 4
842 -1.000000 4
846 -1.000000 4
850 -1.000000 4
855 1.000000 5
859 -1.000000 4
863 1.000000 4
867 1.000000 4
871 -1.000000 4
876 1.000000 5
880 -1.000000 4
885 1.000000 5
889 1.000000 4
893 1.000000 4
897 -1.000000 4
901 1.000000 4
906 1.000000 5
910 1.000000 4
915 1.000000 5
918 1.000000 3
921 1.000000 3
925 1.000000 4
929 -1.000000 4
933 -1.000000 4
937 1.000000 4
941 1.000000 4
945 1.000000 4
949 1.000000 4
953 1.000000 4
956 1.000000 3
960 1.000000 4
965 0.000000 5
969 1.000000 4
974 1.000000 5
978 1.000000 4
981 1.000000 3
985 -1.000000 4
989 1.000000 4
992 1.000000 3
996 1.000000 4
1000 1.000000 4
1004 1.000000 4
1008 1.000000 4
1012 1.000000 4
1016 1.000000 4
1019 1.000000 3
1023 1.000000 4
1027 -1.000000 4
1032 0.000000 5
1037 1.000000 5
1042 0.000000 5
1046 1.000000 4
1051 1.000000 5
1055 -1.000000 4
1059 1.000000 4
1062 1.000000 3
1066 1.000000 4
1069 -1.000000 3
1073 -1.000000 4
1078 1.000000 5
1082 1.000000 4
1086 1.000000 4
1089 -1.000000 3
1092 -1.000000 3
1097 0.000000 5
1100 -1.000000 3
1104 1.000000 4
1107 1.000000 3
1111 1.000000 4
1116 0.000000 5
1119 -1.000000 3
1122 1.000000 3
1127 0.000000 5
1131 1.000000 4
1135 1.000000 4
1140 0.000000 5
1144 1.000000 4
1148 1.000000 4
1153 1.000000 5
1157 1.000000 4
1162 1.000000 5
1166 1.000000 4
1171 1.000000 5
1176 1.000000 5
1179 -1.000000 3
1183 -1.000000 4
1187 1.000000 4
1191 1.000000 4
1195 1.000000 4
1198 1.000000 3
1203 1.000000 5
1207 1.000000 4
1210 1.000000 3
1213 1.000000 3
1218 0.000000 5
1223 0.000000 5
1227 1.000000 4
1231 1.000000 4
1235 1.000000 4
1239 1.000000 4
1243 1.000000 4
1248 0.000000 5
1252 1.000000 4
1256 1.000000 4
1260 1.000000 4
1264 -1.000000 4
1269 0.000000 5
1274 1.000000 5
1277 1.000000 3
1282 0.000000 5
1286 1.000000 4
1290 1.000000 4
1294 1.000000 4
1297 1.000000 3
1301 -1.000000 4
1304 -1.000000 3
1308 1.000000 4
1312 1.000000 4
1316 1.000000 4
1320 1.000000 4
1324 1.000000 4
1327 1.000000 3
1332 1.000000 5
1337 1.000000 5
1341 1.000000 4
1345 1.000000 4
1350 1.000000 5
1353 -1.000000 3
1357 1.000000 4
1362 1.000000 5
1367 1.000000 5
1372 0.000000 5
1375 1.000000 3
1379 1.000000 4
1384 1.000000 5
1389 0.000000 5
1393 1.000000 4
1397 1.000000 4
1401 1.000000 4
1406 1.000000 5
1411 0.000000 5
1415 1.000000 4
1420 1.000000 5
1423 1.000000 3
1426 1.000000 3
1430 1.000000 4
1435 1.000000 5
1439 1.000000 4
1444 1.000000 5
1449 1.000000 5
1452 1.000000 3
1457 0.000000 5
1461 1.000000 4
1464 1.000000 3
1468 1.000000 4
1472 1.000000 4
1476 -1.000000 4
1480 1.000000 4
1484 1.000000 4
1489 1.000000 5
1493 -1.000000 4
1498 1.000000 5
1502 -1.000000 4
1506 1.000000 4
1510 1.000000 4
1515 1.000000 5
1520 1.000000 5
1523 1.000000 3
1528 1.000000 5
1532 1.000000 4
1535 1.000000 3
1540 0.000000 5
1543 1.000000 3
1547 1.000000 4
1552 1.000000 5
1557 0.000000 5
1560 1.000000 3
1564 1.000000 4
1567 1.000000 3
1572 1.000000 5
1577 1.000000 5
1581 1.000000 4
1586 1.000000 5
1590 1.000000 4
1593 1.000000 3
1598 1.000000 5
1603 1.000000 5
1607 1.000000 4
1612 1.000000 5
1616 1.000000 4
1619 1.000000 3
1624 0.000000 5
1627 1.000000 3
1631 1.000000 4
1636 1.000000 5
1641 0.000000 5
1645 1.000000 4
1649 1.000000 4
1654 1.000000 5
1658 -1.000000 4
1662 1.000000 4
1667 1.000000 5
1671 1.000000 4
1675 1.000000 4
1680 1.000000 5
1684 1.000000 4
1688 1.000000 4
1692 1.000000 4
1696 1.000000 4
1700 1.000000 4
1705 0.000000 5
1709 -1.000000 4
1714 1.000000 5
1718 1.000000 4
1721 1.000000 3
1725 1.000000 4
1728 1.000000 3
1732 1.000000 4
1736 1.000000 4
1740 1.000000 4
1743 -1.000000 3
1748 0.000000 5
1752 1.000000 4
1756 1.000000 4
1760 1.000000 4
1764 1.000000 4
1768 1.000000 4
1772 1.000000 4
1776 1.000000 4
1780 1.000000 4
1784 1.000000 4
1789 1.000000 5
1792 1.000000 3
1796 1.000000 4
1800 1.000000 4
1804 1.000000 4
1808 1.000000 4
1812 1.000000 4
1816 1.000000 4
1820 1.000000 4
1825 0.000000 5
1829 1.000000 4
1832 1.000000 3
1837 1.000000 5
1840 -1.000000 3
1843 1.000000 3
1848 1.000000 5
1853 1.000000 5
1858 0.000000 5
1862 1.000000 4
1867 0.000000 5
1872 1.000000 5
1875 1.000000 3
1879 1.000000 4
1883 1.000000 4
1887 1.000000 4
1892 1.000000 5
1896 1.000000 4
1900 1.000000 4
1904 1.000000 4
1908 1.000000 4
1913 1.000000 5
1918 1.000000 5
1922 -1.000000 4
1927 0.000000 5
1930 -1.000000 3
1933 -1.000000 3
1936 1.000000 3
1939 1.000000 3
1944 1.000000 5
1949 1.000000 5
1953 1.000000 4
1957 1.000000 4
1961 -1.000000 4
1966 1.000000 5
1970 -1.000000 4
1974 1.000000 4
1978 1.000000 4
1982 1.000000 4
1985 1.000000 3
1990 1.000000 5
1993 -1.000000 3
1997 1.000000 4
2001 1.000000 4
2004 -1.000000 3
2007 -1.000000 3
2010 -1.000000 3
2013 -1.000000 3
2016 -1.000000 3
2019 -1.000000 3
2022 -1.000000 3
2025 -1.000000 3
2028 -1.000000 3
2031 -1.000000 3
2034 -1.000000 3
2037 -1.000000 3
2040 -1.000000 3
2043 -1.000000 3
2046 -1.000000 3
2049 -1.000000 3
2052 -1.000000 3
2055 -1.000000 3
2058 -1.000000 3
2061 -1.000000 3
2064 -1.000000 3
2067 -1.000000 3
2070 -1.000000 3
2073 -1.000000 3
2076 -1.000000 3
2079 -1.000000 3
2082 -1.000000 3
