737 3294.000000 737
1042 610.000000 305
1637 497.000000 595
2442 2238.000000 805
3076 1257.000000 634
3719 1920.000000 643
4559 3037.000000 840
5080 1435.000000 521
5641 2131.000000 561
6139 566.000000 498
6666 1074.000000 527
7304 843.000000 638
8019 2621.000000 715
8874 2513.000000 855
9473 628.000000 599
10156 1701.000000 683
11029 5064.000000 873
11504 772.000000 475
12209 2239.000000 705
12721 1533.000000 512
13380 2267.000000 659
14378 3515.000000 998
15117 914.000000 739
15634 1269.000000 517
16254 918.000000 620
16960 1994.000000 706
18354 5059.000000 1394
18993 2591.000000 639
19428 1557.000000 435
20173 1695.000000 745
20993 2446.000000 820
21483 1129.000000 490
22174 2412.000000 691
22901 2362.000000 727
24424 6684.000000 1523
25108 3205.000000 684
25619 922.000000 511
26283 2885.000000 664
27154 3351.000000 871
27666 1352.000000 512
28302 2697.000000 636
28954 1641.000000 652
29459 2024.000000 505
30716 8702.000000 1257
31399 2403.000000 683
32202 2682.000000 803
32662 1898.000000 460
33509 3351.000000 847
34211 2277.000000 702
34827 859.000000 616
35615 1358.000000 788
36271 1687.000000 656
36928 1098.000000 657
37514 757.000000 586
38198 798.000000 684
38956 2847.000000 758
39494 1479.000000 538
40392 3514.000000 898
41129 3447.000000 737
42226 6188.000000 1097
43246 3002.000000 1020
43751 458.000000 505
44663 3724.000000 912
45353 1495.000000 690
46283 4078.000000 930
47307 2439.000000 1024
47954 1462.000000 647
48583 1612.000000 629
49329 2299.000000 746
