5 -1.000000 5
10 -1.000000 5
15 0.000000 5
21 1.000000 6
27 0.000000 6
33 1.000000 6
38 1.000000 5
42 1.000000 4
47 -1.000000 5
53 -1.000000 6
58 -1.000000 5
63 -1.000000 5
68 1.000000 5
71 1.000000 3
75 -1.000000 4
80 1.000000 5
85 -1.000000 5
89 -1.000000 4
94 -1.000000 5
99 1.000000 5
106 0.000000 7
110 1.000000 4
113 -1.000000 3
119 -1.000000 6
123 -1.000000 4
128 -1.000000 5
131 1.000000 3
136 -1.000000 5
140 -1.000000 4
147 0.000000 7
151 1.000000 4
156 -1.000000 5
161 1.000000 5
166 0.000000 5
171 -1.000000 5
175 1.000000 4
180 1.000000 5
185 0.000000 5
189 1.000000 4
193 -1.000000 4
199 -1.000000 6
205 1.000000 6
211 -1.000000 6
214 -1.000000 3
220 -1.000000 6
225 -1.000000 5
229 1.000000 4
233 -1.000000 4
237 -1.000000 4
244 1.000000 7
247 -1.000000 3
252 0.000000 5
256 -1.000000 4
260 1.000000 4
266 -1.000000 6
272 1.000000 6
278 1.000000 6
284 0.000000 6
289 1.000000 5
293 -1.000000 4
298 -1.000000 5
305 1.000000 7
311 1.000000 6
315 -1.000000 4
320 1.000000 5
325 -1.000000 5
331 -1.000000 6
336 1.000000 5
339 -1.000000 3
344 -1.000000 5
350 -1.000000 6
354 1.000000 4
358 -1.000000 4
363 1.000000 5
369 -1.000000 6
372 -1.000000 3
378 0.000000 6
381 -1.000000 3
386 1.000000 5
391 -1.000000 5
398 -1.000000 7
402 1.000000 4
406 1.000000 4
411 -1.000000 5
414 1.000000 3
417 1.000000 3
423 -1.000000 6
428 -1.000000 5
434 0.000000 6
438 -1.000000 4
443 -1.000000 5
447 1.000000 4
453 -1.000000 6
458 1.000000 5
462 -1.000000 4
465 1.000000 3
471 -1.000000 6
476 1.000000 5
479 1.000000 3
483 -1.000000 4
489 -1.000000 6
492 1.000000 3
497 1.000000 5
503 0.000000 6
508 -1.000000 5
515 0.000000 7
521 -1.000000 6
525 -1.000000 4
528 -1.000000 3
533 -1.000000 5
536 1.000000 3
542 -1.000000 6
549 1.000000 7
555 0.000000 6
560 -1.000000 5
564 -1.000000 4
570 -1.000000 6
574 -1.000000 4
580 1.000000 6
586 -1.000000 6
590 -1.000000 4
595 1.000000 5
600 -1.000000 5
605 1.000000 5
610 1.000000 5
616 1.000000 6
620 1.000000 4
624 1.000000 4
628 -1.000000 4
631 1.000000 3
635 -1.000000 4
641 -1.000000 6
645 -1.000000 4
648 -1.000000 3
653 1.000000 5
657 -1.000000 4
661 -1.000000 4
667 0.000000 6
672 0.000000 5
677 -1.000000 5
681 1.000000 4
684 1.000000 3
688 1.000000 4
692 -1.000000 4
696 -1.000000 4
701 -1.000000 5
705 1.000000 4
709 1.000000 4
712 -1.000000 3
715 1.000000 3
720 1.000000 5
725 -1.000000 5
730 -1.000000 5
733 1.000000 3
738 1.000000 5
743 -1.000000 5
747 1.000000 4
751 1.000000 4
756 -1.000000 5
762 -1.000000 6
766 1.000000 4
771 1.000000 5
775 1.000000 4
779 -1.000000 4
783 1.000000 4
788 1.000000 5
792 1.000000 4
796 1.000000 4
800 1.000000 4
804 -1.000000 4
810 -1.000000 6
814 -1.000000 4
819 -1.000000 5
824 -1.000000 5
827 -1.000000 3
832 0.000000 5
835 1.000000 3
841 -1.000000 6
845 -1.000000 4
849 -1.000000 4
854 1.000000 5
860 -1.000000 6
865 1.000000 5
869 1.000000 4
873 1.000000 4
877 -1.000000 4
882 1.000000 5
886 1.000000 4
891 1.000000 5
894 -1.000000 3
900 -1.000000 6
905 -1.000000 5
909 1.000000 4
914 0.000000 5
918 1.000000 4
922 -1.000000 4
926 -1.000000 4
929 -1.000000 3
933 -1.000000 4
936 -1.000000 3
942 1.000000 6
948 0.000000 6
951 -1.000000 3
955 1.000000 4
960 0.000000 5
964 -1.000000 4
970 -1.000000 6
977 1.000000 7
981 -1.000000 4
985 1.000000 4
989 1.000000 4
996 1.000000 7
1001 1.000000 5
1006 -1.000000 5
1010 -1.000000 4
1016 -1.000000 6
1020 1.000000 4
1025 1.000000 5
1032 0.000000 7
1036 1.000000 4
1039 1.000000 3
1045 -1.000000 6
1051 -1.000000 6
1056 1.000000 5
1063 -1.000000 7
1068 -1.000000 5
1073 0.000000 5
1077 1.000000 4
1082 1.000000 5
1086 1.000000 4
1092 -1.000000 6
1098 1.000000 6
1102 -1.000000 4
1108 1.000000 6
1112 -1.000000 4
1117 1.000000 5
1121 1.000000 4
1126 -1.000000 5
1132 0.000000 6
1137 0.000000 5
1141 -1.000000 4
1147 -1.000000 6
1152 -1.000000 5
1157 -1.000000 5
1163 -1.000000 6
1169 -1.000000 6
1174 1.000000 5
1179 -1.000000 5
1183 1.000000 4
1189 -1.000000 6
1194 1.000000 5
1201 0.000000 7
1207 -1.000000 6
1210 1.000000 3
1213 1.000000 3
1219 -1.000000 6
1223 -1.000000 4
1228 1.000000 5
1233 -1.000000 5
1238 -1.000000 5
1243 0.000000 5
1248 -1.000000 5
1252 1.000000 4
1256 1.000000 4
1261 -1.000000 5
1265 1.000000 4
1270 1.000000 5
1275 -1.000000 5
1281 -1.000000 6
1287 1.000000 6
