5 0.000000 5
9 1.000000 4
13 1.000000 4
18 1.000000 5
22 -1.000000 4
26 1.000000 4
30 -1.000000 4
35 0.000000 5
39 1.000000 4
43 1.000000 4
48 1.000000 5
53 1.000000 5
57 1.000000 4
61 1.000000 4
64 -1.000000 3
68 -1.000000 4
72 -1.000000 4
77 1.000000 5
80 -1.000000 3
83 -1.000000 3
88 1.000000 5
92 1.000000 4
96 1.000000 4
100 -1.000000 4
104 -1.000000 4
107 -1.000000 3
112 1.000000 5
117 1.000000 5
120 -1.000000 3
124 1.000000 4
129 1.000000 5
133 1.000000 4
138 0.000000 5
143 1.000000 5
148 1.000000 5
152 1.000000 4
157 1.000000 5
162 1.000000 5
167 0.000000 5
171 -1.000000 4
176 1.000000 5
181 0.000000 5
186 1.000000 5
190 -1.000000 4
193 -1.000000 3
197 1.000000 4
202 1.000000 5
207 0.000000 5
211 1.000000 4
216 0.000000 5
221 1.000000 5
225 1.000000 4
229 -1.000000 4
234 1.000000 5
239 0.000000 5
243 1.000000 4
248 1.000000 5
251 1.000000 3
256 1.000000 5
260 1.000000 4
265 0.000000 5
269 1.000000 4
274 1.000000 5
277 -1.000000 3
281 -1.000000 4
285 1.000000 4
290 0.000000 5
293 -1.000000 3
297 -1.000000 4
302 0.000000 5
306 -1.000000 4
310 1.000000 4
315 0.000000 5
318 1.000000 3
323 1.000000 5
327 -1.000000 4
331 -1.000000 4
335 -1.000000 4
340 0.000000 5
344 1.000000 4
348 1.000000 4
352 1.000000 4
356 1.000000 4
361 1.000000 5
364 -1.000000 3
369 1.000000 5
373 1.000000 4
377 1.000000 4
380 1.000000 3
385 1.000000 5
388 1.000000 3
393 0.000000 5
398 1.000000 5
402 -1.000000 4
406 1.000000 4
409 -1.000000 3
414 0.000000 5
418 -1.000000 4
421 1.000000 3
426 1.000000 5
429 1.000000 3
434 1.000000 5
437 1.000000 3
442 1.000000 5
447 1.000000 5
451 1.000000 4
455 -1.000000 4
460 0.000000 5
464 1.000000 4
468 1.000000 4
472 1.000000 4
477 1.000000 5
481 -1.000000 4
485 -1.000000 4
488 1.000000 3
492 -1.000000 4
496 1.000000 4
500 1.000000 4
504 1.000000 4
507 1.000000 3
510 1.000000 3
513 1.000000 3
518 0.000000 5
521 1.000000 3
525 -1.000000 4
530 1.000000 5
533 -1.000000 3
538 1.000000 5
542 1.000000 4
547 1.000000 5
550 -1.000000 3
555 0.000000 5
559 -1.000000 4
563 1.000000 4
567 1.000000 4
571 1.000000 4
575 1.000000 4
579 1.000000 4
583 1.000000 4
586 -1.000000 3
591 0.000000 5
595 1.000000 4
598 -1.000000 3
602 1.000000 4
606 1.000000 4
610 -1.000000 4
614 1.000000 4
618 -1.000000 4
622 1.000000 4
627 0.000000 5
631 1.000000 4
635 1.000000 4
639 1.000000 4
643 1.000000 4
648 1.000000 5
651 1.000000 3
655 -1.000000 4
660 1.000000 5
663 1.000000 3
668 0.000000 5
673 1.000000 5
677 1.000000 4
681 -1.000000 4
686 1.000000 5
690 -1.000000 4
693 1.000000 3
697 1.000000 4
702 0.000000 5
707 1.000000 5
710 1.000000 3
714 1.000000 4
719 1.000000 5
724 1.000000 5
728 1.000000 4
732 1.000000 4
735 -1.000000 3
740 1.000000 5
744 1.000000 4
747 -1.000000 3
751 -1.000000 4
756 1.000000 5
761 1.000000 5
765 1.000000 4
770 1.000000 5
775 0.000000 5
778 1.000000 3
783 1.000000 5
787 1.000000 4
791 1.000000 4
796 1.000000 5
800 -1.000000 4
804 -1.000000 4
809 0.000000 5
814 1.000000 5
818 -1.000000 4
823 0.000000 5
827 -1.000000 4
831 -1.000000 4
836 1.000000 5
841 1.000000 5
845 -1.000000 4
850 1.000000 5
855 1.000000 5
860 1.000000 5
865 0.000000 5
870 1.000000 5
875 1.000000 5
878 -1.000000 3
883 0.000000 5
888 1.000000 5
893 1.000000 5
898 0.000000 5
903 1.000000 5
907 1.000000 4
911 1.000000 4
916 1.000000 5
921 0.000000 5
925 -1.000000 4
929 1.000000 4
934 1.000000 5
937 1.000000 3
941 1.000000 4
945 -1.000000 4
949 -1.000000 4
953 1.000000 4
958 0.000000 5
962 1.000000 4
966 -1.000000 4
971 1.000000 5
976 0.000000 5
981 1.000000 5
985 1.000000 4
990 1.000000 5
994 1.000000 4
998 1.000000 4
1002 1.000000 4
1007 1.000000 5
1012 0.000000 5
1017 0.000000 5
1021 -1.000000 4
1024 1.000000 3
1028 1.000000 4
1031 1.000000 3
1035 -1.000000 4
1040 1.000000 5
1044 1.000000 4
1049 0.000000 5
1053 -1.000000 4
1058 0.000000 5
1063 1.000000 5
1067 1.000000 4
1071 -1.000000 4
1075 -1.000000 4
1078 1.000000 3
1082 -1.000000 4
1086 -1.000000 4
1091 1.000000 5
1096 1.000000 5
1101 1.000000 5
1106 0.000000 5
1110 -1.000000 4
1115 0.000000 5
1119 1.000000 4
1123 1.000000 4
1126 1.000000 3
1130 1.000000 4
1135 0.000000 5
1139 1.000000 4
1142 1.000000 3
1146 1.000000 4
1151 1.000000 5
1154 1.000000 3
1159 1.000000 5
1163 -1.000000 4
1167 1.000000 4
1171 1.000000 4
1175 1.000000 4
1179 1.000000 4
1184 1.000000 5
1188 1.000000 4
1191 1.000000 3
1194 -1.000000 3
1197 1.000000 3
1201 1.000000 4
1204 -1.000000 3
1209 0.000000 5
1214 1.000000 5
1217 1.000000 3
1220 1.000000 3
1223 -1.000000 3
1227 -1.000000 4
1231 1.000000 4
1236 1.000000 5
1239 1.000000 3
1243 -1.000000 4
1247 1.000000 4
1251 1.000000 4
1256 0.000000 5
1261 0.000000 5
1266 1.000000 5
1270 1.000000 4
1274 -1.000000 4
1278 1.000000 4
1283 1.000000 5
1287 1.000000 4
1290 1.000000 3
1295 1.000000 5
1299 1.000000 4
1304 1.000000 5
1309 1.000000 5
1312 1.000000 3
1316 1.000000 4
1320 -1.000000 4
1324 -1.000000 4
1329 0.000000 5
1333 1.000000 4
1337 -1.000000 4
1342 1.000000 5
1347 0.000000 5
1351 -1.000000 4
1356 0.000000 5
1361 1.000000 5
1364 -1.000000 3
1368 -1.000000 4
1373 0.000000 5
1378 1.000000 5
1382 1.000000 4
1385 -1.000000 3
1389 1.000000 4
1393 1.000000 4
1398 1.000000 5
1402 1.000000 4
1405 1.000000 3
1409 1.000000 4
1413 1.000000 4
1418 0.000000 5
1422 1.000000 4
1426 1.000000 4
1430 -1.000000 4
1435 1.000000 5
1439 -1.000000 4
1443 -1.000000 4
1447 1.000000 4
1451 1.000000 4
1454 1.000000 3
1458 -1.000000 4
1461 1.000000 3
1464 1.000000 3
1468 1.000000 4
1473 1.000000 5
1477 1.000000 4
1482 0.000000 5
1487 1.000000 5
1491 -1.000000 4
1496 0.000000 5
1500 1.000000 4
1503 -1.000000 3
1508 1.000000 5
1512 -1.000000 4
1516 1.000000 4
1520 1.000000 4
1524 1.000000 4
1529 1.000000 5
1533 1.000000 4
1538 1.000000 5
1542 1.000000 4
1546 1.000000 4
1550 1.000000 4
1554 1.000000 4
1558 1.000000 4
1562 -1.000000 4
1567 0.000000 5
1572 1.000000 5
1575 1.000000 3
1578 1.000000 3
1582 1.000000 4
1586 1.000000 4
1590 1.000000 4
1593 -1.000000 3
1597 1.000000 4
1601 1.000000 4
1606 0.000000 5
1611 1.000000 5
1615 -1.000000 4
1619 -1.000000 4
1623 1.000000 4
1628 0.000000 5
1631 1.000000 3
1635 -1.000000 4
1640 1.000000 5
1644 1.000000 4
1649 1.000000 5
1654 1.000000 5
1659 0.000000 5
1663 -1.000000 4
1667 1.000000 4
1671 1.000000 4
1674 1.000000 3
1677 -1.000000 3
1680 1.000000 3
1685 0.000000 5
1689 1.000000 4
1694 1.000000 5
1698 -1.000000 4
1703 1.000000 5
1707 1.000000 4
1711 -1.000000 4
1716 0.000000 5
1720 1.000000 4
1725 0.000000 5
1729 1.000000 4
1734 1.000000 5
1739 1.000000 5
1744 1.000000 5
1749 0.000000 5
1754 1.000000 5
1757 -1.000000 3
1761 1.000000 4
1765 1.000000 4
1770 0.000000 5
1773 -1.000000 3
1778 1.000000 5
1782 1.000000 4
1786 1.000000 4
1790 -1.000000 4
1795 1.000000 5
1799 1.000000 4
1803 1.000000 4
1808 1.000000 5
1813 0.000000 5
1817 -1.000000 4
1820 1.000000 3
1824 -1.000000 4
1829 1.000000 5
1832 -1.000000 3
1836 1.000000 4
1841 1.000000 5
1846 1.000000 5
1850 -1.000000 4
1854 1.000000 4
1858 -1.000000 4
1863 1.000000 5
1866 1.000000 3
1869 1.000000 3
1872 1.000000 3
1876 1.000000 4
1880 -1.000000 4
1885 1.000000 5
1890 1.000000 5
1893 -1.000000 3
1897 -1.000000 4
1901 -1.000000 4
1906 0.000000 5
1910 1.000000 4
1915 1.000000 5
1918 1.000000 3
1922 1.000000 4
1925 -1.000000 3
1929 1.000000 4
1934 1.000000 5
1939 1.000000 5
1942 1.000000 3
1947 1.000000 5
1952 1.000000 5
1956 1.000000 4
1960 1.000000 4
1965 0.000000 5
1969 1.000000 4
1973 -1.000000 4
1977 1.000000 4
1981 -1.000000 4
1984 1.000000 3
1989 1.000000 5
1994 0.000000 5
1998 1.000000 4
2003 1.000000 5
2007 1.000000 4
2010 1.000000 3
2015 1.000000 5
2020 1.000000 5
2024 -1.000000 4
2028 1.000000 4
2032 1.000000 4
2036 1.000000 4
2041 1.000000 5
2045 1.000000 4
2050 1.000000 5
2054 1.000000 4
2058 -1.000000 4
2063 1.000000 5
2067 1.000000 4
2072 1.000000 5
2076 1.000000 4
2079 -1.000000 3
2082 -1.000000 3
2087 1.000000 5
2092 1.000000 5
2096 1.000000 4
2100 -1.000000 4
2104 1.000000 4
2108 1.000000 4
2112 -1.000000 4
2116 -1.000000 4
2120 1.000000 4
2124 -1.000000 4
2129 0.000000 5
2134 1.000000 5
2138 -1.000000 4
2141 1.000000 3
2145 1.000000 4
2150 0.000000 5
2155 0.000000 5
2159 1.000000 4
2163 -1.000000 4
2168 1.000000 5
2171 1.000000 3
2174 1.000000 3
2177 -1.000000 3
2180 -1.000000 3
2183 -1.000000 3
2188 1.000000 5
2192 1.000000 4
2196 -1.000000 4
2200 1.000000 4
2205 0.000000 5
2210 1.000000 5
2214 1.000000 4
2218 -1.000000 4
2221 1.000000 3
2225 1.000000 4
2229 1.000000 4
2233 1.000000 4
2237 1.000000 4
2240 -1.000000 3
2244 1.000000 4
2248 1.000000 4
2252 -1.000000 4
2255 -1.000000 3
2260 1.000000 5
2265 1.000000 5
2268 1.000000 3
2273 1.000000 5
2277 -1.000000 4
2282 1.000000 5
2286 -1.000000 4
2290 -1.000000 4
2295 1.000000 5
2299 1.000000 4
2303 -1.000000 4
2308 1.000000 5
2311 1.000000 3
2315 1.000000 4
2319 -1.000000 4
2323 -1.000000 4
2328 1.000000 5
2333 0.000000 5
2336 1.000000 3
2341 1.000000 5
2345 1.000000 4
2349 -1.000000 4
2352 1.000000 3
2355 -1.000000 3
2360 0.000000 5
2363 1.000000 3
2367 1.000000 4
2371 1.000000 4
2376 0.000000 5
2381 0.000000 5
2385 1.000000 4
2389 1.000000 4
2393 1.000000 4
2397 -1.000000 4
2402 1.000000 5
2406 -1.000000 4
2410 1.000000 4
2415 0.000000 5
2418 1.000000 3
2423 1.000000 5
2427 1.000000 4
2432 1.000000 5
2436 1.000000 4
2440 -1.000000 4
2444 1.000000 4
2448 1.000000 4
2452 1.000000 4
2457 1.000000 5
2461 -1.000000 4
2465 1.000000 4
2469 1.000000 4
2473 -1.000000 4
2476 1.000000 3
2481 1.000000 5
2486 1.000000 5
2491 1.000000 5
2496 1.000000 5
2500 1.000000 4
2504 -1.000000 4
2508 1.000000 4
2513 0.000000 5
2517 -1.000000 4
2522 1.000000 5
2526 -1.000000 4
2529 -1.000000 3
2532 1.000000 3
2536 1.000000 4
2540 1.000000 4
2544 1.000000 4
2547 1.000000 3
2552 1.000000 5
2556 1.000000 4
2561 1.000000 5
2565 1.000000 4
2569 -1.000000 4
2572 -1.000000 3
2577 1.000000 5
2582 1.000000 5
2585 -1.000000 3
2589 -1.000000 4
2594 0.000000 5
2599 1.000000 5
2603 1.000000 4
2608 1.000000 5
2613 0.000000 5
2618 0.000000 5
2623 0.000000 5
2628 1.000000 5
2632 1.000000 4
2635 -1.000000 3
2640 1.000000 5
2645 1.000000 5
2649 -1.000000 4
2653 1.000000 4
2656 1.000000 3
2661 1.000000 5
2666 0.000000 5
2671 0.000000 5
2675 1.000000 4
2680 0.000000 5
2685 0.000000 5
2688 -1.000000 3
2692 -1.000000 4
2697 1.000000 5
2701 -1.000000 4
2706 0.000000 5
2711 1.000000 5
2716 0.000000 5
2721 1.000000 5
2725 1.000000 4
2730 1.000000 5
2734 -1.000000 4
2738 1.000000 4
2742 1.000000 4
2747 1.000000 5
2751 1.000000 4
2755 1.000000 4
2759 1.000000 4
2763 -1.000000 4
2768 1.000000 5
2773 1.000000 5
2777 1.000000 4
2781 -1.000000 4
2784 1.000000 3
2787 1.000000 3
2791 -1.000000 4
2794 1.000000 3
2799 1.000000 5
2803 1.000000 4
2807 1.000000 4
2810 -1.000000 3
2815 1.000000 5
2818 -1.000000 3
2823 0.000000 5
2828 1.000000 5
2832 1.000000 4
2836 1.000000 4
2841 1.000000 5
2845 -1.000000 4
2850 1.000000 5
2855 1.000000 5
2858 1.000000 3
2863 0.000000 5
2868 1.000000 5
2872 1.000000 4
2877 1.000000 5
2882 1.000000 5
2886 -1.000000 4
2891 1.000000 5
2895 1.000000 4
2898 -1.000000 3
2902 1.000000 4
2906 -1.000000 4
2910 -1.000000 4
2915 1.000000 5
2920 1.000000 5
2924 -1.000000 4
2929 1.000000 5
2933 1.000000 4
2937 1.000000 4
2942 0.000000 5
2946 -1.000000 4
2951 1.000000 5
2956 1.000000 5
2960 1.000000 4
2964 -1.000000 4
2968 1.000000 4
2972 -1.000000 4
2976 -1.000000 4
2981 0.000000 5
2985 1.000000 4
2990 1.000000 5
2995 0.000000 5
2999 -1.000000 4
3003 -1.000000 4
3006 1.000000 3
3010 1.000000 4
3014 1.000000 4
3017 1.000000 3
3021 -1.000000 4
3025 1.000000 4
3029 -1.000000 4
3033 1.000000 4
3038 1.000000 5
3043 0.000000 5
3047 -1.000000 4
3051 1.000000 4
3055 -1.000000 4
3058 1.000000 3
3062 1.000000 4
3065 -1.000000 3
3070 1.000000 5
3074 -1.000000 4
3078 -1.000000 4
3083 1.000000 5
3088 1.000000 5
3093 1.000000 5
3097 -1.000000 4
3100 -1.000000 3
3105 1.000000 5
3110 1.000000 5
3115 1.000000 5
3119 1.000000 4
3122 1.000000 3
3126 -1.000000 4
3130 1.000000 4
3134 1.000000 4
3139 1.000000 5
3143 1.000000 4
3148 1.000000 5
3152 -1.000000 4
3156 1.000000 4
3161 1.000000 5
3166 1.000000 5
3171 1.000000 5
3176 1.000000 5
3179 1.000000 3
3183 -1.000000 4
3187 1.000000 4
3191 1.000000 4
3195 -1.000000 4
3198 -1.000000 3
3202 1.000000 4
3206 1.000000 4
3210 1.000000 4
3213 -1.000000 3
3217 1.000000 4
3221 1.000000 4
3225 1.000000 4
3229 1.000000 4
3234 1.000000 5
3237 1.000000 3
3242 1.000000 5
3246 1.000000 4
3250 1.000000 4
3254 1.000000 4
3258 1.000000 4
3261 -1.000000 3
3266 1.000000 5
3271 1.000000 5
3275 1.000000 4
3279 -1.000000 4
3284 0.000000 5
3288 -1.000000 4
3292 -1.000000 4
3296 -1.000000 4
3300 1.000000 4
3305 1.000000 5
3308 -1.000000 3
3312 1.000000 4
3316 1.000000 4
3320 -1.000000 4
3325 1.000000 5
3330 1.000000 5
3334 1.000000 4
3339 0.000000 5
3342 1.000000 3
3347 1.000000 5
3350 1.000000 3
3353 1.000000 3
3357 -1.000000 4
3360 1.000000 3
3364 1.000000 4
3367 -1.000000 3
3372 0.000000 5
3377 1.000000 5
3381 1.000000 4
3386 1.000000 5
3390 1.000000 4
3395 0.000000 5
3400 0.000000 5
3403 -1.000000 3
3407 1.000000 4
3410 -1.000000 3
3414 -1.000000 4
3418 1.000000 4
3421 1.000000 3
3426 1.000000 5
3431 1.000000 5
3435 1.000000 4
3440 0.000000 5
3444 -1.000000 4
3449 1.000000 5
3453 -1.000000 4
3457 -1.000000 4
3461 1.000000 4
3465 1.000000 4
3469 1.000000 4
3474 1.000000 5
3478 -1.000000 4
3483 1.000000 5
3487 1.000000 4
3491 1.000000 4
3496 1.000000 5
3499 -1.000000 3
3503 -1.000000 4
3507 1.000000 4
3511 1.000000 4
3516 0.000000 5
3521 0.000000 5
3525 1.000000 4
3530 1.000000 5
3534 1.000000 4
3539 0.000000 5
3543 1.000000 4
3548 0.000000 5
3552 1.000000 4
3555 1.000000 3
3558 1.000000 3
3563 1.000000 5
3568 1.000000 5
3572 1.000000 4
3576 1.000000 4
3580 1.000000 4
3583 1.000000 3
3587 -1.000000 4
3592 0.000000 5
3597 1.000000 5
3602 1.000000 5
3606 1.000000 4
3611 1.000000 5
3614 1.000000 3
3617 -1.000000 3
3620 1.000000 3
3624 1.000000 4
3629 0.000000 5
3633 -1.000000 4
3638 0.000000 5
3641 -1.000000 3
3646 0.000000 5
3650 -1.000000 4
3653 1.000000 3
3656 1.000000 3
3661 0.000000 5
3664 1.000000 3
3669 0.000000 5
3673 -1.000000 4
3677 -1.000000 4
3682 1.000000 5
3687 1.000000 5
3691 -1.000000 4
3694 -1.000000 3
3697 1.000000 3
3702 1.000000 5
3705 1.000000 3
3710 0.000000 5
3713 1.000000 3
3717 -1.000000 4
3721 -1.000000 4
3724 1.000000 3
3729 0.000000 5
3732 1.000000 3
3736 1.000000 4
3740 1.000000 4
3743 -1.000000 3
3747 1.000000 4
3751 1.000000 4
3755 1.000000 4
3759 -1.000000 4
3764 1.000000 5
3768 -1.000000 4
3772 1.000000 4
3775 1.000000 3
3779 -1.000000 4
3782 -1.000000 3
3787 1.000000 5
3791 -1.000000 4
3796 0.000000 5
3799 1.000000 3
3804 0.000000 5
3809 0.000000 5
3812 1.000000 3
3817 1.000000 5
3820 1.000000 3
3824 1.000000 4
3828 1.000000 4
3833 1.000000 5
3837 1.000000 4
3841 -1.000000 4
3844 -1.000000 3
3848 -1.000000 4
3852 -1.000000 4
3856 1.000000 4
3860 1.000000 4
3865 1.000000 5
3868 -1.000000 3
3872 -1.000000 4
3876 1.000000 4
3880 1.000000 4
3884 1.000000 4
3888 -1.000000 4
3892 1.000000 4
3896 1.000000 4
3901 0.000000 5
3904 1.000000 3
3908 1.000000 4
3912 1.000000 4
3915 1.000000 3
3919 1.000000 4
3923 1.000000 4
3928 1.000000 5
3932 1.000000 4
3936 -1.000000 4
3940 1.000000 4
3945 0.000000 5
3949 1.000000 4
3952 1.000000 3
3956 1.000000 4
3960 -1.000000 4
3964 1.000000 4
3968 1.000000 4
3972 1.000000 4
3975 -1.000000 3
3980 0.000000 5
3984 1.000000 4
3989 1.000000 5
3994 1.000000 5
3999 1.000000 5
4003 1.000000 4
4007 1.000000 4
4011 1.000000 4
4016 1.000000 5
4021 0.000000 5
4025 1.000000 4
4030 1.000000 5
4034 -1.000000 4
4038 -1.000000 4
4043 0.000000 5
4047 1.000000 4
4051 -1.000000 4
4055 1.000000 4
4060 0.000000 5
4065 1.000000 5
4069 -1.000000 4
4073 -1.000000 4
4076 -1.000000 3
4080 1.000000 4
4085 0.000000 5
4088 1.000000 3
4092 -1.000000 4
4096 -1.000000 4
4100 -1.000000 4
4104 1.000000 4
4108 1.000000 4
4111 -1.000000 3
4116 0.000000 5
4120 1.000000 4
4125 0.000000 5
4129 1.000000 4
4132 1.000000 3
4137 1.000000 5
4140 1.000000 3
4145 1.000000 5
4149 -1.000000 4
4153 1.000000 4
4158 1.000000 5
4163 0.000000 5
4166 1.000000 3
4171 1.000000 5
4174 1.000000 3
4178 1.000000 4
4183 0.000000 5
4188 1.000000 5
4191 1.000000 3
4195 1.000000 4
4199 1.000000 4
4203 1.000000 4
4208 1.000000 5
4212 1.000000 4
4216 1.000000 4
4220 1.000000 4
4224 1.000000 4
4228 1.000000 4
4232 -1.000000 4
4235 -1.000000 3
4240 1.000000 5
4245 0.000000 5
4248 1.000000 3
4252 -1.000000 4
4257 0.000000 5
4261 -1.000000 4
4266 0.000000 5
4271 1.000000 5
4275 1.000000 4
4279 1.000000 4
4283 1.000000 4
4288 1.000000 5
4293 0.000000 5
4298 1.000000 5
4302 1.000000 4
4307 1.000000 5
4311 -1.000000 4
4315 1.000000 4
4318 1.000000 3
4323 1.000000 5
4327 1.000000 4
4331 -1.000000 4
4335 1.000000 4
4340 0.000000 5
4345 1.000000 5
4348 -1.000000 3
4351 1.000000 3
4356 1.000000 5
4360 -1.000000 4
4364 -1.000000 4
4369 0.000000 5
4372 1.000000 3
4377 0.000000 5
4381 1.000000 4
4385 1.000000 4
4389 -1.000000 4
4393 -1.000000 4
4398 1.000000 5
4403 1.000000 5
4408 0.000000 5
4413 1.000000 5
4418 0.000000 5
4422 -1.000000 4
4426 1.000000 4
4431 1.000000 5
4436 0.000000 5
4440 -1.000000 4
4444 1.000000 4
4449 0.000000 5
4454 0.000000 5
4457 -1.000000 3
4462 1.000000 5
4466 1.000000 4
4470 1.000000 4
4475 1.000000 5
4478 -1.000000 3
4482 1.000000 4
4487 0.000000 5
4491 -1.000000 4
4494 -1.000000 3
4497 1.000000 3
4502 0.000000 5
4505 -1.000000 3
4508 1.000000 3
4512 1.000000 4
4516 1.000000 4
4521 1.000000 5
4525 -1.000000 4
4529 1.000000 4
4534 1.000000 5
4539 1.000000 5
4543 1.000000 4
4548 1.000000 5
4553 1.000000 5
4556 -1.000000 3
4560 1.000000 4
4565 0.000000 5
4570 0.000000 5
4575 1.000000 5
4579 1.000000 4
4583 -1.000000 4
4587 1.000000 4
4591 -1.000000 4
4595 -1.000000 4
4598 1.000000 3
4602 1.000000 4
4606 1.000000 4
4611 1.000000 5
4615 1.000000 4
4618 -1.000000 3
4622 -1.000000 4
4626 1.000000 4
4630 1.000000 4
4635 1.000000 5
4640 0.000000 5
4644 1.000000 4
4647 1.000000 3
4652 1.000000 5
4656 -1.000000 4
4659 -1.000000 3
4662 1.000000 3
4666 1.000000 4
4670 -1.000000 4
4675 0.000000 5
4679 -1.000000 4
4683 -1.000000 4
4688 1.000000 5
4692 1.000000 4
4696 1.000000 4
4701 0.000000 5
4706 1.000000 5
4710 -1.000000 4
4713 -1.000000 3
4717 1.000000 4
4721 1.000000 4
4726 0.000000 5
4731 1.000000 5
4736 0.000000 5
4740 -1.000000 4
4744 1.000000 4
4747 -1.000000 3
4751 1.000000 4
4754 1.000000 3
4758 1.000000 4
4762 1.000000 4
4766 1.000000 4
4770 1.000000 4
4773 1.000000 3
4777 1.000000 4
4780 1.000000 3
4785 1.000000 5
4789 -1.000000 4
4794 1.000000 5
4798 -1.000000 4
4803 0.000000 5
4807 1.000000 4
4812 1.000000 5
4816 1.000000 4
4820 1.000000 4
4824 1.000000 4
4828 -1.000000 4
4832 -1.000000 4
4836 -1.000000 4
4841 0.000000 5
4845 -1.000000 4
4849 1.000000 4
4852 -1.000000 3
4855 1.000000 3
4859 1.000000 4
4864 0.000000 5
4869 1.000000 5
4874 0.000000 5
4878 1.000000 4
4883 1.000000 5
4887 1.000000 4
4891 1.000000 4
4894 -1.000000 3
4899 0.000000 5
4903 -1.000000 4
4906 1.000000 3
4911 0.000000 5
4915 1.000000 4
4919 1.000000 4
4923 1.000000 4
4926 1.000000 3
4931 0.000000 5
4934 -1.000000 3
4938 -1.000000 4
4943 0.000000 5
4946 1.000000 3
4951 1.000000 5
4956 1.000000 5
4959 -1.000000 3
4963 -1.000000 4
4967 1.000000 4
4970 -1.000000 3
4974 1.000000 4
4977 -1.000000 3
4981 1.000000 4
4984 -1.000000 3
4988 -1.000000 4
4993 1.000000 5
4996 1.000000 3
4999 1.000000 3
5003 -1.000000 4
5007 1.000000 4
5012 0.000000 5
5017 1.000000 5
5022 0.000000 5
5025 1.000000 3
5029 -1.000000 4
5033 1.000000 4
5037 -1.000000 4
5041 1.000000 4
5046 1.000000 5
5049 1.000000 3
5052 -1.000000 3
5057 0.000000 5
5061 1.000000 4
5065 1.000000 4
5068 1.000000 3
5072 -1.000000 4
5075 -1.000000 3
5080 0.000000 5
5084 1.000000 4
5088 1.000000 4
5093 1.000000 5
5096 1.000000 3
5100 1.000000 4
5105 1.000000 5
5109 1.000000 4
5113 1.000000 4
5117 1.000000 4
5121 1.000000 4
5125 1.000000 4
5129 -1.000000 4
5132 -1.000000 3
5135 1.000000 3
5140 1.000000 5
5145 0.000000 5
5150 0.000000 5
5154 -1.000000 4
5158 -1.000000 4
5163 0.000000 5
5168 0.000000 5
5173 1.000000 5
5177 1.000000 4
5182 0.000000 5
5187 1.000000 5
5191 -1.000000 4
5196 1.000000 5
5200 1.000000 4
5205 1.000000 5
5210 1.000000 5
5215 0.000000 5
5219 1.000000 4
5223 1.000000 4
5226 1.000000 3
5231 1.000000 5
5235 1.000000 4
5239 -1.000000 4
5243 1.000000 4
5248 1.000000 5
5251 -1.000000 3
5255 -1.000000 4
5258 1.000000 3
5263 0.000000 5
5268 1.000000 5
5271 1.000000 3
5275 1.000000 4
5280 1.000000 5
5283 1.000000 3
5288 1.000000 5
5293 1.000000 5
5298 0.000000 5
5302 1.000000 4
5307 1.000000 5
5311 -1.000000 4
5315 1.000000 4
5318 1.000000 3
5321 -1.000000 3
5325 -1.000000 4
5328 1.000000 3
5332 -1.000000 4
5336 1.000000 4
5340 1.000000 4
5344 -1.000000 4
5348 -1.000000 4
5352 1.000000 4
5357 0.000000 5
5362 1.000000 5
5366 -1.000000 4
5369 -1.000000 3
5372 1.000000 3
5377 1.000000 5
5381 1.000000 4
5386 0.000000 5
5390 -1.000000 4
5393 -1.000000 3
5397 1.000000 4
5402 1.000000 5
5407 0.000000 5
5411 1.000000 4
5415 1.000000 4
5420 1.000000 5
5425 1.000000 5
5429 1.000000 4
5433 -1.000000 4
5438 1.000000 5
5442 -1.000000 4
5447 1.000000 5
5451 1.000000 4
5456 0.000000 5
5461 0.000000 5
5466 1.000000 5
5471 1.000000 5
5475 -1.000000 4
5478 1.000000 3
5483 1.000000 5
5488 1.000000 5
5492 1.000000 4
5496 1.000000 4
5500 1.000000 4
5504 1.000000 4
5507 -1.000000 3
5511 -1.000000 4
5516 0.000000 5
5521 1.000000 5
5524 1.000000 3
5528 -1.000000 4
5531 -1.000000 3
5536 1.000000 5
5540 1.000000 4
5545 0.000000 5
5548 -1.000000 3
5552 1.000000 4
5555 -1.000000 3
5560 0.000000 5
5564 -1.000000 4
5569 0.000000 5
5574 0.000000 5
5579 1.000000 5
5583 -1.000000 4
5587 1.000000 4
5591 -1.000000 4
5596 0.000000 5
5600 -1.000000 4
5603 -1.000000 3
5606 1.000000 3
5610 -1.000000 4
5613 1.000000 3
5617 -1.000000 4
5621 -1.000000 4
5626 1.000000 5
5630 -1.000000 4
5633 1.000000 3
5637 -1.000000 4
5642 1.000000 5
5645 -1.000000 3
5650 1.000000 5
5655 1.000000 5
5659 -1.000000 4
5663 -1.000000 4
5667 -1.000000 4
5672 1.000000 5
5677 0.000000 5
5681 -1.000000 4
5685 1.000000 4
5688 1.000000 3
5693 0.000000 5
5697 1.000000 4
5701 1.000000 4
5706 1.000000 5
5711 1.000000 5
5714 -1.000000 3
5719 1.000000 5
5724 0.000000 5
5728 1.000000 4
5732 -1.000000 4
5736 1.000000 4
5741 0.000000 5
5746 0.000000 5
5750 1.000000 4
5753 -1.000000 3
5758 1.000000 5
5762 1.000000 4
5766 -1.000000 4
5771 0.000000 5
5775 1.000000 4
5778 1.000000 3
5783 0.000000 5
5788 1.000000 5
5792 1.000000 4
5797 0.000000 5
5801 1.000000 4
5806 1.000000 5
5810 1.000000 4
5814 -1.000000 4
5819 1.000000 5
5824 1.000000 5
5828 1.000000 4
5833 1.000000 5
5837 -1.000000 4
5842 1.000000 5
5846 1.000000 4
5850 -1.000000 4
5854 1.000000 4
5858 1.000000 4
5861 -1.000000 3
5865 -1.000000 4
5869 1.000000 4
5873 1.000000 4
5878 1.000000 5
5882 1.000000 4
5886 1.000000 4
5890 1.000000 4
5894 -1.000000 4
5897 -1.000000 3
5901 1.000000 4
5905 -1.000000 4
5910 1.000000 5
5914 -1.000000 4
5917 -1.000000 3
5920 1.000000 3
5924 1.000000 4
5928 -1.000000 4
5932 -1.000000 4
5936 1.000000 4
5941 1.000000 5
5946 0.000000 5
5950 -1.000000 4
5954 1.000000 4
5958 1.000000 4
5963 0.000000 5
5967 1.000000 4
5971 1.000000 4
5975 1.000000 4
5979 1.000000 4
5984 1.000000 5
5989 0.000000 5
5993 1.000000 4
5997 1.000000 4
6001 1.000000 4
6006 0.000000 5
6011 1.000000 5
6016 1.000000 5
6019 1.000000 3
6024 0.000000 5
6027 -1.000000 3
6031 -1.000000 4
6036 0.000000 5
6041 0.000000 5
6045 1.000000 4
6049 1.000000 4
6052 1.000000 3
6056 -1.000000 4
6060 -1.000000 4
6064 -1.000000 4
6068 1.000000 4
6071 -1.000000 3
6075 1.000000 4
6079 1.000000 4
6083 1.000000 4
6087 -1.000000 4
6091 1.000000 4
6095 1.000000 4
6099 -1.000000 4
6102 -1.000000 3
6105 -1.000000 3
6109 1.000000 4
6114 1.000000 5
6118 1.000000 4
6121 1.000000 3
6124 -1.000000 3
6128 1.000000 4
6131 1.000000 3
6135 -1.000000 4
6140 1.000000 5
6144 1.000000 4
6149 0.000000 5
6154 1.000000 5
6158 1.000000 4
6163 0.000000 5
6166 1.000000 3
6170 1.000000 4
6174 1.000000 4
6179 0.000000 5
6182 1.000000 3
6185 1.000000 3
6190 1.000000 5
6194 1.000000 4
6198 -1.000000 4
6202 1.000000 4
6205 -1.000000 3
6208 -1.000000 3
6212 -1.000000 4
6216 -1.000000 4
6219 -1.000000 3
6224 0.000000 5
6229 1.000000 5
6234 0.000000 5
6238 1.000000 4
6242 1.000000 4
6246 1.000000 4
6250 -1.000000 4
6254 -1.000000 4
6258 -1.000000 4
6262 -1.000000 4
6266 1.000000 4
6270 -1.000000 4
6275 0.000000 5
6279 1.000000 4
6283 -1.000000 4
6288 1.000000 5
6291 1.000000 3
6295 -1.000000 4
6299 -1.000000 4
6302 1.000000 3
6306 -1.000000 4
6309 -1.000000 3
6312 1.000000 3
6316 -1.000000 4
6320 1.000000 4
6324 1.000000 4
6327 -1.000000 3
6332 1.000000 5
6337 1.000000 5
6341 1.000000 4
6346 1.000000 5
6349 1.000000 3
6354 1.000000 5
6359 0.000000 5
6363 1.000000 4
6367 1.000000 4
6372 1.000000 5
6377 1.000000 5
6381 1.000000 4
6386 0.000000 5
6391 1.000000 5
6395 1.000000 4
6399 1.000000 4
6403 -1.000000 4
6408 1.000000 5
6412 1.000000 4
6417 1.000000 5
6422 1.000000 5
6427 1.000000 5
6430 1.000000 3
6434 -1.000000 4
6439 1.000000 5
6442 1.000000 3
6446 -1.000000 4
6450 1.000000 4
6453 1.000000 3
6458 0.000000 5
6462 1.000000 4
6467 0.000000 5
6471 1.000000 4
6476 0.000000 5
6481 1.000000 5
6486 1.000000 5
6489 -1.000000 3
6492 1.000000 3
6497 1.000000 5
6502 1.000000 5
6506 1.000000 4
6510 -1.000000 4
6513 1.000000 3
6518 0.000000 5
6522 -1.000000 4
6527 0.000000 5
6531 1.000000 4
6536 0.000000 5
6540 1.000000 4
6544 1.000000 4
6549 1.000000 5
6554 1.000000 5
6558 1.000000 4
6561 1.000000 3
6566 0.000000 5
6571 0.000000 5
6576 1.000000 5
6581 1.000000 5
6584 -1.000000 3
6587 -1.000000 3
6592 1.000000 5
6596 1.000000 4
6601 1.000000 5
6606 0.000000 5
6610 1.000000 4
6614 1.000000 4
6618 1.000000 4
6621 1.000000 3
6625 1.000000 4
6629 -1.000000 4
6634 0.000000 5
6639 1.000000 5
6642 1.000000 3
6646 1.000000 4
6650 1.000000 4
6654 1.000000 4
6658 -1.000000 4
6663 1.000000 5
6667 -1.000000 4
6671 1.000000 4
6675 1.000000 4
6679 1.000000 4
6683 1.000000 4
6687 -1.000000 4
6692 1.000000 5
6695 1.000000 3
6699 -1.000000 4
6703 1.000000 4
6707 -1.000000 4
6711 -1.000000 4
6716 0.000000 5
6721 1.000000 5
6725 1.000000 4
6728 1.000000 3
6732 -1.000000 4
6736 -1.000000 4
6740 1.000000 4
6745 1.000000 5
6749 1.000000 4
6752 1.000000 3
6756 -1.000000 4
6760 1.000000 4
6763 1.000000 3
6766 1.000000 3
6770 -1.000000 4
6775 1.000000 5
6779 1.000000 4
6783 1.000000 4
6788 1.000000 5
6792 1.000000 4
6796 -1.000000 4
6800 1.000000 4
6804 -1.000000 4
6808 -1.000000 4
6813 0.000000 5
6817 1.000000 4
6821 1.000000 4
6824 1.000000 3
6829 1.000000 5
6834 0.000000 5
6837 1.000000 3
6842 0.000000 5
6846 1.000000 4
6851 1.000000 5
6855 -1.000000 4
6859 1.000000 4
6864 1.000000 5
6869 1.000000 5
6874 1.000000 5
6877 1.000000 3
6881 -1.000000 4
6885 1.000000 4
6889 1.000000 4
6892 -1.000000 3
6896 -1.000000 4
6900 -1.000000 4
6904 -1.000000 4
6907 1.000000 3
6911 1.000000 4
6915 -1.000000 4
6918 -1.000000 3
6921 1.000000 3
6924 1.000000 3
6928 1.000000 4
6933 1.000000 5
6937 1.000000 4
6940 -1.000000 3
6944 -1.000000 4
6948 1.000000 4
6951 1.000000 3
6955 -1.000000 4
6958 1.000000 3
6961 1.000000 3
6965 1.000000 4
6970 1.000000 5
6974 -1.000000 4
6979 0.000000 5
6982 1.000000 3
6986 1.000000 4
6989 1.000000 3
6994 1.000000 5
6999 0.000000 5
7002 1.000000 3
7007 0.000000 5
7010 1.000000 3
7015 1.000000 5
7020 1.000000 5
7024 1.000000 4
7028 1.000000 4
7032 1.000000 4
7036 -1.000000 4
7041 1.000000 5
7046 1.000000 5
7050 -1.000000 4
7055 0.000000 5
7060 0.000000 5
7063 -1.000000 3
7066 1.000000 3
7070 -1.000000 4
7075 0.000000 5
7080 0.000000 5
7084 -1.000000 4
7088 1.000000 4
7092 -1.000000 4
7097 1.000000 5
7101 1.000000 4
7105 1.000000 4
7110 1.000000 5
7113 -1.000000 3
7117 1.000000 4
7121 1.000000 4
7125 -1.000000 4
7128 -1.000000 3
7133 1.000000 5
7138 1.000000 5
7141 1.000000 3
7146 1.000000 5
7151 1.000000 5
7156 1.000000 5
7160 -1.000000 4
7165 1.000000 5
7169 -1.000000 4
7172 1.000000 3
7176 1.000000 4
7180 1.000000 4
7183 1.000000 3
7187 1.000000 4
7190 1.000000 3
7194 1.000000 4
7197 -1.000000 3
7202 1.000000 5
7207 0.000000 5
7211 1.000000 4
7215 1.000000 4
7220 1.000000 5
7224 -1.000000 4
7229 1.000000 5
7234 0.000000 5
7239 0.000000 5
7242 -1.000000 3
7246 1.000000 4
7249 -1.000000 3
7253 1.000000 4
7256 -1.000000 3
7260 1.000000 4
7265 1.000000 5
7268 1.000000 3
7272 -1.000000 4
7276 1.000000 4
7281 1.000000 5
7285 -1.000000 4
7288 -1.000000 3
7293 0.000000 5
7297 1.000000 4
7301 1.000000 4
7306 1.000000 5
7311 1.000000 5
7316 0.000000 5
7320 1.000000 4
7324 -1.000000 4
7329 0.000000 5
7333 1.000000 4
7338 1.000000 5
7342 1.000000 4
7346 -1.000000 4
7351 0.000000 5
7355 -1.000000 4
7358 1.000000 3
7363 1.000000 5
7368 0.000000 5
7373 0.000000 5
7376 -1.000000 3
7381 1.000000 5
7386 1.000000 5
7391 1.000000 5
7395 1.000000 4
7400 1.000000 5
7405 1.000000 5
7408 -1.000000 3
7412 1.000000 4
7417 1.000000 5
7421 1.000000 4
7425 -1.000000 4
7429 1.000000 4
7433 -1.000000 4
7436 1.000000 3
7440 1.000000 4
7444 1.000000 4
7447 1.000000 3
7451 1.000000 4
7456 1.000000 5
7461 1.000000 5
7466 1.000000 5
7470 1.000000 4
7474 1.000000 4
7479 0.000000 5
7483 1.000000 4
7486 1.000000 3
7490 1.000000 4
7494 1.000000 4
7499 1.000000 5
7504 0.000000 5
7508 1.000000 4
7513 0.000000 5
7517 1.000000 4
7521 1.000000 4
7525 -1.000000 4
7529 1.000000 4
7533 1.000000 4
7537 -1.000000 4
7541 -1.000000 4
7545 1.000000 4
7548 -1.000000 3
7551 1.000000 3
7556 0.000000 5
7560 1.000000 4
7565 0.000000 5
7569 1.000000 4
7573 -1.000000 4
7576 -1.000000 3
7581 1.000000 5
7586 1.000000 5
7591 1.000000 5
7594 -1.000000 3
7598 1.000000 4
7603 1.000000 5
7608 0.000000 5
7612 1.000000 4
7616 -1.000000 4
7620 1.000000 4
7624 -1.000000 4
7628 -1.000000 4
7632 1.000000 4
7636 1.000000 4
7639 1.000000 3
7644 1.000000 5
7649 0.000000 5
7654 1.000000 5
7659 1.000000 5
7663 1.000000 4
7668 1.000000 5
7672 1.000000 4
7676 1.000000 4
7681 0.000000 5
7684 1.000000 3
7689 1.000000 5
7693 1.000000 4
7698 0.000000 5
7702 -1.000000 4
7706 1.000000 4
7710 1.000000 4
7714 1.000000 4
7717 -1.000000 3
7721 1.000000 4
7725 1.000000 4
7729 -1.000000 4
7732 1.000000 3
7737 1.000000 5
7740 1.000000 3
7744 1.000000 4
7748 1.000000 4
7752 1.000000 4
7756 -1.000000 4
7760 1.000000 4
7763 1.000000 3
7767 1.000000 4
7771 -1.000000 4
7774 1.000000 3
7777 1.000000 3
7781 -1.000000 4
7786 0.000000 5
7791 1.000000 5
7796 1.000000 5
7800 1.000000 4
7804 1.000000 4
7807 1.000000 3
7812 1.000000 5
7816 -1.000000 4
7819 1.000000 3
7824 0.000000 5
7828 1.000000 4
7831 1.000000 3
7835 -1.000000 4
7840 1.000000 5
7845 0.000000 5
7850 1.000000 5
7854 1.000000 4
7859 1.000000 5
7864 1.000000 5
7869 1.000000 5
7873 -1.000000 4
7878 1.000000 5
7881 1.000000 3
7886 1.000000 5
7889 -1.000000 3
7893 1.000000 4
7897 -1.000000 4
7901 -1.000000 4
7905 -1.000000 4
7908 1.000000 3
7913 0.000000 5
7916 -1.000000 3
7919 -1.000000 3
7922 1.000000 3
7926 -1.000000 4
7930 1.000000 4
7934 1.000000 4
7938 -1.000000 4
7942 1.000000 4
7945 -1.000000 3
7948 1.000000 3
7952 -1.000000 4
7956 -1.000000 4
7959 1.000000 3
7962 1.000000 3
7966 -1.000000 4
7969 1.000000 3
7972 1.000000 3
7975 1.000000 3
7980 0.000000 5
7985 0.000000 5
7989 1.000000 4
7993 1.000000 4
7997 1.000000 4
8002 1.000000 5
8005 -1.000000 3
8009 -1.000000 4
8013 1.000000 4
8018 1.000000 5
8022 1.000000 4
8026 1.000000 4
8030 1.000000 4
8034 1.000000 4
8039 1.000000 5
8043 1.000000 4
8046 1.000000 3
8051 0.000000 5
8055 1.000000 4
8059 1.000000 4
8062 1.000000 3
8067 1.000000 5
8071 1.000000 4
8074 1.000000 3
8078 1.000000 4
8082 1.000000 4
8087 0.000000 5
8090 -1.000000 3
8094 1.000000 4
8097 1.000000 3
8100 -1.000000 3
8104 1.000000 4
8108 1.000000 4
8113 1.000000 5
8117 -1.000000 4
8122 1.000000 5
8125 -1.000000 3
8128 1.000000 3
8132 -1.000000 4
8137 0.000000 5
8142 0.000000 5
8147 1.000000 5
8152 0.000000 5
8156 1.000000 4
8160 1.000000 4
8164 1.000000 4
8167 1.000000 3
8172 0.000000 5
8175 1.000000 3
8180 1.000000 5
8185 1.000000 5
8188 1.000000 3
8193 0.000000 5
8198 1.000000 5
8203 1.000000 5
8208 1.000000 5
8213 1.000000 5
8217 -1.000000 4
8220 1.000000 3
8225 1.000000 5
8230 0.000000 5
8235 1.000000 5
8239 -1.000000 4
8242 1.000000 3
8247 1.000000 5
8252 0.000000 5
8255 1.000000 3
8259 -1.000000 4
8262 1.000000 3
8266 -1.000000 4
8270 -1.000000 4
8273 1.000000 3
8277 1.000000 4
8281 1.000000 4
8284 -1.000000 3
8288 -1.000000 4
8293 1.000000 5
8296 1.000000 3
8301 0.000000 5
8305 1.000000 4
8309 1.000000 4
8312 1.000000 3
8315 1.000000 3
8319 1.000000 4
8324 0.000000 5
8328 -1.000000 4
8332 -1.000000 4
8335 1.000000 3
8339 -1.000000 4
8343 1.000000 4
8346 -1.000000 3
8351 1.000000 5
8354 -1.000000 3
8359 1.000000 5
8362 1.000000 3
8366 1.000000 4
8371 1.000000 5
8375 1.000000 4
8379 1.000000 4
8383 1.000000 4
8388 1.000000 5
8393 1.000000 5
8396 1.000000 3
8400 1.000000 4
8405 1.000000 5
8409 1.000000 4
8413 1.000000 4
8418 1.000000 5
8422 -1.000000 4
8427 0.000000 5
8430 1.000000 3
8434 1.000000 4
8439 1.000000 5
8444 0.000000 5
8448 1.000000 4
8452 1.000000 4
8457 1.000000 5
8461 1.000000 4
8466 1.000000 5
8470 1.000000 4
8474 1.000000 4
8479 1.000000 5
8484 1.000000 5
8488 1.000000 4
8493 0.000000 5
8498 1.000000 5
8503 1.000000 5
8508 1.000000 5
8512 1.000000 4
8516 1.000000 4
8519 -1.000000 3
8523 1.000000 4
8528 1.000000 5
8532 1.000000 4
8536 1.000000 4
8540 1.000000 4
8543 -1.000000 3
8548 1.000000 5
8552 1.000000 4
8556 1.000000 4
8559 1.000000 3
8564 1.000000 5
8567 -1.000000 3
8572 1.000000 5
8576 1.000000 4
8579 -1.000000 3
8583 1.000000 4
8588 0.000000 5
8592 1.000000 4
8595 1.000000 3
8600 0.000000 5
8604 1.000000 4
8609 1.000000 5
8613 -1.000000 4
8618 1.000000 5
8621 1.000000 3
8625 1.000000 4
8630 0.000000 5
8635 0.000000 5
8639 1.000000 4
8642 -1.000000 3
8646 -1.000000 4
8651 1.000000 5
8655 1.000000 4
8659 1.000000 4
8663 -1.000000 4
8666 -1.000000 3
8671 1.000000 5
8674 -1.000000 3
8678 1.000000 4
8682 -1.000000 4
8686 1.000000 4
8691 1.000000 5
8695 1.000000 4
8699 1.000000 4
8703 1.000000 4
8706 1.000000 3
8711 1.000000 5
8715 1.000000 4
8720 1.000000 5
8725 1.000000 5
8729 1.000000 4
8733 -1.000000 4
8736 -1.000000 3
8741 1.000000 5
8744 1.000000 3
8749 1.000000 5
8753 1.000000 4
8757 1.000000 4
8762 1.000000 5
8766 -1.000000 4
8770 1.000000 4
8773 1.000000 3
8777 -1.000000 4
8781 1.000000 4
8786 0.000000 5
8790 -1.000000 4
8794 1.000000 4
8798 -1.000000 4
8801 -1.000000 3
8806 1.000000 5
8810 1.000000 4
8813 1.000000 3
8817 -1.000000 4
8822 1.000000 5
8827 0.000000 5
8830 1.000000 3
8835 0.000000 5
8839 1.000000 4
8843 1.000000 4
8847 -1.000000 4
8851 1.000000 4
8855 1.000000 4
8859 1.000000 4
8864 1.000000 5
8867 1.000000 3
8871 1.000000 4
8875 -1.000000 4
8880 1.000000 5
8885 1.000000 5
8890 1.000000 5
8894 1.000000 4
8898 1.000000 4
8902 1.000000 4
8906 -1.000000 4
8909 1.000000 3
8913 -1.000000 4
8918 0.000000 5
8923 1.000000 5
8928 1.000000 5
8932 1.000000 4
8937 0.000000 5
8941 1.000000 4
8945 1.000000 4
8950 1.000000 5
8955 1.000000 5
8960 0.000000 5
8963 1.000000 3
8967 1.000000 4
8971 1.000000 4
8975 1.000000 4
8978 1.000000 3
8982 1.000000 4
8985 1.000000 3
8989 -1.000000 4
8992 1.000000 3
8995 -1.000000 3
8999 1.000000 4
9004 0.000000 5
9008 1.000000 4
9013 1.000000 5
9018 1.000000 5
9022 -1.000000 4
9026 -1.000000 4
9031 1.000000 5
9035 -1.000000 4
9040 1.000000 5
9044 1.000000 4
9048 -1.000000 4
9053 1.000000 5
9057 -1.000000 4
9061 1.000000 4
9065 1.000000 4
9069 1.000000 4
9072 -1.000000 3
9076 -1.000000 4
9079 1.000000 3
9084 0.000000 5
9087 1.000000 3
9091 1.000000 4
9096 1.000000 5
9100 1.000000 4
9105 1.000000 5
9109 -1.000000 4
9114 1.000000 5
9118 1.000000 4
9123 0.000000 5
9126 -1.000000 3
9131 1.000000 5
9134 1.000000 3
9138 -1.000000 4
9143 1.000000 5
9147 1.000000 4
9152 0.000000 5
9156 1.000000 4
9161 1.000000 5
9164 1.000000 3
9169 0.000000 5
9173 1.000000 4
9178 0.000000 5
9183 1.000000 5
9187 1.000000 4
9191 -1.000000 4
9196 0.000000 5
9201 0.000000 5
9206 1.000000 5
9210 1.000000 4
9215 0.000000 5
9219 1.000000 4
9222 1.000000 3
9226 -1.000000 4
9229 1.000000 3
9233 1.000000 4
9238 1.000000 5
9242 -1.000000 4
9247 1.000000 5
9251 1.000000 4
9256 1.000000 5
9259 1.000000 3
9264 0.000000 5
9268 -1.000000 4
9271 -1.000000 3
9276 1.000000 5
9281 1.000000 5
9285 1.000000 4
9288 1.000000 3
9293 1.000000 5
9297 1.000000 4
9302 0.000000 5
9306 1.000000 4
9309 1.000000 3
9313 1.000000 4
9317 1.000000 4
9321 -1.000000 4
9325 -1.000000 4
9329 1.000000 4
9333 1.000000 4
9337 1.000000 4
9341 -1.000000 4
9346 1.000000 5
9350 1.000000 4
9354 -1.000000 4
9359 0.000000 5
9363 1.000000 4
9366 1.000000 3
9371 1.000000 5
9376 0.000000 5
9379 -1.000000 3
9383 1.000000 4
9386 1.000000 3
9391 1.000000 5
9396 1.000000 5
9400 1.000000 4
9405 1.000000 5
9410 1.000000 5
9415 1.000000 5
9418 -1.000000 3
9423 0.000000 5
9427 -1.000000 4
9432 0.000000 5
9436 1.000000 4
9440 1.000000 4
9443 -1.000000 3
9447 -1.000000 4
9451 1.000000 4
9454 1.000000 3
9458 1.000000 4
9463 1.000000 5
9467 1.000000 4
9470 1.000000 3
9473 -1.000000 3
9478 0.000000 5
9482 -1.000000 4
9486 1.000000 4
9490 -1.000000 4
9494 1.000000 4
9499 0.000000 5
9503 -1.000000 4
9508 1.000000 5
9512 1.000000 4
9516 -1.000000 4
9520 -1.000000 4
9524 1.000000 4
9527 1.000000 3
9531 -1.000000 4
9534 -1.000000 3
9538 1.000000 4
9543 0.000000 5
9546 -1.000000 3
9550 1.000000 4
9554 -1.000000 4
9557 -1.000000 3
9561 1.000000 4
9564 1.000000 3
9568 1.000000 4
9572 1.000000 4
9577 1.000000 5
9582 1.000000 5
9587 0.000000 5
9591 -1.000000 4
9594 1.000000 3
9598 -1.000000 4
9603 1.000000 5
9608 1.000000 5
9613 1.000000 5
9617 1.000000 4
9621 1.000000 4
9625 1.000000 4
9629 1.000000 4
9634 1.000000 5
9637 -1.000000 3
9642 1.000000 5
9645 1.000000 3
9649 1.000000 4
9654 1.000000 5
9658 1.000000 4
9662 1.000000 4
9667 1.000000 5
9672 0.000000 5
9677 0.000000 5
9681 1.000000 4
9686 1.000000 5
9691 0.000000 5
9695 1.000000 4
9700 1.000000 5
9705 1.000000 5
9710 1.000000 5
9715 1.000000 5
9720 1.000000 5
9724 -1.000000 4
9728 -1.000000 4
9733 1.000000 5
9738 1.000000 5
9741 -1.000000 3
9745 1.000000 4
9749 -1.000000 4
9754 1.000000 5
9758 1.000000 4
9762 -1.000000 4
9766 1.000000 4
9770 -1.000000 4
9774 1.000000 4
9778 -1.000000 4
9783 0.000000 5
9787 1.000000 4
9791 1.000000 4
9794 1.000000 3
9797 1.000000 3
9801 -1.000000 4
9805 1.000000 4
9808 1.000000 3
9811 1.000000 3
9814 -1.000000 3
9818 -1.000000 4
9822 1.000000 4
9825 1.000000 3
9830 0.000000 5
9834 1.000000 4
9838 1.000000 4
9843 1.000000 5
9847 -1.000000 4
9851 1.000000 4
9854 1.000000 3
9858 1.000000 4
9862 1.000000 4
9866 -1.000000 4
9869 1.000000 3
9873 -1.000000 4
9877 1.000000 4
9882 1.000000 5
9885 1.000000 3
9890 0.000000 5
9894 1.000000 4
9897 1.000000 3
9900 -1.000000 3
9905 0.000000 5
9910 0.000000 5
9913 -1.000000 3
9916 1.000000 3
9921 1.000000 5
9925 -1.000000 4
9929 1.000000 4
9933 -1.000000 4
9937 -1.000000 4
9941 1.000000 4
9944 -1.000000 3
9949 1.000000 5
9952 1.000000 3
9956 1.000000 4
9960 -1.000000 4
9964 -1.000000 4
9969 1.000000 5
9974 1.000000 5
9978 1.000000 4
9981 1.000000 3
9985 -1.000000 4
9989 -1.000000 4
9993 1.000000 4
9996 1.000000 3
10000 1.000000 4
10003 -1.000000 3
10006 -1.000000 3
10009 -1.000000 3
10012 -1.000000 3
10015 -1.000000 3
10018 -1.000000 3
10021 -1.000000 3
10024 -1.000000 3
10027 -1.000000 3
10030 -1.000000 3
10033 -1.000000 3
10036 -1.000000 3
10039 -1.000000 3
10042 -1.000000 3
10045 -1.000000 3
10048 -1.000000 3
10051 -1.000000 3
10054 -1.000000 3
10057 -1.000000 3
10060 -1.000000 3
10063 -1.000000 3
10066 -1.000000 3
10069 -1.000000 3
10072 -1.000000 3
10075 -1.000000 3
10078 -1.000000 3
10081 -1.000000 3
10084 -1.000000 3
10087 -1.000000 3
10090 -1.000000 3
10093 -1.000000 3
10096 -1.000000 3
10099 -1.000000 3
10102 -1.000000 3
10105 -1.000000 3
10108 -1.000000 3
10111 -1.000000 3
10114 -1.000000 3
10119 0.000000 5
10122 -1.000000 3
10125 -1.000000 3
10128 -1.000000 3
10131 -1.000000 3
10134 -1.000000 3
10137 -1.000000 3
10140 -1.000000 3
10143 -1.000000 3
10146 -1.000000 3
10149 -1.000000 3
10152 -1.000000 3
10155 -1.000000 3
10158 -1.000000 3
10161 -1.000000 3
10164 -1.000000 3
10167 -1.000000 3
10170 -1.000000 3
10173 -1.000000 3
10176 -1.000000 3
10179 -1.000000 3
10182 -1.000000 3
10185 -1.000000 3
10188 -1.000000 3
10191 -1.000000 3
10194 -1.000000 3
10197 -1.000000 3
10200 -1.000000 3
10203 -1.000000 3
10206 -1.000000 3
10209 -1.000000 3
10212 -1.000000 3
10215 -1.000000 3
10218 -1.000000 3
10221 -1.000000 3
10224 -1.000000 3
10227 -1.000000 3
10230 -1.000000 3
10233 -1.000000 3
10236 -1.000000 3
10239 -1.000000 3
10242 -1.000000 3
10245 -1.000000 3
10248 -1.000000 3
10251 -1.000000 3
10254 -1.000000 3
10257 -1.000000 3
10260 -1.000000 3
10263 -1.000000 3
10266 -1.000000 3
10269 -1.000000 3
10272 -1.000000 3
10275 -1.000000 3
10278 -1.000000 3
10281 -1.000000 3
10284 -1.000000 3
10287 -1.000000 3
10290 -1.000000 3
10293 -1.000000 3
10296 -1.000000 3
10299 -1.000000 3
10302 -1.000000 3
10305 -1.000000 3
10308 -1.000000 3
10311 -1.000000 3
10314 -1.000000 3
10317 -1.000000 3
10320 -1.000000 3
10323 -1.000000 3
10326 -1.000000 3
10329 -1.000000 3
10332 -1.000000 3
10335 -1.000000 3
10338 -1.000000 3
10341 -1.000000 3
10344 -1.000000 3
10347 -1.000000 3
10350 -1.000000 3
10353 -1.000000 3
10356 -1.000000 3
10359 -1.000000 3
10362 -1.000000 3
10365 -1.000000 3
10368 -1.000000 3
10371 -1.000000 3
10374 -1.000000 3
10377 -1.000000 3
10380 -1.000000 3
10383 -1.000000 3
10386 -1.000000 3
10389 -1.000000 3
10392 -1.000000 3
10395 -1.000000 3
10398 -1.000000 3
10401 -1.000000 3
10404 -1.000000 3
10407 -1.000000 3
10410 -1.000000 3
10413 -1.000000 3
10416 -1.000000 3
10419 -1.000000 3
10422 -1.000000 3
10425 -1.000000 3
10428 -1.000000 3
10431 -1.000000 3
10434 -1.000000 3
10437 -1.000000 3
10440 -1.000000 3
10443 -1.000000 3
10446 -1.000000 3
10449 -1.000000 3
10452 -1.000000 3
10455 -1.000000 3
10458 -1.000000 3
10461 -1.000000 3
10464 -1.000000 3
10467 -1.000000 3
10470 -1.000000 3
10473 -1.000000 3
10476 -1.000000 3
10479 -1.000000 3
10482 -1.000000 3
10485 -1.000000 3
10488 -1.000000 3
10491 -1.000000 3
10494 -1.000000 3
10497 -1.000000 3
10500 -1.000000 3
10503 -1.000000 3
10506 -1.000000 3
10509 -1.000000 3
10512 -1.000000 3
10515 -1.000000 3
10518 -1.000000 3
10521 -1.000000 3
10524 -1.000000 3
10527 -1.000000 3
10530 -1.000000 3
10533 -1.000000 3
10536 -1.000000 3
10539 -1.000000 3
10542 -1.000000 3
10545 -1.000000 3
10548 -1.000000 3
10551 -1.000000 3
10554 -1.000000 3
10557 -1.000000 3
10560 -1.000000 3
10563 -1.000000 3
10566 -1.000000 3
10569 -1.000000 3
10572 -1.000000 3
10575 -1.000000 3
10578 -1.000000 3
10581 -1.000000 3
10584 -1.000000 3
10587 -1.000000 3
10590 -1.000000 3
10593 -1.000000 3
10596 -1.000000 3
10599 -1.000000 3
10602 -1.000000 3
10605 -1.000000 3
10608 -1.000000 3
10611 -1.000000 3
10614 -1.000000 3
10617 -1.000000 3
10620 -1.000000 3
10623 -1.000000 3
10626 -1.000000 3
10629 -1.000000 3
10634 0.000000 5
10637 -1.000000 3
10640 -1.000000 3
10643 -1.000000 3
10646 -1.000000 3
10649 -1.000000 3
10652 -1.000000 3
10655 -1.000000 3
10658 -1.000000 3
10661 -1.000000 3
10664 -1.000000 3
10667 -1.000000 3
10670 -1.000000 3
10673 -1.000000 3
10676 -1.000000 3
10679 -1.000000 3
10682 -1.000000 3
10685 -1.000000 3
10688 -1.000000 3
10691 -1.000000 3
10694 -1.000000 3
10697 -1.000000 3
10700 -1.000000 3
10703 -1.000000 3
10706 -1.000000 3
10709 -1.000000 3
10712 -1.000000 3
10715 -1.000000 3
10718 -1.000000 3
10721 -1.000000 3
10724 -1.000000 3
10727 -1.000000 3
10730 -1.000000 3
10733 -1.000000 3
10736 -1.000000 3
10739 -1.000000 3
10742 -1.000000 3
10745 -1.000000 3
10748 -1.000000 3
10751 -1.000000 3
10754 -1.000000 3
10757 -1.000000 3
10760 -1.000000 3
10763 -1.000000 3
10766 -1.000000 3
10769 -1.000000 3
10772 -1.000000 3
10775 -1.000000 3
10778 -1.000000 3
10781 -1.000000 3
10784 -1.000000 3
10787 -1.000000 3
10790 -1.000000 3
10793 -1.000000 3
10796 -1.000000 3
10799 -1.000000 3
10802 -1.000000 3
10805 -1.000000 3
10808 -1.000000 3
10811 -1.000000 3
10814 -1.000000 3
10817 -1.000000 3
10820 -1.000000 3
10823 -1.000000 3
10826 -1.000000 3
10829 -1.000000 3
10832 -1.000000 3
10835 -1.000000 3
10838 -1.000000 3
10841 -1.000000 3
10844 -1.000000 3
10847 -1.000000 3
10850 -1.000000 3
10853 -1.000000 3
10856 -1.000000 3
10859 -1.000000 3
10862 -1.000000 3
10865 -1.000000 3
10868 -1.000000 3
10871 -1.000000 3
10874 -1.000000 3
10877 -1.000000 3
10880 -1.000000 3
10883 -1.000000 3
10886 -1.000000 3
10889 -1.000000 3
10892 -1.000000 3
10895 -1.000000 3
10898 -1.000000 3
10901 -1.000000 3
10904 -1.000000 3
10907 -1.000000 3
10910 -1.000000 3
10913 -1.000000 3
10916 -1.000000 3
10919 -1.000000 3
10922 -1.000000 3
10925 -1.000000 3
10928 -1.000000 3
10931 -1.000000 3
10934 -1.000000 3
10937 -1.000000 3
10940 -1.000000 3
10943 -1.000000 3
10946 -1.000000 3
10949 -1.000000 3
10952 -1.000000 3
10955 -1.000000 3
10958 -1.000000 3
10961 -1.000000 3
10964 -1.000000 3
10967 -1.000000 3
10970 -1.000000 3
10973 -1.000000 3
10976 -1.000000 3
10979 -1.000000 3
10982 -1.000000 3
10985 -1.000000 3
10988 -1.000000 3
10991 -1.000000 3
10994 -1.000000 3
10997 -1.000000 3
11000 -1.000000 3
11003 1.000000 3
11006 1.000000 3
11009 1.000000 3
11012 1.000000 3
11015 1.000000 3
11019 1.000000 4
11022 -1.000000 3
11025 1.000000 3
11028 -1.000000 3
11032 1.000000 4
11036 1.000000 4
11040 1.000000 4
11043 1.000000 3
11046 1.000000 3
11049 1.000000 3
11052 1.000000 3
11055 1.000000 3
11058 1.000000 3
11061 1.000000 3
11065 1.000000 4
11068 1.000000 3
11071 -1.000000 3
11075 1.000000 4
11078 1.000000 3
11081 1.000000 3
11085 1.000000 4
11088 1.000000 3
11091 1.000000 3
11094 1.000000 3
11097 1.000000 3
11101 -1.000000 4
11104 1.000000 3
11107 1.000000 3
11110 1.000000 3
11113 1.000000 3
11116 -1.000000 3
11119 1.000000 3
11122 1.000000 3
11125 1.000000 3
11128 1.000000 3
11131 1.000000 3
11134 1.000000 3
11137 1.000000 3
11140 1.000000 3
11143 1.000000 3
11146 1.000000 3
11149 1.000000 3
11153 1.000000 4
11157 1.000000 4
11160 1.000000 3
11163 1.000000 3
11167 1.000000 4
11170 1.000000 3
11175 0.000000 5
11178 1.000000 3
11182 1.000000 4
11186 1.000000 4
11189 1.000000 3
11193 1.000000 4
11196 1.000000 3
11199 1.000000 3
11203 1.000000 4
11207 1.000000 4
11210 1.000000 3
11213 1.000000 3
11216 1.000000 3
11219 1.000000 3
11222 1.000000 3
11225 1.000000 3
11228 1.000000 3
11231 1.000000 3
11234 1.000000 3
11237 1.000000 3
11240 1.000000 3
11243 -1.000000 3
11246 1.000000 3
11249 1.000000 3
11253 1.000000 4
11256 1.000000 3
11260 1.000000 4
11263 1.000000 3
11267 1.000000 4
11270 1.000000 3
11274 1.000000 4
11277 1.000000 3
11280 1.000000 3
11283 1.000000 3
11286 1.000000 3
11289 1.000000 3
11292 1.000000 3
11295 1.000000 3
11298 1.000000 3
11301 1.000000 3
11306 1.000000 5
11309 1.000000 3
11312 -1.000000 3
11315 1.000000 3
11319 1.000000 4
11322 1.000000 3
11325 1.000000 3
11328 1.000000 3
11331 1.000000 3
11334 1.000000 3
11337 1.000000 3
11341 1.000000 4
11344 1.000000 3
11347 1.000000 3
11350 1.000000 3
11353 1.000000 3
11356 1.000000 3
11360 1.000000 4
11363 1.000000 3
11367 1.000000 4
11372 0.000000 5
11375 1.000000 3
11378 1.000000 3
11381 1.000000 3
11384 1.000000 3
11387 1.000000 3
11390 1.000000 3
11393 1.000000 3
11397 1.000000 4
11400 1.000000 3
11403 1.000000 3
11406 1.000000 3
11411 0.000000 5
11414 1.000000 3
11417 1.000000 3
11420 1.000000 3
11423 1.000000 3
11427 1.000000 4
11430 1.000000 3
11435 0.000000 5
11439 1.000000 4
11444 0.000000 5
11447 1.000000 3
11450 1.000000 3
11453 1.000000 3
11456 1.000000 3
11459 1.000000 3
11462 1.000000 3
11465 1.000000 3
11468 1.000000 3
11471 1.000000 3
11474 1.000000 3
11477 1.000000 3
11480 1.000000 3
11484 1.000000 4
11487 1.000000 3
11490 1.000000 3
11495 0.000000 5
11498 -1.000000 3
11502 1.000000 4
11505 -1.000000 3
11508 1.000000 3
11512 1.000000 4
11517 0.000000 5
11520 1.000000 3
11523 1.000000 3
11526 1.000000 3
11531 1.000000 5
11536 0.000000 5
11539 1.000000 3
11544 0.000000 5
11547 1.000000 3
11550 1.000000 3
11553 1.000000 3
11556 1.000000 3
11559 1.000000 3
11563 1.000000 4
11566 1.000000 3
11569 1.000000 3
11572 1.000000 3
11575 1.000000 3
11578 1.000000 3
11581 1.000000 3
11584 1.000000 3
11587 1.000000 3
11590 1.000000 3
11594 1.000000 4
11597 1.000000 3
11602 0.000000 5
11606 1.000000 4
11610 1.000000 4
11615 0.000000 5
11618 1.000000 3
11621 1.000000 3
11625 1.000000 4
11628 1.000000 3
11633 0.000000 5
11637 1.000000 4
11640 1.000000 3
11643 1.000000 3
11648 0.000000 5
11651 1.000000 3
11655 1.000000 4
11658 1.000000 3
11662 1.000000 4
11666 1.000000 4
11670 1.000000 4
11674 1.000000 4
11677 1.000000 3
11680 1.000000 3
11683 1.000000 3
11688 0.000000 5
11692 1.000000 4
11695 1.000000 3
11698 1.000000 3
11702 1.000000 4
11706 1.000000 4
11710 1.000000 4
11713 1.000000 3
11716 1.000000 3
11720 1.000000 4
11723 1.000000 3
11727 1.000000 4
11730 1.000000 3
11733 1.000000 3
11736 1.000000 3
11739 -1.000000 3
11742 1.000000 3
11745 1.000000 3
11748 1.000000 3
11751 1.000000 3
11754 1.000000 3
11757 1.000000 3
11760 1.000000 3
11765 0.000000 5
11769 1.000000 4
11772 -1.000000 3
11775 1.000000 3
11778 1.000000 3
11781 1.000000 3
11784 1.000000 3
11789 1.000000 5
11792 1.000000 3
11795 1.000000 3
11798 1.000000 3
11802 1.000000 4
11805 1.000000 3
11808 1.000000 3
11812 1.000000 4
11815 1.000000 3
11819 1.000000 4
11822 1.000000 3
11825 1.000000 3
11828 1.000000 3
11831 1.000000 3
11834 1.000000 3
11837 1.000000 3
11840 1.000000 3
11843 1.000000 3
11847 1.000000 4
11851 1.000000 4
11855 1.000000 4
11860 1.000000 5
11863 -1.000000 3
11866 1.000000 3
11870 1.000000 4
11873 1.000000 3
11877 1.000000 4
11880 1.000000 3
11885 0.000000 5
11888 1.000000 3
11891 1.000000 3
11894 1.000000 3
11899 0.000000 5
11903 1.000000 4
11906 1.000000 3
11909 1.000000 3
11912 1.000000 3
11915 -1.000000 3
11918 1.000000 3
11921 1.000000 3
11925 1.000000 4
11929 1.000000 4
11934 0.000000 5
11937 1.000000 3
11941 1.000000 4
11944 1.000000 3
11947 1.000000 3
11950 1.000000 3
11953 1.000000 3
11956 1.000000 3
11959 1.000000 3
11962 1.000000 3
11965 1.000000 3
11968 1.000000 3
11971 1.000000 3
11974 1.000000 3
11977 1.000000 3
11980 1.000000 3
11983 1.000000 3
11988 1.000000 5
11992 1.000000 4
11997 1.000000 5
12000 1.000000 3
12003 -1.000000 3
12006 1.000000 3
12009 1.000000 3
12012 1.000000 3
12015 1.000000 3
12019 1.000000 4
12022 1.000000 3
12025 1.000000 3
12028 1.000000 3
12031 1.000000 3
12034 1.000000 3
12038 1.000000 4
12041 1.000000 3
12044 1.000000 3
12048 1.000000 4
12051 1.000000 3
12054 1.000000 3
12057 1.000000 3
12061 1.000000 4
12064 1.000000 3
12067 1.000000 3
12070 1.000000 3
12073 1.000000 3
12076 1.000000 3
12081 0.000000 5
12085 1.000000 4
12089 1.000000 4
12092 1.000000 3
12095 1.000000 3
12099 1.000000 4
12102 1.000000 3
12106 1.000000 4
12110 1.000000 4
12113 1.000000 3
12118 0.000000 5
12122 1.000000 4
12125 1.000000 3
12129 1.000000 4
12132 1.000000 3
12136 1.000000 4
12140 1.000000 4
12143 1.000000 3
12147 1.000000 4
12150 1.000000 3
12153 1.000000 3
12156 -1.000000 3
12159 1.000000 3
12162 1.000000 3
12165 1.000000 3
12169 1.000000 4
12172 1.000000 3
12175 1.000000 3
12178 1.000000 3
12182 -1.000000 4
12185 1.000000 3
12190 0.000000 5
12193 1.000000 3
12198 0.000000 5
12203 1.000000 5
12206 1.000000 3
12211 0.000000 5
12215 1.000000 4
12219 1.000000 4
12222 1.000000 3
12226 1.000000 4
12229 1.000000 3
12232 1.000000 3
12237 0.000000 5
12240 1.000000 3
12244 1.000000 4
12247 1.000000 3
12250 1.000000 3
12253 1.000000 3
12256 1.000000 3
12259 -1.000000 3
12262 1.000000 3
12265 1.000000 3
12268 1.000000 3
12271 1.000000 3
12274 -1.000000 3
12277 1.000000 3
12281 1.000000 4
12284 1.000000 3
12287 1.000000 3
12290 1.000000 3
12293 1.000000 3
12297 1.000000 4
12300 -1.000000 3
12303 1.000000 3
12306 1.000000 3
12309 1.000000 3
12312 1.000000 3
12315 1.000000 3
12318 1.000000 3
12321 1.000000 3
12324 1.000000 3
12328 -1.000000 4
12331 1.000000 3
12334 1.000000 3
12338 -1.000000 4
12341 1.000000 3
12344 -1.000000 3
12347 1.000000 3
12350 1.000000 3
12353 1.000000 3
12356 1.000000 3
12360 1.000000 4
12364 1.000000 4
12367 1.000000 3
12371 1.000000 4
12374 1.000000 3
12377 1.000000 3
12381 1.000000 4
12385 1.000000 4
12389 1.000000 4
12392 1.000000 3
12395 1.000000 3
12398 1.000000 3
12402 1.000000 4
12405 1.000000 3
12408 1.000000 3
12411 1.000000 3
12415 1.000000 4
12419 1.000000 4
12424 0.000000 5
12427 1.000000 3
12431 1.000000 4
12434 1.000000 3
12437 1.000000 3
12440 1.000000 3
12444 1.000000 4
12447 1.000000 3
12450 1.000000 3
12453 1.000000 3
12456 1.000000 3
12460 1.000000 4
12464 1.000000 4
12467 1.000000 3
12470 1.000000 3
12473 1.000000 3
12477 1.000000 4
12480 1.000000 3
12483 -1.000000 3
12486 1.000000 3
12489 1.000000 3
12493 -1.000000 4
12496 -1.000000 3
12499 1.000000 3
12502 1.000000 3
12506 1.000000 4
12511 0.000000 5
12514 1.000000 3
12517 1.000000 3
12520 1.000000 3
12524 1.000000 4
12529 1.000000 5
12532 1.000000 3
12535 1.000000 3
12538 1.000000 3
12541 1.000000 3
12544 1.000000 3
12547 1.000000 3
12551 1.000000 4
12554 1.000000 3
12557 1.000000 3
12561 1.000000 4
12564 1.000000 3
12567 1.000000 3
12570 1.000000 3
12573 1.000000 3
12576 1.000000 3
12579 1.000000 3
12583 1.000000 4
12586 1.000000 3
12589 1.000000 3
12593 1.000000 4
12597 1.000000 4
12600 1.000000 3
12604 1.000000 4
12607 1.000000 3
12610 1.000000 3
12613 1.000000 3
12616 1.000000 3
12619 1.000000 3
12622 1.000000 3
12625 1.000000 3
12628 -1.000000 3
12631 1.000000 3
12635 -1.000000 4
12638 -1.000000 3
12642 1.000000 4
12645 1.000000 3
12648 1.000000 3
12651 1.000000 3
12655 1.000000 4
12658 1.000000 3
12662 1.000000 4
12666 1.000000 4
12669 1.000000 3
12672 1.000000 3
12676 -1.000000 4
12679 1.000000 3
12682 1.000000 3
12685 1.000000 3
12688 1.000000 3
12691 1.000000 3
12694 1.000000 3
12697 1.000000 3
12700 1.000000 3
12704 1.000000 4
12707 1.000000 3
12712 0.000000 5
12716 1.000000 4
12719 1.000000 3
12722 1.000000 3
12726 1.000000 4
12729 1.000000 3
12733 -1.000000 4
12737 1.000000 4
12740 1.000000 3
12743 1.000000 3
12746 1.000000 3
12749 1.000000 3
12752 1.000000 3
12755 1.000000 3
12759 1.000000 4
12762 -1.000000 3
12765 1.000000 3
12768 -1.000000 3
12772 1.000000 4
12775 1.000000 3
12779 1.000000 4
12782 1.000000 3
12785 1.000000 3
12788 1.000000 3
12791 1.000000 3
12796 0.000000 5
12800 1.000000 4
12804 1.000000 4
12808 1.000000 4
12812 1.000000 4
12815 -1.000000 3
12819 1.000000 4
12823 1.000000 4
12827 1.000000 4
12830 -1.000000 3
12834 1.000000 4
12837 1.000000 3
12841 1.000000 4
12845 1.000000 4
12849 1.000000 4
12852 1.000000 3
12855 1.000000 3
12859 1.000000 4
12863 1.000000 4
12866 1.000000 3
12869 1.000000 3
12873 1.000000 4
12876 1.000000 3
12881 0.000000 5
12885 -1.000000 4
12889 1.000000 4
12892 1.000000 3
12897 0.000000 5
12901 1.000000 4
12904 1.000000 3
12907 1.000000 3
12910 1.000000 3
12915 1.000000 5
12919 -1.000000 4
12924 1.000000 5
12927 1.000000 3
12930 1.000000 3
12933 -1.000000 3
12936 1.000000 3
12940 1.000000 4
12943 1.000000 3
12947 -1.000000 4
12951 1.000000 4
12954 1.000000 3
12957 1.000000 3
12960 1.000000 3
12964 1.000000 4
12968 1.000000 4
12971 1.000000 3
12974 1.000000 3
12977 1.000000 3
12980 1.000000 3
12984 1.000000 4
12987 1.000000 3
12991 1.000000 4
12994 1.000000 3
12997 1.000000 3
13000 1.000000 3
