4 1.000000 4
8 -1.000000 4
12 1.000000 4
16 -1.000000 4
21 1.000000 5
24 -1.000000 3
29 0.000000 5
33 -1.000000 4
37 -1.000000 4
42 1.000000 5
45 -1.000000 3
50 0.000000 5
53 1.000000 3
57 -1.000000 4
62 0.000000 5
65 1.000000 3
69 -1.000000 4
73 -1.000000 4
77 -1.000000 4
80 1.000000 3
84 -1.000000 4
89 0.000000 5
94 1.000000 5
99 0.000000 5
104 1.000000 5
108 -1.000000 4
113 0.000000 5
117 1.000000 4
121 1.000000 4
124 -1.000000 3
127 1.000000 3
132 1.000000 5
136 -1.000000 4
141 1.000000 5
144 -1.000000 3
148 1.000000 4
151 -1.000000 3
156 0.000000 5
159 -1.000000 3
164 1.000000 5
167 1.000000 3
171 -1.000000 4
175 1.000000 4
180 1.000000 5
183 -1.000000 3
188 1.000000 5
192 1.000000 4
195 -1.000000 3
199 -1.000000 4
203 -1.000000 4
207 -1.000000 4
212 0.000000 5
217 1.000000 5
221 1.000000 4
226 0.000000 5
231 1.000000 5
236 1.000000 5
239 1.000000 3
244 0.000000 5
249 1.000000 5
252 -1.000000 3
255 1.000000 3
259 -1.000000 4
263 -1.000000 4
266 1.000000 3
269 -1.000000 3
273 -1.000000 4
278 1.000000 5
282 -1.000000 4
286 -1.000000 4
290 1.000000 4
294 -1.000000 4
299 0.000000 5
302 1.000000 3
307 1.000000 5
311 1.000000 4
314 -1.000000 3
317 -1.000000 3
321 -1.000000 4
324 -1.000000 3
329 1.000000 5
332 -1.000000 3
337 0.000000 5
340 1.000000 3
345 1.000000 5
349 -1.000000 4
354 0.000000 5
358 -1.000000 4
362 1.000000 4
366 -1.000000 4
370 -1.000000 4
375 0.000000 5
378 1.000000 3
383 0.000000 5
388 0.000000 5
391 -1.000000 3
394 1.000000 3
399 1.000000 5
403 -1.000000 4
408 0.000000 5
412 -1.000000 4
415 -1.000000 3
419 -1.000000 4
423 -1.000000 4
427 1.000000 4
432 1.000000 5
437 1.000000 5
441 1.000000 4
445 -1.000000 4
449 1.000000 4
454 1.000000 5
458 1.000000 4
463 1.000000 5
467 -1.000000 4
471 -1.000000 4
474 1.000000 3
478 -1.000000 4
482 1.000000 4
487 1.000000 5
491 1.000000 4
495 -1.000000 4
499 1.000000 4
504 1.000000 5
509 0.000000 5
512 -1.000000 3
516 -1.000000 4
521 1.000000 5
525 1.000000 4
530 1.000000 5
534 -1.000000 4
539 1.000000 5
542 -1.000000 3
546 1.000000 4
551 0.000000 5
556 0.000000 5
560 1.000000 4
564 -1.000000 4
569 1.000000 5
573 1.000000 4
577 -1.000000 4
580 -1.000000 3
585 1.000000 5
588 1.000000 3
593 0.000000 5
597 -1.000000 4
601 1.000000 4
606 1.000000 5
610 1.000000 4
614 1.000000 4
619 0.000000 5
623 1.000000 4
627 -1.000000 4
631 1.000000 4
635 -1.000000 4
640 0.000000 5
643 -1.000000 3
647 1.000000 4
650 -1.000000 3
653 -1.000000 3
657 -1.000000 4
661 1.000000 4
665 1.000000 4
670 1.000000 5
674 1.000000 4
679 1.000000 5
683 -1.000000 4
687 1.000000 4
690 -1.000000 3
694 -1.000000 4
699 1.000000 5
704 1.000000 5
707 -1.000000 3
711 1.000000 4
714 -1.000000 3
719 1.000000 5
724 0.000000 5
727 1.000000 3
732 0.000000 5
736 1.000000 4
740 1.000000 4
744 -1.000000 4
749 0.000000 5
753 1.000000 4
757 -1.000000 4
761 -1.000000 4
764 -1.000000 3
769 0.000000 5
773 1.000000 4
778 1.000000 5
781 1.000000 3
785 1.000000 4
789 1.000000 4
794 0.000000 5
798 -1.000000 4
801 -1.000000 3
806 1.000000 5
811 0.000000 5
815 -1.000000 4
819 1.000000 4
822 -1.000000 3
826 -1.000000 4
831 0.000000 5
836 0.000000 5
839 -1.000000 3
844 0.000000 5
847 1.000000 3
852 0.000000 5
856 1.000000 4
860 -1.000000 4
864 1.000000 4
868 1.000000 4
872 -1.000000 4
876 -1.000000 4
880 1.000000 4
885 1.000000 5
889 -1.000000 4
893 -1.000000 4
897 -1.000000 4
901 1.000000 4
905 1.000000 4
908 1.000000 3
912 -1.000000 4
917 0.000000 5
921 1.000000 4
924 -1.000000 3
928 1.000000 4
932 1.000000 4
936 -1.000000 4
941 1.000000 5
945 -1.000000 4
949 -1.000000 4
954 0.000000 5
957 1.000000 3
960 -1.000000 3
964 -1.000000 4
967 -1.000000 3
971 -1.000000 4
976 0.000000 5
981 1.000000 5
985 1.000000 4
990 0.000000 5
994 -1.000000 4
999 1.000000 5
1003 1.000000 4
1007 -1.000000 4
1012 1.000000 5
1015 -1.000000 3
1020 1.000000 5
1023 -1.000000 3
1027 -1.000000 4
1030 -1.000000 3
1035 1.000000 5
1039 -1.000000 4
1044 1.000000 5
1049 0.000000 5
1053 -1.000000 4
1058 1.000000 5
1063 1.000000 5
1068 1.000000 5
1072 -1.000000 4
1077 0.000000 5
1082 0.000000 5
1086 -1.000000 4
1091 1.000000 5
1096 1.000000 5
1101 1.000000 5
1106 1.000000 5
1110 -1.000000 4
1114 1.000000 4
1119 1.000000 5
1124 1.000000 5
1129 1.000000 5
1134 0.000000 5
1138 -1.000000 4
1143 1.000000 5
1147 -1.000000 4
1151 -1.000000 4
1156 1.000000 5
1161 1.000000 5
1166 1.000000 5
1171 1.000000 5
1176 1.000000 5
1181 1.000000 5
1185 -1.000000 4
1189 -1.000000 4
1192 -1.000000 3
1197 0.000000 5
1201 -1.000000 4
1206 1.000000 5
1211 1.000000 5
1214 -1.000000 3
1219 0.000000 5
1224 1.000000 5
1227 -1.000000 3
1232 1.000000 5
1236 1.000000 4
1241 1.000000 5
1246 1.000000 5
1251 1.000000 5
1255 -1.000000 4
1259 -1.000000 4
1263 -1.000000 4
1268 1.000000 5
1273 0.000000 5
1278 0.000000 5
1283 0.000000 5
1288 1.000000 5
1292 -1.000000 4
1297 1.000000 5
1302 1.000000 5
1305 -1.000000 3
1310 1.000000 5
1315 1.000000 5
1320 0.000000 5
1325 1.000000 5
1329 -1.000000 4
1334 0.000000 5
1338 -1.000000 4
1343 1.000000 5
1348 0.000000 5
1352 -1.000000 4
1357 0.000000 5
1362 0.000000 5
1366 -1.000000 4
1369 -1.000000 3
1374 1.000000 5
1379 1.000000 5
1384 1.000000 5
1387 -1.000000 3
1392 0.000000 5
1397 0.000000 5
1402 1.000000 5
1407 1.000000 5
1412 1.000000 5
1415 -1.000000 3
1420 1.000000 5
1425 1.000000 5
1430 0.000000 5
1435 1.000000 5
1440 0.000000 5
1445 1.000000 5
1450 1.000000 5
1455 1.000000 5
1460 0.000000 5
1465 1.000000 5
1469 -1.000000 4
1473 -1.000000 4
1477 -1.000000 4
1481 -1.000000 4
1486 1.000000 5
1491 1.000000 5
1495 -1.000000 4
1500 0.000000 5
1504 1.000000 4
1508 -1.000000 4
1513 1.000000 5
1518 1.000000 5
1523 1.000000 5
1526 -1.000000 3
1531 1.000000 5
1536 1.000000 5
1541 1.000000 5
1546 1.000000 5
1551 1.000000 5
1554 -1.000000 3
1559 0.000000 5
1564 0.000000 5
1569 1.000000 5
1573 -1.000000 4
1577 -1.000000 4
1581 -1.000000 4
1586 1.000000 5
1591 1.000000 5
1595 -1.000000 4
1599 -1.000000 4
1602 -1.000000 3
1607 1.000000 5
1612 1.000000 5
1615 -1.000000 3
1620 1.000000 5
1624 -1.000000 4
1629 1.000000 5
1634 1.000000 5
1638 -1.000000 4
1642 -1.000000 4
1646 -1.000000 4
1651 1.000000 5
1656 1.000000 5
1660 -1.000000 4
1664 -1.000000 4
1669 1.000000 5
1673 -1.000000 4
1678 1.000000 5
1683 1.000000 5
1686 -1.000000 3
1691 1.000000 5
1696 0.000000 5
1700 -1.000000 4
1705 0.000000 5
1709 -1.000000 4
1714 1.000000 5
1718 -1.000000 4
1723 1.000000 5
1727 1.000000 4
1730 -1.000000 3
1735 1.000000 5
1740 0.000000 5
1745 1.000000 5
1749 1.000000 4
1754 1.000000 5
1759 1.000000 5
1764 1.000000 5
1769 1.000000 5
1774 1.000000 5
1779 1.000000 5
1782 -1.000000 3
1785 -1.000000 3
1789 -1.000000 4
1794 1.000000 5
1798 -1.000000 4
1802 -1.000000 4
1806 -1.000000 4
1811 0.000000 5
1816 1.000000 5
1820 -1.000000 4
1823 -1.000000 3
1826 -1.000000 3
1831 0.000000 5
1836 0.000000 5
1840 -1.000000 4
1845 1.000000 5
1850 1.000000 5
1854 -1.000000 4
1859 0.000000 5
1862 -1.000000 3
1867 1.000000 5
1870 -1.000000 3
1873 -1.000000 3
1878 0.000000 5
1883 0.000000 5
1888 1.000000 5
1893 1.000000 5
1897 -1.000000 4
1902 0.000000 5
1905 -1.000000 3
1908 -1.000000 3
1912 -1.000000 4
1917 0.000000 5
1920 -1.000000 3
1924 -1.000000 4
1929 1.000000 5
1933 -1.000000 4
1938 1.000000 5
1941 -1.000000 3
1946 0.000000 5
1950 1.000000 4
1954 -1.000000 4
1959 0.000000 5
1963 -1.000000 4
1968 1.000000 5
1972 -1.000000 4
1976 -1.000000 4
1980 -1.000000 4
1984 -1.000000 4
1988 1.000000 4
1992 -1.000000 4
1996 -1.000000 4
2001 1.000000 5
2004 -1.000000 3
2007 -1.000000 3
2010 -1.000000 3
2013 -1.000000 3
2016 -1.000000 3
2019 -1.000000 3
2022 -1.000000 3
2025 -1.000000 3
2028 -1.000000 3
2031 -1.000000 3
2034 -1.000000 3
2037 -1.000000 3
2040 -1.000000 3
2043 -1.000000 3
2046 -1.000000 3
2049 -1.000000 3
2052 -1.000000 3
2055 -1.000000 3
2058 -1.000000 3
2061 -1.000000 3
2064 -1.000000 3
2067 -1.000000 3
2070 -1.000000 3
2073 -1.000000 3
2076 -1.000000 3
2079 -1.000000 3
2082 -1.000000 3
2085 -1.000000 3
2089 -1.000000 4
2093 -1.000000 4
2097 -1.000000 4
2101 -1.000000 4
2105 -1.000000 4
2109 -1.000000 4
2113 -1.000000 4
2117 -1.000000 4
2121 1.000000 4
2125 -1.000000 4
2129 -1.000000 4
2133 -1.000000 4
2138 1.000000 5
2142 -1.000000 4
2146 -1.000000 4
2151 1.000000 5
2155 -1.000000 4
2159 -1.000000 4
2163 -1.000000 4
2167 -1.000000 4
2171 -1.000000 4
2175 -1.000000 4
2180 1.000000 5
2184 1.000000 4
2189 1.000000 5
2193 -1.000000 4
2198 1.000000 5
2202 -1.000000 4
2206 1.000000 4
2210 -1.000000 4
2215 1.000000 5
2219 -1.000000 4
2223 -1.000000 4
2227 -1.000000 4
2231 -1.000000 4
2235 -1.000000 4
2239 1.000000 4
2243 -1.000000 4
2248 1.000000 5
2253 1.000000 5
2257 -1.000000 4
2261 1.000000 4
2265 -1.000000 4
2270 1.000000 5
2274 -1.000000 4
2279 1.000000 5
2283 1.000000 4
2287 -1.000000 4
2291 -1.000000 4
2295 -1.000000 4
2299 -1.000000 4
2304 1.000000 5
2309 1.000000 5
2313 -1.000000 4
2317 -1.000000 4
2322 1.000000 5
2326 -1.000000 4
2331 1.000000 5
2335 -1.000000 4
2339 -1.000000 4
2343 1.000000 4
2348 1.000000 5
2352 -1.000000 4
2356 -1.000000 4
2360 -1.000000 4
2364 -1.000000 4
2368 -1.000000 4
2372 1.000000 4
2377 1.000000 5
2381 -1.000000 4
2385 -1.000000 4
2389 -1.000000 4
2393 -1.000000 4
2397 -1.000000 4
2401 -1.000000 4
2405 -1.000000 4
2409 -1.000000 4
2413 -1.000000 4
2417 -1.000000 4
2421 -1.000000 4
2425 -1.000000 4
2429 -1.000000 4
2433 -1.000000 4
2438 1.000000 5
2443 1.000000 5
2447 -1.000000 4
2451 -1.000000 4
2456 1.000000 5
2460 -1.000000 4
2464 -1.000000 4
2469 1.000000 5
2473 -1.000000 4
2478 1.000000 5
2482 -1.000000 4
2486 -1.000000 4
2491 1.000000 5
2495 -1.000000 4
2500 1.000000 5
2504 -1.000000 4
2508 -1.000000 4
2512 -1.000000 4
2516 -1.000000 4
2520 1.000000 4
2525 1.000000 5
2529 -1.000000 4
2533 -1.000000 4
2538 1.000000 5
2543 1.000000 5
2547 -1.000000 4
2551 -1.000000 4
2555 -1.000000 4
2560 1.000000 5
2564 -1.000000 4
2569 1.000000 5
2573 -1.000000 4
2577 -1.000000 4
2581 1.000000 4
2585 -1.000000 4
2589 -1.000000 4
2593 -1.000000 4
2598 1.000000 5
2602 -1.000000 4
2606 -1.000000 4
2611 1.000000 5
2615 -1.000000 4
2620 1.000000 5
2624 -1.000000 4
2628 -1.000000 4
2632 -1.000000 4
2636 1.000000 4
2640 -1.000000 4
2644 -1.000000 4
2648 -1.000000 4
2652 -1.000000 4
2656 -1.000000 4
2660 -1.000000 4
2664 -1.000000 4
2669 1.000000 5
2674 1.000000 5
2678 -1.000000 4
2682 -1.000000 4
2686 1.000000 4
2691 1.000000 5
2695 -1.000000 4
2699 -1.000000 4
2704 1.000000 5
2708 -1.000000 4
2713 1.000000 5
2718 1.000000 5
2722 -1.000000 4
2727 1.000000 5
2732 1.000000 5
2736 -1.000000 4
2741 1.000000 5
2746 1.000000 5
2751 1.000000 5
2755 -1.000000 4
2760 1.000000 5
2764 -1.000000 4
2768 -1.000000 4
2772 -1.000000 4
2776 -1.000000 4
2780 -1.000000 4
2784 -1.000000 4
2788 -1.000000 4
2792 -1.000000 4
2797 1.000000 5
2802 1.000000 5
2807 1.000000 5
2811 -1.000000 4
2815 -1.000000 4
2819 -1.000000 4
2824 1.000000 5
2828 -1.000000 4
2833 1.000000 5
2837 -1.000000 4
2841 -1.000000 4
2845 -1.000000 4
2850 1.000000 5
2855 1.000000 5
2860 1.000000 5
2864 -1.000000 4
2868 -1.000000 4
2872 -1.000000 4
2876 -1.000000 4
2880 -1.000000 4
2884 -1.000000 4
2889 1.000000 5
2893 -1.000000 4
2898 1.000000 5
2902 -1.000000 4
2906 -1.000000 4
2910 -1.000000 4
2914 1.000000 4
2918 -1.000000 4
2923 1.000000 5
2927 -1.000000 4
2931 1.000000 4
2935 -1.000000 4
2940 1.000000 5
2944 -1.000000 4
2948 -1.000000 4
2952 -1.000000 4
2956 -1.000000 4
2960 -1.000000 4
2964 -1.000000 4
2969 1.000000 5
2973 1.000000 4
2978 1.000000 5
2982 -1.000000 4
2986 -1.000000 4
2990 -1.000000 4
2994 1.000000 4
2998 -1.000000 4
3003 1.000000 5
3008 1.000000 5
3012 -1.000000 4
3017 1.000000 5
3021 -1.000000 4
3025 -1.000000 4
3030 1.000000 5
3034 -1.000000 4
3038 -1.000000 4
3042 -1.000000 4
3046 -1.000000 4
3050 -1.000000 4
3054 1.000000 4
3058 -1.000000 4
3062 1.000000 4
3066 -1.000000 4
3071 1.000000 5
3076 1.000000 5
3080 -1.000000 4
3084 -1.000000 4
3088 1.000000 4
3091 1.000000 3
3094 1.000000 3
3097 1.000000 3
3100 1.000000 3
3103 1.000000 3
3106 1.000000 3
3109 1.000000 3
3112 1.000000 3
3115 1.000000 3
3118 1.000000 3
3121 1.000000 3
3124 1.000000 3
3127 1.000000 3
3130 1.000000 3
3133 1.000000 3
3136 1.000000 3
3139 1.000000 3
3142 1.000000 3
3145 1.000000 3
3148 1.000000 3
3151 1.000000 3
3154 1.000000 3
3157 1.000000 3
3160 1.000000 3
3163 1.000000 3
3166 1.000000 3
3169 1.000000 3
3172 1.000000 3
3175 1.000000 3
3178 1.000000 3
3181 1.000000 3
3184 1.000000 3
3187 1.000000 3
3190 1.000000 3
3193 1.000000 3
3196 1.000000 3
3199 1.000000 3
3202 1.000000 3
3205 1.000000 3
3208 1.000000 3
3211 1.000000 3
3214 1.000000 3
3217 1.000000 3
3220 1.000000 3
3223 1.000000 3
3226 1.000000 3
3229 1.000000 3
3232 1.000000 3
3235 1.000000 3
3238 1.000000 3
3241 1.000000 3
3244 1.000000 3
3247 1.000000 3
3250 1.000000 3
3253 1.000000 3
3256 1.000000 3
3259 1.000000 3
3262 1.000000 3
3265 1.000000 3
3268 1.000000 3
3271 1.000000 3
3274 1.000000 3
3277 1.000000 3
3280 1.000000 3
3283 1.000000 3
3286 1.000000 3
3289 1.000000 3
3292 1.000000 3
3295 1.000000 3
3298 1.000000 3
3301 1.000000 3
3304 1.000000 3
3307 1.000000 3
3310 1.000000 3
3313 1.000000 3
3316 1.000000 3
3319 1.000000 3
3322 1.000000 3
3325 1.000000 3
3328 1.000000 3
3331 1.000000 3
3334 1.000000 3
3337 1.000000 3
3340 1.000000 3
3343 1.000000 3
3346 1.000000 3
3349 1.000000 3
3352 1.000000 3
3355 1.000000 3
3358 1.000000 3
3361 1.000000 3
3364 1.000000 3
3367 1.000000 3
3370 1.000000 3
3373 1.000000 3
3376 1.000000 3
3379 1.000000 3
3382 1.000000 3
3385 1.000000 3
3388 1.000000 3
3391 1.000000 3
3394 1.000000 3
3397 1.000000 3
3400 1.000000 3
3403 1.000000 3
3406 1.000000 3
3409 1.000000 3
3412 1.000000 3
3415 1.000000 3
3418 1.000000 3
3421 1.000000 3
3424 1.000000 3
3427 1.000000 3
3430 1.000000 3
3433 1.000000 3
3436 1.000000 3
3439 1.000000 3
3442 1.000000 3
3445 1.000000 3
3448 1.000000 3
3451 1.000000 3
3454 1.000000 3
3457 1.000000 3
3460 1.000000 3
3463 1.000000 3
3466 1.000000 3
3469 1.000000 3
3472 1.000000 3
3475 1.000000 3
3478 1.000000 3
3481 1.000000 3
3484 1.000000 3
3487 1.000000 3
3490 1.000000 3
3493 1.000000 3
3496 1.000000 3
3499 1.000000 3
3502 1.000000 3
3505 1.000000 3
3508 1.000000 3
3511 1.000000 3
3514 1.000000 3
3517 1.000000 3
3520 1.000000 3
3523 1.000000 3
3526 1.000000 3
3529 1.000000 3
3532 1.000000 3
3535 1.000000 3
3538 1.000000 3
3541 1.000000 3
3544 1.000000 3
3547 1.000000 3
3550 1.000000 3
3553 1.000000 3
3556 1.000000 3
3559 1.000000 3
3562 1.000000 3
3565 1.000000 3
3568 1.000000 3
3571 1.000000 3
3574 1.000000 3
3577 1.000000 3
3580 1.000000 3
3583 1.000000 3
3586 1.000000 3
3589 1.000000 3
3592 1.000000 3
3595 1.000000 3
3598 1.000000 3
3601 1.000000 3
3604 1.000000 3
3607 1.000000 3
3610 1.000000 3
3613 1.000000 3
3616 1.000000 3
3619 1.000000 3
3622 1.000000 3
3625 1.000000 3
3628 1.000000 3
3631 1.000000 3
3634 1.000000 3
3637 1.000000 3
3640 1.000000 3
3643 1.000000 3
3646 1.000000 3
3649 1.000000 3
3652 1.000000 3
3655 1.000000 3
3658 1.000000 3
3661 1.000000 3
3664 1.000000 3
3667 1.000000 3
3670 1.000000 3
3673 1.000000 3
3676 1.000000 3
3679 1.000000 3
3682 1.000000 3
3685 1.000000 3
3688 1.000000 3
3691 1.000000 3
3694 1.000000 3
3697 1.000000 3
3700 1.000000 3
3703 1.000000 3
3706 1.000000 3
3709 1.000000 3
3712 1.000000 3
3715 1.000000 3
3718 1.000000 3
3721 1.000000 3
3724 1.000000 3
3727 1.000000 3
3730 1.000000 3
3733 1.000000 3
3736 1.000000 3
3739 1.000000 3
3742 1.000000 3
3745 1.000000 3
3748 1.000000 3
3751 1.000000 3
3754 1.000000 3
3757 1.000000 3
3760 1.000000 3
3763 1.000000 3
3766 1.000000 3
3769 1.000000 3
3772 1.000000 3
3775 1.000000 3
3778 1.000000 3
3781 1.000000 3
3784 1.000000 3
3787 1.000000 3
3790 1.000000 3
3793 1.000000 3
3796 1.000000 3
3799 1.000000 3
3802 1.000000 3
3805 1.000000 3
3808 1.000000 3
3811 1.000000 3
3814 1.000000 3
3817 1.000000 3
3820 1.000000 3
3823 1.000000 3
3826 1.000000 3
3829 1.000000 3
3832 1.000000 3
3835 1.000000 3
3838 1.000000 3
3841 1.000000 3
3844 1.000000 3
3847 1.000000 3
3850 1.000000 3
3853 1.000000 3
3856 1.000000 3
3859 1.000000 3
3862 1.000000 3
3865 1.000000 3
3868 1.000000 3
3871 1.000000 3
3874 1.000000 3
3877 1.000000 3
3880 1.000000 3
3883 1.000000 3
3886 1.000000 3
3889 1.000000 3
3892 1.000000 3
3895 1.000000 3
3898 1.000000 3
3901 1.000000 3
3904 1.000000 3
3907 1.000000 3
3910 1.000000 3
3913 1.000000 3
3916 1.000000 3
3919 1.000000 3
3922 1.000000 3
3925 1.000000 3
3928 1.000000 3
3931 1.000000 3
3934 1.000000 3
3937 1.000000 3
3940 1.000000 3
3943 1.000000 3
3946 1.000000 3
3949 1.000000 3
3952 1.000000 3
3955 1.000000 3
3958 1.000000 3
3961 1.000000 3
3964 1.000000 3
3967 1.000000 3
3970 1.000000 3
3973 1.000000 3
3976 1.000000 3
3979 1.000000 3
3982 1.000000 3
3985 1.000000 3
3988 1.000000 3
3991 1.000000 3
3994 1.000000 3
3997 1.000000 3
4000 1.000000 3
4003 1.000000 3
4006 1.000000 3
4009 1.000000 3
4012 1.000000 3
4015 1.000000 3
4018 1.000000 3
4021 1.000000 3
4024 1.000000 3
4027 1.000000 3
4030 1.000000 3
4033 1.000000 3
4036 1.000000 3
4039 1.000000 3
4042 1.000000 3
4045 1.000000 3
4048 1.000000 3
4051 1.000000 3
4054 1.000000 3
4057 1.000000 3
4060 1.000000 3
4063 1.000000 3
4066 1.000000 3
4069 1.000000 3
4072 1.000000 3
4075 1.000000 3
4078 1.000000 3
4081 1.000000 3
4084 1.000000 3
4087 1.000000 3
4090 1.000000 3
4094 -1.000000 4
4098 -1.000000 4
4102 -1.000000 4
4106 -1.000000 4
4110 -1.000000 4
4114 -1.000000 4
4118 -1.000000 4
4122 -1.000000 4
4126 -1.000000 4
4130 -1.000000 4
4133 -1.000000 3
4137 -1.000000 4
4141 -1.000000 4
4145 -1.000000 4
4149 -1.000000 4
4153 -1.000000 4
4157 -1.000000 4
4161 -1.000000 4
4165 -1.000000 4
4169 -1.000000 4
4173 -1.000000 4
4177 -1.000000 4
4181 -1.000000 4
4185 -1.000000 4
4189 -1.000000 4
4193 -1.000000 4
4197 -1.000000 4
4201 -1.000000 4
4205 -1.000000 4
4209 -1.000000 4
4213 -1.000000 4
4217 -1.000000 4
4221 -1.000000 4
4225 -1.000000 4
4229 -1.000000 4
4233 -1.000000 4
4237 -1.000000 4
4241 -1.000000 4
4245 -1.000000 4
4249 -1.000000 4
4253 -1.000000 4
4257 -1.000000 4
4261 -1.000000 4
4265 -1.000000 4
4268 -1.000000 3
4271 -1.000000 3
4275 -1.000000 4
4279 -1.000000 4
4283 -1.000000 4
4287 -1.000000 4
4290 -1.000000 3
4294 -1.000000 4
4298 -1.000000 4
4302 -1.000000 4
4306 -1.000000 4
4310 -1.000000 4
4314 -1.000000 4
4318 -1.000000 4
4322 -1.000000 4
4326 -1.000000 4
4331 1.000000 5
4335 -1.000000 4
4339 -1.000000 4
4343 -1.000000 4
4347 -1.000000 4
4351 -1.000000 4
4355 -1.000000 4
4359 -1.000000 4
4363 -1.000000 4
4367 -1.000000 4
4370 -1.000000 3
4374 -1.000000 4
4378 -1.000000 4
4381 -1.000000 3
4385 -1.000000 4
4389 -1.000000 4
4393 -1.000000 4
4396 -1.000000 3
4400 -1.000000 4
4404 -1.000000 4
4407 -1.000000 3
4411 -1.000000 4
4414 -1.000000 3
4418 -1.000000 4
4422 -1.000000 4
4426 -1.000000 4
4430 -1.000000 4
4434 -1.000000 4
4438 -1.000000 4
4442 -1.000000 4
4446 -1.000000 4
4450 -1.000000 4
4453 -1.000000 3
4457 -1.000000 4
4461 -1.000000 4
4464 -1.000000 3
4468 -1.000000 4
4472 -1.000000 4
4476 -1.000000 4
4480 -1.000000 4
4484 -1.000000 4
4488 -1.000000 4
4492 -1.000000 4
4496 -1.000000 4
4499 -1.000000 3
4503 -1.000000 4
4507 -1.000000 4
4511 -1.000000 4
4515 -1.000000 4
4518 -1.000000 3
4522 -1.000000 4
4526 -1.000000 4
4530 -1.000000 4
4534 -1.000000 4
4537 -1.000000 3
4540 -1.000000 3
4544 -1.000000 4
4548 -1.000000 4
4552 -1.000000 4
4556 -1.000000 4
4561 1.000000 5
4565 -1.000000 4
4569 -1.000000 4
4573 -1.000000 4
4576 -1.000000 3
4580 -1.000000 4
4584 -1.000000 4
4588 -1.000000 4
4592 -1.000000 4
4596 -1.000000 4
4600 -1.000000 4
4604 -1.000000 4
4608 -1.000000 4
4612 -1.000000 4
4616 -1.000000 4
4619 -1.000000 3
4623 -1.000000 4
4626 -1.000000 3
4630 -1.000000 4
4633 -1.000000 3
4637 -1.000000 4
4641 -1.000000 4
4645 -1.000000 4
4649 -1.000000 4
4653 -1.000000 4
4657 -1.000000 4
4661 -1.000000 4
4665 -1.000000 4
4669 -1.000000 4
4672 -1.000000 3
4676 -1.000000 4
4680 -1.000000 4
4684 -1.000000 4
4687 -1.000000 3
4691 -1.000000 4
4695 -1.000000 4
4699 -1.000000 4
4703 -1.000000 4
4707 -1.000000 4
4711 -1.000000 4
4715 -1.000000 4
4718 -1.000000 3
4722 -1.000000 4
4726 -1.000000 4
4730 -1.000000 4
4734 -1.000000 4
4738 -1.000000 4
4742 -1.000000 4
4745 -1.000000 3
4749 -1.000000 4
4753 -1.000000 4
4757 -1.000000 4
4761 -1.000000 4
4765 -1.000000 4
4770 1.000000 5
4774 -1.000000 4
4777 -1.000000 3
4781 -1.000000 4
4784 -1.000000 3
4787 -1.000000 3
4791 -1.000000 4
4795 -1.000000 4
4799 -1.000000 4
4803 -1.000000 4
4807 -1.000000 4
4811 -1.000000 4
4814 -1.000000 3
4818 -1.000000 4
4822 -1.000000 4
4826 -1.000000 4
4831 1.000000 5
4835 -1.000000 4
4839 -1.000000 4
4843 -1.000000 4
4847 -1.000000 4
4851 -1.000000 4
4855 -1.000000 4
4858 -1.000000 3
4861 -1.000000 3
4865 -1.000000 4
4869 -1.000000 4
4873 -1.000000 4
4877 -1.000000 4
4880 -1.000000 3
4884 -1.000000 4
4887 -1.000000 3
4891 -1.000000 4
4895 -1.000000 4
4899 -1.000000 4
4903 -1.000000 4
4907 -1.000000 4
4911 -1.000000 4
4915 -1.000000 4
4919 -1.000000 4
4923 -1.000000 4
4927 -1.000000 4
4931 -1.000000 4
4935 -1.000000 4
4939 -1.000000 4
4942 -1.000000 3
4946 -1.000000 4
4949 -1.000000 3
4953 -1.000000 4
4957 -1.000000 4
4961 -1.000000 4
4965 -1.000000 4
4969 -1.000000 4
4973 -1.000000 4
4977 -1.000000 4
4981 -1.000000 4
4985 -1.000000 4
4989 -1.000000 4
4992 -1.000000 3
4996 -1.000000 4
5000 -1.000000 4
5003 -1.000000 3
5007 -1.000000 4
5010 -1.000000 3
5014 -1.000000 4
5018 -1.000000 4
5022 -1.000000 4
5025 -1.000000 3
5029 -1.000000 4
5033 -1.000000 4
5037 -1.000000 4
5041 -1.000000 4
5045 -1.000000 4
5049 -1.000000 4
5053 -1.000000 4
5057 -1.000000 4
5060 -1.000000 3
5063 -1.000000 3
5066 -1.000000 3
5070 -1.000000 4
5074 -1.000000 4
5078 -1.000000 4
5082 -1.000000 4
5086 -1.000000 4
5089 -1.000000 3
5093 -1.000000 4
5098 0.000000 5
5103 0.000000 5
5106 -1.000000 3
5109 -1.000000 3
5112 -1.000000 3
5115 -1.000000 3
5120 0.000000 5
5125 0.000000 5
5128 -1.000000 3
5131 -1.000000 3
5135 -1.000000 4
5138 -1.000000 3
5143 0.000000 5
5146 -1.000000 3
5151 0.000000 5
5154 -1.000000 3
5157 -1.000000 3
5160 -1.000000 3
5165 0.000000 5
5168 -1.000000 3
5173 0.000000 5
5176 -1.000000 3
5181 0.000000 5
5184 -1.000000 3
5189 0.000000 5
5194 0.000000 5
5197 -1.000000 3
5201 -1.000000 4
5204 -1.000000 3
5207 -1.000000 3
5210 -1.000000 3
5213 -1.000000 3
5216 -1.000000 3
5219 -1.000000 3
5223 -1.000000 4
5227 -1.000000 4
5232 0.000000 5
5235 -1.000000 3
5238 -1.000000 3
5241 -1.000000 3
5245 -1.000000 4
5248 -1.000000 3
5252 -1.000000 4
5255 -1.000000 3
5260 0.000000 5
5263 -1.000000 3
5268 0.000000 5
5273 0.000000 5
5277 -1.000000 4
5280 -1.000000 3
5283 -1.000000 3
5287 -1.000000 4
5290 -1.000000 3
5293 -1.000000 3
5296 -1.000000 3
5299 -1.000000 3
5302 -1.000000 3
5305 -1.000000 3
5308 -1.000000 3
5312 -1.000000 4
5315 -1.000000 3
5318 -1.000000 3
5323 0.000000 5
5327 -1.000000 4
5330 -1.000000 3
5334 -1.000000 4
5337 -1.000000 3
5342 0.000000 5
5347 0.000000 5
5351 -1.000000 4
5354 -1.000000 3
5358 -1.000000 4
5362 -1.000000 4
5367 0.000000 5
5372 0.000000 5
5375 -1.000000 3
5380 0.000000 5
5383 -1.000000 3
5386 -1.000000 3
5389 -1.000000 3
5393 -1.000000 4
5398 0.000000 5
5402 -1.000000 4
5405 -1.000000 3
5409 -1.000000 4
5412 -1.000000 3
5417 0.000000 5
5420 -1.000000 3
5425 0.000000 5
5430 0.000000 5
5435 0.000000 5
5439 -1.000000 4
5442 -1.000000 3
5447 0.000000 5
5452 0.000000 5
5455 -1.000000 3
5459 -1.000000 4
5462 -1.000000 3
5465 -1.000000 3
5469 -1.000000 4
5472 -1.000000 3
5475 -1.000000 3
5478 -1.000000 3
5482 -1.000000 4
5487 0.000000 5
5492 0.000000 5
5495 -1.000000 3
5498 -1.000000 3
5501 -1.000000 3
5506 0.000000 5
5511 0.000000 5
5514 -1.000000 3
5517 -1.000000 3
5520 -1.000000 3
5523 -1.000000 3
5527 -1.000000 4
5532 0.000000 5
5535 -1.000000 3
5538 -1.000000 3
5541 -1.000000 3
5544 -1.000000 3
5547 -1.000000 3
5550 -1.000000 3
5554 -1.000000 4
5557 -1.000000 3
5560 -1.000000 3
5563 -1.000000 3
5566 -1.000000 3
5569 -1.000000 3
5573 -1.000000 4
5576 -1.000000 3
5581 0.000000 5
5584 -1.000000 3
5587 -1.000000 3
5590 -1.000000 3
5593 -1.000000 3
5596 -1.000000 3
5599 -1.000000 3
5603 -1.000000 4
5607 -1.000000 4
5610 -1.000000 3
5615 0.000000 5
5618 -1.000000 3
5621 -1.000000 3
5626 0.000000 5
5631 0.000000 5
5635 -1.000000 4
5638 -1.000000 3
5641 -1.000000 3
5644 -1.000000 3
5649 0.000000 5
5653 -1.000000 4
5656 -1.000000 3
5659 -1.000000 3
5664 0.000000 5
5667 -1.000000 3
5671 -1.000000 4
5676 0.000000 5
5680 -1.000000 4
5685 0.000000 5
5688 -1.000000 3
5693 0.000000 5
5697 -1.000000 4
5702 0.000000 5
5706 -1.000000 4
5709 -1.000000 3
5713 -1.000000 4
5718 0.000000 5
5721 -1.000000 3
5726 0.000000 5
5730 -1.000000 4
5733 -1.000000 3
5736 -1.000000 3
5739 -1.000000 3
5742 -1.000000 3
5745 -1.000000 3
5750 0.000000 5
5755 0.000000 5
5758 -1.000000 3
5761 -1.000000 3
5765 -1.000000 4
5769 -1.000000 4
5773 -1.000000 4
5777 -1.000000 4
5780 -1.000000 3
5785 0.000000 5
5790 0.000000 5
5794 -1.000000 4
5797 -1.000000 3
5801 -1.000000 4
5806 0.000000 5
5811 0.000000 5
5814 -1.000000 3
5819 0.000000 5
5822 -1.000000 3
5826 -1.000000 4
5831 0.000000 5
5836 0.000000 5
5839 -1.000000 3
5842 -1.000000 3
5846 -1.000000 4
5849 -1.000000 3
5852 -1.000000 3
5855 -1.000000 3
5858 -1.000000 3
5861 -1.000000 3
5865 -1.000000 4
5869 -1.000000 4
5872 -1.000000 3
5876 -1.000000 4
5879 -1.000000 3
5884 0.000000 5
5887 -1.000000 3
5890 -1.000000 3
5895 0.000000 5
5898 -1.000000 3
5902 -1.000000 4
5905 -1.000000 3
5908 -1.000000 3
5911 -1.000000 3
5914 -1.000000 3
5918 -1.000000 4
5921 -1.000000 3
5925 -1.000000 4
5929 -1.000000 4
5932 -1.000000 3
5937 0.000000 5
5942 0.000000 5
5945 -1.000000 3
5949 -1.000000 4
5954 0.000000 5
5958 -1.000000 4
5961 -1.000000 3
5964 -1.000000 3
5968 -1.000000 4
5972 -1.000000 4
5977 0.000000 5
5980 -1.000000 3
5983 -1.000000 3
5986 -1.000000 3
5990 -1.000000 4
5995 0.000000 5
5999 -1.000000 4
6003 -1.000000 4
6006 -1.000000 3
6010 -1.000000 4
6013 -1.000000 3
6017 -1.000000 4
6020 -1.000000 3
6025 0.000000 5
6030 0.000000 5
6033 -1.000000 3
6037 -1.000000 4
6040 -1.000000 3
6044 -1.000000 4
6048 -1.000000 4
6051 -1.000000 3
6054 -1.000000 3
6057 -1.000000 3
6060 -1.000000 3
6063 -1.000000 3
6066 -1.000000 3
6071 0.000000 5
6076 0.000000 5
6081 0.000000 5
6084 -1.000000 3
6087 -1.000000 3
6091 -1.000000 4
6094 -1.000000 3
