5 1.000000 5
10 0.000000 5
15 1.000000 5
18 1.000000 3
21 1.000000 3
26 1.000000 5
30 1.000000 4
33 1.000000 3
38 0.000000 5
41 1.000000 3
46 1.000000 5
50 1.000000 4
53 -1.000000 3
56 1.000000 3
61 1.000000 5
64 -1.000000 3
68 1.000000 4
72 -1.000000 4
76 1.000000 4
80 1.000000 4
84 1.000000 4
89 1.000000 5
94 1.000000 5
97 -1.000000 3
100 1.000000 3
104 1.000000 4
108 -1.000000 4
112 -1.000000 4
115 1.000000 3
119 -1.000000 4
123 -1.000000 4
128 1.000000 5
132 -1.000000 4
137 0.000000 5
142 1.000000 5
146 -1.000000 4
151 1.000000 5
156 0.000000 5
159 -1.000000 3
163 -1.000000 4
167 -1.000000 4
172 1.000000 5
176 1.000000 4
180 1.000000 4
184 -1.000000 4
188 -1.000000 4
192 1.000000 4
197 1.000000 5
200 -1.000000 3
204 -1.000000 4
208 -1.000000 4
212 1.000000 4
215 -1.000000 3
219 1.000000 4
223 1.000000 4
228 1.000000 5
233 0.000000 5
237 -1.000000 4
242 0.000000 5
246 -1.000000 4
250 1.000000 4
253 -1.000000 3
257 -1.000000 4
260 1.000000 3
265 0.000000 5
269 1.000000 4
272 1.000000 3
276 1.000000 4
281 0.000000 5
285 -1.000000 4
289 -1.000000 4
293 1.000000 4
296 -1.000000 3
299 1.000000 3
303 -1.000000 4
307 1.000000 4
311 1.000000 4
314 -1.000000 3
319 0.000000 5
324 0.000000 5
329 1.000000 5
334 1.000000 5
339 1.000000 5
343 -1.000000 4
348 1.000000 5
352 -1.000000 4
356 1.000000 4
360 1.000000 4
364 -1.000000 4
368 -1.000000 4
373 1.000000 5
376 -1.000000 3
380 -1.000000 4
384 -1.000000 4
388 -1.000000 4
391 -1.000000 3
394 -1.000000 3
398 1.000000 4
403 0.000000 5
407 1.000000 4
410 -1.000000 3
414 1.000000 4
417 1.000000 3
420 1.000000 3
424 1.000000 4
427 -1.000000 3
430 -1.000000 3
434 1.000000 4
438 -1.000000 4
441 -1.000000 3
445 -1.000000 4
450 1.000000 5
453 1.000000 3
458 1.000000 5
463 1.000000 5
467 1.000000 4
472 1.000000 5
476 1.000000 4
479 1.000000 3
482 1.000000 3
486 -1.000000 4
490 1.000000 4
495 0.000000 5
498 1.000000 3
502 1.000000 4
507 0.000000 5
510 -1.000000 3
514 -1.000000 4
518 -1.000000 4
522 -1.000000 4
527 0.000000 5
531 -1.000000 4
536 1.000000 5
541 1.000000 5
546 1.000000 5
549 1.000000 3
552 1.000000 3
557 0.000000 5
562 1.000000 5
565 1.000000 3
570 0.000000 5
575 1.000000 5
579 -1.000000 4
583 -1.000000 4
587 1.000000 4
592 1.000000 5
597 0.000000 5
602 1.000000 5
606 1.000000 4
610 -1.000000 4
614 1.000000 4
619 0.000000 5
623 1.000000 4
627 1.000000 4
630 -1.000000 3
634 -1.000000 4
638 -1.000000 4
642 -1.000000 4
646 1.000000 4
650 -1.000000 4
654 -1.000000 4
659 1.000000 5
663 1.000000 4
668 0.000000 5
672 1.000000 4
675 -1.000000 3
679 1.000000 4
683 -1.000000 4
687 -1.000000 4
692 1.000000 5
696 -1.000000 4
700 1.000000 4
704 -1.000000 4
708 1.000000 4
712 -1.000000 4
716 -1.000000 4
720 1.000000 4
724 1.000000 4
728 -1.000000 4
733 1.000000 5
738 0.000000 5
741 1.000000 3
744 1.000000 3
748 -1.000000 4
752 -1.000000 4
756 1.000000 4
760 1.000000 4
764 1.000000 4
768 1.000000 4
771 -1.000000 3
774 1.000000 3
779 1.000000 5
783 -1.000000 4
787 -1.000000 4
791 -1.000000 4
796 1.000000 5
800 -1.000000 4
803 -1.000000 3
808 0.000000 5
812 -1.000000 4
817 1.000000 5
821 1.000000 4
825 1.000000 4
829 -1.000000 4
833 1.000000 4
837 1.000000 4
841 -1.000000 4
846 1.000000 5
850 1.000000 4
855 1.000000 5
859 1.000000 4
863 -1.000000 4
867 1.000000 4
871 1.000000 4
876 1.000000 5
879 -1.000000 3
884 1.000000 5
887 1.000000 3
890 1.000000 3
894 1.000000 4
898 1.000000 4
902 -1.000000 4
906 1.000000 4
910 1.000000 4
915 1.000000 5
920 0.000000 5
924 1.000000 4
928 1.000000 4
933 1.000000 5
936 1.000000 3
941 1.000000 5
946 1.000000 5
951 1.000000 5
955 -1.000000 4
958 -1.000000 3
962 -1.000000 4
967 0.000000 5
971 1.000000 4
975 1.000000 4
978 1.000000 3
983 0.000000 5
987 -1.000000 4
991 -1.000000 4
995 -1.000000 4
1000 0.000000 5
1005 1.000000 5
1009 -1.000000 4
1012 1.000000 3
1016 1.000000 4
1020 -1.000000 4
1024 -1.000000 4
1028 -1.000000 4
1033 1.000000 5
1037 -1.000000 4
1040 -1.000000 3
1043 1.000000 3
1046 -1.000000 3
1051 1.000000 5
1054 -1.000000 3
1059 1.000000 5
1063 -1.000000 4
1067 1.000000 4
1072 0.000000 5
1077 1.000000 5
1081 1.000000 4
1085 1.000000 4
1089 1.000000 4
1094 0.000000 5
1098 -1.000000 4
1102 -1.000000 4
1106 1.000000 4
1111 0.000000 5
1115 1.000000 4
1120 0.000000 5
1124 -1.000000 4
1129 1.000000 5
1134 1.000000 5
1138 1.000000 4
1143 0.000000 5
1148 1.000000 5
1152 1.000000 4
1156 1.000000 4
1160 1.000000 4
1163 -1.000000 3
1167 -1.000000 4
1170 -1.000000 3
1174 1.000000 4
1178 1.000000 4
1183 1.000000 5
1188 1.000000 5
1193 1.000000 5
1198 1.000000 5
1201 -1.000000 3
1205 1.000000 4
1210 1.000000 5
1215 1.000000 5
1219 -1.000000 4
1223 1.000000 4
1226 1.000000 3
1230 1.000000 4
1234 -1.000000 4
1238 1.000000 4
1241 1.000000 3
1245 1.000000 4
1250 1.000000 5
1254 1.000000 4
1257 -1.000000 3
1260 1.000000 3
1265 1.000000 5
1269 -1.000000 4
1273 1.000000 4
1277 -1.000000 4
1282 1.000000 5
1285 1.000000 3
1289 1.000000 4
1293 -1.000000 4
1296 1.000000 3
1300 -1.000000 4
1305 0.000000 5
1308 1.000000 3
1313 0.000000 5
1317 -1.000000 4
1322 1.000000 5
1327 0.000000 5
1332 0.000000 5
1335 1.000000 3
1339 -1.000000 4
1343 1.000000 4
1347 1.000000 4
1351 -1.000000 4
1356 1.000000 5
1360 1.000000 4
1364 -1.000000 4
1368 -1.000000 4
1373 1.000000 5
1377 1.000000 4
1380 -1.000000 3
1384 1.000000 4
1388 1.000000 4
1393 1.000000 5
1397 -1.000000 4
1401 -1.000000 4
1406 1.000000 5
1410 1.000000 4
1413 1.000000 3
1417 1.000000 4
1420 -1.000000 3
1425 1.000000 5
1429 -1.000000 4
1434 1.000000 5
1438 -1.000000 4
1442 1.000000 4
1446 1.000000 4
1450 1.000000 4
1454 -1.000000 4
1459 0.000000 5
1464 0.000000 5
1468 1.000000 4
1471 -1.000000 3
1475 -1.000000 4
1479 1.000000 4
1484 1.000000 5
1488 -1.000000 4
1493 1.000000 5
1498 1.000000 5
1502 1.000000 4
1506 -1.000000 4
1511 0.000000 5
1515 -1.000000 4
1518 -1.000000 3
1523 1.000000 5
1527 1.000000 4
1531 1.000000 4
1536 1.000000 5
1539 -1.000000 3
1544 1.000000 5
1548 -1.000000 4
1551 -1.000000 3
1554 -1.000000 3
1559 0.000000 5
1564 1.000000 5
1567 1.000000 3
1571 1.000000 4
1575 1.000000 4
1580 1.000000 5
1585 1.000000 5
1589 -1.000000 4
1592 1.000000 3
1596 1.000000 4
1600 -1.000000 4
1605 0.000000 5
1608 -1.000000 3
1613 0.000000 5
1618 1.000000 5
1623 0.000000 5
1628 1.000000 5
1632 1.000000 4
1635 1.000000 3
1640 1.000000 5
1644 1.000000 4
1647 -1.000000 3
1652 1.000000 5
1655 -1.000000 3
1660 0.000000 5
1664 1.000000 4
1669 1.000000 5
1673 1.000000 4
1676 1.000000 3
1680 -1.000000 4
1684 1.000000 4
1688 -1.000000 4
1692 1.000000 4
1695 1.000000 3
1699 -1.000000 4
1704 0.000000 5
1709 0.000000 5
1713 -1.000000 4
1718 1.000000 5
1723 1.000000 5
1727 -1.000000 4
1732 1.000000 5
1736 1.000000 4
1740 1.000000 4
1743 1.000000 3
1748 1.000000 5
1751 1.000000 3
1755 1.000000 4
1759 1.000000 4
1763 1.000000 4
1767 -1.000000 4
1771 1.000000 4
1775 1.000000 4
1780 1.000000 5
1783 -1.000000 3
1787 -1.000000 4
1790 1.000000 3
1795 1.000000 5
1800 0.000000 5
1805 1.000000 5
1810 1.000000 5
1814 -1.000000 4
1818 1.000000 4
1823 0.000000 5
1828 1.000000 5
1832 1.000000 4
1837 1.000000 5
1841 1.000000 4
1846 1.000000 5
1849 -1.000000 3
1854 1.000000 5
1858 1.000000 4
1861 1.000000 3
1864 -1.000000 3
1867 1.000000 3
1870 -1.000000 3
1875 1.000000 5
1878 1.000000 3
1882 -1.000000 4
1885 1.000000 3
1888 -1.000000 3
1891 -1.000000 3
1895 1.000000 4
1900 1.000000 5
1905 0.000000 5
1910 0.000000 5
1914 1.000000 4
1918 -1.000000 4
1923 1.000000 5
1927 -1.000000 4
1931 1.000000 4
1935 -1.000000 4
1940 1.000000 5
1945 0.000000 5
1949 1.000000 4
1953 1.000000 4
1958 1.000000 5
1963 0.000000 5
1967 1.000000 4
1971 1.000000 4
1976 1.000000 5
1980 -1.000000 4
1985 0.000000 5
1989 1.000000 4
1993 -1.000000 4
1998 1.000000 5
2003 1.000000 5
2006 1.000000 3
2011 1.000000 5
2015 -1.000000 4
2020 0.000000 5
2024 1.000000 4
2029 0.000000 5
2033 -1.000000 4
2036 1.000000 3
2040 1.000000 4
2044 -1.000000 4
2048 -1.000000 4
2052 -1.000000 4
2056 1.000000 4
2061 1.000000 5
2065 1.000000 4
2070 1.000000 5
2075 1.000000 5
2079 -1.000000 4
2083 1.000000 4
2087 1.000000 4
2091 1.000000 4
2095 -1.000000 4
2099 1.000000 4
2103 1.000000 4
2107 -1.000000 4
2112 1.000000 5
2116 -1.000000 4
2119 1.000000 3
2122 1.000000 3
2125 -1.000000 3
2129 1.000000 4
2133 -1.000000 4
2138 1.000000 5
2143 1.000000 5
2147 1.000000 4
2151 1.000000 4
2156 0.000000 5
2160 1.000000 4
2163 -1.000000 3
2167 -1.000000 4
2171 -1.000000 4
2176 0.000000 5
2179 -1.000000 3
2182 1.000000 3
2187 0.000000 5
2190 1.000000 3
2195 1.000000 5
2199 -1.000000 4
2204 0.000000 5
2208 1.000000 4
2212 1.000000 4
2217 1.000000 5
2222 1.000000 5
2226 1.000000 4
2230 1.000000 4
2234 -1.000000 4
2238 -1.000000 4
2242 -1.000000 4
2247 1.000000 5
2252 0.000000 5
2257 1.000000 5
2261 1.000000 4
2266 0.000000 5
2271 0.000000 5
2276 1.000000 5
2280 1.000000 4
2283 1.000000 3
2287 -1.000000 4
2291 1.000000 4
2295 1.000000 4
2298 1.000000 3
2301 1.000000 3
2306 0.000000 5
2311 0.000000 5
2315 1.000000 4
2320 1.000000 5
2324 1.000000 4
2328 1.000000 4
2333 1.000000 5
2337 1.000000 4
2342 0.000000 5
2346 1.000000 4
2350 1.000000 4
2354 -1.000000 4
2359 1.000000 5
2363 1.000000 4
2368 0.000000 5
2372 1.000000 4
2376 -1.000000 4
2380 -1.000000 4
2384 1.000000 4
2388 -1.000000 4
2391 1.000000 3
2394 1.000000 3
2399 1.000000 5
2403 1.000000 4
2408 1.000000 5
2411 -1.000000 3
2416 1.000000 5
2420 1.000000 4
2423 1.000000 3
2427 -1.000000 4
2432 1.000000 5
2436 1.000000 4
2440 -1.000000 4
2444 1.000000 4
2449 0.000000 5
2452 1.000000 3
2456 1.000000 4
2460 1.000000 4
2464 1.000000 4
2468 1.000000 4
2472 1.000000 4
2476 1.000000 4
2481 0.000000 5
2485 1.000000 4
2490 1.000000 5
2493 1.000000 3
2497 1.000000 4
2501 1.000000 4
2506 0.000000 5
2510 1.000000 4
2514 1.000000 4
2518 -1.000000 4
2523 0.000000 5
2528 1.000000 5
2533 0.000000 5
2537 1.000000 4
2542 0.000000 5
2545 1.000000 3
2548 -1.000000 3
2553 1.000000 5
2556 -1.000000 3
2561 1.000000 5
2566 0.000000 5
2571 1.000000 5
2574 1.000000 3
2577 1.000000 3
2581 -1.000000 4
2584 1.000000 3
2588 -1.000000 4
2593 0.000000 5
2597 -1.000000 4
2600 1.000000 3
2605 1.000000 5
2609 1.000000 4
2614 1.000000 5
2619 0.000000 5
2623 1.000000 4
2627 1.000000 4
2631 1.000000 4
2634 -1.000000 3
2638 -1.000000 4
2642 -1.000000 4
2647 1.000000 5
2650 1.000000 3
2653 -1.000000 3
2656 1.000000 3
2660 1.000000 4
2665 0.000000 5
2669 -1.000000 4
2673 -1.000000 4
2678 1.000000 5
2683 1.000000 5
2688 1.000000 5
2692 1.000000 4
2696 1.000000 4
2700 -1.000000 4
2704 1.000000 4
2709 1.000000 5
2712 1.000000 3
2717 1.000000 5
2722 1.000000 5
2727 0.000000 5
2731 -1.000000 4
2734 1.000000 3
2738 -1.000000 4
2742 1.000000 4
2747 1.000000 5
2751 -1.000000 4
2755 1.000000 4
2759 1.000000 4
2763 1.000000 4
2767 -1.000000 4
2771 -1.000000 4
2774 1.000000 3
2777 1.000000 3
2781 1.000000 4
2785 -1.000000 4
2789 -1.000000 4
2793 1.000000 4
2796 -1.000000 3
2800 1.000000 4
2804 -1.000000 4
2808 -1.000000 4
2812 1.000000 4
2815 1.000000 3
2819 -1.000000 4
2823 -1.000000 4
2827 1.000000 4
2831 1.000000 4
2836 0.000000 5
2841 0.000000 5
2845 -1.000000 4
2849 1.000000 4
2852 1.000000 3
2856 -1.000000 4
2860 -1.000000 4
2865 0.000000 5
2868 1.000000 3
2873 0.000000 5
2878 1.000000 5
2883 1.000000 5
2887 -1.000000 4
2892 0.000000 5
2896 -1.000000 4
2901 1.000000 5
2905 1.000000 4
2909 -1.000000 4
2913 1.000000 4
2917 1.000000 4
2922 1.000000 5
2927 1.000000 5
2930 1.000000 3
2935 1.000000 5
2939 -1.000000 4
2943 1.000000 4
2947 1.000000 4
2951 1.000000 4
2955 -1.000000 4
2958 1.000000 3
2962 1.000000 4
2966 1.000000 4
2969 1.000000 3
2974 1.000000 5
2979 1.000000 5
2983 -1.000000 4
2988 0.000000 5
2992 1.000000 4
2996 -1.000000 4
3000 -1.000000 4
3003 1.000000 3
3006 -1.000000 3
3011 1.000000 5
3014 1.000000 3
3018 1.000000 4
3021 1.000000 3
3025 1.000000 4
3029 -1.000000 4
3034 1.000000 5
3038 -1.000000 4
3042 1.000000 4
3045 1.000000 3
3049 -1.000000 4
3052 -1.000000 3
3055 1.000000 3
3059 1.000000 4
3062 1.000000 3
3066 1.000000 4
3071 1.000000 5
3076 1.000000 5
3080 1.000000 4
3085 1.000000 5
3089 -1.000000 4
3092 1.000000 3
3097 1.000000 5
3100 1.000000 3
3105 0.000000 5
3110 1.000000 5
3114 -1.000000 4
3119 1.000000 5
3123 -1.000000 4
3127 -1.000000 4
3130 1.000000 3
3134 -1.000000 4
3139 0.000000 5
3143 1.000000 4
3146 1.000000 3
3150 1.000000 4
3155 1.000000 5
3160 0.000000 5
3164 1.000000 4
3169 1.000000 5
3172 1.000000 3
3177 1.000000 5
3182 1.000000 5
3185 1.000000 3
3190 1.000000 5
3195 1.000000 5
3198 1.000000 3
3203 1.000000 5
3207 1.000000 4
3210 1.000000 3
3214 1.000000 4
3219 1.000000 5
3223 -1.000000 4
3227 -1.000000 4
3230 1.000000 3
3234 1.000000 4
3237 -1.000000 3
3242 0.000000 5
3247 1.000000 5
3252 0.000000 5
3256 -1.000000 4
3260 -1.000000 4
3263 -1.000000 3
3266 -1.000000 3
3269 1.000000 3
3272 1.000000 3
3276 1.000000 4
3281 0.000000 5
3286 1.000000 5
3290 1.000000 4
3295 1.000000 5
3300 1.000000 5
3303 1.000000 3
3307 -1.000000 4
3312 0.000000 5
3316 1.000000 4
3320 1.000000 4
3324 1.000000 4
3328 -1.000000 4
3333 1.000000 5
3338 1.000000 5
3342 1.000000 4
3345 -1.000000 3
3350 0.000000 5
3354 1.000000 4
3359 0.000000 5
3364 0.000000 5
3367 -1.000000 3
3372 1.000000 5
3375 -1.000000 3
3379 -1.000000 4
3383 -1.000000 4
3388 1.000000 5
3392 1.000000 4
3396 1.000000 4
3399 1.000000 3
3403 1.000000 4
3406 -1.000000 3
3410 1.000000 4
3414 -1.000000 4
3419 1.000000 5
3423 1.000000 4
3428 1.000000 5
3433 1.000000 5
3438 1.000000 5
3442 1.000000 4
3445 1.000000 3
3448 1.000000 3
3453 1.000000 5
3457 1.000000 4
3460 -1.000000 3
3464 1.000000 4
3468 1.000000 4
3473 0.000000 5
3478 1.000000 5
3481 1.000000 3
3486 0.000000 5
3491 1.000000 5
3495 1.000000 4
3500 1.000000 5
3504 1.000000 4
3507 1.000000 3
3511 -1.000000 4
3516 0.000000 5
3521 1.000000 5
3525 -1.000000 4
3530 1.000000 5
3535 0.000000 5
3538 1.000000 3
3543 1.000000 5
3548 0.000000 5
3553 0.000000 5
3557 -1.000000 4
3560 1.000000 3
3565 0.000000 5
3569 1.000000 4
3574 1.000000 5
3578 -1.000000 4
3582 -1.000000 4
3586 1.000000 4
3590 -1.000000 4
3593 1.000000 3
3598 0.000000 5
3602 -1.000000 4
3605 1.000000 3
3609 -1.000000 4
3613 1.000000 4
3618 0.000000 5
3622 -1.000000 4
3626 1.000000 4
3631 1.000000 5
3635 1.000000 4
3638 1.000000 3
3642 1.000000 4
3646 -1.000000 4
3651 1.000000 5
3656 0.000000 5
3659 1.000000 3
3664 1.000000 5
3667 1.000000 3
3672 1.000000 5
3677 1.000000 5
3682 1.000000 5
3687 1.000000 5
3691 1.000000 4
3695 1.000000 4
3699 1.000000 4
3704 0.000000 5
3709 0.000000 5
3713 1.000000 4
3718 1.000000 5
3721 -1.000000 3
3724 -1.000000 3
3728 -1.000000 4
3732 -1.000000 4
3736 1.000000 4
3740 1.000000 4
3743 -1.000000 3
3747 1.000000 4
3751 -1.000000 4
3756 0.000000 5
3760 1.000000 4
3765 1.000000 5
3770 1.000000 5
3774 -1.000000 4
3778 1.000000 4
3782 1.000000 4
3787 1.000000 5
3792 1.000000 5
3797 1.000000 5
3800 1.000000 3
3805 0.000000 5
3808 1.000000 3
3812 -1.000000 4
3815 1.000000 3
3820 1.000000 5
3824 -1.000000 4
3829 0.000000 5
3834 0.000000 5
3839 1.000000 5
3843 -1.000000 4
3847 -1.000000 4
3851 1.000000 4
3854 1.000000 3
3859 1.000000 5
3864 0.000000 5
3867 1.000000 3
3872 1.000000 5
3875 -1.000000 3
3880 1.000000 5
3884 1.000000 4
3889 0.000000 5
3894 0.000000 5
3898 1.000000 4
3903 1.000000 5
3908 1.000000 5
3913 1.000000 5
3917 1.000000 4
3922 0.000000 5
3925 1.000000 3
3929 1.000000 4
3933 -1.000000 4
3938 1.000000 5
3942 -1.000000 4
3946 -1.000000 4
3949 -1.000000 3
3954 0.000000 5
3958 -1.000000 4
3963 1.000000 5
3968 1.000000 5
3971 -1.000000 3
3975 1.000000 4
3980 0.000000 5
3984 1.000000 4
3989 0.000000 5
3993 -1.000000 4
3997 -1.000000 4
4001 1.000000 4
4006 1.000000 5
4010 -1.000000 4
4014 1.000000 4
4018 -1.000000 4
4023 1.000000 5
4027 1.000000 4
4032 1.000000 5
4037 1.000000 5
4042 1.000000 5
4045 -1.000000 3
4049 1.000000 4
4053 -1.000000 4
4057 -1.000000 4
4061 -1.000000 4
4064 -1.000000 3
4068 1.000000 4
4073 0.000000 5
4078 1.000000 5
4083 1.000000 5
4088 1.000000 5
4091 1.000000 3
4095 1.000000 4
4100 1.000000 5
4103 1.000000 3
4107 1.000000 4
4111 1.000000 4
4115 1.000000 4
4120 0.000000 5
4123 1.000000 3
4128 0.000000 5
4133 0.000000 5
4136 1.000000 3
4141 1.000000 5
4144 -1.000000 3
4148 1.000000 4
4152 1.000000 4
4157 0.000000 5
4161 1.000000 4
4165 1.000000 4
4169 -1.000000 4
4174 1.000000 5
4179 0.000000 5
4184 1.000000 5
4187 -1.000000 3
4191 -1.000000 4
4194 1.000000 3
4199 0.000000 5
4202 -1.000000 3
4206 1.000000 4
4210 -1.000000 4
4215 1.000000 5
4218 1.000000 3
4223 0.000000 5
4227 1.000000 4
4230 -1.000000 3
4235 0.000000 5
4239 1.000000 4
4244 1.000000 5
4248 -1.000000 4
4251 1.000000 3
4256 0.000000 5
4260 -1.000000 4
4265 1.000000 5
4270 1.000000 5
4275 0.000000 5
4278 1.000000 3
4282 1.000000 4
4286 -1.000000 4
4291 0.000000 5
4295 -1.000000 4
4299 -1.000000 4
4303 1.000000 4
4307 -1.000000 4
4311 -1.000000 4
4315 1.000000 4
4320 0.000000 5
4323 -1.000000 3
4328 1.000000 5
4331 -1.000000 3
4335 -1.000000 4
4340 0.000000 5
4344 1.000000 4
4347 1.000000 3
4351 -1.000000 4
4355 1.000000 4
4359 -1.000000 4
4363 -1.000000 4
4367 -1.000000 4
4371 -1.000000 4
4374 1.000000 3
4379 1.000000 5
4383 -1.000000 4
4388 0.000000 5
4392 1.000000 4
4396 1.000000 4
4401 1.000000 5
4405 1.000000 4
4409 1.000000 4
4414 1.000000 5
4418 -1.000000 4
4422 -1.000000 4
4426 1.000000 4
4430 1.000000 4
4434 1.000000 4
4438 1.000000 4
4442 -1.000000 4
4446 -1.000000 4
4451 0.000000 5
4456 1.000000 5
4460 1.000000 4
4465 1.000000 5
4469 -1.000000 4
4472 -1.000000 3
4477 0.000000 5
4481 1.000000 4
4486 1.000000 5
4491 0.000000 5
4495 1.000000 4
4499 1.000000 4
4503 -1.000000 4
4507 -1.000000 4
4511 1.000000 4
4516 1.000000 5
4519 -1.000000 3
4524 0.000000 5
4528 1.000000 4
4532 1.000000 4
4536 -1.000000 4
4539 -1.000000 3
4543 1.000000 4
4547 1.000000 4
4552 1.000000 5
4555 -1.000000 3
4558 -1.000000 3
4561 1.000000 3
4566 0.000000 5
4571 1.000000 5
4575 -1.000000 4
4580 0.000000 5
4584 -1.000000 4
4588 1.000000 4
4591 1.000000 3
4596 0.000000 5
4601 0.000000 5
4606 1.000000 5
4609 1.000000 3
4612 1.000000 3
4617 1.000000 5
4621 1.000000 4
4625 1.000000 4
4629 1.000000 4
4633 -1.000000 4
4637 -1.000000 4
4641 1.000000 4
4646 1.000000 5
4649 -1.000000 3
4653 1.000000 4
4656 1.000000 3
4661 1.000000 5
4666 1.000000 5
4670 1.000000 4
4674 1.000000 4
4678 -1.000000 4
4683 1.000000 5
4688 1.000000 5
4692 -1.000000 4
4696 1.000000 4
4701 1.000000 5
4704 -1.000000 3
4707 1.000000 3
4711 -1.000000 4
4716 1.000000 5
4721 1.000000 5
4725 1.000000 4
4729 1.000000 4
4733 1.000000 4
4737 1.000000 4
4741 1.000000 4
4746 1.000000 5
4749 1.000000 3
4753 -1.000000 4
4757 1.000000 4
4762 0.000000 5
4766 -1.000000 4
4770 1.000000 4
4774 1.000000 4
4777 -1.000000 3
4781 1.000000 4
4786 1.000000 5
4790 -1.000000 4
4795 1.000000 5
4800 0.000000 5
4804 1.000000 4
4807 -1.000000 3
4812 1.000000 5
4815 1.000000 3
4819 -1.000000 4
4823 1.000000 4
4826 -1.000000 3
4831 1.000000 5
4835 1.000000 4
4840 1.000000 5
4844 1.000000 4
4849 1.000000 5
4853 -1.000000 4
4857 1.000000 4
4861 -1.000000 4
4865 1.000000 4
4870 0.000000 5
4875 1.000000 5
4879 1.000000 4
4883 -1.000000 4
4886 -1.000000 3
4891 1.000000 5
4895 1.000000 4
4899 1.000000 4
4903 -1.000000 4
4906 1.000000 3
4911 1.000000 5
4915 -1.000000 4
4920 0.000000 5
4925 0.000000 5
4929 1.000000 4
4932 -1.000000 3
4936 1.000000 4
4940 1.000000 4
4945 0.000000 5
4950 1.000000 5
4954 -1.000000 4
4958 1.000000 4
4962 1.000000 4
4966 1.000000 4
4971 0.000000 5
4976 0.000000 5
4979 1.000000 3
4982 -1.000000 3
4986 -1.000000 4
4990 -1.000000 4
4995 1.000000 5
4998 -1.000000 3
5001 1.000000 3
5005 1.000000 4
5010 1.000000 5
5014 1.000000 4
5017 1.000000 3
5022 1.000000 5
5025 -1.000000 3
5029 -1.000000 4
5032 1.000000 3
5037 0.000000 5
5041 -1.000000 4
5046 1.000000 5
5050 1.000000 4
5054 1.000000 4
5059 1.000000 5
5063 1.000000 4
5066 -1.000000 3
5069 -1.000000 3
5074 1.000000 5
5078 1.000000 4
5082 1.000000 4
5087 1.000000 5
5092 1.000000 5
5097 1.000000 5
5100 1.000000 3
5103 -1.000000 3
5108 1.000000 5
5112 -1.000000 4
5116 -1.000000 4
5119 -1.000000 3
5124 1.000000 5
5129 1.000000 5
5133 -1.000000 4
5137 -1.000000 4
5142 1.000000 5
5147 0.000000 5
5151 1.000000 4
5156 1.000000 5
5160 1.000000 4
5164 1.000000 4
5168 -1.000000 4
5172 1.000000 4
5176 1.000000 4
5180 1.000000 4
5185 1.000000 5
5190 1.000000 5
5194 1.000000 4
5198 -1.000000 4
5201 1.000000 3
5204 -1.000000 3
5209 1.000000 5
5214 1.000000 5
5217 1.000000 3
5222 0.000000 5
5226 -1.000000 4
5231 1.000000 5
5234 -1.000000 3
5239 1.000000 5
5244 0.000000 5
5248 -1.000000 4
5253 1.000000 5
5256 1.000000 3
5260 -1.000000 4
5265 0.000000 5
5269 -1.000000 4
5274 0.000000 5
5278 1.000000 4
5283 0.000000 5
5287 1.000000 4
5292 0.000000 5
5297 1.000000 5
5300 -1.000000 3
5305 0.000000 5
5309 -1.000000 4
5313 1.000000 4
5316 -1.000000 3
5320 -1.000000 4
5324 1.000000 4
5327 -1.000000 3
5330 1.000000 3
5335 1.000000 5
5338 1.000000 3
5342 -1.000000 4
5346 1.000000 4
5349 1.000000 3
5354 1.000000 5
5358 1.000000 4
5362 1.000000 4
5367 1.000000 5
5372 1.000000 5
5375 -1.000000 3
5379 -1.000000 4
5382 1.000000 3
5385 1.000000 3
5390 1.000000 5
5394 -1.000000 4
5398 -1.000000 4
5403 0.000000 5
5407 1.000000 4
5410 -1.000000 3
5415 1.000000 5
5420 0.000000 5
5424 -1.000000 4
5427 -1.000000 3
5430 1.000000 3
5434 1.000000 4
5437 1.000000 3
5442 1.000000 5
5447 1.000000 5
5451 -1.000000 4
5456 1.000000 5
5461 1.000000 5
5466 0.000000 5
5470 -1.000000 4
5475 0.000000 5
5478 -1.000000 3
5482 1.000000 4
5485 1.000000 3
5490 1.000000 5
5494 1.000000 4
5498 -1.000000 4
5503 0.000000 5
5506 -1.000000 3
5510 1.000000 4
5515 0.000000 5
5519 1.000000 4
5524 1.000000 5
5528 -1.000000 4
5532 -1.000000 4
5535 1.000000 3
5539 1.000000 4
5544 1.000000 5
5549 1.000000 5
5554 1.000000 5
5558 -1.000000 4
5563 1.000000 5
5567 -1.000000 4
5571 -1.000000 4
5575 1.000000 4
5579 1.000000 4
5582 -1.000000 3
5586 -1.000000 4
5591 1.000000 5
5596 1.000000 5
5600 -1.000000 4
5604 1.000000 4
5609 1.000000 5
5613 -1.000000 4
5618 0.000000 5
5622 -1.000000 4
5627 0.000000 5
5631 -1.000000 4
5636 1.000000 5
5640 1.000000 4
5644 -1.000000 4
5648 -1.000000 4
5651 1.000000 3
5654 1.000000 3
5657 1.000000 3
5660 1.000000 3
5663 -1.000000 3
5668 1.000000 5
5672 -1.000000 4
5677 0.000000 5
5682 0.000000 5
5687 1.000000 5
5691 1.000000 4
5696 0.000000 5
5701 1.000000 5
5706 1.000000 5
5710 -1.000000 4
5715 1.000000 5
5720 1.000000 5
5725 1.000000 5
5730 1.000000 5
5735 1.000000 5
5739 1.000000 4
5744 1.000000 5
5747 1.000000 3
5750 1.000000 3
5755 1.000000 5
5759 1.000000 4
5764 1.000000 5
5769 0.000000 5
5774 1.000000 5
5778 -1.000000 4
5782 -1.000000 4
5787 0.000000 5
5792 1.000000 5
5797 1.000000 5
5802 0.000000 5
5805 -1.000000 3
5809 1.000000 4
5814 1.000000 5
5818 -1.000000 4
5823 0.000000 5
5827 -1.000000 4
5831 1.000000 4
5835 -1.000000 4
5838 1.000000 3
5842 1.000000 4
5846 1.000000 4
5850 -1.000000 4
5854 -1.000000 4
5858 1.000000 4
5863 1.000000 5
5866 -1.000000 3
5870 -1.000000 4
5875 0.000000 5
5878 -1.000000 3
5882 -1.000000 4
5887 0.000000 5
5890 1.000000 3
5893 -1.000000 3
5898 0.000000 5
5902 1.000000 4
5906 1.000000 4
5910 -1.000000 4
5914 -1.000000 4
5919 1.000000 5
5924 1.000000 5
5929 0.000000 5
5934 1.000000 5
5939 0.000000 5
5943 -1.000000 4
5947 -1.000000 4
5952 1.000000 5
5956 1.000000 4
5959 -1.000000 3
5962 1.000000 3
5966 1.000000 4
5971 1.000000 5
5975 1.000000 4
5980 0.000000 5
5983 -1.000000 3
5988 1.000000 5
5993 0.000000 5
5996 -1.000000 3
6000 1.000000 4
6003 -1.000000 3
6007 1.000000 4
6012 1.000000 5
6017 1.000000 5
6021 1.000000 4
6025 -1.000000 4
6028 -1.000000 3
6031 -1.000000 3
6036 1.000000 5
6039 -1.000000 3
6043 1.000000 4
6048 1.000000 5
6051 -1.000000 3
6054 1.000000 3
6059 1.000000 5
6062 1.000000 3
6066 1.000000 4
6071 0.000000 5
6075 -1.000000 4
6080 0.000000 5
6085 1.000000 5
6090 0.000000 5
6094 1.000000 4
6098 1.000000 4
6101 1.000000 3
6106 1.000000 5
6111 0.000000 5
6114 -1.000000 3
6118 1.000000 4
6121 1.000000 3
6125 1.000000 4
6129 -1.000000 4
6133 1.000000 4
6137 1.000000 4
6141 1.000000 4
6145 1.000000 4
6149 -1.000000 4
6153 -1.000000 4
6157 1.000000 4
6160 -1.000000 3
6165 0.000000 5
6170 0.000000 5
6175 0.000000 5
6179 -1.000000 4
6184 1.000000 5
6188 1.000000 4
6193 1.000000 5
6197 1.000000 4
6202 0.000000 5
6207 1.000000 5
6210 1.000000 3
6213 1.000000 3
6216 1.000000 3
6220 -1.000000 4
6225 1.000000 5
6230 0.000000 5
6234 1.000000 4
6239 1.000000 5
6244 0.000000 5
6249 1.000000 5
6252 1.000000 3
6256 -1.000000 4
6259 1.000000 3
6263 -1.000000 4
6268 1.000000 5
6273 1.000000 5
6278 1.000000 5
6281 1.000000 3
6285 1.000000 4
6290 1.000000 5
6293 -1.000000 3
6298 1.000000 5
6302 1.000000 4
6307 1.000000 5
6312 1.000000 5
6316 -1.000000 4
6320 -1.000000 4
6325 0.000000 5
6328 -1.000000 3
6332 1.000000 4
6337 1.000000 5
6340 1.000000 3
6345 0.000000 5
6349 -1.000000 4
6354 1.000000 5
6358 1.000000 4
6362 1.000000 4
6366 1.000000 4
6370 -1.000000 4
6373 -1.000000 3
6376 -1.000000 3
6380 1.000000 4
6384 -1.000000 4
6388 1.000000 4
6392 1.000000 4
6396 1.000000 4
6400 -1.000000 4
6405 1.000000 5
6410 0.000000 5
6413 -1.000000 3
6417 1.000000 4
6420 -1.000000 3
6425 0.000000 5
6430 1.000000 5
6435 0.000000 5
6439 -1.000000 4
6444 1.000000 5
6449 1.000000 5
6453 1.000000 4
6458 1.000000 5
6461 -1.000000 3
6465 -1.000000 4
6468 -1.000000 3
6473 1.000000 5
6477 -1.000000 4
6481 1.000000 4
6484 1.000000 3
6489 0.000000 5
6492 -1.000000 3
6495 1.000000 3
6499 -1.000000 4
6503 -1.000000 4
6506 -1.000000 3
6511 0.000000 5
6515 1.000000 4
6520 1.000000 5
6525 0.000000 5
6528 1.000000 3
6533 0.000000 5
6538 0.000000 5
6542 1.000000 4
6546 -1.000000 4
6551 1.000000 5
6556 1.000000 5
6560 -1.000000 4
6564 1.000000 4
6569 1.000000 5
6573 1.000000 4
6578 1.000000 5
6583 1.000000 5
6587 1.000000 4
6591 1.000000 4
6594 -1.000000 3
6598 -1.000000 4
6601 -1.000000 3
6606 1.000000 5
6609 -1.000000 3
6612 -1.000000 3
6616 1.000000 4
6620 1.000000 4
6623 1.000000 3
6627 -1.000000 4
6632 1.000000 5
6637 1.000000 5
6640 1.000000 3
6644 1.000000 4
6649 0.000000 5
6654 1.000000 5
6658 1.000000 4
6663 1.000000 5
6667 1.000000 4
6671 1.000000 4
6675 1.000000 4
6679 -1.000000 4
6684 1.000000 5
6689 1.000000 5
6694 1.000000 5
6699 1.000000 5
6704 0.000000 5
6707 1.000000 3
6711 1.000000 4
6716 1.000000 5
6720 1.000000 4
6723 1.000000 3
6727 1.000000 4
6732 0.000000 5
6737 0.000000 5
6741 -1.000000 4
6744 1.000000 3
6748 -1.000000 4
6753 1.000000 5
6757 1.000000 4
6761 -1.000000 4
6765 1.000000 4
6768 1.000000 3
6772 1.000000 4
6777 0.000000 5
6782 0.000000 5
6787 1.000000 5
6792 1.000000 5
6796 1.000000 4
6801 1.000000 5
6805 -1.000000 4
6809 1.000000 4
6814 1.000000 5
6818 1.000000 4
6821 -1.000000 3
6826 1.000000 5
6831 1.000000 5
6836 0.000000 5
6840 1.000000 4
6844 1.000000 4
6849 0.000000 5
6853 1.000000 4
6858 1.000000 5
6862 1.000000 4
6866 -1.000000 4
6870 -1.000000 4
6875 1.000000 5
6879 -1.000000 4
6884 1.000000 5
6889 1.000000 5
6894 1.000000 5
6897 -1.000000 3
6901 -1.000000 4
6906 1.000000 5
6911 0.000000 5
6916 1.000000 5
6920 1.000000 4
6923 -1.000000 3
6927 1.000000 4
6932 1.000000 5
6936 1.000000 4
6940 1.000000 4
6943 -1.000000 3
6947 -1.000000 4
6952 1.000000 5
6956 -1.000000 4
6960 1.000000 4
6963 -1.000000 3
6967 1.000000 4
6972 1.000000 5
6976 1.000000 4
6980 -1.000000 4
6983 1.000000 3
6987 1.000000 4
6991 1.000000 4
6995 1.000000 4
6999 -1.000000 4
7002 -1.000000 3
7005 1.000000 3
7009 1.000000 4
7013 1.000000 4
7018 1.000000 5
7023 0.000000 5
7028 0.000000 5
7031 1.000000 3
7034 1.000000 3
7038 1.000000 4
7042 1.000000 4
7047 0.000000 5
7050 1.000000 3
7054 1.000000 4
7058 1.000000 4
7063 1.000000 5
7067 -1.000000 4
7071 -1.000000 4
7074 -1.000000 3
7079 1.000000 5
7083 1.000000 4
7088 1.000000 5
7093 1.000000 5
7097 1.000000 4
7100 1.000000 3
7105 1.000000 5
7110 0.000000 5
7113 1.000000 3
7118 1.000000 5
7123 1.000000 5
7127 1.000000 4
7132 0.000000 5
7137 1.000000 5
7142 0.000000 5
7147 1.000000 5
7150 -1.000000 3
7154 1.000000 4
7158 1.000000 4
7162 1.000000 4
7166 1.000000 4
7169 -1.000000 3
7174 1.000000 5
7178 -1.000000 4
7182 -1.000000 4
7186 -1.000000 4
7189 -1.000000 3
7193 1.000000 4
7197 -1.000000 4
7200 1.000000 3
7205 1.000000 5
7209 -1.000000 4
7213 -1.000000 4
7217 -1.000000 4
7221 -1.000000 4
7225 -1.000000 4
7230 0.000000 5
7235 0.000000 5
7239 1.000000 4
7242 -1.000000 3
7245 -1.000000 3
7248 1.000000 3
7251 -1.000000 3
7255 -1.000000 4
7259 -1.000000 4
7262 -1.000000 3
7267 1.000000 5
7272 1.000000 5
7277 1.000000 5
7282 1.000000 5
7286 1.000000 4
7291 1.000000 5
7296 1.000000 5
7299 1.000000 3
7304 0.000000 5
7308 -1.000000 4
7313 1.000000 5
7318 0.000000 5
7322 -1.000000 4
7327 0.000000 5
7332 1.000000 5
7337 1.000000 5
7342 1.000000 5
7347 1.000000 5
7352 0.000000 5
7356 -1.000000 4
7361 0.000000 5
7364 1.000000 3
7369 1.000000 5
7374 1.000000 5
7377 -1.000000 3
7380 1.000000 3
7385 1.000000 5
7390 1.000000 5
7393 -1.000000 3
7397 -1.000000 4
7401 -1.000000 4
7405 1.000000 4
7409 1.000000 4
7413 -1.000000 4
7418 1.000000 5
7422 -1.000000 4
7426 -1.000000 4
7430 -1.000000 4
7434 1.000000 4
7437 -1.000000 3
7440 1.000000 3
7444 1.000000 4
7448 1.000000 4
7452 -1.000000 4
7456 -1.000000 4
7460 -1.000000 4
7465 1.000000 5
7468 1.000000 3
7473 0.000000 5
7476 1.000000 3
7480 1.000000 4
7484 1.000000 4
7487 -1.000000 3
7491 -1.000000 4
7495 -1.000000 4
7500 1.000000 5
7505 1.000000 5
7510 1.000000 5
7513 1.000000 3
7517 1.000000 4
7520 1.000000 3
7523 1.000000 3
7527 -1.000000 4
7532 1.000000 5
7535 -1.000000 3
7538 -1.000000 3
7541 -1.000000 3
7544 -1.000000 3
7548 1.000000 4
7553 1.000000 5
7557 1.000000 4
7561 -1.000000 4
7565 -1.000000 4
7570 1.000000 5
7575 1.000000 5
7579 1.000000 4
7584 1.000000 5
7588 -1.000000 4
7592 -1.000000 4
7595 -1.000000 3
7599 -1.000000 4
7604 0.000000 5
7608 -1.000000 4
7611 1.000000 3
7615 1.000000 4
7619 -1.000000 4
7623 -1.000000 4
7626 -1.000000 3
7631 0.000000 5
7635 1.000000 4
7639 -1.000000 4
7644 0.000000 5
7649 1.000000 5
7652 1.000000 3
7657 1.000000 5
7662 0.000000 5
7666 1.000000 4
7670 -1.000000 4
7675 1.000000 5
7678 1.000000 3
7682 -1.000000 4
7686 1.000000 4
7690 -1.000000 4
7693 -1.000000 3
7697 -1.000000 4
7701 1.000000 4
7704 1.000000 3
7708 1.000000 4
7712 -1.000000 4
7717 1.000000 5
7721 -1.000000 4
7725 -1.000000 4
7728 -1.000000 3
7732 1.000000 4
7736 -1.000000 4
7741 1.000000 5
7745 -1.000000 4
7749 -1.000000 4
7753 1.000000 4
7756 1.000000 3
7760 1.000000 4
7765 0.000000 5
7770 0.000000 5
7773 -1.000000 3
7778 0.000000 5
7783 0.000000 5
7787 1.000000 4
7791 -1.000000 4
7796 0.000000 5
7801 1.000000 5
7805 -1.000000 4
7809 1.000000 4
7812 1.000000 3
7816 1.000000 4
7821 1.000000 5
7825 1.000000 4
7828 1.000000 3
7832 -1.000000 4
7837 1.000000 5
7841 -1.000000 4
7844 1.000000 3
7847 1.000000 3
7851 1.000000 4
7855 1.000000 4
7860 1.000000 5
7865 0.000000 5
7869 1.000000 4
7873 1.000000 4
7877 1.000000 4
7882 1.000000 5
7887 0.000000 5
7890 1.000000 3
7895 1.000000 5
7900 0.000000 5
7904 1.000000 4
7907 -1.000000 3
7912 1.000000 5
7917 0.000000 5
7921 -1.000000 4
7924 1.000000 3
7927 -1.000000 3
7930 -1.000000 3
7935 0.000000 5
7939 -1.000000 4
7943 1.000000 4
7947 1.000000 4
7950 1.000000 3
7953 -1.000000 3
7958 1.000000 5
7962 1.000000 4
7966 -1.000000 4
7970 1.000000 4
7975 1.000000 5
7980 1.000000 5
7984 1.000000 4
7988 -1.000000 4
7992 -1.000000 4
7997 1.000000 5
8002 0.000000 5
8007 1.000000 5
8011 1.000000 4
8015 1.000000 4
8019 -1.000000 4
8023 1.000000 4
8028 1.000000 5
8032 -1.000000 4
8037 0.000000 5
8041 -1.000000 4
8046 1.000000 5
8051 1.000000 5
8056 1.000000 5
8060 1.000000 4
8064 1.000000 4
8068 1.000000 4
8072 -1.000000 4
8076 1.000000 4
8081 0.000000 5
8085 1.000000 4
8089 -1.000000 4
8094 1.000000 5
8098 1.000000 4
8101 -1.000000 3
8105 1.000000 4
8108 1.000000 3
8112 1.000000 4
8116 -1.000000 4
8121 1.000000 5
8124 1.000000 3
8128 -1.000000 4
8132 1.000000 4
8136 1.000000 4
8139 1.000000 3
8142 1.000000 3
8147 0.000000 5
8150 -1.000000 3
8153 -1.000000 3
8157 1.000000 4
8161 -1.000000 4
8165 1.000000 4
8170 1.000000 5
8173 1.000000 3
8176 -1.000000 3
8180 -1.000000 4
8184 -1.000000 4
8188 1.000000 4
8192 -1.000000 4
8196 -1.000000 4
8201 0.000000 5
8205 -1.000000 4
8209 1.000000 4
8212 1.000000 3
8217 0.000000 5
8221 1.000000 4
8226 0.000000 5
8230 -1.000000 4
8235 0.000000 5
8239 1.000000 4
8244 1.000000 5
8249 0.000000 5
8254 0.000000 5
8259 1.000000 5
8262 1.000000 3
8266 1.000000 4
8270 1.000000 4
8274 -1.000000 4
8279 0.000000 5
8284 1.000000 5
8288 -1.000000 4
8291 1.000000 3
8296 1.000000 5
8300 1.000000 4
8304 1.000000 4
8309 1.000000 5
8312 1.000000 3
8315 1.000000 3
8319 1.000000 4
8323 1.000000 4
8326 1.000000 3
8331 0.000000 5
8334 1.000000 3
8338 -1.000000 4
8341 -1.000000 3
8345 -1.000000 4
8349 -1.000000 4
8352 1.000000 3
8356 1.000000 4
8361 1.000000 5
8365 -1.000000 4
8368 1.000000 3
8372 -1.000000 4
8375 -1.000000 3
8378 -1.000000 3
8382 1.000000 4
8385 -1.000000 3
8390 0.000000 5
8394 -1.000000 4
8398 1.000000 4
8402 1.000000 4
8407 1.000000 5
8411 1.000000 4
8416 1.000000 5
8421 0.000000 5
8424 1.000000 3
8427 -1.000000 3
8431 -1.000000 4
8435 1.000000 4
8439 1.000000 4
8443 1.000000 4
8447 1.000000 4
8451 1.000000 4
8456 0.000000 5
8461 0.000000 5
8466 1.000000 5
8471 0.000000 5
8475 -1.000000 4
8479 1.000000 4
8482 1.000000 3
8486 -1.000000 4
8491 1.000000 5
8495 1.000000 4
8499 1.000000 4
8503 1.000000 4
8508 1.000000 5
8511 1.000000 3
8515 -1.000000 4
8518 1.000000 3
8521 1.000000 3
8524 -1.000000 3
8528 1.000000 4
8532 1.000000 4
8537 0.000000 5
8541 -1.000000 4
8545 1.000000 4
8549 1.000000 4
8554 1.000000 5
8558 1.000000 4
8563 1.000000 5
8568 1.000000 5
8572 1.000000 4
8575 -1.000000 3
8580 1.000000 5
8583 1.000000 3
8587 -1.000000 4
8591 1.000000 4
8595 1.000000 4
8599 1.000000 4
8604 0.000000 5
8609 1.000000 5
8614 0.000000 5
8618 1.000000 4
8623 1.000000 5
8626 1.000000 3
8631 1.000000 5
8635 -1.000000 4
8639 1.000000 4
8642 1.000000 3
8646 -1.000000 4
8650 -1.000000 4
8655 0.000000 5
8658 -1.000000 3
8663 1.000000 5
8667 -1.000000 4
8671 1.000000 4
8674 -1.000000 3
8678 -1.000000 4
8682 -1.000000 4
8685 -1.000000 3
8688 1.000000 3
8692 -1.000000 4
8696 -1.000000 4
8700 1.000000 4
8704 -1.000000 4
8708 1.000000 4
8712 -1.000000 4
8717 1.000000 5
8720 1.000000 3
8724 -1.000000 4
8728 1.000000 4
8732 1.000000 4
8737 1.000000 5
8741 -1.000000 4
8745 -1.000000 4
8749 1.000000 4
8753 -1.000000 4
8758 1.000000 5
8762 1.000000 4
8766 1.000000 4
8770 -1.000000 4
8773 1.000000 3
8776 1.000000 3
8779 -1.000000 3
8784 1.000000 5
8789 0.000000 5
8793 -1.000000 4
8797 -1.000000 4
8802 1.000000 5
8806 1.000000 4
8810 1.000000 4
8814 -1.000000 4
8818 -1.000000 4
8821 -1.000000 3
8826 1.000000 5
8831 0.000000 5
8836 1.000000 5
8841 1.000000 5
8845 1.000000 4
8849 1.000000 4
8853 -1.000000 4
8857 -1.000000 4
8862 0.000000 5
8866 1.000000 4
8870 1.000000 4
8873 1.000000 3
8878 1.000000 5
8882 1.000000 4
8885 1.000000 3
8890 0.000000 5
8894 1.000000 4
8898 1.000000 4
8902 -1.000000 4
8905 -1.000000 3
8910 0.000000 5
8913 1.000000 3
8917 1.000000 4
8921 -1.000000 4
8926 1.000000 5
8929 1.000000 3
8933 1.000000 4
8936 1.000000 3
8941 1.000000 5
8944 1.000000 3
8947 1.000000 3
8952 1.000000 5
8956 1.000000 4
8959 1.000000 3
8964 0.000000 5
8967 -1.000000 3
8972 0.000000 5
8976 -1.000000 4
8979 1.000000 3
8984 0.000000 5
8988 -1.000000 4
8993 1.000000 5
8998 1.000000 5
9002 -1.000000 4
9007 1.000000 5
9012 1.000000 5
9017 0.000000 5
9021 1.000000 4
9026 1.000000 5
9030 -1.000000 4
9033 1.000000 3
9038 1.000000 5
9043 1.000000 5
9046 1.000000 3
9051 1.000000 5
9056 1.000000 5
9061 1.000000 5
9065 -1.000000 4
9069 -1.000000 4
9072 1.000000 3
9077 0.000000 5
9080 1.000000 3
9085 1.000000 5
9089 -1.000000 4
9092 1.000000 3
9095 -1.000000 3
9100 1.000000 5
9105 1.000000 5
9108 1.000000 3
9112 -1.000000 4
9115 1.000000 3
9119 -1.000000 4
9123 1.000000 4
9127 1.000000 4
9130 -1.000000 3
9134 -1.000000 4
9138 1.000000 4
9142 1.000000 4
9145 -1.000000 3
9150 0.000000 5
9154 -1.000000 4
9159 1.000000 5
9164 1.000000 5
9167 -1.000000 3
9172 0.000000 5
9176 1.000000 4
9181 1.000000 5
9186 0.000000 5
9190 1.000000 4
9194 1.000000 4
9198 1.000000 4
9202 1.000000 4
9207 0.000000 5
9211 -1.000000 4
9216 0.000000 5
9220 1.000000 4
9224 1.000000 4
9227 -1.000000 3
9231 -1.000000 4
9235 -1.000000 4
9238 1.000000 3
9243 1.000000 5
9247 1.000000 4
9252 1.000000 5
9256 1.000000 4
9259 1.000000 3
9263 1.000000 4
9268 1.000000 5
9273 0.000000 5
9278 1.000000 5
9281 -1.000000 3
9285 -1.000000 4
9289 -1.000000 4
9294 1.000000 5
9298 -1.000000 4
9301 -1.000000 3
9305 -1.000000 4
9309 1.000000 4
9314 1.000000 5
9318 1.000000 4
9323 1.000000 5
9327 -1.000000 4
9332 0.000000 5
9337 0.000000 5
9342 1.000000 5
9346 -1.000000 4
9351 1.000000 5
9356 1.000000 5
9360 1.000000 4
9364 1.000000 4
9368 1.000000 4
9373 1.000000 5
9377 1.000000 4
9381 1.000000 4
9384 -1.000000 3
9388 -1.000000 4
9392 -1.000000 4
9397 1.000000 5
9402 1.000000 5
9406 1.000000 4
9410 -1.000000 4
9413 1.000000 3
9418 1.000000 5
9421 1.000000 3
9426 0.000000 5
9431 0.000000 5
9434 -1.000000 3
9437 1.000000 3
9442 1.000000 5
9446 1.000000 4
9451 1.000000 5
9454 -1.000000 3
9457 -1.000000 3
9462 1.000000 5
9467 1.000000 5
9471 -1.000000 4
9474 -1.000000 3
9477 1.000000 3
9481 -1.000000 4
9486 1.000000 5
9489 1.000000 3
9492 -1.000000 3
9497 1.000000 5
9502 1.000000 5
9506 1.000000 4
9511 0.000000 5
9516 1.000000 5
9520 1.000000 4
9524 -1.000000 4
9528 1.000000 4
9532 -1.000000 4
9535 1.000000 3
9538 1.000000 3
9542 -1.000000 4
9547 1.000000 5
9551 1.000000 4
9555 -1.000000 4
9559 -1.000000 4
9564 1.000000 5
9568 1.000000 4
9572 1.000000 4
9575 1.000000 3
9579 1.000000 4
9582 -1.000000 3
9586 -1.000000 4
9591 1.000000 5
9595 1.000000 4
9600 0.000000 5
9605 0.000000 5
9609 -1.000000 4
9613 1.000000 4
9617 1.000000 4
9622 1.000000 5
9627 1.000000 5
9632 1.000000 5
9635 1.000000 3
9638 1.000000 3
9642 1.000000 4
9647 0.000000 5
9652 1.000000 5
9656 -1.000000 4
9661 1.000000 5
9664 -1.000000 3
9668 -1.000000 4
9673 1.000000 5
9676 1.000000 3
9681 1.000000 5
9684 -1.000000 3
9688 1.000000 4
9693 1.000000 5
9697 1.000000 4
9702 0.000000 5
9705 -1.000000 3
9709 -1.000000 4
9713 -1.000000 4
9718 0.000000 5
9723 1.000000 5
9728 0.000000 5
9733 1.000000 5
9737 1.000000 4
9741 1.000000 4
9746 0.000000 5
9751 0.000000 5
9756 1.000000 5
9761 1.000000 5
9765 -1.000000 4
9769 1.000000 4
9774 1.000000 5
9777 -1.000000 3
9781 -1.000000 4
9784 1.000000 3
9787 1.000000 3
9790 -1.000000 3
9795 1.000000 5
9800 1.000000 5
9804 1.000000 4
9807 -1.000000 3
9812 0.000000 5
9817 0.000000 5
9822 0.000000 5
9827 0.000000 5
9832 1.000000 5
9837 1.000000 5
9841 1.000000 4
9845 1.000000 4
9849 1.000000 4
9853 -1.000000 4
9857 1.000000 4
9861 -1.000000 4
9866 1.000000 5
9871 1.000000 5
9875 -1.000000 4
9879 -1.000000 4
9883 1.000000 4
9888 1.000000 5
9892 -1.000000 4
9897 0.000000 5
9902 0.000000 5
9907 1.000000 5
9912 1.000000 5
9916 1.000000 4
9921 1.000000 5
9926 0.000000 5
9931 0.000000 5
9936 1.000000 5
9940 1.000000 4
9944 1.000000 4
9948 1.000000 4
9953 0.000000 5
9957 1.000000 4
9961 -1.000000 4
9965 1.000000 4
9969 1.000000 4
9974 0.000000 5
9977 1.000000 3
9981 1.000000 4
9984 1.000000 3
9987 1.000000 3
9991 1.000000 4
9996 1.000000 5
10001 0.000000 5
10004 -1.000000 3
10007 -1.000000 3
10010 -1.000000 3
10013 -1.000000 3
10016 -1.000000 3
10021 0.000000 5
10024 -1.000000 3
10027 -1.000000 3
10030 -1.000000 3
10033 -1.000000 3
10036 -1.000000 3
10039 -1.000000 3
10042 -1.000000 3
10045 -1.000000 3
10048 -1.000000 3
10051 -1.000000 3
10054 -1.000000 3
10057 -1.000000 3
10060 -1.000000 3
10063 -1.000000 3
10066 -1.000000 3
10069 -1.000000 3
10072 -1.000000 3
10075 -1.000000 3
10078 -1.000000 3
10081 -1.000000 3
10084 -1.000000 3
10087 -1.000000 3
10090 -1.000000 3
10093 -1.000000 3
10096 -1.000000 3
10099 -1.000000 3
10102 -1.000000 3
10105 -1.000000 3
10108 -1.000000 3
10111 -1.000000 3
10114 -1.000000 3
10117 -1.000000 3
10120 -1.000000 3
10123 -1.000000 3
10126 -1.000000 3
10129 -1.000000 3
10132 -1.000000 3
10135 -1.000000 3
10138 -1.000000 3
10141 -1.000000 3
10144 -1.000000 3
10147 -1.000000 3
10150 -1.000000 3
10153 -1.000000 3
10156 -1.000000 3
10159 -1.000000 3
10162 -1.000000 3
10165 -1.000000 3
10168 -1.000000 3
10171 -1.000000 3
10174 -1.000000 3
10177 -1.000000 3
10180 -1.000000 3
10183 -1.000000 3
10186 -1.000000 3
10189 -1.000000 3
10192 -1.000000 3
10195 -1.000000 3
10198 -1.000000 3
10201 -1.000000 3
10204 -1.000000 3
10207 -1.000000 3
10210 -1.000000 3
10213 -1.000000 3
10216 -1.000000 3
10219 -1.000000 3
10222 -1.000000 3
10225 -1.000000 3
10228 -1.000000 3
10231 -1.000000 3
10234 -1.000000 3
10237 -1.000000 3
10240 -1.000000 3
10243 -1.000000 3
10246 -1.000000 3
10249 -1.000000 3
10252 -1.000000 3
10255 -1.000000 3
10258 -1.000000 3
10261 -1.000000 3
10264 -1.000000 3
10267 -1.000000 3
10270 -1.000000 3
10273 -1.000000 3
10276 -1.000000 3
10279 -1.000000 3
10282 -1.000000 3
10285 -1.000000 3
10288 -1.000000 3
10291 -1.000000 3
10294 -1.000000 3
10297 -1.000000 3
10300 -1.000000 3
10303 -1.000000 3
10306 -1.000000 3
10309 -1.000000 3
10312 -1.000000 3
10315 -1.000000 3
10318 -1.000000 3
10321 -1.000000 3
10324 -1.000000 3
10327 -1.000000 3
10330 -1.000000 3
10333 -1.000000 3
10336 -1.000000 3
10339 -1.000000 3
10342 -1.000000 3
10345 -1.000000 3
10348 -1.000000 3
10351 -1.000000 3
10354 -1.000000 3
10357 -1.000000 3
10360 -1.000000 3
10363 -1.000000 3
10366 -1.000000 3
10369 -1.000000 3
10372 -1.000000 3
10375 -1.000000 3
10378 -1.000000 3
10381 -1.000000 3
10384 -1.000000 3
10387 -1.000000 3
10390 -1.000000 3
10393 -1.000000 3
10396 -1.000000 3
10399 -1.000000 3
10402 -1.000000 3
10405 -1.000000 3
10408 -1.000000 3
10411 -1.000000 3
10414 -1.000000 3
10417 -1.000000 3
10420 -1.000000 3
10423 -1.000000 3
10426 -1.000000 3
10429 -1.000000 3
10432 -1.000000 3
10435 -1.000000 3
10438 -1.000000 3
10441 -1.000000 3
10444 -1.000000 3
10447 -1.000000 3
10450 -1.000000 3
10453 -1.000000 3
10456 -1.000000 3
10459 -1.000000 3
10462 -1.000000 3
10465 -1.000000 3
10468 -1.000000 3
10471 -1.000000 3
10474 -1.000000 3
10477 -1.000000 3
10480 -1.000000 3
10483 -1.000000 3
10486 -1.000000 3
10489 -1.000000 3
10492 -1.000000 3
10495 -1.000000 3
10498 -1.000000 3
10501 -1.000000 3
10504 -1.000000 3
10507 -1.000000 3
10510 -1.000000 3
10513 -1.000000 3
10516 -1.000000 3
10519 -1.000000 3
10522 -1.000000 3
10525 -1.000000 3
10528 -1.000000 3
10531 -1.000000 3
10534 -1.000000 3
10537 -1.000000 3
10540 -1.000000 3
10543 -1.000000 3
10546 -1.000000 3
10549 -1.000000 3
10552 -1.000000 3
10555 -1.000000 3
10558 -1.000000 3
10561 -1.000000 3
10564 -1.000000 3
10567 -1.000000 3
10570 -1.000000 3
10573 -1.000000 3
10576 -1.000000 3
10579 -1.000000 3
10582 -1.000000 3
10585 -1.000000 3
10588 -1.000000 3
10591 -1.000000 3
10594 -1.000000 3
10597 -1.000000 3
10600 -1.000000 3
10603 -1.000000 3
10606 -1.000000 3
10609 -1.000000 3
10612 -1.000000 3
10615 -1.000000 3
10618 -1.000000 3
10621 -1.000000 3
10624 -1.000000 3
10627 -1.000000 3
10630 -1.000000 3
10633 -1.000000 3
10636 -1.000000 3
10639 -1.000000 3
10642 -1.000000 3
10645 -1.000000 3
10648 -1.000000 3
10651 -1.000000 3
10654 -1.000000 3
10657 -1.000000 3
10660 -1.000000 3
10663 -1.000000 3
10666 -1.000000 3
10669 -1.000000 3
10672 -1.000000 3
10675 -1.000000 3
10678 -1.000000 3
10681 -1.000000 3
10684 -1.000000 3
10687 -1.000000 3
10690 -1.000000 3
10693 -1.000000 3
10696 -1.000000 3
10699 -1.000000 3
10702 -1.000000 3
10705 -1.000000 3
10708 -1.000000 3
10711 -1.000000 3
10714 -1.000000 3
10717 -1.000000 3
10720 -1.000000 3
10723 -1.000000 3
10726 -1.000000 3
10729 -1.000000 3
10732 -1.000000 3
10735 -1.000000 3
10738 -1.000000 3
10741 -1.000000 3
10744 -1.000000 3
10747 -1.000000 3
10750 -1.000000 3
10753 -1.000000 3
10756 -1.000000 3
10759 -1.000000 3
10762 -1.000000 3
10765 -1.000000 3
10768 -1.000000 3
10771 -1.000000 3
10774 -1.000000 3
10777 -1.000000 3
10780 -1.000000 3
10783 -1.000000 3
10786 -1.000000 3
10789 -1.000000 3
10792 -1.000000 3
10795 -1.000000 3
10798 -1.000000 3
10801 -1.000000 3
10804 -1.000000 3
10807 -1.000000 3
10810 -1.000000 3
10813 -1.000000 3
10816 -1.000000 3
10819 -1.000000 3
10822 -1.000000 3
10825 -1.000000 3
10828 -1.000000 3
10831 -1.000000 3
10834 -1.000000 3
10837 -1.000000 3
10840 -1.000000 3
10843 -1.000000 3
10846 -1.000000 3
10849 -1.000000 3
10852 -1.000000 3
10855 -1.000000 3
10858 -1.000000 3
10861 -1.000000 3
10864 -1.000000 3
10867 -1.000000 3
10870 -1.000000 3
10873 -1.000000 3
10876 -1.000000 3
10879 -1.000000 3
10882 -1.000000 3
10885 -1.000000 3
10888 -1.000000 3
10891 -1.000000 3
10894 -1.000000 3
10897 -1.000000 3
10900 -1.000000 3
10903 -1.000000 3
10906 -1.000000 3
10909 -1.000000 3
10912 -1.000000 3
10915 -1.000000 3
10918 -1.000000 3
10921 -1.000000 3
10924 -1.000000 3
10927 -1.000000 3
10930 -1.000000 3
10933 -1.000000 3
10936 -1.000000 3
10939 -1.000000 3
10942 -1.000000 3
10945 -1.000000 3
10948 -1.000000 3
10951 -1.000000 3
10954 -1.000000 3
10957 -1.000000 3
10960 -1.000000 3
10963 -1.000000 3
10966 -1.000000 3
10969 -1.000000 3
10972 -1.000000 3
10975 -1.000000 3
10978 -1.000000 3
10981 -1.000000 3
10984 -1.000000 3
10987 -1.000000 3
10990 -1.000000 3
10993 -1.000000 3
10996 -1.000000 3
10999 -1.000000 3
11002 -1.000000 3
11005 -1.000000 3
11010 1.000000 5
11014 1.000000 4
11018 1.000000 4
11021 1.000000 3
11025 -1.000000 4
11030 0.000000 5
11033 1.000000 3
11038 0.000000 5
11041 1.000000 3
11045 1.000000 4
11049 1.000000 4
11052 1.000000 3
11055 1.000000 3
11058 1.000000 3
11061 -1.000000 3
11066 0.000000 5
11069 1.000000 3
11073 1.000000 4
11077 1.000000 4
11081 1.000000 4
11084 1.000000 3
11087 1.000000 3
11092 0.000000 5
11096 1.000000 4
11099 1.000000 3
11104 0.000000 5
11107 1.000000 3
11111 1.000000 4
11114 1.000000 3
11118 1.000000 4
11122 1.000000 4
11126 1.000000 4
11130 1.000000 4
11133 1.000000 3
11138 0.000000 5
11142 -1.000000 4
11146 1.000000 4
11149 1.000000 3
11153 1.000000 4
11156 -1.000000 3
11161 0.000000 5
11165 -1.000000 4
11169 -1.000000 4
11172 1.000000 3
11176 1.000000 4
11180 1.000000 4
11183 1.000000 3
11186 1.000000 3
11189 1.000000 3
11192 1.000000 3
11195 1.000000 3
11198 1.000000 3
11201 1.000000 3
11204 -1.000000 3
11209 0.000000 5
11213 1.000000 4
11217 1.000000 4
11220 1.000000 3
11223 1.000000 3
11226 1.000000 3
11230 -1.000000 4
11235 0.000000 5
11238 1.000000 3
11241 1.000000 3
11244 1.000000 3
11248 1.000000 4
11252 1.000000 4
11256 -1.000000 4
11259 1.000000 3
11263 1.000000 4
11267 1.000000 4
11271 1.000000 4
11274 1.000000 3
11279 0.000000 5
11283 -1.000000 4
11288 0.000000 5
11292 -1.000000 4
11296 -1.000000 4
11299 1.000000 3
11302 1.000000 3
11306 -1.000000 4
11310 -1.000000 4
11313 1.000000 3
11316 1.000000 3
11319 1.000000 3
11323 -1.000000 4
11326 1.000000 3
11331 0.000000 5
11334 1.000000 3
11337 -1.000000 3
11341 1.000000 4
11344 1.000000 3
11347 -1.000000 3
11350 1.000000 3
11353 1.000000 3
11356 1.000000 3
11359 1.000000 3
11363 1.000000 4
11367 -1.000000 4
11371 1.000000 4
11375 -1.000000 4
11379 1.000000 4
11382 1.000000 3
11385 1.000000 3
11389 -1.000000 4
11392 1.000000 3
11396 1.000000 4
11400 -1.000000 4
11404 -1.000000 4
11407 1.000000 3
11411 1.000000 4
11415 1.000000 4
11419 1.000000 4
11422 1.000000 3
11426 -1.000000 4
11430 1.000000 4
11434 1.000000 4
11438 1.000000 4
11443 0.000000 5
11447 -1.000000 4
11451 -1.000000 4
11455 1.000000 4
11460 0.000000 5
11464 1.000000 4
11467 1.000000 3
11471 1.000000 4
11474 1.000000 3
11478 -1.000000 4
11481 1.000000 3
11485 -1.000000 4
11488 -1.000000 3
11492 1.000000 4
11495 1.000000 3
11498 1.000000 3
11502 1.000000 4
11505 1.000000 3
11508 1.000000 3
11511 -1.000000 3
11515 1.000000 4
11518 1.000000 3
11522 -1.000000 4
11526 -1.000000 4
11530 1.000000 4
11533 -1.000000 3
11537 1.000000 4
11540 -1.000000 3
11543 -1.000000 3
11547 1.000000 4
11552 0.000000 5
11555 1.000000 3
11559 -1.000000 4
11562 1.000000 3
11567 0.000000 5
11570 1.000000 3
11573 -1.000000 3
11578 1.000000 5
11582 1.000000 4
11586 1.000000 4
11591 0.000000 5
11594 1.000000 3
11597 1.000000 3
11600 1.000000 3
11604 -1.000000 4
11607 1.000000 3
11612 0.000000 5
11616 1.000000 4
11619 1.000000 3
11622 1.000000 3
11626 -1.000000 4
11630 1.000000 4
11633 1.000000 3
11637 1.000000 4
11641 1.000000 4
11645 1.000000 4
11649 -1.000000 4
11654 1.000000 5
11658 1.000000 4
11662 -1.000000 4
11666 1.000000 4
11670 1.000000 4
11674 -1.000000 4
11677 1.000000 3
11680 1.000000 3
11683 1.000000 3
11686 1.000000 3
11690 1.000000 4
11693 1.000000 3
11697 1.000000 4
11700 1.000000 3
11704 1.000000 4
11708 1.000000 4
11712 1.000000 4
11716 1.000000 4
11720 1.000000 4
11723 1.000000 3
11727 1.000000 4
11730 1.000000 3
11734 1.000000 4
11738 1.000000 4
11743 0.000000 5
11746 1.000000 3
11749 1.000000 3
11752 1.000000 3
11756 1.000000 4
11761 1.000000 5
11764 1.000000 3
11768 1.000000 4
11772 1.000000 4
11775 1.000000 3
11778 1.000000 3
11782 -1.000000 4
11785 1.000000 3
11790 0.000000 5
11794 1.000000 4
11797 -1.000000 3
11800 1.000000 3
11804 1.000000 4
11807 1.000000 3
11812 1.000000 5
11815 1.000000 3
11819 1.000000 4
11823 1.000000 4
11826 1.000000 3
11830 1.000000 4
11833 1.000000 3
11836 1.000000 3
11839 1.000000 3
11842 1.000000 3
11847 0.000000 5
11850 1.000000 3
11853 -1.000000 3
11857 -1.000000 4
11862 0.000000 5
11865 -1.000000 3
11869 1.000000 4
11873 1.000000 4
11876 -1.000000 3
11879 1.000000 3
11883 -1.000000 4
11887 1.000000 4
11891 1.000000 4
11894 1.000000 3
11897 1.000000 3
11901 1.000000 4
11905 1.000000 4
11908 1.000000 3
11911 1.000000 3
11916 0.000000 5
11920 -1.000000 4
11924 1.000000 4
11927 1.000000 3
11930 1.000000 3
11934 1.000000 4
11938 1.000000 4
11942 1.000000 4
11946 1.000000 4
11949 1.000000 3
11953 1.000000 4
11958 0.000000 5
11961 1.000000 3
11966 0.000000 5
11969 1.000000 3
11974 0.000000 5
11977 1.000000 3
11980 1.000000 3
11985 0.000000 5
11988 1.000000 3
11991 1.000000 3
11995 1.000000 4
11999 -1.000000 4
12002 1.000000 3
12006 1.000000 4
12010 1.000000 4
12013 -1.000000 3
12017 1.000000 4
12020 1.000000 3
12024 -1.000000 4
12028 1.000000 4
12031 1.000000 3
12035 -1.000000 4
12040 0.000000 5
12045 0.000000 5
12049 1.000000 4
12053 -1.000000 4
12056 1.000000 3
12060 1.000000 4
12063 -1.000000 3
12066 1.000000 3
12069 1.000000 3
12072 1.000000 3
12075 1.000000 3
12078 -1.000000 3
12082 1.000000 4
12085 -1.000000 3
12088 1.000000 3
12092 1.000000 4
12096 1.000000 4
12099 1.000000 3
12102 1.000000 3
12105 -1.000000 3
12108 1.000000 3
12113 1.000000 5
12116 1.000000 3
12119 1.000000 3
12122 1.000000 3
12126 1.000000 4
12130 1.000000 4
12133 1.000000 3
12136 1.000000 3
12139 1.000000 3
12142 1.000000 3
12146 1.000000 4
12149 1.000000 3
12152 1.000000 3
12155 1.000000 3
12159 1.000000 4
12163 -1.000000 4
12167 -1.000000 4
12170 1.000000 3
12174 1.000000 4
12177 1.000000 3
12181 1.000000 4
12184 1.000000 3
12188 -1.000000 4
12193 1.000000 5
12198 0.000000 5
12202 1.000000 4
12205 1.000000 3
12209 1.000000 4
12214 0.000000 5
12218 1.000000 4
12223 0.000000 5
12226 1.000000 3
12229 1.000000 3
12233 -1.000000 4
12236 1.000000 3
12239 1.000000 3
12243 1.000000 4
12246 1.000000 3
12250 1.000000 4
12253 1.000000 3
12257 1.000000 4
12260 1.000000 3
12263 1.000000 3
12268 1.000000 5
12272 1.000000 4
12275 1.000000 3
12278 1.000000 3
12282 1.000000 4
12286 1.000000 4
12289 1.000000 3
12293 1.000000 4
12297 1.000000 4
12300 1.000000 3
12304 1.000000 4
12307 1.000000 3
12311 1.000000 4
12315 1.000000 4
12318 1.000000 3
12322 1.000000 4
12326 1.000000 4
12329 1.000000 3
12332 1.000000 3
12336 1.000000 4
12339 -1.000000 3
12342 1.000000 3
12345 1.000000 3
12350 0.000000 5
12353 1.000000 3
12356 1.000000 3
12360 1.000000 4
12364 1.000000 4
12368 1.000000 4
12372 1.000000 4
12376 1.000000 4
12380 1.000000 4
12384 -1.000000 4
12387 -1.000000 3
12390 1.000000 3
12394 -1.000000 4
12397 1.000000 3
12400 -1.000000 3
12403 1.000000 3
12406 1.000000 3
12409 1.000000 3
12412 1.000000 3
12416 1.000000 4
12420 -1.000000 4
12424 1.000000 4
12429 0.000000 5
12432 1.000000 3
12435 1.000000 3
12438 1.000000 3
12441 1.000000 3
12445 -1.000000 4
12450 0.000000 5
12453 1.000000 3
12457 1.000000 4
12461 1.000000 4
12464 1.000000 3
12467 1.000000 3
12471 -1.000000 4
12475 1.000000 4
12479 1.000000 4
12483 -1.000000 4
12487 1.000000 4
12490 1.000000 3
12493 -1.000000 3
12496 -1.000000 3
12499 1.000000 3
12503 1.000000 4
12507 -1.000000 4
12511 1.000000 4
12514 1.000000 3
12518 1.000000 4
12521 1.000000 3
12524 1.000000 3
12528 1.000000 4
12531 1.000000 3
12534 -1.000000 3
12537 1.000000 3
12540 -1.000000 3
12545 0.000000 5
12548 1.000000 3
12552 1.000000 4
12555 1.000000 3
12558 1.000000 3
12563 0.000000 5
12566 1.000000 3
12569 1.000000 3
12573 -1.000000 4
12578 0.000000 5
12581 1.000000 3
12586 0.000000 5
12591 0.000000 5
12594 1.000000 3
12597 1.000000 3
12601 1.000000 4
12605 -1.000000 4
12609 -1.000000 4
12612 1.000000 3
12616 -1.000000 4
12619 1.000000 3
12622 1.000000 3
12625 1.000000 3
12628 1.000000 3
12632 -1.000000 4
12636 1.000000 4
12640 1.000000 4
12643 1.000000 3
12647 1.000000 4
12651 1.000000 4
12655 1.000000 4
12659 1.000000 4
12662 1.000000 3
12666 1.000000 4
12669 -1.000000 3
12672 1.000000 3
12675 1.000000 3
12679 1.000000 4
12683 -1.000000 4
12686 1.000000 3
12690 -1.000000 4
12694 -1.000000 4
12697 1.000000 3
12700 1.000000 3
12704 1.000000 4
12707 1.000000 3
12711 1.000000 4
12715 1.000000 4
12719 1.000000 4
12723 1.000000 4
12726 1.000000 3
12729 1.000000 3
12732 -1.000000 3
12736 1.000000 4
12741 1.000000 5
12746 1.000000 5
12750 1.000000 4
12753 1.000000 3
12756 1.000000 3
12760 1.000000 4
12763 1.000000 3
12767 -1.000000 4
12771 1.000000 4
12775 1.000000 4
12778 1.000000 3
12781 1.000000 3
12784 1.000000 3
12788 -1.000000 4
12791 1.000000 3
12794 1.000000 3
12799 0.000000 5
12802 -1.000000 3
12805 1.000000 3
12808 1.000000 3
12811 -1.000000 3
12816 0.000000 5
12820 1.000000 4
12824 1.000000 4
12829 0.000000 5
12833 1.000000 4
12836 1.000000 3
12839 1.000000 3
12843 1.000000 4
12846 1.000000 3
12849 1.000000 3
12852 -1.000000 3
12855 -1.000000 3
12859 -1.000000 4
12863 1.000000 4
12866 -1.000000 3
12870 1.000000 4
12875 0.000000 5
12878 1.000000 3
12881 1.000000 3
12885 1.000000 4
12888 1.000000 3
12891 1.000000 3
12895 1.000000 4
12898 1.000000 3
12902 1.000000 4
12906 -1.000000 4
12910 1.000000 4
12915 0.000000 5
12918 1.000000 3
12921 1.000000 3
12925 1.000000 4
12930 0.000000 5
12933 1.000000 3
12936 1.000000 3
12940 1.000000 4
12943 -1.000000 3
12946 1.000000 3
12949 1.000000 3
12953 1.000000 4
12956 1.000000 3
12959 1.000000 3
12964 0.000000 5
12967 1.000000 3
12970 1.000000 3
12974 -1.000000 4
12977 1.000000 3
12980 1.000000 3
12983 1.000000 3
12986 -1.000000 3
12990 1.000000 4
12994 1.000000 4
12999 1.000000 5
13003 1.000000 4
