5 1.000000 5
8 -1.000000 3
13 1.000000 5
18 1.000000 5
23 1.000000 5
27 1.000000 4
30 -1.000000 3
34 1.000000 4
38 1.000000 4
43 1.000000 5
46 -1.000000 3
51 1.000000 5
54 1.000000 3
58 1.000000 4
61 1.000000 3
65 -1.000000 4
70 1.000000 5
73 -1.000000 3
77 -1.000000 4
81 -1.000000 4
84 -1.000000 3
88 1.000000 4
92 1.000000 4
97 1.000000 5
101 1.000000 4
106 0.000000 5
110 -1.000000 4
115 0.000000 5
119 -1.000000 4
122 -1.000000 3
125 -1.000000 3
128 1.000000 3
132 -1.000000 4
137 1.000000 5
141 -1.000000 4
145 1.000000 4
149 1.000000 4
154 1.000000 5
159 1.000000 5
163 1.000000 4
167 -1.000000 4
172 1.000000 5
176 -1.000000 4
181 1.000000 5
186 0.000000 5
191 1.000000 5
196 1.000000 5
200 1.000000 4
204 1.000000 4
209 0.000000 5
214 1.000000 5
219 1.000000 5
223 -1.000000 4
228 0.000000 5
231 1.000000 3
236 1.000000 5
240 1.000000 4
243 -1.000000 3
246 -1.000000 3
251 0.000000 5
255 -1.000000 4
260 0.000000 5
265 1.000000 5
270 1.000000 5
273 -1.000000 3
278 1.000000 5
283 0.000000 5
287 1.000000 4
291 1.000000 4
294 1.000000 3
299 0.000000 5
303 1.000000 4
307 1.000000 4
310 -1.000000 3
313 -1.000000 3
317 1.000000 4
321 1.000000 4
326 1.000000 5
331 0.000000 5
336 1.000000 5
341 0.000000 5
344 1.000000 3
349 1.000000 5
354 0.000000 5
358 1.000000 4
362 1.000000 4
366 -1.000000 4
370 1.000000 4
375 1.000000 5
379 1.000000 4
383 1.000000 4
388 1.000000 5
392 1.000000 4
396 -1.000000 4
400 1.000000 4
405 1.000000 5
410 0.000000 5
415 1.000000 5
419 1.000000 4
422 -1.000000 3
426 1.000000 4
430 -1.000000 4
435 1.000000 5
439 1.000000 4
444 0.000000 5
449 1.000000 5
453 1.000000 4
458 1.000000 5
462 -1.000000 4
465 1.000000 3
470 1.000000 5
475 1.000000 5
478 -1.000000 3
482 1.000000 4
486 1.000000 4
489 1.000000 3
494 0.000000 5
498 1.000000 4
501 -1.000000 3
505 1.000000 4
508 1.000000 3
513 0.000000 5
518 1.000000 5
523 1.000000 5
528 0.000000 5
532 1.000000 4
536 1.000000 4
539 1.000000 3
544 0.000000 5
549 1.000000 5
552 -1.000000 3
557 1.000000 5
561 -1.000000 4
565 -1.000000 4
568 -1.000000 3
571 -1.000000 3
575 -1.000000 4
580 0.000000 5
585 0.000000 5
590 1.000000 5
594 -1.000000 4
598 -1.000000 4
602 1.000000 4
607 1.000000 5
612 1.000000 5
616 1.000000 4
620 -1.000000 4
625 1.000000 5
629 1.000000 4
632 -1.000000 3
636 -1.000000 4
641 0.000000 5
646 1.000000 5
650 1.000000 4
653 1.000000 3
657 -1.000000 4
662 1.000000 5
667 1.000000 5
671 1.000000 4
675 -1.000000 4
680 0.000000 5
685 1.000000 5
688 1.000000 3
693 0.000000 5
697 -1.000000 4
701 -1.000000 4
706 0.000000 5
710 1.000000 4
714 1.000000 4
719 0.000000 5
722 1.000000 3
725 1.000000 3
730 0.000000 5
734 -1.000000 4
738 1.000000 4
742 1.000000 4
747 1.000000 5
751 1.000000 4
756 1.000000 5
761 1.000000 5
764 -1.000000 3
767 1.000000 3
771 -1.000000 4
775 1.000000 4
779 -1.000000 4
783 -1.000000 4
788 0.000000 5
792 -1.000000 4
795 -1.000000 3
799 1.000000 4
803 -1.000000 4
808 1.000000 5
812 -1.000000 4
816 1.000000 4
819 1.000000 3
824 1.000000 5
828 -1.000000 4
831 1.000000 3
834 -1.000000 3
837 -1.000000 3
842 1.000000 5
847 0.000000 5
852 0.000000 5
856 1.000000 4
861 0.000000 5
864 -1.000000 3
868 -1.000000 4
872 1.000000 4
875 1.000000 3
879 1.000000 4
883 -1.000000 4
886 1.000000 3
890 -1.000000 4
894 1.000000 4
898 -1.000000 4
901 -1.000000 3
906 1.000000 5
910 1.000000 4
913 1.000000 3
918 1.000000 5
923 1.000000 5
927 -1.000000 4
931 -1.000000 4
934 1.000000 3
937 1.000000 3
941 -1.000000 4
945 1.000000 4
949 1.000000 4
954 0.000000 5
958 1.000000 4
963 1.000000 5
966 -1.000000 3
970 -1.000000 4
974 1.000000 4
978 -1.000000 4
982 -1.000000 4
987 0.000000 5
992 0.000000 5
995 1.000000 3
999 -1.000000 4
1004 1.000000 5
1008 1.000000 4
1013 1.000000 5
1016 1.000000 3
1020 -1.000000 4
1025 1.000000 5
1029 1.000000 4
1033 -1.000000 4
1038 1.000000 5
1042 -1.000000 4
1047 1.000000 5
1051 1.000000 4
1055 1.000000 4
1060 0.000000 5
1064 1.000000 4
1069 1.000000 5
1074 1.000000 5
1077 1.000000 3
1082 0.000000 5
1087 0.000000 5
1092 1.000000 5
1096 1.000000 4
1100 1.000000 4
1103 -1.000000 3
1108 0.000000 5
1113 1.000000 5
1117 -1.000000 4
1122 0.000000 5
1126 1.000000 4
1131 0.000000 5
1135 1.000000 4
1140 1.000000 5
1144 1.000000 4
1149 1.000000 5
1153 1.000000 4
1158 0.000000 5
1162 -1.000000 4
1165 -1.000000 3
1170 0.000000 5
1174 1.000000 4
1177 1.000000 3
1182 1.000000 5
1185 -1.000000 3
1188 -1.000000 3
1192 -1.000000 4
1197 0.000000 5
1202 1.000000 5
1206 -1.000000 4
1209 -1.000000 3
1214 1.000000 5
1219 1.000000 5
1224 1.000000 5
1229 1.000000 5
1234 1.000000 5
1238 1.000000 4
1243 1.000000 5
1247 -1.000000 4
1250 -1.000000 3
1254 1.000000 4
1259 1.000000 5
1263 1.000000 4
1267 1.000000 4
1271 -1.000000 4
1276 0.000000 5
1280 -1.000000 4
1284 1.000000 4
1287 -1.000000 3
1290 1.000000 3
1293 1.000000 3
1296 -1.000000 3
1300 -1.000000 4
1303 1.000000 3
1306 1.000000 3
1309 -1.000000 3
1312 -1.000000 3
1316 1.000000 4
1320 1.000000 4
1324 -1.000000 4
1328 1.000000 4
1333 1.000000 5
1338 1.000000 5
1342 1.000000 4
1346 1.000000 4
1351 0.000000 5
1355 1.000000 4
1360 1.000000 5
1364 1.000000 4
1369 0.000000 5
1373 -1.000000 4
1378 0.000000 5
1382 -1.000000 4
1385 1.000000 3
1390 0.000000 5
1393 1.000000 3
1397 1.000000 4
1401 -1.000000 4
1404 1.000000 3
1409 1.000000 5
1413 1.000000 4
1416 -1.000000 3
1421 1.000000 5
1425 1.000000 4
1429 1.000000 4
1433 1.000000 4
1438 0.000000 5
1442 1.000000 4
1445 -1.000000 3
1448 1.000000 3
1452 1.000000 4
1456 1.000000 4
1460 1.000000 4
1464 -1.000000 4
1467 1.000000 3
1470 1.000000 3
1473 -1.000000 3
1477 -1.000000 4
1481 1.000000 4
1486 0.000000 5
1490 -1.000000 4
1495 1.000000 5
1498 1.000000 3
1502 1.000000 4
1507 1.000000 5
1510 -1.000000 3
1515 1.000000 5
1519 1.000000 4
1524 1.000000 5
1527 1.000000 3
1532 0.000000 5
1536 1.000000 4
1540 1.000000 4
1545 0.000000 5
1548 1.000000 3
1552 1.000000 4
1556 -1.000000 4
1560 -1.000000 4
1564 1.000000 4
1568 -1.000000 4
1571 1.000000 3
1575 -1.000000 4
1578 -1.000000 3
1582 1.000000 4
1586 1.000000 4
1591 1.000000 5
1594 1.000000 3
1599 1.000000 5
1604 0.000000 5
1608 1.000000 4
1612 -1.000000 4
1615 -1.000000 3
1620 0.000000 5
1624 -1.000000 4
1629 1.000000 5
1633 -1.000000 4
1637 1.000000 4
1642 1.000000 5
1646 1.000000 4
1651 0.000000 5
1656 0.000000 5
1660 1.000000 4
1665 0.000000 5
1669 -1.000000 4
1674 0.000000 5
1679 1.000000 5
1683 -1.000000 4
1687 -1.000000 4
1691 -1.000000 4
1696 0.000000 5
1699 1.000000 3
1702 1.000000 3
1706 1.000000 4
1709 1.000000 3
1714 1.000000 5
1718 1.000000 4
1721 1.000000 3
1724 -1.000000 3
1728 1.000000 4
1731 1.000000 3
1735 -1.000000 4
1739 1.000000 4
1744 1.000000 5
1747 1.000000 3
1751 -1.000000 4
1756 1.000000 5
1761 0.000000 5
1765 1.000000 4
1770 0.000000 5
1773 -1.000000 3
1776 1.000000 3
1779 -1.000000 3
1782 -1.000000 3
1787 1.000000 5
1792 1.000000 5
1797 1.000000 5
1801 -1.000000 4
1805 -1.000000 4
1810 0.000000 5
1815 1.000000 5
1820 0.000000 5
1825 0.000000 5
1829 -1.000000 4
1833 -1.000000 4
1836 -1.000000 3
1841 1.000000 5
1846 1.000000 5
1851 1.000000 5
1855 1.000000 4
1859 1.000000 4
1864 0.000000 5
1869 0.000000 5
1872 1.000000 3
1875 1.000000 3
1879 1.000000 4
1884 1.000000 5
1888 1.000000 4
1892 -1.000000 4
1895 1.000000 3
1898 1.000000 3
1901 -1.000000 3
1906 1.000000 5
1909 -1.000000 3
1913 1.000000 4
1917 1.000000 4
1921 -1.000000 4
1925 1.000000 4
1929 1.000000 4
1934 1.000000 5
1938 -1.000000 4
1941 1.000000 3
1945 -1.000000 4
1950 0.000000 5
1954 1.000000 4
1957 1.000000 3
1962 1.000000 5
1967 0.000000 5
1970 1.000000 3
1973 1.000000 3
1977 1.000000 4
1982 1.000000 5
1985 -1.000000 3
1989 1.000000 4
1994 1.000000 5
1999 1.000000 5
2003 1.000000 4
2007 1.000000 4
2011 1.000000 4
2015 -1.000000 4
2019 -1.000000 4
2023 1.000000 4
2027 1.000000 4
2031 1.000000 4
2035 1.000000 4
2039 1.000000 4
2043 1.000000 4
2048 1.000000 5
2052 1.000000 4
2056 1.000000 4
2060 -1.000000 4
2063 -1.000000 3
2067 1.000000 4
2071 1.000000 4
2076 0.000000 5
2081 1.000000 5
2086 0.000000 5
2091 0.000000 5
2094 1.000000 3
2098 1.000000 4
2103 1.000000 5
2107 1.000000 4
2110 1.000000 3
2115 0.000000 5
2119 -1.000000 4
2122 1.000000 3
2126 1.000000 4
2129 -1.000000 3
2134 1.000000 5
2139 1.000000 5
2142 -1.000000 3
2147 1.000000 5
2151 -1.000000 4
2156 0.000000 5
2161 1.000000 5
2165 -1.000000 4
2169 1.000000 4
2173 -1.000000 4
2177 1.000000 4
2181 1.000000 4
2185 1.000000 4
2188 -1.000000 3
2191 -1.000000 3
2196 1.000000 5
2201 1.000000 5
2205 -1.000000 4
