5 1.000000 5
8 -1.000000 3
13 0.000000 5
18 0.000000 5
23 1.000000 5
27 1.000000 4
31 -1.000000 4
36 1.000000 5
41 0.000000 5
44 1.000000 3
47 -1.000000 3
51 -1.000000 4
56 1.000000 5
60 1.000000 4
65 1.000000 5
69 1.000000 4
74 1.000000 5
79 1.000000 5
84 1.000000 5
88 1.000000 4
92 -1.000000 4
96 1.000000 4
101 1.000000 5
105 -1.000000 4
110 1.000000 5
114 1.000000 4
118 -1.000000 4
121 1.000000 3
125 1.000000 4
129 1.000000 4
133 -1.000000 4
138 1.000000 5
142 1.000000 4
147 1.000000 5
152 1.000000 5
155 1.000000 3
159 1.000000 4
163 1.000000 4
166 -1.000000 3
171 0.000000 5
175 1.000000 4
178 -1.000000 3
182 1.000000 4
187 0.000000 5
191 -1.000000 4
195 -1.000000 4
198 1.000000 3
202 1.000000 4
206 1.000000 4
211 1.000000 5
215 1.000000 4
219 -1.000000 4
224 1.000000 5
228 -1.000000 4
233 1.000000 5
237 -1.000000 4
242 1.000000 5
246 1.000000 4
250 -1.000000 4
253 1.000000 3
256 1.000000 3
260 1.000000 4
264 -1.000000 4
267 1.000000 3
270 -1.000000 3
273 1.000000 3
278 1.000000 5
282 1.000000 4
287 0.000000 5
291 -1.000000 4
295 1.000000 4
299 -1.000000 4
303 1.000000 4
307 1.000000 4
311 1.000000 4
314 1.000000 3
318 -1.000000 4
322 1.000000 4
325 -1.000000 3
330 1.000000 5
334 1.000000 4
338 -1.000000 4
342 1.000000 4
345 -1.000000 3
349 -1.000000 4
353 -1.000000 4
357 1.000000 4
362 1.000000 5
366 1.000000 4
371 0.000000 5
374 -1.000000 3
379 1.000000 5
383 1.000000 4
386 -1.000000 3
390 1.000000 4
395 0.000000 5
399 -1.000000 4
404 1.000000 5
408 1.000000 4
413 1.000000 5
417 -1.000000 4
422 1.000000 5
426 -1.000000 4
430 1.000000 4
434 1.000000 4
437 1.000000 3
441 1.000000 4
446 0.000000 5
449 -1.000000 3
453 -1.000000 4
457 -1.000000 4
461 -1.000000 4
466 1.000000 5
471 1.000000 5
474 1.000000 3
479 1.000000 5
482 -1.000000 3
485 -1.000000 3
488 1.000000 3
492 1.000000 4
497 0.000000 5
501 -1.000000 4
506 1.000000 5
510 1.000000 4
515 0.000000 5
519 1.000000 4
523 -1.000000 4
527 1.000000 4
530 -1.000000 3
534 -1.000000 4
539 1.000000 5
543 -1.000000 4
547 -1.000000 4
550 -1.000000 3
554 1.000000 4
559 1.000000 5
563 -1.000000 4
568 0.000000 5
572 1.000000 4
577 1.000000 5
582 0.000000 5
586 1.000000 4
590 1.000000 4
593 -1.000000 3
597 -1.000000 4
601 -1.000000 4
606 1.000000 5
610 1.000000 4
614 1.000000 4
618 -1.000000 4
623 1.000000 5
627 1.000000 4
632 0.000000 5
636 -1.000000 4
639 1.000000 3
643 1.000000 4
646 1.000000 3
650 -1.000000 4
655 0.000000 5
660 1.000000 5
664 1.000000 4
667 1.000000 3
671 -1.000000 4
675 -1.000000 4
678 1.000000 3
682 1.000000 4
686 1.000000 4
690 1.000000 4
693 1.000000 3
698 1.000000 5
702 -1.000000 4
707 0.000000 5
711 -1.000000 4
714 -1.000000 3
717 -1.000000 3
721 -1.000000 4
725 1.000000 4
729 1.000000 4
734 1.000000 5
738 -1.000000 4
743 1.000000 5
747 -1.000000 4
752 1.000000 5
755 1.000000 3
758 1.000000 3
762 -1.000000 4
766 -1.000000 4
770 1.000000 4
775 1.000000 5
780 1.000000 5
784 1.000000 4
788 1.000000 4
792 -1.000000 4
796 1.000000 4
801 0.000000 5
806 1.000000 5
811 0.000000 5
815 1.000000 4
819 -1.000000 4
824 0.000000 5
828 -1.000000 4
832 1.000000 4
837 1.000000 5
841 1.000000 4
846 0.000000 5
850 -1.000000 4
855 1.000000 5
859 1.000000 4
864 0.000000 5
867 1.000000 3
871 -1.000000 4
875 -1.000000 4
879 1.000000 4
883 1.000000 4
888 1.000000 5
892 1.000000 4
895 -1.000000 3
900 1.000000 5
905 1.000000 5
908 1.000000 3
912 -1.000000 4
915 1.000000 3
920 1.000000 5
924 1.000000 4
927 1.000000 3
931 1.000000 4
936 1.000000 5
941 0.000000 5
945 -1.000000 4
949 1.000000 4
953 1.000000 4
957 -1.000000 4
961 1.000000 4
964 1.000000 3
969 1.000000 5
973 -1.000000 4
978 0.000000 5
982 1.000000 4
987 0.000000 5
992 1.000000 5
995 1.000000 3
998 1.000000 3
1002 -1.000000 4
1006 -1.000000 4
1010 1.000000 4
1015 1.000000 5
1018 -1.000000 3
1022 1.000000 4
1026 1.000000 4
1030 1.000000 4
1034 -1.000000 4
1039 1.000000 5
1043 -1.000000 4
1048 1.000000 5
1053 0.000000 5
1057 1.000000 4
1062 1.000000 5
1066 1.000000 4
1069 -1.000000 3
1074 1.000000 5
1079 1.000000 5
1084 1.000000 5
1089 0.000000 5
1093 1.000000 4
1097 -1.000000 4
1101 -1.000000 4
1104 -1.000000 3
1107 -1.000000 3
1111 -1.000000 4
1116 1.000000 5
1120 1.000000 4
1125 1.000000 5
1129 1.000000 4
1133 1.000000 4
1138 1.000000 5
1143 0.000000 5
1148 0.000000 5
1152 1.000000 4
1156 1.000000 4
1160 1.000000 4
1165 0.000000 5
1169 -1.000000 4
1173 1.000000 4
1178 1.000000 5
1182 1.000000 4
1187 1.000000 5
1191 1.000000 4
1195 -1.000000 4
1200 1.000000 5
1204 -1.000000 4
1208 1.000000 4
1211 1.000000 3
1215 1.000000 4
1219 -1.000000 4
1222 1.000000 3
1227 1.000000 5
1232 1.000000 5
1236 -1.000000 4
1239 1.000000 3
1243 1.000000 4
1248 0.000000 5
1251 1.000000 3
1256 0.000000 5
1259 1.000000 3
1264 0.000000 5
1269 1.000000 5
1274 1.000000 5
1278 1.000000 4
1283 0.000000 5
1288 0.000000 5
1291 1.000000 3
1295 1.000000 4
1299 1.000000 4
1302 1.000000 3
1305 1.000000 3
1309 1.000000 4
1314 1.000000 5
1318 -1.000000 4
1323 0.000000 5
1326 -1.000000 3
1329 -1.000000 3
1334 1.000000 5
1338 1.000000 4
1343 0.000000 5
1346 -1.000000 3
1350 -1.000000 4
1354 1.000000 4
1358 -1.000000 4
1363 0.000000 5
1368 0.000000 5
1372 1.000000 4
1375 -1.000000 3
1379 -1.000000 4
1383 1.000000 4
1386 1.000000 3
1390 1.000000 4
1395 1.000000 5
1399 -1.000000 4
1402 -1.000000 3
1405 -1.000000 3
1410 0.000000 5
1414 1.000000 4
1418 1.000000 4
1423 1.000000 5
1427 -1.000000 4
1432 1.000000 5
1435 -1.000000 3
1439 1.000000 4
1442 -1.000000 3
1447 0.000000 5
1451 1.000000 4
1456 1.000000 5
1461 0.000000 5
1466 1.000000 5
1470 -1.000000 4
1473 -1.000000 3
1476 -1.000000 3
1480 -1.000000 4
1484 1.000000 4
1489 0.000000 5
1494 0.000000 5
1498 -1.000000 4
1501 -1.000000 3
1504 1.000000 3
1507 -1.000000 3
1511 -1.000000 4
1515 -1.000000 4
1518 1.000000 3
1523 0.000000 5
1528 0.000000 5
1532 -1.000000 4
1536 1.000000 4
1541 0.000000 5
1546 1.000000 5
1549 1.000000 3
1553 1.000000 4
1557 -1.000000 4
1562 1.000000 5
1566 1.000000 4
1569 -1.000000 3
1574 1.000000 5
1578 1.000000 4
1582 1.000000 4
1587 1.000000 5
1591 -1.000000 4
1595 1.000000 4
1598 -1.000000 3
1603 0.000000 5
1608 1.000000 5
1611 -1.000000 3
1614 1.000000 3
1618 -1.000000 4
1623 1.000000 5
1627 -1.000000 4
1631 1.000000 4
1635 -1.000000 4
1639 -1.000000 4
1642 1.000000 3
1647 0.000000 5
1652 0.000000 5
1655 1.000000 3
1660 0.000000 5
1663 -1.000000 3
1668 1.000000 5
1672 1.000000 4
1676 1.000000 4
1680 1.000000 4
1685 1.000000 5
1689 1.000000 4
1694 0.000000 5
1697 -1.000000 3
1701 -1.000000 4
1705 1.000000 4
1710 1.000000 5
1713 1.000000 3
1716 1.000000 3
1720 -1.000000 4
1723 1.000000 3
1728 0.000000 5
1732 1.000000 4
1737 1.000000 5
1741 -1.000000 4
1746 1.000000 5
1749 1.000000 3
1753 1.000000 4
1758 1.000000 5
1763 1.000000 5
1768 1.000000 5
1772 -1.000000 4
1775 -1.000000 3
1780 0.000000 5
1784 1.000000 4
1789 1.000000 5
1793 -1.000000 4
1797 -1.000000 4
1802 0.000000 5
1806 1.000000 4
1810 1.000000 4
1814 1.000000 4
1817 -1.000000 3
1822 1.000000 5
1827 1.000000 5
1832 1.000000 5
1836 -1.000000 4
1840 -1.000000 4
1845 0.000000 5
1848 1.000000 3
1852 1.000000 4
1857 0.000000 5
1860 1.000000 3
1864 1.000000 4
1868 1.000000 4
1872 -1.000000 4
1875 1.000000 3
1879 -1.000000 4
1883 1.000000 4
1887 1.000000 4
1891 1.000000 4
1895 -1.000000 4
1899 1.000000 4
1903 1.000000 4
1908 0.000000 5
1911 1.000000 3
1916 0.000000 5
1920 -1.000000 4
1924 1.000000 4
1928 -1.000000 4
1933 0.000000 5
1937 1.000000 4
1941 1.000000 4
1944 1.000000 3
1947 1.000000 3
1951 -1.000000 4
1956 0.000000 5
1961 1.000000 5
1965 -1.000000 4
1968 1.000000 3
1973 0.000000 5
1977 1.000000 4
1982 1.000000 5
1985 -1.000000 3
1989 1.000000 4
1993 1.000000 4
1998 1.000000 5
2002 1.000000 4
2005 1.000000 3
2010 1.000000 5
2015 1.000000 5
2020 1.000000 5
2025 1.000000 5
2030 0.000000 5
2035 1.000000 5
2040 1.000000 5
2044 1.000000 4
2048 -1.000000 4
2052 -1.000000 4
2057 0.000000 5
2061 1.000000 4
2065 -1.000000 4
2068 -1.000000 3
2073 0.000000 5
2078 1.000000 5
2081 1.000000 3
2086 1.000000 5
2089 -1.000000 3
2094 1.000000 5
2099 0.000000 5
2103 -1.000000 4
2107 -1.000000 4
2112 0.000000 5
2117 0.000000 5
2121 1.000000 4
2125 -1.000000 4
2130 1.000000 5
2135 0.000000 5
2139 1.000000 4
2143 -1.000000 4
2147 1.000000 4
2151 1.000000 4
2156 0.000000 5
2159 -1.000000 3
2163 1.000000 4
2167 -1.000000 4
2172 0.000000 5
2176 -1.000000 4
2179 -1.000000 3
2184 1.000000 5
2189 1.000000 5
2193 -1.000000 4
2197 1.000000 4
2202 1.000000 5
2205 -1.000000 3
2209 -1.000000 4
2214 1.000000 5
2218 1.000000 4
2221 -1.000000 3
2225 1.000000 4
2229 -1.000000 4
2232 -1.000000 3
2237 1.000000 5
2242 1.000000 5
2246 -1.000000 4
2250 -1.000000 4
2255 1.000000 5
2259 1.000000 4
2264 1.000000 5
2269 1.000000 5
2274 1.000000 5
2278 1.000000 4
2282 1.000000 4
2287 1.000000 5
2290 -1.000000 3
2294 -1.000000 4
2297 1.000000 3
2302 1.000000 5
2306 -1.000000 4
2311 0.000000 5
2315 -1.000000 4
2320 1.000000 5
2323 -1.000000 3
2326 1.000000 3
2331 1.000000 5
2335 -1.000000 4
2339 -1.000000 4
2342 -1.000000 3
2346 -1.000000 4
2351 1.000000 5
2355 -1.000000 4
2358 -1.000000 3
2362 1.000000 4
2365 1.000000 3
2370 0.000000 5
2374 -1.000000 4
2377 1.000000 3
2380 1.000000 3
2385 0.000000 5
2389 -1.000000 4
2394 1.000000 5
2398 -1.000000 4
2403 1.000000 5
2406 -1.000000 3
2409 1.000000 3
2413 -1.000000 4
2417 -1.000000 4
2420 -1.000000 3
2424 -1.000000 4
2427 -1.000000 3
2430 1.000000 3
2434 -1.000000 4
2439 1.000000 5
2443 -1.000000 4
2447 1.000000 4
2451 1.000000 4
2456 1.000000 5
2460 -1.000000 4
2464 -1.000000 4
2469 1.000000 5
2472 1.000000 3
2476 1.000000 4
2479 -1.000000 3
2483 1.000000 4
2488 0.000000 5
2492 -1.000000 4
2497 0.000000 5
2502 1.000000 5
2506 -1.000000 4
2509 1.000000 3
2513 1.000000 4
2518 1.000000 5
2522 -1.000000 4
2526 -1.000000 4
2530 -1.000000 4
2533 1.000000 3
2537 -1.000000 4
2540 1.000000 3
2545 1.000000 5
2549 -1.000000 4
2554 1.000000 5
2559 1.000000 5
2563 1.000000 4
2567 -1.000000 4
2572 1.000000 5
2575 1.000000 3
2580 0.000000 5
2584 1.000000 4
2587 -1.000000 3
2591 1.000000 4
2594 1.000000 3
2599 1.000000 5
2604 1.000000 5
2609 0.000000 5
2613 1.000000 4
2617 -1.000000 4
2621 -1.000000 4
2625 -1.000000 4
2629 1.000000 4
2633 1.000000 4
2637 -1.000000 4
2642 0.000000 5
2647 1.000000 5
2652 1.000000 5
2657 0.000000 5
2660 -1.000000 3
2664 -1.000000 4
2669 1.000000 5
2672 -1.000000 3
2676 -1.000000 4
2681 0.000000 5
2685 1.000000 4
2689 -1.000000 4
2693 1.000000 4
2698 1.000000 5
2701 1.000000 3
2706 0.000000 5
2711 0.000000 5
2715 1.000000 4
2719 -1.000000 4
2722 -1.000000 3
2726 -1.000000 4
2729 1.000000 3
2733 1.000000 4
2738 0.000000 5
2741 1.000000 3
2745 1.000000 4
2750 0.000000 5
2755 0.000000 5
2759 1.000000 4
2762 -1.000000 3
2765 -1.000000 3
2768 -1.000000 3
2772 -1.000000 4
2776 -1.000000 4
2780 -1.000000 4
2784 1.000000 4
2787 1.000000 3
2792 0.000000 5
2796 1.000000 4
2801 1.000000 5
2805 -1.000000 4
2809 -1.000000 4
2813 1.000000 4
2816 1.000000 3
2819 1.000000 3
2822 1.000000 3
2827 1.000000 5
2831 1.000000 4
2835 1.000000 4
2840 1.000000 5
2845 0.000000 5
2849 1.000000 4
2854 1.000000 5
2858 1.000000 4
2861 1.000000 3
2866 0.000000 5
2871 0.000000 5
2876 0.000000 5
2880 -1.000000 4
2884 1.000000 4
2887 1.000000 3
2892 1.000000 5
2895 -1.000000 3
2900 1.000000 5
2904 -1.000000 4
2907 -1.000000 3
2910 1.000000 3
2913 -1.000000 3
2918 1.000000 5
2922 -1.000000 4
2927 1.000000 5
2931 -1.000000 4
2936 1.000000 5
2940 1.000000 4
2945 1.000000 5
2949 1.000000 4
2952 1.000000 3
2956 -1.000000 4
2960 -1.000000 4
2965 0.000000 5
2969 1.000000 4
2972 1.000000 3
2977 1.000000 5
2981 1.000000 4
2985 1.000000 4
2990 0.000000 5
2994 -1.000000 4
2997 -1.000000 3
3001 1.000000 4
3006 0.000000 5
3010 1.000000 4
3014 -1.000000 4
3018 -1.000000 4
3022 -1.000000 4
3026 -1.000000 4
3031 0.000000 5
3035 -1.000000 4
3039 -1.000000 4
3044 1.000000 5
3047 1.000000 3
3052 1.000000 5
3057 1.000000 5
3062 0.000000 5
3067 1.000000 5
3072 1.000000 5
3075 -1.000000 3
3079 1.000000 4
3083 1.000000 4
3087 1.000000 4
3092 0.000000 5
3095 1.000000 3
3100 0.000000 5
3104 -1.000000 4
3108 1.000000 4
3112 1.000000 4
3117 1.000000 5
3122 1.000000 5
3127 0.000000 5
3130 1.000000 3
3135 0.000000 5
3139 -1.000000 4
3143 1.000000 4
3147 1.000000 4
3152 1.000000 5
3157 1.000000 5
3162 1.000000 5
3166 -1.000000 4
3171 0.000000 5
3175 1.000000 4
3180 1.000000 5
3185 1.000000 5
3189 -1.000000 4
3193 1.000000 4
3198 0.000000 5
3201 -1.000000 3
3205 -1.000000 4
3210 1.000000 5
3215 1.000000 5
3219 -1.000000 4
3224 0.000000 5
3227 -1.000000 3
3232 0.000000 5
3237 1.000000 5
3242 1.000000 5
3246 -1.000000 4
3250 -1.000000 4
3255 1.000000 5
3259 1.000000 4
3263 -1.000000 4
3267 1.000000 4
3272 1.000000 5
3275 -1.000000 3
3279 1.000000 4
3284 1.000000 5
3288 1.000000 4
3293 1.000000 5
3297 1.000000 4
3302 1.000000 5
3307 1.000000 5
3311 -1.000000 4
3315 1.000000 4
3318 -1.000000 3
3323 1.000000 5
3327 1.000000 4
3330 1.000000 3
3334 1.000000 4
3339 1.000000 5
3343 -1.000000 4
3347 -1.000000 4
3351 -1.000000 4
3356 0.000000 5
3361 0.000000 5
3366 1.000000 5
3371 0.000000 5
3375 1.000000 4
3379 1.000000 4
3384 1.000000 5
3389 1.000000 5
3394 0.000000 5
3397 1.000000 3
3400 -1.000000 3
3404 -1.000000 4
3407 -1.000000 3
3411 1.000000 4
3415 -1.000000 4
3419 -1.000000 4
3423 -1.000000 4
3428 1.000000 5
3432 1.000000 4
3436 -1.000000 4
3440 1.000000 4
3443 -1.000000 3
3448 1.000000 5
3453 1.000000 5
3458 1.000000 5
3461 1.000000 3
3466 0.000000 5
3469 1.000000 3
3473 -1.000000 4
3478 1.000000 5
3482 1.000000 4
3487 1.000000 5
3491 -1.000000 4
3496 0.000000 5
3501 1.000000 5
3505 1.000000 4
3510 1.000000 5
3514 1.000000 4
3518 -1.000000 4
3521 -1.000000 3
3524 -1.000000 3
3529 1.000000 5
3534 0.000000 5
3539 1.000000 5
3543 -1.000000 4
3548 1.000000 5
3552 1.000000 4
3555 -1.000000 3
3559 -1.000000 4
3564 1.000000 5
3568 -1.000000 4
3572 1.000000 4
3576 1.000000 4
3580 1.000000 4
3583 -1.000000 3
3588 1.000000 5
3593 0.000000 5
3598 0.000000 5
3602 -1.000000 4
3605 1.000000 3
3609 1.000000 4
3613 -1.000000 4
3617 -1.000000 4
3621 -1.000000 4
3626 0.000000 5
3629 1.000000 3
3633 -1.000000 4
3636 1.000000 3
3640 -1.000000 4
3645 1.000000 5
3650 1.000000 5
3655 1.000000 5
3659 -1.000000 4
3663 -1.000000 4
3668 1.000000 5
3671 -1.000000 3
3675 1.000000 4
3680 1.000000 5
3683 -1.000000 3
3688 0.000000 5
3693 1.000000 5
3698 1.000000 5
3702 -1.000000 4
3707 1.000000 5
3710 -1.000000 3
3715 1.000000 5
3719 -1.000000 4
3723 1.000000 4
3728 1.000000 5
3733 1.000000 5
3737 -1.000000 4
3741 1.000000 4
3746 1.000000 5
3750 1.000000 4
3754 -1.000000 4
3758 1.000000 4
3763 1.000000 5
3766 1.000000 3
3771 1.000000 5
3774 -1.000000 3
3779 0.000000 5
3783 1.000000 4
3787 1.000000 4
3791 1.000000 4
3795 -1.000000 4
3800 0.000000 5
3803 -1.000000 3
3807 1.000000 4
3812 1.000000 5
3816 1.000000 4
3821 1.000000 5
3825 -1.000000 4
3829 -1.000000 4
3833 1.000000 4
3837 1.000000 4
3842 1.000000 5
3847 0.000000 5
3851 -1.000000 4
3854 1.000000 3
3858 1.000000 4
3862 -1.000000 4
3867 1.000000 5
3872 0.000000 5
3876 1.000000 4
3879 1.000000 3
3882 -1.000000 3
3887 1.000000 5
3892 1.000000 5
3895 -1.000000 3
3899 1.000000 4
3904 0.000000 5
3908 1.000000 4
3912 1.000000 4
3916 1.000000 4
3919 -1.000000 3
3923 1.000000 4
3927 1.000000 4
3932 1.000000 5
3936 -1.000000 4
3939 1.000000 3
3944 1.000000 5
3949 1.000000 5
3952 -1.000000 3
3957 1.000000 5
3962 1.000000 5
3966 1.000000 4
3970 1.000000 4
3975 1.000000 5
3980 1.000000 5
3985 0.000000 5
3990 1.000000 5
3993 1.000000 3
3997 -1.000000 4
4001 1.000000 4
4005 -1.000000 4
4010 1.000000 5
4015 0.000000 5
4019 1.000000 4
4022 1.000000 3
4026 1.000000 4
4031 1.000000 5
4034 -1.000000 3
4037 1.000000 3
4042 1.000000 5
4047 1.000000 5
4051 1.000000 4
4055 1.000000 4
4060 0.000000 5
4064 -1.000000 4
4069 1.000000 5
4074 0.000000 5
4078 -1.000000 4
4082 1.000000 4
4086 1.000000 4
4090 -1.000000 4
4095 1.000000 5
4099 -1.000000 4
4102 -1.000000 3
4106 -1.000000 4
4110 -1.000000 4
4114 1.000000 4
4119 1.000000 5
4124 0.000000 5
4127 1.000000 3
4131 -1.000000 4
4135 1.000000 4
4139 1.000000 4
4144 0.000000 5
4147 1.000000 3
4150 1.000000 3
4155 0.000000 5
4160 1.000000 5
4164 -1.000000 4
4168 1.000000 4
4173 1.000000 5
4177 1.000000 4
4181 -1.000000 4
4186 1.000000 5
4190 1.000000 4
4195 1.000000 5
4199 1.000000 4
4203 -1.000000 4
4208 0.000000 5
4211 -1.000000 3
4216 0.000000 5
4220 1.000000 4
4224 1.000000 4
4228 1.000000 4
4232 -1.000000 4
4237 1.000000 5
4241 -1.000000 4
4246 1.000000 5
4250 1.000000 4
4255 1.000000 5
4258 -1.000000 3
4263 1.000000 5
4268 1.000000 5
4272 -1.000000 4
4276 1.000000 4
4280 1.000000 4
4285 0.000000 5
4289 1.000000 4
4294 1.000000 5
4299 1.000000 5
4302 1.000000 3
4307 1.000000 5
4312 0.000000 5
4316 1.000000 4
4320 -1.000000 4
4325 0.000000 5
4329 1.000000 4
4334 0.000000 5
4339 1.000000 5
4344 1.000000 5
4348 1.000000 4
4351 -1.000000 3
4355 -1.000000 4
4360 0.000000 5
4365 1.000000 5
4368 1.000000 3
4372 -1.000000 4
4376 -1.000000 4
4380 -1.000000 4
4385 0.000000 5
4388 -1.000000 3
4392 1.000000 4
4396 -1.000000 4
4399 -1.000000 3
4402 -1.000000 3
4406 -1.000000 4
4410 1.000000 4
4415 0.000000 5
4420 0.000000 5
4425 0.000000 5
4430 1.000000 5
4434 1.000000 4
4438 1.000000 4
4441 1.000000 3
4446 1.000000 5
4450 1.000000 4
4453 -1.000000 3
4458 0.000000 5
4463 1.000000 5
4467 1.000000 4
4471 1.000000 4
4475 -1.000000 4
4478 -1.000000 3
4483 0.000000 5
4487 -1.000000 4
4491 -1.000000 4
4495 1.000000 4
4499 -1.000000 4
4504 1.000000 5
4509 1.000000 5
4513 -1.000000 4
4517 1.000000 4
4521 -1.000000 4
4526 0.000000 5
4531 0.000000 5
4535 -1.000000 4
4539 1.000000 4
4544 1.000000 5
4547 1.000000 3
4551 -1.000000 4
4556 0.000000 5
4561 1.000000 5
4566 1.000000 5
4569 1.000000 3
4573 1.000000 4
4578 0.000000 5
4582 1.000000 4
4586 -1.000000 4
4590 1.000000 4
4594 1.000000 4
4598 -1.000000 4
4602 -1.000000 4
4606 -1.000000 4
4609 1.000000 3
4614 0.000000 5
4618 1.000000 4
4623 1.000000 5
4628 1.000000 5
4632 1.000000 4
4635 -1.000000 3
4639 1.000000 4
4643 -1.000000 4
4647 -1.000000 4
4651 1.000000 4
4655 1.000000 4
4660 1.000000 5
4664 1.000000 4
4669 0.000000 5
4673 -1.000000 4
4677 1.000000 4
4682 0.000000 5
4686 1.000000 4
4690 1.000000 4
4693 -1.000000 3
4698 0.000000 5
4703 1.000000 5
4708 0.000000 5
4711 1.000000 3
4715 1.000000 4
4720 1.000000 5
4724 -1.000000 4
4728 1.000000 4
4733 0.000000 5
4737 -1.000000 4
4742 0.000000 5
4747 1.000000 5
4750 -1.000000 3
4754 1.000000 4
4758 1.000000 4
4762 -1.000000 4
4767 0.000000 5
4771 1.000000 4
4775 1.000000 4
4778 1.000000 3
4782 1.000000 4
4786 -1.000000 4
4789 1.000000 3
4794 1.000000 5
4798 1.000000 4
4802 1.000000 4
4806 -1.000000 4
4810 1.000000 4
4813 -1.000000 3
4817 1.000000 4
4820 -1.000000 3
4825 1.000000 5
4828 -1.000000 3
4832 -1.000000 4
4837 1.000000 5
4842 1.000000 5
4845 -1.000000 3
4849 1.000000 4
4854 1.000000 5
4859 0.000000 5
4863 -1.000000 4
4866 1.000000 3
4870 1.000000 4
4875 1.000000 5
4879 1.000000 4
4884 1.000000 5
4889 1.000000 5
4893 1.000000 4
4896 -1.000000 3
4901 1.000000 5
4904 -1.000000 3
4908 -1.000000 4
4913 0.000000 5
4918 0.000000 5
4922 -1.000000 4
4927 1.000000 5
4932 1.000000 5
4935 1.000000 3
4940 1.000000 5
4944 -1.000000 4
4948 -1.000000 4
4952 1.000000 4
4957 1.000000 5
4961 -1.000000 4
4964 -1.000000 3
4969 1.000000 5
4973 1.000000 4
4976 1.000000 3
4979 -1.000000 3
4984 0.000000 5
4989 0.000000 5
4992 -1.000000 3
4995 1.000000 3
4999 -1.000000 4
5004 0.000000 5
5009 1.000000 5
5014 1.000000 5
5019 1.000000 5
5024 0.000000 5
5027 1.000000 3
5032 1.000000 5
5036 -1.000000 4
5041 1.000000 5
5044 1.000000 3
5048 -1.000000 4
5052 1.000000 4
5056 -1.000000 4
5061 1.000000 5
5065 -1.000000 4
5070 1.000000 5
5073 -1.000000 3
5077 -1.000000 4
5080 1.000000 3
5083 -1.000000 3
5088 1.000000 5
5093 1.000000 5
5097 1.000000 4
5102 1.000000 5
5105 1.000000 3
5110 1.000000 5
5114 -1.000000 4
5119 0.000000 5
5123 -1.000000 4
5127 1.000000 4
5130 1.000000 3
5135 1.000000 5
5138 1.000000 3
5143 0.000000 5
5147 1.000000 4
5152 0.000000 5
5155 -1.000000 3
5159 1.000000 4
5163 1.000000 4
5166 1.000000 3
5171 1.000000 5
5176 1.000000 5
5181 1.000000 5
5184 1.000000 3
5189 1.000000 5
5194 1.000000 5
5197 1.000000 3
5202 0.000000 5
5207 1.000000 5
5212 1.000000 5
5216 -1.000000 4
5220 -1.000000 4
5224 1.000000 4
5229 1.000000 5
5233 1.000000 4
5238 0.000000 5
5242 -1.000000 4
5247 0.000000 5
5252 1.000000 5
5255 1.000000 3
5259 -1.000000 4
5264 1.000000 5
5268 1.000000 4
5273 0.000000 5
5277 1.000000 4
5282 1.000000 5
5286 1.000000 4
5290 -1.000000 4
5295 1.000000 5
5299 1.000000 4
5304 0.000000 5
5308 1.000000 4
5313 1.000000 5
5316 1.000000 3
5321 0.000000 5
5324 -1.000000 3
5327 -1.000000 3
5331 -1.000000 4
5335 1.000000 4
5340 1.000000 5
5343 1.000000 3
5348 1.000000 5
5352 -1.000000 4
5357 1.000000 5
5362 1.000000 5
5367 1.000000 5
5372 0.000000 5
5377 1.000000 5
5381 -1.000000 4
5386 0.000000 5
5390 1.000000 4
5395 1.000000 5
5400 1.000000 5
5403 1.000000 3
5406 -1.000000 3
5410 -1.000000 4
5415 0.000000 5
5419 -1.000000 4
5424 1.000000 5
5428 -1.000000 4
5433 1.000000 5
5436 1.000000 3
5440 1.000000 4
5444 1.000000 4
5449 1.000000 5
5454 0.000000 5
5459 1.000000 5
5462 -1.000000 3
5467 1.000000 5
5472 1.000000 5
5476 -1.000000 4
5480 1.000000 4
5484 1.000000 4
5487 1.000000 3
5491 1.000000 4
5494 1.000000 3
5499 1.000000 5
5504 1.000000 5
5508 1.000000 4
5512 -1.000000 4
5517 0.000000 5
5521 1.000000 4
5524 -1.000000 3
5528 -1.000000 4
5533 0.000000 5
5537 1.000000 4
5542 1.000000 5
5546 1.000000 4
5551 0.000000 5
5556 1.000000 5
5561 1.000000 5
5566 0.000000 5
5571 0.000000 5
5574 1.000000 3
5579 0.000000 5
5583 1.000000 4
5586 1.000000 3
5590 1.000000 4
5594 1.000000 4
5598 -1.000000 4
5603 1.000000 5
5608 1.000000 5
5612 1.000000 4
5617 0.000000 5
5621 1.000000 4
5626 0.000000 5
5631 0.000000 5
5636 0.000000 5
5640 -1.000000 4
5644 -1.000000 4
5649 1.000000 5
5654 1.000000 5
5659 0.000000 5
5663 1.000000 4
5668 1.000000 5
5672 -1.000000 4
5676 1.000000 4
5680 -1.000000 4
5685 1.000000 5
5690 0.000000 5
5694 -1.000000 4
5698 1.000000 4
5703 1.000000 5
5708 1.000000 5
5711 1.000000 3
5715 -1.000000 4
5719 1.000000 4
5724 0.000000 5
5728 1.000000 4
5732 -1.000000 4
5736 1.000000 4
5739 -1.000000 3
5743 -1.000000 4
5748 1.000000 5
5752 1.000000 4
5756 1.000000 4
5760 -1.000000 4
5765 1.000000 5
5769 1.000000 4
5774 1.000000 5
5777 -1.000000 3
5781 1.000000 4
5784 1.000000 3
5788 -1.000000 4
5793 0.000000 5
5798 1.000000 5
5802 -1.000000 4
5806 -1.000000 4
5810 -1.000000 4
5813 1.000000 3
5816 1.000000 3
5821 1.000000 5
5825 1.000000 4
5830 1.000000 5
5834 -1.000000 4
5837 1.000000 3
5842 0.000000 5
5847 1.000000 5
5850 -1.000000 3
5855 0.000000 5
5859 1.000000 4
5864 1.000000 5
5868 -1.000000 4
5872 -1.000000 4
5877 0.000000 5
5882 0.000000 5
5886 1.000000 4
5890 1.000000 4
5893 1.000000 3
5898 1.000000 5
5901 1.000000 3
5904 -1.000000 3
5909 0.000000 5
5914 1.000000 5
5919 1.000000 5
5923 -1.000000 4
5927 1.000000 4
5931 -1.000000 4
5936 1.000000 5
5940 -1.000000 4
5944 1.000000 4
5948 1.000000 4
5952 -1.000000 4
5956 1.000000 4
5961 1.000000 5
5965 -1.000000 4
5970 1.000000 5
5974 1.000000 4
5978 -1.000000 4
5982 1.000000 4
5985 1.000000 3
5989 1.000000 4
5994 0.000000 5
5998 -1.000000 4
6002 1.000000 4
6007 1.000000 5
6010 -1.000000 3
6014 -1.000000 4
6019 1.000000 5
6022 1.000000 3
6026 -1.000000 4
6029 1.000000 3
6033 -1.000000 4
6037 1.000000 4
6041 -1.000000 4
6044 1.000000 3
6047 1.000000 3
6052 1.000000 5
6057 1.000000 5
6061 -1.000000 4
6066 0.000000 5
6070 -1.000000 4
6073 -1.000000 3
6078 0.000000 5
6083 1.000000 5
6087 -1.000000 4
6091 1.000000 4
6096 1.000000 5
6100 1.000000 4
6103 -1.000000 3
6107 -1.000000 4
6111 1.000000 4
6115 -1.000000 4
6119 -1.000000 4
6122 -1.000000 3
6127 1.000000 5
6130 1.000000 3
6134 -1.000000 4
6137 1.000000 3
6141 -1.000000 4
6145 -1.000000 4
6149 1.000000 4
6154 1.000000 5
6159 1.000000 5
6163 -1.000000 4
6167 -1.000000 4
6170 -1.000000 3
6175 1.000000 5
6179 1.000000 4
6182 -1.000000 3
6186 -1.000000 4
6191 1.000000 5
6194 -1.000000 3
6197 1.000000 3
6200 -1.000000 3
6204 -1.000000 4
6207 -1.000000 3
6211 1.000000 4
6216 1.000000 5
6221 1.000000 5
6225 -1.000000 4
6228 1.000000 3
6232 1.000000 4
6236 -1.000000 4
6240 1.000000 4
6243 1.000000 3
6247 -1.000000 4
6252 1.000000 5
6257 0.000000 5
6262 1.000000 5
6267 1.000000 5
6271 1.000000 4
6275 1.000000 4
6280 1.000000 5
6285 0.000000 5
6290 1.000000 5
6293 -1.000000 3
6297 1.000000 4
6300 1.000000 3
6304 -1.000000 4
6308 1.000000 4
6312 -1.000000 4
6317 1.000000 5
6320 1.000000 3
6324 1.000000 4
6328 1.000000 4
6333 1.000000 5
6337 -1.000000 4
6341 1.000000 4
6345 1.000000 4
6350 1.000000 5
6354 1.000000 4
6359 1.000000 5
6363 1.000000 4
6366 1.000000 3
6369 1.000000 3
6373 -1.000000 4
6376 -1.000000 3
6381 1.000000 5
6386 1.000000 5
6390 1.000000 4
6395 0.000000 5
6399 -1.000000 4
6402 1.000000 3
6405 1.000000 3
6409 1.000000 4
6412 1.000000 3
6415 1.000000 3
6419 1.000000 4
6422 1.000000 3
6427 0.000000 5
6432 1.000000 5
6436 -1.000000 4
6441 1.000000 5
6446 0.000000 5
6451 1.000000 5
6454 -1.000000 3
6458 1.000000 4
6463 0.000000 5
6467 -1.000000 4
6472 1.000000 5
6476 -1.000000 4
6479 1.000000 3
6483 -1.000000 4
6487 1.000000 4
6491 1.000000 4
6494 1.000000 3
6498 -1.000000 4
6502 1.000000 4
6507 0.000000 5
6511 -1.000000 4
6516 1.000000 5
6521 0.000000 5
6526 1.000000 5
6529 -1.000000 3
6532 -1.000000 3
6535 -1.000000 3
6538 1.000000 3
6543 1.000000 5
6546 1.000000 3
6549 -1.000000 3
6553 1.000000 4
6557 1.000000 4
6561 1.000000 4
6566 0.000000 5
6571 1.000000 5
6576 1.000000 5
6581 1.000000 5
6585 -1.000000 4
6589 1.000000 4
6593 1.000000 4
6597 -1.000000 4
6602 1.000000 5
6605 1.000000 3
6610 1.000000 5
6613 1.000000 3
6617 -1.000000 4
6621 1.000000 4
6625 -1.000000 4
6628 -1.000000 3
6632 1.000000 4
6636 1.000000 4
6639 -1.000000 3
6643 1.000000 4
6648 1.000000 5
6653 1.000000 5
6657 -1.000000 4
6661 -1.000000 4
6665 -1.000000 4
6670 1.000000 5
6673 1.000000 3
6677 1.000000 4
6680 -1.000000 3
6683 1.000000 3
6686 -1.000000 3
6689 -1.000000 3
6693 1.000000 4
6698 0.000000 5
6702 1.000000 4
6707 0.000000 5
6711 -1.000000 4
6716 1.000000 5
6720 1.000000 4
6724 -1.000000 4
6729 1.000000 5
6734 0.000000 5
6738 1.000000 4
6742 -1.000000 4
6745 -1.000000 3
6750 0.000000 5
6755 0.000000 5
6760 0.000000 5
6764 1.000000 4
6768 1.000000 4
6772 -1.000000 4
6777 0.000000 5
6780 -1.000000 3
6785 1.000000 5
6788 -1.000000 3
6791 1.000000 3
6796 1.000000 5
6799 -1.000000 3
6802 1.000000 3
6806 -1.000000 4
6811 1.000000 5
6815 1.000000 4
6819 1.000000 4
6823 1.000000 4
6826 1.000000 3
6829 1.000000 3
6833 1.000000 4
6836 -1.000000 3
6840 1.000000 4
6844 1.000000 4
6848 1.000000 4
6853 1.000000 5
6858 1.000000 5
6863 1.000000 5
6866 1.000000 3
6870 1.000000 4
6874 -1.000000 4
6879 1.000000 5
6884 0.000000 5
6888 1.000000 4
6893 0.000000 5
6896 1.000000 3
6900 -1.000000 4
6905 1.000000 5
6910 1.000000 5
6914 -1.000000 4
6917 -1.000000 3
6920 -1.000000 3
6924 -1.000000 4
6929 1.000000 5
6932 -1.000000 3
6937 0.000000 5
6941 -1.000000 4
6946 0.000000 5
6949 1.000000 3
6953 -1.000000 4
6957 -1.000000 4
6960 1.000000 3
6965 1.000000 5
6968 1.000000 3
6971 1.000000 3
6976 1.000000 5
6981 0.000000 5
6985 1.000000 4
6989 1.000000 4
6994 1.000000 5
6998 1.000000 4
7002 1.000000 4
7005 -1.000000 3
7009 1.000000 4
7014 0.000000 5
7017 1.000000 3
7021 1.000000 4
7024 1.000000 3
7027 -1.000000 3
7032 1.000000 5
7036 1.000000 4
7040 1.000000 4
7043 1.000000 3
7048 1.000000 5
7052 1.000000 4
7055 1.000000 3
7060 1.000000 5
7065 1.000000 5
7069 -1.000000 4
7073 1.000000 4
7077 1.000000 4
7082 1.000000 5
7087 1.000000 5
7091 1.000000 4
7096 0.000000 5
7100 1.000000 4
7105 1.000000 5
7110 0.000000 5
7113 -1.000000 3
7117 1.000000 4
7121 -1.000000 4
7126 1.000000 5
7130 -1.000000 4
7134 1.000000 4
7138 -1.000000 4
7142 1.000000 4
7145 1.000000 3
7149 1.000000 4
7154 0.000000 5
7159 1.000000 5
7164 1.000000 5
7168 -1.000000 4
7172 -1.000000 4
7175 1.000000 3
7178 -1.000000 3
7182 1.000000 4
7187 1.000000 5
7191 1.000000 4
7194 -1.000000 3
7199 1.000000 5
7203 -1.000000 4
7207 1.000000 4
7211 1.000000 4
7215 -1.000000 4
7219 -1.000000 4
7223 1.000000 4
7227 1.000000 4
7231 1.000000 4
7234 1.000000 3
7238 -1.000000 4
7242 -1.000000 4
7245 -1.000000 3
7250 1.000000 5
7254 1.000000 4
7257 1.000000 3
7261 1.000000 4
7265 -1.000000 4
7269 1.000000 4
7273 1.000000 4
7277 -1.000000 4
7282 1.000000 5
7287 1.000000 5
7292 1.000000 5
7295 1.000000 3
7299 1.000000 4
7303 1.000000 4
7307 -1.000000 4
7312 1.000000 5
7315 1.000000 3
7320 0.000000 5
7325 1.000000 5
7329 -1.000000 4
7333 1.000000 4
7338 1.000000 5
7342 1.000000 4
7347 0.000000 5
7350 1.000000 3
7354 1.000000 4
7359 1.000000 5
7363 -1.000000 4
7368 0.000000 5
7372 1.000000 4
7376 -1.000000 4
7381 1.000000 5
7385 -1.000000 4
7389 -1.000000 4
7393 1.000000 4
7397 1.000000 4
7402 1.000000 5
7405 -1.000000 3
7410 0.000000 5
7414 -1.000000 4
7419 0.000000 5
7424 0.000000 5
7427 1.000000 3
7430 1.000000 3
7434 1.000000 4
7439 1.000000 5
7443 1.000000 4
7448 1.000000 5
7451 1.000000 3
7456 0.000000 5
7461 0.000000 5
7464 -1.000000 3
7467 1.000000 3
7472 1.000000 5
7475 -1.000000 3
7480 1.000000 5
7485 1.000000 5
7488 -1.000000 3
7492 1.000000 4
7496 -1.000000 4
7500 -1.000000 4
7504 1.000000 4
7509 1.000000 5
7512 1.000000 3
7517 1.000000 5
7521 1.000000 4
7524 -1.000000 3
7529 1.000000 5
7534 0.000000 5
7538 -1.000000 4
7541 1.000000 3
7545 1.000000 4
7550 1.000000 5
7554 -1.000000 4
7558 -1.000000 4
7562 -1.000000 4
7567 1.000000 5
7571 1.000000 4
7575 1.000000 4
7579 1.000000 4
7582 1.000000 3
7587 0.000000 5
7591 -1.000000 4
7596 0.000000 5
7601 1.000000 5
7605 -1.000000 4
7608 1.000000 3
7612 -1.000000 4
7617 0.000000 5
7621 1.000000 4
7624 -1.000000 3
7629 0.000000 5
7633 -1.000000 4
7637 1.000000 4
7641 -1.000000 4
7644 1.000000 3
7647 1.000000 3
7652 1.000000 5
7657 1.000000 5
7661 1.000000 4
7665 1.000000 4
7668 1.000000 3
7672 -1.000000 4
7675 1.000000 3
7679 1.000000 4
7682 -1.000000 3
7686 -1.000000 4
7690 1.000000 4
7695 0.000000 5
7699 -1.000000 4
7704 1.000000 5
7709 1.000000 5
7714 1.000000 5
7718 1.000000 4
7721 1.000000 3
7724 1.000000 3
7729 1.000000 5
7733 -1.000000 4
7738 1.000000 5
7741 1.000000 3
7745 -1.000000 4
7749 1.000000 4
7752 1.000000 3
7756 -1.000000 4
7760 -1.000000 4
7764 -1.000000 4
7768 -1.000000 4
7771 -1.000000 3
7775 1.000000 4
7778 1.000000 3
7783 1.000000 5
7787 -1.000000 4
7792 1.000000 5
7796 -1.000000 4
7801 1.000000 5
7805 1.000000 4
7810 1.000000 5
7814 -1.000000 4
7817 1.000000 3
7821 -1.000000 4
7824 -1.000000 3
7828 -1.000000 4
7832 1.000000 4
7835 -1.000000 3
7839 -1.000000 4
7842 1.000000 3
7846 1.000000 4
7851 0.000000 5
7856 1.000000 5
7861 0.000000 5
7866 0.000000 5
7870 1.000000 4
7874 1.000000 4
7877 1.000000 3
7882 1.000000 5
7887 0.000000 5
7891 -1.000000 4
7895 1.000000 4
7899 1.000000 4
7904 0.000000 5
7909 0.000000 5
7913 -1.000000 4
7918 1.000000 5
7923 0.000000 5
7926 -1.000000 3
7931 1.000000 5
7935 1.000000 4
7940 1.000000 5
7944 1.000000 4
7949 1.000000 5
7952 1.000000 3
7956 1.000000 4
7960 -1.000000 4
7964 1.000000 4
7969 1.000000 5
7973 1.000000 4
7977 -1.000000 4
7981 1.000000 4
7986 1.000000 5
7990 1.000000 4
7993 -1.000000 3
7998 1.000000 5
8002 1.000000 4
8007 1.000000 5
8011 1.000000 4
8015 1.000000 4
8019 -1.000000 4
8022 -1.000000 3
8026 1.000000 4
8030 -1.000000 4
8034 1.000000 4
8039 1.000000 5
8043 1.000000 4
8047 -1.000000 4
8052 1.000000 5
8055 1.000000 3
8059 -1.000000 4
8063 1.000000 4
8068 1.000000 5
8072 -1.000000 4
8077 1.000000 5
8081 -1.000000 4
8084 -1.000000 3
8088 1.000000 4
8091 1.000000 3
8094 1.000000 3
8098 1.000000 4
8101 -1.000000 3
8104 1.000000 3
8108 -1.000000 4
8113 1.000000 5
8118 1.000000 5
8122 1.000000 4
8125 1.000000 3
8130 1.000000 5
8134 1.000000 4
8138 1.000000 4
8143 0.000000 5
8147 -1.000000 4
8152 1.000000 5
8157 1.000000 5
8162 1.000000 5
8166 -1.000000 4
8169 1.000000 3
8172 1.000000 3
8176 1.000000 4
8180 -1.000000 4
8184 -1.000000 4
8188 -1.000000 4
8191 1.000000 3
8195 1.000000 4
8199 1.000000 4
8204 0.000000 5
8209 1.000000 5
8214 1.000000 5
8219 0.000000 5
8224 0.000000 5
8228 -1.000000 4
8232 1.000000 4
8236 1.000000 4
8241 1.000000 5
8246 1.000000 5
8251 1.000000 5
8254 -1.000000 3
8259 1.000000 5
8263 1.000000 4
8266 -1.000000 3
8271 1.000000 5
8275 1.000000 4
8279 1.000000 4
8283 1.000000 4
8286 -1.000000 3
8289 -1.000000 3
8293 -1.000000 4
8298 1.000000 5
8302 1.000000 4
8306 -1.000000 4
8310 1.000000 4
8313 -1.000000 3
8316 1.000000 3
8321 1.000000 5
8326 0.000000 5
8330 -1.000000 4
8334 -1.000000 4
8339 0.000000 5
8344 1.000000 5
8349 1.000000 5
8354 1.000000 5
8357 -1.000000 3
8362 1.000000 5
8365 1.000000 3
8368 -1.000000 3
8372 1.000000 4
8377 1.000000 5
8382 1.000000 5
8387 1.000000 5
8391 1.000000 4
8396 0.000000 5
8401 1.000000 5
8405 1.000000 4
8408 -1.000000 3
8413 0.000000 5
8417 -1.000000 4
8421 1.000000 4
8425 -1.000000 4
8429 1.000000 4
8433 1.000000 4
8436 1.000000 3
8439 1.000000 3
8444 1.000000 5
8448 -1.000000 4
8452 1.000000 4
8457 1.000000 5
8460 -1.000000 3
8465 1.000000 5
8469 -1.000000 4
8474 0.000000 5
8478 1.000000 4
8483 1.000000 5
8488 1.000000 5
8493 1.000000 5
8496 -1.000000 3
8500 -1.000000 4
8505 0.000000 5
8508 -1.000000 3
8513 1.000000 5
8517 1.000000 4
8520 -1.000000 3
8524 1.000000 4
8528 -1.000000 4
8533 1.000000 5
8538 1.000000 5
8541 -1.000000 3
8545 -1.000000 4
8549 -1.000000 4
8553 -1.000000 4
8557 1.000000 4
8560 -1.000000 3
8565 0.000000 5
8569 -1.000000 4
8573 -1.000000 4
8576 -1.000000 3
8581 1.000000 5
8585 -1.000000 4
8589 1.000000 4
8594 1.000000 5
8598 1.000000 4
8603 0.000000 5
8606 1.000000 3
8610 -1.000000 4
8615 1.000000 5
8619 1.000000 4
8624 1.000000 5
8627 1.000000 3
8631 1.000000 4
8635 -1.000000 4
8638 -1.000000 3
8642 -1.000000 4
8646 1.000000 4
8650 -1.000000 4
8653 1.000000 3
8658 0.000000 5
8663 0.000000 5
8666 -1.000000 3
8670 1.000000 4
8675 0.000000 5
8679 1.000000 4
8684 0.000000 5
8688 1.000000 4
8691 1.000000 3
8696 0.000000 5
8701 1.000000 5
8706 1.000000 5
8711 0.000000 5
8716 1.000000 5
8720 -1.000000 4
8724 -1.000000 4
8729 0.000000 5
8734 0.000000 5
8739 1.000000 5
8743 -1.000000 4
8748 1.000000 5
8753 0.000000 5
8757 1.000000 4
8760 -1.000000 3
8764 1.000000 4
8769 1.000000 5
8773 1.000000 4
8776 1.000000 3
8779 1.000000 3
8782 1.000000 3
8785 -1.000000 3
8790 1.000000 5
8794 1.000000 4
8799 0.000000 5
8804 1.000000 5
8809 1.000000 5
8812 -1.000000 3
8815 -1.000000 3
8818 1.000000 3
8822 -1.000000 4
8827 1.000000 5
8830 -1.000000 3
8835 0.000000 5
8840 1.000000 5
8844 -1.000000 4
8847 1.000000 3
8851 -1.000000 4
8855 1.000000 4
8859 1.000000 4
8862 -1.000000 3
8866 1.000000 4
8870 -1.000000 4
8873 1.000000 3
8878 0.000000 5
8881 -1.000000 3
8886 1.000000 5
8891 1.000000 5
8895 -1.000000 4
8900 1.000000 5
8904 -1.000000 4
8908 1.000000 4
8912 -1.000000 4
8917 1.000000 5
8921 -1.000000 4
8925 1.000000 4
8930 1.000000 5
8935 1.000000 5
8940 1.000000 5
8945 1.000000 5
8949 -1.000000 4
8953 -1.000000 4
8957 1.000000 4
8962 1.000000 5
8966 1.000000 4
8970 -1.000000 4
8975 1.000000 5
8979 1.000000 4
8982 -1.000000 3
8985 -1.000000 3
8988 -1.000000 3
8993 0.000000 5
8998 0.000000 5
9002 1.000000 4
9007 1.000000 5
9012 1.000000 5
9016 -1.000000 4
9020 1.000000 4
9025 0.000000 5
9028 -1.000000 3
9033 0.000000 5
9038 0.000000 5
9043 1.000000 5
9047 -1.000000 4
9051 1.000000 4
9056 1.000000 5
9059 1.000000 3
9063 1.000000 4
9067 -1.000000 4
9072 0.000000 5
9076 1.000000 4
9081 0.000000 5
9086 1.000000 5
9090 1.000000 4
9095 0.000000 5
9099 -1.000000 4
9104 1.000000 5
9109 0.000000 5
9113 -1.000000 4
9118 0.000000 5
9121 -1.000000 3
9125 1.000000 4
9129 1.000000 4
9134 0.000000 5
9137 1.000000 3
9141 1.000000 4
9146 1.000000 5
9150 -1.000000 4
9155 1.000000 5
9159 -1.000000 4
9163 1.000000 4
9168 1.000000 5
9173 0.000000 5
9176 -1.000000 3
9181 0.000000 5
9185 1.000000 4
9189 1.000000 4
9194 1.000000 5
9199 1.000000 5
9204 1.000000 5
9208 1.000000 4
9212 1.000000 4
9216 1.000000 4
9220 1.000000 4
9225 1.000000 5
9229 1.000000 4
9233 -1.000000 4
9238 0.000000 5
9242 1.000000 4
9245 1.000000 3
9248 1.000000 3
9252 -1.000000 4
9256 -1.000000 4
9260 1.000000 4
9263 -1.000000 3
9267 1.000000 4
9272 1.000000 5
9277 1.000000 5
9282 1.000000 5
9287 1.000000 5
9291 -1.000000 4
9295 -1.000000 4
9299 1.000000 4
9303 -1.000000 4
9307 1.000000 4
9312 1.000000 5
9315 -1.000000 3
9320 1.000000 5
9325 1.000000 5
9328 -1.000000 3
9331 -1.000000 3
9335 1.000000 4
9338 -1.000000 3
9342 -1.000000 4
9346 -1.000000 4
9349 -1.000000 3
9353 1.000000 4
9357 -1.000000 4
9362 1.000000 5
9367 1.000000 5
9371 1.000000 4
9375 1.000000 4
9378 -1.000000 3
9382 1.000000 4
9386 1.000000 4
9391 0.000000 5
9395 -1.000000 4
9399 1.000000 4
9404 1.000000 5
9408 -1.000000 4
9412 -1.000000 4
9416 -1.000000 4
9420 -1.000000 4
9425 1.000000 5
9429 -1.000000 4
9433 1.000000 4
9437 1.000000 4
9442 0.000000 5
9447 1.000000 5
9452 1.000000 5
9457 1.000000 5
9461 -1.000000 4
9466 1.000000 5
9471 1.000000 5
9476 1.000000 5
9480 1.000000 4
9485 1.000000 5
9489 1.000000 4
9493 1.000000 4
9497 1.000000 4
9502 1.000000 5
9506 -1.000000 4
9509 1.000000 3
9513 -1.000000 4
9516 1.000000 3
9520 1.000000 4
9525 1.000000 5
9529 -1.000000 4
9533 -1.000000 4
9538 0.000000 5
9543 0.000000 5
9548 1.000000 5
9552 1.000000 4
9556 -1.000000 4
9560 -1.000000 4
9564 1.000000 4
9568 -1.000000 4
9572 -1.000000 4
9576 1.000000 4
9579 -1.000000 3
9583 1.000000 4
9587 -1.000000 4
9591 1.000000 4
9596 0.000000 5
9601 1.000000 5
9605 -1.000000 4
9609 1.000000 4
9613 1.000000 4
9617 -1.000000 4
9621 -1.000000 4
9626 1.000000 5
9630 -1.000000 4
9635 1.000000 5
9639 1.000000 4
9643 1.000000 4
9648 1.000000 5
9653 1.000000 5
9658 1.000000 5
9663 1.000000 5
9668 0.000000 5
9672 1.000000 4
9676 1.000000 4
9679 1.000000 3
9684 1.000000 5
9688 1.000000 4
9692 -1.000000 4
9696 1.000000 4
9700 1.000000 4
9704 -1.000000 4
9708 1.000000 4
9713 0.000000 5
9717 -1.000000 4
9721 1.000000 4
9726 1.000000 5
9730 1.000000 4
9734 1.000000 4
9738 -1.000000 4
9743 1.000000 5
9746 1.000000 3
9751 1.000000 5
9756 1.000000 5
9761 1.000000 5
9766 1.000000 5
9769 1.000000 3
9773 -1.000000 4
9778 0.000000 5
9782 1.000000 4
9786 -1.000000 4
9790 1.000000 4
9794 1.000000 4
9798 -1.000000 4
9803 1.000000 5
9806 1.000000 3
9811 1.000000 5
9814 1.000000 3
9819 1.000000 5
9824 0.000000 5
9827 1.000000 3
9832 0.000000 5
9837 1.000000 5
9841 1.000000 4
9845 1.000000 4
9848 1.000000 3
9852 -1.000000 4
9856 -1.000000 4
9860 -1.000000 4
9864 1.000000 4
9867 1.000000 3
9872 1.000000 5
9876 -1.000000 4
9880 -1.000000 4
9885 0.000000 5
9890 0.000000 5
9895 1.000000 5
9899 -1.000000 4
9903 1.000000 4
9908 1.000000 5
9913 0.000000 5
9917 -1.000000 4
9920 -1.000000 3
9924 1.000000 4
9928 1.000000 4
9932 1.000000 4
9936 1.000000 4
9939 1.000000 3
9943 1.000000 4
9946 1.000000 3
9950 -1.000000 4
9955 1.000000 5
9960 0.000000 5
9965 0.000000 5
9969 -1.000000 4
9973 1.000000 4
9977 -1.000000 4
9981 -1.000000 4
9984 -1.000000 3
9988 1.000000 4
9992 1.000000 4
9997 1.000000 5
10002 1.000000 5
10005 1.000000 3
10008 1.000000 3
10011 1.000000 3
10014 1.000000 3
10017 1.000000 3
10020 1.000000 3
10023 1.000000 3
10026 1.000000 3
10029 1.000000 3
10032 1.000000 3
10035 1.000000 3
10040 0.000000 5
10043 1.000000 3
10047 1.000000 4
10050 1.000000 3
10053 1.000000 3
10056 1.000000 3
10059 1.000000 3
10062 1.000000 3
10066 1.000000 4
10069 1.000000 3
10072 1.000000 3
10076 -1.000000 4
10079 1.000000 3
10082 1.000000 3
10085 1.000000 3
10088 1.000000 3
10092 1.000000 4
10095 1.000000 3
10098 1.000000 3
10101 1.000000 3
10105 1.000000 4
10108 1.000000 3
10111 -1.000000 3
10114 1.000000 3
10117 1.000000 3
10120 1.000000 3
10123 1.000000 3
10126 1.000000 3
10129 1.000000 3
10133 1.000000 4
10137 1.000000 4
10140 1.000000 3
10144 1.000000 4
10147 1.000000 3
10151 1.000000 4
10156 1.000000 5
10160 1.000000 4
10163 1.000000 3
10167 1.000000 4
10170 1.000000 3
10174 1.000000 4
10177 1.000000 3
10181 1.000000 4
10184 1.000000 3
10187 1.000000 3
10190 1.000000 3
10194 1.000000 4
10197 1.000000 3
10201 1.000000 4
10205 1.000000 4
10208 1.000000 3
10211 1.000000 3
10214 1.000000 3
10217 1.000000 3
10220 1.000000 3
10224 1.000000 4
10227 1.000000 3
10230 1.000000 3
10233 1.000000 3
10236 -1.000000 3
10239 1.000000 3
10243 1.000000 4
10246 1.000000 3
10249 1.000000 3
10253 1.000000 4
10256 1.000000 3
10259 1.000000 3
10263 1.000000 4
10266 1.000000 3
10269 1.000000 3
10273 1.000000 4
10276 1.000000 3
10279 1.000000 3
10282 1.000000 3
10285 1.000000 3
10288 1.000000 3
10292 -1.000000 4
10295 1.000000 3
10298 1.000000 3
10301 1.000000 3
10305 1.000000 4
10308 1.000000 3
10311 -1.000000 3
10314 1.000000 3
10317 1.000000 3
10322 0.000000 5
10325 1.000000 3
10328 1.000000 3
10331 1.000000 3
10334 1.000000 3
10337 1.000000 3
10340 1.000000 3
10343 1.000000 3
10347 -1.000000 4
10350 1.000000 3
10353 1.000000 3
10358 1.000000 5
10362 1.000000 4
10365 1.000000 3
10368 -1.000000 3
10371 1.000000 3
10375 1.000000 4
10378 1.000000 3
10382 1.000000 4
10385 1.000000 3
10388 1.000000 3
10391 1.000000 3
10394 -1.000000 3
10397 1.000000 3
10400 1.000000 3
10405 0.000000 5
10408 1.000000 3
10411 1.000000 3
10414 1.000000 3
10417 1.000000 3
10421 1.000000 4
10424 1.000000 3
10427 1.000000 3
10430 1.000000 3
10433 1.000000 3
10437 1.000000 4
10440 1.000000 3
10443 1.000000 3
10446 1.000000 3
10449 1.000000 3
10452 1.000000 3
10455 1.000000 3
10459 1.000000 4
10462 1.000000 3
10465 1.000000 3
10468 1.000000 3
10471 1.000000 3
10476 0.000000 5
10479 -1.000000 3
10482 1.000000 3
10486 1.000000 4
10489 1.000000 3
10494 1.000000 5
10497 1.000000 3
10500 -1.000000 3
10503 1.000000 3
10506 1.000000 3
10510 1.000000 4
10513 1.000000 3
10516 -1.000000 3
10520 1.000000 4
10523 1.000000 3
10526 1.000000 3
10529 1.000000 3
10534 0.000000 5
10539 1.000000 5
10542 1.000000 3
10545 1.000000 3
10548 1.000000 3
10551 1.000000 3
10554 1.000000 3
10557 1.000000 3
10561 1.000000 4
10564 1.000000 3
10567 1.000000 3
10571 -1.000000 4
10574 1.000000 3
10578 1.000000 4
10581 -1.000000 3
10584 1.000000 3
10587 1.000000 3
10590 1.000000 3
10593 1.000000 3
10597 1.000000 4
10602 0.000000 5
10606 -1.000000 4
10609 1.000000 3
10612 -1.000000 3
10615 1.000000 3
10619 1.000000 4
10622 1.000000 3
10625 1.000000 3
10628 1.000000 3
10631 1.000000 3
10634 1.000000 3
10637 1.000000 3
10640 1.000000 3
10643 1.000000 3
10646 1.000000 3
10649 1.000000 3
10653 1.000000 4
10657 -1.000000 4
10660 1.000000 3
10664 1.000000 4
10667 1.000000 3
10670 1.000000 3
10675 0.000000 5
10679 1.000000 4
10682 1.000000 3
10686 -1.000000 4
10689 1.000000 3
10694 0.000000 5
10698 1.000000 4
10702 1.000000 4
10706 1.000000 4
10711 0.000000 5
10715 1.000000 4
10718 1.000000 3
10721 1.000000 3
10724 1.000000 3
10727 1.000000 3
10731 1.000000 4
10734 1.000000 3
10737 1.000000 3
10740 1.000000 3
10744 1.000000 4
10747 1.000000 3
10750 1.000000 3
10754 1.000000 4
10758 1.000000 4
10761 1.000000 3
10764 1.000000 3
10767 1.000000 3
10770 1.000000 3
10773 1.000000 3
10776 1.000000 3
10779 1.000000 3
10783 1.000000 4
10786 1.000000 3
10791 0.000000 5
10795 1.000000 4
10798 -1.000000 3
10803 0.000000 5
10806 1.000000 3
10809 1.000000 3
10813 1.000000 4
10816 1.000000 3
10819 1.000000 3
10822 1.000000 3
10825 1.000000 3
10829 1.000000 4
10832 1.000000 3
10835 1.000000 3
10839 1.000000 4
10842 -1.000000 3
10845 1.000000 3
10848 1.000000 3
10851 1.000000 3
10854 -1.000000 3
10858 1.000000 4
10862 1.000000 4
10865 1.000000 3
10868 1.000000 3
10871 1.000000 3
10876 0.000000 5
10880 1.000000 4
10884 1.000000 4
10887 1.000000 3
10891 1.000000 4
10894 1.000000 3
10898 1.000000 4
10901 1.000000 3
10904 1.000000 3
10907 1.000000 3
10910 -1.000000 3
10913 1.000000 3
10916 -1.000000 3
10919 1.000000 3
10922 1.000000 3
10925 1.000000 3
10928 1.000000 3
10931 1.000000 3
10935 -1.000000 4
10939 1.000000 4
10942 1.000000 3
10945 1.000000 3
10948 1.000000 3
10951 1.000000 3
10955 1.000000 4
10958 1.000000 3
10963 0.000000 5
10966 1.000000 3
10969 1.000000 3
10973 1.000000 4
10978 1.000000 5
10981 1.000000 3
10984 1.000000 3
10987 1.000000 3
10991 1.000000 4
10995 1.000000 4
10999 1.000000 4
11002 1.000000 3
11007 1.000000 5
11012 1.000000 5
11017 1.000000 5
11021 1.000000 4
11024 -1.000000 3
11029 0.000000 5
11033 1.000000 4
11038 1.000000 5
11042 -1.000000 4
11047 1.000000 5
11051 1.000000 4
11055 -1.000000 4
11060 0.000000 5
11063 -1.000000 3
11067 -1.000000 4
11071 1.000000 4
11075 1.000000 4
11080 0.000000 5
11084 -1.000000 4
11089 1.000000 5
11093 1.000000 4
11098 1.000000 5
11102 1.000000 4
11106 -1.000000 4
11110 1.000000 4
11114 1.000000 4
11119 1.000000 5
11124 0.000000 5
11128 -1.000000 4
11133 1.000000 5
11138 0.000000 5
11143 1.000000 5
11148 0.000000 5
11152 1.000000 4
11157 0.000000 5
11161 -1.000000 4
11165 1.000000 4
11169 -1.000000 4
11173 1.000000 4
11178 1.000000 5
11181 -1.000000 3
11185 1.000000 4
11189 -1.000000 4
11194 1.000000 5
11198 1.000000 4
11202 -1.000000 4
11205 -1.000000 3
11209 -1.000000 4
11212 -1.000000 3
11215 -1.000000 3
11220 0.000000 5
11225 1.000000 5
11230 0.000000 5
11235 0.000000 5
11238 1.000000 3
11242 -1.000000 4
11246 1.000000 4
11250 1.000000 4
11255 1.000000 5
11260 0.000000 5
11265 0.000000 5
11269 -1.000000 4
11273 -1.000000 4
11276 1.000000 3
11281 1.000000 5
11285 1.000000 4
11289 -1.000000 4
11293 1.000000 4
11296 -1.000000 3
11300 -1.000000 4
11303 1.000000 3
11308 1.000000 5
11312 1.000000 4
11316 -1.000000 4
11320 1.000000 4
11325 0.000000 5
11328 1.000000 3
11332 1.000000 4
11337 1.000000 5
11342 1.000000 5
11347 1.000000 5
11351 1.000000 4
11355 1.000000 4
11359 1.000000 4
11363 -1.000000 4
11368 1.000000 5
11373 1.000000 5
11378 1.000000 5
11382 1.000000 4
11386 -1.000000 4
11391 1.000000 5
11396 1.000000 5
11400 1.000000 4
11403 -1.000000 3
11408 0.000000 5
11412 1.000000 4
11415 1.000000 3
11419 -1.000000 4
11423 1.000000 4
11426 1.000000 3
11430 1.000000 4
11434 1.000000 4
11437 -1.000000 3
11441 1.000000 4
11445 1.000000 4
11450 1.000000 5
11455 1.000000 5
11458 -1.000000 3
11462 1.000000 4
11466 1.000000 4
11470 -1.000000 4
11473 -1.000000 3
11477 -1.000000 4
11482 0.000000 5
11486 -1.000000 4
11489 1.000000 3
11493 1.000000 4
11496 1.000000 3
11501 0.000000 5
11504 -1.000000 3
11507 -1.000000 3
11512 1.000000 5
11517 0.000000 5
11522 0.000000 5
11525 -1.000000 3
11529 -1.000000 4
11534 1.000000 5
11539 1.000000 5
11544 1.000000 5
11547 -1.000000 3
11552 0.000000 5
11555 1.000000 3
11559 1.000000 4
11563 1.000000 4
11566 1.000000 3
11570 -1.000000 4
11574 -1.000000 4
11579 1.000000 5
11584 1.000000 5
11588 1.000000 4
11592 1.000000 4
11597 0.000000 5
11602 1.000000 5
11607 0.000000 5
11611 1.000000 4
11615 1.000000 4
11618 1.000000 3
11623 0.000000 5
11628 0.000000 5
11632 1.000000 4
11637 1.000000 5
11641 1.000000 4
11644 -1.000000 3
11648 -1.000000 4
11652 1.000000 4
11655 1.000000 3
11660 1.000000 5
11665 1.000000 5
11669 1.000000 4
11674 0.000000 5
11679 0.000000 5
11683 -1.000000 4
11688 1.000000 5
11692 1.000000 4
11697 0.000000 5
11702 1.000000 5
11707 0.000000 5
11712 1.000000 5
11716 -1.000000 4
11720 -1.000000 4
11724 -1.000000 4
11728 -1.000000 4
11733 1.000000 5
11737 1.000000 4
11740 -1.000000 3
11745 1.000000 5
11750 1.000000 5
11754 1.000000 4
11758 -1.000000 4
11762 -1.000000 4
11766 -1.000000 4
11769 -1.000000 3
11774 0.000000 5
11779 1.000000 5
11782 1.000000 3
11786 1.000000 4
11789 -1.000000 3
11794 1.000000 5
11799 1.000000 5
11803 1.000000 4
11806 -1.000000 3
11811 1.000000 5
11815 -1.000000 4
11819 -1.000000 4
11823 1.000000 4
11828 1.000000 5
11832 1.000000 4
11835 -1.000000 3
11839 1.000000 4
11843 1.000000 4
11847 -1.000000 4
11852 1.000000 5
11857 1.000000 5
11861 -1.000000 4
11866 1.000000 5
11870 1.000000 4
11874 1.000000 4
11877 1.000000 3
11881 -1.000000 4
11886 1.000000 5
11890 1.000000 4
11894 -1.000000 4
11899 0.000000 5
11904 0.000000 5
11908 -1.000000 4
11912 1.000000 4
11915 -1.000000 3
11918 -1.000000 3
11923 1.000000 5
11927 -1.000000 4
11931 1.000000 4
11935 1.000000 4
11939 1.000000 4
11942 1.000000 3
11946 1.000000 4
11949 -1.000000 3
11953 -1.000000 4
11957 -1.000000 4
11960 1.000000 3
11964 -1.000000 4
11968 1.000000 4
11971 1.000000 3
11975 -1.000000 4
11979 1.000000 4
11984 1.000000 5
11987 1.000000 3
11991 -1.000000 4
11996 1.000000 5
11999 -1.000000 3
12003 -1.000000 4
12007 -1.000000 4
12011 1.000000 4
12016 0.000000 5
12020 -1.000000 4
12025 1.000000 5
12030 0.000000 5
12034 1.000000 4
12038 -1.000000 4
12042 1.000000 4
12047 1.000000 5
12051 -1.000000 4
12054 1.000000 3
12057 -1.000000 3
12061 -1.000000 4
12066 0.000000 5
12071 0.000000 5
12075 1.000000 4
12080 1.000000 5
12085 1.000000 5
12090 0.000000 5
12093 1.000000 3
12098 1.000000 5
12103 1.000000 5
12106 -1.000000 3
12110 1.000000 4
12113 1.000000 3
12118 0.000000 5
12123 1.000000 5
12127 -1.000000 4
12131 1.000000 4
12135 1.000000 4
12139 -1.000000 4
12143 1.000000 4
12147 -1.000000 4
12151 1.000000 4
12156 0.000000 5
12160 1.000000 4
12164 1.000000 4
12168 -1.000000 4
12173 1.000000 5
12176 -1.000000 3
12181 1.000000 5
12186 1.000000 5
12191 1.000000 5
12194 -1.000000 3
12197 1.000000 3
12202 0.000000 5
12206 1.000000 4
12210 1.000000 4
12214 1.000000 4
12219 0.000000 5
12223 1.000000 4
12227 -1.000000 4
12231 -1.000000 4
12235 1.000000 4
12240 0.000000 5
12244 1.000000 4
12249 0.000000 5
12254 1.000000 5
12259 1.000000 5
12263 1.000000 4
12267 1.000000 4
12270 1.000000 3
12274 1.000000 4
12279 1.000000 5
12284 1.000000 5
12288 1.000000 4
12293 0.000000 5
12297 -1.000000 4
12301 1.000000 4
12305 1.000000 4
12310 1.000000 5
12314 -1.000000 4
12317 -1.000000 3
12322 1.000000 5
12325 1.000000 3
12329 1.000000 4
12334 1.000000 5
12337 -1.000000 3
12341 -1.000000 4
12345 1.000000 4
12350 1.000000 5
12353 1.000000 3
12358 1.000000 5
12363 1.000000 5
12367 1.000000 4
12371 1.000000 4
12375 1.000000 4
12379 1.000000 4
12383 1.000000 4
12387 1.000000 4
12390 -1.000000 3
12394 1.000000 4
12399 1.000000 5
12403 1.000000 4
12407 -1.000000 4
12411 1.000000 4
12416 1.000000 5
12421 1.000000 5
12425 1.000000 4
12429 1.000000 4
12434 1.000000 5
12438 -1.000000 4
12442 1.000000 4
12446 1.000000 4
12451 1.000000 5
12456 0.000000 5
12460 -1.000000 4
12464 -1.000000 4
12468 -1.000000 4
12473 1.000000 5
12477 -1.000000 4
12482 0.000000 5
12486 -1.000000 4
12491 1.000000 5
12496 1.000000 5
12500 1.000000 4
12505 1.000000 5
12510 0.000000 5
12514 -1.000000 4
12518 -1.000000 4
12522 -1.000000 4
12525 -1.000000 3
12529 1.000000 4
12533 -1.000000 4
12538 0.000000 5
12541 -1.000000 3
12546 0.000000 5
12550 1.000000 4
12554 1.000000 4
12558 1.000000 4
12562 1.000000 4
12566 1.000000 4
12569 -1.000000 3
12572 1.000000 3
12576 1.000000 4
12581 0.000000 5
12585 -1.000000 4
12590 1.000000 5
12594 -1.000000 4
12599 1.000000 5
12604 1.000000 5
12608 1.000000 4
12611 -1.000000 3
12616 1.000000 5
12620 1.000000 4
12624 -1.000000 4
12629 0.000000 5
12634 0.000000 5
12637 -1.000000 3
12640 1.000000 3
12644 1.000000 4
12647 1.000000 3
12652 1.000000 5
12655 -1.000000 3
12659 -1.000000 4
12663 1.000000 4
12668 1.000000 5
12671 -1.000000 3
12675 -1.000000 4
12680 1.000000 5
12685 1.000000 5
12688 1.000000 3
12693 0.000000 5
12696 1.000000 3
12699 -1.000000 3
12704 1.000000 5
12709 1.000000 5
12713 1.000000 4
12718 0.000000 5
12721 1.000000 3
12725 1.000000 4
12730 1.000000 5
12734 1.000000 4
12738 -1.000000 4
12741 -1.000000 3
12745 -1.000000 4
12748 -1.000000 3
12753 1.000000 5
12757 1.000000 4
12762 1.000000 5
12765 1.000000 3
12770 1.000000 5
12774 1.000000 4
12779 1.000000 5
12783 1.000000 4
12788 0.000000 5
12791 1.000000 3
12795 1.000000 4
12799 -1.000000 4
12803 1.000000 4
12808 1.000000 5
12811 1.000000 3
12814 1.000000 3
12818 1.000000 4
12823 0.000000 5
12828 1.000000 5
12833 0.000000 5
12838 1.000000 5
12842 1.000000 4
12845 1.000000 3
12849 1.000000 4
12853 -1.000000 4
12857 1.000000 4
12861 1.000000 4
12866 0.000000 5
12869 -1.000000 3
12873 -1.000000 4
12878 0.000000 5
12881 1.000000 3
12885 -1.000000 4
12890 1.000000 5
12895 0.000000 5
12900 1.000000 5
12904 1.000000 4
12908 -1.000000 4
12912 -1.000000 4
12917 0.000000 5
12922 1.000000 5
12927 1.000000 5
12932 1.000000 5
12937 0.000000 5
12942 1.000000 5
12946 1.000000 4
12949 -1.000000 3
12954 0.000000 5
12957 -1.000000 3
12960 -1.000000 3
12964 -1.000000 4
12967 1.000000 3
12970 -1.000000 3
12973 1.000000 3
12977 -1.000000 4
12980 1.000000 3
12983 1.000000 3
12987 1.000000 4
12992 1.000000 5
12995 1.000000 3
12999 1.000000 4
13004 1.000000 5
13007 -1.000000 3
13012 0.000000 5
13016 -1.000000 4
13021 0.000000 5
13025 1.000000 4
13029 1.000000 4
13034 0.000000 5
13037 1.000000 3
13042 0.000000 5
13046 1.000000 4
13050 -1.000000 4
13054 1.000000 4
13059 1.000000 5
13063 1.000000 4
13068 0.000000 5
13072 1.000000 4
13076 -1.000000 4
13080 -1.000000 4
13085 1.000000 5
13088 -1.000000 3
13093 0.000000 5
13098 1.000000 5
13103 1.000000 5
13106 1.000000 3
13110 1.000000 4
13115 1.000000 5
13119 -1.000000 4
13122 -1.000000 3
13126 1.000000 4
13131 0.000000 5
13134 -1.000000 3
13138 -1.000000 4
13142 -1.000000 4
13147 1.000000 5
13150 -1.000000 3
13154 1.000000 4
13157 -1.000000 3
13161 1.000000 4
13166 1.000000 5
13169 -1.000000 3
13173 -1.000000 4
13177 1.000000 4
13182 1.000000 5
13186 -1.000000 4
13190 1.000000 4
13193 1.000000 3
13198 1.000000 5
13202 1.000000 4
13207 0.000000 5
13212 0.000000 5
13217 1.000000 5
13222 1.000000 5
13227 1.000000 5
13230 1.000000 3
13234 -1.000000 4
13238 1.000000 4
13242 -1.000000 4
13246 1.000000 4
13251 1.000000 5
13255 -1.000000 4
13259 -1.000000 4
13263 -1.000000 4
13268 1.000000 5
13271 1.000000 3
13275 1.000000 4
13280 1.000000 5
13284 1.000000 4
13288 1.000000 4
13291 -1.000000 3
13296 1.000000 5
13300 -1.000000 4
13303 -1.000000 3
13306 1.000000 3
13311 1.000000 5
13316 1.000000 5
13321 1.000000 5
13325 -1.000000 4
13330 1.000000 5
13335 0.000000 5
13339 1.000000 4
13344 1.000000 5
13347 -1.000000 3
13351 -1.000000 4
13355 -1.000000 4
13360 1.000000 5
13365 0.000000 5
13369 1.000000 4
13373 -1.000000 4
13378 1.000000 5
13382 -1.000000 4
13385 1.000000 3
13389 1.000000 4
13392 1.000000 3
13396 -1.000000 4
13401 1.000000 5
13404 1.000000 3
13408 -1.000000 4
13412 1.000000 4
13416 1.000000 4
13420 -1.000000 4
13424 -1.000000 4
13428 1.000000 4
13432 -1.000000 4
13436 1.000000 4
13441 0.000000 5
13445 -1.000000 4
13448 1.000000 3
13452 1.000000 4
13455 -1.000000 3
13459 -1.000000 4
13464 0.000000 5
13469 1.000000 5
13474 0.000000 5
13479 1.000000 5
13484 0.000000 5
13488 -1.000000 4
13492 -1.000000 4
13496 -1.000000 4
13501 0.000000 5
13505 1.000000 4
13509 1.000000 4
13514 0.000000 5
13517 -1.000000 3
13522 0.000000 5
13527 1.000000 5
13531 -1.000000 4
13536 1.000000 5
13540 1.000000 4
13545 1.000000 5
13549 1.000000 4
13554 1.000000 5
13559 1.000000 5
13563 1.000000 4
13567 1.000000 4
13572 1.000000 5
13576 1.000000 4
13580 1.000000 4
13584 -1.000000 4
13588 1.000000 4
13591 -1.000000 3
13595 1.000000 4
13599 -1.000000 4
13603 1.000000 4
13608 0.000000 5
13612 1.000000 4
13615 -1.000000 3
13619 1.000000 4
13623 1.000000 4
13627 -1.000000 4
13631 1.000000 4
13636 0.000000 5
13641 1.000000 5
13645 1.000000 4
13649 1.000000 4
13652 1.000000 3
13656 -1.000000 4
13660 1.000000 4
13663 1.000000 3
13668 1.000000 5
13673 1.000000 5
13677 -1.000000 4
13681 1.000000 4
13685 -1.000000 4
13689 -1.000000 4
13693 -1.000000 4
13697 1.000000 4
13701 -1.000000 4
13704 -1.000000 3
13708 1.000000 4
13712 -1.000000 4
13715 -1.000000 3
13718 -1.000000 3
13723 0.000000 5
13728 0.000000 5
13732 1.000000 4
13736 -1.000000 4
13739 1.000000 3
13742 1.000000 3
13746 -1.000000 4
13750 -1.000000 4
13754 1.000000 4
13758 1.000000 4
13763 1.000000 5
13768 0.000000 5
13772 1.000000 4
13775 1.000000 3
13779 1.000000 4
13784 1.000000 5
13789 1.000000 5
13794 1.000000 5
13798 1.000000 4
13801 1.000000 3
13805 1.000000 4
13810 1.000000 5
13815 1.000000 5
13818 -1.000000 3
13823 1.000000 5
13827 -1.000000 4
13831 1.000000 4
13835 1.000000 4
13840 0.000000 5
13845 1.000000 5
13850 1.000000 5
13853 1.000000 3
13857 1.000000 4
13861 1.000000 4
13865 1.000000 4
13870 1.000000 5
13875 0.000000 5
13879 1.000000 4
13883 1.000000 4
13888 1.000000 5
13891 1.000000 3
13895 1.000000 4
13900 1.000000 5
13904 1.000000 4
13909 1.000000 5
13913 1.000000 4
13918 1.000000 5
13923 1.000000 5
13927 -1.000000 4
13932 0.000000 5
13935 1.000000 3
13939 -1.000000 4
13943 1.000000 4
13948 1.000000 5
13953 0.000000 5
13956 -1.000000 3
13961 1.000000 5
13964 -1.000000 3
13968 1.000000 4
13972 1.000000 4
13976 1.000000 4
13980 1.000000 4
13984 -1.000000 4
13989 1.000000 5
13993 -1.000000 4
13998 1.000000 5
14002 1.000000 4
14005 -1.000000 3
14009 -1.000000 4
14012 -1.000000 3
14016 1.000000 4
14021 1.000000 5
14026 1.000000 5
14030 1.000000 4
14035 1.000000 5
14040 1.000000 5
14045 1.000000 5
14050 0.000000 5
14054 -1.000000 4
14058 -1.000000 4
14063 1.000000 5
14067 1.000000 4
14070 -1.000000 3
14074 -1.000000 4
14079 1.000000 5
14084 1.000000 5
14088 -1.000000 4
14092 1.000000 4
14096 -1.000000 4
14101 0.000000 5
14104 1.000000 3
14109 1.000000 5
14112 1.000000 3
14117 0.000000 5
14122 1.000000 5
14127 0.000000 5
14132 0.000000 5
14136 -1.000000 4
14140 -1.000000 4
14145 0.000000 5
14149 -1.000000 4
14153 1.000000 4
14157 1.000000 4
14160 1.000000 3
14165 1.000000 5
14169 -1.000000 4
14174 1.000000 5
14179 0.000000 5
14183 -1.000000 4
14187 -1.000000 4
14192 0.000000 5
14197 0.000000 5
14201 1.000000 4
14205 1.000000 4
14209 1.000000 4
14212 -1.000000 3
14217 1.000000 5
14222 1.000000 5
14227 1.000000 5
14231 -1.000000 4
14236 1.000000 5
14240 -1.000000 4
14244 1.000000 4
14247 1.000000 3
14250 1.000000 3
14254 -1.000000 4
14257 -1.000000 3
14262 0.000000 5
14267 1.000000 5
14272 1.000000 5
14276 1.000000 4
14281 0.000000 5
14285 -1.000000 4
14290 1.000000 5
14294 1.000000 4
14298 1.000000 4
14302 -1.000000 4
14306 1.000000 4
14310 -1.000000 4
14314 -1.000000 4
14319 0.000000 5
14324 1.000000 5
14329 1.000000 5
14333 1.000000 4
14338 1.000000 5
14342 1.000000 4
14346 1.000000 4
14349 1.000000 3
14353 1.000000 4
14357 -1.000000 4
14362 1.000000 5
14366 -1.000000 4
14370 -1.000000 4
14374 1.000000 4
14379 0.000000 5
14384 1.000000 5
14389 1.000000 5
14393 1.000000 4
14398 1.000000 5
14402 1.000000 4
14406 -1.000000 4
14410 1.000000 4
14413 1.000000 3
14418 1.000000 5
14423 0.000000 5
14428 1.000000 5
14432 -1.000000 4
14436 1.000000 4
14441 0.000000 5
14444 1.000000 3
14447 -1.000000 3
14452 0.000000 5
14457 0.000000 5
14461 1.000000 4
14466 1.000000 5
14470 -1.000000 4
14473 -1.000000 3
14476 -1.000000 3
14480 -1.000000 4
14484 1.000000 4
14488 1.000000 4
14492 -1.000000 4
14495 -1.000000 3
14498 1.000000 3
14502 1.000000 4
14507 0.000000 5
14511 -1.000000 4
14514 1.000000 3
14519 1.000000 5
14523 -1.000000 4
14527 -1.000000 4
14531 -1.000000 4
14535 1.000000 4
14538 -1.000000 3
14542 -1.000000 4
14547 1.000000 5
14552 0.000000 5
14557 1.000000 5
14562 1.000000 5
14567 0.000000 5
14571 -1.000000 4
14574 -1.000000 3
14577 1.000000 3
14581 -1.000000 4
14585 1.000000 4
14589 -1.000000 4
14593 1.000000 4
14597 -1.000000 4
14602 0.000000 5
14607 0.000000 5
14610 -1.000000 3
14615 1.000000 5
14620 1.000000 5
14624 -1.000000 4
14627 -1.000000 3
14631 -1.000000 4
14635 1.000000 4
14639 -1.000000 4
14643 1.000000 4
14646 1.000000 3
14650 1.000000 4
14655 1.000000 5
14660 1.000000 5
14664 -1.000000 4
14667 1.000000 3
14670 -1.000000 3
14675 1.000000 5
14678 -1.000000 3
14683 1.000000 5
14686 -1.000000 3
14691 1.000000 5
14695 -1.000000 4
14699 1.000000 4
14704 1.000000 5
14709 1.000000 5
14713 1.000000 4
14717 1.000000 4
14721 1.000000 4
14726 1.000000 5
14730 -1.000000 4
14735 1.000000 5
14739 -1.000000 4
14743 1.000000 4
14748 0.000000 5
14751 1.000000 3
14755 -1.000000 4
14760 1.000000 5
14763 -1.000000 3
14767 -1.000000 4
14771 -1.000000 4
14774 1.000000 3
14777 1.000000 3
14782 0.000000 5
14786 -1.000000 4
14791 0.000000 5
14796 1.000000 5
14800 1.000000 4
14805 1.000000 5
14810 1.000000 5
14815 0.000000 5
14820 1.000000 5
14825 1.000000 5
14830 1.000000 5
14835 1.000000 5
14840 1.000000 5
14843 -1.000000 3
14848 1.000000 5
14852 1.000000 4
14856 1.000000 4
14859 1.000000 3
14863 1.000000 4
14867 -1.000000 4
14872 1.000000 5
14875 1.000000 3
14879 -1.000000 4
14883 -1.000000 4
14886 -1.000000 3
14891 1.000000 5
14895 -1.000000 4
14898 -1.000000 3
14903 1.000000 5
14908 1.000000 5
14913 1.000000 5
14918 1.000000 5
14922 1.000000 4
14926 -1.000000 4
14931 0.000000 5
14936 1.000000 5
14940 1.000000 4
14945 1.000000 5
14949 1.000000 4
14953 1.000000 4
14956 -1.000000 3
14960 1.000000 4
14963 1.000000 3
14967 1.000000 4
14970 1.000000 3
14975 0.000000 5
14978 1.000000 3
14982 -1.000000 4
14986 1.000000 4
14991 0.000000 5
14996 1.000000 5
15000 1.000000 4
15005 1.000000 5
15009 1.000000 4
15013 1.000000 4
15018 1.000000 5
15022 1.000000 4
15027 1.000000 5
15031 1.000000 4
15034 1.000000 3
15038 1.000000 4
15041 1.000000 3
15045 1.000000 4
15050 1.000000 5
15055 0.000000 5
15060 1.000000 5
15063 1.000000 3
15066 -1.000000 3
15070 1.000000 4
15073 -1.000000 3
15078 0.000000 5
15082 1.000000 4
15087 1.000000 5
15090 -1.000000 3
15094 1.000000 4
15099 1.000000 5
15103 1.000000 4
15106 -1.000000 3
15111 1.000000 5
15115 1.000000 4
15120 0.000000 5
15125 1.000000 5
15128 1.000000 3
15131 -1.000000 3
15134 1.000000 3
15139 1.000000 5
15142 1.000000 3
15147 1.000000 5
15152 0.000000 5
15156 -1.000000 4
15160 1.000000 4
15164 1.000000 4
15167 -1.000000 3
15171 -1.000000 4
15175 -1.000000 4
15178 -1.000000 3
15182 -1.000000 4
15186 -1.000000 4
15190 -1.000000 4
15194 -1.000000 4
15197 1.000000 3
15200 -1.000000 3
15204 1.000000 4
15209 0.000000 5
15214 1.000000 5
15218 1.000000 4
15222 -1.000000 4
15226 1.000000 4
15230 1.000000 4
15234 -1.000000 4
15237 -1.000000 3
15241 -1.000000 4
15246 1.000000 5
15251 1.000000 5
15255 1.000000 4
15260 1.000000 5
15264 -1.000000 4
15269 0.000000 5
15272 -1.000000 3
15275 1.000000 3
15278 -1.000000 3
15282 1.000000 4
15287 1.000000 5
15291 1.000000 4
15296 0.000000 5
15300 1.000000 4
15304 1.000000 4
15309 1.000000 5
15313 -1.000000 4
15317 1.000000 4
15321 1.000000 4
15325 1.000000 4
15329 -1.000000 4
15333 -1.000000 4
15338 0.000000 5
15342 1.000000 4
15347 0.000000 5
15351 1.000000 4
15356 1.000000 5
15360 1.000000 4
15363 1.000000 3
15368 1.000000 5
15372 -1.000000 4
15377 1.000000 5
15381 1.000000 4
15384 -1.000000 3
15388 1.000000 4
15392 -1.000000 4
15396 1.000000 4
15400 1.000000 4
15403 1.000000 3
15408 1.000000 5
15412 -1.000000 4
15417 0.000000 5
15422 0.000000 5
15427 0.000000 5
15430 1.000000 3
15434 1.000000 4
15437 -1.000000 3
15442 1.000000 5
15445 -1.000000 3
15450 1.000000 5
15455 0.000000 5
15459 -1.000000 4
15464 1.000000 5
15468 1.000000 4
15471 1.000000 3
15474 -1.000000 3
15478 1.000000 4
15481 -1.000000 3
15485 1.000000 4
15490 0.000000 5
15494 1.000000 4
15498 1.000000 4
15503 1.000000 5
15508 1.000000 5
15512 1.000000 4
15517 0.000000 5
15522 0.000000 5
15525 -1.000000 3
15529 1.000000 4
15532 1.000000 3
15536 -1.000000 4
15539 1.000000 3
15544 1.000000 5
15547 1.000000 3
15552 1.000000 5
15557 1.000000 5
15562 0.000000 5
15566 -1.000000 4
15571 1.000000 5
15574 1.000000 3
15579 1.000000 5
15583 -1.000000 4
15587 -1.000000 4
15591 1.000000 4
15595 -1.000000 4
15598 1.000000 3
15602 1.000000 4
15606 1.000000 4
15611 1.000000 5
15616 1.000000 5
15619 -1.000000 3
15623 1.000000 4
15627 -1.000000 4
15632 1.000000 5
15636 1.000000 4
15639 -1.000000 3
15642 -1.000000 3
15647 1.000000 5
15652 1.000000 5
15657 1.000000 5
15661 1.000000 4
15665 1.000000 4
15670 1.000000 5
15674 -1.000000 4
15678 1.000000 4
15682 1.000000 4
15686 1.000000 4
15690 -1.000000 4
15695 1.000000 5
15699 -1.000000 4
15704 0.000000 5
15708 -1.000000 4
15713 0.000000 5
15718 1.000000 5
15721 1.000000 3
15725 1.000000 4
15728 -1.000000 3
15733 0.000000 5
15738 1.000000 5
15742 1.000000 4
15746 1.000000 4
15750 -1.000000 4
15753 -1.000000 3
15756 1.000000 3
15761 1.000000 5
15766 1.000000 5
15771 0.000000 5
15775 -1.000000 4
15779 -1.000000 4
15782 1.000000 3
15787 1.000000 5
15791 1.000000 4
15795 1.000000 4
15798 -1.000000 3
15801 -1.000000 3
15806 0.000000 5
15809 1.000000 3
15813 1.000000 4
15817 1.000000 4
15821 1.000000 4
15826 1.000000 5
15831 1.000000 5
15835 -1.000000 4
15840 1.000000 5
15844 1.000000 4
15849 0.000000 5
15852 -1.000000 3
15857 1.000000 5
15862 0.000000 5
15867 1.000000 5
15871 1.000000 4
15874 1.000000 3
15877 -1.000000 3
15881 1.000000 4
15884 1.000000 3
15889 0.000000 5
15894 1.000000 5
15899 1.000000 5
15904 1.000000 5
15908 -1.000000 4
15911 1.000000 3
15916 1.000000 5
15921 1.000000 5
15926 1.000000 5
15929 1.000000 3
15933 -1.000000 4
15937 1.000000 4
15942 1.000000 5
15945 -1.000000 3
15949 -1.000000 4
15952 1.000000 3
15955 1.000000 3
15959 -1.000000 4
15964 0.000000 5
15967 1.000000 3
15972 1.000000 5
15976 1.000000 4
15980 1.000000 4
15984 -1.000000 4
15988 -1.000000 4
15992 1.000000 4
15997 0.000000 5
16000 1.000000 3
16004 1.000000 4
16009 0.000000 5
16014 1.000000 5
16019 1.000000 5
16024 0.000000 5
16027 1.000000 3
16032 1.000000 5
16037 0.000000 5
16042 0.000000 5
16045 1.000000 3
16049 1.000000 4
16054 1.000000 5
16057 -1.000000 3
16061 1.000000 4
16065 -1.000000 4
16069 1.000000 4
16074 1.000000 5
16078 1.000000 4
16082 1.000000 4
16086 1.000000 4
16090 -1.000000 4
16094 -1.000000 4
16099 1.000000 5
16103 1.000000 4
16108 0.000000 5
16112 1.000000 4
16116 1.000000 4
16119 1.000000 3
16123 -1.000000 4
16128 1.000000 5
16133 1.000000 5
16137 -1.000000 4
16141 -1.000000 4
16145 -1.000000 4
16150 0.000000 5
16154 -1.000000 4
16159 0.000000 5
16163 1.000000 4
16167 -1.000000 4
16171 1.000000 4
16175 -1.000000 4
16178 1.000000 3
16183 1.000000 5
16186 -1.000000 3
16191 1.000000 5
16196 0.000000 5
16201 1.000000 5
16205 -1.000000 4
16210 0.000000 5
16215 1.000000 5
16219 1.000000 4
16223 1.000000 4
16228 1.000000 5
16232 1.000000 4
16236 1.000000 4
16241 1.000000 5
16246 1.000000 5
16249 -1.000000 3
16252 -1.000000 3
16255 -1.000000 3
16259 1.000000 4
16264 1.000000 5
16268 -1.000000 4
16273 1.000000 5
16278 1.000000 5
16282 1.000000 4
16286 1.000000 4
16290 1.000000 4
16294 -1.000000 4
16298 1.000000 4
16302 1.000000 4
16307 0.000000 5
16312 1.000000 5
16317 1.000000 5
16322 0.000000 5
16326 -1.000000 4
16330 1.000000 4
16334 1.000000 4
16337 1.000000 3
16341 -1.000000 4
16344 1.000000 3
16348 1.000000 4
16352 -1.000000 4
16357 1.000000 5
16361 -1.000000 4
16366 1.000000 5
16370 -1.000000 4
16375 1.000000 5
16380 1.000000 5
16384 -1.000000 4
16387 -1.000000 3
16392 1.000000 5
16396 1.000000 4
16401 1.000000 5
16406 0.000000 5
16411 1.000000 5
16415 -1.000000 4
16419 -1.000000 4
16422 1.000000 3
16427 0.000000 5
16432 0.000000 5
16436 1.000000 4
16440 1.000000 4
16444 -1.000000 4
16449 1.000000 5
16454 1.000000 5
16459 1.000000 5
16464 0.000000 5
16469 1.000000 5
16473 1.000000 4
16476 1.000000 3
16480 1.000000 4
16485 0.000000 5
16490 0.000000 5
16493 -1.000000 3
16498 1.000000 5
16502 1.000000 4
16507 1.000000 5
16511 1.000000 4
16516 1.000000 5
16520 1.000000 4
16525 1.000000 5
16529 1.000000 4
16534 1.000000 5
16539 1.000000 5
16544 1.000000 5
16548 -1.000000 4
16553 0.000000 5
16556 -1.000000 3
16561 1.000000 5
16566 1.000000 5
16571 0.000000 5
16576 1.000000 5
16581 0.000000 5
16584 1.000000 3
16587 -1.000000 3
16591 -1.000000 4
16594 1.000000 3
16597 -1.000000 3
16601 1.000000 4
16606 0.000000 5
16610 1.000000 4
16615 1.000000 5
16619 1.000000 4
16623 1.000000 4
16627 1.000000 4
16632 1.000000 5
16636 -1.000000 4
16640 -1.000000 4
16643 1.000000 3
16648 1.000000 5
16653 1.000000 5
16658 0.000000 5
16661 1.000000 3
16664 -1.000000 3
16668 1.000000 4
16672 -1.000000 4
16677 1.000000 5
16682 1.000000 5
16687 1.000000 5
16691 -1.000000 4
16696 0.000000 5
16701 1.000000 5
16705 1.000000 4
16708 -1.000000 3
16712 -1.000000 4
16717 0.000000 5
16720 -1.000000 3
16724 1.000000 4
16729 1.000000 5
16734 1.000000 5
16738 -1.000000 4
16742 1.000000 4
16747 0.000000 5
16752 1.000000 5
16755 1.000000 3
16760 1.000000 5
16764 1.000000 4
16769 0.000000 5
16773 1.000000 4
16778 1.000000 5
16783 0.000000 5
16788 1.000000 5
16792 -1.000000 4
16796 1.000000 4
16800 -1.000000 4
16805 0.000000 5
16808 1.000000 3
16811 -1.000000 3
16815 -1.000000 4
16818 -1.000000 3
16823 1.000000 5
16826 -1.000000 3
16831 0.000000 5
16835 1.000000 4
16839 1.000000 4
16843 1.000000 4
16847 -1.000000 4
16850 -1.000000 3
16854 -1.000000 4
16859 1.000000 5
16863 -1.000000 4
16868 1.000000 5
16872 -1.000000 4
16875 -1.000000 3
16880 1.000000 5
16884 1.000000 4
16888 -1.000000 4
16891 -1.000000 3
16896 1.000000 5
16901 1.000000 5
16906 0.000000 5
16910 1.000000 4
16915 0.000000 5
16919 1.000000 4
16922 -1.000000 3
16925 1.000000 3
16929 -1.000000 4
16934 0.000000 5
16938 1.000000 4
16942 1.000000 4
16945 -1.000000 3
16950 1.000000 5
16955 1.000000 5
16958 1.000000 3
16962 1.000000 4
16967 1.000000 5
16970 1.000000 3
16975 0.000000 5
16978 -1.000000 3
16982 1.000000 4
16986 -1.000000 4
16990 1.000000 4
16994 1.000000 4
16998 1.000000 4
17003 1.000000 5
17007 -1.000000 4
17012 1.000000 5
17015 -1.000000 3
17019 1.000000 4
17022 -1.000000 3
17026 1.000000 4
17030 1.000000 4
17035 0.000000 5
17038 1.000000 3
17043 1.000000 5
17046 -1.000000 3
17050 -1.000000 4
17055 1.000000 5
17059 1.000000 4
17063 -1.000000 4
17067 -1.000000 4
17070 1.000000 3
17073 -1.000000 3
17078 0.000000 5
17082 1.000000 4
17086 1.000000 4
17090 1.000000 4
17093 -1.000000 3
17097 -1.000000 4
17101 1.000000 4
17105 1.000000 4
17108 1.000000 3
17112 -1.000000 4
17117 0.000000 5
17120 1.000000 3
17124 -1.000000 4
17129 1.000000 5
17133 -1.000000 4
17137 -1.000000 4
17142 1.000000 5
17146 1.000000 4
17150 1.000000 4
17154 1.000000 4
17159 0.000000 5
17164 0.000000 5
17167 1.000000 3
17171 -1.000000 4
17175 1.000000 4
17178 1.000000 3
17182 1.000000 4
17187 1.000000 5
17191 1.000000 4
17196 0.000000 5
17200 1.000000 4
17204 1.000000 4
17208 1.000000 4
17212 -1.000000 4
17217 1.000000 5
17221 -1.000000 4
17226 0.000000 5
17230 -1.000000 4
17235 1.000000 5
17240 1.000000 5
17244 1.000000 4
17248 1.000000 4
17253 1.000000 5
17258 0.000000 5
17261 -1.000000 3
17265 1.000000 4
17269 1.000000 4
17274 1.000000 5
17278 1.000000 4
17282 1.000000 4
17287 0.000000 5
17292 1.000000 5
17297 0.000000 5
17302 1.000000 5
17306 -1.000000 4
17309 -1.000000 3
17314 1.000000 5
17317 -1.000000 3
17321 -1.000000 4
17326 1.000000 5
17330 -1.000000 4
17334 1.000000 4
17337 -1.000000 3
17342 1.000000 5
17346 1.000000 4
17350 1.000000 4
17355 0.000000 5
17359 1.000000 4
17364 1.000000 5
17369 1.000000 5
17372 1.000000 3
17377 1.000000 5
17380 1.000000 3
17384 1.000000 4
17389 1.000000 5
17394 1.000000 5
17397 1.000000 3
17401 -1.000000 4
17405 -1.000000 4
17410 1.000000 5
17414 -1.000000 4
17418 -1.000000 4
17421 -1.000000 3
17425 -1.000000 4
17429 -1.000000 4
17433 -1.000000 4
17437 1.000000 4
17441 1.000000 4
17445 1.000000 4
17450 1.000000 5
17455 1.000000 5
17460 1.000000 5
17464 -1.000000 4
17469 1.000000 5
17472 -1.000000 3
17477 0.000000 5
17480 1.000000 3
17484 -1.000000 4
17489 1.000000 5
17494 1.000000 5
17497 1.000000 3
17501 1.000000 4
17506 0.000000 5
17509 -1.000000 3
17514 0.000000 5
17519 1.000000 5
17523 -1.000000 4
17527 1.000000 4
17532 1.000000 5
17536 1.000000 4
17541 1.000000 5
17545 1.000000 4
17550 1.000000 5
17555 1.000000 5
17560 1.000000 5
17564 -1.000000 4
17568 1.000000 4
17573 1.000000 5
17578 1.000000 5
17582 1.000000 4
17586 1.000000 4
17591 1.000000 5
17595 -1.000000 4
17599 1.000000 4
17604 0.000000 5
17608 1.000000 4
17611 1.000000 3
17615 -1.000000 4
17619 -1.000000 4
17623 -1.000000 4
17628 0.000000 5
17633 1.000000 5
17637 -1.000000 4
17641 1.000000 4
17646 1.000000 5
17651 0.000000 5
17655 -1.000000 4
17659 1.000000 4
17663 1.000000 4
17668 0.000000 5
17673 1.000000 5
17676 -1.000000 3
17680 -1.000000 4
17684 1.000000 4
17689 0.000000 5
17693 1.000000 4
17697 -1.000000 4
17702 1.000000 5
17706 1.000000 4
17711 0.000000 5
17715 1.000000 4
17720 1.000000 5
17723 1.000000 3
17726 1.000000 3
17730 1.000000 4
17735 1.000000 5
17739 1.000000 4
17743 1.000000 4
17748 1.000000 5
17751 1.000000 3
17755 1.000000 4
17758 -1.000000 3
17762 -1.000000 4
17767 1.000000 5
17771 1.000000 4
17776 0.000000 5
17780 1.000000 4
17784 1.000000 4
17788 -1.000000 4
17793 0.000000 5
17797 -1.000000 4
17801 -1.000000 4
17805 1.000000 4
17810 1.000000 5
17815 1.000000 5
17819 1.000000 4
17823 -1.000000 4
17828 1.000000 5
17832 1.000000 4
17836 -1.000000 4
17840 1.000000 4
17845 1.000000 5
17848 -1.000000 3
17852 -1.000000 4
17857 1.000000 5
17862 1.000000 5
17866 1.000000 4
17870 -1.000000 4
17875 0.000000 5
17880 0.000000 5
17883 -1.000000 3
17887 1.000000 4
17892 1.000000 5
17896 1.000000 4
17899 1.000000 3
17903 -1.000000 4
17906 1.000000 3
17910 1.000000 4
17915 1.000000 5
17918 1.000000 3
17923 0.000000 5
17927 1.000000 4
17932 1.000000 5
17936 -1.000000 4
17939 -1.000000 3
17944 0.000000 5
17949 1.000000 5
17953 -1.000000 4
17956 1.000000 3
17960 -1.000000 4
17963 1.000000 3
17968 1.000000 5
17972 -1.000000 4
17976 1.000000 4
17980 1.000000 4
17985 1.000000 5
17989 -1.000000 4
17994 1.000000 5
17999 0.000000 5
18003 -1.000000 4
18007 -1.000000 4
18012 1.000000 5
18015 -1.000000 3
18018 -1.000000 3
18023 0.000000 5
18026 1.000000 3
18030 1.000000 4
18034 -1.000000 4
18038 1.000000 4
18043 0.000000 5
18047 -1.000000 4
18051 1.000000 4
18054 1.000000 3
18059 0.000000 5
18064 1.000000 5
18069 1.000000 5
18072 -1.000000 3
18076 1.000000 4
18081 0.000000 5
18085 1.000000 4
18088 1.000000 3
18092 1.000000 4
18096 1.000000 4
18100 1.000000 4
18104 -1.000000 4
18109 0.000000 5
18113 1.000000 4
18117 1.000000 4
18121 -1.000000 4
18125 -1.000000 4
18129 1.000000 4
18134 0.000000 5
18139 0.000000 5
18142 -1.000000 3
18147 0.000000 5
18152 1.000000 5
18155 -1.000000 3
18160 1.000000 5
18164 1.000000 4
18169 1.000000 5
18173 1.000000 4
18177 1.000000 4
18180 1.000000 3
18184 -1.000000 4
18188 1.000000 4
18193 1.000000 5
18197 1.000000 4
18202 0.000000 5
18206 -1.000000 4
18211 0.000000 5
18214 1.000000 3
18217 1.000000 3
18221 1.000000 4
18225 -1.000000 4
18230 1.000000 5
18234 1.000000 4
18238 -1.000000 4
18241 1.000000 3
18246 1.000000 5
18250 -1.000000 4
18255 0.000000 5
18259 -1.000000 4
18263 -1.000000 4
18266 1.000000 3
18269 -1.000000 3
18273 -1.000000 4
18278 1.000000 5
18282 -1.000000 4
18287 0.000000 5
18291 -1.000000 4
18295 1.000000 4
18298 1.000000 3
18303 0.000000 5
18307 1.000000 4
18310 1.000000 3
18313 -1.000000 3
18318 1.000000 5
18321 -1.000000 3
18326 0.000000 5
18331 0.000000 5
18336 1.000000 5
18340 -1.000000 4
18345 0.000000 5
18349 1.000000 4
18354 0.000000 5
18357 -1.000000 3
18360 -1.000000 3
18365 1.000000 5
18369 1.000000 4
18373 1.000000 4
18377 -1.000000 4
18382 1.000000 5
18386 -1.000000 4
18390 1.000000 4
18395 0.000000 5
18400 0.000000 5
18405 0.000000 5
18409 -1.000000 4
18413 1.000000 4
18417 -1.000000 4
18421 1.000000 4
18425 1.000000 4
18430 1.000000 5
18433 -1.000000 3
18437 1.000000 4
18441 -1.000000 4
18445 1.000000 4
18449 1.000000 4
18453 -1.000000 4
18456 1.000000 3
18460 1.000000 4
18465 1.000000 5
18470 1.000000 5
18474 1.000000 4
18477 -1.000000 3
18482 1.000000 5
18486 1.000000 4
18491 1.000000 5
18496 0.000000 5
18500 1.000000 4
18504 1.000000 4
18507 1.000000 3
18511 1.000000 4
18516 1.000000 5
18521 1.000000 5
18526 1.000000 5
18530 -1.000000 4
18533 1.000000 3
18538 1.000000 5
18543 1.000000 5
18548 1.000000 5
18552 1.000000 4
18557 1.000000 5
18561 -1.000000 4
18564 1.000000 3
18569 1.000000 5
18574 0.000000 5
18579 1.000000 5
18584 1.000000 5
18587 1.000000 3
18591 1.000000 4
18594 -1.000000 3
18598 1.000000 4
18601 -1.000000 3
18606 1.000000 5
18609 1.000000 3
18613 -1.000000 4
18616 -1.000000 3
18619 -1.000000 3
18622 1.000000 3
18626 1.000000 4
18631 1.000000 5
18636 1.000000 5
18640 1.000000 4
18645 0.000000 5
18649 1.000000 4
18654 0.000000 5
18657 -1.000000 3
18662 1.000000 5
18667 0.000000 5
18671 -1.000000 4
18674 1.000000 3
18678 1.000000 4
18682 1.000000 4
18687 1.000000 5
18691 -1.000000 4
18695 1.000000 4
18700 1.000000 5
18704 1.000000 4
18707 -1.000000 3
18711 1.000000 4
18715 1.000000 4
18718 1.000000 3
18723 0.000000 5
18727 1.000000 4
18732 1.000000 5
18737 1.000000 5
18742 0.000000 5
18747 0.000000 5
18752 1.000000 5
18755 1.000000 3
18759 -1.000000 4
18762 -1.000000 3
18765 1.000000 3
18769 1.000000 4
18773 -1.000000 4
18776 1.000000 3
18780 1.000000 4
18785 0.000000 5
18789 1.000000 4
18792 1.000000 3
18795 1.000000 3
18798 -1.000000 3
18803 1.000000 5
18807 1.000000 4
18811 -1.000000 4
18815 -1.000000 4
18819 -1.000000 4
18823 1.000000 4
18828 1.000000 5
18832 1.000000 4
18836 -1.000000 4
18841 0.000000 5
18845 1.000000 4
18850 0.000000 5
18855 0.000000 5
18860 0.000000 5
18865 1.000000 5
18870 0.000000 5
18875 0.000000 5
18880 1.000000 5
18885 0.000000 5
18889 1.000000 4
18893 1.000000 4
18897 -1.000000 4
18901 1.000000 4
18906 0.000000 5
18910 1.000000 4
18914 -1.000000 4
18919 1.000000 5
18922 1.000000 3
18926 1.000000 4
18930 -1.000000 4
18933 -1.000000 3
18938 1.000000 5
18943 1.000000 5
18948 0.000000 5
18953 1.000000 5
18957 -1.000000 4
18962 1.000000 5
18966 1.000000 4
18970 -1.000000 4
18975 1.000000 5
18980 0.000000 5
18984 1.000000 4
18988 1.000000 4
18993 1.000000 5
18998 0.000000 5
19002 1.000000 4
19005 -1.000000 3
19010 0.000000 5
19014 1.000000 4
19018 -1.000000 4
19022 1.000000 4
19027 0.000000 5
19031 1.000000 4
19036 1.000000 5
19039 1.000000 3
19044 0.000000 5
19048 -1.000000 4
19053 0.000000 5
19057 -1.000000 4
19062 1.000000 5
19065 -1.000000 3
19070 1.000000 5
19075 0.000000 5
19079 -1.000000 4
19083 -1.000000 4
19087 -1.000000 4
19091 -1.000000 4
19096 1.000000 5
19100 1.000000 4
19103 -1.000000 3
19106 1.000000 3
19110 -1.000000 4
19115 0.000000 5
19120 1.000000 5
19124 -1.000000 4
19129 1.000000 5
19134 1.000000 5
19138 1.000000 4
19141 1.000000 3
19146 0.000000 5
19151 0.000000 5
19155 -1.000000 4
19159 1.000000 4
19163 1.000000 4
19166 -1.000000 3
19171 1.000000 5
19176 0.000000 5
19180 1.000000 4
19184 1.000000 4
19188 -1.000000 4
19193 0.000000 5
19196 1.000000 3
19201 0.000000 5
19205 1.000000 4
19208 1.000000 3
19212 -1.000000 4
19216 1.000000 4
19220 -1.000000 4
19224 1.000000 4
19228 1.000000 4
19231 1.000000 3
19236 1.000000 5
19241 0.000000 5
19245 1.000000 4
19250 1.000000 5
19255 1.000000 5
19260 1.000000 5
19265 0.000000 5
19270 1.000000 5
19275 1.000000 5
19280 1.000000 5
19284 1.000000 4
19289 1.000000 5
19293 -1.000000 4
19296 -1.000000 3
19299 1.000000 3
19304 0.000000 5
19307 1.000000 3
19310 1.000000 3
19314 -1.000000 4
19317 -1.000000 3
19321 -1.000000 4
19326 1.000000 5
19330 -1.000000 4
19334 1.000000 4
19339 1.000000 5
19344 0.000000 5
19348 1.000000 4
19352 1.000000 4
19357 1.000000 5
19360 1.000000 3
19365 1.000000 5
19369 1.000000 4
19372 -1.000000 3
19376 1.000000 4
19381 1.000000 5
19385 1.000000 4
19388 -1.000000 3
19393 0.000000 5
19397 -1.000000 4
19402 1.000000 5
19406 1.000000 4
19409 -1.000000 3
19413 1.000000 4
19417 1.000000 4
19422 0.000000 5
19425 1.000000 3
19428 -1.000000 3
19433 0.000000 5
19437 1.000000 4
19441 -1.000000 4
19444 1.000000 3
19449 1.000000 5
19454 1.000000 5
19458 1.000000 4
19462 1.000000 4
19465 1.000000 3
19470 0.000000 5
19473 -1.000000 3
19478 0.000000 5
19482 -1.000000 4
19486 -1.000000 4
19489 -1.000000 3
19494 0.000000 5
19498 -1.000000 4
19501 -1.000000 3
19506 1.000000 5
19511 1.000000 5
19515 1.000000 4
19519 -1.000000 4
19524 0.000000 5
19529 0.000000 5
19532 -1.000000 3
19536 1.000000 4
19541 0.000000 5
19545 1.000000 4
19549 -1.000000 4
19554 1.000000 5
19559 0.000000 5
19563 1.000000 4
19568 0.000000 5
19571 -1.000000 3
19574 -1.000000 3
19579 1.000000 5
19583 -1.000000 4
19587 1.000000 4
19591 -1.000000 4
19595 1.000000 4
19598 1.000000 3
19601 1.000000 3
19605 -1.000000 4
19609 1.000000 4
19614 1.000000 5
19618 -1.000000 4
19623 0.000000 5
19628 0.000000 5
19632 1.000000 4
19636 -1.000000 4
19641 1.000000 5
19645 -1.000000 4
19649 -1.000000 4
19654 0.000000 5
19658 1.000000 4
19663 1.000000 5
19667 1.000000 4
19672 0.000000 5
19676 -1.000000 4
19680 1.000000 4
19684 -1.000000 4
19689 1.000000 5
19694 1.000000 5
19699 0.000000 5
19704 1.000000 5
19708 -1.000000 4
19712 1.000000 4
19717 0.000000 5
19722 1.000000 5
19726 1.000000 4
19731 1.000000 5
19734 -1.000000 3
19737 -1.000000 3
19742 0.000000 5
19747 0.000000 5
19752 1.000000 5
19755 -1.000000 3
19760 1.000000 5
19763 1.000000 3
19766 1.000000 3
19771 1.000000 5
19775 -1.000000 4
