3 1.000000 3
6 1.000000 3
9 1.000000 3
12 1.000000 3
15 1.000000 3
18 1.000000 3
21 1.000000 3
24 1.000000 3
27 1.000000 3
30 1.000000 3
33 1.000000 3
36 1.000000 3
39 1.000000 3
42 1.000000 3
45 1.000000 3
48 1.000000 3
51 1.000000 3
54 1.000000 3
57 1.000000 3
60 1.000000 3
63 1.000000 3
66 1.000000 3
69 1.000000 3
72 1.000000 3
75 1.000000 3
78 1.000000 3
81 1.000000 3
84 1.000000 3
87 1.000000 3
90 1.000000 3
93 1.000000 3
96 1.000000 3
99 1.000000 3
102 1.000000 3
105 1.000000 3
108 1.000000 3
111 1.000000 3
114 1.000000 3
117 1.000000 3
120 1.000000 3
123 1.000000 3
126 1.000000 3
129 1.000000 3
132 1.000000 3
135 1.000000 3
138 1.000000 3
141 1.000000 3
144 1.000000 3
147 1.000000 3
150 1.000000 3
153 1.000000 3
156 1.000000 3
159 1.000000 3
162 1.000000 3
165 1.000000 3
168 1.000000 3
171 1.000000 3
174 1.000000 3
177 1.000000 3
180 1.000000 3
183 1.000000 3
186 1.000000 3
189 1.000000 3
192 1.000000 3
195 1.000000 3
198 1.000000 3
201 1.000000 3
204 1.000000 3
207 1.000000 3
210 1.000000 3
213 1.000000 3
216 1.000000 3
219 1.000000 3
222 1.000000 3
225 1.000000 3
228 1.000000 3
231 1.000000 3
234 1.000000 3
237 1.000000 3
240 1.000000 3
243 1.000000 3
246 1.000000 3
249 1.000000 3
252 1.000000 3
255 1.000000 3
258 1.000000 3
261 1.000000 3
264 1.000000 3
267 1.000000 3
270 1.000000 3
273 1.000000 3
276 1.000000 3
279 1.000000 3
282 1.000000 3
285 1.000000 3
288 1.000000 3
291 1.000000 3
294 1.000000 3
297 1.000000 3
300 1.000000 3
303 1.000000 3
306 1.000000 3
309 1.000000 3
312 1.000000 3
315 1.000000 3
318 1.000000 3
321 1.000000 3
324 1.000000 3
327 1.000000 3
330 1.000000 3
333 1.000000 3
336 1.000000 3
339 1.000000 3
342 1.000000 3
345 1.000000 3
348 1.000000 3
351 1.000000 3
354 1.000000 3
357 1.000000 3
360 1.000000 3
363 1.000000 3
366 1.000000 3
369 1.000000 3
372 1.000000 3
375 1.000000 3
378 1.000000 3
381 1.000000 3
384 1.000000 3
387 1.000000 3
390 1.000000 3
393 1.000000 3
396 1.000000 3
399 1.000000 3
402 1.000000 3
405 1.000000 3
408 1.000000 3
411 1.000000 3
414 1.000000 3
417 1.000000 3
420 1.000000 3
423 1.000000 3
426 1.000000 3
429 1.000000 3
432 1.000000 3
435 1.000000 3
438 1.000000 3
441 1.000000 3
444 1.000000 3
447 1.000000 3
450 1.000000 3
453 1.000000 3
456 1.000000 3
459 1.000000 3
462 1.000000 3
465 1.000000 3
468 1.000000 3
471 1.000000 3
474 1.000000 3
477 1.000000 3
480 1.000000 3
483 1.000000 3
486 1.000000 3
489 1.000000 3
492 1.000000 3
495 1.000000 3
498 1.000000 3
501 1.000000 3
