5 -1.000000 5
10 1.000000 5
14 1.000000 4
19 -1.000000 5
24 -1.000000 5
29 0.000000 5
33 1.000000 4
38 0.000000 5
43 -1.000000 5
48 -1.000000 5
53 0.000000 5
58 1.000000 5
63 1.000000 5
67 -1.000000 4
72 -1.000000 5
77 1.000000 5
82 -1.000000 5
87 -1.000000 5
92 0.000000 5
97 0.000000 5
102 -1.000000 5
107 -1.000000 5
112 -1.000000 5
116 1.000000 4
121 0.000000 5
126 -1.000000 5
131 -1.000000 5
136 1.000000 5
141 1.000000 5
145 -1.000000 4
150 0.000000 5
155 1.000000 5
160 -1.000000 5
165 -1.000000 5
170 -1.000000 5
175 1.000000 5
180 1.000000 5
185 1.000000 5
190 -1.000000 5
193 1.000000 3
198 1.000000 5
203 -1.000000 5
208 1.000000 5
213 -1.000000 5
218 0.000000 5
223 -1.000000 5
228 1.000000 5
233 1.000000 5
238 -1.000000 5
243 -1.000000 5
247 -1.000000 4
252 -1.000000 5
256 -1.000000 4
261 1.000000 5
266 -1.000000 5
271 1.000000 5
276 0.000000 5
280 1.000000 4
285 0.000000 5
290 -1.000000 5
294 1.000000 4
299 -1.000000 5
304 0.000000 5
308 -1.000000 4
313 0.000000 5
318 0.000000 5
323 1.000000 5
328 1.000000 5
333 1.000000 5
338 -1.000000 5
343 0.000000 5
347 -1.000000 4
352 -1.000000 5
357 -1.000000 5
362 -1.000000 5
367 0.000000 5
372 1.000000 5
376 -1.000000 4
381 1.000000 5
386 1.000000 5
390 -1.000000 4
395 -1.000000 5
400 -1.000000 5
405 0.000000 5
410 -1.000000 5
415 -1.000000 5
420 1.000000 5
425 1.000000 5
429 -1.000000 4
434 1.000000 5
439 -1.000000 5
444 1.000000 5
449 -1.000000 5
454 1.000000 5
459 1.000000 5
464 0.000000 5
468 1.000000 4
473 -1.000000 5
477 1.000000 4
482 0.000000 5
487 1.000000 5
492 1.000000 5
496 1.000000 4
500 1.000000 4
