4 -1.000000 4
8 -1.000000 4
12 -1.000000 4
16 -1.000000 4
20 -1.000000 4
24 -1.000000 4
28 -1.000000 4
32 -1.000000 4
36 -1.000000 4
40 -1.000000 4
44 -1.000000 4
48 -1.000000 4
52 -1.000000 4
56 -1.000000 4
60 -1.000000 4
64 -1.000000 4
68 -1.000000 4
72 -1.000000 4
76 -1.000000 4
80 -1.000000 4
84 -1.000000 4
88 -1.000000 4
92 -1.000000 4
96 -1.000000 4
100 -1.000000 4
104 -1.000000 4
108 -1.000000 4
112 -1.000000 4
116 -1.000000 4
120 -1.000000 4
124 -1.000000 4
128 -1.000000 4
132 -1.000000 4
136 -1.000000 4
140 -1.000000 4
144 -1.000000 4
148 -1.000000 4
152 -1.000000 4
156 -1.000000 4
160 -1.000000 4
164 -1.000000 4
168 -1.000000 4
172 -1.000000 4
176 -1.000000 4
180 -1.000000 4
184 -1.000000 4
188 -1.000000 4
192 -1.000000 4
196 -1.000000 4
200 -1.000000 4
204 -1.000000 4
208 -1.000000 4
212 -1.000000 4
216 -1.000000 4
220 -1.000000 4
224 -1.000000 4
228 -1.000000 4
232 -1.000000 4
236 -1.000000 4
240 -1.000000 4
244 -1.000000 4
248 -1.000000 4
252 -1.000000 4
256 -1.000000 4
260 -1.000000 4
264 -1.000000 4
268 -1.000000 4
272 -1.000000 4
276 -1.000000 4
280 -1.000000 4
284 -1.000000 4
288 -1.000000 4
292 -1.000000 4
296 -1.000000 4
300 -1.000000 4
304 -1.000000 4
308 -1.000000 4
312 -1.000000 4
316 -1.000000 4
320 -1.000000 4
324 -1.000000 4
328 -1.000000 4
332 -1.000000 4
336 -1.000000 4
340 -1.000000 4
344 -1.000000 4
348 -1.000000 4
352 -1.000000 4
356 -1.000000 4
360 -1.000000 4
364 -1.000000 4
368 -1.000000 4
372 -1.000000 4
376 -1.000000 4
380 -1.000000 4
384 -1.000000 4
388 -1.000000 4
392 -1.000000 4
396 -1.000000 4
400 -1.000000 4
404 -1.000000 4
408 -1.000000 4
412 -1.000000 4
416 -1.000000 4
420 -1.000000 4
424 -1.000000 4
428 -1.000000 4
432 -1.000000 4
436 -1.000000 4
440 -1.000000 4
444 -1.000000 4
448 -1.000000 4
452 -1.000000 4
456 -1.000000 4
460 -1.000000 4
464 -1.000000 4
468 -1.000000 4
472 -1.000000 4
476 -1.000000 4
480 -1.000000 4
484 -1.000000 4
488 -1.000000 4
492 -1.000000 4
496 -1.000000 4
500 -1.000000 4
504 -1.000000 4
508 -1.000000 4
512 -1.000000 4
516 -1.000000 4
520 -1.000000 4
524 -1.000000 4
528 -1.000000 4
532 -1.000000 4
536 -1.000000 4
540 -1.000000 4
544 -1.000000 4
548 -1.000000 4
552 -1.000000 4
556 -1.000000 4
560 -1.000000 4
564 -1.000000 4
568 -1.000000 4
572 -1.000000 4
576 -1.000000 4
580 -1.000000 4
584 -1.000000 4
588 -1.000000 4
592 -1.000000 4
596 -1.000000 4
600 -1.000000 4
604 -1.000000 4
608 -1.000000 4
612 -1.000000 4
616 -1.000000 4
620 -1.000000 4
624 -1.000000 4
628 -1.000000 4
632 -1.000000 4
636 -1.000000 4
640 -1.000000 4
644 -1.000000 4
648 -1.000000 4
652 -1.000000 4
656 -1.000000 4
660 -1.000000 4
664 -1.000000 4
668 -1.000000 4
672 -1.000000 4
676 -1.000000 4
680 -1.000000 4
684 -1.000000 4
688 -1.000000 4
692 -1.000000 4
696 -1.000000 4
700 -1.000000 4
704 -1.000000 4
708 -1.000000 4
712 -1.000000 4
716 -1.000000 4
720 -1.000000 4
724 -1.000000 4
728 -1.000000 4
732 -1.000000 4
736 -1.000000 4
740 -1.000000 4
744 -1.000000 4
748 -1.000000 4
752 -1.000000 4
756 -1.000000 4
760 -1.000000 4
764 -1.000000 4
768 -1.000000 4
772 -1.000000 4
776 -1.000000 4
780 -1.000000 4
784 -1.000000 4
788 -1.000000 4
792 -1.000000 4
796 -1.000000 4
800 -1.000000 4
804 -1.000000 4
808 -1.000000 4
812 -1.000000 4
816 -1.000000 4
820 -1.000000 4
824 -1.000000 4
828 -1.000000 4
832 -1.000000 4
836 -1.000000 4
840 -1.000000 4
844 -1.000000 4
848 -1.000000 4
852 -1.000000 4
856 -1.000000 4
860 -1.000000 4
864 -1.000000 4
868 -1.000000 4
872 -1.000000 4
876 -1.000000 4
880 -1.000000 4
884 -1.000000 4
888 -1.000000 4
892 -1.000000 4
896 -1.000000 4
900 -1.000000 4
904 -1.000000 4
908 -1.000000 4
912 -1.000000 4
916 -1.000000 4
920 -1.000000 4
924 -1.000000 4
928 -1.000000 4
932 -1.000000 4
936 -1.000000 4
940 -1.000000 4
944 -1.000000 4
948 -1.000000 4
952 -1.000000 4
956 -1.000000 4
960 -1.000000 4
964 -1.000000 4
968 -1.000000 4
972 -1.000000 4
976 -1.000000 4
980 -1.000000 4
984 -1.000000 4
988 -1.000000 4
992 -1.000000 4
996 -1.000000 4
1000 -1.000000 4
1004 -1.000000 4
1008 -1.000000 4
1012 -1.000000 4
1016 -1.000000 4
1020 -1.000000 4
1024 -1.000000 4
1028 -1.000000 4
1032 -1.000000 4
1036 -1.000000 4
1040 -1.000000 4
1044 -1.000000 4
1048 -1.000000 4
1052 -1.000000 4
1056 -1.000000 4
1060 -1.000000 4
1064 -1.000000 4
1068 -1.000000 4
1072 -1.000000 4
1076 -1.000000 4
1080 -1.000000 4
1084 -1.000000 4
1088 -1.000000 4
1092 -1.000000 4
1096 -1.000000 4
1100 -1.000000 4
1104 -1.000000 4
1108 -1.000000 4
1112 -1.000000 4
1116 -1.000000 4
1120 -1.000000 4
1124 -1.000000 4
1128 -1.000000 4
1132 -1.000000 4
1136 -1.000000 4
1140 -1.000000 4
1144 -1.000000 4
1148 -1.000000 4
1152 -1.000000 4
1156 -1.000000 4
1160 -1.000000 4
1164 -1.000000 4
1168 -1.000000 4
1172 -1.000000 4
1176 -1.000000 4
1180 -1.000000 4
1184 -1.000000 4
1188 -1.000000 4
1192 -1.000000 4
1196 -1.000000 4
1200 -1.000000 4
1204 -1.000000 4
1208 -1.000000 4
1212 -1.000000 4
1216 -1.000000 4
1220 -1.000000 4
1224 -1.000000 4
1228 -1.000000 4
1232 -1.000000 4
1236 -1.000000 4
1240 -1.000000 4
1244 -1.000000 4
1248 -1.000000 4
1252 -1.000000 4
1256 -1.000000 4
1260 -1.000000 4
1264 -1.000000 4
1268 -1.000000 4
1272 -1.000000 4
1276 -1.000000 4
1280 -1.000000 4
1284 -1.000000 4
1288 -1.000000 4
1292 -1.000000 4
1296 -1.000000 4
1300 -1.000000 4
1304 -1.000000 4
1308 -1.000000 4
1312 -1.000000 4
1316 -1.000000 4
1320 -1.000000 4
1324 -1.000000 4
1328 -1.000000 4
1332 -1.000000 4
1336 -1.000000 4
1340 -1.000000 4
1344 -1.000000 4
1348 -1.000000 4
1352 -1.000000 4
1356 -1.000000 4
1360 -1.000000 4
1364 -1.000000 4
1368 -1.000000 4
1372 -1.000000 4
1376 -1.000000 4
1380 -1.000000 4
1384 -1.000000 4
1388 -1.000000 4
1392 -1.000000 4
1396 -1.000000 4
1400 -1.000000 4
1404 -1.000000 4
1408 -1.000000 4
1412 -1.000000 4
1416 -1.000000 4
1420 -1.000000 4
1424 -1.000000 4
1428 -1.000000 4
1432 -1.000000 4
1436 -1.000000 4
1440 -1.000000 4
1444 -1.000000 4
1448 -1.000000 4
1452 -1.000000 4
1456 -1.000000 4
1460 -1.000000 4
1464 -1.000000 4
1468 -1.000000 4
1472 -1.000000 4
1476 -1.000000 4
1480 -1.000000 4
1484 -1.000000 4
1488 -1.000000 4
1492 -1.000000 4
1496 -1.000000 4
1500 -1.000000 4
1504 -1.000000 4
1508 -1.000000 4
1512 -1.000000 4
1516 -1.000000 4
1520 -1.000000 4
1524 -1.000000 4
1528 -1.000000 4
1532 -1.000000 4
1536 -1.000000 4
1540 -1.000000 4
1544 -1.000000 4
1548 -1.000000 4
1552 -1.000000 4
1556 -1.000000 4
1560 -1.000000 4
1564 -1.000000 4
1568 -1.000000 4
1572 -1.000000 4
1576 -1.000000 4
1580 -1.000000 4
1584 -1.000000 4
1588 -1.000000 4
1592 -1.000000 4
1596 -1.000000 4
1600 -1.000000 4
1604 -1.000000 4
1608 -1.000000 4
1612 -1.000000 4
1616 -1.000000 4
1620 -1.000000 4
1624 -1.000000 4
1628 -1.000000 4
1632 -1.000000 4
1636 -1.000000 4
1640 -1.000000 4
1644 -1.000000 4
1648 -1.000000 4
1652 -1.000000 4
1656 -1.000000 4
1660 -1.000000 4
1664 -1.000000 4
1668 -1.000000 4
1672 -1.000000 4
1676 -1.000000 4
1680 -1.000000 4
1684 -1.000000 4
1688 -1.000000 4
1692 -1.000000 4
1696 -1.000000 4
1700 -1.000000 4
1704 -1.000000 4
1708 -1.000000 4
1712 -1.000000 4
1716 -1.000000 4
1720 -1.000000 4
1724 -1.000000 4
1728 -1.000000 4
1732 -1.000000 4
1736 -1.000000 4
1740 -1.000000 4
1744 -1.000000 4
1748 -1.000000 4
1752 -1.000000 4
1756 -1.000000 4
1760 -1.000000 4
1764 -1.000000 4
1768 -1.000000 4
1772 -1.000000 4
1776 -1.000000 4
1780 -1.000000 4
1784 -1.000000 4
1788 -1.000000 4
1792 -1.000000 4
1796 -1.000000 4
1800 -1.000000 4
1804 -1.000000 4
1808 -1.000000 4
1812 -1.000000 4
1816 -1.000000 4
1820 -1.000000 4
1824 -1.000000 4
1828 -1.000000 4
1832 -1.000000 4
1836 -1.000000 4
1840 -1.000000 4
1844 -1.000000 4
1848 -1.000000 4
1852 -1.000000 4
1856 -1.000000 4
1860 -1.000000 4
1864 -1.000000 4
1868 -1.000000 4
1872 -1.000000 4
1876 -1.000000 4
1880 -1.000000 4
1884 -1.000000 4
1888 -1.000000 4
1892 -1.000000 4
1896 -1.000000 4
1900 -1.000000 4
1904 -1.000000 4
1908 -1.000000 4
1912 -1.000000 4
1916 -1.000000 4
1920 -1.000000 4
1924 -1.000000 4
1928 -1.000000 4
1932 -1.000000 4
1936 -1.000000 4
1940 -1.000000 4
1944 -1.000000 4
1948 -1.000000 4
1952 -1.000000 4
1956 -1.000000 4
1960 -1.000000 4
1964 -1.000000 4
1968 -1.000000 4
1972 -1.000000 4
1976 -1.000000 4
1980 -1.000000 4
1984 -1.000000 4
1988 -1.000000 4
1992 -1.000000 4
1996 -1.000000 4
2000 -1.000000 4
2004 -1.000000 4
2008 -1.000000 4
2012 -1.000000 4
2016 -1.000000 4
2020 -1.000000 4
2024 -1.000000 4
2028 -1.000000 4
2032 -1.000000 4
2036 -1.000000 4
2040 -1.000000 4
2044 -1.000000 4
2048 -1.000000 4
2052 -1.000000 4
2056 -1.000000 4
2060 -1.000000 4
2064 -1.000000 4
2068 -1.000000 4
2072 -1.000000 4
2076 -1.000000 4
2080 -1.000000 4
2084 -1.000000 4
2088 -1.000000 4
2092 -1.000000 4
2096 -1.000000 4
2100 -1.000000 4
2104 -1.000000 4
2108 -1.000000 4
2112 -1.000000 4
2116 -1.000000 4
2120 -1.000000 4
2124 -1.000000 4
2128 -1.000000 4
2132 -1.000000 4
2136 -1.000000 4
2140 -1.000000 4
2144 -1.000000 4
2148 -1.000000 4
2152 -1.000000 4
2156 -1.000000 4
2160 -1.000000 4
2164 -1.000000 4
2168 -1.000000 4
2172 -1.000000 4
2176 -1.000000 4
2180 -1.000000 4
2184 -1.000000 4
2188 -1.000000 4
2192 -1.000000 4
2196 -1.000000 4
2200 -1.000000 4
2204 -1.000000 4
2208 -1.000000 4
2212 -1.000000 4
2216 -1.000000 4
2220 -1.000000 4
2224 -1.000000 4
2228 -1.000000 4
2232 -1.000000 4
2236 -1.000000 4
2240 -1.000000 4
2244 -1.000000 4
2248 -1.000000 4
2252 -1.000000 4
2256 -1.000000 4
2260 -1.000000 4
2264 -1.000000 4
2268 -1.000000 4
2272 -1.000000 4
2276 -1.000000 4
2280 -1.000000 4
2284 -1.000000 4
2288 -1.000000 4
2292 -1.000000 4
2296 -1.000000 4
2300 -1.000000 4
2304 -1.000000 4
2308 -1.000000 4
2312 -1.000000 4
2316 -1.000000 4
2320 -1.000000 4
2324 -1.000000 4
2328 -1.000000 4
2332 -1.000000 4
2336 -1.000000 4
2340 -1.000000 4
2344 -1.000000 4
2348 -1.000000 4
2352 -1.000000 4
2356 -1.000000 4
2360 -1.000000 4
2364 -1.000000 4
2368 -1.000000 4
2372 -1.000000 4
2376 -1.000000 4
2380 -1.000000 4
2384 -1.000000 4
2388 -1.000000 4
2392 -1.000000 4
2396 -1.000000 4
2400 -1.000000 4
2404 -1.000000 4
2408 -1.000000 4
2412 -1.000000 4
2416 -1.000000 4
2420 -1.000000 4
2424 -1.000000 4
2428 -1.000000 4
2432 -1.000000 4
2436 -1.000000 4
2440 -1.000000 4
2444 -1.000000 4
2448 -1.000000 4
2452 -1.000000 4
2456 -1.000000 4
2460 -1.000000 4
2464 -1.000000 4
2468 -1.000000 4
2472 -1.000000 4
2476 -1.000000 4
2480 -1.000000 4
2484 -1.000000 4
2488 -1.000000 4
2492 -1.000000 4
2496 -1.000000 4
2500 -1.000000 4
2504 -1.000000 4
2508 -1.000000 4
2512 -1.000000 4
2516 -1.000000 4
2520 -1.000000 4
2524 -1.000000 4
2528 -1.000000 4
2532 -1.000000 4
2536 -1.000000 4
2540 -1.000000 4
2544 -1.000000 4
2548 -1.000000 4
2552 -1.000000 4
2556 -1.000000 4
2560 -1.000000 4
2564 -1.000000 4
2568 -1.000000 4
2572 -1.000000 4
2576 -1.000000 4
2580 -1.000000 4
2584 -1.000000 4
2588 -1.000000 4
2592 -1.000000 4
2596 -1.000000 4
2600 -1.000000 4
2604 -1.000000 4
2608 -1.000000 4
2612 -1.000000 4
2616 -1.000000 4
2620 -1.000000 4
2624 -1.000000 4
2628 -1.000000 4
2632 -1.000000 4
2636 -1.000000 4
2640 -1.000000 4
2644 -1.000000 4
2648 -1.000000 4
2652 -1.000000 4
2656 -1.000000 4
2660 -1.000000 4
2664 -1.000000 4
2668 -1.000000 4
2672 -1.000000 4
2676 -1.000000 4
2680 -1.000000 4
2684 -1.000000 4
2688 -1.000000 4
2692 -1.000000 4
2696 -1.000000 4
2700 -1.000000 4
2704 -1.000000 4
2708 -1.000000 4
2712 -1.000000 4
2716 -1.000000 4
2720 -1.000000 4
2724 -1.000000 4
2728 -1.000000 4
2732 -1.000000 4
2736 -1.000000 4
2740 -1.000000 4
2744 -1.000000 4
2748 -1.000000 4
2752 -1.000000 4
2756 -1.000000 4
2760 -1.000000 4
2764 -1.000000 4
2769 -1.000000 5
2773 -1.000000 4
2777 -1.000000 4
2781 -1.000000 4
2785 -1.000000 4
2789 -1.000000 4
2793 -1.000000 4
2797 -1.000000 4
2801 -1.000000 4
2805 -1.000000 4
2809 -1.000000 4
2813 -1.000000 4
2817 -1.000000 4
2821 -1.000000 4
2825 -1.000000 4
2829 -1.000000 4
2833 -1.000000 4
2837 -1.000000 4
2841 -1.000000 4
2845 -1.000000 4
2849 -1.000000 4
2853 -1.000000 4
2857 -1.000000 4
2861 -1.000000 4
2865 -1.000000 4
2869 -1.000000 4
2873 -1.000000 4
2877 -1.000000 4
2881 -1.000000 4
2885 -1.000000 4
2889 -1.000000 4
2893 -1.000000 4
2897 -1.000000 4
2901 -1.000000 4
2905 -1.000000 4
2909 -1.000000 4
2913 -1.000000 4
2917 -1.000000 4
2921 -1.000000 4
2925 -1.000000 4
2929 -1.000000 4
2933 -1.000000 4
2937 -1.000000 4
2941 -1.000000 4
2945 -1.000000 4
2949 -1.000000 4
2953 -1.000000 4
2957 -1.000000 4
2961 -1.000000 4
2965 -1.000000 4
2969 -1.000000 4
2973 -1.000000 4
2977 -1.000000 4
2981 -1.000000 4
2985 -1.000000 4
2989 -1.000000 4
2993 -1.000000 4
2997 -1.000000 4
3001 -1.000000 4
3005 -1.000000 4
3009 -1.000000 4
3013 -1.000000 4
3017 -1.000000 4
3021 -1.000000 4
3025 -1.000000 4
3029 -1.000000 4
3033 -1.000000 4
3037 -1.000000 4
3041 -1.000000 4
3045 -1.000000 4
3049 -1.000000 4
3053 -1.000000 4
3057 -1.000000 4
3061 -1.000000 4
3065 -1.000000 4
3069 -1.000000 4
3073 -1.000000 4
3077 -1.000000 4
3081 -1.000000 4
3085 -1.000000 4
3089 -1.000000 4
3093 -1.000000 4
3097 -1.000000 4
3101 -1.000000 4
3105 -1.000000 4
3109 -1.000000 4
3113 -1.000000 4
3117 -1.000000 4
3121 -1.000000 4
3125 -1.000000 4
3129 -1.000000 4
3133 -1.000000 4
3137 -1.000000 4
3141 -1.000000 4
3145 -1.000000 4
3149 -1.000000 4
3153 -1.000000 4
3157 -1.000000 4
3161 -1.000000 4
3165 -1.000000 4
3169 -1.000000 4
3173 -1.000000 4
3177 -1.000000 4
3181 -1.000000 4
3185 -1.000000 4
3189 -1.000000 4
3193 -1.000000 4
3197 -1.000000 4
3201 -1.000000 4
3205 -1.000000 4
3209 -1.000000 4
3213 -1.000000 4
3217 -1.000000 4
3221 -1.000000 4
3225 -1.000000 4
3229 -1.000000 4
3233 -1.000000 4
3237 -1.000000 4
3241 -1.000000 4
3245 -1.000000 4
3249 -1.000000 4
3253 -1.000000 4
3257 -1.000000 4
3261 -1.000000 4
3265 -1.000000 4
3269 -1.000000 4
3273 -1.000000 4
3277 -1.000000 4
3281 -1.000000 4
3285 -1.000000 4
3289 -1.000000 4
3293 -1.000000 4
3297 -1.000000 4
3301 -1.000000 4
3305 -1.000000 4
3309 -1.000000 4
3313 -1.000000 4
3317 -1.000000 4
3321 -1.000000 4
3325 -1.000000 4
3329 -1.000000 4
3333 -1.000000 4
3337 -1.000000 4
3341 -1.000000 4
3345 -1.000000 4
3349 -1.000000 4
3353 -1.000000 4
3357 -1.000000 4
3361 -1.000000 4
3365 -1.000000 4
3369 -1.000000 4
3373 -1.000000 4
3377 -1.000000 4
3381 -1.000000 4
3385 -1.000000 4
3389 -1.000000 4
3393 -1.000000 4
3397 -1.000000 4
3401 -1.000000 4
3405 -1.000000 4
3409 -1.000000 4
3413 -1.000000 4
3417 -1.000000 4
3421 -1.000000 4
3425 -1.000000 4
3429 -1.000000 4
3433 -1.000000 4
3437 -1.000000 4
3441 -1.000000 4
3445 -1.000000 4
3449 -1.000000 4
3453 -1.000000 4
3457 -1.000000 4
3461 -1.000000 4
3465 -1.000000 4
3469 -1.000000 4
3473 -1.000000 4
3477 -1.000000 4
3481 -1.000000 4
3485 -1.000000 4
3489 -1.000000 4
3493 -1.000000 4
3497 -1.000000 4
3501 -1.000000 4
3505 -1.000000 4
3509 -1.000000 4
3513 -1.000000 4
3517 -1.000000 4
3521 -1.000000 4
3525 -1.000000 4
3529 -1.000000 4
3533 -1.000000 4
3537 -1.000000 4
3541 -1.000000 4
3545 -1.000000 4
3549 -1.000000 4
3553 -1.000000 4
3557 -1.000000 4
3561 -1.000000 4
3565 -1.000000 4
3569 -1.000000 4
3573 -1.000000 4
3577 -1.000000 4
3581 -1.000000 4
3585 -1.000000 4
3589 -1.000000 4
3593 -1.000000 4
3597 -1.000000 4
3601 -1.000000 4
3605 -1.000000 4
3609 -1.000000 4
3613 -1.000000 4
3617 -1.000000 4
3621 -1.000000 4
3625 -1.000000 4
3629 -1.000000 4
3633 -1.000000 4
3637 -1.000000 4
3641 -1.000000 4
3645 -1.000000 4
3649 -1.000000 4
3653 -1.000000 4
3657 -1.000000 4
3661 -1.000000 4
3665 -1.000000 4
3669 -1.000000 4
3673 -1.000000 4
3677 -1.000000 4
3681 -1.000000 4
3685 -1.000000 4
3689 -1.000000 4
3693 -1.000000 4
3697 -1.000000 4
3701 -1.000000 4
3705 -1.000000 4
3709 -1.000000 4
3713 -1.000000 4
3717 -1.000000 4
3721 -1.000000 4
3725 -1.000000 4
3729 -1.000000 4
3733 -1.000000 4
3737 -1.000000 4
3741 -1.000000 4
3745 -1.000000 4
3749 -1.000000 4
3753 -1.000000 4
3757 -1.000000 4
3761 -1.000000 4
3765 -1.000000 4
3769 -1.000000 4
3773 -1.000000 4
3777 -1.000000 4
3781 -1.000000 4
3785 -1.000000 4
3789 -1.000000 4
3793 -1.000000 4
3797 -1.000000 4
3801 -1.000000 4
3805 -1.000000 4
3809 -1.000000 4
3813 -1.000000 4
3817 -1.000000 4
3821 -1.000000 4
3825 -1.000000 4
3829 -1.000000 4
3833 -1.000000 4
3837 -1.000000 4
3841 -1.000000 4
3845 -1.000000 4
3849 -1.000000 4
3853 -1.000000 4
3857 -1.000000 4
3861 -1.000000 4
3865 -1.000000 4
3869 -1.000000 4
3873 -1.000000 4
3877 -1.000000 4
3881 -1.000000 4
3885 -1.000000 4
3889 -1.000000 4
3893 -1.000000 4
3897 -1.000000 4
3901 -1.000000 4
3905 -1.000000 4
3909 -1.000000 4
3913 -1.000000 4
3917 -1.000000 4
3921 -1.000000 4
3925 -1.000000 4
3929 -1.000000 4
3933 -1.000000 4
3937 -1.000000 4
3941 -1.000000 4
3945 -1.000000 4
3949 -1.000000 4
3953 -1.000000 4
3957 -1.000000 4
3961 -1.000000 4
3965 -1.000000 4
3969 -1.000000 4
3973 -1.000000 4
3977 -1.000000 4
3981 -1.000000 4
3985 -1.000000 4
3989 -1.000000 4
3993 -1.000000 4
3997 -1.000000 4
4001 -1.000000 4
4005 -1.000000 4
4009 -1.000000 4
4013 -1.000000 4
4017 -1.000000 4
4021 -1.000000 4
4025 -1.000000 4
4029 -1.000000 4
4033 -1.000000 4
4037 -1.000000 4
4041 -1.000000 4
4045 -1.000000 4
4049 -1.000000 4
4053 -1.000000 4
4057 -1.000000 4
4061 -1.000000 4
4065 -1.000000 4
4069 -1.000000 4
4073 -1.000000 4
4077 -1.000000 4
4081 -1.000000 4
4085 -1.000000 4
4089 -1.000000 4
4093 -1.000000 4
4097 -1.000000 4
4101 -1.000000 4
4105 -1.000000 4
4109 -1.000000 4
4113 -1.000000 4
4117 -1.000000 4
4121 -1.000000 4
4125 -1.000000 4
4129 -1.000000 4
4133 -1.000000 4
4137 -1.000000 4
4141 -1.000000 4
4145 -1.000000 4
4149 -1.000000 4
4153 -1.000000 4
4157 -1.000000 4
4161 -1.000000 4
4165 -1.000000 4
4169 -1.000000 4
4173 -1.000000 4
4177 -1.000000 4
4181 -1.000000 4
4185 -1.000000 4
4189 -1.000000 4
4193 -1.000000 4
4197 -1.000000 4
4201 -1.000000 4
4205 -1.000000 4
4209 -1.000000 4
4213 -1.000000 4
4217 -1.000000 4
4221 -1.000000 4
4225 -1.000000 4
4229 -1.000000 4
4233 -1.000000 4
4237 -1.000000 4
4241 -1.000000 4
4245 -1.000000 4
4249 -1.000000 4
4253 -1.000000 4
4257 -1.000000 4
4261 -1.000000 4
4265 -1.000000 4
4269 -1.000000 4
4273 -1.000000 4
4277 -1.000000 4
4281 -1.000000 4
4285 -1.000000 4
4289 -1.000000 4
4293 -1.000000 4
4297 -1.000000 4
4301 -1.000000 4
4305 -1.000000 4
4309 -1.000000 4
4313 -1.000000 4
4317 -1.000000 4
4321 -1.000000 4
4325 -1.000000 4
4329 -1.000000 4
4333 -1.000000 4
4337 -1.000000 4
4341 -1.000000 4
4345 -1.000000 4
4349 -1.000000 4
4353 -1.000000 4
4357 -1.000000 4
4361 -1.000000 4
4365 -1.000000 4
4369 -1.000000 4
4373 -1.000000 4
4377 -1.000000 4
4381 -1.000000 4
4385 -1.000000 4
4389 -1.000000 4
4393 -1.000000 4
4397 -1.000000 4
4401 -1.000000 4
4405 -1.000000 4
4409 -1.000000 4
4413 -1.000000 4
4417 -1.000000 4
4421 -1.000000 4
4425 -1.000000 4
4429 -1.000000 4
4433 -1.000000 4
4437 -1.000000 4
4441 -1.000000 4
4445 -1.000000 4
4449 -1.000000 4
4453 -1.000000 4
4457 -1.000000 4
4461 -1.000000 4
4465 -1.000000 4
4469 -1.000000 4
4473 -1.000000 4
4477 -1.000000 4
4481 -1.000000 4
4485 -1.000000 4
4489 -1.000000 4
4493 -1.000000 4
4497 -1.000000 4
4501 -1.000000 4
4505 -1.000000 4
4509 -1.000000 4
4513 -1.000000 4
4517 -1.000000 4
4521 -1.000000 4
4525 -1.000000 4
4529 -1.000000 4
4533 -1.000000 4
4537 -1.000000 4
4541 -1.000000 4
4545 -1.000000 4
4549 -1.000000 4
4553 -1.000000 4
4557 -1.000000 4
4561 -1.000000 4
4565 -1.000000 4
4569 -1.000000 4
4573 -1.000000 4
4577 -1.000000 4
4581 -1.000000 4
4585 -1.000000 4
4589 -1.000000 4
4593 -1.000000 4
4597 -1.000000 4
4601 -1.000000 4
4605 -1.000000 4
4609 -1.000000 4
4613 -1.000000 4
4617 -1.000000 4
4621 -1.000000 4
4625 -1.000000 4
4629 -1.000000 4
4633 -1.000000 4
4637 -1.000000 4
4641 -1.000000 4
4645 -1.000000 4
4649 -1.000000 4
4653 -1.000000 4
4657 -1.000000 4
4661 -1.000000 4
4665 -1.000000 4
4669 -1.000000 4
4673 -1.000000 4
4677 -1.000000 4
4681 -1.000000 4
4685 -1.000000 4
4689 -1.000000 4
4693 -1.000000 4
4697 -1.000000 4
4701 -1.000000 4
4705 -1.000000 4
4709 -1.000000 4
4713 -1.000000 4
4717 -1.000000 4
4721 -1.000000 4
4725 -1.000000 4
4729 -1.000000 4
4733 -1.000000 4
4737 -1.000000 4
4741 -1.000000 4
4745 -1.000000 4
4749 -1.000000 4
4753 -1.000000 4
4757 -1.000000 4
4761 -1.000000 4
4765 -1.000000 4
4769 -1.000000 4
4773 -1.000000 4
4777 -1.000000 4
4781 -1.000000 4
4785 -1.000000 4
4789 -1.000000 4
4793 -1.000000 4
4797 -1.000000 4
4801 -1.000000 4
4805 -1.000000 4
4809 -1.000000 4
4813 -1.000000 4
4817 -1.000000 4
4821 -1.000000 4
4825 -1.000000 4
4829 -1.000000 4
4833 -1.000000 4
4837 -1.000000 4
4841 -1.000000 4
4845 -1.000000 4
4849 -1.000000 4
4853 -1.000000 4
4857 -1.000000 4
4861 -1.000000 4
4865 -1.000000 4
4869 -1.000000 4
4873 -1.000000 4
4877 -1.000000 4
4881 -1.000000 4
4885 -1.000000 4
4889 -1.000000 4
4893 -1.000000 4
4897 -1.000000 4
4901 -1.000000 4
4905 -1.000000 4
4909 -1.000000 4
4913 -1.000000 4
4917 -1.000000 4
4921 -1.000000 4
4925 -1.000000 4
4929 -1.000000 4
4933 -1.000000 4
4937 -1.000000 4
4941 -1.000000 4
4945 -1.000000 4
4949 -1.000000 4
4953 -1.000000 4
4957 -1.000000 4
4961 -1.000000 4
4965 -1.000000 4
4969 -1.000000 4
4973 -1.000000 4
4977 -1.000000 4
4981 -1.000000 4
4985 -1.000000 4
4989 -1.000000 4
4993 -1.000000 4
4997 -1.000000 4
5001 -1.000000 4
5005 -1.000000 4
5009 -1.000000 4
5013 -1.000000 4
5017 -1.000000 4
5021 -1.000000 4
5025 -1.000000 4
5029 -1.000000 4
5033 -1.000000 4
5037 -1.000000 4
5041 -1.000000 4
5045 -1.000000 4
5049 -1.000000 4
5053 -1.000000 4
5057 -1.000000 4
5061 -1.000000 4
5065 -1.000000 4
5069 -1.000000 4
5073 -1.000000 4
5077 -1.000000 4
5081 -1.000000 4
5085 -1.000000 4
5089 -1.000000 4
5093 -1.000000 4
5097 -1.000000 4
5101 -1.000000 4
5105 -1.000000 4
5109 -1.000000 4
5113 -1.000000 4
5117 -1.000000 4
5121 -1.000000 4
5125 -1.000000 4
5129 -1.000000 4
5133 -1.000000 4
5137 -1.000000 4
5141 -1.000000 4
5145 -1.000000 4
5149 -1.000000 4
5153 -1.000000 4
5157 -1.000000 4
5161 -1.000000 4
5165 -1.000000 4
5169 -1.000000 4
5173 -1.000000 4
5177 -1.000000 4
5181 -1.000000 4
5185 -1.000000 4
5189 -1.000000 4
5193 -1.000000 4
5197 -1.000000 4
5201 -1.000000 4
5205 -1.000000 4
5209 -1.000000 4
5213 -1.000000 4
5217 -1.000000 4
5221 -1.000000 4
5225 -1.000000 4
5229 -1.000000 4
5233 -1.000000 4
5237 -1.000000 4
5241 -1.000000 4
5245 -1.000000 4
5249 -1.000000 4
5253 -1.000000 4
5257 -1.000000 4
5261 -1.000000 4
5265 -1.000000 4
5269 -1.000000 4
5273 -1.000000 4
5277 -1.000000 4
5281 -1.000000 4
5285 -1.000000 4
5289 -1.000000 4
5293 -1.000000 4
5297 -1.000000 4
5301 -1.000000 4
5305 -1.000000 4
5309 -1.000000 4
5313 -1.000000 4
5317 -1.000000 4
5321 -1.000000 4
5325 -1.000000 4
5329 -1.000000 4
5333 -1.000000 4
5337 -1.000000 4
5341 -1.000000 4
5345 -1.000000 4
5349 -1.000000 4
5353 -1.000000 4
5357 -1.000000 4
5361 -1.000000 4
5365 -1.000000 4
5369 -1.000000 4
5373 -1.000000 4
5377 -1.000000 4
5381 -1.000000 4
5385 -1.000000 4
5389 -1.000000 4
5393 -1.000000 4
5397 -1.000000 4
5401 -1.000000 4
5405 -1.000000 4
5409 -1.000000 4
5413 -1.000000 4
5417 -1.000000 4
5421 -1.000000 4
5425 -1.000000 4
5429 -1.000000 4
5433 -1.000000 4
5437 -1.000000 4
5441 -1.000000 4
5445 -1.000000 4
5449 -1.000000 4
5453 -1.000000 4
5457 -1.000000 4
5461 -1.000000 4
5465 -1.000000 4
5469 -1.000000 4
5473 -1.000000 4
5477 -1.000000 4
5481 -1.000000 4
5485 -1.000000 4
5489 -1.000000 4
5493 -1.000000 4
5497 -1.000000 4
5501 -1.000000 4
5505 -1.000000 4
5509 -1.000000 4
5513 -1.000000 4
5517 -1.000000 4
5521 -1.000000 4
5525 -1.000000 4
5529 -1.000000 4
5533 -1.000000 4
5537 -1.000000 4
5541 -1.000000 4
5545 -1.000000 4
5549 -1.000000 4
5553 -1.000000 4
5557 -1.000000 4
5561 -1.000000 4
5565 -1.000000 4
5569 -1.000000 4
5573 -1.000000 4
5577 -1.000000 4
5581 -1.000000 4
5585 -1.000000 4
5589 -1.000000 4
5593 -1.000000 4
5597 -1.000000 4
5601 -1.000000 4
5605 -1.000000 4
5609 -1.000000 4
5613 -1.000000 4
5617 -1.000000 4
5621 -1.000000 4
5625 -1.000000 4
5629 -1.000000 4
5633 -1.000000 4
5637 -1.000000 4
5641 -1.000000 4
5645 -1.000000 4
5649 -1.000000 4
5653 -1.000000 4
5657 -1.000000 4
5661 -1.000000 4
5665 -1.000000 4
5669 -1.000000 4
5673 -1.000000 4
5677 -1.000000 4
5681 -1.000000 4
5685 -1.000000 4
5689 -1.000000 4
5693 -1.000000 4
5697 -1.000000 4
5701 -1.000000 4
5705 -1.000000 4
5709 -1.000000 4
5713 -1.000000 4
5717 -1.000000 4
5721 -1.000000 4
5725 -1.000000 4
5729 -1.000000 4
5733 -1.000000 4
5737 -1.000000 4
5741 -1.000000 4
5745 -1.000000 4
5749 -1.000000 4
5753 -1.000000 4
5757 -1.000000 4
5761 -1.000000 4
5765 -1.000000 4
5769 -1.000000 4
5773 -1.000000 4
5777 -1.000000 4
5781 -1.000000 4
5785 -1.000000 4
5789 -1.000000 4
5793 -1.000000 4
5797 -1.000000 4
5801 -1.000000 4
5805 -1.000000 4
5809 -1.000000 4
5813 -1.000000 4
5817 -1.000000 4
5821 -1.000000 4
5825 -1.000000 4
5829 -1.000000 4
5833 -1.000000 4
5837 -1.000000 4
5841 -1.000000 4
5845 -1.000000 4
5849 -1.000000 4
5853 -1.000000 4
5857 -1.000000 4
5861 -1.000000 4
5865 -1.000000 4
5869 -1.000000 4
5873 -1.000000 4
5877 -1.000000 4
5881 -1.000000 4
5885 -1.000000 4
5889 -1.000000 4
5893 -1.000000 4
5897 -1.000000 4
5901 -1.000000 4
5905 -1.000000 4
5909 -1.000000 4
5913 -1.000000 4
5917 -1.000000 4
5921 -1.000000 4
5925 -1.000000 4
5929 -1.000000 4
5933 -1.000000 4
5937 -1.000000 4
5941 -1.000000 4
5945 -1.000000 4
5949 -1.000000 4
5953 -1.000000 4
5957 -1.000000 4
5961 -1.000000 4
5965 -1.000000 4
5969 -1.000000 4
5973 -1.000000 4
5977 -1.000000 4
5981 -1.000000 4
5985 -1.000000 4
5989 -1.000000 4
5993 -1.000000 4
5997 -1.000000 4
6001 -1.000000 4
6005 -1.000000 4
6009 -1.000000 4
6013 -1.000000 4
6017 -1.000000 4
6021 -1.000000 4
6025 -1.000000 4
6029 -1.000000 4
6033 -1.000000 4
6037 -1.000000 4
6041 -1.000000 4
6045 -1.000000 4
6049 -1.000000 4
6053 -1.000000 4
6057 -1.000000 4
6061 -1.000000 4
6065 -1.000000 4
6069 -1.000000 4
6073 -1.000000 4
6077 -1.000000 4
6081 -1.000000 4
6085 -1.000000 4
6089 -1.000000 4
6093 -1.000000 4
6097 -1.000000 4
6101 -1.000000 4
6105 -1.000000 4
6109 -1.000000 4
6113 -1.000000 4
6117 -1.000000 4
6121 -1.000000 4
6125 -1.000000 4
6129 -1.000000 4
6133 -1.000000 4
6137 -1.000000 4
6141 -1.000000 4
6145 -1.000000 4
6149 -1.000000 4
6153 -1.000000 4
6157 -1.000000 4
6161 -1.000000 4
6165 -1.000000 4
6169 -1.000000 4
6173 -1.000000 4
6177 -1.000000 4
6181 -1.000000 4
6185 -1.000000 4
6189 -1.000000 4
6193 -1.000000 4
6197 -1.000000 4
6201 -1.000000 4
6205 -1.000000 4
6209 -1.000000 4
6213 -1.000000 4
6217 -1.000000 4
6221 -1.000000 4
6225 -1.000000 4
6229 -1.000000 4
6233 -1.000000 4
6237 -1.000000 4
6241 -1.000000 4
6245 -1.000000 4
6249 -1.000000 4
6253 -1.000000 4
6257 -1.000000 4
6261 -1.000000 4
6265 -1.000000 4
6269 -1.000000 4
6273 -1.000000 4
6277 -1.000000 4
6281 -1.000000 4
6285 -1.000000 4
6289 -1.000000 4
6293 -1.000000 4
6297 -1.000000 4
6301 -1.000000 4
6305 -1.000000 4
6309 -1.000000 4
6313 -1.000000 4
6317 -1.000000 4
6321 -1.000000 4
6325 -1.000000 4
6329 -1.000000 4
6333 -1.000000 4
6337 -1.000000 4
6341 -1.000000 4
6345 -1.000000 4
6349 -1.000000 4
6353 -1.000000 4
6357 -1.000000 4
6361 -1.000000 4
6365 -1.000000 4
6369 -1.000000 4
6373 -1.000000 4
6377 -1.000000 4
6381 -1.000000 4
6385 -1.000000 4
6389 -1.000000 4
6393 -1.000000 4
6397 -1.000000 4
6401 -1.000000 4
6405 -1.000000 4
6409 -1.000000 4
6413 -1.000000 4
6417 -1.000000 4
6421 -1.000000 4
6425 -1.000000 4
6429 -1.000000 4
6433 -1.000000 4
6437 -1.000000 4
6441 -1.000000 4
6445 -1.000000 4
6449 -1.000000 4
6453 -1.000000 4
6457 -1.000000 4
6461 -1.000000 4
6465 -1.000000 4
6469 -1.000000 4
6473 -1.000000 4
6477 -1.000000 4
6481 -1.000000 4
6485 -1.000000 4
6489 -1.000000 4
6493 -1.000000 4
6497 -1.000000 4
6501 -1.000000 4
6505 -1.000000 4
6509 -1.000000 4
6513 -1.000000 4
6517 -1.000000 4
6521 -1.000000 4
6525 -1.000000 4
6529 -1.000000 4
6533 -1.000000 4
6537 -1.000000 4
6541 -1.000000 4
6545 -1.000000 4
6549 -1.000000 4
6553 -1.000000 4
6557 -1.000000 4
6561 -1.000000 4
6565 -1.000000 4
6569 -1.000000 4
6573 -1.000000 4
6577 -1.000000 4
6581 -1.000000 4
6585 -1.000000 4
6589 -1.000000 4
6593 -1.000000 4
6597 -1.000000 4
6601 -1.000000 4
6605 -1.000000 4
6609 -1.000000 4
6613 -1.000000 4
6617 -1.000000 4
6621 -1.000000 4
6625 -1.000000 4
6629 -1.000000 4
6633 -1.000000 4
6637 -1.000000 4
6641 -1.000000 4
6645 -1.000000 4
6649 -1.000000 4
6653 -1.000000 4
6657 -1.000000 4
6661 -1.000000 4
6665 -1.000000 4
6669 -1.000000 4
6673 -1.000000 4
6677 -1.000000 4
6681 -1.000000 4
6685 -1.000000 4
6689 -1.000000 4
6693 -1.000000 4
6697 -1.000000 4
6701 -1.000000 4
6705 -1.000000 4
6709 -1.000000 4
6713 -1.000000 4
6717 -1.000000 4
6721 -1.000000 4
6725 -1.000000 4
6729 -1.000000 4
6733 -1.000000 4
6737 -1.000000 4
6741 -1.000000 4
6745 -1.000000 4
6749 -1.000000 4
6753 -1.000000 4
6757 -1.000000 4
6761 -1.000000 4
6765 -1.000000 4
6769 -1.000000 4
6773 -1.000000 4
6777 -1.000000 4
6781 -1.000000 4
6785 -1.000000 4
6789 -1.000000 4
6793 -1.000000 4
6797 -1.000000 4
6801 -1.000000 4
6805 -1.000000 4
6809 -1.000000 4
6813 -1.000000 4
6817 -1.000000 4
6821 -1.000000 4
6825 -1.000000 4
6829 -1.000000 4
6833 -1.000000 4
6837 -1.000000 4
6841 -1.000000 4
6845 -1.000000 4
6849 -1.000000 4
6853 -1.000000 4
6857 -1.000000 4
6861 -1.000000 4
6865 -1.000000 4
6869 -1.000000 4
6873 -1.000000 4
6877 -1.000000 4
6881 -1.000000 4
6885 -1.000000 4
6889 -1.000000 4
6893 -1.000000 4
6897 -1.000000 4
6901 -1.000000 4
6905 -1.000000 4
6909 -1.000000 4
6913 -1.000000 4
6917 -1.000000 4
6921 -1.000000 4
6925 -1.000000 4
6929 -1.000000 4
6933 -1.000000 4
6937 -1.000000 4
6941 -1.000000 4
6945 -1.000000 4
6949 -1.000000 4
6953 -1.000000 4
6957 -1.000000 4
6961 -1.000000 4
6965 -1.000000 4
6969 -1.000000 4
6973 -1.000000 4
6977 -1.000000 4
6981 -1.000000 4
6985 -1.000000 4
6989 -1.000000 4
6993 -1.000000 4
6997 -1.000000 4
7001 -1.000000 4
7005 -1.000000 4
7009 -1.000000 4
7013 -1.000000 4
7017 -1.000000 4
7021 -1.000000 4
7025 -1.000000 4
7029 -1.000000 4
7033 -1.000000 4
7037 -1.000000 4
7041 -1.000000 4
7045 -1.000000 4
7049 -1.000000 4
7053 -1.000000 4
7057 -1.000000 4
7061 -1.000000 4
7065 -1.000000 4
7069 -1.000000 4
7073 -1.000000 4
7077 -1.000000 4
7081 -1.000000 4
7085 -1.000000 4
7089 -1.000000 4
7093 -1.000000 4
7097 -1.000000 4
7101 -1.000000 4
7105 -1.000000 4
7109 -1.000000 4
7113 -1.000000 4
7117 -1.000000 4
7121 -1.000000 4
7125 -1.000000 4
7129 -1.000000 4
7133 -1.000000 4
7137 -1.000000 4
7141 -1.000000 4
7145 -1.000000 4
7149 -1.000000 4
7153 -1.000000 4
7157 -1.000000 4
7161 -1.000000 4
7165 -1.000000 4
7169 -1.000000 4
7173 -1.000000 4
7177 -1.000000 4
7181 -1.000000 4
7185 -1.000000 4
7189 -1.000000 4
7193 -1.000000 4
7197 -1.000000 4
7201 -1.000000 4
7205 -1.000000 4
7209 -1.000000 4
7213 -1.000000 4
7217 -1.000000 4
7221 -1.000000 4
7225 -1.000000 4
7229 -1.000000 4
7233 -1.000000 4
7237 -1.000000 4
7241 -1.000000 4
7245 -1.000000 4
7249 -1.000000 4
7253 -1.000000 4
7257 -1.000000 4
7261 -1.000000 4
7265 -1.000000 4
7269 -1.000000 4
7273 -1.000000 4
7277 -1.000000 4
7281 -1.000000 4
7285 -1.000000 4
7289 -1.000000 4
7293 -1.000000 4
7297 -1.000000 4
7301 -1.000000 4
7305 -1.000000 4
7309 -1.000000 4
7313 -1.000000 4
7317 -1.000000 4
7321 -1.000000 4
7325 -1.000000 4
7329 -1.000000 4
7333 -1.000000 4
7337 -1.000000 4
7341 -1.000000 4
7345 -1.000000 4
7349 -1.000000 4
7353 -1.000000 4
7357 -1.000000 4
7361 -1.000000 4
7365 -1.000000 4
7369 -1.000000 4
7373 -1.000000 4
7377 -1.000000 4
7381 -1.000000 4
7385 -1.000000 4
7389 -1.000000 4
7393 -1.000000 4
7397 -1.000000 4
7401 -1.000000 4
7405 -1.000000 4
7409 -1.000000 4
7413 -1.000000 4
7417 -1.000000 4
7421 -1.000000 4
7425 -1.000000 4
7429 -1.000000 4
7433 -1.000000 4
7437 -1.000000 4
7441 -1.000000 4
7445 -1.000000 4
7449 -1.000000 4
7453 -1.000000 4
7457 -1.000000 4
7461 -1.000000 4
7465 -1.000000 4
7469 -1.000000 4
7473 -1.000000 4
7477 -1.000000 4
7481 -1.000000 4
7485 -1.000000 4
7489 -1.000000 4
7493 -1.000000 4
7497 -1.000000 4
7501 -1.000000 4
7505 -1.000000 4
7509 -1.000000 4
7513 -1.000000 4
7517 -1.000000 4
7521 -1.000000 4
7525 -1.000000 4
7529 -1.000000 4
7533 -1.000000 4
7537 -1.000000 4
7541 -1.000000 4
7545 -1.000000 4
7549 -1.000000 4
7553 -1.000000 4
7557 -1.000000 4
7561 -1.000000 4
7565 -1.000000 4
7569 -1.000000 4
7573 -1.000000 4
7577 -1.000000 4
7581 -1.000000 4
7585 -1.000000 4
7589 -1.000000 4
7593 -1.000000 4
7597 -1.000000 4
7601 -1.000000 4
7605 -1.000000 4
7609 -1.000000 4
7613 -1.000000 4
7617 -1.000000 4
7621 -1.000000 4
7625 -1.000000 4
7629 -1.000000 4
7633 -1.000000 4
7637 -1.000000 4
7641 -1.000000 4
7645 -1.000000 4
7649 -1.000000 4
7653 -1.000000 4
7657 -1.000000 4
7661 -1.000000 4
7665 -1.000000 4
7669 -1.000000 4
7673 -1.000000 4
7677 -1.000000 4
7681 -1.000000 4
7685 -1.000000 4
7689 -1.000000 4
7693 -1.000000 4
7697 -1.000000 4
7701 -1.000000 4
7705 -1.000000 4
7709 -1.000000 4
7713 -1.000000 4
7717 -1.000000 4
7721 -1.000000 4
7725 -1.000000 4
7729 -1.000000 4
7733 -1.000000 4
7737 -1.000000 4
7741 -1.000000 4
7745 -1.000000 4
7749 -1.000000 4
7753 -1.000000 4
7757 -1.000000 4
7761 -1.000000 4
7765 -1.000000 4
7769 -1.000000 4
7773 -1.000000 4
7777 -1.000000 4
7781 -1.000000 4
7785 -1.000000 4
7789 -1.000000 4
7793 -1.000000 4
7797 -1.000000 4
7801 -1.000000 4
7805 -1.000000 4
7809 -1.000000 4
7813 -1.000000 4
7817 -1.000000 4
7821 -1.000000 4
7825 -1.000000 4
7829 -1.000000 4
7833 -1.000000 4
7837 -1.000000 4
7841 -1.000000 4
7845 -1.000000 4
7849 -1.000000 4
7853 -1.000000 4
7857 -1.000000 4
7861 -1.000000 4
7865 -1.000000 4
7869 -1.000000 4
7873 -1.000000 4
7877 -1.000000 4
7881 -1.000000 4
7885 -1.000000 4
7889 -1.000000 4
7893 -1.000000 4
7897 -1.000000 4
7901 -1.000000 4
7905 -1.000000 4
7909 -1.000000 4
7913 -1.000000 4
7917 -1.000000 4
7921 -1.000000 4
7925 -1.000000 4
7929 -1.000000 4
7933 -1.000000 4
7937 -1.000000 4
7941 -1.000000 4
7945 -1.000000 4
7949 -1.000000 4
7953 -1.000000 4
7957 -1.000000 4
7961 -1.000000 4
7965 -1.000000 4
7969 -1.000000 4
7973 -1.000000 4
7977 -1.000000 4
7981 -1.000000 4
7985 -1.000000 4
7989 -1.000000 4
7993 -1.000000 4
7997 -1.000000 4
8001 -1.000000 4
8005 -1.000000 4
8009 -1.000000 4
8013 -1.000000 4
8017 -1.000000 4
8021 -1.000000 4
8025 -1.000000 4
8029 -1.000000 4
8033 -1.000000 4
8037 -1.000000 4
8041 -1.000000 4
8045 -1.000000 4
8049 -1.000000 4
8053 -1.000000 4
8057 -1.000000 4
8061 -1.000000 4
8065 -1.000000 4
8069 -1.000000 4
8073 -1.000000 4
8077 -1.000000 4
8081 -1.000000 4
8085 -1.000000 4
8089 -1.000000 4
8093 -1.000000 4
8097 -1.000000 4
8101 -1.000000 4
8105 -1.000000 4
8109 -1.000000 4
8113 -1.000000 4
8117 -1.000000 4
8121 -1.000000 4
8125 -1.000000 4
8129 -1.000000 4
8133 -1.000000 4
8137 -1.000000 4
8141 -1.000000 4
8145 -1.000000 4
8149 -1.000000 4
8153 -1.000000 4
8157 -1.000000 4
8161 -1.000000 4
8165 -1.000000 4
8169 -1.000000 4
8173 -1.000000 4
8177 -1.000000 4
8181 -1.000000 4
8185 -1.000000 4
8189 -1.000000 4
8193 -1.000000 4
8197 -1.000000 4
8201 -1.000000 4
8205 -1.000000 4
8209 -1.000000 4
8213 -1.000000 4
8217 -1.000000 4
8221 -1.000000 4
8225 -1.000000 4
8229 -1.000000 4
8233 -1.000000 4
8237 -1.000000 4
8241 -1.000000 4
8245 -1.000000 4
8249 -1.000000 4
8253 -1.000000 4
8257 -1.000000 4
8261 -1.000000 4
8265 -1.000000 4
8269 -1.000000 4
8273 -1.000000 4
8277 -1.000000 4
8281 -1.000000 4
8285 -1.000000 4
8289 -1.000000 4
8293 -1.000000 4
8297 -1.000000 4
8301 -1.000000 4
8305 -1.000000 4
8309 -1.000000 4
8313 -1.000000 4
8317 -1.000000 4
8321 -1.000000 4
8325 -1.000000 4
8329 -1.000000 4
8333 -1.000000 4
8337 -1.000000 4
8341 -1.000000 4
8345 -1.000000 4
8349 -1.000000 4
8353 -1.000000 4
8357 -1.000000 4
8361 -1.000000 4
8365 -1.000000 4
8369 -1.000000 4
8373 -1.000000 4
8377 -1.000000 4
8381 -1.000000 4
8385 -1.000000 4
8389 -1.000000 4
8393 -1.000000 4
8397 -1.000000 4
8401 -1.000000 4
8405 -1.000000 4
8409 -1.000000 4
8413 -1.000000 4
8417 -1.000000 4
8421 -1.000000 4
8425 -1.000000 4
8429 -1.000000 4
8433 -1.000000 4
8437 -1.000000 4
8441 -1.000000 4
8445 -1.000000 4
8449 -1.000000 4
8453 -1.000000 4
8457 -1.000000 4
8461 -1.000000 4
8465 -1.000000 4
8469 -1.000000 4
8473 -1.000000 4
8477 -1.000000 4
8481 -1.000000 4
8485 -1.000000 4
8489 -1.000000 4
8493 -1.000000 4
8497 -1.000000 4
8501 -1.000000 4
8505 -1.000000 4
8509 -1.000000 4
8513 -1.000000 4
8517 -1.000000 4
8521 -1.000000 4
8525 -1.000000 4
8529 -1.000000 4
8533 -1.000000 4
8537 -1.000000 4
8541 -1.000000 4
8545 -1.000000 4
8549 -1.000000 4
8553 -1.000000 4
8557 -1.000000 4
8561 -1.000000 4
8565 -1.000000 4
8569 -1.000000 4
8573 -1.000000 4
8577 -1.000000 4
8581 -1.000000 4
8585 -1.000000 4
8589 -1.000000 4
8593 -1.000000 4
8597 -1.000000 4
8601 -1.000000 4
8605 -1.000000 4
8609 -1.000000 4
8613 -1.000000 4
8617 -1.000000 4
8621 -1.000000 4
8625 -1.000000 4
8629 -1.000000 4
8633 -1.000000 4
8637 -1.000000 4
8641 -1.000000 4
8645 -1.000000 4
8649 -1.000000 4
8653 -1.000000 4
8657 -1.000000 4
8661 -1.000000 4
8665 -1.000000 4
8669 -1.000000 4
8673 -1.000000 4
8677 -1.000000 4
8681 -1.000000 4
8685 -1.000000 4
8689 -1.000000 4
8693 -1.000000 4
8697 -1.000000 4
8701 -1.000000 4
8705 -1.000000 4
8709 -1.000000 4
8713 -1.000000 4
8717 -1.000000 4
8721 -1.000000 4
8725 -1.000000 4
8729 -1.000000 4
8733 -1.000000 4
8737 -1.000000 4
8741 -1.000000 4
8745 -1.000000 4
8749 -1.000000 4
8753 -1.000000 4
8757 -1.000000 4
8761 -1.000000 4
8765 -1.000000 4
8769 -1.000000 4
8773 -1.000000 4
8777 -1.000000 4
8781 -1.000000 4
8785 -1.000000 4
8789 -1.000000 4
8793 -1.000000 4
8797 -1.000000 4
8801 -1.000000 4
8805 -1.000000 4
8809 -1.000000 4
8813 -1.000000 4
8817 -1.000000 4
8821 -1.000000 4
8825 -1.000000 4
8829 -1.000000 4
8833 -1.000000 4
8837 -1.000000 4
8841 -1.000000 4
8845 -1.000000 4
8849 -1.000000 4
8853 -1.000000 4
8857 -1.000000 4
8861 -1.000000 4
8865 -1.000000 4
8869 -1.000000 4
8873 -1.000000 4
8877 -1.000000 4
8881 -1.000000 4
8885 -1.000000 4
8889 -1.000000 4
8893 -1.000000 4
8897 -1.000000 4
8901 -1.000000 4
8905 -1.000000 4
8909 -1.000000 4
8913 -1.000000 4
8917 -1.000000 4
8921 -1.000000 4
8925 -1.000000 4
8929 -1.000000 4
8933 -1.000000 4
8937 -1.000000 4
8941 -1.000000 4
8945 -1.000000 4
8949 -1.000000 4
8953 -1.000000 4
8957 -1.000000 4
8961 -1.000000 4
8965 -1.000000 4
8969 -1.000000 4
8973 -1.000000 4
8977 -1.000000 4
8981 -1.000000 4
8985 -1.000000 4
8989 -1.000000 4
8993 -1.000000 4
8997 -1.000000 4
9001 -1.000000 4
9005 -1.000000 4
9009 -1.000000 4
9013 -1.000000 4
9017 -1.000000 4
9021 -1.000000 4
9025 -1.000000 4
9029 -1.000000 4
9033 -1.000000 4
9037 -1.000000 4
9041 -1.000000 4
9045 -1.000000 4
9049 -1.000000 4
9053 -1.000000 4
9057 -1.000000 4
9061 -1.000000 4
9065 -1.000000 4
9069 -1.000000 4
9073 -1.000000 4
9077 -1.000000 4
9081 -1.000000 4
9085 -1.000000 4
9089 -1.000000 4
9093 -1.000000 4
9097 -1.000000 4
9101 -1.000000 4
9105 -1.000000 4
9109 -1.000000 4
9113 -1.000000 4
9117 -1.000000 4
9121 -1.000000 4
9125 -1.000000 4
9129 -1.000000 4
9133 -1.000000 4
9137 -1.000000 4
9141 -1.000000 4
9145 -1.000000 4
9149 -1.000000 4
9153 -1.000000 4
9157 -1.000000 4
9161 -1.000000 4
9165 -1.000000 4
9169 -1.000000 4
9173 -1.000000 4
9177 -1.000000 4
9181 -1.000000 4
9185 -1.000000 4
9189 -1.000000 4
9193 -1.000000 4
9197 -1.000000 4
9201 -1.000000 4
9205 -1.000000 4
9209 -1.000000 4
9213 -1.000000 4
9217 -1.000000 4
9221 -1.000000 4
9225 -1.000000 4
9229 -1.000000 4
9233 -1.000000 4
9237 -1.000000 4
9241 -1.000000 4
9245 -1.000000 4
9249 -1.000000 4
9253 -1.000000 4
9257 -1.000000 4
9261 -1.000000 4
9265 -1.000000 4
9269 -1.000000 4
9273 -1.000000 4
9277 -1.000000 4
9281 -1.000000 4
9285 -1.000000 4
9289 -1.000000 4
9293 -1.000000 4
9297 -1.000000 4
9301 -1.000000 4
9305 -1.000000 4
9309 -1.000000 4
9313 -1.000000 4
9317 -1.000000 4
9321 -1.000000 4
9325 -1.000000 4
9329 -1.000000 4
9333 -1.000000 4
9337 -1.000000 4
9341 -1.000000 4
9345 -1.000000 4
9349 -1.000000 4
9353 -1.000000 4
9357 -1.000000 4
9361 -1.000000 4
9365 -1.000000 4
9369 -1.000000 4
9373 -1.000000 4
9377 -1.000000 4
9381 -1.000000 4
9385 -1.000000 4
9389 -1.000000 4
9393 -1.000000 4
9397 -1.000000 4
9401 -1.000000 4
9405 -1.000000 4
9409 -1.000000 4
9413 -1.000000 4
9417 -1.000000 4
9421 -1.000000 4
9425 -1.000000 4
9429 -1.000000 4
9433 -1.000000 4
9437 -1.000000 4
9441 -1.000000 4
9445 -1.000000 4
9449 -1.000000 4
9453 -1.000000 4
9457 -1.000000 4
9461 -1.000000 4
9465 -1.000000 4
9469 -1.000000 4
9473 -1.000000 4
9477 -1.000000 4
9481 -1.000000 4
9485 -1.000000 4
9489 -1.000000 4
9493 -1.000000 4
9497 -1.000000 4
9501 -1.000000 4
9505 -1.000000 4
9509 -1.000000 4
9513 -1.000000 4
9517 -1.000000 4
9521 -1.000000 4
9525 -1.000000 4
9529 -1.000000 4
9533 -1.000000 4
9537 -1.000000 4
9541 -1.000000 4
9545 -1.000000 4
9549 -1.000000 4
9553 -1.000000 4
9557 -1.000000 4
9561 -1.000000 4
9565 -1.000000 4
9569 -1.000000 4
9573 -1.000000 4
9577 -1.000000 4
9581 -1.000000 4
9585 -1.000000 4
9589 -1.000000 4
9593 -1.000000 4
9597 -1.000000 4
9601 -1.000000 4
9605 -1.000000 4
9609 -1.000000 4
9613 -1.000000 4
9617 -1.000000 4
9621 -1.000000 4
9625 -1.000000 4
9629 -1.000000 4
9633 -1.000000 4
9637 -1.000000 4
9641 -1.000000 4
9645 -1.000000 4
9649 -1.000000 4
9653 -1.000000 4
9657 -1.000000 4
9661 -1.000000 4
9665 -1.000000 4
9669 -1.000000 4
9673 -1.000000 4
9677 -1.000000 4
9681 -1.000000 4
9685 -1.000000 4
9689 -1.000000 4
9693 -1.000000 4
9697 -1.000000 4
9701 -1.000000 4
9705 -1.000000 4
9709 -1.000000 4
9713 -1.000000 4
9717 -1.000000 4
9721 -1.000000 4
9725 -1.000000 4
9729 -1.000000 4
9733 -1.000000 4
9737 -1.000000 4
9741 -1.000000 4
9745 -1.000000 4
9749 -1.000000 4
9753 -1.000000 4
9757 -1.000000 4
9761 -1.000000 4
9765 -1.000000 4
9769 -1.000000 4
9773 -1.000000 4
9777 -1.000000 4
9781 -1.000000 4
9785 -1.000000 4
9789 -1.000000 4
9793 -1.000000 4
9797 -1.000000 4
9801 -1.000000 4
9805 -1.000000 4
9809 -1.000000 4
9813 -1.000000 4
9817 -1.000000 4
9821 -1.000000 4
9825 -1.000000 4
9829 -1.000000 4
9833 -1.000000 4
9837 -1.000000 4
9841 -1.000000 4
9845 -1.000000 4
9849 -1.000000 4
9853 -1.000000 4
9857 -1.000000 4
9861 -1.000000 4
9865 -1.000000 4
9869 -1.000000 4
9873 -1.000000 4
9877 -1.000000 4
9881 -1.000000 4
9885 -1.000000 4
9889 -1.000000 4
9893 -1.000000 4
9897 -1.000000 4
9901 -1.000000 4
9905 -1.000000 4
9909 -1.000000 4
9913 -1.000000 4
9917 -1.000000 4
9921 -1.000000 4
9925 -1.000000 4
9929 -1.000000 4
9933 -1.000000 4
9937 -1.000000 4
9941 -1.000000 4
9945 -1.000000 4
9949 -1.000000 4
9953 -1.000000 4
9957 -1.000000 4
9961 -1.000000 4
9965 -1.000000 4
9969 -1.000000 4
9973 -1.000000 4
9977 -1.000000 4
9981 -1.000000 4
9985 -1.000000 4
9989 -1.000000 4
9993 -1.000000 4
9997 -1.000000 4
10001 -1.000000 4
10005 -1.000000 4
10009 -1.000000 4
10013 -1.000000 4
10017 -1.000000 4
10021 -1.000000 4
10025 -1.000000 4
10029 -1.000000 4
10033 -1.000000 4
10037 -1.000000 4
10041 -1.000000 4
10045 -1.000000 4
10049 -1.000000 4
10053 -1.000000 4
10057 -1.000000 4
10061 -1.000000 4
10065 -1.000000 4
10069 -1.000000 4
10073 -1.000000 4
10077 -1.000000 4
10081 -1.000000 4
10085 -1.000000 4
10089 -1.000000 4
10093 -1.000000 4
10097 -1.000000 4
10101 -1.000000 4
10105 -1.000000 4
10109 -1.000000 4
10113 -1.000000 4
10117 -1.000000 4
10121 -1.000000 4
10125 -1.000000 4
10129 -1.000000 4
10133 -1.000000 4
10137 -1.000000 4
10141 -1.000000 4
10145 -1.000000 4
10149 -1.000000 4
10153 -1.000000 4
10157 -1.000000 4
10161 -1.000000 4
10165 -1.000000 4
10169 -1.000000 4
10173 -1.000000 4
10177 -1.000000 4
10181 -1.000000 4
10185 -1.000000 4
10189 -1.000000 4
10193 -1.000000 4
10197 -1.000000 4
10201 -1.000000 4
10205 -1.000000 4
10209 -1.000000 4
10213 -1.000000 4
10217 -1.000000 4
10221 -1.000000 4
10225 -1.000000 4
10229 -1.000000 4
10233 -1.000000 4
10237 -1.000000 4
10241 -1.000000 4
10245 -1.000000 4
10249 -1.000000 4
10253 -1.000000 4
10257 -1.000000 4
10261 -1.000000 4
10265 -1.000000 4
10269 -1.000000 4
10273 -1.000000 4
10277 -1.000000 4
10281 -1.000000 4
10285 -1.000000 4
10289 -1.000000 4
10293 -1.000000 4
10297 -1.000000 4
10301 -1.000000 4
10305 -1.000000 4
10309 -1.000000 4
10313 -1.000000 4
10317 -1.000000 4
10321 -1.000000 4
10325 -1.000000 4
10329 -1.000000 4
10333 -1.000000 4
10337 -1.000000 4
10341 -1.000000 4
10345 -1.000000 4
10349 -1.000000 4
10353 -1.000000 4
10357 -1.000000 4
10361 -1.000000 4
10365 -1.000000 4
10369 -1.000000 4
10373 -1.000000 4
10377 -1.000000 4
10381 -1.000000 4
10385 -1.000000 4
10389 -1.000000 4
10393 -1.000000 4
10397 -1.000000 4
10401 -1.000000 4
10405 -1.000000 4
10409 -1.000000 4
10413 -1.000000 4
10417 -1.000000 4
10421 -1.000000 4
10425 -1.000000 4
10429 -1.000000 4
10433 -1.000000 4
10437 -1.000000 4
10441 -1.000000 4
10445 -1.000000 4
10449 -1.000000 4
10453 -1.000000 4
10457 -1.000000 4
10461 -1.000000 4
10465 -1.000000 4
10469 -1.000000 4
10473 -1.000000 4
10477 -1.000000 4
10481 -1.000000 4
10485 -1.000000 4
10489 -1.000000 4
10493 -1.000000 4
10497 -1.000000 4
10501 -1.000000 4
10505 -1.000000 4
10509 -1.000000 4
10513 -1.000000 4
10517 -1.000000 4
10521 -1.000000 4
10525 -1.000000 4
10529 -1.000000 4
10533 -1.000000 4
10537 -1.000000 4
10541 -1.000000 4
10545 -1.000000 4
10549 -1.000000 4
10553 -1.000000 4
10557 -1.000000 4
10561 -1.000000 4
10565 -1.000000 4
10569 -1.000000 4
10573 -1.000000 4
10577 -1.000000 4
10581 -1.000000 4
10585 -1.000000 4
10589 -1.000000 4
10593 -1.000000 4
10597 -1.000000 4
10601 -1.000000 4
10605 -1.000000 4
10609 -1.000000 4
10613 -1.000000 4
10617 -1.000000 4
10621 -1.000000 4
10625 -1.000000 4
10629 -1.000000 4
10633 -1.000000 4
10637 -1.000000 4
10641 -1.000000 4
10645 -1.000000 4
10649 -1.000000 4
10653 -1.000000 4
10657 -1.000000 4
10661 -1.000000 4
10665 -1.000000 4
10669 -1.000000 4
10673 -1.000000 4
10677 -1.000000 4
10681 -1.000000 4
10685 -1.000000 4
10689 -1.000000 4
10693 -1.000000 4
10697 -1.000000 4
10701 -1.000000 4
10705 -1.000000 4
10709 -1.000000 4
10713 -1.000000 4
10717 -1.000000 4
10721 -1.000000 4
10725 -1.000000 4
10729 -1.000000 4
10733 -1.000000 4
10737 -1.000000 4
10741 -1.000000 4
10745 -1.000000 4
10749 -1.000000 4
10753 -1.000000 4
10757 -1.000000 4
10761 -1.000000 4
10765 -1.000000 4
10769 -1.000000 4
10773 -1.000000 4
10777 -1.000000 4
10781 -1.000000 4
10785 -1.000000 4
10789 -1.000000 4
10793 -1.000000 4
10797 -1.000000 4
10801 -1.000000 4
10805 -1.000000 4
10809 -1.000000 4
10813 -1.000000 4
10817 -1.000000 4
10821 -1.000000 4
10825 -1.000000 4
10829 -1.000000 4
10833 -1.000000 4
10837 -1.000000 4
10841 -1.000000 4
10845 -1.000000 4
10849 -1.000000 4
10853 -1.000000 4
10857 -1.000000 4
10861 -1.000000 4
10865 -1.000000 4
10869 -1.000000 4
10873 -1.000000 4
10877 -1.000000 4
10881 -1.000000 4
10885 -1.000000 4
10889 -1.000000 4
10893 -1.000000 4
10897 -1.000000 4
10901 -1.000000 4
10905 -1.000000 4
10909 -1.000000 4
10913 -1.000000 4
10917 -1.000000 4
10921 -1.000000 4
10925 -1.000000 4
10929 -1.000000 4
10933 -1.000000 4
10937 -1.000000 4
10941 -1.000000 4
10945 -1.000000 4
10949 -1.000000 4
10953 -1.000000 4
10957 -1.000000 4
10961 -1.000000 4
10965 -1.000000 4
10969 -1.000000 4
10973 -1.000000 4
10977 -1.000000 4
10981 -1.000000 4
10985 -1.000000 4
10989 -1.000000 4
10993 -1.000000 4
10997 -1.000000 4
11001 -1.000000 4
11005 -1.000000 4
11009 -1.000000 4
11013 -1.000000 4
11017 -1.000000 4
11021 -1.000000 4
11025 -1.000000 4
11029 -1.000000 4
11033 -1.000000 4
11037 -1.000000 4
11041 -1.000000 4
11045 -1.000000 4
11049 -1.000000 4
11053 -1.000000 4
11057 -1.000000 4
11061 -1.000000 4
11065 -1.000000 4
11069 -1.000000 4
11073 -1.000000 4
11077 -1.000000 4
11081 -1.000000 4
11085 -1.000000 4
11089 -1.000000 4
11093 -1.000000 4
11097 -1.000000 4
11101 -1.000000 4
11105 -1.000000 4
11109 -1.000000 4
11113 -1.000000 4
11117 -1.000000 4
11121 -1.000000 4
11125 -1.000000 4
11129 -1.000000 4
11133 -1.000000 4
11137 -1.000000 4
11141 -1.000000 4
11145 -1.000000 4
11149 -1.000000 4
11153 -1.000000 4
11157 -1.000000 4
11161 -1.000000 4
11165 -1.000000 4
11169 -1.000000 4
11173 -1.000000 4
11177 -1.000000 4
11181 -1.000000 4
11185 -1.000000 4
11189 -1.000000 4
11193 -1.000000 4
11197 -1.000000 4
11201 -1.000000 4
11205 -1.000000 4
11209 -1.000000 4
11213 -1.000000 4
11217 -1.000000 4
11221 -1.000000 4
11225 -1.000000 4
11229 -1.000000 4
11233 -1.000000 4
11237 -1.000000 4
11241 -1.000000 4
11245 -1.000000 4
11249 -1.000000 4
11253 -1.000000 4
11257 -1.000000 4
11261 -1.000000 4
11265 -1.000000 4
11269 -1.000000 4
11273 -1.000000 4
11277 -1.000000 4
11281 -1.000000 4
11285 -1.000000 4
11289 -1.000000 4
11293 -1.000000 4
11297 -1.000000 4
11301 -1.000000 4
11305 -1.000000 4
11309 -1.000000 4
11313 -1.000000 4
11317 -1.000000 4
11321 -1.000000 4
11325 -1.000000 4
11329 -1.000000 4
11333 -1.000000 4
11337 -1.000000 4
11341 -1.000000 4
11345 -1.000000 4
11349 -1.000000 4
11353 -1.000000 4
11357 -1.000000 4
11361 -1.000000 4
11365 -1.000000 4
11369 -1.000000 4
11373 -1.000000 4
11377 -1.000000 4
11381 -1.000000 4
11385 -1.000000 4
11389 -1.000000 4
11393 -1.000000 4
11397 -1.000000 4
11401 -1.000000 4
11405 -1.000000 4
11409 -1.000000 4
11413 -1.000000 4
11417 -1.000000 4
11421 -1.000000 4
11425 -1.000000 4
11429 -1.000000 4
11433 -1.000000 4
11437 -1.000000 4
11441 -1.000000 4
11445 -1.000000 4
11449 -1.000000 4
11453 -1.000000 4
11457 -1.000000 4
11461 -1.000000 4
11465 -1.000000 4
11469 -1.000000 4
11473 -1.000000 4
11477 -1.000000 4
11481 -1.000000 4
11485 -1.000000 4
11489 -1.000000 4
11493 -1.000000 4
11497 -1.000000 4
11501 -1.000000 4
11505 -1.000000 4
11509 -1.000000 4
11513 -1.000000 4
11517 -1.000000 4
11521 -1.000000 4
11525 -1.000000 4
11529 -1.000000 4
11533 -1.000000 4
11537 -1.000000 4
11541 -1.000000 4
11545 -1.000000 4
11549 -1.000000 4
11553 -1.000000 4
11557 -1.000000 4
11561 -1.000000 4
11565 -1.000000 4
11569 -1.000000 4
11573 -1.000000 4
11577 -1.000000 4
11581 -1.000000 4
11585 -1.000000 4
11589 -1.000000 4
11593 -1.000000 4
11597 -1.000000 4
11601 -1.000000 4
11605 -1.000000 4
11609 -1.000000 4
11613 -1.000000 4
11617 -1.000000 4
11621 -1.000000 4
11625 -1.000000 4
11629 -1.000000 4
11633 -1.000000 4
11637 -1.000000 4
11641 -1.000000 4
11645 -1.000000 4
11649 -1.000000 4
11653 -1.000000 4
11657 -1.000000 4
11661 -1.000000 4
11665 -1.000000 4
11669 -1.000000 4
11673 -1.000000 4
11677 -1.000000 4
11681 -1.000000 4
11685 -1.000000 4
11689 -1.000000 4
11693 -1.000000 4
11697 -1.000000 4
11701 -1.000000 4
11705 -1.000000 4
11709 -1.000000 4
11713 -1.000000 4
11717 -1.000000 4
11721 -1.000000 4
11725 -1.000000 4
11729 -1.000000 4
11733 -1.000000 4
11737 -1.000000 4
11741 -1.000000 4
11745 -1.000000 4
11749 -1.000000 4
11753 -1.000000 4
11757 -1.000000 4
11761 -1.000000 4
11765 -1.000000 4
11769 -1.000000 4
11773 -1.000000 4
11777 -1.000000 4
11781 -1.000000 4
11785 -1.000000 4
11789 -1.000000 4
11793 -1.000000 4
11797 -1.000000 4
11801 -1.000000 4
11805 -1.000000 4
11809 -1.000000 4
11813 -1.000000 4
11817 -1.000000 4
11821 -1.000000 4
11825 -1.000000 4
11829 -1.000000 4
11833 -1.000000 4
11837 -1.000000 4
11841 -1.000000 4
11845 -1.000000 4
11849 -1.000000 4
11853 -1.000000 4
11857 -1.000000 4
11861 -1.000000 4
11865 -1.000000 4
11869 -1.000000 4
11873 -1.000000 4
11877 -1.000000 4
11881 -1.000000 4
11885 -1.000000 4
11889 -1.000000 4
11893 -1.000000 4
11897 -1.000000 4
11901 -1.000000 4
11905 -1.000000 4
11909 -1.000000 4
11913 -1.000000 4
11917 -1.000000 4
11921 -1.000000 4
11925 -1.000000 4
11929 -1.000000 4
11933 -1.000000 4
11937 -1.000000 4
11941 -1.000000 4
11945 -1.000000 4
11949 -1.000000 4
11953 -1.000000 4
11957 -1.000000 4
11961 -1.000000 4
11965 -1.000000 4
11969 -1.000000 4
11973 -1.000000 4
11977 -1.000000 4
11981 -1.000000 4
11985 -1.000000 4
11989 -1.000000 4
11993 -1.000000 4
11997 -1.000000 4
12001 -1.000000 4
12005 -1.000000 4
12009 -1.000000 4
12013 -1.000000 4
12017 -1.000000 4
12021 -1.000000 4
12025 -1.000000 4
12029 -1.000000 4
12033 -1.000000 4
12037 -1.000000 4
12041 -1.000000 4
12045 -1.000000 4
12049 -1.000000 4
12053 -1.000000 4
12057 -1.000000 4
12061 -1.000000 4
12065 -1.000000 4
12069 -1.000000 4
12073 -1.000000 4
12077 -1.000000 4
12081 -1.000000 4
12085 -1.000000 4
12089 -1.000000 4
12093 -1.000000 4
12097 -1.000000 4
12101 -1.000000 4
12105 -1.000000 4
12109 -1.000000 4
12113 -1.000000 4
12117 -1.000000 4
12121 -1.000000 4
12125 -1.000000 4
12129 -1.000000 4
12133 -1.000000 4
12137 -1.000000 4
12141 -1.000000 4
12145 -1.000000 4
12149 -1.000000 4
12153 -1.000000 4
12157 -1.000000 4
12161 -1.000000 4
12165 -1.000000 4
12169 -1.000000 4
12173 -1.000000 4
12177 -1.000000 4
12181 -1.000000 4
12185 -1.000000 4
12189 -1.000000 4
12193 -1.000000 4
12197 -1.000000 4
12201 -1.000000 4
12205 -1.000000 4
12209 -1.000000 4
12213 -1.000000 4
12217 -1.000000 4
12221 -1.000000 4
12225 -1.000000 4
12229 -1.000000 4
12233 -1.000000 4
12237 -1.000000 4
12241 -1.000000 4
12245 -1.000000 4
12249 -1.000000 4
12253 -1.000000 4
12257 -1.000000 4
12261 -1.000000 4
12265 -1.000000 4
12269 -1.000000 4
12273 -1.000000 4
12277 -1.000000 4
12281 -1.000000 4
12285 -1.000000 4
12289 -1.000000 4
12293 -1.000000 4
12297 -1.000000 4
12301 -1.000000 4
12305 -1.000000 4
12309 -1.000000 4
12313 -1.000000 4
12317 -1.000000 4
12321 -1.000000 4
12325 -1.000000 4
12329 -1.000000 4
12333 -1.000000 4
12337 -1.000000 4
12341 -1.000000 4
12345 -1.000000 4
12349 -1.000000 4
12353 -1.000000 4
12357 -1.000000 4
12361 -1.000000 4
12365 -1.000000 4
12369 -1.000000 4
12373 -1.000000 4
12377 -1.000000 4
12381 -1.000000 4
12385 -1.000000 4
12389 -1.000000 4
12393 -1.000000 4
12397 -1.000000 4
12401 -1.000000 4
12405 -1.000000 4
12409 -1.000000 4
12413 -1.000000 4
12417 -1.000000 4
12421 -1.000000 4
12425 -1.000000 4
12429 -1.000000 4
12433 -1.000000 4
12437 -1.000000 4
12441 -1.000000 4
12445 -1.000000 4
12449 -1.000000 4
12453 -1.000000 4
12457 -1.000000 4
12461 -1.000000 4
12465 -1.000000 4
12469 -1.000000 4
12473 -1.000000 4
12477 -1.000000 4
12481 -1.000000 4
12485 -1.000000 4
12489 -1.000000 4
12493 -1.000000 4
12497 -1.000000 4
12501 -1.000000 4
12505 -1.000000 4
12509 -1.000000 4
12513 -1.000000 4
12517 -1.000000 4
12521 -1.000000 4
12525 -1.000000 4
12529 -1.000000 4
12533 -1.000000 4
12537 -1.000000 4
12541 -1.000000 4
12545 -1.000000 4
12549 -1.000000 4
12553 -1.000000 4
12557 -1.000000 4
12561 -1.000000 4
12565 -1.000000 4
12569 -1.000000 4
12573 -1.000000 4
12577 -1.000000 4
12581 -1.000000 4
12585 -1.000000 4
12589 -1.000000 4
12593 -1.000000 4
12597 -1.000000 4
12601 -1.000000 4
12605 -1.000000 4
12609 -1.000000 4
12613 -1.000000 4
12617 -1.000000 4
12621 -1.000000 4
12625 -1.000000 4
12629 -1.000000 4
12633 -1.000000 4
12637 -1.000000 4
12641 -1.000000 4
12645 -1.000000 4
12649 -1.000000 4
12653 -1.000000 4
12657 -1.000000 4
12661 -1.000000 4
12665 -1.000000 4
12669 -1.000000 4
12673 -1.000000 4
12677 -1.000000 4
12681 -1.000000 4
12685 -1.000000 4
12689 -1.000000 4
12693 -1.000000 4
12697 -1.000000 4
12701 -1.000000 4
12705 -1.000000 4
12709 -1.000000 4
12713 -1.000000 4
12717 -1.000000 4
12721 -1.000000 4
12725 -1.000000 4
12729 -1.000000 4
12733 -1.000000 4
12737 -1.000000 4
12741 -1.000000 4
12745 -1.000000 4
12749 -1.000000 4
12753 -1.000000 4
12757 -1.000000 4
12761 -1.000000 4
12765 -1.000000 4
12769 -1.000000 4
12773 -1.000000 4
12777 -1.000000 4
12781 -1.000000 4
12785 -1.000000 4
12789 -1.000000 4
12793 -1.000000 4
12797 -1.000000 4
12801 -1.000000 4
12805 -1.000000 4
12809 -1.000000 4
12813 -1.000000 4
12817 -1.000000 4
12821 -1.000000 4
12825 -1.000000 4
12829 -1.000000 4
12833 -1.000000 4
12837 -1.000000 4
12841 -1.000000 4
12845 -1.000000 4
12849 -1.000000 4
12853 -1.000000 4
12857 -1.000000 4
12861 -1.000000 4
12865 -1.000000 4
12869 -1.000000 4
12873 -1.000000 4
12877 -1.000000 4
12881 -1.000000 4
12885 -1.000000 4
12889 -1.000000 4
12893 -1.000000 4
12897 -1.000000 4
12901 -1.000000 4
12905 -1.000000 4
12909 -1.000000 4
12913 -1.000000 4
12917 -1.000000 4
12921 -1.000000 4
12925 -1.000000 4
12929 -1.000000 4
12933 -1.000000 4
12937 -1.000000 4
12941 -1.000000 4
12945 -1.000000 4
12949 -1.000000 4
12953 -1.000000 4
12957 -1.000000 4
12961 -1.000000 4
12965 -1.000000 4
12969 -1.000000 4
12973 -1.000000 4
12977 -1.000000 4
12981 -1.000000 4
12985 -1.000000 4
12989 -1.000000 4
12993 -1.000000 4
12997 -1.000000 4
13001 -1.000000 4
13005 -1.000000 4
13009 -1.000000 4
13013 -1.000000 4
13017 -1.000000 4
13021 -1.000000 4
13025 -1.000000 4
13029 -1.000000 4
13033 -1.000000 4
13037 -1.000000 4
13041 -1.000000 4
13045 -1.000000 4
13049 -1.000000 4
13053 -1.000000 4
13057 -1.000000 4
13061 -1.000000 4
13065 -1.000000 4
13069 -1.000000 4
13073 -1.000000 4
13077 -1.000000 4
13081 -1.000000 4
13085 -1.000000 4
13089 -1.000000 4
13093 -1.000000 4
13097 -1.000000 4
13101 -1.000000 4
13105 -1.000000 4
13109 -1.000000 4
13113 -1.000000 4
13117 -1.000000 4
13121 -1.000000 4
13125 -1.000000 4
13129 -1.000000 4
13133 -1.000000 4
13137 -1.000000 4
13141 -1.000000 4
13145 -1.000000 4
13149 -1.000000 4
13153 -1.000000 4
13157 -1.000000 4
13161 -1.000000 4
13165 -1.000000 4
13169 -1.000000 4
13173 -1.000000 4
13177 -1.000000 4
13181 -1.000000 4
13185 -1.000000 4
13189 -1.000000 4
13193 -1.000000 4
13197 -1.000000 4
13201 -1.000000 4
13205 -1.000000 4
13209 -1.000000 4
13213 -1.000000 4
13217 -1.000000 4
13221 -1.000000 4
13225 -1.000000 4
13229 -1.000000 4
13233 -1.000000 4
13237 -1.000000 4
13241 -1.000000 4
13245 -1.000000 4
13249 -1.000000 4
13253 -1.000000 4
13257 -1.000000 4
13261 -1.000000 4
13265 -1.000000 4
13269 -1.000000 4
13273 -1.000000 4
13277 -1.000000 4
13281 -1.000000 4
13285 -1.000000 4
13289 -1.000000 4
13293 -1.000000 4
13297 -1.000000 4
13301 -1.000000 4
13305 -1.000000 4
13309 -1.000000 4
13313 -1.000000 4
13317 -1.000000 4
13321 -1.000000 4
13325 -1.000000 4
13329 -1.000000 4
13333 -1.000000 4
13337 -1.000000 4
13341 -1.000000 4
13345 -1.000000 4
13349 -1.000000 4
13353 -1.000000 4
13357 -1.000000 4
13361 -1.000000 4
13365 -1.000000 4
13369 -1.000000 4
13373 -1.000000 4
13377 -1.000000 4
13381 -1.000000 4
13385 -1.000000 4
13389 -1.000000 4
13393 -1.000000 4
13397 -1.000000 4
13401 -1.000000 4
13405 -1.000000 4
13409 -1.000000 4
13413 -1.000000 4
13417 -1.000000 4
13421 -1.000000 4
13425 -1.000000 4
13429 -1.000000 4
13433 -1.000000 4
13437 -1.000000 4
13441 -1.000000 4
13445 -1.000000 4
13449 -1.000000 4
13453 -1.000000 4
13457 -1.000000 4
13461 -1.000000 4
13465 -1.000000 4
13469 -1.000000 4
13473 -1.000000 4
13477 -1.000000 4
13481 -1.000000 4
13485 -1.000000 4
13489 -1.000000 4
13493 -1.000000 4
13497 -1.000000 4
13501 -1.000000 4
13505 -1.000000 4
13509 -1.000000 4
13513 -1.000000 4
13517 -1.000000 4
13521 -1.000000 4
13525 -1.000000 4
13529 -1.000000 4
13533 -1.000000 4
13537 -1.000000 4
13541 -1.000000 4
13545 -1.000000 4
13549 -1.000000 4
13553 -1.000000 4
13557 -1.000000 4
13561 -1.000000 4
13565 -1.000000 4
13569 -1.000000 4
13573 -1.000000 4
13577 -1.000000 4
13581 -1.000000 4
13585 -1.000000 4
13589 -1.000000 4
13593 -1.000000 4
13597 -1.000000 4
13601 -1.000000 4
13605 -1.000000 4
13609 -1.000000 4
13613 -1.000000 4
13617 -1.000000 4
13621 -1.000000 4
13625 -1.000000 4
13629 -1.000000 4
13633 -1.000000 4
13637 -1.000000 4
13641 -1.000000 4
13645 -1.000000 4
13649 -1.000000 4
13653 -1.000000 4
13657 -1.000000 4
13661 -1.000000 4
13665 -1.000000 4
13669 -1.000000 4
13673 -1.000000 4
13677 -1.000000 4
13681 -1.000000 4
13685 -1.000000 4
13689 -1.000000 4
13693 -1.000000 4
13697 -1.000000 4
13701 -1.000000 4
13705 -1.000000 4
13709 -1.000000 4
13713 -1.000000 4
13717 -1.000000 4
13721 -1.000000 4
13725 -1.000000 4
13729 -1.000000 4
13733 -1.000000 4
13737 -1.000000 4
13741 -1.000000 4
13745 -1.000000 4
13749 -1.000000 4
13753 -1.000000 4
13757 -1.000000 4
13761 -1.000000 4
13765 -1.000000 4
13769 -1.000000 4
13773 -1.000000 4
13777 -1.000000 4
13781 -1.000000 4
13785 -1.000000 4
13789 -1.000000 4
13793 -1.000000 4
13797 -1.000000 4
13801 -1.000000 4
13805 -1.000000 4
13809 -1.000000 4
13813 -1.000000 4
13817 -1.000000 4
13821 -1.000000 4
13825 -1.000000 4
13829 -1.000000 4
13833 -1.000000 4
13837 -1.000000 4
13841 -1.000000 4
13845 -1.000000 4
13849 -1.000000 4
13853 -1.000000 4
13857 -1.000000 4
13861 -1.000000 4
13865 -1.000000 4
13869 -1.000000 4
13873 -1.000000 4
13877 -1.000000 4
13881 -1.000000 4
13885 -1.000000 4
13889 -1.000000 4
13893 -1.000000 4
13897 -1.000000 4
13901 -1.000000 4
13905 -1.000000 4
13909 -1.000000 4
13913 -1.000000 4
13917 -1.000000 4
13921 -1.000000 4
13925 -1.000000 4
13929 -1.000000 4
13933 -1.000000 4
13937 -1.000000 4
13941 -1.000000 4
13945 -1.000000 4
13949 -1.000000 4
13953 -1.000000 4
13957 -1.000000 4
13961 -1.000000 4
13965 -1.000000 4
13969 -1.000000 4
13973 -1.000000 4
13977 -1.000000 4
13981 -1.000000 4
13985 -1.000000 4
13989 -1.000000 4
13993 -1.000000 4
13997 -1.000000 4
14001 -1.000000 4
14005 -1.000000 4
14009 -1.000000 4
14013 -1.000000 4
14017 -1.000000 4
14021 -1.000000 4
14025 -1.000000 4
14029 -1.000000 4
14033 -1.000000 4
14037 -1.000000 4
14041 -1.000000 4
14045 -1.000000 4
14049 -1.000000 4
14053 -1.000000 4
14057 -1.000000 4
14061 -1.000000 4
14065 -1.000000 4
14069 -1.000000 4
14073 -1.000000 4
14077 -1.000000 4
14081 -1.000000 4
14085 -1.000000 4
14089 -1.000000 4
14093 -1.000000 4
14097 -1.000000 4
14101 -1.000000 4
14105 -1.000000 4
14109 -1.000000 4
14113 -1.000000 4
14117 -1.000000 4
14121 -1.000000 4
14125 -1.000000 4
14129 -1.000000 4
14133 -1.000000 4
14137 -1.000000 4
14141 -1.000000 4
14145 -1.000000 4
14149 -1.000000 4
14153 -1.000000 4
14157 -1.000000 4
14161 -1.000000 4
14165 -1.000000 4
14169 -1.000000 4
14173 -1.000000 4
14177 -1.000000 4
14181 -1.000000 4
14185 -1.000000 4
14189 -1.000000 4
14193 -1.000000 4
14197 -1.000000 4
14201 -1.000000 4
14205 -1.000000 4
14209 -1.000000 4
14213 -1.000000 4
14217 -1.000000 4
14221 -1.000000 4
14225 -1.000000 4
14229 -1.000000 4
14233 -1.000000 4
14237 -1.000000 4
14241 -1.000000 4
14245 -1.000000 4
14249 -1.000000 4
14253 -1.000000 4
14257 -1.000000 4
14261 -1.000000 4
14265 -1.000000 4
14269 -1.000000 4
14273 -1.000000 4
14277 -1.000000 4
14281 -1.000000 4
14285 -1.000000 4
14289 -1.000000 4
14293 -1.000000 4
14297 -1.000000 4
14301 -1.000000 4
14305 -1.000000 4
14309 -1.000000 4
14313 -1.000000 4
14317 -1.000000 4
14321 -1.000000 4
14325 -1.000000 4
14329 -1.000000 4
14333 -1.000000 4
14337 -1.000000 4
14341 -1.000000 4
14345 -1.000000 4
14349 -1.000000 4
14353 -1.000000 4
14357 -1.000000 4
14361 -1.000000 4
14365 -1.000000 4
14369 -1.000000 4
14373 -1.000000 4
14377 -1.000000 4
14381 -1.000000 4
14385 -1.000000 4
14389 -1.000000 4
14393 -1.000000 4
14397 -1.000000 4
14401 -1.000000 4
14405 -1.000000 4
14409 -1.000000 4
14413 -1.000000 4
14417 -1.000000 4
14421 -1.000000 4
14425 -1.000000 4
14429 -1.000000 4
14433 -1.000000 4
14437 -1.000000 4
14441 -1.000000 4
14445 -1.000000 4
14449 -1.000000 4
14453 -1.000000 4
14457 -1.000000 4
14461 -1.000000 4
14465 -1.000000 4
14469 -1.000000 4
14473 -1.000000 4
14477 -1.000000 4
14481 -1.000000 4
14485 -1.000000 4
14489 -1.000000 4
14493 -1.000000 4
14497 -1.000000 4
14501 -1.000000 4
14505 -1.000000 4
14509 -1.000000 4
14513 -1.000000 4
14517 -1.000000 4
14521 -1.000000 4
14525 -1.000000 4
14529 -1.000000 4
14533 -1.000000 4
14537 -1.000000 4
14541 -1.000000 4
14545 -1.000000 4
14549 -1.000000 4
14553 -1.000000 4
14557 -1.000000 4
14561 -1.000000 4
14565 -1.000000 4
14569 -1.000000 4
14573 -1.000000 4
14577 -1.000000 4
14581 -1.000000 4
14585 -1.000000 4
14589 -1.000000 4
14593 -1.000000 4
14597 -1.000000 4
14601 -1.000000 4
14605 -1.000000 4
14609 -1.000000 4
14613 -1.000000 4
14617 -1.000000 4
14621 -1.000000 4
14625 -1.000000 4
14629 -1.000000 4
14633 -1.000000 4
14637 -1.000000 4
14641 -1.000000 4
14645 -1.000000 4
14649 -1.000000 4
14653 -1.000000 4
14657 -1.000000 4
14661 -1.000000 4
14665 -1.000000 4
14669 -1.000000 4
14673 -1.000000 4
14677 -1.000000 4
14681 -1.000000 4
14685 -1.000000 4
14689 -1.000000 4
14693 -1.000000 4
14697 -1.000000 4
14701 -1.000000 4
14705 -1.000000 4
14709 -1.000000 4
14713 -1.000000 4
14717 -1.000000 4
14721 -1.000000 4
14725 -1.000000 4
14729 -1.000000 4
14733 -1.000000 4
14737 -1.000000 4
14741 -1.000000 4
14745 -1.000000 4
14749 -1.000000 4
14753 -1.000000 4
14757 -1.000000 4
14761 -1.000000 4
14765 -1.000000 4
14769 -1.000000 4
14773 -1.000000 4
14777 -1.000000 4
14781 -1.000000 4
14785 -1.000000 4
14789 -1.000000 4
14793 -1.000000 4
14797 -1.000000 4
14801 -1.000000 4
14805 -1.000000 4
14809 -1.000000 4
14813 -1.000000 4
14817 -1.000000 4
14821 -1.000000 4
14825 -1.000000 4
14829 -1.000000 4
14833 -1.000000 4
14837 -1.000000 4
14841 -1.000000 4
14845 -1.000000 4
14849 -1.000000 4
14853 -1.000000 4
14857 -1.000000 4
14861 -1.000000 4
14865 -1.000000 4
14869 -1.000000 4
14873 -1.000000 4
14877 -1.000000 4
14881 -1.000000 4
14885 -1.000000 4
14889 -1.000000 4
14893 -1.000000 4
14897 -1.000000 4
14901 -1.000000 4
14905 -1.000000 4
14909 -1.000000 4
14913 -1.000000 4
14917 -1.000000 4
14921 -1.000000 4
14925 -1.000000 4
14929 -1.000000 4
14933 -1.000000 4
14937 -1.000000 4
14941 -1.000000 4
14945 -1.000000 4
14949 -1.000000 4
14953 -1.000000 4
14957 -1.000000 4
14961 -1.000000 4
14965 -1.000000 4
14969 -1.000000 4
14973 -1.000000 4
14977 -1.000000 4
14981 -1.000000 4
14985 -1.000000 4
14989 -1.000000 4
14993 -1.000000 4
14997 -1.000000 4
15001 -1.000000 4
